16.01.1991 6.494 -6.055 1.361
17.01.1991 6.484 -6.04 1.36
18.01.1991 6.476 -6.03 1.359
19.01.1991 6.468 -6.025 1.358
20.01.1991 6.462 -6.017 1.357
21.01.1991 6.456 -6.014 1.355
22.01.1991 6.445 -6.008 1.354
23.01.1991 6.434 -6.004 1.353
24.01.1991 6.419 -6.0 1.352
25.01.1991 6.413 -5.994 1.351
26.01.1991 6.404 -5.989 1.351
27.01.1991 6.394 -5.985 1.35
28.01.1991 6.389 -5.979 1.349
29.01.1991 6.383 -5.975 1.348
30.01.1991 6.374 -5.973 1.347
31.01.1991 6.366 -5.967 1.346
01.02.1991 6.355 -5.964 1.346
02.02.1991 6.34 -5.958 1.345
03.02.1991 6.328 -5.953 1.344
04.02.1991 6.32 -5.949 1.342
05.02.1991 6.314 -5.946 1.342
06.02.1991 6.302 -5.94 1.34
07.02.1991 6.288 -5.938 1.34
08.02.1991 6.273 -5.933 1.339
09.02.1991 6.266 -5.929 1.338
10.02.1991 6.259 -5.924 1.337
11.02.1991 6.251 -5.921 1.336
12.02.1991 6.236 -5.917 1.335
13.02.1991 6.226 -5.912 1.334
14.02.1991 6.213 -5.908 1.333
15.02.1991 6.204 -5.906 1.332
16.02.1991 6.195 -5.903 1.331
17.02.1991 6.181 -5.899 1.329
18.02.1991 6.173 -5.897 1.329
19.02.1991 6.164 -5.892 1.328
20.02.1991 6.157 -5.891 1.326
21.02.1991 6.145 -5.887 1.326
22.02.1991 6.139 -5.885 1.325
23.02.1991 6.132 -5.882 1.324
24.02.1991 6.119 -5.881 1.324
25.02.1991 6.105 -5.876 1.323
26.02.1991 6.095 -5.874 1.322
27.02.1991 6.084 -5.87 1.321
28.02.1991 6.076 -5.868 1.321
01.03.1991 6.069 -5.864 1.32
02.03.1991 6.054 -5.861 1.319
03.03.1991 6.04 -5.857 1.318
04.03.1991 6.029 -5.854 1.317
05.03.1991 6.021 -5.852 1.316
06.03.1991 6.01 -5.848 1.316
07.03.1991 5.996 -5.845 1.314
08.03.1991 5.991 -5.843 1.313
09.03.1991 5.984 -5.839 1.312
10.03.1991 5.973 -5.835 1.311
11.03.1991 5.963 -5.833 1.309
12.03.1991 5.957 -5.829 1.309
13.03.1991 5.945 -5.825 1.307
14.03.1991 5.931 -5.822 1.306
15.03.1991 5.917 -5.82 1.305
16.03.1991 5.91 -5.817 1.305
17.03.1991 5.896 -5.816 1.304
18.03.1991 5.889 -5.812 1.303
19.03.1991 5.879 -5.811 1.302
20.03.1991 5.872 -5.809 1.301
21.03.1991 5.857 -5.805 1.299
22.03.1991 5.847 -5.802 1.299
23.03.1991 5.838 -5.798 1.297
24.03.1991 5.825 -5.797 1.297
25.03.1991 5.815 -5.795 1.296
26.03.1991 5.802 -5.792 1.296
27.03.1991 5.791 -5.788 1.295
28.03.1991 5.784 -5.784 1.294
29.03.1991 5.775 -5.782 1.293
30.03.1991 5.764 -5.78 1.292
31.03.1991 5.751 -5.777 1.292
01.04.1991 5.737 -5.773 1.291
02.04.1991 5.726 -5.772 1.29
03.04.1991 5.715 -5.769 1.289
04.04.1991 5.7 -5.766 1.289
05.04.1991 5.693 -5.763 1.287
06.04.1991 5.688 -5.762 1.286
07.04.1991 5.682 -5.759 1.285
08.04.1991 5.674 -5.757 1.284
09.04.1991 5.665 -5.754 1.283
10.04.1991 5.659 -5.752 1.282
11.04.1991 5.649 -5.75 1.281
12.04.1991 5.635 -5.746 1.28
13.04.1991 5.626 -5.744 1.279
14.04.1991 5.619 -5.742 1.278
15.04.1991 5.608 -5.738 1.277
16.04.1991 5.598 -5.736 1.276
17.04.1991 5.587 -5.734 1.275
18.04.1991 5.575 -5.732 1.274
19.04.1991 5.561 -5.729 1.273
20.04.1991 5.554 -5.726 1.272
21.04.1991 5.542 -5.723 1.271
22.04.1991 5.533 -5.722 1.271
23.04.1991 5.521 -5.718 1.269
24.04.1991 5.514 -5.717 1.269
25.04.1991 5.504 -5.715 1.268
26.04.1991 5.489 -5.714 1.267
27.04.1991 5.476 -5.712 1.266
28.04.1991 5.462 -5.71 1.264
29.04.1991 5.449 -5.707 1.264
30.04.1991 5.44 -5.705 1.262
01.05.1991 5.427 -5.702 1.262
02.05.1991 5.413 -5.699 1.261
03.05.1991 5.402 -5.697 1.26
04.05.1991 5.391 -5.694 1.259
05.05.1991 5.38 -5.691 1.258
06.05.1991 5.365 -5.689 1.256
07.05.1991 5.357 -5.687 1.255
08.05.1991 5.348 -5.686 1.254
09.05.1991 5.34 -5.684 1.252
10.05.1991 5.334 -5.681 1.251
11.05.1991 5.326 -5.68 1.25
12.05.1991 5.318 -5.678 1.249
13.05.1991 5.313 -5.674 1.248
14.05.1991 5.299 -5.672 1.247
15.05.1991 5.294 -5.67 1.246
16.05.1991 5.285 -5.668 1.245
17.05.1991 5.275 -5.666 1.244
18.05.1991 5.264 -5.662 1.242
19.05.1991 5.251 -5.661 1.241
20.05.1991 5.245 -5.658 1.24
21.05.1991 5.237 -5.655 1.238
22.05.1991 5.223 -5.651 1.237
23.05.1991 5.218 -5.648 1.237
24.05.1991 5.204 -5.645 1.235
25.05.1991 5.198 -5.643 1.234
26.05.1991 5.19 -5.641 1.232
27.05.1991 5.175 -5.639 1.231
28.05.1991 5.168 -5.637 1.23
29.05.1991 5.159 -5.635 1.23
30.05.1991 5.152 -5.634 1.229
31.05.1991 5.141 -5.632 1.229
01.06.1991 5.134 -5.63 1.228
02.06.1991 5.122 -5.627 1.227
03.06.1991 5.113 -5.625 1.226
04.06.1991 5.105 -5.623 1.225
05.06.1991 5.096 -5.621 1.224
06.06.1991 5.086 -5.62 1.223
07.06.1991 5.073 -5.617 1.222
08.06.1991 5.064 -5.615 1.22
09.06.1991 5.05 -5.613 1.22
10.06.1991 5.04 -5.611 1.218
11.06.1991 5.029 -5.609 1.217
12.06.1991 5.022 -5.606 1.215
13.06.1991 5.009 -5.604 1.215
14.06.1991 5.001 -5.601 1.214
15.06.1991 4.986 -5.599 1.213
16.06.1991 4.977 -5.597 1.211
17.06.1991 4.968 -5.595 1.211
18.06.1991 4.963 -5.592 1.21
19.06.1991 4.952 -5.589 1.209
20.06.1991 4.946 -5.588 1.208
21.06.1991 4.934 -5.586 1.207
22.06.1991 4.927 -5.585 1.206
23.06.1991 4.921 -5.582 1.206
24.06.1991 4.914 -5.581 1.204
25.06.1991 4.909 -5.578 1.203
26.06.1991 4.898 -5.576 1.202
27.06.1991 4.891 -5.574 1.202
28.06.1991 4.883 -5.571 1.2
29.06.1991 4.873 -5.569 1.2
30.06.1991 4.867 -5.566 1.199
01.07.1991 4.861 -5.563 1.198
02.07.1991 4.849 -5.561 1.197
03.07.1991 4.843 -5.558 1.195
04.07.1991 4.829 -5.556 1.194
05.07.1991 4.816 -5.554 1.193
06.07.1991 4.804 -5.552 1.192
07.07.1991 4.795 -5.55 1.191
08.07.1991 4.786 -5.548 1.19
09.07.1991 4.775 -5.547 1.189
10.07.1991 4.77 -5.545 1.188
11.07.1991 4.763 -5.544 1.187
12.07.1991 4.752 -5.541 1.187
13.07.1991 4.742 -5.538 1.186
14.07.1991 4.734 -5.537 1.184
15.07.1991 4.72 -5.536 1.183
16.07.1991 4.707 -5.534 1.182
17.07.1991 4.699 -5.532 1.181
18.07.1991 4.693 -5.529 1.18
19.07.1991 4.682 -5.527 1.18
20.07.1991 4.676 -5.524 1.179
21.07.1991 4.668 -5.521 1.178
22.07.1991 4.659 -5.519 1.176
23.07.1991 4.649 -5.517 1.175
24.07.1991 4.639 -5.514 1.174
25.07.1991 4.626 -5.512 1.174
26.07.1991 4.617 -5.51 1.173
27.07.1991 4.604 -5.507 1.172
28.07.1991 4.591 -5.505 1.171
29.07.1991 4.581 -5.502 1.17
30.07.1991 4.576 -5.499 1.168
31.07.1991 4.563 -5.498 1.168
01.08.1991 4.554 -5.495 1.166
02.08.1991 4.545 -5.492 1.166
03.08.1991 4.53 -5.49 1.164
04.08.1991 4.518 -5.488 1.163
05.08.1991 4.508 -5.485 1.162
06.08.1991 4.498 -5.483 1.161
07.08.1991 4.488 -5.48 1.16
08.08.1991 4.475 -5.478 1.159
09.08.1991 4.464 -5.475 1.158
10.08.1991 4.449 -5.474 1.157
11.08.1991 4.436 -5.472 1.156
12.08.1991 4.427 -5.47 1.156
13.08.1991 4.416 -5.468 1.155
14.08.1991 4.405 -5.465 1.154
15.08.1991 4.394 -5.463 1.153
16.08.1991 4.386 -5.461 1.151
17.08.1991 4.379 -5.46 1.15
18.08.1991 4.374 -5.457 1.15
19.08.1991 4.362 -5.456 1.149
20.08.1991 4.355 -5.453 1.148
21.08.1991 4.347 -5.45 1.146
22.08.1991 4.334 -5.448 1.145
23.08.1991 4.322 -5.446 1.144
24.08.1991 4.31 -5.444 1.144
25.08.1991 4.301 -5.442 1.142
26.08.1991 4.295 -5.44 1.142
27.08.1991 4.289 -5.437 1.14
28.08.1991 4.283 -5.434 1.139
29.08.1991 4.276 -5.432 1.138
30.08.1991 4.263 -5.429 1.137
31.08.1991 4.254 -5.428 1.137
01.09.1991 4.242 -5.425 1.136
02.09.1991 4.23 -5.423 1.135
03.09.1991 4.223 -5.42 1.134
04.09.1991 4.208 -5.417 1.133
05.09.1991 4.195 -5.414 1.132
06.09.1991 4.18 -5.412 1.131
07.09.1991 4.174 -5.41 1.13
08.09.1991 4.162 -5.409 1.129
09.09.1991 4.15 -5.408 1.128
10.09.1991 4.143 -5.406 1.128
11.09.1991 4.128 -5.405 1.126
12.09.1991 4.118 -5.403 1.125
13.09.1991 4.106 -5.401 1.124
14.09.1991 4.094 -5.399 1.123
15.09.1991 4.081 -5.397 1.123
16.09.1991 4.075 -5.394 1.121
17.09.1991 4.061 -5.391 1.12
18.09.1991 4.053 -5.389 1.119
19.09.1991 4.039 -5.388 1.119
20.09.1991 4.028 -5.386 1.118
21.09.1991 4.021 -5.384 1.116
22.09.1991 4.016 -5.382 1.116
23.09.1991 4.003 -5.379 1.115
24.09.1991 3.997 -5.377 1.114
25.09.1991 3.986 -5.375 1.113
26.09.1991 3.977 -5.373 1.112
27.09.1991 3.962 -5.372 1.111
28.09.1991 3.953 -5.369 1.111
29.09.1991 3.941 -5.368 1.11
30.09.1991 3.935 -5.365 1.108
01.10.1991 3.925 -5.363 1.107
02.10.1991 3.917 -5.361 1.106
03.10.1991 3.906 -5.359 1.106
04.10.1991 3.895 -5.356 1.104
05.10.1991 3.887 -5.355 1.103
06.10.1991 3.873 -5.353 1.102
07.10.1991 3.866 -5.352 1.101
08.10.1991 3.856 -5.35 1.1
09.10.1991 3.849 -5.347 1.099
10.10.1991 3.842 -5.345 1.097
11.10.1991 3.828 -5.342 1.096
12.10.1991 3.813 -5.34 1.095
13.10.1991 3.805 -5.338 1.094
14.10.1991 3.79 -5.336 1.093
15.10.1991 3.777 -5.334 1.092
16.10.1991 3.769 -5.331 1.091
17.10.1991 3.758 -5.329 1.09
18.10.1991 3.747 -5.327 1.09
19.10.1991 3.738 -5.325 1.089
20.10.1991 3.731 -5.324 1.088
21.10.1991 3.721 -5.323 1.087
22.10.1991 3.712 -5.32 1.086
23.10.1991 3.7 -5.318 1.085
24.10.1991 3.686 -5.316 1.084
25.10.1991 3.677 -5.314 1.083
26.10.1991 3.666 -5.311 1.082
27.10.1991 3.659 -5.309 1.081
28.10.1991 3.648 -5.308 1.08
29.10.1991 3.637 -5.305 1.079
30.10.1991 3.622 -5.304 1.078
31.10.1991 3.609 -5.303 1.077
01.11.1991 3.595 -5.301 1.076
02.11.1991 3.584 -5.299 1.074
03.11.1991 3.569 -5.297 1.073
04.11.1991 3.564 -5.295 1.072
05.11.1991 3.555 -5.294 1.072
06.11.1991 3.542 -5.292 1.071
07.11.1991 3.535 -5.289 1.07
08.11.1991 3.521 -5.288 1.07
09.11.1991 3.51 -5.287 1.069
10.11.1991 3.496 -5.286 1.068
11.11.1991 3.482 -5.284 1.068
12.11.1991 3.47 -5.282 1.066
13.11.1991 3.457 -5.28 1.065
14.11.1991 3.442 -5.277 1.064
15.11.1991 3.436 -5.275 1.063
16.11.1991 3.424 -5.273 1.061
17.11.1991 3.41 -5.27 1.061
18.11.1991 3.403 -5.268 1.06
19.11.1991 3.397 -5.266 1.059
20.11.1991 3.384 -5.264 1.058
21.11.1991 3.374 -5.263 1.057
22.11.1991 3.362 -5.261 1.056
23.11.1991 3.35 -5.26 1.055
24.11.1991 3.338 -5.258 1.054
25.11.1991 3.328 -5.257 1.053
26.11.1991 3.318 -5.255 1.052
27.11.1991 3.307 -5.253 1.05
28.11.1991 3.298 -5.251 1.05
29.11.1991 3.284 -5.249 1.049
30.11.1991 3.277 -5.246 1.048
01.12.1991 3.267 -5.245 1.046
02.12.1991 3.261 -5.242 1.045
03.12.1991 3.25 -5.241 1.045
04.12.1991 3.235 -5.239 1.044
05.12.1991 3.221 -5.237 1.042
06.12.1991 3.208 -5.234 1.042
07.12.1991 3.195 -5.232 1.041
08.12.1991 3.182 -5.231 1.04
09.12.1991 3.175 -5.23 1.038
10.12.1991 3.168 -5.228 1.037
11.12.1991 3.157 -5.226 1.036
12.12.1991 3.143 -5.225 1.035
13.12.1991 3.138 -5.224 1.034
14.12.1991 3.131 -5.222 1.032
15.12.1991 3.118 -5.219 1.032
16.12.1991 3.11 -5.217 1.031
17.12.1991 3.096 -5.215 1.03
18.12.1991 3.086 -5.213 1.029
19.12.1991 3.08 -5.21 1.027
20.12.1991 3.071 -5.208 1.027
21.12.1991 3.059 -5.206 1.026
22.12.1991 3.046 -5.204 1.024
23.12.1991 3.032 -5.202 1.023
24.12.1991 3.025 -5.199 1.022
25.12.1991 3.02 -5.198 1.021
26.12.1991 3.015 -5.195 1.02
27.12.1991 3.007 -5.193 1.019
28.12.1991 2.995 -5.191 1.018
29.12.1991 2.987 -5.188 1.017
30.12.1991 2.975 -5.186 1.016
31.12.1991 2.962 -5.184 1.015
01.01.1992 2.954 -5.182 1.014
02.01.1992 2.947 -5.18 1.013
03.01.1992 2.936 -5.179 1.012
04.01.1992 2.925 -5.177 1.011
05.01.1992 2.912 -5.174 1.01
06.01.1992 2.902 -5.172 1.009
07.01.1992 2.888 -5.171 1.008
08.01.1992 2.879 -5.169 1.007
09.01.1992 2.872 -5.168 1.005
10.01.1992 2.858 -5.166 1.005
11.01.1992 2.848 -5.165 1.004
12.01.1992 2.835 -5.163 1.003
13.01.1992 2.825 -5.162 1.002
14.01.1992 2.817 -5.159 1.001
15.01.1992 2.807 -5.158 1.0
16.01.1992 2.798 -5.157 0.999
17.01.1992 2.791 -5.155 0.998
18.01.1992 2.781 -5.154 0.997
19.01.1992 2.772 -5.152 0.996
20.01.1992 2.765 -5.15 0.996
21.01.1992 2.753 -5.149 0.995
22.01.1992 2.745 -5.148 0.994
23.01.1992 2.739 -5.147 0.993
24.01.1992 2.727 -5.145 0.993
25.01.1992 2.713 -5.143 0.991
26.01.1992 2.704 -5.141 0.991
27.01.1992 2.691 -5.14 0.99
28.01.1992 2.683 -5.139 0.988
29.01.1992 2.676 -5.137 0.987
30.01.1992 2.67 -5.135 0.986
31.01.1992 2.662 -5.134 0.986
01.02.1992 2.653 -5.132 0.985
02.02.1992 2.642 -5.129 0.984
03.02.1992 2.63 -5.128 0.983
04.02.1992 2.618 -5.127 0.983
05.02.1992 2.607 -5.125 0.982
06.02.1992 2.593 -5.124 0.981
07.02.1992 2.58 -5.123 0.98
08.02.1992 2.573 -5.121 0.978
09.02.1992 2.566 -5.12 0.977
10.02.1992 2.556 -5.119 0.976
11.02.1992 2.543 -5.116 0.976
12.02.1992 2.534 -5.115 0.975
13.02.1992 2.521 -5.113 0.974
14.02.1992 2.507 -5.111 0.973
15.02.1992 2.497 -5.108 0.972
16.02.1992 2.491 -5.107 0.971
17.02.1992 2.478 -5.105 0.97
18.02.1992 2.47 -5.104 0.968
19.02.1992 2.465 -5.102 0.968
20.02.1992 2.454 -5.101 0.967
21.02.1992 2.447 -5.1 0.966
22.02.1992 2.434 -5.099 0.964
23.02.1992 2.42 -5.097 0.963
24.02.1992 2.408 -5.095 0.962
25.02.1992 2.394 -5.094 0.96
26.02.1992 2.386 -5.092 0.959
27.02.1992 2.376 -5.09 0.959
28.02.1992 2.369 -5.088 0.958
29.02.1992 2.363 -5.086 0.957
01.03.1992 2.355 -5.084 0.957
02.03.1992 2.342 -5.083 0.956
03.03.1992 2.332 -5.081 0.955
04.03.1992 2.323 -5.079 0.954
05.03.1992 2.315 -5.078 0.953
06.03.1992 2.302 -5.077 0.952
07.03.1992 2.294 -5.075 0.951
08.03.1992 2.284 -5.073 0.95
09.03.1992 2.276 -5.071 0.949
10.03.1992 2.266 -5.07 0.948
11.03.1992 2.256 -5.068 0.948
12.03.1992 2.246 -5.066 0.946
13.03.1992 2.241 -5.065 0.945
14.03.1992 2.231 -5.063 0.945
15.03.1992 2.224 -5.061 0.944
16.03.1992 2.216 -5.059 0.943
17.03.1992 2.208 -5.057 0.942
18.03.1992 2.195 -5.056 0.941
19.03.1992 2.19 -5.054 0.94
20.03.1992 2.181 -5.052 0.939
21.03.1992 2.168 -5.05 0.938
22.03.1992 2.159 -5.049 0.937
23.03.1992 2.144 -5.047 0.936
24.03.1992 2.135 -5.045 0.935
25.03.1992 2.123 -5.043 0.934
26.03.1992 2.117 -5.042 0.934
27.03.1992 2.104 -5.041 0.933
28.03.1992 2.096 -5.04 0.932
29.03.1992 2.088 -5.038 0.931
30.03.1992 2.08 -5.036 0.93
31.03.1992 2.065 -5.034 0.929
01.04.1992 2.059 -5.032 0.928
02.04.1992 2.054 -5.03 0.928
03.04.1992 2.04 -5.029 0.927
04.04.1992 2.033 -5.027 0.926
05.04.1992 2.027 -5.025 0.925
06.04.1992 2.014 -5.023 0.924
07.04.1992 2.001 -5.02 0.923
08.04.1992 1.99 -5.019 0.922
09.04.1992 1.979 -5.018 0.921
10.04.1992 1.971 -5.016 0.92
11.04.1992 1.964 -5.015 0.92
12.04.1992 1.95 -5.014 0.919
13.04.1992 1.941 -5.013 0.918
14.04.1992 1.929 -5.012 0.917
15.04.1992 1.92 -5.011 0.916
16.04.1992 1.908 -5.009 0.915
17.04.1992 1.893 -5.008 0.913
18.04.1992 1.884 -5.006 0.913
19.04.1992 1.873 -5.005 0.911
20.04.1992 1.867 -5.003 0.91
21.04.1992 1.856 -5.001 0.909
22.04.1992 1.846 -5.0 0.908
23.04.1992 1.833 -4.999 0.907
24.04.1992 1.827 -4.997 0.906
25.04.1992 1.817 -4.996 0.905
26.04.1992 1.811 -4.994 0.903
27.04.1992 1.8 -4.993 0.903
28.04.1992 1.786 -4.991 0.902
29.04.1992 1.78 -4.989 0.901
30.04.1992 1.772 -4.988 0.9
01.05.1992 1.761 -4.986 0.899
02.05.1992 1.754 -4.985 0.898
03.05.1992 1.747 -4.983 0.897
04.05.1992 1.739 -4.982 0.896
05.05.1992 1.726 -4.981 0.895
06.05.1992 1.718 -4.979 0.894
07.05.1992 1.704 -4.977 0.894
08.05.1992 1.697 -4.975 0.893
09.05.1992 1.691 -4.973 0.892
10.05.1992 1.682 -4.972 0.891
11.05.1992 1.667 -4.971 0.89
12.05.1992 1.655 -4.969 0.889
13.05.1992 1.648 -4.967 0.888
14.05.1992 1.639 -4.966 0.887
15.05.1992 1.633 -4.965 0.887
16.05.1992 1.624 -4.963 0.886
17.05.1992 1.615 -4.962 0.885
18.05.1992 1.61 -4.96 0.884
19.05.1992 1.601 -4.958 0.883
20.05.1992 1.592 -4.956 0.882
21.05.1992 1.582 -4.954 0.882
22.05.1992 1.57 -4.952 0.881
23.05.1992 1.565 -4.951 0.88
24.05.1992 1.557 -4.951 0.879
25.05.1992 1.547 -4.948 0.878
26.05.1992 1.533 -4.946 0.877
27.05.1992 1.521 -4.945 0.876
28.05.1992 1.514 -4.943 0.874
29.05.1992 1.506 -4.942 0.873
30.05.1992 1.5 -4.941 0.873
31.05.1992 1.489 -4.939 0.872
01.06.1992 1.477 -4.936 0.87
02.06.1992 1.462 -4.935 0.869
03.06.1992 1.451 -4.933 0.868
04.06.1992 1.439 -4.931 0.868
05.06.1992 1.429 -4.929 0.867
06.06.1992 1.418 -4.927 0.866
07.06.1992 1.41 -4.926 0.865
08.06.1992 1.397 -4.926 0.864
09.06.1992 1.391 -4.924 0.864
10.06.1992 1.385 -4.922 0.862
11.06.1992 1.379 -4.921 0.861
12.06.1992 1.367 -4.919 0.86
13.06.1992 1.358 -4.918 0.859
14.06.1992 1.35 -4.917 0.858
15.06.1992 1.338 -4.915 0.857
16.06.1992 1.329 -4.914 0.856
17.06.1992 1.321 -4.913 0.855
18.06.1992 1.309 -4.911 0.854
19.06.1992 1.294 -4.909 0.853
20.06.1992 1.285 -4.907 0.852
21.06.1992 1.272 -4.906 0.851
22.06.1992 1.26 -4.904 0.849
23.06.1992 1.254 -4.903 0.848
24.06.1992 1.242 -4.901 0.847
25.06.1992 1.234 -4.9 0.846
26.06.1992 1.222 -4.899 0.845
27.06.1992 1.209 -4.897 0.843
28.06.1992 1.202 -4.896 0.842
29.06.1992 1.192 -4.895 0.841
30.06.1992 1.185 -4.893 0.84
01.07.1992 1.18 -4.892 0.839
02.07.1992 1.173 -4.891 0.838
03.07.1992 1.159 -4.889 0.837
04.07.1992 1.146 -4.887 0.836
05.07.1992 1.131 -4.886 0.835
06.07.1992 1.122 -4.885 0.834
07.07.1992 1.108 -4.884 0.833
08.07.1992 1.096 -4.883 0.832
09.07.1992 1.087 -4.882 0.83
10.07.1992 1.073 -4.88 0.829
11.07.1992 1.061 -4.879 0.829
12.07.1992 1.054 -4.877 0.828
13.07.1992 1.043 -4.877 0.827
14.07.1992 1.033 -4.876 0.826
15.07.1992 1.026 -4.874 0.825
16.07.1992 1.021 -4.873 0.824
17.07.1992 1.012 -4.871 0.823
18.07.1992 1.006 -4.869 0.822
19.07.1992 0.993 -4.868 0.821
20.07.1992 0.978 -4.867 0.82
21.07.1992 0.967 -4.866 0.819
22.07.1992 0.958 -4.865 0.818
23.07.1992 0.952 -4.864 0.816
24.07.1992 0.94 -4.861 0.816
25.07.1992 0.93 -4.859 0.815
26.07.1992 0.917 -4.859 0.813
27.07.1992 0.904 -4.857 0.813
28.07.1992 0.893 -4.855 0.812
29.07.1992 0.885 -4.853 0.811
30.07.1992 0.88 -4.852 0.81
31.07.1992 0.87 -4.851 0.809
01.08.1992 0.861 -4.849 0.808
02.08.1992 0.847 -4.847 0.807
03.08.1992 0.838 -4.845 0.806
04.08.1992 0.832 -4.843 0.806
05.08.1992 0.821 -4.842 0.805
06.08.1992 0.815 -4.841 0.804
07.08.1992 0.808 -4.839 0.803
08.08.1992 0.801 -4.839 0.802
09.08.1992 0.789 -4.837 0.801
10.08.1992 0.782 -4.835 0.8
11.08.1992 0.774 -4.834 0.799
12.08.1992 0.767 -4.832 0.797
13.08.1992 0.754 -4.831 0.796
14.08.1992 0.745 -4.829 0.795
15.08.1992 0.731 -4.827 0.794
16.08.1992 0.723 -4.826 0.794
17.08.1992 0.71 -4.824 0.793
18.08.1992 0.701 -4.823 0.791
19.08.1992 0.687 -4.821 0.79
20.08.1992 0.676 -4.819 0.789
21.08.1992 0.666 -4.818 0.788
22.08.1992 0.659 -4.817 0.787
23.08.1992 0.65 -4.816 0.786
24.08.1992 0.636 -4.814 0.784
25.08.1992 0.627 -4.813 0.783
26.08.1992 0.618 -4.812 0.782
27.08.1992 0.606 -4.809 0.781
28.08.1992 0.601 -4.808 0.781
29.08.1992 0.591 -4.807 0.78
30.08.1992 0.582 -4.805 0.779
31.08.1992 0.571 -4.803 0.778
01.09.1992 0.564 -4.802 0.777
02.09.1992 0.55 -4.8 0.776
03.09.1992 0.54 -4.798 0.775
04.09.1992 0.533 -4.797 0.774
05.09.1992 0.523 -4.795 0.773
06.09.1992 0.511 -4.793 0.772
07.09.1992 0.501 -4.792 0.772
08.09.1992 0.492 -4.791 0.771
09.09.1992 0.487 -4.789 0.771
10.09.1992 0.48 -4.787 0.77
11.09.1992 0.465 -4.785 0.769
12.09.1992 0.459 -4.784 0.767
13.09.1992 0.45 -4.782 0.766
14.09.1992 0.435 -4.781 0.765
15.09.1992 0.429 -4.779 0.764
16.09.1992 0.415 -4.778 0.763
17.09.1992 0.401 -4.777 0.762
18.09.1992 0.394 -4.776 0.761
19.09.1992 0.38 -4.773 0.761
20.09.1992 0.368 -4.772 0.76
21.09.1992 0.358 -4.77 0.759
22.09.1992 0.353 -4.769 0.758
23.09.1992 0.341 -4.767 0.758
24.09.1992 0.335 -4.765 0.756
25.09.1992 0.329 -4.763 0.755
26.09.1992 0.323 -4.761 0.755
27.09.1992 0.315 -4.759 0.753
28.09.1992 0.305 -4.758 0.752
29.09.1992 0.292 -4.757 0.752
30.09.1992 0.284 -4.755 0.751
01.10.1992 0.276 -4.753 0.75
02.10.1992 0.27 -4.752 0.749
03.10.1992 0.257 -4.75 0.748
04.10.1992 0.249 -4.749 0.748
05.10.1992 0.238 -4.748 0.747
06.10.1992 0.228 -4.746 0.746
07.10.1992 0.214 -4.744 0.745
08.10.1992 0.201 -4.743 0.744
09.10.1992 0.191 -4.742 0.742
10.10.1992 0.183 -4.741 0.741
11.10.1992 0.17 -4.739 0.74
12.10.1992 0.163 -4.737 0.738
13.10.1992 0.151 -4.736 0.737
14.10.1992 0.139 -4.735 0.736
15.10.1992 0.124 -4.733 0.735
16.10.1992 0.112 -4.732 0.734
17.10.1992 0.101 -4.731 0.733
18.10.1992 0.092 -4.73 0.733
19.10.1992 0.083 -4.729 0.732
20.10.1992 0.072 -4.726 0.731
21.10.1992 0.059 -4.725 0.731
22.10.1992 0.048 -4.724 0.73
23.10.1992 0.042 -4.723 0.728
24.10.1992 0.035 -4.722 0.728
25.10.1992 0.028 -4.721 0.727
26.10.1992 0.02 -4.72 0.726
27.10.1992 0.011 -4.718 0.725
