09.09.1982 5.79 -6.867 1.33
10.09.1982 5.782 -6.854 1.329
11.09.1982 5.775 -6.85 1.327
12.09.1982 5.764 -6.841 1.326
13.09.1982 5.758 -6.836 1.325
14.09.1982 5.743 -6.833 1.324
15.09.1982 5.731 -6.83 1.323
16.09.1982 5.723 -6.824 1.322
17.09.1982 5.709 -6.817 1.321
18.09.1982 5.698 -6.811 1.32
19.09.1982 5.687 -6.804 1.319
20.09.1982 5.674 -6.799 1.319
21.09.1982 5.662 -6.795 1.318
22.09.1982 5.65 -6.79 1.317
23.09.1982 5.644 -6.785 1.316
24.09.1982 5.636 -6.779 1.315
25.09.1982 5.625 -6.775 1.314
26.09.1982 5.614 -6.77 1.313
27.09.1982 5.607 -6.767 1.312
28.09.1982 5.6 -6.764 1.311
29.09.1982 5.591 -6.757 1.31
30.09.1982 5.58 -6.752 1.309
01.10.1982 5.572 -6.748 1.308
02.10.1982 5.56 -6.745 1.307
03.10.1982 5.553 -6.74 1.306
04.10.1982 5.546 -6.737 1.305
05.10.1982 5.533 -6.735 1.304
06.10.1982 5.526 -6.73 1.302
07.10.1982 5.518 -6.726 1.301
08.10.1982 5.512 -6.722 1.3
09.10.1982 5.499 -6.72 1.299
10.10.1982 5.487 -6.715 1.297
11.10.1982 5.472 -6.711 1.296
12.10.1982 5.461 -6.708 1.295
13.10.1982 5.449 -6.703 1.294
14.10.1982 5.434 -6.7 1.293
15.10.1982 5.429 -6.697 1.291
16.10.1982 5.416 -6.695 1.29
17.10.1982 5.407 -6.692 1.289
18.10.1982 5.402 -6.69 1.288
19.10.1982 5.393 -6.687 1.287
20.10.1982 5.386 -6.683 1.286
21.10.1982 5.374 -6.68 1.285
22.10.1982 5.365 -6.675 1.284
23.10.1982 5.353 -6.672 1.283
24.10.1982 5.345 -6.669 1.282
25.10.1982 5.337 -6.666 1.281
26.10.1982 5.326 -6.664 1.28
27.10.1982 5.315 -6.661 1.279
28.10.1982 5.305 -6.657 1.277
29.10.1982 5.291 -6.654 1.276
30.10.1982 5.281 -6.651 1.275
31.10.1982 5.273 -6.648 1.274
01.11.1982 5.266 -6.645 1.273
02.11.1982 5.26 -6.642 1.272
03.11.1982 5.245 -6.639 1.271
04.11.1982 5.236 -6.637 1.27
05.11.1982 5.225 -6.635 1.269
06.11.1982 5.213 -6.631 1.268
07.11.1982 5.203 -6.629 1.266
08.11.1982 5.193 -6.626 1.266
09.11.1982 5.185 -6.623 1.264
10.11.1982 5.174 -6.619 1.264
11.11.1982 5.163 -6.615 1.263
12.11.1982 5.157 -6.611 1.263
13.11.1982 5.15 -6.607 1.262
14.11.1982 5.14 -6.603 1.261
15.11.1982 5.127 -6.6 1.26
16.11.1982 5.113 -6.598 1.259
17.11.1982 5.106 -6.596 1.258
18.11.1982 5.099 -6.593 1.258
19.11.1982 5.09 -6.591 1.257
20.11.1982 5.082 -6.588 1.256
21.11.1982 5.068 -6.585 1.255
22.11.1982 5.059 -6.582 1.254
23.11.1982 5.052 -6.58 1.252
24.11.1982 5.043 -6.576 1.252
25.11.1982 5.037 -6.573 1.251
26.11.1982 5.027 -6.57 1.25
27.11.1982 5.022 -6.567 1.249
28.11.1982 5.008 -6.566 1.249
29.11.1982 4.998 -6.562 1.248
30.11.1982 4.989 -6.558 1.247
01.12.1982 4.983 -6.556 1.247
02.12.1982 4.976 -6.553 1.245
03.12.1982 4.969 -6.55 1.244
04.12.1982 4.957 -6.546 1.243
05.12.1982 4.942 -6.543 1.242
06.12.1982 4.935 -6.539 1.241
07.12.1982 4.92 -6.537 1.239
08.12.1982 4.91 -6.536 1.238
09.12.1982 4.895 -6.534 1.237
10.12.1982 4.884 -6.532 1.235
11.12.1982 4.877 -6.529 1.234
12.12.1982 4.867 -6.526 1.233
13.12.1982 4.859 -6.523 1.231
14.12.1982 4.845 -6.521 1.231
15.12.1982 4.834 -6.519 1.23
16.12.1982 4.826 -6.517 1.229
17.12.1982 4.811 -6.514 1.228
18.12.1982 4.797 -6.511 1.227
19.12.1982 4.787 -6.508 1.226
20.12.1982 4.779 -6.506 1.225
21.12.1982 4.773 -6.505 1.224
22.12.1982 4.761 -6.501 1.223
23.12.1982 4.756 -6.5 1.223
24.12.1982 4.744 -6.497 1.222
25.12.1982 4.729 -6.495 1.221
26.12.1982 4.718 -6.493 1.22
27.12.1982 4.703 -6.492 1.219
28.12.1982 4.694 -6.489 1.217
29.12.1982 4.682 -6.488 1.217
30.12.1982 4.675 -6.486 1.216
31.12.1982 4.666 -6.483 1.215
01.01.1983 4.651 -6.479 1.214
02.01.1983 4.638 -6.476 1.213
03.01.1983 4.632 -6.474 1.213
04.01.1983 4.622 -6.472 1.211
05.01.1983 4.613 -6.47 1.21
06.01.1983 4.601 -6.467 1.209
07.01.1983 4.595 -6.464 1.208
08.01.1983 4.582 -6.461 1.207
09.01.1983 4.572 -6.458 1.206
10.01.1983 4.565 -6.455 1.205
11.01.1983 4.553 -6.453 1.205
12.01.1983 4.545 -6.451 1.204
13.01.1983 4.536 -6.45 1.202
14.01.1983 4.529 -6.448 1.201
15.01.1983 4.522 -6.446 1.2
16.01.1983 4.513 -6.444 1.199
17.01.1983 4.503 -6.441 1.199
18.01.1983 4.493 -6.44 1.197
19.01.1983 4.48 -6.437 1.196
20.01.1983 4.471 -6.434 1.196
21.01.1983 4.458 -6.433 1.195
22.01.1983 4.451 -6.431 1.194
23.01.1983 4.442 -6.428 1.193
24.01.1983 4.431 -6.426 1.191
25.01.1983 4.42 -6.425 1.19
26.01.1983 4.411 -6.422 1.189
27.01.1983 4.406 -6.421 1.189
28.01.1983 4.394 -6.419 1.187
29.01.1983 4.381 -6.416 1.186
30.01.1983 4.367 -6.414 1.185
31.01.1983 4.356 -6.411 1.184
01.02.1983 4.344 -6.409 1.183
02.02.1983 4.33 -6.406 1.183
03.02.1983 4.321 -6.403 1.182
04.02.1983 4.315 -6.399 1.18
05.02.1983 4.3 -6.396 1.18
06.02.1983 4.289 -6.393 1.179
07.02.1983 4.281 -6.391 1.178
08.02.1983 4.275 -6.387 1.177
09.02.1983 4.268 -6.386 1.175
10.02.1983 4.256 -6.383 1.174
11.02.1983 4.25 -6.382 1.173
12.02.1983 4.241 -6.38 1.172
13.02.1983 4.232 -6.377 1.172
14.02.1983 4.225 -6.376 1.171
15.02.1983 4.218 -6.373 1.17
16.02.1983 4.211 -6.37 1.169
17.02.1983 4.202 -6.369 1.168
18.02.1983 4.187 -6.368 1.167
19.02.1983 4.176 -6.365 1.166
20.02.1983 4.169 -6.363 1.164
21.02.1983 4.157 -6.361 1.163
22.02.1983 4.143 -6.36 1.163
23.02.1983 4.131 -6.358 1.161
24.02.1983 4.117 -6.356 1.161
25.02.1983 4.109 -6.354 1.16
26.02.1983 4.101 -6.351 1.158
27.02.1983 4.088 -6.35 1.157
28.02.1983 4.083 -6.347 1.156
01.03.1983 4.075 -6.344 1.155
02.03.1983 4.066 -6.342 1.154
03.03.1983 4.051 -6.34 1.153
04.03.1983 4.043 -6.337 1.153
05.03.1983 4.031 -6.336 1.151
06.03.1983 4.024 -6.334 1.15
07.03.1983 4.012 -6.332 1.149
08.03.1983 4.002 -6.33 1.149
09.03.1983 3.991 -6.327 1.148
10.03.1983 3.98 -6.325 1.147
11.03.1983 3.973 -6.323 1.146
12.03.1983 3.963 -6.322 1.145
13.03.1983 3.952 -6.32 1.144
14.03.1983 3.942 -6.318 1.143
15.03.1983 3.929 -6.317 1.142
16.03.1983 3.917 -6.314 1.14
17.03.1983 3.907 -6.312 1.139
18.03.1983 3.897 -6.309 1.139
19.03.1983 3.892 -6.307 1.138
20.03.1983 3.882 -6.304 1.137
21.03.1983 3.876 -6.301 1.136
22.03.1983 3.868 -6.299 1.135
23.03.1983 3.857 -6.297 1.134
24.03.1983 3.846 -6.296 1.134
25.03.1983 3.831 -6.294 1.132
26.03.1983 3.822 -6.292 1.132
27.03.1983 3.814 -6.289 1.131
28.03.1983 3.801 -6.287 1.13
29.03.1983 3.794 -6.284 1.129
30.03.1983 3.787 -6.282 1.129
31.03.1983 3.776 -6.281 1.128
01.04.1983 3.765 -6.28 1.127
02.04.1983 3.753 -6.278 1.126
03.04.1983 3.747 -6.276 1.125
04.04.1983 3.741 -6.275 1.124
05.04.1983 3.732 -6.272 1.124
06.04.1983 3.723 -6.27 1.122
07.04.1983 3.71 -6.268 1.121
08.04.1983 3.701 -6.266 1.121
09.04.1983 3.694 -6.263 1.12
10.04.1983 3.686 -6.26 1.119
11.04.1983 3.676 -6.258 1.118
12.04.1983 3.664 -6.255 1.116
13.04.1983 3.651 -6.254 1.115
14.04.1983 3.646 -6.251 1.114
15.04.1983 3.633 -6.249 1.113
16.04.1983 3.621 -6.247 1.112
17.04.1983 3.606 -6.245 1.11
18.04.1983 3.601 -6.244 1.11
19.04.1983 3.595 -6.242 1.108
20.04.1983 3.583 -6.24 1.107
21.04.1983 3.571 -6.237 1.106
22.04.1983 3.56 -6.234 1.105
23.04.1983 3.549 -6.233 1.104
24.04.1983 3.543 -6.231 1.103
25.04.1983 3.537 -6.228 1.102
26.04.1983 3.523 -6.227 1.101
27.04.1983 3.517 -6.224 1.099
28.04.1983 3.508 -6.222 1.098
29.04.1983 3.499 -6.219 1.097
30.04.1983 3.487 -6.217 1.096
01.05.1983 3.479 -6.214 1.096
02.05.1983 3.47 -6.211 1.095
03.05.1983 3.458 -6.21 1.094
04.05.1983 3.445 -6.209 1.093
05.05.1983 3.432 -6.206 1.092
06.05.1983 3.417 -6.205 1.091
07.05.1983 3.407 -6.202 1.09
08.05.1983 3.401 -6.201 1.089
09.05.1983 3.394 -6.199 1.088
10.05.1983 3.386 -6.197 1.087
11.05.1983 3.377 -6.195 1.087
12.05.1983 3.37 -6.194 1.086
13.05.1983 3.355 -6.193 1.085
14.05.1983 3.349 -6.192 1.084
15.05.1983 3.338 -6.19 1.083
16.05.1983 3.328 -6.189 1.083
17.05.1983 3.322 -6.187 1.082
18.05.1983 3.314 -6.184 1.081
19.05.1983 3.307 -6.183 1.081
20.05.1983 3.299 -6.181 1.079
21.05.1983 3.291 -6.179 1.079
22.05.1983 3.278 -6.178 1.077
23.05.1983 3.263 -6.176 1.077
24.05.1983 3.257 -6.174 1.076
25.05.1983 3.242 -6.172 1.075
26.05.1983 3.234 -6.17 1.074
27.05.1983 3.228 -6.167 1.073
28.05.1983 3.219 -6.164 1.072
29.05.1983 3.205 -6.163 1.071
30.05.1983 3.2 -6.162 1.07
31.05.1983 3.192 -6.159 1.069
01.06.1983 3.186 -6.158 1.068
02.06.1983 3.179 -6.157 1.067
03.06.1983 3.164 -6.154 1.067
04.06.1983 3.154 -6.153 1.066
05.06.1983 3.147 -6.152 1.065
06.06.1983 3.141 -6.151 1.064
07.06.1983 3.136 -6.15 1.063
08.06.1983 3.125 -6.148 1.062
09.06.1983 3.115 -6.146 1.061
10.06.1983 3.104 -6.145 1.06
11.06.1983 3.094 -6.143 1.059
12.06.1983 3.082 -6.141 1.058
13.06.1983 3.07 -6.14 1.057
14.06.1983 3.064 -6.139 1.056
15.06.1983 3.057 -6.137 1.055
16.06.1983 3.052 -6.136 1.055
17.06.1983 3.044 -6.135 1.054
18.06.1983 3.034 -6.133 1.053
19.06.1983 3.025 -6.132 1.052
20.06.1983 3.013 -6.129 1.051
21.06.1983 3.0 -6.127 1.05
22.06.1983 2.992 -6.125 1.049
23.06.1983 2.983 -6.123 1.048
24.06.1983 2.972 -6.121 1.047
25.06.1983 2.958 -6.12 1.046
26.06.1983 2.949 -6.119 1.045
27.06.1983 2.941 -6.118 1.044
28.06.1983 2.934 -6.116 1.043
29.06.1983 2.925 -6.115 1.042
30.06.1983 2.911 -6.113 1.041
01.07.1983 2.898 -6.111 1.04
02.07.1983 2.892 -6.11 1.039
03.07.1983 2.878 -6.107 1.038
04.07.1983 2.867 -6.106 1.037
05.07.1983 2.855 -6.103 1.036
06.07.1983 2.842 -6.102 1.034
07.07.1983 2.831 -6.1 1.033
08.07.1983 2.818 -6.098 1.032
09.07.1983 2.81 -6.097 1.032
10.07.1983 2.8 -6.095 1.03
11.07.1983 2.793 -6.094 1.029
12.07.1983 2.779 -6.092 1.028
13.07.1983 2.768 -6.089 1.027
14.07.1983 2.754 -6.087 1.026
15.07.1983 2.743 -6.085 1.025
16.07.1983 2.737 -6.083 1.024
17.07.1983 2.728 -6.081 1.023
18.07.1983 2.714 -6.08 1.022
19.07.1983 2.703 -6.078 1.021
20.07.1983 2.692 -6.076 1.02
21.07.1983 2.685 -6.074 1.019
22.07.1983 2.671 -6.073 1.019
23.07.1983 2.663 -6.071 1.018
24.07.1983 2.649 -6.07 1.016
25.07.1983 2.642 -6.068 1.015
26.07.1983 2.633 -6.065 1.015
27.07.1983 2.625 -6.064 1.014
28.07.1983 2.619 -6.063 1.013
29.07.1983 2.608 -6.061 1.012
30.07.1983 2.601 -6.059 1.011
31.07.1983 2.594 -6.057 1.009
01.08.1983 2.581 -6.055 1.008
02.08.1983 2.568 -6.053 1.007
03.08.1983 2.562 -6.051 1.005
04.08.1983 2.55 -6.048 1.004
05.08.1983 2.537 -6.047 1.004
06.08.1983 2.53 -6.045 1.003
07.08.1983 2.52 -6.043 1.002
08.08.1983 2.511 -6.042 1.001
09.08.1983 2.504 -6.041 1.0
10.08.1983 2.493 -6.038 0.998
11.08.1983 2.486 -6.036 0.998
12.08.1983 2.475 -6.033 0.997
13.08.1983 2.462 -6.031 0.996
14.08.1983 2.45 -6.03 0.995
15.08.1983 2.44 -6.027 0.994
16.08.1983 2.427 -6.025 0.994
17.08.1983 2.422 -6.023 0.993
18.08.1983 2.416 -6.021 0.992
19.08.1983 2.404 -6.02 0.991
20.08.1983 2.392 -6.018 0.991
21.08.1983 2.382 -6.016 0.989
22.08.1983 2.374 -6.015 0.988
23.08.1983 2.365 -6.013 0.988
24.08.1983 2.355 -6.01 0.986
25.08.1983 2.343 -6.008 0.985
26.08.1983 2.336 -6.007 0.984
27.08.1983 2.325 -6.005 0.983
28.08.1983 2.312 -6.004 0.982
29.08.1983 2.301 -6.003 0.982
30.08.1983 2.293 -6.0 0.981
31.08.1983 2.286 -5.999 0.979
01.09.1983 2.275 -5.998 0.979
02.09.1983 2.265 -5.997 0.977
03.09.1983 2.259 -5.996 0.976
04.09.1983 2.249 -5.994 0.976
05.09.1983 2.234 -5.993 0.975
06.09.1983 2.226 -5.991 0.974
07.09.1983 2.212 -5.99 0.973
08.09.1983 2.204 -5.988 0.972
09.09.1983 2.193 -5.987 0.972
10.09.1983 2.18 -5.985 0.971
11.09.1983 2.166 -5.984 0.969
12.09.1983 2.158 -5.983 0.968
13.09.1983 2.146 -5.982 0.967
14.09.1983 2.132 -5.98 0.966
15.09.1983 2.118 -5.978 0.965
16.09.1983 2.106 -5.975 0.965
17.09.1983 2.099 -5.973 0.963
18.09.1983 2.086 -5.972 0.962
19.09.1983 2.075 -5.97 0.961
20.09.1983 2.07 -5.969 0.96
21.09.1983 2.065 -5.966 0.96
22.09.1983 2.055 -5.965 0.959
23.09.1983 2.046 -5.963 0.958
24.09.1983 2.037 -5.961 0.957
25.09.1983 2.023 -5.959 0.955
26.09.1983 2.01 -5.957 0.954
27.09.1983 2.001 -5.955 0.953
28.09.1983 1.994 -5.954 0.952
29.09.1983 1.984 -5.952 0.951
30.09.1983 1.974 -5.952 0.95
01.10.1983 1.962 -5.95 0.95
02.10.1983 1.956 -5.949 0.949
03.10.1983 1.948 -5.948 0.948
04.10.1983 1.939 -5.946 0.948
05.10.1983 1.925 -5.944 0.946
06.10.1983 1.917 -5.943 0.945
07.10.1983 1.908 -5.941 0.944
08.10.1983 1.899 -5.939 0.943
09.10.1983 1.892 -5.937 0.942
10.10.1983 1.883 -5.936 0.941
11.10.1983 1.877 -5.934 0.94
12.10.1983 1.87 -5.933 0.939
13.10.1983 1.859 -5.932 0.939
14.10.1983 1.852 -5.93 0.938
15.10.1983 1.843 -5.928 0.937
16.10.1983 1.833 -5.927 0.936
17.10.1983 1.828 -5.926 0.935
18.10.1983 1.822 -5.924 0.933
19.10.1983 1.815 -5.922 0.933
20.10.1983 1.801 -5.919 0.931
21.10.1983 1.794 -5.918 0.93
22.10.1983 1.78 -5.915 0.929
23.10.1983 1.771 -5.914 0.928
24.10.1983 1.757 -5.912 0.927
25.10.1983 1.748 -5.91 0.926
26.10.1983 1.737 -5.909 0.925
27.10.1983 1.731 -5.907 0.924
28.10.1983 1.725 -5.906 0.923
29.10.1983 1.719 -5.904 0.922
30.10.1983 1.707 -5.903 0.921
31.10.1983 1.7 -5.902 0.92
01.11.1983 1.691 -5.9 0.919
02.11.1983 1.681 -5.899 0.918
03.11.1983 1.671 -5.897 0.917
04.11.1983 1.663 -5.896 0.916
05.11.1983 1.652 -5.895 0.915
06.11.1983 1.646 -5.893 0.914
07.11.1983 1.632 -5.891 0.914
08.11.1983 1.62 -5.89 0.913
09.11.1983 1.61 -5.888 0.912
10.11.1983 1.605 -5.887 0.911
11.11.1983 1.591 -5.886 0.91
12.11.1983 1.577 -5.885 0.909
13.11.1983 1.571 -5.884 0.908
14.11.1983 1.563 -5.883 0.907
15.11.1983 1.553 -5.882 0.906
16.11.1983 1.539 -5.879 0.905
17.11.1983 1.532 -5.877 0.904
18.11.1983 1.519 -5.876 0.902
19.11.1983 1.507 -5.873 0.901
20.11.1983 1.494 -5.873 0.901
21.11.1983 1.482 -5.871 0.899
22.11.1983 1.473 -5.869 0.899
23.11.1983 1.458 -5.868 0.898
24.11.1983 1.445 -5.866 0.897
25.11.1983 1.438 -5.865 0.896
26.11.1983 1.425 -5.864 0.895
27.11.1983 1.42 -5.862 0.894
28.11.1983 1.408 -5.86 0.893
29.11.1983 1.395 -5.859 0.892
30.11.1983 1.381 -5.857 0.891
01.12.1983 1.37 -5.855 0.89
02.12.1983 1.364 -5.854 0.89
03.12.1983 1.356 -5.852 0.889
04.12.1983 1.348 -5.85 0.887
05.12.1983 1.341 -5.849 0.887
06.12.1983 1.332 -5.848 0.885
07.12.1983 1.32 -5.845 0.884
08.12.1983 1.308 -5.843 0.884
09.12.1983 1.296 -5.842 0.882
10.12.1983 1.288 -5.841 0.881
11.12.1983 1.28 -5.84 0.88
12.12.1983 1.269 -5.839 0.879
13.12.1983 1.262 -5.836 0.878
14.12.1983 1.254 -5.834 0.878
15.12.1983 1.243 -5.832 0.877
16.12.1983 1.233 -5.83 0.876
17.12.1983 1.221 -5.828 0.875
18.12.1983 1.211 -5.826 0.874
19.12.1983 1.2 -5.825 0.873
20.12.1983 1.189 -5.822 0.872
21.12.1983 1.182 -5.822 0.871
22.12.1983 1.173 -5.819 0.87
23.12.1983 1.163 -5.817 0.869
24.12.1983 1.154 -5.816 0.868
25.12.1983 1.145 -5.814 0.867
26.12.1983 1.139 -5.812 0.866
27.12.1983 1.126 -5.811 0.865
28.12.1983 1.113 -5.809 0.864
29.12.1983 1.107 -5.807 0.863
30.12.1983 1.101 -5.806 0.862
31.12.1983 1.09 -5.805 0.861
01.01.1984 1.077 -5.803 0.859
02.01.1984 1.069 -5.802 0.858
03.01.1984 1.06 -5.8 0.857
04.01.1984 1.045 -5.798 0.856
05.01.1984 1.032 -5.796 0.855
06.01.1984 1.026 -5.795 0.854
07.01.1984 1.02 -5.794 0.853
08.01.1984 1.011 -5.793 0.852
09.01.1984 1.001 -5.792 0.851
10.01.1984 0.994 -5.79 0.85
11.01.1984 0.982 -5.789 0.85
12.01.1984 0.968 -5.787 0.849
13.01.1984 0.963 -5.786 0.848
14.01.1984 0.953 -5.785 0.846
15.01.1984 0.945 -5.783 0.846
16.01.1984 0.931 -5.781 0.845
17.01.1984 0.925 -5.78 0.844
18.01.1984 0.92 -5.779 0.842
19.01.1984 0.906 -5.776 0.842
20.01.1984 0.897 -5.774 0.84
21.01.1984 0.891 -5.772 0.839
22.01.1984 0.884 -5.771 0.838
23.01.1984 0.87 -5.77 0.837
24.01.1984 0.86 -5.768 0.836
25.01.1984 0.851 -5.767 0.835
26.01.1984 0.842 -5.766 0.834
27.01.1984 0.828 -5.764 0.832
28.01.1984 0.816 -5.762 0.831
29.01.1984 0.806 -5.762 0.83
30.01.1984 0.793 -5.76 0.829
31.01.1984 0.784 -5.758 0.828
01.02.1984 0.778 -5.756 0.827
02.02.1984 0.773 -5.754 0.826
03.02.1984 0.767 -5.752 0.825
04.02.1984 0.76 -5.751 0.824
05.02.1984 0.749 -5.75 0.823
06.02.1984 0.738 -5.748 0.822
07.02.1984 0.724 -5.746 0.821
08.02.1984 0.711 -5.744 0.819
09.02.1984 0.7 -5.742 0.819
10.02.1984 0.691 -5.74 0.818
11.02.1984 0.684 -5.739 0.817
12.02.1984 0.677 -5.737 0.815
13.02.1984 0.663 -5.736 0.814
14.02.1984 0.657 -5.735 0.813
15.02.1984 0.649 -5.734 0.812
16.02.1984 0.637 -5.732 0.811
17.02.1984 0.626 -5.73 0.809
18.02.1984 0.612 -5.729 0.808
19.02.1984 0.601 -5.728 0.807
20.02.1984 0.587 -5.726 0.807
21.02.1984 0.573 -5.724 0.806
22.02.1984 0.564 -5.723 0.804
23.02.1984 0.557 -5.721 0.803
24.02.1984 0.548 -5.719 0.801
25.02.1984 0.536 -5.717 0.801
26.02.1984 0.527 -5.716 0.8
27.02.1984 0.52 -5.714 0.798
28.02.1984 0.51 -5.713 0.797
29.02.1984 0.501 -5.712 0.796
01.03.1984 0.495 -5.71 0.795
02.03.1984 0.482 -5.709 0.795
03.03.1984 0.473 -5.708 0.794
04.03.1984 0.464 -5.707 0.793
05.03.1984 0.454 -5.706 0.792
06.03.1984 0.447 -5.705 0.791
07.03.1984 0.433 -5.703 0.79
08.03.1984 0.419 -5.702 0.79
09.03.1984 0.412 -5.7 0.789
10.03.1984 0.405 -5.698 0.788
11.03.1984 0.4 -5.697 0.787
12.03.1984 0.389 -5.696 0.786
13.03.1984 0.382 -5.695 0.784
14.03.1984 0.367 -5.694 0.783
15.03.1984 0.356 -5.693 0.782
16.03.1984 0.349 -5.691 0.781
17.03.1984 0.337 -5.689 0.78
18.03.1984 0.326 -5.687 0.779
19.03.1984 0.313 -5.685 0.779
20.03.1984 0.298 -5.685 0.777
21.03.1984 0.292 -5.684 0.776
22.03.1984 0.281 -5.683 0.775
23.03.1984 0.272 -5.681 0.774
24.03.1984 0.264 -5.68 0.773
25.03.1984 0.252 -5.679 0.772
26.03.1984 0.246 -5.677 0.771
27.03.1984 0.24 -5.676 0.77
28.03.1984 0.226 -5.674 0.77
29.03.1984 0.217 -5.672 0.768
30.03.1984 0.208 -5.671 0.768
31.03.1984 0.196 -5.67 0.767
01.04.1984 0.188 -5.668 0.766
02.04.1984 0.174 -5.666 0.765
03.04.1984 0.167 -5.665 0.764
04.04.1984 0.156 -5.664 0.763
05.04.1984 0.15 -5.662 0.762
06.04.1984 0.14 -5.66 0.761
07.04.1984 0.131 -5.659 0.76
08.04.1984 0.124 -5.658 0.759
09.04.1984 0.116 -5.657 0.757
10.04.1984 0.107 -5.655 0.756
11.04.1984 0.101 -5.654 0.755
12.04.1984 0.095 -5.653 0.755
13.04.1984 0.088 -5.651 0.754
14.04.1984 0.077 -5.649 0.752
15.04.1984 0.069 -5.648 0.751
16.04.1984 0.06 -5.647 0.75
17.04.1984 0.054 -5.646 0.749
18.04.1984 0.04 -5.645 0.748
19.04.1984 0.03 -5.644 0.747
20.04.1984 0.019 -5.643 0.746
21.04.1984 0.005 -5.641 0.745
