13.11.1981 6.356 -5.289 1.367
14.11.1981 6.35 -5.282 1.366
15.11.1981 6.335 -5.275 1.365
16.11.1981 6.327 -5.271 1.364
17.11.1981 6.314 -5.265 1.363
18.11.1981 6.308 -5.262 1.362
19.11.1981 6.295 -5.254 1.361
20.11.1981 6.285 -5.247 1.36
21.11.1981 6.274 -5.242 1.359
22.11.1981 6.262 -5.235 1.358
23.11.1981 6.257 -5.228 1.357
24.11.1981 6.252 -5.226 1.355
25.11.1981 6.245 -5.221 1.354
26.11.1981 6.235 -5.217 1.354
27.11.1981 6.224 -5.214 1.353
28.11.1981 6.216 -5.21 1.351
29.11.1981 6.204 -5.207 1.35
30.11.1981 6.197 -5.204 1.349
01.12.1981 6.191 -5.199 1.349
02.12.1981 6.181 -5.197 1.347
03.12.1981 6.166 -5.194 1.346
04.12.1981 6.159 -5.188 1.346
05.12.1981 6.153 -5.184 1.345
06.12.1981 6.142 -5.18 1.344
07.12.1981 6.13 -5.175 1.344
08.12.1981 6.122 -5.173 1.343
09.12.1981 6.115 -5.17 1.342
10.12.1981 6.105 -5.168 1.341
11.12.1981 6.099 -5.165 1.34
12.12.1981 6.09 -5.16 1.339
13.12.1981 6.084 -5.157 1.338
14.12.1981 6.077 -5.153 1.338
15.12.1981 6.063 -5.149 1.336
16.12.1981 6.051 -5.144 1.335
17.12.1981 6.04 -5.141 1.334
18.12.1981 6.028 -5.137 1.333
19.12.1981 6.015 -5.135 1.331
20.12.1981 6.007 -5.132 1.33
21.12.1981 5.997 -5.128 1.33
22.12.1981 5.989 -5.126 1.329
23.12.1981 5.98 -5.123 1.328
24.12.1981 5.966 -5.118 1.326
25.12.1981 5.955 -5.114 1.326
26.12.1981 5.949 -5.11 1.325
27.12.1981 5.936 -5.105 1.325
28.12.1981 5.929 -5.102 1.323
29.12.1981 5.923 -5.099 1.322
30.12.1981 5.91 -5.096 1.321
31.12.1981 5.903 -5.092 1.32
01.01.1982 5.889 -5.091 1.319
02.01.1982 5.879 -5.087 1.318
03.01.1982 5.87 -5.084 1.318
04.01.1982 5.86 -5.081 1.316
05.01.1982 5.848 -5.078 1.315
06.01.1982 5.842 -5.074 1.315
07.01.1982 5.83 -5.072 1.313
08.01.1982 5.824 -5.07 1.312
09.01.1982 5.816 -5.066 1.311
10.01.1982 5.804 -5.063 1.31
11.01.1982 5.794 -5.061 1.31
12.01.1982 5.782 -5.059 1.308
13.01.1982 5.777 -5.057 1.307
14.01.1982 5.766 -5.054 1.306
15.01.1982 5.758 -5.053 1.305
16.01.1982 5.744 -5.049 1.305
17.01.1982 5.731 -5.047 1.304
18.01.1982 5.718 -5.043 1.303
19.01.1982 5.706 -5.04 1.302
20.01.1982 5.695 -5.036 1.301
21.01.1982 5.683 -5.034 1.3
22.01.1982 5.67 -5.031 1.3
23.01.1982 5.661 -5.028 1.298
24.01.1982 5.648 -5.025 1.297
25.01.1982 5.642 -5.023 1.297
26.01.1982 5.631 -5.021 1.296
27.01.1982 5.617 -5.018 1.295
28.01.1982 5.605 -5.015 1.294
29.01.1982 5.593 -5.011 1.293
30.01.1982 5.587 -5.008 1.292
31.01.1982 5.579 -5.005 1.291
01.02.1982 5.573 -5.001 1.29
02.02.1982 5.563 -4.998 1.289
03.02.1982 5.555 -4.995 1.287
04.02.1982 5.544 -4.992 1.287
05.02.1982 5.535 -4.99 1.286
06.02.1982 5.527 -4.988 1.285
07.02.1982 5.519 -4.984 1.284
08.02.1982 5.505 -4.983 1.283
09.02.1982 5.495 -4.981 1.281
10.02.1982 5.486 -4.978 1.281
11.02.1982 5.475 -4.975 1.279
12.02.1982 5.469 -4.973 1.278
13.02.1982 5.459 -4.971 1.277
14.02.1982 5.451 -4.969 1.276
15.02.1982 5.445 -4.966 1.275
16.02.1982 5.437 -4.963 1.274
17.02.1982 5.423 -4.961 1.273
18.02.1982 5.409 -4.959 1.272
19.02.1982 5.398 -4.956 1.272
20.02.1982 5.383 -4.954 1.27
21.02.1982 5.371 -4.951 1.27
22.02.1982 5.357 -4.949 1.269
23.02.1982 5.349 -4.946 1.268
24.02.1982 5.335 -4.944 1.267
25.02.1982 5.33 -4.941 1.266
26.02.1982 5.321 -4.938 1.265
27.02.1982 5.312 -4.936 1.264
28.02.1982 5.3 -4.934 1.263
01.03.1982 5.294 -4.933 1.261
02.03.1982 5.285 -4.931 1.261
03.03.1982 5.275 -4.928 1.26
04.03.1982 5.269 -4.925 1.259
05.03.1982 5.264 -4.922 1.257
06.03.1982 5.256 -4.918 1.256
07.03.1982 5.247 -4.915 1.255
08.03.1982 5.234 -4.913 1.254
09.03.1982 5.224 -4.911 1.253
10.03.1982 5.21 -4.908 1.252
11.03.1982 5.198 -4.906 1.251
12.03.1982 5.192 -4.903 1.25
13.03.1982 5.182 -4.902 1.248
14.03.1982 5.173 -4.899 1.248
15.03.1982 5.16 -4.896 1.247
16.03.1982 5.15 -4.893 1.246
17.03.1982 5.135 -4.891 1.245
18.03.1982 5.121 -4.89 1.243
19.03.1982 5.116 -4.887 1.243
20.03.1982 5.11 -4.884 1.242
21.03.1982 5.101 -4.881 1.241
22.03.1982 5.09 -4.878 1.24
23.03.1982 5.078 -4.876 1.239
24.03.1982 5.068 -4.875 1.237
25.03.1982 5.062 -4.872 1.236
26.03.1982 5.049 -4.871 1.236
27.03.1982 5.039 -4.868 1.234
28.03.1982 5.031 -4.866 1.233
29.03.1982 5.021 -4.865 1.232
30.03.1982 5.011 -4.862 1.231
31.03.1982 4.999 -4.86 1.23
01.04.1982 4.991 -4.857 1.229
02.04.1982 4.978 -4.856 1.228
03.04.1982 4.966 -4.854 1.227
04.04.1982 4.953 -4.851 1.226
05.04.1982 4.94 -4.85 1.226
06.04.1982 4.932 -4.849 1.225
07.04.1982 4.922 -4.846 1.224
08.04.1982 4.916 -4.843 1.222
09.04.1982 4.908 -4.84 1.221
10.04.1982 4.898 -4.839 1.22
11.04.1982 4.888 -4.838 1.219
12.04.1982 4.881 -4.836 1.218
13.04.1982 4.87 -4.833 1.217
14.04.1982 4.865 -4.832 1.216
15.04.1982 4.854 -4.83 1.215
16.04.1982 4.841 -4.829 1.214
17.04.1982 4.831 -4.825 1.213
18.04.1982 4.823 -4.824 1.212
19.04.1982 4.809 -4.822 1.211
20.04.1982 4.794 -4.819 1.21
21.04.1982 4.784 -4.817 1.209
22.04.1982 4.777 -4.816 1.208
23.04.1982 4.772 -4.813 1.208
24.04.1982 4.757 -4.811 1.207
25.04.1982 4.742 -4.809 1.205
26.04.1982 4.728 -4.807 1.204
27.04.1982 4.719 -4.805 1.203
28.04.1982 4.707 -4.803 1.202
29.04.1982 4.694 -4.802 1.201
30.04.1982 4.687 -4.8 1.2
01.05.1982 4.682 -4.797 1.199
02.05.1982 4.674 -4.795 1.198
03.05.1982 4.665 -4.794 1.197
04.05.1982 4.66 -4.791 1.196
05.05.1982 4.646 -4.789 1.195
06.05.1982 4.639 -4.787 1.194
07.05.1982 4.63 -4.785 1.193
08.05.1982 4.621 -4.783 1.192
09.05.1982 4.616 -4.782 1.19
10.05.1982 4.602 -4.779 1.19
11.05.1982 4.591 -4.778 1.188
12.05.1982 4.579 -4.776 1.187
13.05.1982 4.569 -4.775 1.186
14.05.1982 4.56 -4.773 1.185
15.05.1982 4.553 -4.771 1.184
16.05.1982 4.548 -4.769 1.183
17.05.1982 4.535 -4.766 1.182
18.05.1982 4.523 -4.765 1.182
19.05.1982 4.513 -4.763 1.181
20.05.1982 4.5 -4.761 1.18
21.05.1982 4.485 -4.76 1.179
22.05.1982 4.476 -4.757 1.177
23.05.1982 4.47 -4.755 1.176
24.05.1982 4.464 -4.752 1.176
25.05.1982 4.451 -4.751 1.175
26.05.1982 4.441 -4.748 1.174
27.05.1982 4.433 -4.746 1.173
28.05.1982 4.426 -4.744 1.171
29.05.1982 4.416 -4.742 1.171
30.05.1982 4.405 -4.739 1.169
31.05.1982 4.398 -4.738 1.168
01.06.1982 4.386 -4.736 1.166
02.06.1982 4.375 -4.733 1.166
03.06.1982 4.365 -4.732 1.165
04.06.1982 4.355 -4.729 1.164
05.06.1982 4.344 -4.728 1.162
06.06.1982 4.339 -4.725 1.161
07.06.1982 4.324 -4.723 1.16
08.06.1982 4.313 -4.721 1.159
09.06.1982 4.304 -4.72 1.158
10.06.1982 4.29 -4.718 1.157
11.06.1982 4.284 -4.715 1.156
12.06.1982 4.279 -4.713 1.155
13.06.1982 4.265 -4.711 1.154
14.06.1982 4.259 -4.71 1.152
15.06.1982 4.251 -4.709 1.151
16.06.1982 4.239 -4.707 1.15
17.06.1982 4.231 -4.705 1.149
18.06.1982 4.225 -4.702 1.148
19.06.1982 4.218 -4.699 1.147
20.06.1982 4.212 -4.698 1.146
21.06.1982 4.203 -4.695 1.144
22.06.1982 4.188 -4.693 1.143
23.06.1982 4.176 -4.69 1.143
24.06.1982 4.161 -4.688 1.141
25.06.1982 4.151 -4.687 1.14
26.06.1982 4.143 -4.685 1.139
27.06.1982 4.135 -4.682 1.138
28.06.1982 4.12 -4.679 1.137
29.06.1982 4.114 -4.677 1.137
30.06.1982 4.1 -4.676 1.136
01.07.1982 4.092 -4.674 1.135
02.07.1982 4.083 -4.672 1.134
03.07.1982 4.077 -4.669 1.133
04.07.1982 4.065 -4.668 1.132
05.07.1982 4.05 -4.666 1.131
06.07.1982 4.035 -4.663 1.13
07.07.1982 4.027 -4.661 1.129
08.07.1982 4.018 -4.659 1.129
09.07.1982 4.009 -4.657 1.128
10.07.1982 4.0 -4.655 1.127
11.07.1982 3.991 -4.653 1.126
12.07.1982 3.981 -4.651 1.125
13.07.1982 3.97 -4.649 1.124
14.07.1982 3.96 -4.646 1.123
15.07.1982 3.954 -4.644 1.122
16.07.1982 3.945 -4.642 1.121
17.07.1982 3.932 -4.64 1.121
18.07.1982 3.922 -4.638 1.12
19.07.1982 3.914 -4.635 1.119
20.07.1982 3.904 -4.632 1.118
21.07.1982 3.891 -4.629 1.117
22.07.1982 3.881 -4.628 1.116
23.07.1982 3.869 -4.627 1.115
24.07.1982 3.862 -4.625 1.114
25.07.1982 3.854 -4.624 1.113
26.07.1982 3.841 -4.621 1.111
27.07.1982 3.835 -4.62 1.11
28.07.1982 3.825 -4.618 1.109
29.07.1982 3.811 -4.616 1.109
30.07.1982 3.804 -4.613 1.108
31.07.1982 3.798 -4.611 1.107
01.08.1982 3.79 -4.609 1.105
02.08.1982 3.782 -4.607 1.105
03.08.1982 3.768 -4.605 1.104
04.08.1982 3.757 -4.604 1.103
05.08.1982 3.746 -4.603 1.102
06.08.1982 3.735 -4.602 1.101
07.08.1982 3.724 -4.6 1.1
08.08.1982 3.711 -4.598 1.099
09.08.1982 3.696 -4.596 1.099
10.08.1982 3.681 -4.595 1.098
11.08.1982 3.666 -4.593 1.096
12.08.1982 3.657 -4.591 1.096
13.08.1982 3.651 -4.589 1.095
14.08.1982 3.644 -4.587 1.094
15.08.1982 3.63 -4.586 1.093
16.08.1982 3.625 -4.583 1.093
17.08.1982 3.618 -4.582 1.092
18.08.1982 3.607 -4.58 1.091
19.08.1982 3.601 -4.578 1.09
20.08.1982 3.593 -4.577 1.089
21.08.1982 3.588 -4.575 1.088
22.08.1982 3.578 -4.573 1.086
23.08.1982 3.57 -4.57 1.085
24.08.1982 3.558 -4.568 1.085
25.08.1982 3.552 -4.566 1.084
26.08.1982 3.54 -4.564 1.083
27.08.1982 3.526 -4.563 1.082
28.08.1982 3.517 -4.561 1.081
29.08.1982 3.51 -4.56 1.08
30.08.1982 3.5 -4.558 1.079
31.08.1982 3.488 -4.557 1.077
01.09.1982 3.479 -4.554 1.076
02.09.1982 3.473 -4.553 1.075
03.09.1982 3.467 -4.552 1.074
04.09.1982 3.455 -4.55 1.073
05.09.1982 3.446 -4.549 1.072
06.09.1982 3.433 -4.547 1.071
07.09.1982 3.426 -4.545 1.07
08.09.1982 3.413 -4.543 1.068
09.09.1982 3.402 -4.542 1.067
10.09.1982 3.389 -4.541 1.066
11.09.1982 3.374 -4.538 1.065
12.09.1982 3.363 -4.537 1.064
13.09.1982 3.351 -4.534 1.063
14.09.1982 3.343 -4.533 1.062
15.09.1982 3.33 -4.53 1.06
16.09.1982 3.322 -4.528 1.059
17.09.1982 3.314 -4.526 1.059
18.09.1982 3.307 -4.525 1.057
19.09.1982 3.297 -4.523 1.056
20.09.1982 3.289 -4.522 1.055
21.09.1982 3.284 -4.52 1.053
22.09.1982 3.273 -4.517 1.052
23.09.1982 3.26 -4.515 1.051
24.09.1982 3.251 -4.514 1.05
25.09.1982 3.244 -4.512 1.049
26.09.1982 3.237 -4.51 1.048
27.09.1982 3.229 -4.507 1.047
28.09.1982 3.218 -4.506 1.045
29.09.1982 3.203 -4.504 1.045
30.09.1982 3.194 -4.503 1.044
01.10.1982 3.184 -4.501 1.043
02.10.1982 3.173 -4.499 1.041
03.10.1982 3.165 -4.496 1.041
04.10.1982 3.152 -4.495 1.039
05.10.1982 3.145 -4.493 1.038
06.10.1982 3.132 -4.491 1.037
07.10.1982 3.121 -4.489 1.036
08.10.1982 3.116 -4.488 1.035
09.10.1982 3.101 -4.486 1.034
10.10.1982 3.093 -4.484 1.033
11.10.1982 3.081 -4.482 1.032
12.10.1982 3.07 -4.48 1.03
13.10.1982 3.056 -4.479 1.03
14.10.1982 3.047 -4.477 1.029
15.10.1982 3.04 -4.475 1.027
16.10.1982 3.03 -4.473 1.026
17.10.1982 3.018 -4.471 1.025
18.10.1982 3.012 -4.469 1.024
19.10.1982 3.003 -4.468 1.023
20.10.1982 2.995 -4.467 1.023
21.10.1982 2.99 -4.464 1.021
22.10.1982 2.984 -4.463 1.02
23.10.1982 2.978 -4.461 1.019
24.10.1982 2.963 -4.459 1.018
25.10.1982 2.952 -4.457 1.017
26.10.1982 2.947 -4.456 1.016
27.10.1982 2.936 -4.453 1.015
28.10.1982 2.921 -4.452 1.014
29.10.1982 2.911 -4.449 1.014
30.10.1982 2.896 -4.448 1.013
31.10.1982 2.883 -4.446 1.012
01.11.1982 2.87 -4.445 1.011
02.11.1982 2.857 -4.443 1.01
03.11.1982 2.844 -4.441 1.009
04.11.1982 2.831 -4.439 1.007
05.11.1982 2.823 -4.437 1.007
06.11.1982 2.815 -4.435 1.005
07.11.1982 2.806 -4.433 1.004
08.11.1982 2.799 -4.431 1.003
09.11.1982 2.786 -4.428 1.002
10.11.1982 2.777 -4.426 1.002
11.11.1982 2.762 -4.425 1.001
12.11.1982 2.748 -4.424 1.0
13.11.1982 2.741 -4.422 0.999
14.11.1982 2.73 -4.42 0.997
15.11.1982 2.719 -4.419 0.996
16.11.1982 2.704 -4.417 0.995
17.11.1982 2.696 -4.415 0.994
18.11.1982 2.684 -4.413 0.993
19.11.1982 2.669 -4.411 0.992
20.11.1982 2.657 -4.409 0.99
21.11.1982 2.644 -4.407 0.989
22.11.1982 2.638 -4.406 0.989
23.11.1982 2.627 -4.405 0.988
24.11.1982 2.617 -4.404 0.987
25.11.1982 2.602 -4.403 0.986
26.11.1982 2.59 -4.401 0.984
27.11.1982 2.585 -4.4 0.984
28.11.1982 2.573 -4.398 0.983
29.11.1982 2.558 -4.396 0.982
30.11.1982 2.548 -4.394 0.981
01.12.1982 2.541 -4.392 0.98
02.12.1982 2.526 -4.39 0.979
03.12.1982 2.521 -4.388 0.978
04.12.1982 2.512 -4.386 0.977
05.12.1982 2.5 -4.385 0.977
06.12.1982 2.488 -4.383 0.976
07.12.1982 2.479 -4.382 0.975
08.12.1982 2.465 -4.38 0.974
09.12.1982 2.451 -4.378 0.973
10.12.1982 2.437 -4.377 0.972
11.12.1982 2.429 -4.376 0.971
12.12.1982 2.419 -4.375 0.971
13.12.1982 2.413 -4.374 0.97
14.12.1982 2.403 -4.372 0.969
15.12.1982 2.393 -4.369 0.968
16.12.1982 2.38 -4.367 0.967
17.12.1982 2.367 -4.366 0.967
18.12.1982 2.353 -4.365 0.966
19.12.1982 2.343 -4.363 0.965
20.12.1982 2.329 -4.362 0.964
21.12.1982 2.317 -4.361 0.963
22.12.1982 2.312 -4.36 0.962
23.12.1982 2.307 -4.357 0.96
24.12.1982 2.297 -4.355 0.959
25.12.1982 2.285 -4.354 0.958
26.12.1982 2.271 -4.352 0.956
27.12.1982 2.259 -4.35 0.955
28.12.1982 2.245 -4.349 0.954
29.12.1982 2.238 -4.348 0.953
30.12.1982 2.228 -4.346 0.952
31.12.1982 2.213 -4.345 0.951
01.01.1983 2.201 -4.343 0.95
02.01.1983 2.196 -4.341 0.949
03.01.1983 2.186 -4.339 0.948
04.01.1983 2.18 -4.337 0.947
05.01.1983 2.167 -4.336 0.946
06.01.1983 2.156 -4.335 0.945
07.01.1983 2.149 -4.334 0.944
08.01.1983 2.137 -4.332 0.943
09.01.1983 2.126 -4.33 0.942
10.01.1983 2.117 -4.328 0.941
11.01.1983 2.106 -4.326 0.939
12.01.1983 2.101 -4.324 0.938
13.01.1983 2.092 -4.323 0.937
14.01.1983 2.082 -4.321 0.936
15.01.1983 2.075 -4.32 0.935
16.01.1983 2.067 -4.319 0.934
17.01.1983 2.055 -4.316 0.934
18.01.1983 2.045 -4.314 0.933
19.01.1983 2.039 -4.313 0.932
20.01.1983 2.03 -4.312 0.93
21.01.1983 2.017 -4.31 0.929
22.01.1983 2.003 -4.309 0.929
23.01.1983 1.996 -4.307 0.928
24.01.1983 1.984 -4.306 0.927
25.01.1983 1.971 -4.305 0.926
26.01.1983 1.962 -4.304 0.925
27.01.1983 1.954 -4.303 0.925
28.01.1983 1.94 -4.301 0.924
29.01.1983 1.934 -4.299 0.923
30.01.1983 1.924 -4.297 0.922
31.01.1983 1.913 -4.296 0.921
01.02.1983 1.906 -4.295 0.92
02.02.1983 1.9 -4.293 0.92
03.02.1983 1.89 -4.291 0.918
04.02.1983 1.879 -4.288 0.917
05.02.1983 1.871 -4.287 0.916
06.02.1983 1.861 -4.286 0.916
07.02.1983 1.85 -4.285 0.915
08.02.1983 1.842 -4.283 0.914
09.02.1983 1.833 -4.281 0.913
10.02.1983 1.819 -4.279 0.912
11.02.1983 1.81 -4.277 0.911
12.02.1983 1.802 -4.275 0.91
13.02.1983 1.793 -4.273 0.91
14.02.1983 1.786 -4.272 0.909
15.02.1983 1.779 -4.271 0.907
16.02.1983 1.767 -4.269 0.906
17.02.1983 1.756 -4.268 0.905
18.02.1983 1.749 -4.267 0.905
19.02.1983 1.736 -4.266 0.903
20.02.1983 1.73 -4.264 0.902
21.02.1983 1.719 -4.262 0.901
22.02.1983 1.707 -4.261 0.901
23.02.1983 1.693 -4.259 0.9
24.02.1983 1.681 -4.258 0.899
25.02.1983 1.667 -4.256 0.898
26.02.1983 1.662 -4.256 0.897
27.02.1983 1.654 -4.254 0.896
28.02.1983 1.645 -4.253 0.894
01.03.1983 1.634 -4.251 0.893
02.03.1983 1.625 -4.249 0.892
03.03.1983 1.616 -4.247 0.891
04.03.1983 1.603 -4.245 0.89
05.03.1983 1.591 -4.243 0.888
06.03.1983 1.58 -4.241 0.887
07.03.1983 1.568 -4.24 0.886
08.03.1983 1.554 -4.239 0.885
09.03.1983 1.539 -4.237 0.884
10.03.1983 1.529 -4.235 0.883
11.03.1983 1.516 -4.233 0.882
12.03.1983 1.51 -4.232 0.881
13.03.1983 1.503 -4.23 0.88
14.03.1983 1.493 -4.229 0.879
15.03.1983 1.481 -4.228 0.877
16.03.1983 1.473 -4.227 0.876
17.03.1983 1.466 -4.226 0.875
18.03.1983 1.455 -4.225 0.874
19.03.1983 1.443 -4.223 0.873
20.03.1983 1.437 -4.222 0.872
21.03.1983 1.426 -4.22 0.871
22.03.1983 1.414 -4.218 0.869
23.03.1983 1.399 -4.216 0.868
24.03.1983 1.389 -4.214 0.867
25.03.1983 1.377 -4.212 0.866
26.03.1983 1.368 -4.21 0.865
27.03.1983 1.356 -4.208 0.864
28.03.1983 1.343 -4.207 0.863
29.03.1983 1.331 -4.206 0.862
30.03.1983 1.324 -4.204 0.862
31.03.1983 1.315 -4.203 0.86
01.04.1983 1.309 -4.201 0.859
02.04.1983 1.297 -4.201 0.858
03.04.1983 1.286 -4.198 0.857
04.04.1983 1.274 -4.198 0.856
05.04.1983 1.266 -4.196 0.856
06.04.1983 1.253 -4.193 0.855
07.04.1983 1.24 -4.192 0.853
08.04.1983 1.226 -4.191 0.853
09.04.1983 1.215 -4.189 0.852
10.04.1983 1.202 -4.187 0.851
11.04.1983 1.194 -4.185 0.85
12.04.1983 1.18 -4.183 0.849
13.04.1983 1.166 -4.181 0.848
14.04.1983 1.155 -4.18 0.847
15.04.1983 1.145 -4.179 0.846
16.04.1983 1.138 -4.177 0.845
17.04.1983 1.129 -4.176 0.844
18.04.1983 1.114 -4.174 0.842
19.04.1983 1.105 -4.173 0.842
20.04.1983 1.097 -4.172 0.841
21.04.1983 1.083 -4.171 0.84
22.04.1983 1.072 -4.168 0.839
23.04.1983 1.06 -4.167 0.838
24.04.1983 1.052 -4.166 0.837
25.04.1983 1.047 -4.165 0.837
26.04.1983 1.041 -4.164 0.835
27.04.1983 1.036 -4.162 0.835
28.04.1983 1.026 -4.161 0.834
29.04.1983 1.018 -4.159 0.832
30.04.1983 1.01 -4.157 0.832
01.05.1983 1.002 -4.155 0.831
02.05.1983 0.997 -4.153 0.831
03.05.1983 0.985 -4.151 0.829
04.05.1983 0.974 -4.149 0.828
05.05.1983 0.964 -4.148 0.827
06.05.1983 0.956 -4.146 0.825
07.05.1983 0.944 -4.144 0.825
08.05.1983 0.937 -4.143 0.824
09.05.1983 0.928 -4.141 0.823
10.05.1983 0.914 -4.138 0.822
11.05.1983 0.905 -4.137 0.821
12.05.1983 0.893 -4.135 0.82
13.05.1983 0.886 -4.134 0.819
14.05.1983 0.88 -4.133 0.817
15.05.1983 0.873 -4.132 0.817
16.05.1983 0.867 -4.13 0.816
17.05.1983 0.859 -4.129 0.815
18.05.1983 0.847 -4.127 0.814
19.05.1983 0.835 -4.127 0.813
20.05.1983 0.823 -4.125 0.812
21.05.1983 0.811 -4.124 0.811
22.05.1983 0.797 -4.123 0.81
23.05.1983 0.784 -4.121 0.809
24.05.1983 0.774 -4.12 0.808
25.05.1983 0.759 -4.12 0.807
26.05.1983 0.753 -4.118 0.806
27.05.1983 0.738 -4.116 0.804
28.05.1983 0.726 -4.114 0.803
29.05.1983 0.716 -4.113 0.802
30.05.1983 0.705 -4.111 0.801
31.05.1983 0.698 -4.109 0.8
01.06.1983 0.691 -4.108 0.798
02.06.1983 0.676 -4.107 0.797
03.06.1983 0.662 -4.105 0.796
04.06.1983 0.656 -4.104 0.796
05.06.1983 0.644 -4.102 0.795
06.06.1983 0.631 -4.101 0.794
07.06.1983 0.623 -4.099 0.793
08.06.1983 0.614 -4.099 0.792
09.06.1983 0.606 -4.097 0.792
10.06.1983 0.599 -4.095 0.791
11.06.1983 0.587 -4.094 0.789
12.06.1983 0.576 -4.091 0.788
13.06.1983 0.563 -4.09 0.787
14.06.1983 0.558 -4.089 0.787
15.06.1983 0.552 -4.086 0.786
16.06.1983 0.541 -4.086 0.785
17.06.1983 0.534 -4.084 0.784
18.06.1983 0.524 -4.082 0.783
19.06.1983 0.512 -4.08 0.782
20.06.1983 0.501 -4.079 0.78
21.06.1983 0.489 -4.078 0.78
22.06.1983 0.481 -4.077 0.778
23.06.1983 0.472 -4.075 0.778
24.06.1983 0.461 -4.074 0.776
25.06.1983 0.455 -4.072 0.775
26.06.1983 0.445 -4.07 0.774
27.06.1983 0.434 -4.069 0.773
28.06.1983 0.424 -4.067 0.772
29.06.1983 0.412 -4.066 0.771
30.06.1983 0.403 -4.064 0.771
01.07.1983 0.396 -4.062 0.77
02.07.1983 0.384 -4.061 0.769
03.07.1983 0.373 -4.059 0.768
04.07.1983 0.367 -4.058 0.767
05.07.1983 0.362 -4.056 0.767
06.07.1983 0.353 -4.055 0.766
07.07.1983 0.343 -4.053 0.765
08.07.1983 0.332 -4.052 0.764
09.07.1983 0.327 -4.05 0.763
10.07.1983 0.312 -4.049 0.762
11.07.1983 0.3 -4.046 0.761
12.07.1983 0.287 -4.045 0.76
13.07.1983 0.274 -4.044 0.759
14.07.1983 0.268 -4.042 0.758
15.07.1983 0.263 -4.041 0.757
16.07.1983 0.249 -4.04 0.756
17.07.1983 0.238 -4.038 0.756
18.07.1983 0.229 -4.036 0.754
19.07.1983 0.222 -4.035 0.753
20.07.1983 0.213 -4.034 0.752
21.07.1983 0.202 -4.033 0.751
22.07.1983 0.191 -4.031 0.75
23.07.1983 0.179 -4.03 0.75
24.07.1983 0.169 -4.028 0.749
25.07.1983 0.162 -4.027 0.748
26.07.1983 0.153 -4.025 0.746
27.07.1983 0.139 -4.024 0.746
28.07.1983 0.132 -4.022 0.744
29.07.1983 0.118 -4.021 0.743
30.07.1983 0.106 -4.019 0.742
31.07.1983 0.097 -4.017 0.742
01.08.1983 0.085 -4.015 0.741
02.08.1983 0.074 -4.014 0.74
03.08.1983 0.064 -4.013 0.739
04.08.1983 0.056 -4.012 0.738
05.08.1983 0.045 -4.01 0.737
06.08.1983 0.039 -4.008 0.735
07.08.1983 0.032 -4.008 0.734
08.08.1983 0.027 -4.006 0.733
09.08.1983 0.017 -4.005 0.733
10.08.1983 0.007 -4.003 0.732
