25.04.1996 6.605 -7.205 1.358
26.04.1996 6.599 -7.197 1.356
27.04.1996 6.587 -7.188 1.355
28.04.1996 6.577 -7.182 1.354
29.04.1996 6.568 -7.178 1.353
30.04.1996 6.562 -7.172 1.352
01.05.1996 6.547 -7.168 1.352
02.05.1996 6.542 -7.16 1.351
03.05.1996 6.527 -7.152 1.35
04.05.1996 6.515 -7.146 1.349
05.05.1996 6.507 -7.14 1.348
06.05.1996 6.498 -7.134 1.347
07.05.1996 6.488 -7.129 1.345
08.05.1996 6.478 -7.123 1.345
09.05.1996 6.468 -7.118 1.344
10.05.1996 6.457 -7.112 1.343
11.05.1996 6.442 -7.109 1.342
12.05.1996 6.435 -7.103 1.341
13.05.1996 6.429 -7.1 1.34
14.05.1996 6.421 -7.095 1.339
15.05.1996 6.406 -7.093 1.338
16.05.1996 6.4 -7.087 1.336
17.05.1996 6.389 -7.082 1.335
18.05.1996 6.377 -7.08 1.334
19.05.1996 6.37 -7.075 1.333
20.05.1996 6.364 -7.071 1.332
21.05.1996 6.35 -7.069 1.331
22.05.1996 6.341 -7.066 1.33
23.05.1996 6.328 -7.064 1.328
24.05.1996 6.316 -7.062 1.327
25.05.1996 6.309 -7.057 1.326
26.05.1996 6.299 -7.052 1.325
27.05.1996 6.29 -7.05 1.324
28.05.1996 6.276 -7.046 1.323
29.05.1996 6.264 -7.041 1.321
30.05.1996 6.254 -7.039 1.32
31.05.1996 6.239 -7.036 1.319
01.06.1996 6.225 -7.033 1.318
02.06.1996 6.214 -7.028 1.316
03.06.1996 6.2 -7.025 1.315
04.06.1996 6.186 -7.02 1.314
05.06.1996 6.178 -7.017 1.313
06.06.1996 6.166 -7.012 1.312
07.06.1996 6.161 -7.008 1.311
08.06.1996 6.151 -7.003 1.31
09.06.1996 6.136 -7.001 1.309
10.06.1996 6.122 -6.998 1.308
11.06.1996 6.113 -6.995 1.307
12.06.1996 6.104 -6.993 1.306
13.06.1996 6.093 -6.99 1.305
14.06.1996 6.083 -6.986 1.304
15.06.1996 6.07 -6.983 1.303
16.06.1996 6.058 -6.981 1.302
17.06.1996 6.051 -6.978 1.302
18.06.1996 6.037 -6.975 1.301
19.06.1996 6.031 -6.973 1.3
20.06.1996 6.018 -6.97 1.3
21.06.1996 6.006 -6.967 1.299
22.06.1996 5.996 -6.963 1.298
23.06.1996 5.983 -6.959 1.297
24.06.1996 5.973 -6.957 1.296
25.06.1996 5.963 -6.955 1.295
26.06.1996 5.953 -6.953 1.294
27.06.1996 5.945 -6.951 1.293
28.06.1996 5.937 -6.948 1.292
29.06.1996 5.928 -6.946 1.292
30.06.1996 5.92 -6.944 1.291
01.07.1996 5.914 -6.94 1.289
02.07.1996 5.909 -6.936 1.288
03.07.1996 5.901 -6.935 1.288
04.07.1996 5.894 -6.932 1.287
05.07.1996 5.888 -6.928 1.286
06.07.1996 5.873 -6.925 1.284
07.07.1996 5.862 -6.922 1.283
08.07.1996 5.857 -6.92 1.283
09.07.1996 5.846 -6.918 1.281
10.07.1996 5.838 -6.916 1.28
11.07.1996 5.827 -6.914 1.279
12.07.1996 5.813 -6.911 1.278
13.07.1996 5.803 -6.908 1.276
14.07.1996 5.788 -6.906 1.275
15.07.1996 5.778 -6.903 1.275
16.07.1996 5.764 -6.9 1.274
17.07.1996 5.749 -6.897 1.273
18.07.1996 5.739 -6.894 1.272
19.07.1996 5.725 -6.89 1.271
20.07.1996 5.711 -6.887 1.27
21.07.1996 5.698 -6.885 1.269
22.07.1996 5.69 -6.881 1.268
23.07.1996 5.683 -6.878 1.267
24.07.1996 5.672 -6.875 1.266
25.07.1996 5.658 -6.872 1.265
26.07.1996 5.646 -6.87 1.264
27.07.1996 5.638 -6.868 1.264
28.07.1996 5.633 -6.865 1.263
29.07.1996 5.618 -6.862 1.262
30.07.1996 5.606 -6.859 1.26
31.07.1996 5.599 -6.856 1.259
01.08.1996 5.585 -6.855 1.259
02.08.1996 5.574 -6.851 1.257
03.08.1996 5.566 -6.848 1.256
04.08.1996 5.553 -6.846 1.254
05.08.1996 5.542 -6.844 1.254
06.08.1996 5.535 -6.841 1.252
07.08.1996 5.523 -6.838 1.252
08.08.1996 5.515 -6.836 1.25
09.08.1996 5.509 -6.834 1.249
10.08.1996 5.494 -6.83 1.248
11.08.1996 5.481 -6.829 1.246
12.08.1996 5.472 -6.827 1.246
13.08.1996 5.464 -6.824 1.244
14.08.1996 5.451 -6.821 1.243
15.08.1996 5.444 -6.818 1.243
16.08.1996 5.434 -6.815 1.241
17.08.1996 5.422 -6.814 1.24
18.08.1996 5.413 -6.812 1.238
19.08.1996 5.408 -6.809 1.237
20.08.1996 5.402 -6.805 1.236
21.08.1996 5.388 -6.804 1.235
22.08.1996 5.378 -6.801 1.234
23.08.1996 5.369 -6.8 1.233
24.08.1996 5.358 -6.797 1.232
25.08.1996 5.346 -6.796 1.231
26.08.1996 5.338 -6.793 1.229
27.08.1996 5.333 -6.791 1.228
28.08.1996 5.327 -6.788 1.227
29.08.1996 5.312 -6.786 1.226
30.08.1996 5.304 -6.783 1.225
31.08.1996 5.29 -6.78 1.224
01.09.1996 5.275 -6.777 1.223
02.09.1996 5.269 -6.774 1.222
03.09.1996 5.258 -6.773 1.221
04.09.1996 5.248 -6.77 1.22
05.09.1996 5.234 -6.767 1.219
06.09.1996 5.227 -6.766 1.218
07.09.1996 5.215 -6.765 1.217
08.09.1996 5.208 -6.762 1.216
09.09.1996 5.2 -6.76 1.215
10.09.1996 5.187 -6.758 1.214
11.09.1996 5.18 -6.755 1.213
12.09.1996 5.172 -6.753 1.212
13.09.1996 5.165 -6.75 1.211
14.09.1996 5.16 -6.748 1.209
15.09.1996 5.147 -6.746 1.209
16.09.1996 5.135 -6.744 1.207
17.09.1996 5.122 -6.741 1.207
18.09.1996 5.113 -6.739 1.205
19.09.1996 5.103 -6.736 1.205
20.09.1996 5.095 -6.734 1.204
21.09.1996 5.082 -6.731 1.203
22.09.1996 5.067 -6.73 1.202
23.09.1996 5.055 -6.728 1.201
24.09.1996 5.044 -6.726 1.2
25.09.1996 5.031 -6.724 1.2
26.09.1996 5.016 -6.721 1.199
27.09.1996 5.007 -6.719 1.198
28.09.1996 5.001 -6.716 1.197
29.09.1996 4.992 -6.714 1.196
30.09.1996 4.985 -6.712 1.195
01.10.1996 4.976 -6.709 1.193
02.10.1996 4.964 -6.707 1.192
03.10.1996 4.955 -6.705 1.191
04.10.1996 4.941 -6.703 1.19
05.10.1996 4.93 -6.7 1.188
06.10.1996 4.921 -6.697 1.187
07.10.1996 4.913 -6.696 1.187
08.10.1996 4.9 -6.694 1.186
09.10.1996 4.889 -6.692 1.185
10.10.1996 4.881 -6.691 1.184
11.10.1996 4.867 -6.688 1.183
12.10.1996 4.852 -6.686 1.181
13.10.1996 4.84 -6.684 1.18
14.10.1996 4.834 -6.681 1.179
15.10.1996 4.824 -6.678 1.177
16.10.1996 4.815 -6.676 1.177
17.10.1996 4.807 -6.674 1.176
18.10.1996 4.801 -6.672 1.175
19.10.1996 4.795 -6.67 1.174
20.10.1996 4.788 -6.669 1.173
21.10.1996 4.78 -6.667 1.171
22.10.1996 4.77 -6.665 1.171
23.10.1996 4.761 -6.663 1.169
24.10.1996 4.749 -6.662 1.168
25.10.1996 4.742 -6.659 1.168
26.10.1996 4.728 -6.657 1.167
27.10.1996 4.714 -6.654 1.165
28.10.1996 4.705 -6.651 1.164
29.10.1996 4.699 -6.65 1.163
30.10.1996 4.691 -6.648 1.162
31.10.1996 4.676 -6.645 1.161
01.11.1996 4.669 -6.644 1.16
02.11.1996 4.662 -6.642 1.159
03.11.1996 4.655 -6.641 1.159
04.11.1996 4.649 -6.638 1.157
05.11.1996 4.637 -6.637 1.157
06.11.1996 4.628 -6.635 1.155
07.11.1996 4.617 -6.633 1.154
08.11.1996 4.608 -6.631 1.153
09.11.1996 4.594 -6.629 1.152
10.11.1996 4.583 -6.628 1.151
11.11.1996 4.574 -6.626 1.15
12.11.1996 4.563 -6.623 1.149
13.11.1996 4.558 -6.621 1.148
14.11.1996 4.545 -6.619 1.147
15.11.1996 4.539 -6.618 1.145
16.11.1996 4.534 -6.616 1.145
17.11.1996 4.528 -6.613 1.144
18.11.1996 4.517 -6.61 1.143
19.11.1996 4.509 -6.608 1.143
20.11.1996 4.504 -6.607 1.141
21.11.1996 4.496 -6.604 1.14
22.11.1996 4.49 -6.602 1.139
23.11.1996 4.484 -6.601 1.138
24.11.1996 4.476 -6.6 1.137
25.11.1996 4.466 -6.598 1.136
26.11.1996 4.46 -6.596 1.135
27.11.1996 4.449 -6.593 1.134
28.11.1996 4.435 -6.592 1.134
29.11.1996 4.421 -6.59 1.133
30.11.1996 4.409 -6.589 1.132
01.12.1996 4.401 -6.588 1.131
02.12.1996 4.392 -6.585 1.13
03.12.1996 4.387 -6.583 1.129
04.12.1996 4.381 -6.58 1.128
05.12.1996 4.374 -6.579 1.127
06.12.1996 4.364 -6.577 1.126
07.12.1996 4.357 -6.575 1.126
08.12.1996 4.35 -6.573 1.124
09.12.1996 4.341 -6.571 1.123
10.12.1996 4.335 -6.569 1.122
11.12.1996 4.32 -6.566 1.121
12.12.1996 4.311 -6.564 1.12
13.12.1996 4.305 -6.562 1.119
14.12.1996 4.299 -6.56 1.119
15.12.1996 4.287 -6.559 1.117
16.12.1996 4.277 -6.558 1.117
17.12.1996 4.271 -6.555 1.115
18.12.1996 4.257 -6.554 1.115
19.12.1996 4.252 -6.553 1.113
20.12.1996 4.245 -6.55 1.113
21.12.1996 4.238 -6.548 1.112
22.12.1996 4.228 -6.545 1.111
23.12.1996 4.216 -6.542 1.11
24.12.1996 4.202 -6.541 1.109
25.12.1996 4.194 -6.539 1.108
26.12.1996 4.18 -6.536 1.107
27.12.1996 4.172 -6.535 1.107
28.12.1996 4.163 -6.534 1.106
29.12.1996 4.152 -6.532 1.104
30.12.1996 4.141 -6.53 1.103
31.12.1996 4.128 -6.527 1.103
01.01.1997 4.119 -6.525 1.102
02.01.1997 4.104 -6.524 1.1
03.01.1997 4.095 -6.521 1.099
04.01.1997 4.088 -6.519 1.098
05.01.1997 4.075 -6.518 1.097
06.01.1997 4.069 -6.516 1.096
07.01.1997 4.06 -6.515 1.095
08.01.1997 4.05 -6.512 1.093
09.01.1997 4.044 -6.51 1.092
10.01.1997 4.036 -6.508 1.091
11.01.1997 4.027 -6.506 1.09
12.01.1997 4.016 -6.504 1.089
13.01.1997 4.001 -6.503 1.088
14.01.1997 3.992 -6.5 1.087
15.01.1997 3.979 -6.498 1.085
16.01.1997 3.969 -6.496 1.085
17.01.1997 3.957 -6.494 1.084
18.01.1997 3.942 -6.491 1.083
19.01.1997 3.934 -6.488 1.082
20.01.1997 3.926 -6.487 1.082
21.01.1997 3.919 -6.486 1.081
22.01.1997 3.909 -6.483 1.08
23.01.1997 3.902 -6.481 1.079
24.01.1997 3.895 -6.479 1.078
25.01.1997 3.889 -6.477 1.077
26.01.1997 3.881 -6.476 1.076
27.01.1997 3.873 -6.474 1.076
28.01.1997 3.868 -6.472 1.075
29.01.1997 3.859 -6.471 1.074
30.01.1997 3.845 -6.47 1.073
31.01.1997 3.83 -6.468 1.071
01.02.1997 3.825 -6.466 1.07
02.02.1997 3.818 -6.465 1.07
03.02.1997 3.812 -6.462 1.069
04.02.1997 3.807 -6.46 1.068
05.02.1997 3.795 -6.459 1.067
06.02.1997 3.781 -6.457 1.066
07.02.1997 3.772 -6.454 1.065
08.02.1997 3.757 -6.453 1.064
09.02.1997 3.745 -6.452 1.063
10.02.1997 3.735 -6.451 1.062
11.02.1997 3.722 -6.449 1.061
12.02.1997 3.71 -6.447 1.06
13.02.1997 3.705 -6.445 1.059
14.02.1997 3.696 -6.444 1.058
15.02.1997 3.684 -6.441 1.057
16.02.1997 3.678 -6.44 1.056
17.02.1997 3.673 -6.438 1.055
18.02.1997 3.665 -6.436 1.055
19.02.1997 3.66 -6.435 1.054
20.02.1997 3.652 -6.434 1.053
21.02.1997 3.645 -6.432 1.053
22.02.1997 3.638 -6.432 1.051
23.02.1997 3.631 -6.43 1.05
24.02.1997 3.625 -6.428 1.05
25.02.1997 3.617 -6.427 1.048
26.02.1997 3.609 -6.425 1.047
27.02.1997 3.6 -6.423 1.046
28.02.1997 3.592 -6.42 1.045
01.03.1997 3.586 -6.418 1.044
02.03.1997 3.575 -6.416 1.043
03.03.1997 3.567 -6.415 1.041
04.03.1997 3.56 -6.414 1.041
05.03.1997 3.549 -6.412 1.04
06.03.1997 3.536 -6.41 1.039
07.03.1997 3.53 -6.409 1.038
08.03.1997 3.525 -6.406 1.037
09.03.1997 3.511 -6.405 1.036
10.03.1997 3.504 -6.403 1.035
11.03.1997 3.498 -6.402 1.034
12.03.1997 3.486 -6.4 1.033
13.03.1997 3.48 -6.399 1.032
14.03.1997 3.466 -6.396 1.031
15.03.1997 3.457 -6.394 1.03
16.03.1997 3.444 -6.391 1.03
17.03.1997 3.432 -6.389 1.029
18.03.1997 3.423 -6.388 1.028
19.03.1997 3.411 -6.386 1.027
20.03.1997 3.403 -6.384 1.026
21.03.1997 3.394 -6.382 1.025
22.03.1997 3.382 -6.38 1.024
23.03.1997 3.375 -6.378 1.023
24.03.1997 3.361 -6.375 1.022
25.03.1997 3.354 -6.375 1.021
26.03.1997 3.348 -6.373 1.02
27.03.1997 3.336 -6.37 1.019
28.03.1997 3.322 -6.369 1.018
29.03.1997 3.315 -6.368 1.017
30.03.1997 3.304 -6.366 1.016
31.03.1997 3.294 -6.365 1.015
01.04.1997 3.28 -6.363 1.014
02.04.1997 3.271 -6.361 1.014
03.04.1997 3.264 -6.359 1.012
04.04.1997 3.256 -6.357 1.012
05.04.1997 3.248 -6.356 1.011
06.04.1997 3.241 -6.354 1.01
07.04.1997 3.233 -6.352 1.009
08.04.1997 3.219 -6.35 1.008
09.04.1997 3.211 -6.348 1.007
10.04.1997 3.205 -6.347 1.006
11.04.1997 3.192 -6.346 1.005
12.04.1997 3.181 -6.343 1.004
13.04.1997 3.173 -6.342 1.003
14.04.1997 3.165 -6.341 1.002
15.04.1997 3.158 -6.339 1.001
16.04.1997 3.151 -6.337 1.0
17.04.1997 3.144 -6.335 0.999
18.04.1997 3.13 -6.334 0.999
19.04.1997 3.122 -6.332 0.998
20.04.1997 3.112 -6.33 0.997
21.04.1997 3.106 -6.329 0.996
22.04.1997 3.093 -6.328 0.995
23.04.1997 3.088 -6.326 0.994
24.04.1997 3.079 -6.325 0.993
25.04.1997 3.07 -6.324 0.991
26.04.1997 3.059 -6.322 0.99
27.04.1997 3.054 -6.321 0.989
28.04.1997 3.04 -6.32 0.988
29.04.1997 3.027 -6.317 0.986
30.04.1997 3.016 -6.317 0.986
01.05.1997 3.009 -6.314 0.984
02.05.1997 2.998 -6.312 0.983
03.05.1997 2.992 -6.31 0.983
04.05.1997 2.984 -6.309 0.982
05.05.1997 2.976 -6.308 0.981
06.05.1997 2.961 -6.306 0.979
07.05.1997 2.954 -6.304 0.978
08.05.1997 2.942 -6.303 0.977
09.05.1997 2.936 -6.302 0.976
10.05.1997 2.926 -6.299 0.974
11.05.1997 2.919 -6.298 0.973
12.05.1997 2.911 -6.297 0.972
13.05.1997 2.897 -6.296 0.972
14.05.1997 2.891 -6.294 0.971
15.05.1997 2.883 -6.293 0.97
16.05.1997 2.871 -6.291 0.968
17.05.1997 2.857 -6.29 0.967
18.05.1997 2.845 -6.288 0.966
19.05.1997 2.833 -6.285 0.965
20.05.1997 2.825 -6.283 0.965
21.05.1997 2.815 -6.282 0.964
22.05.1997 2.807 -6.28 0.963
23.05.1997 2.795 -6.279 0.962
24.05.1997 2.789 -6.277 0.961
25.05.1997 2.781 -6.275 0.96
26.05.1997 2.775 -6.273 0.959
27.05.1997 2.768 -6.273 0.958
28.05.1997 2.757 -6.271 0.957
29.05.1997 2.748 -6.269 0.956
30.05.1997 2.737 -6.268 0.954
31.05.1997 2.728 -6.267 0.953
01.06.1997 2.719 -6.264 0.952
02.06.1997 2.706 -6.263 0.952
03.06.1997 2.694 -6.261 0.951
04.06.1997 2.685 -6.259 0.95
05.06.1997 2.671 -6.257 0.949
06.06.1997 2.665 -6.254 0.948
07.06.1997 2.653 -6.253 0.947
08.06.1997 2.645 -6.252 0.946
09.06.1997 2.637 -6.25 0.945
10.06.1997 2.626 -6.249 0.944
11.06.1997 2.618 -6.247 0.943
12.06.1997 2.609 -6.245 0.943
13.06.1997 2.604 -6.243 0.942
14.06.1997 2.592 -6.241 0.941
15.06.1997 2.581 -6.239 0.94
16.06.1997 2.567 -6.238 0.939
17.06.1997 2.555 -6.236 0.938
18.06.1997 2.544 -6.233 0.937
19.06.1997 2.53 -6.231 0.936
20.06.1997 2.524 -6.23 0.935
21.06.1997 2.514 -6.229 0.934
22.06.1997 2.503 -6.227 0.933
23.06.1997 2.493 -6.225 0.932
24.06.1997 2.486 -6.223 0.931
25.06.1997 2.476 -6.221 0.93
26.06.1997 2.469 -6.22 0.929
27.06.1997 2.454 -6.218 0.927
28.06.1997 2.447 -6.216 0.927
29.06.1997 2.432 -6.214 0.926
30.06.1997 2.423 -6.213 0.925
01.07.1997 2.413 -6.212 0.924
02.07.1997 2.403 -6.211 0.922
03.07.1997 2.395 -6.209 0.921
04.07.1997 2.39 -6.207 0.921
05.07.1997 2.381 -6.206 0.919
06.07.1997 2.37 -6.204 0.918
07.07.1997 2.356 -6.202 0.918
08.07.1997 2.348 -6.201 0.917
09.07.1997 2.342 -6.199 0.916
10.07.1997 2.33 -6.197 0.915
11.07.1997 2.324 -6.196 0.914
12.07.1997 2.313 -6.195 0.912
13.07.1997 2.304 -6.194 0.912
14.07.1997 2.295 -6.192 0.91
15.07.1997 2.287 -6.191 0.91
16.07.1997 2.274 -6.19 0.909
17.07.1997 2.259 -6.188 0.907
18.07.1997 2.247 -6.186 0.906
19.07.1997 2.235 -6.185 0.905
20.07.1997 2.229 -6.183 0.905
21.07.1997 2.217 -6.182 0.904
22.07.1997 2.211 -6.181 0.903
23.07.1997 2.204 -6.18 0.902
24.07.1997 2.19 -6.178 0.901
25.07.1997 2.176 -6.177 0.9
26.07.1997 2.17 -6.175 0.899
27.07.1997 2.161 -6.173 0.899
28.07.1997 2.151 -6.172 0.897
29.07.1997 2.139 -6.17 0.896
30.07.1997 2.132 -6.17 0.895
31.07.1997 2.118 -6.168 0.894
01.08.1997 2.111 -6.167 0.893
02.08.1997 2.1 -6.165 0.892
03.08.1997 2.092 -6.165 0.891
04.08.1997 2.086 -6.163 0.89
05.08.1997 2.077 -6.161 0.889
06.08.1997 2.068 -6.16 0.888
07.08.1997 2.055 -6.158 0.886
08.08.1997 2.048 -6.157 0.885
09.08.1997 2.036 -6.155 0.884
10.08.1997 2.028 -6.153 0.883
11.08.1997 2.019 -6.152 0.881
12.08.1997 2.012 -6.15 0.881
13.08.1997 2.004 -6.148 0.879
14.08.1997 1.991 -6.147 0.878
15.08.1997 1.981 -6.145 0.878
16.08.1997 1.973 -6.144 0.877
17.08.1997 1.966 -6.142 0.876
18.08.1997 1.955 -6.14 0.875
19.08.1997 1.943 -6.138 0.874
20.08.1997 1.933 -6.137 0.873
21.08.1997 1.923 -6.136 0.871
22.08.1997 1.914 -6.134 0.871
23.08.1997 1.909 -6.133 0.87
24.08.1997 1.894 -6.131 0.869
25.08.1997 1.888 -6.129 0.869
26.08.1997 1.878 -6.128 0.867
27.08.1997 1.87 -6.127 0.867
28.08.1997 1.862 -6.124 0.866
29.08.1997 1.856 -6.123 0.865
30.08.1997 1.842 -6.122 0.864
31.08.1997 1.828 -6.119 0.863
01.09.1997 1.814 -6.119 0.862
02.09.1997 1.8 -6.117 0.861
03.09.1997 1.795 -6.116 0.86
04.09.1997 1.782 -6.115 0.859
05.09.1997 1.771 -6.113 0.858
06.09.1997 1.764 -6.111 0.856
07.09.1997 1.755 -6.109 0.856
08.09.1997 1.744 -6.107 0.855
09.09.1997 1.729 -6.106 0.854
10.09.1997 1.719 -6.105 0.854
11.09.1997 1.711 -6.103 0.852
12.09.1997 1.696 -6.102 0.852
13.09.1997 1.688 -6.101 0.85
14.09.1997 1.681 -6.1 0.849
15.09.1997 1.673 -6.098 0.848
16.09.1997 1.665 -6.097 0.848
17.09.1997 1.657 -6.094 0.847
18.09.1997 1.65 -6.092 0.846
19.09.1997 1.641 -6.091 0.845
20.09.1997 1.63 -6.089 0.844
21.09.1997 1.615 -6.087 0.843
22.09.1997 1.608 -6.085 0.842
23.09.1997 1.595 -6.084 0.841
24.09.1997 1.585 -6.083 0.84
25.09.1997 1.57 -6.081 0.838
26.09.1997 1.564 -6.079 0.837
27.09.1997 1.55 -6.078 0.836
28.09.1997 1.538 -6.076 0.835
29.09.1997 1.529 -6.074 0.835
30.09.1997 1.517 -6.073 0.833
01.10.1997 1.503 -6.072 0.832
02.10.1997 1.494 -6.071 0.831
03.10.1997 1.483 -6.07 0.83
04.10.1997 1.474 -6.068 0.829
05.10.1997 1.459 -6.067 0.828
06.10.1997 1.444 -6.065 0.828
07.10.1997 1.431 -6.063 0.827
08.10.1997 1.425 -6.062 0.825
09.10.1997 1.416 -6.06 0.824
10.10.1997 1.408 -6.059 0.823
11.10.1997 1.395 -6.057 0.822
12.10.1997 1.384 -6.056 0.821
13.10.1997 1.369 -6.054 0.82
14.10.1997 1.356 -6.052 0.819
15.10.1997 1.347 -6.05 0.818
16.10.1997 1.339 -6.048 0.817
17.10.1997 1.331 -6.048 0.816
18.10.1997 1.318 -6.045 0.815
19.10.1997 1.306 -6.043 0.814
20.10.1997 1.296 -6.042 0.812
21.10.1997 1.287 -6.04 0.811
22.10.1997 1.274 -6.038 0.81
23.10.1997 1.262 -6.037 0.809
24.10.1997 1.252 -6.036 0.808
25.10.1997 1.239 -6.034 0.807
26.10.1997 1.227 -6.033 0.806
27.10.1997 1.215 -6.031 0.805
28.10.1997 1.2 -6.03 0.804
29.10.1997 1.189 -6.029 0.803
30.10.1997 1.177 -6.027 0.802
31.10.1997 1.164 -6.026 0.801
01.11.1997 1.155 -6.025 0.8
02.11.1997 1.149 -6.024 0.8
03.11.1997 1.14 -6.023 0.798
04.11.1997 1.129 -6.021 0.798
05.11.1997 1.123 -6.02 0.797
06.11.1997 1.117 -6.018 0.796
07.11.1997 1.108 -6.017 0.795
08.11.1997 1.096 -6.015 0.794
09.11.1997 1.086 -6.014 0.793
10.11.1997 1.077 -6.012 0.791
11.11.1997 1.071 -6.011 0.791
12.11.1997 1.062 -6.009 0.789
13.11.1997 1.056 -6.007 0.788
14.11.1997 1.051 -6.004 0.788
15.11.1997 1.041 -6.003 0.787
16.11.1997 1.031 -6.001 0.786
17.11.1997 1.025 -6.0 0.785
18.11.1997 1.014 -5.999 0.785
19.11.1997 1.005 -5.997 0.784
20.11.1997 0.995 -5.997 0.783
21.11.1997 0.988 -5.996 0.782
22.11.1997 0.977 -5.994 0.782
23.11.1997 0.963 -5.992 0.781
24.11.1997 0.951 -5.99 0.78
25.11.1997 0.938 -5.989 0.778
26.11.1997 0.931 -5.987 0.777
27.11.1997 0.917 -5.985 0.776
28.11.1997 0.91 -5.984 0.775
29.11.1997 0.901 -5.982 0.774
30.11.1997 0.894 -5.981 0.773
01.12.1997 0.882 -5.979 0.772
02.12.1997 0.867 -5.978 0.77
03.12.1997 0.861 -5.976 0.769
04.12.1997 0.856 -5.975 0.768
05.12.1997 0.841 -5.973 0.767
06.12.1997 0.834 -5.972 0.766
07.12.1997 0.829 -5.97 0.765
08.12.1997 0.817 -5.969 0.764
09.12.1997 0.803 -5.968 0.763
10.12.1997 0.79 -5.967 0.762
11.12.1997 0.776 -5.966 0.761
12.12.1997 0.763 -5.964 0.76
13.12.1997 0.757 -5.962 0.759
14.12.1997 0.749 -5.961 0.758
15.12.1997 0.74 -5.959 0.757
16.12.1997 0.728 -5.957 0.756
17.12.1997 0.722 -5.956 0.755
18.12.1997 0.709 -5.955 0.754
19.12.1997 0.694 -5.954 0.753
20.12.1997 0.688 -5.952 0.752
21.12.1997 0.677 -5.951 0.751
22.12.1997 0.662 -5.949 0.75
23.12.1997 0.648 -5.948 0.749
24.12.1997 0.636 -5.946 0.748
25.12.1997 0.622 -5.945 0.747
26.12.1997 0.616 -5.943 0.746
27.12.1997 0.605 -5.941 0.745
28.12.1997 0.593 -5.94 0.744
29.12.1997 0.586 -5.938 0.743
30.12.1997 0.576 -5.937 0.743
31.12.1997 0.564 -5.935 0.742
01.01.1998 0.559 -5.934 0.741
02.01.1998 0.546 -5.933 0.74
03.01.1998 0.537 -5.931 0.739
04.01.1998 0.526 -5.93 0.738
05.01.1998 0.513 -5.928 0.737
06.01.1998 0.506 -5.928 0.736
07.01.1998 0.499 -5.926 0.735
08.01.1998 0.49 -5.925 0.734
09.01.1998 0.483 -5.924 0.732
10.01.1998 0.469 -5.923 0.732
11.01.1998 0.463 -5.921 0.73
12.01.1998 0.45 -5.92 0.73
13.01.1998 0.442 -5.919 0.728
14.01.1998 0.431 -5.918 0.728
15.01.1998 0.418 -5.916 0.727
16.01.1998 0.41 -5.915 0.725
17.01.1998 0.401 -5.913 0.724
18.01.1998 0.39 -5.911 0.723
19.01.1998 0.382 -5.909 0.722
20.01.1998 0.373 -5.908 0.721
21.01.1998 0.361 -5.906 0.72
22.01.1998 0.346 -5.904 0.719
23.01.1998 0.338 -5.903 0.718
24.01.1998 0.329 -5.902 0.717
25.01.1998 0.315 -5.9 0.716
26.01.1998 0.306 -5.899 0.715
27.01.1998 0.293 -5.897 0.714
28.01.1998 0.283 -5.895 0.714
29.01.1998 0.273 -5.893 0.712
30.01.1998 0.268 -5.892 0.712
31.01.1998 0.259 -5.89 0.71
01.02.1998 0.253 -5.889 0.709
02.02.1998 0.238 -5.888 0.708
03.02.1998 0.227 -5.887 0.706
04.02.1998 0.216 -5.885 0.705
05.02.1998 0.207 -5.884 0.704
06.02.1998 0.193 -5.883 0.704
07.02.1998 0.181 -5.882 0.702
08.02.1998 0.169 -5.88 0.701
09.02.1998 0.158 -5.878 0.701
10.02.1998 0.153 -5.876 0.7
11.02.1998 0.145 -5.875 0.699
12.02.1998 0.135 -5.874 0.697
13.02.1998 0.126 -5.872 0.696
14.02.1998 0.118 -5.871 0.695
15.02.1998 0.105 -5.868 0.694
16.02.1998 0.1 -5.867 0.693
17.02.1998 0.094 -5.865 0.692
18.02.1998 0.085 -5.864 0.691
19.02.1998 0.072 -5.863 0.69
20.02.1998 0.059 -5.862 0.688
21.02.1998 0.049 -5.861 0.688
22.02.1998 0.043 -5.859 0.686
23.02.1998 0.031 -5.858 0.685
24.02.1998 0.019 -5.856 0.685
25.02.1998 0.004 -5.855 0.684
