18.03.1980 6.708 -7.481 1.396
19.03.1980 6.702 -7.466 1.395
20.03.1980 6.689 -7.459 1.394
21.03.1980 6.683 -7.452 1.393
22.03.1980 6.669 -7.444 1.392
23.03.1980 6.661 -7.44 1.391
24.03.1980 6.65 -7.432 1.39
25.03.1980 6.641 -7.424 1.389
26.03.1980 6.629 -7.42 1.388
27.03.1980 6.616 -7.416 1.387
28.03.1980 6.602 -7.411 1.386
29.03.1980 6.592 -7.405 1.384
30.03.1980 6.585 -7.402 1.383
31.03.1980 6.578 -7.396 1.383
01.04.1980 6.565 -7.39 1.382
02.04.1980 6.557 -7.386 1.381
03.04.1980 6.544 -7.383 1.38
04.04.1980 6.53 -7.379 1.379
05.04.1980 6.517 -7.373 1.378
06.04.1980 6.505 -7.371 1.377
07.04.1980 6.494 -7.367 1.376
08.04.1980 6.485 -7.363 1.375
09.04.1980 6.476 -7.361 1.374
10.04.1980 6.466 -7.356 1.373
11.04.1980 6.452 -7.35 1.372
12.04.1980 6.443 -7.346 1.371
13.04.1980 6.43 -7.344 1.37
14.04.1980 6.417 -7.338 1.368
15.04.1980 6.407 -7.336 1.367
16.04.1980 6.395 -7.333 1.366
17.04.1980 6.387 -7.328 1.364
18.04.1980 6.376 -7.324 1.363
19.04.1980 6.366 -7.32 1.362
20.04.1980 6.361 -7.316 1.36
21.04.1980 6.35 -7.311 1.359
22.04.1980 6.336 -7.306 1.358
23.04.1980 6.323 -7.301 1.357
24.04.1980 6.316 -7.296 1.356
25.04.1980 6.303 -7.294 1.355
26.04.1980 6.297 -7.289 1.354
27.04.1980 6.287 -7.287 1.352
28.04.1980 6.277 -7.282 1.352
29.04.1980 6.267 -7.279 1.351
30.04.1980 6.262 -7.275 1.349
01.05.1980 6.248 -7.273 1.348
02.05.1980 6.236 -7.27 1.347
03.05.1980 6.224 -7.268 1.346
04.05.1980 6.211 -7.264 1.345
05.05.1980 6.202 -7.261 1.343
06.05.1980 6.189 -7.258 1.342
07.05.1980 6.18 -7.255 1.341
08.05.1980 6.166 -7.252 1.34
09.05.1980 6.158 -7.25 1.339
10.05.1980 6.147 -7.248 1.339
11.05.1980 6.135 -7.245 1.338
12.05.1980 6.124 -7.242 1.337
13.05.1980 6.119 -7.237 1.336
14.05.1980 6.105 -7.234 1.335
15.05.1980 6.091 -7.23 1.334
16.05.1980 6.083 -7.228 1.334
17.05.1980 6.071 -7.226 1.333
18.05.1980 6.062 -7.225 1.332
19.05.1980 6.051 -7.223 1.331
20.05.1980 6.042 -7.22 1.33
21.05.1980 6.036 -7.218 1.329
22.05.1980 6.025 -7.216 1.328
23.05.1980 6.012 -7.212 1.327
24.05.1980 6.0 -7.209 1.326
25.05.1980 5.993 -7.205 1.325
26.05.1980 5.984 -7.203 1.324
27.05.1980 5.972 -7.199 1.323
28.05.1980 5.961 -7.197 1.322
29.05.1980 5.948 -7.193 1.321
30.05.1980 5.938 -7.19 1.32
31.05.1980 5.926 -7.188 1.319
01.06.1980 5.919 -7.186 1.318
02.06.1980 5.911 -7.182 1.317
03.06.1980 5.903 -7.178 1.316
04.06.1980 5.89 -7.176 1.315
05.06.1980 5.876 -7.172 1.314
06.06.1980 5.863 -7.17 1.313
07.06.1980 5.857 -7.168 1.312
08.06.1980 5.842 -7.165 1.311
09.06.1980 5.835 -7.162 1.31
10.06.1980 5.829 -7.16 1.309
11.06.1980 5.822 -7.157 1.308
12.06.1980 5.815 -7.154 1.307
13.06.1980 5.807 -7.153 1.306
14.06.1980 5.792 -7.151 1.305
15.06.1980 5.781 -7.147 1.304
16.06.1980 5.766 -7.145 1.303
17.06.1980 5.761 -7.143 1.302
18.06.1980 5.754 -7.139 1.301
19.06.1980 5.742 -7.136 1.299
20.06.1980 5.728 -7.133 1.298
21.06.1980 5.721 -7.131 1.297
22.06.1980 5.706 -7.129 1.296
23.06.1980 5.693 -7.126 1.296
24.06.1980 5.681 -7.122 1.295
25.06.1980 5.669 -7.12 1.294
26.06.1980 5.658 -7.119 1.293
27.06.1980 5.647 -7.117 1.292
28.06.1980 5.64 -7.115 1.291
29.06.1980 5.633 -7.114 1.29
30.06.1980 5.622 -7.11 1.288
01.07.1980 5.612 -7.108 1.288
02.07.1980 5.601 -7.105 1.286
03.07.1980 5.593 -7.103 1.285
04.07.1980 5.58 -7.1 1.284
05.07.1980 5.574 -7.098 1.283
06.07.1980 5.564 -7.096 1.282
07.07.1980 5.556 -7.092 1.281
08.07.1980 5.55 -7.089 1.28
09.07.1980 5.541 -7.085 1.279
10.07.1980 5.531 -7.083 1.278
11.07.1980 5.523 -7.081 1.277
12.07.1980 5.514 -7.078 1.276
13.07.1980 5.501 -7.077 1.275
14.07.1980 5.493 -7.075 1.274
15.07.1980 5.482 -7.072 1.274
16.07.1980 5.471 -7.069 1.273
17.07.1980 5.465 -7.067 1.271
18.07.1980 5.459 -7.066 1.27
19.07.1980 5.447 -7.063 1.269
20.07.1980 5.435 -7.061 1.268
21.07.1980 5.425 -7.059 1.268
22.07.1980 5.415 -7.056 1.266
23.07.1980 5.407 -7.053 1.265
24.07.1980 5.399 -7.052 1.264
25.07.1980 5.389 -7.05 1.263
26.07.1980 5.383 -7.047 1.262
27.07.1980 5.372 -7.043 1.261
28.07.1980 5.363 -7.041 1.26
29.07.1980 5.353 -7.039 1.259
30.07.1980 5.347 -7.036 1.258
31.07.1980 5.337 -7.033 1.257
01.08.1980 5.331 -7.032 1.256
02.08.1980 5.321 -7.031 1.255
03.08.1980 5.313 -7.029 1.254
04.08.1980 5.301 -7.026 1.253
05.08.1980 5.289 -7.023 1.252
06.08.1980 5.28 -7.02 1.251
07.08.1980 5.272 -7.019 1.25
08.08.1980 5.266 -7.016 1.249
09.08.1980 5.252 -7.013 1.247
10.08.1980 5.239 -7.01 1.247
11.08.1980 5.227 -7.008 1.246
12.08.1980 5.213 -7.005 1.244
13.08.1980 5.201 -7.002 1.244
14.08.1980 5.188 -6.999 1.242
15.08.1980 5.177 -6.996 1.242
16.08.1980 5.169 -6.994 1.24
17.08.1980 5.162 -6.993 1.239
18.08.1980 5.148 -6.99 1.239
19.08.1980 5.142 -6.988 1.237
20.08.1980 5.136 -6.987 1.236
21.08.1980 5.121 -6.985 1.235
22.08.1980 5.108 -6.983 1.234
23.08.1980 5.094 -6.981 1.234
24.08.1980 5.088 -6.979 1.233
25.08.1980 5.077 -6.977 1.231
26.08.1980 5.068 -6.975 1.231
27.08.1980 5.058 -6.972 1.229
28.08.1980 5.044 -6.97 1.228
29.08.1980 5.036 -6.969 1.227
30.08.1980 5.031 -6.966 1.226
31.08.1980 5.02 -6.965 1.226
01.09.1980 5.013 -6.962 1.225
02.09.1980 5.006 -6.96 1.223
03.09.1980 4.998 -6.957 1.222
04.09.1980 4.987 -6.955 1.222
05.09.1980 4.972 -6.952 1.22
06.09.1980 4.963 -6.95 1.22
07.09.1980 4.956 -6.948 1.219
08.09.1980 4.943 -6.946 1.218
09.09.1980 4.93 -6.944 1.217
10.09.1980 4.924 -6.942 1.216
11.09.1980 4.916 -6.94 1.215
12.09.1980 4.908 -6.938 1.215
13.09.1980 4.901 -6.936 1.214
14.09.1980 4.895 -6.933 1.213
15.09.1980 4.885 -6.931 1.212
16.09.1980 4.874 -6.929 1.211
17.09.1980 4.864 -6.926 1.21
18.09.1980 4.855 -6.925 1.208
19.09.1980 4.845 -6.922 1.207
20.09.1980 4.833 -6.92 1.206
21.09.1980 4.827 -6.917 1.205
22.09.1980 4.818 -6.915 1.204
23.09.1980 4.807 -6.914 1.203
24.09.1980 4.797 -6.912 1.202
25.09.1980 4.789 -6.911 1.201
26.09.1980 4.775 -6.908 1.2
27.09.1980 4.761 -6.906 1.199
28.09.1980 4.751 -6.905 1.198
29.09.1980 4.737 -6.903 1.198
30.09.1980 4.728 -6.901 1.197
01.10.1980 4.717 -6.899 1.196
02.10.1980 4.707 -6.897 1.195
03.10.1980 4.696 -6.894 1.194
04.10.1980 4.683 -6.893 1.193
05.10.1980 4.677 -6.891 1.192
06.10.1980 4.663 -6.888 1.191
07.10.1980 4.651 -6.887 1.19
08.10.1980 4.645 -6.884 1.189
09.10.1980 4.638 -6.882 1.188
10.10.1980 4.624 -6.881 1.187
11.10.1980 4.612 -6.878 1.186
12.10.1980 4.605 -6.876 1.185
13.10.1980 4.593 -6.874 1.184
14.10.1980 4.581 -6.873 1.183
15.10.1980 4.573 -6.871 1.182
16.10.1980 4.564 -6.869 1.181
17.10.1980 4.558 -6.866 1.18
18.10.1980 4.546 -6.863 1.179
19.10.1980 4.539 -6.862 1.178
20.10.1980 4.527 -6.859 1.176
21.10.1980 4.52 -6.858 1.175
22.10.1980 4.51 -6.856 1.174
23.10.1980 4.501 -6.855 1.173
24.10.1980 4.495 -6.852 1.172
25.10.1980 4.485 -6.851 1.171
26.10.1980 4.478 -6.848 1.17
27.10.1980 4.464 -6.846 1.169
28.10.1980 4.45 -6.844 1.168
29.10.1980 4.439 -6.841 1.167
30.10.1980 4.429 -6.839 1.167
31.10.1980 4.421 -6.836 1.166
01.11.1980 4.406 -6.835 1.165
02.11.1980 4.397 -6.833 1.163
03.11.1980 4.39 -6.83 1.162
04.11.1980 4.382 -6.828 1.16
05.11.1980 4.375 -6.825 1.159
06.11.1980 4.368 -6.822 1.158
07.11.1980 4.357 -6.82 1.157
08.11.1980 4.345 -6.817 1.156
09.11.1980 4.331 -6.816 1.155
10.11.1980 4.325 -6.813 1.154
11.11.1980 4.311 -6.81 1.153
12.11.1980 4.298 -6.808 1.152
13.11.1980 4.286 -6.807 1.151
14.11.1980 4.271 -6.806 1.15
15.11.1980 4.258 -6.805 1.149
16.11.1980 4.251 -6.802 1.147
17.11.1980 4.244 -6.801 1.147
18.11.1980 4.234 -6.799 1.146
19.11.1980 4.22 -6.796 1.145
20.11.1980 4.213 -6.794 1.144
21.11.1980 4.203 -6.792 1.143
22.11.1980 4.192 -6.791 1.142
23.11.1980 4.181 -6.789 1.141
24.11.1980 4.172 -6.786 1.14
25.11.1980 4.157 -6.785 1.139
26.11.1980 4.15 -6.783 1.138
27.11.1980 4.14 -6.781 1.137
28.11.1980 4.131 -6.78 1.136
29.11.1980 4.121 -6.778 1.135
30.11.1980 4.115 -6.776 1.134
01.12.1980 4.107 -6.774 1.133
02.12.1980 4.101 -6.771 1.132
03.12.1980 4.087 -6.769 1.13
04.12.1980 4.078 -6.768 1.13
05.12.1980 4.071 -6.766 1.128
06.12.1980 4.062 -6.764 1.128
07.12.1980 4.049 -6.763 1.126
08.12.1980 4.04 -6.762 1.126
09.12.1980 4.031 -6.759 1.125
10.12.1980 4.019 -6.758 1.124
11.12.1980 4.011 -6.757 1.123
12.12.1980 4.002 -6.755 1.122
13.12.1980 3.99 -6.752 1.121
14.12.1980 3.984 -6.75 1.12
15.12.1980 3.969 -6.749 1.119
16.12.1980 3.957 -6.747 1.118
17.12.1980 3.949 -6.744 1.117
18.12.1980 3.935 -6.743 1.116
19.12.1980 3.926 -6.741 1.114
20.12.1980 3.914 -6.739 1.113
21.12.1980 3.901 -6.738 1.113
22.12.1980 3.891 -6.735 1.111
23.12.1980 3.885 -6.734 1.11
24.12.1980 3.88 -6.733 1.109
25.12.1980 3.867 -6.73 1.107
26.12.1980 3.859 -6.728 1.106
27.12.1980 3.844 -6.727 1.106
28.12.1980 3.838 -6.725 1.104
29.12.1980 3.824 -6.722 1.103
30.12.1980 3.814 -6.721 1.101
31.12.1980 3.799 -6.719 1.1
01.01.1981 3.79 -6.717 1.1
02.01.1981 3.78 -6.715 1.099
03.01.1981 3.771 -6.713 1.098
04.01.1981 3.762 -6.712 1.097
05.01.1981 3.754 -6.71 1.095
06.01.1981 3.749 -6.709 1.095
07.01.1981 3.744 -6.707 1.094
08.01.1981 3.737 -6.706 1.093
09.01.1981 3.732 -6.705 1.092
10.01.1981 3.724 -6.703 1.091
11.01.1981 3.711 -6.702 1.09
12.01.1981 3.705 -6.7 1.089
13.01.1981 3.696 -6.697 1.089
14.01.1981 3.691 -6.695 1.087
15.01.1981 3.681 -6.694 1.087
16.01.1981 3.668 -6.691 1.085
17.01.1981 3.659 -6.69 1.085
18.01.1981 3.647 -6.688 1.084
19.01.1981 3.637 -6.686 1.083
20.01.1981 3.625 -6.685 1.081
21.01.1981 3.614 -6.683 1.08
22.01.1981 3.603 -6.681 1.079
23.01.1981 3.59 -6.679 1.078
24.01.1981 3.578 -6.677 1.077
25.01.1981 3.571 -6.675 1.076
26.01.1981 3.556 -6.673 1.075
27.01.1981 3.544 -6.671 1.074
28.01.1981 3.534 -6.669 1.074
29.01.1981 3.529 -6.666 1.072
30.01.1981 3.518 -6.664 1.071
31.01.1981 3.506 -6.662 1.071
01.02.1981 3.499 -6.66 1.07
02.02.1981 3.485 -6.659 1.069
03.02.1981 3.48 -6.657 1.068
04.02.1981 3.471 -6.656 1.067
05.02.1981 3.463 -6.654 1.066
06.02.1981 3.456 -6.652 1.065
07.02.1981 3.448 -6.65 1.064
08.02.1981 3.441 -6.648 1.063
09.02.1981 3.433 -6.645 1.062
10.02.1981 3.422 -6.644 1.062
11.02.1981 3.415 -6.643 1.061
12.02.1981 3.402 -6.641 1.06
13.02.1981 3.388 -6.638 1.059
14.02.1981 3.377 -6.638 1.059
15.02.1981 3.371 -6.635 1.058
16.02.1981 3.365 -6.633 1.057
17.02.1981 3.35 -6.632 1.056
18.02.1981 3.341 -6.629 1.055
19.02.1981 3.332 -6.628 1.054
20.02.1981 3.322 -6.626 1.053
21.02.1981 3.307 -6.625 1.052
22.02.1981 3.297 -6.623 1.051
23.02.1981 3.284 -6.62 1.049
24.02.1981 3.276 -6.618 1.048
25.02.1981 3.264 -6.617 1.047
26.02.1981 3.254 -6.615 1.047
27.02.1981 3.243 -6.612 1.046
28.02.1981 3.231 -6.611 1.045
01.03.1981 3.224 -6.609 1.044
02.03.1981 3.213 -6.607 1.042
03.03.1981 3.205 -6.605 1.041
04.03.1981 3.192 -6.604 1.041
05.03.1981 3.18 -6.603 1.039
06.03.1981 3.173 -6.602 1.038
07.03.1981 3.165 -6.601 1.037
08.03.1981 3.153 -6.6 1.036
09.03.1981 3.145 -6.599 1.035
10.03.1981 3.131 -6.597 1.034
11.03.1981 3.117 -6.595 1.032
12.03.1981 3.102 -6.593 1.032
13.03.1981 3.09 -6.591 1.031
14.03.1981 3.077 -6.59 1.03
15.03.1981 3.065 -6.589 1.029
16.03.1981 3.056 -6.587 1.028
17.03.1981 3.05 -6.585 1.027
18.03.1981 3.037 -6.584 1.026
19.03.1981 3.026 -6.583 1.025
20.03.1981 3.011 -6.581 1.024
21.03.1981 2.996 -6.579 1.023
22.03.1981 2.981 -6.576 1.023
23.03.1981 2.967 -6.575 1.021
24.03.1981 2.959 -6.574 1.02
25.03.1981 2.952 -6.572 1.019
26.03.1981 2.946 -6.571 1.018
27.03.1981 2.937 -6.569 1.018
28.03.1981 2.93 -6.567 1.017
29.03.1981 2.921 -6.565 1.016
30.03.1981 2.909 -6.564 1.015
31.03.1981 2.897 -6.563 1.014
01.04.1981 2.891 -6.561 1.013
02.04.1981 2.876 -6.559 1.012
03.04.1981 2.869 -6.557 1.011
04.04.1981 2.857 -6.556 1.01
05.04.1981 2.845 -6.554 1.009
06.04.1981 2.83 -6.553 1.008
07.04.1981 2.817 -6.551 1.006
08.04.1981 2.808 -6.549 1.005
09.04.1981 2.801 -6.547 1.005
10.04.1981 2.789 -6.546 1.004
11.04.1981 2.777 -6.545 1.002
12.04.1981 2.766 -6.544 1.001
13.04.1981 2.752 -6.542 1.0
14.04.1981 2.743 -6.54 0.999
15.04.1981 2.737 -6.539 0.998
16.04.1981 2.726 -6.538 0.997
17.04.1981 2.719 -6.536 0.996
18.04.1981 2.708 -6.535 0.995
19.04.1981 2.698 -6.534 0.994
20.04.1981 2.683 -6.532 0.993
21.04.1981 2.67 -6.53 0.992
22.04.1981 2.657 -6.527 0.991
23.04.1981 2.652 -6.525 0.99
24.04.1981 2.644 -6.524 0.989
25.04.1981 2.635 -6.522 0.987
26.04.1981 2.629 -6.521 0.987
27.04.1981 2.619 -6.518 0.986
28.04.1981 2.607 -6.517 0.985
29.04.1981 2.593 -6.515 0.983
30.04.1981 2.582 -6.513 0.982
01.05.1981 2.571 -6.512 0.981
02.05.1981 2.556 -6.509 0.981
03.05.1981 2.545 -6.507 0.979
04.05.1981 2.531 -6.505 0.979
05.05.1981 2.518 -6.504 0.978
06.05.1981 2.512 -6.503 0.978
07.05.1981 2.5 -6.501 0.976
08.05.1981 2.494 -6.499 0.975
09.05.1981 2.487 -6.498 0.974
10.05.1981 2.478 -6.497 0.973
11.05.1981 2.47 -6.496 0.972
12.05.1981 2.462 -6.494 0.971
13.05.1981 2.451 -6.492 0.97
14.05.1981 2.443 -6.49 0.97
15.05.1981 2.432 -6.488 0.968
16.05.1981 2.418 -6.487 0.968
17.05.1981 2.408 -6.485 0.967
18.05.1981 2.4 -6.483 0.966
19.05.1981 2.39 -6.481 0.965
20.05.1981 2.385 -6.48 0.964
21.05.1981 2.378 -6.479 0.963
22.05.1981 2.373 -6.477 0.962
23.05.1981 2.359 -6.476 0.962
24.05.1981 2.348 -6.474 0.961
25.05.1981 2.334 -6.472 0.96
26.05.1981 2.326 -6.471 0.959
27.05.1981 2.312 -6.469 0.959
28.05.1981 2.305 -6.468 0.957
29.05.1981 2.293 -6.466 0.957
30.05.1981 2.286 -6.464 0.956
31.05.1981 2.281 -6.463 0.954
01.06.1981 2.269 -6.462 0.954
02.06.1981 2.258 -6.461 0.953
03.06.1981 2.247 -6.459 0.952
04.06.1981 2.234 -6.457 0.952
05.06.1981 2.228 -6.455 0.95
06.06.1981 2.216 -6.453 0.949
07.06.1981 2.203 -6.451 0.948
08.06.1981 2.194 -6.45 0.947
09.06.1981 2.187 -6.449 0.946
10.06.1981 2.174 -6.446 0.944
11.06.1981 2.161 -6.445 0.944
12.06.1981 2.148 -6.443 0.943
13.06.1981 2.133 -6.441 0.942
14.06.1981 2.126 -6.44 0.941
15.06.1981 2.116 -6.439 0.94
16.06.1981 2.107 -6.437 0.94
17.06.1981 2.096 -6.435 0.938
18.06.1981 2.088 -6.434 0.938
19.06.1981 2.082 -6.432 0.937
20.06.1981 2.068 -6.43 0.936
21.06.1981 2.057 -6.429 0.935
22.06.1981 2.051 -6.428 0.934
23.06.1981 2.041 -6.427 0.933
24.06.1981 2.027 -6.425 0.932
25.06.1981 2.012 -6.423 0.931
26.06.1981 1.998 -6.422 0.931
27.06.1981 1.989 -6.421 0.93
28.06.1981 1.975 -6.419 0.93
29.06.1981 1.964 -6.418 0.929
30.06.1981 1.951 -6.416 0.927
01.07.1981 1.941 -6.413 0.927
02.07.1981 1.931 -6.413 0.925
03.07.1981 1.921 -6.412 0.924
04.07.1981 1.91 -6.41 0.924
05.07.1981 1.897 -6.408 0.922
06.07.1981 1.889 -6.407 0.921
07.07.1981 1.878 -6.405 0.92
08.07.1981 1.873 -6.404 0.919
09.07.1981 1.858 -6.403 0.919
10.07.1981 1.848 -6.401 0.918
11.07.1981 1.833 -6.399 0.917
12.07.1981 1.827 -6.398 0.917
13.07.1981 1.821 -6.396 0.915
14.07.1981 1.808 -6.395 0.914
15.07.1981 1.8 -6.394 0.914
16.07.1981 1.788 -6.392 0.913
17.07.1981 1.781 -6.389 0.913
18.07.1981 1.771 -6.388 0.912
19.07.1981 1.766 -6.387 0.911
20.07.1981 1.751 -6.385 0.91
21.07.1981 1.737 -6.384 0.909
22.07.1981 1.729 -6.383 0.908
23.07.1981 1.72 -6.382 0.908
24.07.1981 1.712 -6.381 0.907
25.07.1981 1.705 -6.379 0.905
26.07.1981 1.697 -6.377 0.904
27.07.1981 1.684 -6.376 0.903
28.07.1981 1.672 -6.374 0.902
29.07.1981 1.66 -6.373 0.9
30.07.1981 1.646 -6.372 0.9
31.07.1981 1.639 -6.37 0.898
01.08.1981 1.632 -6.368 0.897
02.08.1981 1.619 -6.366 0.896
03.08.1981 1.612 -6.364 0.895
04.08.1981 1.606 -6.363 0.894
05.08.1981 1.593 -6.362 0.893
06.08.1981 1.58 -6.36 0.892
07.08.1981 1.574 -6.358 0.891
08.08.1981 1.567 -6.357 0.889
09.08.1981 1.559 -6.355 0.888
10.08.1981 1.552 -6.354 0.887
11.08.1981 1.54 -6.353 0.887
12.08.1981 1.53 -6.352 0.885
13.08.1981 1.52 -6.35 0.884
14.08.1981 1.514 -6.348 0.884
15.08.1981 1.503 -6.347 0.883
16.08.1981 1.491 -6.346 0.882
17.08.1981 1.482 -6.344 0.881
18.08.1981 1.469 -6.343 0.88
19.08.1981 1.462 -6.341 0.879
20.08.1981 1.453 -6.339 0.878
21.08.1981 1.448 -6.337 0.877
22.08.1981 1.437 -6.335 0.876
23.08.1981 1.428 -6.334 0.875
24.08.1981 1.418 -6.332 0.874
25.08.1981 1.412 -6.331 0.872
26.08.1981 1.401 -6.329 0.871
27.08.1981 1.389 -6.328 0.869
28.08.1981 1.382 -6.326 0.869
29.08.1981 1.377 -6.325 0.868
30.08.1981 1.369 -6.324 0.867
31.08.1981 1.354 -6.322 0.866
01.09.1981 1.347 -6.32 0.865
02.09.1981 1.338 -6.318 0.864
03.09.1981 1.326 -6.316 0.862
04.09.1981 1.317 -6.315 0.861
05.09.1981 1.305 -6.314 0.86
06.09.1981 1.291 -6.312 0.859
07.09.1981 1.282 -6.311 0.858
08.09.1981 1.273 -6.31 0.857
09.09.1981 1.261 -6.309 0.856
10.09.1981 1.249 -6.307 0.855
11.09.1981 1.238 -6.306 0.854
12.09.1981 1.228 -6.304 0.853
13.09.1981 1.216 -6.302 0.852
14.09.1981 1.201 -6.301 0.851
15.09.1981 1.192 -6.299 0.85
16.09.1981 1.181 -6.298 0.85
17.09.1981 1.176 -6.297 0.849
18.09.1981 1.167 -6.296 0.848
19.09.1981 1.152 -6.295 0.847
20.09.1981 1.142 -6.293 0.846
21.09.1981 1.127 -6.292 0.845
22.09.1981 1.122 -6.291 0.844
23.09.1981 1.115 -6.29 0.842
24.09.1981 1.106 -6.289 0.841
25.09.1981 1.096 -6.288 0.841
26.09.1981 1.086 -6.285 0.84
27.09.1981 1.073 -6.283 0.839
28.09.1981 1.062 -6.282 0.838
29.09.1981 1.052 -6.281 0.837
30.09.1981 1.041 -6.278 0.836
01.10.1981 1.026 -6.276 0.835
02.10.1981 1.017 -6.276 0.834
03.10.1981 1.008 -6.274 0.832
04.10.1981 1.0 -6.272 0.831
05.10.1981 0.994 -6.27 0.83
06.10.1981 0.989 -6.269 0.829
07.10.1981 0.981 -6.268 0.828
08.10.1981 0.975 -6.266 0.827
09.10.1981 0.967 -6.265 0.826
10.10.1981 0.959 -6.263 0.825
11.10.1981 0.944 -6.261 0.824
12.10.1981 0.937 -6.26 0.823
13.10.1981 0.923 -6.259 0.822
14.10.1981 0.915 -6.257 0.82
15.10.1981 0.905 -6.256 0.819
16.10.1981 0.898 -6.255 0.818
17.10.1981 0.89 -6.253 0.817
18.10.1981 0.883 -6.252 0.817
19.10.1981 0.871 -6.251 0.815
20.10.1981 0.859 -6.249 0.814
21.10.1981 0.851 -6.247 0.813
22.10.1981 0.837 -6.246 0.812
23.10.1981 0.828 -6.244 0.81
24.10.1981 0.823 -6.244 0.81
25.10.1981 0.817 -6.242 0.808
26.10.1981 0.806 -6.24 0.808
27.10.1981 0.791 -6.239 0.807
28.10.1981 0.784 -6.238 0.806
29.10.1981 0.774 -6.235 0.805
30.10.1981 0.765 -6.233 0.804
31.10.1981 0.758 -6.232 0.803
01.11.1981 0.75 -6.231 0.801
02.11.1981 0.744 -6.23 0.8
03.11.1981 0.732 -6.228 0.799
04.11.1981 0.723 -6.225 0.798
05.11.1981 0.709 -6.224 0.797
06.11.1981 0.696 -6.221 0.796
07.11.1981 0.686 -6.219 0.796
08.11.1981 0.672 -6.218 0.794
09.11.1981 0.66 -6.216 0.793
10.11.1981 0.65 -6.215 0.792
11.11.1981 0.643 -6.214 0.791
12.11.1981 0.637 -6.213 0.79
13.11.1981 0.63 -6.21 0.789
14.11.1981 0.618 -6.209 0.788
15.11.1981 0.612 -6.207 0.788
16.11.1981 0.603 -6.205 0.787
17.11.1981 0.597 -6.203 0.786
18.11.1981 0.587 -6.201 0.784
19.11.1981 0.582 -6.2 0.784
20.11.1981 0.568 -6.199 0.782
21.11.1981 0.561 -6.197 0.781
22.11.1981 0.551 -6.195 0.78
23.11.1981 0.544 -6.193 0.779
24.11.1981 0.531 -6.192 0.778
25.11.1981 0.524 -6.191 0.777
26.11.1981 0.513 -6.19 0.776
27.11.1981 0.502 -6.189 0.775
28.11.1981 0.488 -6.187 0.774
29.11.1981 0.478 -6.186 0.773
30.11.1981 0.472 -6.184 0.772
01.12.1981 0.466 -6.182 0.771
02.12.1981 0.455 -6.181 0.77
03.12.1981 0.444 -6.18 0.769
04.12.1981 0.435 -6.179 0.768
05.12.1981 0.43 -6.178 0.767
06.12.1981 0.418 -6.177 0.766
07.12.1981 0.409 -6.175 0.765
08.12.1981 0.403 -6.173 0.764
09.12.1981 0.392 -6.172 0.763
10.12.1981 0.387 -6.171 0.763
11.12.1981 0.375 -6.169 0.762
12.12.1981 0.364 -6.167 0.761
13.12.1981 0.352 -6.166 0.76
14.12.1981 0.338 -6.164 0.759
15.12.1981 0.327 -6.163 0.758
16.12.1981 0.312 -6.162 0.757
17.12.1981 0.306 -6.161 0.756
18.12.1981 0.3 -6.159 0.755
19.12.1981 0.294 -6.158 0.753
20.12.1981 0.279 -6.157 0.752
21.12.1981 0.266 -6.156 0.751
22.12.1981 0.254 -6.155 0.75
23.12.1981 0.242 -6.154 0.749
24.12.1981 0.235 -6.153 0.748
25.12.1981 0.221 -6.151 0.748
26.12.1981 0.211 -6.15 0.747
27.12.1981 0.2 -6.148 0.745
28.12.1981 0.194 -6.147 0.744
29.12.1981 0.183 -6.146 0.742
30.12.1981 0.172 -6.146 0.741
31.12.1981 0.161 -6.144 0.74
01.01.1982 0.15 -6.142 0.74
02.01.1982 0.141 -6.14 0.739
03.01.1982 0.131 -6.138 0.739
04.01.1982 0.119 -6.137 0.737
05.01.1982 0.106 -6.135 0.737
06.01.1982 0.093 -6.134 0.735
07.01.1982 0.085 -6.132 0.735
08.01.1982 0.079 -6.131 0.734
09.01.1982 0.069 -6.129 0.733
10.01.1982 0.058 -6.128 0.732
11.01.1982 0.051 -6.127 0.731
12.01.1982 0.043 -6.126 0.73
13.01.1982 0.032 -6.125 0.729
14.01.1982 0.019 -6.124 0.728
15.01.1982 0.009 -6.123 0.727
