09.12.1983 6.494 -7.748 1.368
10.12.1983 6.488 -7.741 1.367
11.12.1983 6.474 -7.733 1.366
12.12.1983 6.462 -7.728 1.365
13.12.1983 6.449 -7.723 1.363
14.12.1983 6.435 -7.719 1.362
15.12.1983 6.422 -7.71 1.362
16.12.1983 6.407 -7.706 1.361
17.12.1983 6.399 -7.701 1.36
18.12.1983 6.393 -7.694 1.358
19.12.1983 6.383 -7.687 1.358
20.12.1983 6.377 -7.683 1.357
21.12.1983 6.363 -7.68 1.357
22.12.1983 6.352 -7.673 1.356
23.12.1983 6.341 -7.667 1.355
24.12.1983 6.329 -7.663 1.354
25.12.1983 6.321 -7.659 1.354
26.12.1983 6.307 -7.655 1.353
27.12.1983 6.293 -7.649 1.351
28.12.1983 6.283 -7.647 1.35
29.12.1983 6.278 -7.645 1.349
30.12.1983 6.267 -7.643 1.348
31.12.1983 6.259 -7.639 1.347
01.01.1984 6.249 -7.634 1.346
02.01.1984 6.237 -7.629 1.345
03.01.1984 6.222 -7.624 1.344
04.01.1984 6.211 -7.62 1.343
05.01.1984 6.198 -7.615 1.342
06.01.1984 6.184 -7.612 1.341
07.01.1984 6.171 -7.606 1.34
08.01.1984 6.162 -7.601 1.339
09.01.1984 6.148 -7.599 1.338
10.01.1984 6.133 -7.596 1.337
11.01.1984 6.124 -7.594 1.336
12.01.1984 6.118 -7.59 1.335
13.01.1984 6.105 -7.587 1.334
14.01.1984 6.098 -7.583 1.333
15.01.1984 6.088 -7.579 1.332
16.01.1984 6.074 -7.575 1.331
17.01.1984 6.069 -7.572 1.33
18.01.1984 6.054 -7.569 1.329
19.01.1984 6.044 -7.565 1.328
20.01.1984 6.031 -7.561 1.327
21.01.1984 6.022 -7.557 1.326
22.01.1984 6.01 -7.555 1.325
23.01.1984 5.998 -7.553 1.324
24.01.1984 5.991 -7.551 1.324
25.01.1984 5.979 -7.549 1.323
26.01.1984 5.965 -7.546 1.322
27.01.1984 5.958 -7.542 1.321
28.01.1984 5.947 -7.538 1.32
29.01.1984 5.939 -7.535 1.318
30.01.1984 5.924 -7.532 1.317
31.01.1984 5.918 -7.528 1.316
01.02.1984 5.909 -7.526 1.315
02.02.1984 5.903 -7.524 1.314
03.02.1984 5.893 -7.52 1.313
04.02.1984 5.88 -7.517 1.312
05.02.1984 5.873 -7.514 1.311
06.02.1984 5.863 -7.511 1.31
07.02.1984 5.848 -7.508 1.31
08.02.1984 5.842 -7.506 1.309
09.02.1984 5.828 -7.503 1.307
10.02.1984 5.818 -7.501 1.306
11.02.1984 5.812 -7.496 1.306
12.02.1984 5.799 -7.494 1.305
13.02.1984 5.793 -7.492 1.304
14.02.1984 5.781 -7.489 1.303
15.02.1984 5.775 -7.486 1.302
16.02.1984 5.762 -7.482 1.301
17.02.1984 5.755 -7.481 1.3
18.02.1984 5.743 -7.477 1.299
19.02.1984 5.735 -7.474 1.298
20.02.1984 5.723 -7.471 1.298
21.02.1984 5.714 -7.467 1.297
22.02.1984 5.705 -7.464 1.296
23.02.1984 5.695 -7.462 1.295
24.02.1984 5.686 -7.459 1.294
25.02.1984 5.679 -7.457 1.293
26.02.1984 5.666 -7.456 1.292
27.02.1984 5.652 -7.454 1.292
28.02.1984 5.646 -7.451 1.29
29.02.1984 5.638 -7.448 1.29
01.03.1984 5.625 -7.445 1.289
02.03.1984 5.616 -7.442 1.288
03.03.1984 5.61 -7.44 1.287
04.03.1984 5.597 -7.437 1.286
05.03.1984 5.589 -7.434 1.285
06.03.1984 5.581 -7.433 1.284
07.03.1984 5.571 -7.429 1.283
08.03.1984 5.56 -7.428 1.282
09.03.1984 5.552 -7.424 1.28
10.03.1984 5.547 -7.421 1.279
11.03.1984 5.539 -7.419 1.278
12.03.1984 5.533 -7.415 1.277
13.03.1984 5.519 -7.414 1.276
14.03.1984 5.513 -7.411 1.275
15.03.1984 5.505 -7.409 1.274
16.03.1984 5.493 -7.407 1.274
17.03.1984 5.48 -7.405 1.273
18.03.1984 5.475 -7.401 1.272
19.03.1984 5.467 -7.399 1.271
20.03.1984 5.456 -7.396 1.269
21.03.1984 5.443 -7.394 1.269
22.03.1984 5.437 -7.391 1.267
23.03.1984 5.422 -7.388 1.266
24.03.1984 5.415 -7.385 1.265
25.03.1984 5.402 -7.382 1.264
26.03.1984 5.391 -7.38 1.263
27.03.1984 5.377 -7.377 1.262
28.03.1984 5.371 -7.375 1.261
29.03.1984 5.359 -7.373 1.259
30.03.1984 5.353 -7.371 1.259
31.03.1984 5.338 -7.369 1.258
01.04.1984 5.326 -7.367 1.257
02.04.1984 5.312 -7.365 1.256
03.04.1984 5.305 -7.362 1.255
04.04.1984 5.298 -7.36 1.254
05.04.1984 5.292 -7.358 1.253
06.04.1984 5.278 -7.356 1.252
07.04.1984 5.271 -7.353 1.251
08.04.1984 5.264 -7.35 1.249
09.04.1984 5.257 -7.346 1.249
10.04.1984 5.245 -7.343 1.247
11.04.1984 5.238 -7.34 1.246
12.04.1984 5.229 -7.338 1.245
13.04.1984 5.218 -7.337 1.244
14.04.1984 5.212 -7.334 1.243
15.04.1984 5.203 -7.331 1.242
16.04.1984 5.194 -7.328 1.241
17.04.1984 5.18 -7.326 1.24
18.04.1984 5.175 -7.324 1.239
19.04.1984 5.165 -7.322 1.238
20.04.1984 5.154 -7.321 1.237
21.04.1984 5.149 -7.319 1.236
22.04.1984 5.141 -7.318 1.235
23.04.1984 5.135 -7.316 1.234
24.04.1984 5.128 -7.314 1.233
25.04.1984 5.121 -7.312 1.232
26.04.1984 5.115 -7.31 1.231
27.04.1984 5.102 -7.307 1.23
28.04.1984 5.097 -7.306 1.229
29.04.1984 5.085 -7.304 1.229
30.04.1984 5.072 -7.302 1.228
01.05.1984 5.067 -7.301 1.227
02.05.1984 5.053 -7.299 1.225
03.05.1984 5.045 -7.296 1.224
04.05.1984 5.032 -7.295 1.223
05.05.1984 5.026 -7.292 1.222
06.05.1984 5.016 -7.289 1.221
07.05.1984 5.006 -7.288 1.22
08.05.1984 4.995 -7.285 1.219
09.05.1984 4.982 -7.283 1.218
10.05.1984 4.973 -7.28 1.217
11.05.1984 4.965 -7.278 1.216
12.05.1984 4.955 -7.276 1.215
13.05.1984 4.944 -7.274 1.214
14.05.1984 4.937 -7.272 1.212
15.05.1984 4.923 -7.27 1.211
16.05.1984 4.909 -7.266 1.21
17.05.1984 4.894 -7.263 1.208
18.05.1984 4.886 -7.262 1.208
19.05.1984 4.878 -7.259 1.207
20.05.1984 4.867 -7.256 1.206
21.05.1984 4.861 -7.255 1.205
22.05.1984 4.847 -7.252 1.204
23.05.1984 4.84 -7.251 1.203
24.05.1984 4.831 -7.248 1.203
25.05.1984 4.823 -7.246 1.202
26.05.1984 4.816 -7.244 1.201
27.05.1984 4.806 -7.243 1.2
28.05.1984 4.794 -7.24 1.2
29.05.1984 4.786 -7.237 1.198
30.05.1984 4.771 -7.234 1.197
31.05.1984 4.758 -7.233 1.196
01.06.1984 4.744 -7.231 1.195
02.06.1984 4.73 -7.228 1.194
03.06.1984 4.717 -7.226 1.193
04.06.1984 4.705 -7.224 1.192
05.06.1984 4.699 -7.222 1.191
06.06.1984 4.686 -7.219 1.19
07.06.1984 4.672 -7.216 1.189
08.06.1984 4.663 -7.214 1.187
09.06.1984 4.649 -7.213 1.186
10.06.1984 4.64 -7.211 1.185
11.06.1984 4.633 -7.209 1.184
12.06.1984 4.62 -7.207 1.183
13.06.1984 4.611 -7.205 1.182
14.06.1984 4.599 -7.202 1.181
15.06.1984 4.593 -7.201 1.181
16.06.1984 4.581 -7.199 1.18
17.06.1984 4.566 -7.196 1.179
18.06.1984 4.553 -7.194 1.178
19.06.1984 4.545 -7.192 1.177
20.06.1984 4.532 -7.191 1.176
21.06.1984 4.526 -7.19 1.175
22.06.1984 4.519 -7.187 1.174
23.06.1984 4.511 -7.186 1.173
24.06.1984 4.499 -7.184 1.172
25.06.1984 4.492 -7.183 1.171
26.06.1984 4.483 -7.181 1.171
27.06.1984 4.472 -7.179 1.17
28.06.1984 4.465 -7.178 1.169
29.06.1984 4.458 -7.175 1.168
30.06.1984 4.449 -7.173 1.167
01.07.1984 4.442 -7.17 1.166
02.07.1984 4.428 -7.169 1.165
03.07.1984 4.417 -7.167 1.163
04.07.1984 4.404 -7.165 1.162
05.07.1984 4.394 -7.163 1.161
06.07.1984 4.386 -7.162 1.16
07.07.1984 4.377 -7.16 1.158
08.07.1984 4.366 -7.158 1.157
09.07.1984 4.354 -7.155 1.156
10.07.1984 4.34 -7.153 1.156
11.07.1984 4.325 -7.152 1.155
12.07.1984 4.319 -7.15 1.154
13.07.1984 4.308 -7.148 1.153
14.07.1984 4.302 -7.145 1.152
15.07.1984 4.288 -7.143 1.151
16.07.1984 4.278 -7.141 1.151
17.07.1984 4.265 -7.14 1.15
18.07.1984 4.251 -7.137 1.149
19.07.1984 4.238 -7.136 1.148
20.07.1984 4.232 -7.135 1.147
21.07.1984 4.22 -7.134 1.145
22.07.1984 4.205 -7.132 1.144
23.07.1984 4.196 -7.13 1.142
24.07.1984 4.189 -7.129 1.142
25.07.1984 4.179 -7.127 1.14
26.07.1984 4.172 -7.126 1.14
27.07.1984 4.165 -7.125 1.139
28.07.1984 4.154 -7.123 1.138
29.07.1984 4.145 -7.12 1.136
30.07.1984 4.132 -7.117 1.136
31.07.1984 4.124 -7.116 1.135
01.08.1984 4.114 -7.113 1.134
02.08.1984 4.1 -7.111 1.133
03.08.1984 4.088 -7.108 1.132
04.08.1984 4.081 -7.107 1.131
05.08.1984 4.069 -7.106 1.13
06.08.1984 4.06 -7.103 1.129
07.08.1984 4.049 -7.102 1.128
08.08.1984 4.04 -7.099 1.127
09.08.1984 4.034 -7.097 1.127
10.08.1984 4.027 -7.095 1.126
11.08.1984 4.018 -7.092 1.125
12.08.1984 4.004 -7.09 1.124
13.08.1984 3.992 -7.087 1.123
14.08.1984 3.982 -7.086 1.122
15.08.1984 3.974 -7.084 1.121
16.08.1984 3.967 -7.083 1.12
17.08.1984 3.961 -7.08 1.119
18.08.1984 3.948 -7.077 1.119
19.08.1984 3.935 -7.075 1.117
20.08.1984 3.927 -7.072 1.117
21.08.1984 3.919 -7.07 1.116
22.08.1984 3.911 -7.069 1.116
23.08.1984 3.897 -7.067 1.115
24.08.1984 3.887 -7.065 1.114
25.08.1984 3.878 -7.063 1.112
26.08.1984 3.865 -7.061 1.111
27.08.1984 3.855 -7.059 1.111
28.08.1984 3.849 -7.058 1.11
29.08.1984 3.841 -7.055 1.109
30.08.1984 3.836 -7.054 1.108
31.08.1984 3.824 -7.052 1.107
01.09.1984 3.818 -7.049 1.106
02.09.1984 3.812 -7.048 1.105
03.09.1984 3.802 -7.045 1.104
04.09.1984 3.796 -7.043 1.103
05.09.1984 3.788 -7.042 1.103
06.09.1984 3.779 -7.04 1.102
07.09.1984 3.772 -7.038 1.102
08.09.1984 3.758 -7.037 1.101
09.09.1984 3.745 -7.036 1.099
10.09.1984 3.731 -7.033 1.098
11.09.1984 3.721 -7.031 1.097
12.09.1984 3.716 -7.029 1.096
13.09.1984 3.705 -7.027 1.094
14.09.1984 3.697 -7.024 1.094
15.09.1984 3.683 -7.022 1.093
16.09.1984 3.673 -7.02 1.092
17.09.1984 3.667 -7.017 1.091
18.09.1984 3.655 -7.014 1.09
19.09.1984 3.646 -7.012 1.089
20.09.1984 3.634 -7.01 1.087
21.09.1984 3.628 -7.009 1.086
22.09.1984 3.614 -7.007 1.086
23.09.1984 3.601 -7.005 1.085
24.09.1984 3.586 -7.003 1.084
25.09.1984 3.574 -7.001 1.083
26.09.1984 3.562 -6.999 1.082
27.09.1984 3.554 -6.997 1.081
28.09.1984 3.541 -6.996 1.081
29.09.1984 3.53 -6.994 1.079
30.09.1984 3.52 -6.992 1.078
01.10.1984 3.515 -6.991 1.077
02.10.1984 3.506 -6.989 1.076
03.10.1984 3.499 -6.988 1.075
04.10.1984 3.488 -6.986 1.074
05.10.1984 3.475 -6.985 1.073
06.10.1984 3.466 -6.983 1.072
07.10.1984 3.46 -6.981 1.071
08.10.1984 3.453 -6.979 1.07
09.10.1984 3.442 -6.977 1.069
10.10.1984 3.433 -6.976 1.068
11.10.1984 3.421 -6.974 1.066
12.10.1984 3.411 -6.972 1.066
13.10.1984 3.403 -6.97 1.064
14.10.1984 3.396 -6.968 1.063
15.10.1984 3.384 -6.967 1.062
16.10.1984 3.379 -6.965 1.062
17.10.1984 3.372 -6.963 1.06
18.10.1984 3.359 -6.962 1.06
19.10.1984 3.35 -6.96 1.059
20.10.1984 3.337 -6.959 1.057
21.10.1984 3.329 -6.958 1.056
22.10.1984 3.315 -6.956 1.055
23.10.1984 3.309 -6.953 1.054
24.10.1984 3.296 -6.951 1.053
25.10.1984 3.291 -6.95 1.052
26.10.1984 3.276 -6.949 1.051
27.10.1984 3.267 -6.947 1.05
28.10.1984 3.258 -6.946 1.048
29.10.1984 3.249 -6.945 1.047
30.10.1984 3.236 -6.943 1.046
31.10.1984 3.229 -6.941 1.045
01.11.1984 3.22 -6.939 1.044
02.11.1984 3.213 -6.937 1.042
03.11.1984 3.206 -6.936 1.042
04.11.1984 3.196 -6.934 1.041
05.11.1984 3.189 -6.932 1.04
06.11.1984 3.175 -6.93 1.039
07.11.1984 3.164 -6.929 1.038
08.11.1984 3.151 -6.927 1.038
09.11.1984 3.136 -6.926 1.036
10.11.1984 3.126 -6.924 1.035
11.11.1984 3.116 -6.922 1.035
12.11.1984 3.108 -6.919 1.034
13.11.1984 3.093 -6.917 1.032
14.11.1984 3.082 -6.916 1.032
15.11.1984 3.069 -6.914 1.03
16.11.1984 3.054 -6.913 1.029
17.11.1984 3.042 -6.912 1.027
18.11.1984 3.033 -6.91 1.026
19.11.1984 3.022 -6.909 1.025
20.11.1984 3.013 -6.908 1.024
21.11.1984 3.005 -6.906 1.022
22.11.1984 3.0 -6.904 1.021
23.11.1984 2.989 -6.903 1.02
24.11.1984 2.976 -6.901 1.019
25.11.1984 2.966 -6.899 1.018
26.11.1984 2.954 -6.897 1.017
27.11.1984 2.944 -6.894 1.016
28.11.1984 2.938 -6.893 1.015
29.11.1984 2.926 -6.891 1.013
30.11.1984 2.919 -6.89 1.013
01.12.1984 2.909 -6.889 1.011
02.12.1984 2.894 -6.887 1.01
03.12.1984 2.881 -6.885 1.009
04.12.1984 2.868 -6.883 1.008
05.12.1984 2.861 -6.881 1.008
06.12.1984 2.849 -6.879 1.007
07.12.1984 2.836 -6.878 1.007
08.12.1984 2.826 -6.876 1.005
09.12.1984 2.818 -6.874 1.004
10.12.1984 2.805 -6.872 1.003
11.12.1984 2.796 -6.871 1.002
12.12.1984 2.785 -6.869 1.001
13.12.1984 2.779 -6.867 1.001
14.12.1984 2.764 -6.864 0.999
15.12.1984 2.756 -6.863 0.998
16.12.1984 2.743 -6.862 0.997
17.12.1984 2.737 -6.861 0.996
18.12.1984 2.732 -6.859 0.996
19.12.1984 2.724 -6.857 0.995
20.12.1984 2.717 -6.856 0.994
21.12.1984 2.702 -6.854 0.993
22.12.1984 2.695 -6.852 0.993
23.12.1984 2.683 -6.85 0.992
24.12.1984 2.67 -6.848 0.991
25.12.1984 2.658 -6.847 0.99
26.12.1984 2.65 -6.845 0.989
27.12.1984 2.636 -6.842 0.987
28.12.1984 2.624 -6.841 0.986
29.12.1984 2.61 -6.839 0.986
30.12.1984 2.604 -6.836 0.985
31.12.1984 2.592 -6.834 0.984
01.01.1985 2.58 -6.833 0.983
02.01.1985 2.573 -6.831 0.982
03.01.1985 2.562 -6.829 0.981
04.01.1985 2.553 -6.828 0.98
05.01.1985 2.539 -6.826 0.979
06.01.1985 2.53 -6.824 0.978
07.01.1985 2.517 -6.823 0.977
08.01.1985 2.503 -6.821 0.976
09.01.1985 2.489 -6.818 0.975
10.01.1985 2.482 -6.817 0.975
11.01.1985 2.468 -6.816 0.974
12.01.1985 2.46 -6.813 0.972
13.01.1985 2.449 -6.812 0.971
14.01.1985 2.444 -6.81 0.97
15.01.1985 2.432 -6.808 0.969
16.01.1985 2.425 -6.807 0.968
17.01.1985 2.417 -6.805 0.968
18.01.1985 2.408 -6.803 0.966
19.01.1985 2.399 -6.801 0.966
20.01.1985 2.387 -6.799 0.965
21.01.1985 2.374 -6.796 0.964
22.01.1985 2.36 -6.795 0.963
23.01.1985 2.346 -6.793 0.962
24.01.1985 2.333 -6.791 0.961
25.01.1985 2.32 -6.79 0.961
26.01.1985 2.314 -6.789 0.96
27.01.1985 2.3 -6.787 0.958
28.01.1985 2.287 -6.785 0.957
29.01.1985 2.274 -6.783 0.956
30.01.1985 2.269 -6.782 0.955
31.01.1985 2.257 -6.78 0.954
01.02.1985 2.248 -6.779 0.953
02.02.1985 2.235 -6.777 0.952
03.02.1985 2.22 -6.775 0.951
04.02.1985 2.205 -6.773 0.95
05.02.1985 2.196 -6.771 0.949
06.02.1985 2.185 -6.769 0.949
07.02.1985 2.179 -6.768 0.948
08.02.1985 2.171 -6.766 0.947
09.02.1985 2.164 -6.765 0.945
10.02.1985 2.151 -6.764 0.944
11.02.1985 2.137 -6.762 0.943
12.02.1985 2.128 -6.762 0.943
13.02.1985 2.117 -6.759 0.942
14.02.1985 2.105 -6.757 0.941
15.02.1985 2.092 -6.756 0.939
16.02.1985 2.079 -6.755 0.938
17.02.1985 2.068 -6.752 0.937
18.02.1985 2.062 -6.75 0.936
19.02.1985 2.048 -6.749 0.935
20.02.1985 2.041 -6.747 0.934
21.02.1985 2.026 -6.745 0.933
22.02.1985 2.012 -6.744 0.932
23.02.1985 2.002 -6.743 0.931
24.02.1985 1.994 -6.741 0.93
25.02.1985 1.987 -6.74 0.929
26.02.1985 1.974 -6.738 0.928
27.02.1985 1.962 -6.737 0.927
28.02.1985 1.953 -6.736 0.926
01.03.1985 1.938 -6.734 0.924
02.03.1985 1.926 -6.732 0.923
03.03.1985 1.911 -6.731 0.922
04.03.1985 1.904 -6.729 0.921
05.03.1985 1.896 -6.728 0.921
06.03.1985 1.882 -6.726 0.919
07.03.1985 1.87 -6.725 0.918
08.03.1985 1.857 -6.723 0.917
09.03.1985 1.843 -6.72 0.916
10.03.1985 1.83 -6.719 0.915
11.03.1985 1.816 -6.718 0.914
12.03.1985 1.807 -6.717 0.912
13.03.1985 1.801 -6.716 0.911
14.03.1985 1.791 -6.715 0.91
15.03.1985 1.781 -6.713 0.908
16.03.1985 1.771 -6.711 0.907
17.03.1985 1.756 -6.71 0.906
18.03.1985 1.747 -6.707 0.905
19.03.1985 1.739 -6.706 0.904
20.03.1985 1.733 -6.704 0.904
21.03.1985 1.72 -6.702 0.902
22.03.1985 1.71 -6.701 0.902
23.03.1985 1.699 -6.7 0.901
24.03.1985 1.688 -6.698 0.9
25.03.1985 1.676 -6.697 0.899
26.03.1985 1.67 -6.696 0.898
27.03.1985 1.66 -6.694 0.898
28.03.1985 1.648 -6.692 0.897
29.03.1985 1.64 -6.69 0.895
30.03.1985 1.631 -6.689 0.895
31.03.1985 1.619 -6.687 0.893
01.04.1985 1.606 -6.685 0.892
02.04.1985 1.6 -6.683 0.891
03.04.1985 1.586 -6.681 0.89
04.04.1985 1.571 -6.679 0.889
05.04.1985 1.562 -6.677 0.887
06.04.1985 1.556 -6.675 0.886
07.04.1985 1.546 -6.673 0.885
08.04.1985 1.536 -6.672 0.884
09.04.1985 1.526 -6.67 0.883
10.04.1985 1.513 -6.669 0.883
11.04.1985 1.5 -6.668 0.882
12.04.1985 1.486 -6.667 0.881
13.04.1985 1.475 -6.665 0.88
14.04.1985 1.462 -6.663 0.878
15.04.1985 1.456 -6.661 0.877
16.04.1985 1.445 -6.66 0.876
17.04.1985 1.439 -6.658 0.875
18.04.1985 1.426 -6.657 0.874
19.04.1985 1.416 -6.655 0.873
20.04.1985 1.406 -6.653 0.871
21.04.1985 1.401 -6.652 0.87
22.04.1985 1.392 -6.65 0.869
23.04.1985 1.384 -6.648 0.868
24.04.1985 1.371 -6.647 0.867
25.04.1985 1.356 -6.645 0.866
26.04.1985 1.347 -6.643 0.865
27.04.1985 1.332 -6.642 0.864
28.04.1985 1.325 -6.641 0.863
29.04.1985 1.318 -6.639 0.862
30.04.1985 1.307 -6.637 0.862
01.05.1985 1.298 -6.636 0.86
02.05.1985 1.291 -6.635 0.86
03.05.1985 1.285 -6.633 0.858
04.05.1985 1.277 -6.631 0.858
05.05.1985 1.263 -6.63 0.857
06.05.1985 1.257 -6.627 0.856
07.05.1985 1.25 -6.626 0.855
08.05.1985 1.236 -6.623 0.854
09.05.1985 1.231 -6.622 0.853
10.05.1985 1.219 -6.621 0.853
11.05.1985 1.214 -6.62 0.852
12.05.1985 1.209 -6.618 0.852
13.05.1985 1.199 -6.616 0.851
14.05.1985 1.184 -6.615 0.85
15.05.1985 1.175 -6.612 0.849
16.05.1985 1.162 -6.611 0.848
17.05.1985 1.156 -6.61 0.848
18.05.1985 1.144 -6.608 0.847
19.05.1985 1.135 -6.607 0.846
20.05.1985 1.121 -6.605 0.844
21.05.1985 1.114 -6.604 0.844
22.05.1985 1.102 -6.603 0.842
23.05.1985 1.09 -6.601 0.842
24.05.1985 1.076 -6.599 0.841
25.05.1985 1.064 -6.598 0.84
26.05.1985 1.056 -6.595 0.839
27.05.1985 1.046 -6.594 0.838
28.05.1985 1.038 -6.593 0.837
29.05.1985 1.028 -6.591 0.836
30.05.1985 1.016 -6.59 0.835
31.05.1985 1.007 -6.588 0.834
01.06.1985 0.996 -6.587 0.833
02.06.1985 0.986 -6.586 0.832
03.06.1985 0.974 -6.585 0.831
04.06.1985 0.96 -6.583 0.83
05.06.1985 0.95 -6.582 0.828
06.06.1985 0.935 -6.581 0.827
07.06.1985 0.928 -6.579 0.826
08.06.1985 0.915 -6.577 0.825
09.06.1985 0.907 -6.575 0.824
10.06.1985 0.899 -6.573 0.823
11.06.1985 0.889 -6.571 0.822
12.06.1985 0.876 -6.57 0.82
13.06.1985 0.87 -6.569 0.819
14.06.1985 0.863 -6.568 0.818
15.06.1985 0.852 -6.567 0.817
16.06.1985 0.845 -6.566 0.816
17.06.1985 0.836 -6.565 0.815
18.06.1985 0.823 -6.563 0.814
19.06.1985 0.813 -6.562 0.812
20.06.1985 0.799 -6.56 0.811
21.06.1985 0.793 -6.558 0.81
22.06.1985 0.787 -6.556 0.809
23.06.1985 0.78 -6.554 0.808
24.06.1985 0.766 -6.553 0.807
25.06.1985 0.761 -6.552 0.806
26.06.1985 0.755 -6.551 0.805
27.06.1985 0.746 -6.549 0.804
28.06.1985 0.735 -6.548 0.803
29.06.1985 0.721 -6.547 0.802
30.06.1985 0.709 -6.545 0.801
01.07.1985 0.701 -6.543 0.799
02.07.1985 0.691 -6.542 0.798
03.07.1985 0.683 -6.54 0.797
04.07.1985 0.669 -6.539 0.797
05.07.1985 0.662 -6.538 0.796
06.07.1985 0.655 -6.536 0.794
07.07.1985 0.641 -6.535 0.793
08.07.1985 0.633 -6.533 0.792
09.07.1985 0.619 -6.531 0.791
10.07.1985 0.609 -6.53 0.79
11.07.1985 0.596 -6.528 0.789
12.07.1985 0.591 -6.526 0.788
13.07.1985 0.58 -6.525 0.787
14.07.1985 0.565 -6.524 0.786
15.07.1985 0.559 -6.523 0.785
16.07.1985 0.552 -6.521 0.784
17.07.1985 0.544 -6.52 0.783
18.07.1985 0.531 -6.519 0.782
19.07.1985 0.518 -6.517 0.78
20.07.1985 0.508 -6.516 0.779
21.07.1985 0.497 -6.515 0.778
22.07.1985 0.485 -6.514 0.777
23.07.1985 0.477 -6.512 0.776
24.07.1985 0.471 -6.51 0.775
25.07.1985 0.459 -6.509 0.774
26.07.1985 0.449 -6.507 0.773
27.07.1985 0.438 -6.506 0.772
28.07.1985 0.428 -6.504 0.77
29.07.1985 0.421 -6.503 0.769
30.07.1985 0.408 -6.501 0.768
31.07.1985 0.396 -6.5 0.768
01.08.1985 0.391 -6.499 0.767
02.08.1985 0.384 -6.499 0.767
03.08.1985 0.372 -6.497 0.766
04.08.1985 0.365 -6.496 0.765
05.08.1985 0.353 -6.494 0.765
06.08.1985 0.339 -6.493 0.764
07.08.1985 0.33 -6.491 0.763
08.08.1985 0.323 -6.491 0.762
09.08.1985 0.316 -6.489 0.761
10.08.1985 0.304 -6.487 0.76
11.08.1985 0.294 -6.486 0.759
12.08.1985 0.285 -6.485 0.758
13.08.1985 0.279 -6.484 0.757
14.08.1985 0.269 -6.483 0.756
15.08.1985 0.259 -6.482 0.755
16.08.1985 0.25 -6.481 0.754
17.08.1985 0.243 -6.479 0.753
18.08.1985 0.234 -6.478 0.752
19.08.1985 0.228 -6.477 0.751
20.08.1985 0.222 -6.475 0.75
21.08.1985 0.216 -6.473 0.748
22.08.1985 0.203 -6.471 0.748
23.08.1985 0.197 -6.47 0.747
24.08.1985 0.189 -6.468 0.746
25.08.1985 0.183 -6.467 0.746
26.08.1985 0.169 -6.466 0.745
27.08.1985 0.157 -6.464 0.744
28.08.1985 0.145 -6.463 0.743
29.08.1985 0.137 -6.461 0.742
30.08.1985 0.127 -6.461 0.741
31.08.1985 0.118 -6.459 0.739
01.09.1985 0.109 -6.457 0.738
02.09.1985 0.102 -6.456 0.737
03.09.1985 0.096 -6.454 0.736
04.09.1985 0.086 -6.453 0.736
05.09.1985 0.072 -6.451 0.735
06.09.1985 0.06 -6.451 0.734
07.09.1985 0.052 -6.45 0.733
08.09.1985 0.042 -6.449 0.732
09.09.1985 0.032 -6.446 0.732
10.09.1985 0.025 -6.445 0.73
11.09.1985 0.013 -6.444 0.729
12.09.1985 0.007 -6.443 0.728
13.09.1985 0.002 -6.442 0.727
