19.04.1992 5.988 -7.383 1.367
20.04.1992 5.983 -7.37 1.366
21.04.1992 5.974 -7.363 1.365
22.04.1992 5.96 -7.353 1.364
23.04.1992 5.953 -7.346 1.363
24.04.1992 5.942 -7.337 1.362
25.04.1992 5.931 -7.333 1.361
26.04.1992 5.917 -7.327 1.36
27.04.1992 5.909 -7.323 1.359
28.04.1992 5.899 -7.316 1.358
29.04.1992 5.894 -7.309 1.357
30.04.1992 5.881 -7.304 1.356
01.05.1992 5.868 -7.3 1.355
02.05.1992 5.856 -7.296 1.355
03.05.1992 5.841 -7.291 1.354
04.05.1992 5.827 -7.287 1.353
05.05.1992 5.821 -7.283 1.352
06.05.1992 5.809 -7.279 1.352
07.05.1992 5.798 -7.274 1.351
08.05.1992 5.785 -7.27 1.349
09.05.1992 5.777 -7.265 1.348
10.05.1992 5.77 -7.262 1.347
11.05.1992 5.761 -7.258 1.346
12.05.1992 5.753 -7.254 1.345
13.05.1992 5.743 -7.251 1.344
14.05.1992 5.735 -7.249 1.343
15.05.1992 5.72 -7.244 1.342
16.05.1992 5.708 -7.239 1.341
17.05.1992 5.693 -7.237 1.34
18.05.1992 5.682 -7.234 1.34
19.05.1992 5.669 -7.23 1.339
20.05.1992 5.66 -7.226 1.338
21.05.1992 5.648 -7.224 1.337
22.05.1992 5.638 -7.222 1.336
23.05.1992 5.625 -7.219 1.334
24.05.1992 5.615 -7.217 1.334
25.05.1992 5.603 -7.213 1.333
26.05.1992 5.589 -7.21 1.332
27.05.1992 5.579 -7.206 1.331
28.05.1992 5.573 -7.204 1.33
29.05.1992 5.563 -7.2 1.329
30.05.1992 5.553 -7.197 1.328
31.05.1992 5.538 -7.195 1.327
01.06.1992 5.529 -7.191 1.326
02.06.1992 5.517 -7.188 1.325
03.06.1992 5.503 -7.183 1.324
04.06.1992 5.488 -7.179 1.323
05.06.1992 5.474 -7.174 1.322
06.06.1992 5.459 -7.171 1.321
07.06.1992 5.454 -7.167 1.32
08.06.1992 5.444 -7.165 1.319
09.06.1992 5.435 -7.161 1.318
10.06.1992 5.424 -7.157 1.316
11.06.1992 5.415 -7.153 1.315
12.06.1992 5.409 -7.15 1.314
13.06.1992 5.401 -7.146 1.313
14.06.1992 5.388 -7.144 1.312
15.06.1992 5.374 -7.139 1.311
16.06.1992 5.369 -7.138 1.31
17.06.1992 5.361 -7.135 1.309
18.06.1992 5.349 -7.133 1.308
19.06.1992 5.335 -7.131 1.307
20.06.1992 5.324 -7.129 1.307
21.06.1992 5.317 -7.127 1.306
22.06.1992 5.303 -7.124 1.305
23.06.1992 5.297 -7.122 1.304
24.06.1992 5.291 -7.121 1.303
25.06.1992 5.279 -7.119 1.302
26.06.1992 5.273 -7.116 1.301
27.06.1992 5.259 -7.113 1.3
28.06.1992 5.252 -7.109 1.299
29.06.1992 5.238 -7.105 1.298
30.06.1992 5.227 -7.102 1.297
01.07.1992 5.222 -7.098 1.296
02.07.1992 5.214 -7.094 1.295
03.07.1992 5.201 -7.091 1.294
04.07.1992 5.187 -7.087 1.292
05.07.1992 5.173 -7.085 1.292
06.07.1992 5.167 -7.081 1.291
07.07.1992 5.159 -7.078 1.291
08.07.1992 5.145 -7.075 1.289
09.07.1992 5.134 -7.073 1.289
10.07.1992 5.121 -7.071 1.288
11.07.1992 5.111 -7.069 1.287
12.07.1992 5.106 -7.065 1.286
13.07.1992 5.094 -7.062 1.285
14.07.1992 5.082 -7.059 1.284
15.07.1992 5.067 -7.057 1.282
16.07.1992 5.062 -7.055 1.281
17.07.1992 5.047 -7.053 1.28
18.07.1992 5.034 -7.05 1.279
19.07.1992 5.022 -7.048 1.278
20.07.1992 5.011 -7.045 1.277
21.07.1992 4.997 -7.042 1.276
22.07.1992 4.986 -7.038 1.274
23.07.1992 4.978 -7.035 1.273
24.07.1992 4.966 -7.032 1.272
25.07.1992 4.959 -7.03 1.271
26.07.1992 4.95 -7.028 1.27
27.07.1992 4.943 -7.026 1.269
28.07.1992 4.935 -7.022 1.268
29.07.1992 4.923 -7.019 1.267
30.07.1992 4.914 -7.017 1.266
31.07.1992 4.902 -7.014 1.265
01.08.1992 4.897 -7.01 1.264
02.08.1992 4.89 -7.008 1.263
03.08.1992 4.881 -7.004 1.262
04.08.1992 4.872 -7.001 1.261
05.08.1992 4.858 -7.0 1.26
06.08.1992 4.845 -6.998 1.259
07.08.1992 4.832 -6.995 1.258
08.08.1992 4.823 -6.993 1.257
09.08.1992 4.81 -6.99 1.256
10.08.1992 4.798 -6.988 1.255
11.08.1992 4.788 -6.985 1.253
12.08.1992 4.779 -6.983 1.252
13.08.1992 4.765 -6.981 1.252
14.08.1992 4.753 -6.979 1.25
15.08.1992 4.746 -6.976 1.25
16.08.1992 4.738 -6.973 1.248
17.08.1992 4.723 -6.971 1.247
18.08.1992 4.713 -6.968 1.246
19.08.1992 4.699 -6.966 1.245
20.08.1992 4.687 -6.962 1.244
21.08.1992 4.673 -6.96 1.242
22.08.1992 4.661 -6.957 1.241
23.08.1992 4.648 -6.955 1.24
24.08.1992 4.641 -6.954 1.239
25.08.1992 4.632 -6.951 1.238
26.08.1992 4.62 -6.949 1.237
27.08.1992 4.607 -6.945 1.236
28.08.1992 4.596 -6.942 1.235
29.08.1992 4.586 -6.938 1.234
30.08.1992 4.576 -6.936 1.234
31.08.1992 4.569 -6.933 1.233
01.09.1992 4.564 -6.931 1.232
02.09.1992 4.552 -6.928 1.231
03.09.1992 4.546 -6.927 1.23
04.09.1992 4.534 -6.924 1.229
05.09.1992 4.527 -6.922 1.228
06.09.1992 4.515 -6.92 1.227
07.09.1992 4.506 -6.917 1.226
08.09.1992 4.497 -6.915 1.225
09.09.1992 4.484 -6.912 1.224
10.09.1992 4.477 -6.909 1.223
11.09.1992 4.466 -6.906 1.222
12.09.1992 4.46 -6.904 1.221
13.09.1992 4.448 -6.903 1.22
14.09.1992 4.438 -6.9 1.219
15.09.1992 4.423 -6.897 1.217
16.09.1992 4.412 -6.896 1.216
17.09.1992 4.398 -6.895 1.215
18.09.1992 4.386 -6.893 1.213
19.09.1992 4.372 -6.89 1.213
20.09.1992 4.357 -6.888 1.212
21.09.1992 4.35 -6.885 1.211
22.09.1992 4.344 -6.883 1.209
23.09.1992 4.338 -6.881 1.209
24.09.1992 4.331 -6.88 1.208
25.09.1992 4.318 -6.877 1.207
26.09.1992 4.311 -6.874 1.206
27.09.1992 4.301 -6.872 1.205
28.09.1992 4.289 -6.869 1.204
29.09.1992 4.282 -6.867 1.202
30.09.1992 4.272 -6.865 1.201
01.10.1992 4.259 -6.863 1.2
02.10.1992 4.252 -6.861 1.199
03.10.1992 4.246 -6.858 1.198
04.10.1992 4.232 -6.856 1.197
05.10.1992 4.225 -6.854 1.196
06.10.1992 4.219 -6.852 1.195
07.10.1992 4.211 -6.851 1.194
08.10.1992 4.201 -6.848 1.193
09.10.1992 4.194 -6.846 1.191
10.10.1992 4.186 -6.844 1.19
11.10.1992 4.174 -6.842 1.19
12.10.1992 4.166 -6.839 1.188
13.10.1992 4.151 -6.837 1.188
14.10.1992 4.144 -6.836 1.187
15.10.1992 4.131 -6.833 1.186
16.10.1992 4.119 -6.832 1.185
17.10.1992 4.109 -6.83 1.184
18.10.1992 4.1 -6.829 1.183
19.10.1992 4.09 -6.828 1.182
20.10.1992 4.083 -6.824 1.181
21.10.1992 4.069 -6.823 1.18
22.10.1992 4.057 -6.821 1.179
23.10.1992 4.049 -6.819 1.178
24.10.1992 4.037 -6.817 1.177
25.10.1992 4.031 -6.814 1.176
26.10.1992 4.024 -6.813 1.175
27.10.1992 4.017 -6.81 1.174
28.10.1992 4.004 -6.808 1.173
29.10.1992 3.991 -6.806 1.172
30.10.1992 3.98 -6.804 1.171
31.10.1992 3.975 -6.802 1.17
01.11.1992 3.967 -6.799 1.169
02.11.1992 3.96 -6.796 1.169
03.11.1992 3.952 -6.794 1.167
04.11.1992 3.943 -6.793 1.166
05.11.1992 3.937 -6.791 1.165
06.11.1992 3.926 -6.788 1.164
07.11.1992 3.912 -6.786 1.163
08.11.1992 3.9 -6.784 1.162
09.11.1992 3.889 -6.783 1.161
10.11.1992 3.881 -6.781 1.16
11.11.1992 3.871 -6.779 1.159
12.11.1992 3.859 -6.777 1.158
13.11.1992 3.844 -6.774 1.157
14.11.1992 3.831 -6.772 1.156
15.11.1992 3.822 -6.77 1.155
16.11.1992 3.811 -6.769 1.155
17.11.1992 3.8 -6.767 1.154
18.11.1992 3.791 -6.765 1.152
19.11.1992 3.776 -6.763 1.152
20.11.1992 3.771 -6.761 1.15
21.11.1992 3.762 -6.758 1.149
22.11.1992 3.749 -6.756 1.148
23.11.1992 3.743 -6.754 1.148
24.11.1992 3.733 -6.753 1.146
25.11.1992 3.727 -6.75 1.145
26.11.1992 3.716 -6.748 1.144
27.11.1992 3.707 -6.745 1.142
28.11.1992 3.699 -6.744 1.141
29.11.1992 3.689 -6.743 1.14
30.11.1992 3.68 -6.741 1.139
01.12.1992 3.667 -6.739 1.138
02.12.1992 3.662 -6.736 1.137
03.12.1992 3.649 -6.735 1.136
04.12.1992 3.637 -6.732 1.135
05.12.1992 3.627 -6.729 1.134
06.12.1992 3.612 -6.727 1.133
07.12.1992 3.606 -6.725 1.131
08.12.1992 3.597 -6.723 1.13
09.12.1992 3.592 -6.72 1.129
10.12.1992 3.578 -6.718 1.128
11.12.1992 3.568 -6.716 1.127
12.12.1992 3.556 -6.714 1.126
13.12.1992 3.541 -6.711 1.124
14.12.1992 3.535 -6.709 1.124
15.12.1992 3.524 -6.708 1.122
16.12.1992 3.512 -6.706 1.121
17.12.1992 3.501 -6.704 1.12
18.12.1992 3.49 -6.703 1.119
19.12.1992 3.482 -6.7 1.118
20.12.1992 3.469 -6.698 1.117
21.12.1992 3.456 -6.695 1.116
22.12.1992 3.447 -6.694 1.115
23.12.1992 3.436 -6.692 1.114
24.12.1992 3.429 -6.689 1.113
25.12.1992 3.423 -6.687 1.113
26.12.1992 3.413 -6.685 1.112
27.12.1992 3.407 -6.683 1.111
28.12.1992 3.396 -6.682 1.11
29.12.1992 3.383 -6.679 1.109
30.12.1992 3.369 -6.677 1.108
31.12.1992 3.356 -6.675 1.108
01.01.1993 3.35 -6.673 1.107
02.01.1993 3.338 -6.672 1.105
03.01.1993 3.326 -6.671 1.104
04.01.1993 3.317 -6.67 1.102
05.01.1993 3.303 -6.667 1.101
06.01.1993 3.291 -6.666 1.1
07.01.1993 3.28 -6.664 1.099
08.01.1993 3.269 -6.661 1.098
09.01.1993 3.258 -6.66 1.097
10.01.1993 3.244 -6.658 1.097
11.01.1993 3.231 -6.656 1.095
12.01.1993 3.224 -6.653 1.095
13.01.1993 3.211 -6.652 1.094
14.01.1993 3.197 -6.649 1.093
15.01.1993 3.186 -6.647 1.092
16.01.1993 3.175 -6.646 1.091
17.01.1993 3.163 -6.644 1.091
18.01.1993 3.155 -6.643 1.09
19.01.1993 3.144 -6.641 1.089
20.01.1993 3.137 -6.64 1.088
21.01.1993 3.122 -6.637 1.087
22.01.1993 3.108 -6.636 1.086
23.01.1993 3.1 -6.635 1.086
24.01.1993 3.088 -6.633 1.085
25.01.1993 3.076 -6.631 1.084
26.01.1993 3.07 -6.629 1.083
27.01.1993 3.062 -6.627 1.082
28.01.1993 3.049 -6.626 1.081
29.01.1993 3.044 -6.623 1.08
30.01.1993 3.029 -6.622 1.079
31.01.1993 3.023 -6.62 1.078
01.02.1993 3.01 -6.619 1.077
02.02.1993 3.004 -6.618 1.077
03.02.1993 2.996 -6.617 1.076
04.02.1993 2.982 -6.615 1.075
05.02.1993 2.971 -6.614 1.074
06.02.1993 2.959 -6.613 1.073
07.02.1993 2.949 -6.611 1.072
08.02.1993 2.935 -6.609 1.071
09.02.1993 2.925 -6.608 1.07
10.02.1993 2.918 -6.606 1.069
11.02.1993 2.905 -6.604 1.068
12.02.1993 2.892 -6.602 1.067
13.02.1993 2.883 -6.601 1.066
14.02.1993 2.877 -6.598 1.065
15.02.1993 2.868 -6.597 1.064
16.02.1993 2.858 -6.596 1.063
17.02.1993 2.845 -6.594 1.062
18.02.1993 2.831 -6.592 1.061
19.02.1993 2.816 -6.589 1.061
20.02.1993 2.803 -6.588 1.06
21.02.1993 2.791 -6.586 1.059
22.02.1993 2.779 -6.585 1.058
23.02.1993 2.766 -6.584 1.057
24.02.1993 2.756 -6.583 1.056
25.02.1993 2.748 -6.581 1.056
26.02.1993 2.734 -6.579 1.055
27.02.1993 2.728 -6.577 1.053
28.02.1993 2.714 -6.576 1.052
01.03.1993 2.702 -6.574 1.051
02.03.1993 2.69 -6.572 1.05
03.03.1993 2.681 -6.57 1.049
04.03.1993 2.666 -6.569 1.048
05.03.1993 2.661 -6.567 1.047
06.03.1993 2.649 -6.565 1.046
07.03.1993 2.636 -6.562 1.045
08.03.1993 2.624 -6.56 1.043
09.03.1993 2.612 -6.559 1.043
10.03.1993 2.602 -6.558 1.042
11.03.1993 2.59 -6.557 1.04
12.03.1993 2.579 -6.555 1.04
13.03.1993 2.572 -6.552 1.038
14.03.1993 2.558 -6.55 1.038
15.03.1993 2.55 -6.548 1.037
16.03.1993 2.536 -6.546 1.035
17.03.1993 2.529 -6.544 1.034
18.03.1993 2.52 -6.543 1.033
19.03.1993 2.507 -6.541 1.032
20.03.1993 2.496 -6.539 1.03
21.03.1993 2.487 -6.537 1.029
22.03.1993 2.476 -6.535 1.028
23.03.1993 2.462 -6.532 1.027
24.03.1993 2.455 -6.531 1.025
25.03.1993 2.441 -6.528 1.024
26.03.1993 2.429 -6.526 1.023
27.03.1993 2.422 -6.524 1.023
28.03.1993 2.408 -6.522 1.022
29.03.1993 2.396 -6.52 1.02
30.03.1993 2.39 -6.518 1.019
31.03.1993 2.38 -6.517 1.018
01.04.1993 2.371 -6.516 1.018
02.04.1993 2.363 -6.514 1.016
03.04.1993 2.353 -6.513 1.016
04.04.1993 2.338 -6.512 1.014
05.04.1993 2.325 -6.511 1.014
06.04.1993 2.31 -6.51 1.013
07.04.1993 2.303 -6.509 1.012
08.04.1993 2.292 -6.507 1.011
09.04.1993 2.279 -6.505 1.01
10.04.1993 2.265 -6.504 1.009
11.04.1993 2.251 -6.501 1.009
12.04.1993 2.244 -6.5 1.007
13.04.1993 2.233 -6.498 1.006
14.04.1993 2.22 -6.497 1.005
15.04.1993 2.206 -6.495 1.003
16.04.1993 2.199 -6.492 1.002
17.04.1993 2.186 -6.49 1.001
18.04.1993 2.173 -6.489 1.0
19.04.1993 2.158 -6.486 1.0
20.04.1993 2.146 -6.484 0.999
21.04.1993 2.135 -6.482 0.998
22.04.1993 2.13 -6.481 0.997
23.04.1993 2.12 -6.479 0.996
24.04.1993 2.114 -6.477 0.995
25.04.1993 2.107 -6.475 0.994
26.04.1993 2.1 -6.474 0.993
27.04.1993 2.094 -6.473 0.992
28.04.1993 2.085 -6.471 0.991
29.04.1993 2.075 -6.47 0.99
30.04.1993 2.069 -6.468 0.989
01.05.1993 2.063 -6.466 0.988
02.05.1993 2.049 -6.464 0.988
03.05.1993 2.039 -6.463 0.987
04.05.1993 2.034 -6.46 0.986
05.05.1993 2.026 -6.459 0.985
06.05.1993 2.02 -6.458 0.983
07.05.1993 2.013 -6.456 0.982
08.05.1993 2.001 -6.453 0.981
09.05.1993 1.987 -6.451 0.981
10.05.1993 1.981 -6.449 0.98
11.05.1993 1.966 -6.447 0.98
12.05.1993 1.952 -6.446 0.979
13.05.1993 1.939 -6.445 0.978
14.05.1993 1.932 -6.444 0.977
15.05.1993 1.924 -6.442 0.976
16.05.1993 1.912 -6.44 0.974
17.05.1993 1.903 -6.439 0.973
18.05.1993 1.894 -6.438 0.973
19.05.1993 1.886 -6.436 0.972
20.05.1993 1.873 -6.435 0.971
21.05.1993 1.859 -6.433 0.97
22.05.1993 1.845 -6.432 0.969
23.05.1993 1.838 -6.43 0.968
24.05.1993 1.823 -6.428 0.967
25.05.1993 1.813 -6.426 0.966
26.05.1993 1.806 -6.424 0.965
27.05.1993 1.793 -6.422 0.964
28.05.1993 1.784 -6.42 0.963
29.05.1993 1.778 -6.418 0.962
30.05.1993 1.764 -6.417 0.961
31.05.1993 1.755 -6.414 0.96
01.06.1993 1.75 -6.413 0.959
02.06.1993 1.737 -6.412 0.958
03.06.1993 1.731 -6.409 0.956
04.06.1993 1.72 -6.408 0.955
05.06.1993 1.708 -6.406 0.954
06.06.1993 1.699 -6.405 0.953
07.06.1993 1.692 -6.403 0.953
08.06.1993 1.681 -6.401 0.952
09.06.1993 1.666 -6.4 0.95
10.06.1993 1.657 -6.399 0.95
11.06.1993 1.647 -6.397 0.949
12.06.1993 1.634 -6.395 0.948
13.06.1993 1.619 -6.394 0.947
14.06.1993 1.611 -6.393 0.945
15.06.1993 1.598 -6.391 0.944
16.06.1993 1.591 -6.389 0.943
17.06.1993 1.578 -6.388 0.942
18.06.1993 1.57 -6.387 0.941
19.06.1993 1.555 -6.385 0.94
20.06.1993 1.543 -6.383 0.939
21.06.1993 1.529 -6.381 0.938
22.06.1993 1.518 -6.378 0.938
23.06.1993 1.504 -6.377 0.937
24.06.1993 1.493 -6.376 0.936
25.06.1993 1.48 -6.375 0.935
26.06.1993 1.47 -6.373 0.934
27.06.1993 1.461 -6.372 0.932
28.06.1993 1.446 -6.371 0.931
29.06.1993 1.434 -6.368 0.931
30.06.1993 1.42 -6.367 0.93
01.07.1993 1.411 -6.365 0.929
02.07.1993 1.406 -6.363 0.928
03.07.1993 1.395 -6.362 0.927
04.07.1993 1.381 -6.361 0.926
05.07.1993 1.367 -6.359 0.925
06.07.1993 1.354 -6.358 0.924
07.07.1993 1.339 -6.356 0.923
08.07.1993 1.332 -6.354 0.922
09.07.1993 1.324 -6.352 0.922
10.07.1993 1.311 -6.35 0.92
11.07.1993 1.3 -6.349 0.92
12.07.1993 1.285 -6.347 0.919
13.07.1993 1.273 -6.346 0.919
14.07.1993 1.268 -6.344 0.917
15.07.1993 1.261 -6.343 0.916
16.07.1993 1.254 -6.341 0.915
17.07.1993 1.248 -6.34 0.915
18.07.1993 1.24 -6.338 0.914
19.07.1993 1.23 -6.336 0.913
20.07.1993 1.216 -6.335 0.912
21.07.1993 1.209 -6.333 0.911
22.07.1993 1.203 -6.331 0.91
23.07.1993 1.196 -6.329 0.909
24.07.1993 1.183 -6.328 0.909
25.07.1993 1.169 -6.326 0.908
26.07.1993 1.163 -6.325 0.906
27.07.1993 1.154 -6.323 0.905
28.07.1993 1.148 -6.321 0.904
29.07.1993 1.138 -6.319 0.904
30.07.1993 1.129 -6.317 0.902
31.07.1993 1.122 -6.314 0.901
01.08.1993 1.116 -6.313 0.9
02.08.1993 1.111 -6.311 0.9
03.08.1993 1.101 -6.31 0.898
04.08.1993 1.089 -6.308 0.897
05.08.1993 1.081 -6.306 0.896
06.08.1993 1.073 -6.304 0.895
07.08.1993 1.059 -6.302 0.894
08.08.1993 1.053 -6.3 0.892
09.08.1993 1.047 -6.298 0.892
10.08.1993 1.034 -6.297 0.891
11.08.1993 1.024 -6.295 0.889
12.08.1993 1.013 -6.294 0.888
13.08.1993 1.005 -6.293 0.886
14.08.1993 0.993 -6.292 0.885
15.08.1993 0.979 -6.29 0.884
16.08.1993 0.968 -6.289 0.883
17.08.1993 0.953 -6.287 0.882
18.08.1993 0.946 -6.285 0.882
19.08.1993 0.933 -6.283 0.881
20.08.1993 0.928 -6.282 0.88
21.08.1993 0.915 -6.28 0.879
22.08.1993 0.906 -6.278 0.878
23.08.1993 0.892 -6.277 0.878
24.08.1993 0.883 -6.276 0.877
25.08.1993 0.87 -6.274 0.876
26.08.1993 0.865 -6.272 0.875
27.08.1993 0.854 -6.271 0.874
28.08.1993 0.843 -6.269 0.873
29.08.1993 0.829 -6.268 0.872
30.08.1993 0.814 -6.267 0.871
31.08.1993 0.803 -6.265 0.87
01.09.1993 0.797 -6.263 0.869
02.09.1993 0.784 -6.263 0.867
03.09.1993 0.773 -6.261 0.866
04.09.1993 0.766 -6.26 0.865
05.09.1993 0.754 -6.258 0.864
06.09.1993 0.743 -6.256 0.863
07.09.1993 0.734 -6.255 0.862
08.09.1993 0.72 -6.254 0.861
09.09.1993 0.708 -6.254 0.86
10.09.1993 0.699 -6.252 0.859
11.09.1993 0.686 -6.25 0.858
12.09.1993 0.672 -6.248 0.858
13.09.1993 0.658 -6.246 0.856
14.09.1993 0.647 -6.244 0.855
15.09.1993 0.634 -6.243 0.854
16.09.1993 0.62 -6.242 0.853
17.09.1993 0.609 -6.24 0.852
18.09.1993 0.6 -6.238 0.851
19.09.1993 0.59 -6.237 0.85
20.09.1993 0.579 -6.236 0.849
21.09.1993 0.57 -6.235 0.848
22.09.1993 0.555 -6.233 0.846
23.09.1993 0.544 -6.232 0.846
24.09.1993 0.536 -6.23 0.845
25.09.1993 0.522 -6.228 0.843
26.09.1993 0.513 -6.226 0.843
27.09.1993 0.503 -6.224 0.842
28.09.1993 0.495 -6.222 0.841
29.09.1993 0.486 -6.22 0.841
30.09.1993 0.475 -6.219 0.84
01.10.1993 0.469 -6.217 0.839
02.10.1993 0.457 -6.215 0.838
03.10.1993 0.447 -6.214 0.837
04.10.1993 0.434 -6.212 0.836
05.10.1993 0.42 -6.211 0.835
06.10.1993 0.414 -6.209 0.834
07.10.1993 0.408 -6.207 0.833
08.10.1993 0.4 -6.206 0.832
09.10.1993 0.39 -6.204 0.83
10.10.1993 0.378 -6.202 0.829
11.10.1993 0.37 -6.201 0.828
12.10.1993 0.361 -6.2 0.827
13.10.1993 0.355 -6.197 0.826
14.10.1993 0.345 -6.197 0.825
15.10.1993 0.335 -6.196 0.823
16.10.1993 0.326 -6.194 0.823
17.10.1993 0.32 -6.192 0.822
18.10.1993 0.311 -6.191 0.821
19.10.1993 0.303 -6.189 0.82
20.10.1993 0.29 -6.187 0.818
21.10.1993 0.285 -6.186 0.818
22.10.1993 0.276 -6.184 0.817
23.10.1993 0.269 -6.182 0.816
24.10.1993 0.262 -6.18 0.815
25.10.1993 0.253 -6.178 0.814
26.10.1993 0.239 -6.177 0.813
27.10.1993 0.231 -6.175 0.812
28.10.1993 0.224 -6.173 0.811
29.10.1993 0.216 -6.173 0.81
30.10.1993 0.208 -6.171 0.809
31.10.1993 0.202 -6.169 0.808
01.11.1993 0.196 -6.167 0.807
02.11.1993 0.183 -6.166 0.806
03.11.1993 0.175 -6.165 0.805
04.11.1993 0.161 -6.164 0.804
05.11.1993 0.156 -6.163 0.803
06.11.1993 0.145 -6.162 0.802
07.11.1993 0.133 -6.161 0.8
08.11.1993 0.126 -6.159 0.799
09.11.1993 0.117 -6.158 0.799
10.11.1993 0.109 -6.156 0.797
11.11.1993 0.1 -6.154 0.797
12.11.1993 0.094 -6.152 0.796
13.11.1993 0.083 -6.15 0.794
14.11.1993 0.072 -6.148 0.793
15.11.1993 0.059 -6.146 0.792
16.11.1993 0.052 -6.145 0.791
17.11.1993 0.043 -6.144 0.79
18.11.1993 0.033 -6.142 0.79
19.11.1993 0.019 -6.141 0.789
20.11.1993 0.012 -6.14 0.788
21.11.1993 0.004 -6.139 0.787
