14.07.1999 5.236 -6.477 1.445
15.07.1999 5.223 -6.471 1.444
16.07.1999 5.209 -6.464 1.443
17.07.1999 5.199 -6.454 1.442
18.07.1999 5.188 -6.449 1.441
19.07.1999 5.18 -6.443 1.44
20.07.1999 5.172 -6.437 1.44
21.07.1999 5.165 -6.434 1.439
22.07.1999 5.157 -6.428 1.438
23.07.1999 5.146 -6.421 1.437
24.07.1999 5.133 -6.414 1.436
25.07.1999 5.122 -6.411 1.436
26.07.1999 5.108 -6.405 1.434
27.07.1999 5.094 -6.402 1.433
28.07.1999 5.089 -6.398 1.432
29.07.1999 5.075 -6.393 1.431
30.07.1999 5.065 -6.387 1.43
31.07.1999 5.054 -6.382 1.428
01.08.1999 5.047 -6.377 1.427
02.08.1999 5.033 -6.372 1.427
03.08.1999 5.018 -6.368 1.426
04.08.1999 5.011 -6.365 1.424
05.08.1999 4.997 -6.359 1.423
06.08.1999 4.991 -6.356 1.422
07.08.1999 4.98 -6.353 1.422
08.08.1999 4.969 -6.35 1.421
09.08.1999 4.958 -6.347 1.419
10.08.1999 4.943 -6.345 1.418
11.08.1999 4.936 -6.342 1.417
12.08.1999 4.929 -6.337 1.416
13.08.1999 4.915 -6.334 1.414
14.08.1999 4.909 -6.331 1.413
15.08.1999 4.901 -6.326 1.413
16.08.1999 4.896 -6.324 1.412
17.08.1999 4.882 -6.321 1.411
18.08.1999 4.871 -6.317 1.41
19.08.1999 4.864 -6.313 1.409
20.08.1999 4.851 -6.31 1.407
21.08.1999 4.845 -6.308 1.407
22.08.1999 4.833 -6.303 1.406
23.08.1999 4.818 -6.301 1.405
24.08.1999 4.808 -6.297 1.404
25.08.1999 4.8 -6.293 1.404
26.08.1999 4.788 -6.29 1.403
27.08.1999 4.773 -6.288 1.402
28.08.1999 4.759 -6.285 1.401
29.08.1999 4.75 -6.282 1.4
30.08.1999 4.738 -6.28 1.399
31.08.1999 4.724 -6.276 1.398
01.09.1999 4.712 -6.274 1.397
02.09.1999 4.705 -6.271 1.397
03.09.1999 4.699 -6.269 1.396
04.09.1999 4.686 -6.266 1.396
05.09.1999 4.676 -6.261 1.395
06.09.1999 4.663 -6.258 1.393
07.09.1999 4.652 -6.256 1.392
08.09.1999 4.639 -6.252 1.39
09.09.1999 4.631 -6.25 1.389
10.09.1999 4.623 -6.246 1.388
11.09.1999 4.617 -6.243 1.387
12.09.1999 4.609 -6.241 1.386
13.09.1999 4.594 -6.237 1.385
14.09.1999 4.588 -6.234 1.383
15.09.1999 4.575 -6.233 1.382
16.09.1999 4.568 -6.229 1.382
17.09.1999 4.557 -6.227 1.381
18.09.1999 4.545 -6.225 1.38
19.09.1999 4.539 -6.222 1.379
20.09.1999 4.532 -6.219 1.378
21.09.1999 4.524 -6.216 1.377
22.09.1999 4.511 -6.214 1.376
23.09.1999 4.498 -6.21 1.375
24.09.1999 4.491 -6.208 1.373
25.09.1999 4.481 -6.205 1.372
26.09.1999 4.469 -6.203 1.371
27.09.1999 4.463 -6.199 1.37
28.09.1999 4.449 -6.197 1.369
29.09.1999 4.441 -6.195 1.369
30.09.1999 4.431 -6.191 1.368
01.10.1999 4.422 -6.189 1.367
02.10.1999 4.414 -6.187 1.367
03.10.1999 4.406 -6.184 1.366
04.10.1999 4.397 -6.181 1.366
05.10.1999 4.385 -6.178 1.365
06.10.1999 4.378 -6.177 1.364
07.10.1999 4.364 -6.175 1.363
08.10.1999 4.357 -6.172 1.363
09.10.1999 4.346 -6.17 1.362
10.10.1999 4.34 -6.166 1.36
11.10.1999 4.327 -6.164 1.359
12.10.1999 4.318 -6.161 1.358
13.10.1999 4.307 -6.157 1.357
14.10.1999 4.297 -6.155 1.356
15.10.1999 4.289 -6.152 1.355
16.10.1999 4.279 -6.15 1.354
17.10.1999 4.267 -6.147 1.353
18.10.1999 4.257 -6.145 1.351
19.10.1999 4.25 -6.142 1.35
20.10.1999 4.245 -6.14 1.349
21.10.1999 4.231 -6.138 1.348
22.10.1999 4.216 -6.135 1.347
23.10.1999 4.21 -6.132 1.346
24.10.1999 4.197 -6.129 1.345
25.10.1999 4.187 -6.127 1.344
26.10.1999 4.178 -6.126 1.342
27.10.1999 4.164 -6.123 1.342
28.10.1999 4.156 -6.12 1.341
29.10.1999 4.148 -6.118 1.34
30.10.1999 4.142 -6.116 1.339
31.10.1999 4.128 -6.115 1.338
01.11.1999 4.114 -6.114 1.337
02.11.1999 4.101 -6.112 1.337
03.11.1999 4.089 -6.109 1.335
04.11.1999 4.078 -6.107 1.334
05.11.1999 4.068 -6.106 1.333
06.11.1999 4.061 -6.103 1.332
07.11.1999 4.053 -6.101 1.33
08.11.1999 4.044 -6.099 1.329
09.11.1999 4.03 -6.097 1.329
10.11.1999 4.023 -6.095 1.328
11.11.1999 4.01 -6.093 1.327
12.11.1999 3.998 -6.09 1.326
13.11.1999 3.984 -6.088 1.324
14.11.1999 3.971 -6.086 1.324
15.11.1999 3.959 -6.084 1.323
16.11.1999 3.951 -6.082 1.322
17.11.1999 3.94 -6.08 1.321
18.11.1999 3.926 -6.077 1.32
19.11.1999 3.916 -6.075 1.319
20.11.1999 3.903 -6.073 1.317
21.11.1999 3.889 -6.07 1.317
22.11.1999 3.882 -6.067 1.316
23.11.1999 3.871 -6.064 1.315
24.11.1999 3.86 -6.062 1.314
25.11.1999 3.848 -6.06 1.313
26.11.1999 3.838 -6.057 1.312
27.11.1999 3.828 -6.056 1.31
28.11.1999 3.821 -6.054 1.31
29.11.1999 3.808 -6.05 1.309
30.11.1999 3.795 -6.049 1.308
01.12.1999 3.784 -6.046 1.308
02.12.1999 3.774 -6.043 1.306
03.12.1999 3.765 -6.04 1.305
04.12.1999 3.753 -6.038 1.303
05.12.1999 3.745 -6.035 1.302
06.12.1999 3.736 -6.033 1.301
07.12.1999 3.726 -6.032 1.3
08.12.1999 3.714 -6.029 1.299
09.12.1999 3.706 -6.026 1.298
10.12.1999 3.698 -6.024 1.298
11.12.1999 3.686 -6.021 1.297
12.12.1999 3.675 -6.019 1.296
13.12.1999 3.663 -6.016 1.295
14.12.1999 3.65 -6.015 1.295
15.12.1999 3.636 -6.014 1.294
16.12.1999 3.626 -6.012 1.293
17.12.1999 3.617 -6.009 1.292
18.12.1999 3.606 -6.006 1.292
19.12.1999 3.6 -6.004 1.29
20.12.1999 3.587 -6.001 1.289
21.12.1999 3.58 -6.0 1.288
22.12.1999 3.568 -5.999 1.286
23.12.1999 3.561 -5.997 1.285
24.12.1999 3.554 -5.996 1.284
25.12.1999 3.54 -5.993 1.284
26.12.1999 3.528 -5.99 1.283
27.12.1999 3.52 -5.989 1.282
28.12.1999 3.506 -5.986 1.281
29.12.1999 3.495 -5.983 1.28
30.12.1999 3.48 -5.981 1.279
31.12.1999 3.467 -5.979 1.278
01.01.2000 3.455 -5.978 1.278
02.01.2000 3.448 -5.976 1.276
03.01.2000 3.441 -5.973 1.275
04.01.2000 3.429 -5.971 1.274
05.01.2000 3.416 -5.968 1.273
06.01.2000 3.405 -5.966 1.272
07.01.2000 3.396 -5.963 1.272
08.01.2000 3.388 -5.96 1.271
09.01.2000 3.382 -5.959 1.269
10.01.2000 3.371 -5.956 1.268
11.01.2000 3.363 -5.954 1.268
12.01.2000 3.35 -5.952 1.267
13.01.2000 3.34 -5.951 1.265
14.01.2000 3.333 -5.949 1.264
15.01.2000 3.323 -5.947 1.263
16.01.2000 3.311 -5.946 1.262
17.01.2000 3.3 -5.944 1.261
18.01.2000 3.293 -5.943 1.26
19.01.2000 3.283 -5.942 1.259
20.01.2000 3.272 -5.939 1.258
21.01.2000 3.26 -5.936 1.257
22.01.2000 3.246 -5.935 1.256
23.01.2000 3.236 -5.934 1.255
24.01.2000 3.224 -5.931 1.254
25.01.2000 3.21 -5.929 1.253
26.01.2000 3.203 -5.926 1.252
27.01.2000 3.196 -5.923 1.251
28.01.2000 3.191 -5.922 1.251
29.01.2000 3.184 -5.92 1.25
30.01.2000 3.178 -5.918 1.249
31.01.2000 3.164 -5.916 1.248
01.02.2000 3.155 -5.915 1.248
02.02.2000 3.149 -5.912 1.246
03.02.2000 3.143 -5.91 1.245
04.02.2000 3.128 -5.909 1.244
05.02.2000 3.122 -5.907 1.243
06.02.2000 3.11 -5.905 1.242
07.02.2000 3.098 -5.904 1.24
08.02.2000 3.086 -5.901 1.24
09.02.2000 3.078 -5.899 1.238
10.02.2000 3.067 -5.897 1.237
11.02.2000 3.056 -5.894 1.237
12.02.2000 3.046 -5.892 1.236
13.02.2000 3.037 -5.891 1.235
14.02.2000 3.022 -5.888 1.234
15.02.2000 3.014 -5.887 1.233
16.02.2000 3.0 -5.885 1.233
17.02.2000 2.99 -5.882 1.231
18.02.2000 2.98 -5.881 1.231
19.02.2000 2.967 -5.878 1.23
20.02.2000 2.956 -5.877 1.229
21.02.2000 2.945 -5.876 1.229
22.02.2000 2.93 -5.873 1.228
23.02.2000 2.916 -5.871 1.227
24.02.2000 2.91 -5.869 1.226
25.02.2000 2.898 -5.867 1.225
26.02.2000 2.891 -5.865 1.224
27.02.2000 2.881 -5.863 1.223
28.02.2000 2.875 -5.862 1.222
29.02.2000 2.86 -5.861 1.221
01.03.2000 2.848 -5.859 1.22
02.03.2000 2.842 -5.856 1.219
03.03.2000 2.83 -5.853 1.218
04.03.2000 2.816 -5.851 1.217
05.03.2000 2.805 -5.848 1.215
06.03.2000 2.79 -5.846 1.214
07.03.2000 2.78 -5.844 1.214
08.03.2000 2.769 -5.843 1.213
09.03.2000 2.757 -5.842 1.212
10.03.2000 2.752 -5.839 1.211
11.03.2000 2.744 -5.838 1.21
12.03.2000 2.733 -5.836 1.209
13.03.2000 2.722 -5.834 1.208
14.03.2000 2.709 -5.832 1.207
15.03.2000 2.701 -5.83 1.207
16.03.2000 2.691 -5.827 1.205
17.03.2000 2.682 -5.825 1.204
18.03.2000 2.673 -5.822 1.203
19.03.2000 2.667 -5.821 1.202
20.03.2000 2.655 -5.82 1.201
21.03.2000 2.643 -5.817 1.199
22.03.2000 2.63 -5.815 1.198
23.03.2000 2.615 -5.813 1.197
24.03.2000 2.604 -5.811 1.196
25.03.2000 2.599 -5.81 1.196
26.03.2000 2.587 -5.808 1.195
27.03.2000 2.579 -5.807 1.193
28.03.2000 2.57 -5.805 1.193
29.03.2000 2.558 -5.804 1.192
30.03.2000 2.545 -5.801 1.191
31.03.2000 2.538 -5.8 1.19
01.04.2000 2.53 -5.798 1.189
02.04.2000 2.523 -5.795 1.188
03.04.2000 2.512 -5.793 1.187
04.04.2000 2.503 -5.791 1.185
05.04.2000 2.493 -5.789 1.184
06.04.2000 2.482 -5.788 1.183
07.04.2000 2.475 -5.785 1.183
08.04.2000 2.462 -5.782 1.182
09.04.2000 2.454 -5.781 1.181
10.04.2000 2.448 -5.779 1.18
11.04.2000 2.434 -5.778 1.179
12.04.2000 2.419 -5.776 1.179
13.04.2000 2.406 -5.773 1.177
14.04.2000 2.391 -5.77 1.176
15.04.2000 2.38 -5.768 1.175
16.04.2000 2.369 -5.766 1.174
17.04.2000 2.358 -5.764 1.173
18.04.2000 2.348 -5.763 1.172
19.04.2000 2.333 -5.761 1.171
20.04.2000 2.325 -5.759 1.17
21.04.2000 2.318 -5.756 1.169
22.04.2000 2.313 -5.755 1.169
23.04.2000 2.299 -5.753 1.168
24.04.2000 2.291 -5.751 1.167
25.04.2000 2.28 -5.749 1.166
26.04.2000 2.272 -5.748 1.165
27.04.2000 2.262 -5.746 1.164
28.04.2000 2.249 -5.744 1.162
29.04.2000 2.243 -5.741 1.162
30.04.2000 2.233 -5.74 1.16
01.05.2000 2.226 -5.737 1.159
02.05.2000 2.214 -5.736 1.159
03.05.2000 2.203 -5.734 1.158
04.05.2000 2.198 -5.732 1.157
05.05.2000 2.192 -5.73 1.156
06.05.2000 2.181 -5.728 1.156
07.05.2000 2.172 -5.727 1.155
08.05.2000 2.161 -5.726 1.154
09.05.2000 2.153 -5.724 1.153
10.05.2000 2.146 -5.722 1.152
11.05.2000 2.139 -5.72 1.151
12.05.2000 2.13 -5.719 1.15
13.05.2000 2.117 -5.717 1.15
14.05.2000 2.11 -5.715 1.148
15.05.2000 2.104 -5.714 1.147
16.05.2000 2.091 -5.711 1.146
17.05.2000 2.086 -5.71 1.144
18.05.2000 2.072 -5.709 1.144
19.05.2000 2.058 -5.707 1.143
20.05.2000 2.05 -5.704 1.142
21.05.2000 2.045 -5.703 1.14
22.05.2000 2.033 -5.701 1.14
23.05.2000 2.026 -5.699 1.139
24.05.2000 2.014 -5.696 1.138
25.05.2000 2.002 -5.695 1.137
26.05.2000 1.997 -5.693 1.136
27.05.2000 1.991 -5.691 1.135
28.05.2000 1.983 -5.689 1.134
29.05.2000 1.978 -5.687 1.133
30.05.2000 1.968 -5.684 1.132
31.05.2000 1.96 -5.683 1.131
01.06.2000 1.953 -5.681 1.131
02.06.2000 1.945 -5.679 1.13
03.06.2000 1.937 -5.677 1.129
04.06.2000 1.93 -5.675 1.127
05.06.2000 1.917 -5.674 1.127
06.06.2000 1.903 -5.672 1.125
07.06.2000 1.892 -5.67 1.124
08.06.2000 1.879 -5.669 1.123
09.06.2000 1.873 -5.667 1.122
10.06.2000 1.866 -5.666 1.121
11.06.2000 1.86 -5.664 1.12
12.06.2000 1.848 -5.663 1.119
13.06.2000 1.836 -5.662 1.118
14.06.2000 1.824 -5.66 1.116
15.06.2000 1.816 -5.658 1.116
16.06.2000 1.808 -5.657 1.115
17.06.2000 1.801 -5.655 1.113
18.06.2000 1.792 -5.653 1.112
19.06.2000 1.78 -5.651 1.111
20.06.2000 1.766 -5.649 1.11
21.06.2000 1.752 -5.648 1.109
22.06.2000 1.741 -5.647 1.109
23.06.2000 1.735 -5.644 1.108
24.06.2000 1.728 -5.643 1.107
25.06.2000 1.716 -5.641 1.107
26.06.2000 1.709 -5.639 1.106
27.06.2000 1.703 -5.636 1.104
28.06.2000 1.696 -5.634 1.103
29.06.2000 1.69 -5.631 1.102
30.06.2000 1.68 -5.63 1.101
01.07.2000 1.672 -5.628 1.1
02.07.2000 1.659 -5.626 1.099
03.07.2000 1.647 -5.624 1.098
04.07.2000 1.634 -5.623 1.097
05.07.2000 1.628 -5.62 1.096
06.07.2000 1.617 -5.618 1.095
07.07.2000 1.605 -5.616 1.094
08.07.2000 1.595 -5.614 1.092
09.07.2000 1.586 -5.612 1.091
10.07.2000 1.571 -5.61 1.09
11.07.2000 1.562 -5.608 1.089
12.07.2000 1.552 -5.606 1.088
13.07.2000 1.539 -5.605 1.087
14.07.2000 1.53 -5.603 1.086
15.07.2000 1.521 -5.601 1.085
16.07.2000 1.508 -5.599 1.084
17.07.2000 1.494 -5.598 1.083
18.07.2000 1.481 -5.596 1.081
19.07.2000 1.469 -5.594 1.081
20.07.2000 1.455 -5.592 1.08
21.07.2000 1.444 -5.591 1.079
22.07.2000 1.434 -5.589 1.078
23.07.2000 1.422 -5.587 1.077
24.07.2000 1.41 -5.585 1.076
25.07.2000 1.401 -5.583 1.075
26.07.2000 1.386 -5.582 1.074
27.07.2000 1.381 -5.581 1.073
28.07.2000 1.374 -5.58 1.072
29.07.2000 1.367 -5.578 1.071
30.07.2000 1.36 -5.578 1.07
31.07.2000 1.354 -5.576 1.069
01.08.2000 1.341 -5.574 1.068
02.08.2000 1.332 -5.572 1.066
03.08.2000 1.318 -5.571 1.066
04.08.2000 1.304 -5.568 1.065
05.08.2000 1.292 -5.566 1.064
06.08.2000 1.281 -5.565 1.063
07.08.2000 1.271 -5.563 1.062
08.08.2000 1.26 -5.562 1.061
09.08.2000 1.251 -5.561 1.06
10.08.2000 1.243 -5.559 1.059
11.08.2000 1.232 -5.557 1.059
12.08.2000 1.221 -5.555 1.057
13.08.2000 1.207 -5.553 1.056
14.08.2000 1.199 -5.551 1.055
15.08.2000 1.19 -5.549 1.055
16.08.2000 1.175 -5.548 1.054
17.08.2000 1.169 -5.547 1.053
18.08.2000 1.156 -5.545 1.052
19.08.2000 1.142 -5.544 1.05
20.08.2000 1.13 -5.543 1.049
21.08.2000 1.125 -5.54 1.048
22.08.2000 1.112 -5.539 1.047
23.08.2000 1.099 -5.537 1.045
24.08.2000 1.089 -5.536 1.044
25.08.2000 1.078 -5.535 1.044
26.08.2000 1.064 -5.534 1.043
27.08.2000 1.058 -5.533 1.042
28.08.2000 1.045 -5.532 1.04
29.08.2000 1.032 -5.53 1.039
30.08.2000 1.02 -5.528 1.038
31.08.2000 1.012 -5.527 1.037
01.09.2000 1.002 -5.525 1.036
02.09.2000 0.988 -5.523 1.035
03.09.2000 0.976 -5.522 1.034
04.09.2000 0.962 -5.52 1.034
05.09.2000 0.955 -5.518 1.033
06.09.2000 0.946 -5.516 1.031
07.09.2000 0.935 -5.515 1.03
08.09.2000 0.922 -5.513 1.029
09.09.2000 0.907 -5.512 1.029
10.09.2000 0.9 -5.51 1.028
11.09.2000 0.892 -5.509 1.027
12.09.2000 0.883 -5.507 1.026
13.09.2000 0.868 -5.506 1.025
14.09.2000 0.857 -5.505 1.024
15.09.2000 0.85 -5.503 1.023
16.09.2000 0.844 -5.502 1.021
17.09.2000 0.833 -5.5 1.021
18.09.2000 0.818 -5.498 1.02
19.09.2000 0.806 -5.496 1.018
20.09.2000 0.797 -5.494 1.017
21.09.2000 0.792 -5.492 1.016
22.09.2000 0.783 -5.491 1.014
23.09.2000 0.775 -5.49 1.013
24.09.2000 0.765 -5.488 1.013
25.09.2000 0.754 -5.485 1.011
26.09.2000 0.744 -5.483 1.01
27.09.2000 0.732 -5.481 1.009
28.09.2000 0.721 -5.48 1.008
29.09.2000 0.715 -5.478 1.008
30.09.2000 0.706 -5.477 1.007
01.10.2000 0.695 -5.475 1.005
02.10.2000 0.684 -5.473 1.004
03.10.2000 0.673 -5.472 1.003
04.10.2000 0.663 -5.47 1.002
05.10.2000 0.655 -5.469 1.002
06.10.2000 0.646 -5.467 1.0
07.10.2000 0.635 -5.465 0.999
08.10.2000 0.622 -5.463 0.998
09.10.2000 0.617 -5.462 0.997
10.10.2000 0.608 -5.462 0.995
11.10.2000 0.601 -5.459 0.995
12.10.2000 0.587 -5.458 0.994
13.10.2000 0.58 -5.457 0.993
14.10.2000 0.575 -5.455 0.992
15.10.2000 0.562 -5.452 0.991
16.10.2000 0.552 -5.451 0.99
17.10.2000 0.539 -5.45 0.989
18.10.2000 0.529 -5.448 0.988
19.10.2000 0.522 -5.446 0.987
20.10.2000 0.513 -5.444 0.986
21.10.2000 0.505 -5.443 0.985
22.10.2000 0.499 -5.441 0.983
23.10.2000 0.489 -5.438 0.982
24.10.2000 0.482 -5.437 0.981
25.10.2000 0.476 -5.435 0.98
26.10.2000 0.466 -5.433 0.979
27.10.2000 0.457 -5.432 0.978
28.10.2000 0.452 -5.431 0.977
29.10.2000 0.443 -5.429 0.976
30.10.2000 0.429 -5.428 0.975
31.10.2000 0.423 -5.427 0.974
01.11.2000 0.411 -5.425 0.973
02.11.2000 0.404 -5.423 0.972
03.11.2000 0.392 -5.421 0.97
04.11.2000 0.381 -5.42 0.969
05.11.2000 0.376 -5.418 0.968
06.11.2000 0.362 -5.416 0.967
07.11.2000 0.348 -5.414 0.965
08.11.2000 0.338 -5.412 0.965
09.11.2000 0.329 -5.41 0.963
10.11.2000 0.32 -5.408 0.962
11.11.2000 0.312 -5.407 0.961
12.11.2000 0.303 -5.406 0.96
13.11.2000 0.294 -5.403 0.958
14.11.2000 0.286 -5.401 0.957
15.11.2000 0.278 -5.4 0.956
16.11.2000 0.266 -5.399 0.955
17.11.2000 0.252 -5.397 0.954
18.11.2000 0.24 -5.396 0.953
19.11.2000 0.233 -5.394 0.952
20.11.2000 0.221 -5.393 0.951
21.11.2000 0.216 -5.391 0.95
22.11.2000 0.206 -5.39 0.949
23.11.2000 0.194 -5.388 0.949
24.11.2000 0.182 -5.387 0.948
25.11.2000 0.172 -5.385 0.947
26.11.2000 0.158 -5.384 0.946
27.11.2000 0.152 -5.383 0.945
28.11.2000 0.145 -5.383 0.943
29.11.2000 0.135 -5.381 0.942
30.11.2000 0.124 -5.379 0.941
01.12.2000 0.111 -5.377 0.94
02.12.2000 0.098 -5.375 0.938
03.12.2000 0.088 -5.373 0.937
04.12.2000 0.081 -5.372 0.936
05.12.2000 0.07 -5.371 0.935
06.12.2000 0.057 -5.369 0.935
07.12.2000 0.043 -5.367 0.933
08.12.2000 0.036 -5.365 0.932
09.12.2000 0.024 -5.363 0.93
10.12.2000 0.019 -5.362 0.93
11.12.2000 0.013 -5.361 0.929
