01.08.1983 6.708 -7.061 1.478
02.08.1983 6.696 -7.054 1.477
03.08.1983 6.687 -7.047 1.476
04.08.1983 6.681 -7.043 1.475
05.08.1983 6.676 -7.038 1.474
06.08.1983 6.663 -7.029 1.474
07.08.1983 6.649 -7.021 1.472
08.08.1983 6.639 -7.018 1.472
09.08.1983 6.624 -7.013 1.47
10.08.1983 6.611 -7.007 1.469
11.08.1983 6.6 -7.002 1.468
12.08.1983 6.591 -6.999 1.467
13.08.1983 6.576 -6.996 1.466
14.08.1983 6.565 -6.992 1.464
15.08.1983 6.554 -6.985 1.463
16.08.1983 6.546 -6.981 1.463
17.08.1983 6.541 -6.976 1.462
18.08.1983 6.535 -6.974 1.461
19.08.1983 6.529 -6.971 1.46
20.08.1983 6.524 -6.968 1.459
21.08.1983 6.513 -6.964 1.458
22.08.1983 6.502 -6.961 1.457
23.08.1983 6.491 -6.955 1.456
24.08.1983 6.477 -6.953 1.455
25.08.1983 6.463 -6.948 1.454
26.08.1983 6.453 -6.945 1.454
27.08.1983 6.441 -6.94 1.453
28.08.1983 6.432 -6.936 1.452
29.08.1983 6.421 -6.932 1.451
30.08.1983 6.411 -6.927 1.45
31.08.1983 6.404 -6.925 1.449
01.09.1983 6.398 -6.92 1.448
02.09.1983 6.392 -6.916 1.447
03.09.1983 6.387 -6.912 1.446
04.09.1983 6.381 -6.909 1.445
05.09.1983 6.372 -6.907 1.444
06.09.1983 6.36 -6.903 1.443
07.09.1983 6.346 -6.901 1.443
08.09.1983 6.34 -6.896 1.441
09.09.1983 6.333 -6.894 1.44
10.09.1983 6.328 -6.891 1.439
11.09.1983 6.319 -6.886 1.438
12.09.1983 6.314 -6.883 1.436
13.09.1983 6.306 -6.879 1.435
14.09.1983 6.301 -6.877 1.434
15.09.1983 6.292 -6.874 1.433
16.09.1983 6.282 -6.873 1.431
17.09.1983 6.276 -6.869 1.43
18.09.1983 6.266 -6.867 1.429
19.09.1983 6.26 -6.864 1.428
20.09.1983 6.246 -6.861 1.428
21.09.1983 6.241 -6.858 1.426
22.09.1983 6.232 -6.854 1.425
23.09.1983 6.225 -6.851 1.424
24.09.1983 6.216 -6.848 1.423
25.09.1983 6.202 -6.846 1.422
26.09.1983 6.194 -6.844 1.422
27.09.1983 6.185 -6.84 1.421
28.09.1983 6.178 -6.837 1.42
29.09.1983 6.17 -6.833 1.419
30.09.1983 6.159 -6.829 1.417
01.10.1983 6.146 -6.825 1.417
02.10.1983 6.133 -6.821 1.416
03.10.1983 6.121 -6.819 1.415
04.10.1983 6.111 -6.816 1.413
05.10.1983 6.096 -6.813 1.413
06.10.1983 6.086 -6.81 1.411
07.10.1983 6.074 -6.808 1.411
08.10.1983 6.061 -6.805 1.41
09.10.1983 6.049 -6.804 1.409
10.10.1983 6.037 -6.802 1.408
11.10.1983 6.032 -6.8 1.406
12.10.1983 6.021 -6.798 1.406
13.10.1983 6.009 -6.794 1.405
14.10.1983 6.004 -6.791 1.404
15.10.1983 5.999 -6.789 1.403
16.10.1983 5.993 -6.786 1.402
17.10.1983 5.983 -6.784 1.401
18.10.1983 5.971 -6.78 1.4
19.10.1983 5.963 -6.776 1.399
20.10.1983 5.953 -6.774 1.398
21.10.1983 5.941 -6.771 1.398
22.10.1983 5.935 -6.768 1.396
23.10.1983 5.926 -6.765 1.396
24.10.1983 5.912 -6.761 1.395
25.10.1983 5.899 -6.758 1.393
26.10.1983 5.888 -6.756 1.392
27.10.1983 5.876 -6.753 1.391
28.10.1983 5.868 -6.75 1.39
29.10.1983 5.856 -6.748 1.389
30.10.1983 5.846 -6.746 1.388
31.10.1983 5.841 -6.743 1.387
01.11.1983 5.828 -6.74 1.386
02.11.1983 5.819 -6.737 1.385
03.11.1983 5.811 -6.734 1.383
04.11.1983 5.804 -6.73 1.382
05.11.1983 5.791 -6.729 1.38
06.11.1983 5.777 -6.728 1.38
07.11.1983 5.769 -6.726 1.379
08.11.1983 5.761 -6.723 1.378
09.11.1983 5.754 -6.721 1.377
10.11.1983 5.743 -6.719 1.376
11.11.1983 5.73 -6.718 1.375
12.11.1983 5.716 -6.714 1.375
13.11.1983 5.706 -6.712 1.374
14.11.1983 5.694 -6.709 1.373
15.11.1983 5.682 -6.707 1.371
16.11.1983 5.676 -6.706 1.371
17.11.1983 5.67 -6.702 1.37
18.11.1983 5.661 -6.701 1.369
19.11.1983 5.651 -6.7 1.368
20.11.1983 5.637 -6.697 1.367
21.11.1983 5.625 -6.694 1.366
22.11.1983 5.616 -6.691 1.365
23.11.1983 5.604 -6.688 1.364
24.11.1983 5.594 -6.686 1.363
25.11.1983 5.584 -6.683 1.361
26.11.1983 5.578 -6.68 1.36
27.11.1983 5.572 -6.677 1.359
28.11.1983 5.56 -6.674 1.358
29.11.1983 5.551 -6.672 1.356
30.11.1983 5.543 -6.669 1.355
01.12.1983 5.529 -6.668 1.354
02.12.1983 5.523 -6.665 1.353
03.12.1983 5.518 -6.663 1.352
04.12.1983 5.51 -6.661 1.351
05.12.1983 5.498 -6.659 1.35
06.12.1983 5.484 -6.658 1.349
07.12.1983 5.471 -6.656 1.348
08.12.1983 5.459 -6.653 1.347
09.12.1983 5.447 -6.65 1.346
10.12.1983 5.436 -6.648 1.345
11.12.1983 5.424 -6.646 1.344
12.12.1983 5.415 -6.643 1.343
13.12.1983 5.41 -6.641 1.343
14.12.1983 5.4 -6.639 1.341
15.12.1983 5.393 -6.636 1.34
16.12.1983 5.382 -6.634 1.339
17.12.1983 5.373 -6.632 1.338
18.12.1983 5.365 -6.631 1.336
19.12.1983 5.357 -6.628 1.335
20.12.1983 5.351 -6.625 1.335
21.12.1983 5.346 -6.623 1.334
22.12.1983 5.336 -6.62 1.333
23.12.1983 5.326 -6.617 1.332
24.12.1983 5.311 -6.616 1.331
25.12.1983 5.301 -6.613 1.329
26.12.1983 5.289 -6.612 1.329
27.12.1983 5.275 -6.609 1.328
28.12.1983 5.26 -6.608 1.327
29.12.1983 5.247 -6.605 1.325
30.12.1983 5.238 -6.603 1.324
31.12.1983 5.228 -6.602 1.323
01.01.1984 5.218 -6.6 1.322
02.01.1984 5.205 -6.599 1.321
03.01.1984 5.195 -6.596 1.32
04.01.1984 5.181 -6.594 1.319
05.01.1984 5.172 -6.591 1.318
06.01.1984 5.159 -6.59 1.317
07.01.1984 5.144 -6.588 1.316
08.01.1984 5.135 -6.585 1.315
09.01.1984 5.123 -6.584 1.314
10.01.1984 5.111 -6.581 1.313
11.01.1984 5.104 -6.578 1.313
12.01.1984 5.095 -6.575 1.312
13.01.1984 5.09 -6.574 1.311
14.01.1984 5.078 -6.571 1.309
15.01.1984 5.068 -6.569 1.309
16.01.1984 5.056 -6.567 1.308
17.01.1984 5.049 -6.566 1.306
18.01.1984 5.044 -6.563 1.305
19.01.1984 5.034 -6.561 1.304
20.01.1984 5.022 -6.559 1.304
21.01.1984 5.008 -6.557 1.302
22.01.1984 4.995 -6.556 1.301
23.01.1984 4.982 -6.554 1.301
24.01.1984 4.969 -6.553 1.299
25.01.1984 4.961 -6.55 1.299
26.01.1984 4.954 -6.547 1.297
27.01.1984 4.947 -6.544 1.296
28.01.1984 4.935 -6.542 1.295
29.01.1984 4.927 -6.541 1.293
30.01.1984 4.913 -6.539 1.292
31.01.1984 4.906 -6.536 1.291
01.02.1984 4.894 -6.534 1.291
02.02.1984 4.884 -6.531 1.289
03.02.1984 4.873 -6.529 1.289
04.02.1984 4.863 -6.527 1.287
05.02.1984 4.852 -6.525 1.286
06.02.1984 4.846 -6.524 1.285
07.02.1984 4.836 -6.521 1.284
08.02.1984 4.828 -6.519 1.283
09.02.1984 4.82 -6.517 1.282
10.02.1984 4.805 -6.515 1.281
11.02.1984 4.797 -6.514 1.28
12.02.1984 4.785 -6.512 1.279
13.02.1984 4.778 -6.511 1.278
14.02.1984 4.768 -6.509 1.276
15.02.1984 4.755 -6.507 1.275
16.02.1984 4.74 -6.504 1.275
17.02.1984 4.73 -6.502 1.274
18.02.1984 4.715 -6.501 1.273
19.02.1984 4.702 -6.498 1.272
20.02.1984 4.695 -6.497 1.271
21.02.1984 4.69 -6.495 1.27
22.02.1984 4.68 -6.493 1.269
23.02.1984 4.669 -6.491 1.268
24.02.1984 4.655 -6.488 1.267
25.02.1984 4.643 -6.485 1.266
26.02.1984 4.631 -6.484 1.265
27.02.1984 4.623 -6.483 1.264
28.02.1984 4.614 -6.482 1.263
29.02.1984 4.603 -6.479 1.262
01.03.1984 4.591 -6.476 1.262
02.03.1984 4.576 -6.474 1.26
03.03.1984 4.562 -6.472 1.26
04.03.1984 4.549 -6.47 1.259
05.03.1984 4.536 -6.469 1.257
06.03.1984 4.53 -6.467 1.256
07.03.1984 4.523 -6.466 1.255
08.03.1984 4.51 -6.463 1.255
09.03.1984 4.505 -6.46 1.254
10.03.1984 4.495 -6.458 1.253
11.03.1984 4.485 -6.457 1.252
12.03.1984 4.474 -6.454 1.252
13.03.1984 4.465 -6.453 1.251
14.03.1984 4.459 -6.451 1.25
15.03.1984 4.451 -6.449 1.249
16.03.1984 4.438 -6.447 1.249
17.03.1984 4.428 -6.444 1.248
18.03.1984 4.419 -6.442 1.247
19.03.1984 4.407 -6.439 1.246
20.03.1984 4.399 -6.437 1.245
21.03.1984 4.39 -6.436 1.244
22.03.1984 4.381 -6.435 1.243
23.03.1984 4.373 -6.432 1.241
24.03.1984 4.359 -6.431 1.241
25.03.1984 4.354 -6.428 1.24
26.03.1984 4.346 -6.427 1.239
27.03.1984 4.339 -6.426 1.238
28.03.1984 4.329 -6.423 1.238
29.03.1984 4.316 -6.421 1.237
30.03.1984 4.308 -6.42 1.236
31.03.1984 4.301 -6.417 1.235
01.04.1984 4.287 -6.415 1.234
02.04.1984 4.274 -6.412 1.233
03.04.1984 4.266 -6.411 1.232
04.04.1984 4.254 -6.408 1.23
05.04.1984 4.244 -6.407 1.229
06.04.1984 4.233 -6.405 1.228
07.04.1984 4.226 -6.403 1.227
08.04.1984 4.219 -6.401 1.225
09.04.1984 4.205 -6.4 1.225
10.04.1984 4.19 -6.398 1.224
11.04.1984 4.175 -6.396 1.223
12.04.1984 4.161 -6.394 1.222
13.04.1984 4.148 -6.393 1.22
14.04.1984 4.133 -6.39 1.22
15.04.1984 4.123 -6.389 1.219
16.04.1984 4.113 -6.386 1.218
17.04.1984 4.104 -6.385 1.216
18.04.1984 4.093 -6.383 1.215
19.04.1984 4.087 -6.381 1.214
20.04.1984 4.08 -6.379 1.212
21.04.1984 4.073 -6.377 1.212
22.04.1984 4.059 -6.376 1.211
23.04.1984 4.044 -6.374 1.21
24.04.1984 4.033 -6.372 1.209
25.04.1984 4.025 -6.371 1.208
26.04.1984 4.013 -6.369 1.207
27.04.1984 4.003 -6.368 1.205
28.04.1984 3.997 -6.366 1.205
29.04.1984 3.988 -6.364 1.204
30.04.1984 3.977 -6.361 1.203
01.05.1984 3.966 -6.359 1.202
02.05.1984 3.956 -6.357 1.201
03.05.1984 3.947 -6.355 1.2
04.05.1984 3.937 -6.352 1.199
05.05.1984 3.922 -6.35 1.198
06.05.1984 3.916 -6.348 1.197
07.05.1984 3.903 -6.346 1.196
08.05.1984 3.898 -6.345 1.195
09.05.1984 3.889 -6.343 1.195
10.05.1984 3.88 -6.341 1.193
11.05.1984 3.875 -6.34 1.192
12.05.1984 3.864 -6.338 1.192
13.05.1984 3.857 -6.335 1.19
14.05.1984 3.842 -6.333 1.189
15.05.1984 3.829 -6.331 1.188
16.05.1984 3.822 -6.33 1.187
17.05.1984 3.81 -6.327 1.185
18.05.1984 3.796 -6.325 1.184
19.05.1984 3.788 -6.324 1.183
20.05.1984 3.774 -6.322 1.182
21.05.1984 3.762 -6.32 1.181
22.05.1984 3.755 -6.319 1.181
23.05.1984 3.744 -6.318 1.18
24.05.1984 3.735 -6.317 1.179
25.05.1984 3.721 -6.315 1.179
26.05.1984 3.713 -6.312 1.178
27.05.1984 3.708 -6.311 1.177
28.05.1984 3.693 -6.309 1.176
29.05.1984 3.68 -6.307 1.175
30.05.1984 3.671 -6.304 1.174
31.05.1984 3.656 -6.302 1.173
01.06.1984 3.644 -6.3 1.172
02.06.1984 3.63 -6.298 1.172
03.06.1984 3.615 -6.295 1.171
04.06.1984 3.604 -6.293 1.17
05.06.1984 3.591 -6.291 1.169
06.06.1984 3.585 -6.289 1.167
07.06.1984 3.576 -6.288 1.167
08.06.1984 3.563 -6.286 1.166
09.06.1984 3.553 -6.284 1.164
10.06.1984 3.539 -6.282 1.163
11.06.1984 3.534 -6.28 1.163
12.06.1984 3.522 -6.277 1.161
13.06.1984 3.51 -6.276 1.16
14.06.1984 3.499 -6.273 1.16
15.06.1984 3.494 -6.272 1.159
16.06.1984 3.479 -6.27 1.158
17.06.1984 3.468 -6.268 1.157
18.06.1984 3.462 -6.266 1.156
19.06.1984 3.452 -6.265 1.155
20.06.1984 3.446 -6.262 1.153
21.06.1984 3.434 -6.26 1.152
22.06.1984 3.425 -6.258 1.152
23.06.1984 3.414 -6.256 1.15
24.06.1984 3.4 -6.255 1.149
25.06.1984 3.385 -6.254 1.148
26.06.1984 3.374 -6.252 1.147
27.06.1984 3.369 -6.25 1.146
28.06.1984 3.363 -6.249 1.145
29.06.1984 3.358 -6.247 1.144
30.06.1984 3.35 -6.245 1.143
01.07.1984 3.343 -6.243 1.142
02.07.1984 3.331 -6.241 1.141
03.07.1984 3.316 -6.24 1.14
04.07.1984 3.304 -6.239 1.14
05.07.1984 3.298 -6.237 1.139
06.07.1984 3.291 -6.235 1.138
07.07.1984 3.283 -6.232 1.137
08.07.1984 3.273 -6.23 1.136
09.07.1984 3.268 -6.23 1.135
10.07.1984 3.263 -6.227 1.134
11.07.1984 3.251 -6.225 1.133
12.07.1984 3.24 -6.223 1.132
13.07.1984 3.229 -6.22 1.131
14.07.1984 3.216 -6.218 1.13
15.07.1984 3.21 -6.216 1.129
16.07.1984 3.203 -6.214 1.129
17.07.1984 3.196 -6.212 1.128
18.07.1984 3.188 -6.211 1.126
19.07.1984 3.176 -6.209 1.126
20.07.1984 3.162 -6.208 1.124
21.07.1984 3.148 -6.206 1.124
22.07.1984 3.142 -6.204 1.123
23.07.1984 3.134 -6.203 1.122
24.07.1984 3.122 -6.201 1.121
25.07.1984 3.108 -6.2 1.12
26.07.1984 3.102 -6.198 1.118
27.07.1984 3.089 -6.197 1.118
28.07.1984 3.077 -6.195 1.117
29.07.1984 3.063 -6.193 1.116
30.07.1984 3.055 -6.191 1.116
31.07.1984 3.048 -6.189 1.114
01.08.1984 3.034 -6.188 1.114
02.08.1984 3.024 -6.187 1.113
03.08.1984 3.01 -6.184 1.112
04.08.1984 3.005 -6.181 1.111
05.08.1984 2.99 -6.179 1.11
06.08.1984 2.983 -6.177 1.109
07.08.1984 2.972 -6.175 1.108
08.08.1984 2.958 -6.174 1.107
09.08.1984 2.944 -6.173 1.106
10.08.1984 2.934 -6.171 1.105
11.08.1984 2.924 -6.169 1.104
12.08.1984 2.915 -6.167 1.103
13.08.1984 2.905 -6.166 1.102
14.08.1984 2.898 -6.163 1.101
15.08.1984 2.884 -6.162 1.1
16.08.1984 2.875 -6.161 1.099
17.08.1984 2.869 -6.16 1.098
18.08.1984 2.856 -6.159 1.097
19.08.1984 2.847 -6.158 1.096
20.08.1984 2.834 -6.157 1.095
21.08.1984 2.821 -6.155 1.094
22.08.1984 2.808 -6.153 1.093
23.08.1984 2.794 -6.151 1.092
24.08.1984 2.785 -6.149 1.092
25.08.1984 2.773 -6.146 1.091
26.08.1984 2.763 -6.144 1.09
27.08.1984 2.755 -6.143 1.088
28.08.1984 2.741 -6.141 1.088
29.08.1984 2.735 -6.139 1.087
30.08.1984 2.726 -6.137 1.086
31.08.1984 2.713 -6.136 1.085
01.09.1984 2.699 -6.135 1.084
02.09.1984 2.691 -6.133 1.083
03.09.1984 2.685 -6.132 1.082
04.09.1984 2.676 -6.131 1.08
05.09.1984 2.669 -6.13 1.079
06.09.1984 2.654 -6.128 1.078
07.09.1984 2.645 -6.126 1.077
08.09.1984 2.635 -6.124 1.075
09.09.1984 2.626 -6.122 1.075
10.09.1984 2.62 -6.12 1.073
11.09.1984 2.613 -6.118 1.073
12.09.1984 2.599 -6.116 1.072
13.09.1984 2.587 -6.115 1.071
14.09.1984 2.577 -6.113 1.069
15.09.1984 2.568 -6.112 1.068
16.09.1984 2.56 -6.111 1.067
17.09.1984 2.545 -6.11 1.066
18.09.1984 2.539 -6.107 1.065
19.09.1984 2.528 -6.106 1.064
20.09.1984 2.517 -6.105 1.063
21.09.1984 2.507 -6.103 1.062
22.09.1984 2.494 -6.101 1.061
23.09.1984 2.486 -6.1 1.06
24.09.1984 2.473 -6.099 1.059
25.09.1984 2.467 -6.097 1.058
26.09.1984 2.453 -6.096 1.057
27.09.1984 2.447 -6.094 1.056
28.09.1984 2.437 -6.093 1.055
29.09.1984 2.426 -6.09 1.054
30.09.1984 2.415 -6.088 1.053
01.10.1984 2.403 -6.087 1.052
02.10.1984 2.397 -6.085 1.051
03.10.1984 2.384 -6.083 1.049
04.10.1984 2.377 -6.082 1.048
05.10.1984 2.363 -6.079 1.047
06.10.1984 2.354 -6.078 1.047
07.10.1984 2.341 -6.075 1.045
08.10.1984 2.329 -6.073 1.045
09.10.1984 2.318 -6.071 1.043
10.10.1984 2.307 -6.071 1.043
11.10.1984 2.292 -6.069 1.042
12.10.1984 2.28 -6.067 1.041
13.10.1984 2.272 -6.065 1.04
14.10.1984 2.261 -6.064 1.039
15.10.1984 2.248 -6.062 1.038
16.10.1984 2.24 -6.061 1.037
17.10.1984 2.227 -6.059 1.036
18.10.1984 2.216 -6.058 1.034
19.10.1984 2.207 -6.056 1.034
20.10.1984 2.193 -6.054 1.033
21.10.1984 2.181 -6.052 1.032
22.10.1984 2.169 -6.051 1.031
23.10.1984 2.161 -6.049 1.03
24.10.1984 2.153 -6.047 1.029
25.10.1984 2.139 -6.045 1.027
26.10.1984 2.125 -6.043 1.027
27.10.1984 2.118 -6.042 1.026
28.10.1984 2.11 -6.04 1.025
29.10.1984 2.1 -6.039 1.024
30.10.1984 2.095 -6.038 1.023
31.10.1984 2.088 -6.037 1.023
01.11.1984 2.076 -6.035 1.021
02.11.1984 2.068 -6.034 1.02
03.11.1984 2.054 -6.032 1.019
04.11.1984 2.044 -6.03 1.018
05.11.1984 2.032 -6.028 1.017
06.11.1984 2.017 -6.027 1.016
07.11.1984 2.006 -6.026 1.014
08.11.1984 2.0 -6.025 1.013
09.11.1984 1.985 -6.024 1.012
10.11.1984 1.977 -6.023 1.01
11.11.1984 1.97 -6.021 1.009
12.11.1984 1.958 -6.02 1.008
13.11.1984 1.949 -6.019 1.007
14.11.1984 1.938 -6.016 1.006
15.11.1984 1.933 -6.015 1.005
16.11.1984 1.925 -6.013 1.004
17.11.1984 1.914 -6.012 1.003
18.11.1984 1.905 -6.01 1.002
19.11.1984 1.898 -6.01 1.001
20.11.1984 1.893 -6.008 0.999
21.11.1984 1.878 -6.006 0.999
22.11.1984 1.872 -6.005 0.998
23.11.1984 1.858 -6.004 0.997
24.11.1984 1.845 -6.003 0.996
25.11.1984 1.832 -6.001 0.995
26.11.1984 1.819 -6.0 0.993
27.11.1984 1.811 -5.999 0.992
28.11.1984 1.799 -5.998 0.992
29.11.1984 1.784 -5.995 0.991
30.11.1984 1.776 -5.994 0.99
01.12.1984 1.762 -5.992 0.989
02.12.1984 1.756 -5.99 0.988
03.12.1984 1.745 -5.988 0.988
04.12.1984 1.734 -5.986 0.986
05.12.1984 1.72 -5.985 0.985
06.12.1984 1.713 -5.983 0.984
07.12.1984 1.705 -5.981 0.982
08.12.1984 1.691 -5.979 0.982
09.12.1984 1.682 -5.978 0.981
10.12.1984 1.677 -5.977 0.98
11.12.1984 1.666 -5.976 0.979
12.12.1984 1.659 -5.975 0.977
13.12.1984 1.651 -5.974 0.976
14.12.1984 1.645 -5.973 0.975
15.12.1984 1.63 -5.972 0.974
16.12.1984 1.618 -5.971 0.973
17.12.1984 1.604 -5.969 0.972
18.12.1984 1.589 -5.967 0.971
19.12.1984 1.577 -5.966 0.971
20.12.1984 1.563 -5.965 0.97
21.12.1984 1.551 -5.963 0.969
22.12.1984 1.539 -5.962 0.968
23.12.1984 1.533 -5.961 0.967
24.12.1984 1.52 -5.959 0.966
25.12.1984 1.506 -5.957 0.965
26.12.1984 1.495 -5.957 0.964
27.12.1984 1.49 -5.955 0.963
28.12.1984 1.481 -5.954 0.962
29.12.1984 1.47 -5.953 0.961
30.12.1984 1.456 -5.951 0.96
31.12.1984 1.446 -5.95 0.958
01.01.1985 1.44 -5.948 0.957
02.01.1985 1.426 -5.946 0.956
03.01.1985 1.414 -5.945 0.955
04.01.1985 1.408 -5.943 0.954
05.01.1985 1.403 -5.941 0.953
06.01.1985 1.395 -5.94 0.952
07.01.1985 1.389 -5.939 0.951
08.01.1985 1.383 -5.938 0.95
09.01.1985 1.374 -5.937 0.95
10.01.1985 1.362 -5.936 0.949
11.01.1985 1.35 -5.933 0.948
12.01.1985 1.339 -5.932 0.946
13.01.1985 1.33 -5.93 0.946
14.01.1985 1.325 -5.929 0.945
15.01.1985 1.311 -5.928 0.943
16.01.1985 1.301 -5.927 0.942
17.01.1985 1.295 -5.924 0.941
18.01.1985 1.283 -5.922 0.94
19.01.1985 1.27 -5.921 0.94
20.01.1985 1.261 -5.92 0.939
21.01.1985 1.247 -5.919 0.937
22.01.1985 1.241 -5.918 0.937
23.01.1985 1.234 -5.916 0.936
24.01.1985 1.221 -5.914 0.935
25.01.1985 1.214 -5.913 0.934
26.01.1985 1.206 -5.911 0.933
27.01.1985 1.197 -5.91 0.932
28.01.1985 1.186 -5.908 0.931
29.01.1985 1.176 -5.907 0.93
30.01.1985 1.163 -5.906 0.929
31.01.1985 1.152 -5.905 0.928
01.02.1985 1.145 -5.903 0.927
02.02.1985 1.134 -5.901 0.926
03.02.1985 1.124 -5.899 0.924
04.02.1985 1.115 -5.898 0.923
05.02.1985 1.11 -5.897 0.922
06.02.1985 1.104 -5.896 0.921
07.02.1985 1.096 -5.894 0.92
08.02.1985 1.087 -5.892 0.919
09.02.1985 1.082 -5.891 0.918
10.02.1985 1.069 -5.888 0.917
11.02.1985 1.062 -5.887 0.917
12.02.1985 1.051 -5.886 0.916
13.02.1985 1.036 -5.885 0.915
14.02.1985 1.023 -5.883 0.914
15.02.1985 1.013 -5.882 0.914
16.02.1985 1.005 -5.881 0.913
17.02.1985 0.991 -5.88 0.911
18.02.1985 0.977 -5.879 0.91
19.02.1985 0.965 -5.878 0.91
20.02.1985 0.952 -5.876 0.908
21.02.1985 0.942 -5.874 0.907
22.02.1985 0.931 -5.873 0.906
23.02.1985 0.923 -5.872 0.906
24.02.1985 0.912 -5.871 0.905
25.02.1985 0.9 -5.87 0.904
26.02.1985 0.886 -5.869 0.903
27.02.1985 0.878 -5.868 0.902
28.02.1985 0.869 -5.866 0.901
01.03.1985 0.858 -5.865 0.9
02.03.1985 0.853 -5.863 0.899
03.03.1985 0.839 -5.862 0.898
04.03.1985 0.832 -5.86 0.897
05.03.1985 0.822 -5.858 0.896
06.03.1985 0.811 -5.857 0.895
07.03.1985 0.798 -5.856 0.895
08.03.1985 0.788 -5.855 0.894
09.03.1985 0.779 -5.853 0.893
10.03.1985 0.771 -5.851 0.892
11.03.1985 0.76 -5.85 0.89
12.03.1985 0.751 -5.849 0.889
13.03.1985 0.74 -5.847 0.889
14.03.1985 0.729 -5.846 0.888
15.03.1985 0.722 -5.843 0.886
16.03.1985 0.713 -5.842 0.885
17.03.1985 0.708 -5.84 0.884
18.03.1985 0.695 -5.839 0.883
19.03.1985 0.689 -5.837 0.882
20.03.1985 0.683 -5.836 0.881
21.03.1985 0.677 -5.835 0.88
22.03.1985 0.662 -5.833 0.88
23.03.1985 0.656 -5.832 0.879
24.03.1985 0.65 -5.831 0.878
25.03.1985 0.643 -5.829 0.877
26.03.1985 0.629 -5.827 0.875
27.03.1985 0.615 -5.826 0.874
28.03.1985 0.606 -5.825 0.873
29.03.1985 0.6 -5.823 0.872
30.03.1985 0.591 -5.821 0.871
31.03.1985 0.581 -5.82 0.87
01.04.1985 0.568 -5.818 0.869
02.04.1985 0.553 -5.817 0.868
03.04.1985 0.54 -5.815 0.867
04.04.1985 0.527 -5.813 0.867
05.04.1985 0.519 -5.812 0.866
06.04.1985 0.509 -5.811 0.864
07.04.1985 0.495 -5.809 0.863
08.04.1985 0.489 -5.808 0.862
09.04.1985 0.475 -5.806 0.862
10.04.1985 0.461 -5.805 0.861
11.04.1985 0.448 -5.803 0.86
12.04.1985 0.442 -5.802 0.859
13.04.1985 0.436 -5.8 0.858
14.04.1985 0.429 -5.798 0.857
15.04.1985 0.419 -5.797 0.856
16.04.1985 0.413 -5.795 0.855
17.04.1985 0.404 -5.794 0.854
18.04.1985 0.389 -5.793 0.853
19.04.1985 0.379 -5.792 0.852
20.04.1985 0.373 -5.792 0.851
21.04.1985 0.361 -5.791 0.85
22.04.1985 0.348 -5.789 0.849
23.04.1985 0.334 -5.788 0.848
24.04.1985 0.323 -5.786 0.847
25.04.1985 0.309 -5.785 0.845
26.04.1985 0.302 -5.783 0.844
27.04.1985 0.296 -5.781 0.843
28.04.1985 0.282 -5.779 0.842
29.04.1985 0.271 -5.778 0.841
30.04.1985 0.263 -5.776 0.84
01.05.1985 0.249 -5.775 0.84
02.05.1985 0.237 -5.774 0.838
03.05.1985 0.23 -5.773 0.838
04.05.1985 0.22 -5.771 0.836
05.05.1985 0.209 -5.77 0.836
06.05.1985 0.196 -5.769 0.834
07.05.1985 0.183 -5.768 0.834
08.05.1985 0.177 -5.768 0.832
09.05.1985 0.167 -5.766 0.831
10.05.1985 0.154 -5.765 0.831
11.05.1985 0.141 -5.764 0.83
12.05.1985 0.126 -5.763 0.828
13.05.1985 0.12 -5.762 0.828
14.05.1985 0.113 -5.761 0.826
15.05.1985 0.1 -5.759 0.826
16.05.1985 0.088 -5.757 0.825
17.05.1985 0.076 -5.756 0.823
18.05.1985 0.068 -5.754 0.823
19.05.1985 0.054 -5.753 0.822
20.05.1985 0.039 -5.752 0.821
21.05.1985 0.026 -5.75 0.819
22.05.1985 0.019 -5.749 0.819
23.05.1985 0.008 -5.748 0.817
