19.01.1998 6.799 -6.331 1.324
20.01.1998 6.786 -6.321 1.323
21.01.1998 6.776 -6.317 1.322
22.01.1998 6.768 -6.308 1.321
23.01.1998 6.761 -6.299 1.32
24.01.1998 6.749 -6.294 1.319
25.01.1998 6.735 -6.287 1.319
26.01.1998 6.722 -6.282 1.318
27.01.1998 6.715 -6.278 1.317
28.01.1998 6.707 -6.272 1.316
29.01.1998 6.692 -6.269 1.315
30.01.1998 6.68 -6.262 1.314
31.01.1998 6.673 -6.257 1.313
01.02.1998 6.662 -6.252 1.313
02.02.1998 6.649 -6.248 1.312
03.02.1998 6.637 -6.244 1.31
04.02.1998 6.631 -6.239 1.31
05.02.1998 6.62 -6.233 1.309
06.02.1998 6.606 -6.23 1.308
07.02.1998 6.592 -6.228 1.307
08.02.1998 6.578 -6.224 1.306
09.02.1998 6.569 -6.222 1.305
10.02.1998 6.557 -6.217 1.305
11.02.1998 6.548 -6.213 1.303
12.02.1998 6.538 -6.21 1.303
13.02.1998 6.525 -6.204 1.302
14.02.1998 6.518 -6.199 1.301
15.02.1998 6.507 -6.196 1.3
16.02.1998 6.5 -6.191 1.299
17.02.1998 6.492 -6.187 1.298
18.02.1998 6.477 -6.184 1.297
19.02.1998 6.47 -6.182 1.296
20.02.1998 6.457 -6.177 1.295
21.02.1998 6.442 -6.174 1.294
22.02.1998 6.432 -6.17 1.293
23.02.1998 6.417 -6.166 1.292
24.02.1998 6.412 -6.161 1.291
25.02.1998 6.398 -6.157 1.29
26.02.1998 6.388 -6.154 1.289
27.02.1998 6.377 -6.151 1.288
28.02.1998 6.367 -6.147 1.287
01.03.1998 6.36 -6.145 1.285
02.03.1998 6.351 -6.143 1.284
03.03.1998 6.341 -6.138 1.283
04.03.1998 6.333 -6.134 1.283
05.03.1998 6.327 -6.131 1.281
06.03.1998 6.315 -6.128 1.28
07.03.1998 6.309 -6.125 1.279
08.03.1998 6.304 -6.123 1.278
09.03.1998 6.291 -6.121 1.276
10.03.1998 6.282 -6.117 1.276
11.03.1998 6.277 -6.113 1.274
12.03.1998 6.269 -6.111 1.273
13.03.1998 6.254 -6.108 1.272
14.03.1998 6.245 -6.107 1.271
15.03.1998 6.239 -6.103 1.27
16.03.1998 6.228 -6.099 1.269
17.03.1998 6.214 -6.097 1.269
18.03.1998 6.206 -6.094 1.268
19.03.1998 6.193 -6.091 1.266
20.03.1998 6.183 -6.088 1.265
21.03.1998 6.177 -6.085 1.264
22.03.1998 6.163 -6.081 1.263
23.03.1998 6.153 -6.078 1.262
24.03.1998 6.138 -6.073 1.261
25.03.1998 6.127 -6.069 1.261
26.03.1998 6.119 -6.065 1.26
27.03.1998 6.109 -6.061 1.258
28.03.1998 6.096 -6.059 1.257
29.03.1998 6.086 -6.056 1.256
30.03.1998 6.072 -6.052 1.255
31.03.1998 6.061 -6.05 1.254
01.04.1998 6.053 -6.049 1.253
02.04.1998 6.043 -6.046 1.252
03.04.1998 6.031 -6.042 1.251
04.04.1998 6.022 -6.039 1.25
05.04.1998 6.01 -6.037 1.249
06.04.1998 5.998 -6.033 1.249
07.04.1998 5.988 -6.03 1.248
08.04.1998 5.98 -6.028 1.247
09.04.1998 5.965 -6.024 1.246
10.04.1998 5.96 -6.021 1.245
11.04.1998 5.954 -6.019 1.244
12.04.1998 5.947 -6.016 1.243
13.04.1998 5.933 -6.012 1.242
14.04.1998 5.928 -6.009 1.242
15.04.1998 5.913 -6.007 1.24
16.04.1998 5.903 -6.005 1.239
17.04.1998 5.894 -6.002 1.238
18.04.1998 5.883 -6.0 1.237
19.04.1998 5.87 -5.996 1.236
20.04.1998 5.861 -5.995 1.234
21.04.1998 5.847 -5.992 1.233
22.04.1998 5.842 -5.989 1.232
23.04.1998 5.831 -5.987 1.231
24.04.1998 5.817 -5.985 1.23
25.04.1998 5.805 -5.983 1.229
26.04.1998 5.792 -5.981 1.228
27.04.1998 5.781 -5.979 1.227
28.04.1998 5.775 -5.976 1.226
29.04.1998 5.766 -5.973 1.225
30.04.1998 5.758 -5.97 1.224
01.05.1998 5.752 -5.968 1.223
02.05.1998 5.746 -5.965 1.223
03.05.1998 5.734 -5.963 1.221
04.05.1998 5.723 -5.96 1.22
05.05.1998 5.712 -5.958 1.22
06.05.1998 5.702 -5.955 1.219
07.05.1998 5.69 -5.953 1.218
08.05.1998 5.681 -5.949 1.216
09.05.1998 5.674 -5.946 1.215
10.05.1998 5.669 -5.944 1.214
11.05.1998 5.662 -5.94 1.213
12.05.1998 5.652 -5.939 1.212
13.05.1998 5.646 -5.936 1.211
14.05.1998 5.636 -5.934 1.211
15.05.1998 5.63 -5.931 1.21
16.05.1998 5.625 -5.929 1.208
17.05.1998 5.61 -5.928 1.208
18.05.1998 5.601 -5.926 1.207
19.05.1998 5.588 -5.924 1.205
20.05.1998 5.582 -5.921 1.204
21.05.1998 5.569 -5.919 1.203
22.05.1998 5.554 -5.916 1.202
23.05.1998 5.547 -5.913 1.201
24.05.1998 5.535 -5.91 1.199
25.05.1998 5.521 -5.907 1.198
26.05.1998 5.514 -5.904 1.197
27.05.1998 5.505 -5.901 1.196
28.05.1998 5.499 -5.899 1.195
29.05.1998 5.492 -5.896 1.194
30.05.1998 5.486 -5.893 1.193
31.05.1998 5.476 -5.89 1.192
01.06.1998 5.469 -5.888 1.191
02.06.1998 5.46 -5.886 1.19
03.06.1998 5.453 -5.884 1.189
04.06.1998 5.442 -5.883 1.188
05.06.1998 5.431 -5.88 1.188
06.06.1998 5.425 -5.878 1.186
07.06.1998 5.416 -5.877 1.186
08.06.1998 5.408 -5.874 1.185
09.06.1998 5.395 -5.871 1.184
10.06.1998 5.389 -5.869 1.184
11.06.1998 5.381 -5.868 1.182
12.06.1998 5.371 -5.865 1.181
13.06.1998 5.366 -5.863 1.18
14.06.1998 5.356 -5.862 1.179
15.06.1998 5.348 -5.859 1.178
16.06.1998 5.336 -5.857 1.178
17.06.1998 5.325 -5.856 1.176
18.06.1998 5.319 -5.854 1.176
19.06.1998 5.305 -5.851 1.175
20.06.1998 5.299 -5.848 1.174
21.06.1998 5.287 -5.845 1.172
22.06.1998 5.278 -5.842 1.171
23.06.1998 5.269 -5.839 1.17
24.06.1998 5.256 -5.836 1.168
25.06.1998 5.251 -5.833 1.167
26.06.1998 5.237 -5.83 1.166
27.06.1998 5.229 -5.828 1.165
28.06.1998 5.215 -5.827 1.165
29.06.1998 5.208 -5.825 1.163
30.06.1998 5.193 -5.823 1.162
01.07.1998 5.185 -5.821 1.162
02.07.1998 5.171 -5.818 1.16
03.07.1998 5.162 -5.816 1.16
04.07.1998 5.156 -5.815 1.159
05.07.1998 5.149 -5.813 1.157
06.07.1998 5.135 -5.81 1.156
07.07.1998 5.126 -5.808 1.155
08.07.1998 5.117 -5.806 1.154
09.07.1998 5.104 -5.803 1.153
10.07.1998 5.097 -5.801 1.152
11.07.1998 5.092 -5.798 1.151
12.07.1998 5.083 -5.795 1.151
13.07.1998 5.078 -5.793 1.15
14.07.1998 5.065 -5.791 1.149
15.07.1998 5.051 -5.789 1.149
16.07.1998 5.041 -5.787 1.147
17.07.1998 5.028 -5.784 1.146
18.07.1998 5.018 -5.781 1.145
19.07.1998 5.008 -5.779 1.144
20.07.1998 5.0 -5.776 1.143
21.07.1998 4.993 -5.774 1.142
22.07.1998 4.988 -5.771 1.141
23.07.1998 4.974 -5.769 1.139
24.07.1998 4.962 -5.768 1.139
25.07.1998 4.952 -5.765 1.138
26.07.1998 4.944 -5.762 1.137
27.07.1998 4.936 -5.759 1.136
28.07.1998 4.925 -5.758 1.135
29.07.1998 4.913 -5.756 1.133
30.07.1998 4.904 -5.754 1.133
31.07.1998 4.89 -5.752 1.132
01.08.1998 4.878 -5.749 1.131
02.08.1998 4.869 -5.746 1.129
03.08.1998 4.858 -5.745 1.129
04.08.1998 4.849 -5.743 1.127
05.08.1998 4.838 -5.74 1.126
06.08.1998 4.831 -5.738 1.126
07.08.1998 4.821 -5.735 1.125
08.08.1998 4.809 -5.734 1.124
09.08.1998 4.799 -5.732 1.123
10.08.1998 4.784 -5.731 1.122
11.08.1998 4.777 -5.73 1.121
12.08.1998 4.765 -5.727 1.12
13.08.1998 4.754 -5.724 1.119
14.08.1998 4.748 -5.722 1.118
15.08.1998 4.736 -5.72 1.117
16.08.1998 4.726 -5.717 1.116
17.08.1998 4.715 -5.715 1.115
18.08.1998 4.703 -5.712 1.113
19.08.1998 4.697 -5.711 1.112
20.08.1998 4.691 -5.709 1.111
21.08.1998 4.681 -5.707 1.11
22.08.1998 4.672 -5.706 1.109
23.08.1998 4.658 -5.704 1.108
24.08.1998 4.653 -5.702 1.107
25.08.1998 4.641 -5.7 1.106
26.08.1998 4.633 -5.697 1.105
27.08.1998 4.622 -5.694 1.104
28.08.1998 4.608 -5.693 1.103
29.08.1998 4.599 -5.691 1.102
30.08.1998 4.588 -5.689 1.102
31.08.1998 4.581 -5.687 1.1
01.09.1998 4.571 -5.684 1.099
02.09.1998 4.565 -5.681 1.098
03.09.1998 4.554 -5.68 1.097
04.09.1998 4.549 -5.678 1.096
05.09.1998 4.539 -5.676 1.095
06.09.1998 4.531 -5.673 1.094
07.09.1998 4.519 -5.672 1.093
08.09.1998 4.51 -5.67 1.092
09.09.1998 4.498 -5.669 1.091
10.09.1998 4.493 -5.668 1.09
11.09.1998 4.481 -5.667 1.089
12.09.1998 4.474 -5.664 1.087
13.09.1998 4.461 -5.661 1.087
14.09.1998 4.446 -5.659 1.085
15.09.1998 4.44 -5.657 1.084
16.09.1998 4.431 -5.655 1.083
17.09.1998 4.423 -5.652 1.082
18.09.1998 4.417 -5.65 1.081
19.09.1998 4.41 -5.648 1.08
20.09.1998 4.4 -5.646 1.079
21.09.1998 4.388 -5.645 1.078
22.09.1998 4.381 -5.644 1.077
23.09.1998 4.369 -5.642 1.077
24.09.1998 4.364 -5.639 1.076
25.09.1998 4.358 -5.637 1.075
26.09.1998 4.351 -5.636 1.074
27.09.1998 4.336 -5.634 1.073
28.09.1998 4.324 -5.633 1.072
29.09.1998 4.311 -5.63 1.071
30.09.1998 4.298 -5.628 1.07
01.10.1998 4.29 -5.627 1.069
02.10.1998 4.284 -5.625 1.068
03.10.1998 4.272 -5.624 1.066
04.10.1998 4.263 -5.623 1.065
05.10.1998 4.254 -5.621 1.064
06.10.1998 4.245 -5.62 1.062
07.10.1998 4.235 -5.618 1.062
08.10.1998 4.228 -5.615 1.06
09.10.1998 4.214 -5.614 1.06
10.10.1998 4.2 -5.612 1.059
11.10.1998 4.19 -5.611 1.058
12.10.1998 4.182 -5.61 1.056
13.10.1998 4.174 -5.607 1.056
14.10.1998 4.164 -5.605 1.054
15.10.1998 4.154 -5.602 1.053
16.10.1998 4.141 -5.6 1.051
17.10.1998 4.126 -5.598 1.051
18.10.1998 4.119 -5.596 1.05
19.10.1998 4.113 -5.594 1.049
20.10.1998 4.105 -5.592 1.048
21.10.1998 4.092 -5.59 1.047
22.10.1998 4.08 -5.588 1.046
23.10.1998 4.067 -5.586 1.045
24.10.1998 4.058 -5.583 1.044
25.10.1998 4.045 -5.581 1.043
26.10.1998 4.033 -5.579 1.042
27.10.1998 4.024 -5.578 1.042
28.10.1998 4.016 -5.576 1.041
29.10.1998 4.004 -5.574 1.04
30.10.1998 3.996 -5.572 1.039
31.10.1998 3.989 -5.57 1.038
01.11.1998 3.981 -5.569 1.037
02.11.1998 3.974 -5.567 1.036
03.11.1998 3.969 -5.565 1.035
04.11.1998 3.962 -5.562 1.034
05.11.1998 3.948 -5.561 1.033
06.11.1998 3.94 -5.559 1.032
07.11.1998 3.926 -5.558 1.031
08.11.1998 3.919 -5.556 1.031
09.11.1998 3.912 -5.554 1.03
10.11.1998 3.899 -5.551 1.028
11.11.1998 3.89 -5.55 1.027
12.11.1998 3.879 -5.549 1.026
13.11.1998 3.871 -5.547 1.025
14.11.1998 3.858 -5.545 1.024
15.11.1998 3.853 -5.544 1.023
16.11.1998 3.842 -5.543 1.022
17.11.1998 3.829 -5.541 1.02
18.11.1998 3.821 -5.539 1.019
19.11.1998 3.807 -5.537 1.018
20.11.1998 3.799 -5.535 1.017
21.11.1998 3.785 -5.532 1.017
22.11.1998 3.774 -5.531 1.016
23.11.1998 3.769 -5.529 1.015
24.11.1998 3.764 -5.528 1.015
25.11.1998 3.749 -5.525 1.014
26.11.1998 3.74 -5.523 1.013
27.11.1998 3.727 -5.521 1.011
28.11.1998 3.719 -5.519 1.01
29.11.1998 3.712 -5.516 1.009
30.11.1998 3.701 -5.514 1.008
01.12.1998 3.692 -5.514 1.007
02.12.1998 3.687 -5.512 1.005
03.12.1998 3.68 -5.51 1.004
04.12.1998 3.669 -5.508 1.003
05.12.1998 3.656 -5.506 1.002
06.12.1998 3.642 -5.504 1.001
07.12.1998 3.631 -5.501 1.0
08.12.1998 3.625 -5.5 0.999
09.12.1998 3.617 -5.499 0.999
10.12.1998 3.604 -5.497 0.998
11.12.1998 3.59 -5.496 0.996
12.12.1998 3.58 -5.494 0.995
13.12.1998 3.565 -5.492 0.995
14.12.1998 3.554 -5.491 0.994
15.12.1998 3.542 -5.489 0.993
16.12.1998 3.535 -5.488 0.992
17.12.1998 3.525 -5.486 0.991
18.12.1998 3.514 -5.484 0.99
19.12.1998 3.509 -5.483 0.988
20.12.1998 3.503 -5.481 0.987
21.12.1998 3.493 -5.479 0.985
22.12.1998 3.487 -5.477 0.984
23.12.1998 3.479 -5.475 0.984
24.12.1998 3.467 -5.474 0.982
25.12.1998 3.452 -5.472 0.981
26.12.1998 3.441 -5.47 0.98
27.12.1998 3.431 -5.469 0.978
28.12.1998 3.423 -5.467 0.977
29.12.1998 3.408 -5.465 0.976
30.12.1998 3.396 -5.463 0.975
31.12.1998 3.382 -5.461 0.974
01.01.1999 3.376 -5.459 0.972
02.01.1999 3.365 -5.458 0.971
03.01.1999 3.352 -5.457 0.97
04.01.1999 3.341 -5.456 0.969
05.01.1999 3.326 -5.454 0.968
06.01.1999 3.319 -5.452 0.966
07.01.1999 3.305 -5.45 0.965
08.01.1999 3.296 -5.448 0.964
09.01.1999 3.286 -5.446 0.963
10.01.1999 3.275 -5.444 0.962
11.01.1999 3.268 -5.442 0.961
12.01.1999 3.262 -5.44 0.96
13.01.1999 3.254 -5.439 0.959
14.01.1999 3.246 -5.437 0.958
15.01.1999 3.232 -5.436 0.957
16.01.1999 3.224 -5.434 0.956
17.01.1999 3.213 -5.432 0.955
18.01.1999 3.207 -5.431 0.954
19.01.1999 3.196 -5.429 0.953
20.01.1999 3.191 -5.428 0.952
21.01.1999 3.177 -5.425 0.95
22.01.1999 3.172 -5.424 0.949
23.01.1999 3.159 -5.423 0.948
24.01.1999 3.153 -5.421 0.946
25.01.1999 3.138 -5.42 0.946
26.01.1999 3.129 -5.418 0.945
27.01.1999 3.121 -5.417 0.944
28.01.1999 3.112 -5.415 0.943
29.01.1999 3.1 -5.413 0.942
30.01.1999 3.087 -5.412 0.941
31.01.1999 3.074 -5.409 0.94
01.02.1999 3.067 -5.408 0.939
02.02.1999 3.054 -5.406 0.938
03.02.1999 3.043 -5.405 0.936
04.02.1999 3.038 -5.403 0.935
05.02.1999 3.031 -5.401 0.934
06.02.1999 3.025 -5.399 0.933
07.02.1999 3.016 -5.397 0.932
08.02.1999 3.005 -5.396 0.931
09.02.1999 2.994 -5.394 0.93
10.02.1999 2.988 -5.391 0.929
11.02.1999 2.976 -5.39 0.928
12.02.1999 2.966 -5.388 0.927
13.02.1999 2.955 -5.385 0.926
14.02.1999 2.95 -5.383 0.926
15.02.1999 2.944 -5.382 0.925
16.02.1999 2.934 -5.38 0.924
17.02.1999 2.928 -5.377 0.923
18.02.1999 2.916 -5.376 0.922
19.02.1999 2.901 -5.374 0.92
20.02.1999 2.894 -5.371 0.919
21.02.1999 2.879 -5.37 0.918
22.02.1999 2.873 -5.368 0.917
23.02.1999 2.866 -5.367 0.916
24.02.1999 2.854 -5.365 0.915
25.02.1999 2.847 -5.363 0.914
26.02.1999 2.842 -5.362 0.913
27.02.1999 2.834 -5.36 0.912
28.02.1999 2.824 -5.359 0.911
01.03.1999 2.814 -5.356 0.91
02.03.1999 2.803 -5.355 0.91
03.03.1999 2.793 -5.354 0.908
04.03.1999 2.781 -5.351 0.908
05.03.1999 2.77 -5.35 0.907
06.03.1999 2.764 -5.347 0.906
07.03.1999 2.749 -5.346 0.905
08.03.1999 2.74 -5.345 0.905
09.03.1999 2.733 -5.342 0.903
10.03.1999 2.727 -5.34 0.902
11.03.1999 2.717 -5.339 0.901
12.03.1999 2.703 -5.337 0.9
13.03.1999 2.696 -5.336 0.899
14.03.1999 2.682 -5.334 0.898
15.03.1999 2.673 -5.332 0.897
16.03.1999 2.663 -5.329 0.896
17.03.1999 2.651 -5.327 0.895
18.03.1999 2.64 -5.325 0.894
19.03.1999 2.632 -5.323 0.893
20.03.1999 2.621 -5.322 0.892
21.03.1999 2.611 -5.32 0.891
22.03.1999 2.6 -5.318 0.89
23.03.1999 2.593 -5.316 0.889
24.03.1999 2.581 -5.314 0.889
25.03.1999 2.574 -5.312 0.887
26.03.1999 2.561 -5.31 0.886
27.03.1999 2.55 -5.308 0.885
28.03.1999 2.541 -5.306 0.884
29.03.1999 2.529 -5.303 0.883
30.03.1999 2.52 -5.302 0.882
31.03.1999 2.508 -5.3 0.881
01.04.1999 2.494 -5.299 0.88
02.04.1999 2.486 -5.298 0.879
03.04.1999 2.471 -5.296 0.877
04.04.1999 2.465 -5.294 0.877
05.04.1999 2.46 -5.293 0.876
06.04.1999 2.447 -5.292 0.875
07.04.1999 2.434 -5.29 0.874
08.04.1999 2.427 -5.288 0.873
09.04.1999 2.417 -5.286 0.872
10.04.1999 2.404 -5.284 0.871
11.04.1999 2.395 -5.281 0.87
12.04.1999 2.386 -5.28 0.869
13.04.1999 2.374 -5.279 0.867
14.04.1999 2.362 -5.277 0.867
15.04.1999 2.349 -5.275 0.866
16.04.1999 2.343 -5.274 0.865
17.04.1999 2.338 -5.273 0.864
18.04.1999 2.328 -5.271 0.863
19.04.1999 2.319 -5.269 0.861
20.04.1999 2.305 -5.268 0.86
21.04.1999 2.299 -5.266 0.859
22.04.1999 2.291 -5.265 0.858
23.04.1999 2.277 -5.263 0.857
24.04.1999 2.264 -5.262 0.856
25.04.1999 2.254 -5.261 0.856
26.04.1999 2.243 -5.26 0.854
27.04.1999 2.232 -5.257 0.854
28.04.1999 2.223 -5.255 0.853
29.04.1999 2.211 -5.254 0.852
30.04.1999 2.202 -5.253 0.852
01.05.1999 2.195 -5.251 0.85
02.05.1999 2.189 -5.248 0.849
03.05.1999 2.175 -5.247 0.848
04.05.1999 2.163 -5.245 0.847
05.05.1999 2.15 -5.243 0.846
06.05.1999 2.145 -5.242 0.845
07.05.1999 2.133 -5.24 0.844
08.05.1999 2.122 -5.238 0.843
09.05.1999 2.113 -5.237 0.842
10.05.1999 2.098 -5.235 0.841
11.05.1999 2.088 -5.234 0.84
12.05.1999 2.083 -5.233 0.839
13.05.1999 2.074 -5.23 0.838
14.05.1999 2.059 -5.23 0.837
15.05.1999 2.049 -5.228 0.836
16.05.1999 2.037 -5.227 0.835
17.05.1999 2.029 -5.225 0.834
18.05.1999 2.015 -5.223 0.833
19.05.1999 2.0 -5.222 0.831
20.05.1999 1.987 -5.22 0.83
21.05.1999 1.979 -5.219 0.83
22.05.1999 1.967 -5.217 0.828
23.05.1999 1.955 -5.215 0.827
24.05.1999 1.948 -5.214 0.826
25.05.1999 1.942 -5.212 0.825
26.05.1999 1.931 -5.211 0.824
27.05.1999 1.922 -5.21 0.823
28.05.1999 1.914 -5.209 0.821
29.05.1999 1.904 -5.208 0.821
30.05.1999 1.893 -5.207 0.82
31.05.1999 1.887 -5.204 0.819
01.06.1999 1.873 -5.203 0.818
02.06.1999 1.868 -5.202 0.817
03.06.1999 1.855 -5.201 0.816
04.06.1999 1.841 -5.199 0.815
05.06.1999 1.827 -5.197 0.814
06.06.1999 1.819 -5.196 0.813
07.06.1999 1.813 -5.194 0.812
08.06.1999 1.807 -5.192 0.811
09.06.1999 1.8 -5.191 0.811
10.06.1999 1.787 -5.189 0.809
11.06.1999 1.776 -5.188 0.809
12.06.1999 1.769 -5.186 0.808
13.06.1999 1.754 -5.184 0.807
14.06.1999 1.749 -5.182 0.806
15.06.1999 1.736 -5.18 0.804
16.06.1999 1.722 -5.179 0.803
17.06.1999 1.715 -5.179 0.802
18.06.1999 1.703 -5.177 0.801
19.06.1999 1.697 -5.176 0.8
20.06.1999 1.684 -5.174 0.799
21.06.1999 1.677 -5.173 0.799
22.06.1999 1.667 -5.171 0.797
23.06.1999 1.655 -5.17 0.796
24.06.1999 1.642 -5.169 0.795
25.06.1999 1.631 -5.168 0.793
26.06.1999 1.624 -5.167 0.793
27.06.1999 1.611 -5.164 0.792
28.06.1999 1.602 -5.163 0.791
29.06.1999 1.588 -5.161 0.79
30.06.1999 1.582 -5.159 0.789
01.07.1999 1.576 -5.157 0.788
02.07.1999 1.562 -5.155 0.786
03.07.1999 1.55 -5.154 0.785
04.07.1999 1.536 -5.153 0.784
05.07.1999 1.523 -5.151 0.784
06.07.1999 1.508 -5.149 0.783
07.07.1999 1.501 -5.147 0.782
08.07.1999 1.49 -5.146 0.78
09.07.1999 1.481 -5.144 0.779
10.07.1999 1.467 -5.142 0.777
11.07.1999 1.453 -5.141 0.777
12.07.1999 1.442 -5.14 0.775
13.07.1999 1.435 -5.138 0.774
14.07.1999 1.428 -5.136 0.774
15.07.1999 1.418 -5.134 0.773
16.07.1999 1.409 -5.132 0.772
17.07.1999 1.4 -5.131 0.771
18.07.1999 1.386 -5.129 0.77
19.07.1999 1.38 -5.128 0.769
20.07.1999 1.369 -5.126 0.768
21.07.1999 1.358 -5.124 0.767
22.07.1999 1.344 -5.123 0.767
23.07.1999 1.333 -5.122 0.766
24.07.1999 1.325 -5.121 0.765
25.07.1999 1.314 -5.118 0.764
26.07.1999 1.301 -5.117 0.763
27.07.1999 1.289 -5.115 0.762
28.07.1999 1.28 -5.113 0.761
29.07.1999 1.272 -5.112 0.76
30.07.1999 1.262 -5.11 0.759
31.07.1999 1.253 -5.108 0.757
01.08.1999 1.245 -5.107 0.757
02.08.1999 1.232 -5.104 0.756
03.08.1999 1.226 -5.103 0.754
04.08.1999 1.22 -5.101 0.753
05.08.1999 1.206 -5.099 0.752
06.08.1999 1.199 -5.098 0.751
07.08.1999 1.19 -5.097 0.75
08.08.1999 1.18 -5.095 0.749
09.08.1999 1.173 -5.093 0.748
10.08.1999 1.161 -5.092 0.748
11.08.1999 1.156 -5.09 0.747
12.08.1999 1.149 -5.089 0.746
13.08.1999 1.138 -5.088 0.745
14.08.1999 1.126 -5.087 0.744
15.08.1999 1.113 -5.086 0.742
16.08.1999 1.099 -5.085 0.741
17.08.1999 1.086 -5.082 0.74
18.08.1999 1.079 -5.081 0.739
19.08.1999 1.069 -5.08 0.738
20.08.1999 1.059 -5.079 0.737
21.08.1999 1.05 -5.078 0.736
22.08.1999 1.038 -5.077 0.736
23.08.1999 1.031 -5.075 0.734
24.08.1999 1.018 -5.073 0.733
25.08.1999 1.003 -5.072 0.732
26.08.1999 0.99 -5.07 0.731
27.08.1999 0.978 -5.069 0.73
28.08.1999 0.964 -5.067 0.729
29.08.1999 0.957 -5.066 0.728
30.08.1999 0.948 -5.064 0.727
31.08.1999 0.941 -5.063 0.726
01.09.1999 0.932 -5.061 0.725
02.09.1999 0.923 -5.06 0.724
03.09.1999 0.91 -5.058 0.723
04.09.1999 0.897 -5.057 0.721
05.09.1999 0.889 -5.056 0.72
06.09.1999 0.883 -5.055 0.72
07.09.1999 0.872 -5.053 0.718
08.09.1999 0.865 -5.052 0.718
09.09.1999 0.86 -5.05 0.717
10.09.1999 0.849 -5.049 0.716
11.09.1999 0.835 -5.048 0.714
12.09.1999 0.822 -5.046 0.714
13.09.1999 0.807 -5.044 0.713
14.09.1999 0.801 -5.042 0.712
15.09.1999 0.795 -5.042 0.711
16.09.1999 0.788 -5.041 0.71
17.09.1999 0.78 -5.039 0.709
18.09.1999 0.769 -5.038 0.708
19.09.1999 0.756 -5.036 0.707
20.09.1999 0.751 -5.034 0.706
21.09.1999 0.744 -5.032 0.706
22.09.1999 0.735 -5.031 0.704
23.09.1999 0.729 -5.03 0.703
24.09.1999 0.715 -5.029 0.701
25.09.1999 0.708 -5.027 0.701
26.09.1999 0.703 -5.026 0.7
27.09.1999 0.696 -5.025 0.699
28.09.1999 0.69 -5.023 0.699
29.09.1999 0.675 -5.021 0.698
30.09.1999 0.661 -5.02 0.696
01.10.1999 0.651 -5.019 0.696
02.10.1999 0.641 -5.017 0.695
03.10.1999 0.627 -5.015 0.694
04.10.1999 0.613 -5.014 0.693
05.10.1999 0.598 -5.013 0.692
06.10.1999 0.591 -5.011 0.691
07.10.1999 0.576 -5.009 0.69
08.10.1999 0.567 -5.008 0.689
09.10.1999 0.559 -5.007 0.688
10.10.1999 0.545 -5.005 0.688
11.10.1999 0.54 -5.003 0.687
12.10.1999 0.534 -5.001 0.686
13.10.1999 0.529 -5.0 0.685
14.10.1999 0.522 -4.998 0.683
15.10.1999 0.509 -4.997 0.682
16.10.1999 0.497 -4.996 0.681
17.10.1999 0.489 -4.994 0.68
18.10.1999 0.478 -4.991 0.679
19.10.1999 0.471 -4.99 0.679
20.10.1999 0.458 -4.989 0.677
21.10.1999 0.451 -4.988 0.676
22.10.1999 0.444 -4.986 0.675
23.10.1999 0.436 -4.985 0.674
24.10.1999 0.429 -4.984 0.672
25.10.1999 0.416 -4.983 0.671
26.10.1999 0.406 -4.981 0.67
27.10.1999 0.395 -4.979 0.669
28.10.1999 0.388 -4.977 0.668
29.10.1999 0.378 -4.976 0.667
30.10.1999 0.37 -4.975 0.666
31.10.1999 0.363 -4.973 0.665
01.11.1999 0.354 -4.972 0.664
02.11.1999 0.344 -4.971 0.662
03.11.1999 0.329 -4.969 0.662
04.11.1999 0.322 -4.967 0.661
05.11.1999 0.316 -4.966 0.66
06.11.1999 0.309 -4.964 0.659
07.11.1999 0.301 -4.962 0.659
08.11.1999 0.288 -4.96 0.658
09.11.1999 0.277 -4.959 0.657
10.11.1999 0.263 -4.957 0.656
11.11.1999 0.255 -4.955 0.655
12.11.1999 0.243 -4.954 0.654
13.11.1999 0.236 -4.953 0.653
14.11.1999 0.231 -4.952 0.652
15.11.1999 0.225 -4.95 0.651
16.11.1999 0.217 -4.949 0.65
17.11.1999 0.204 -4.948 0.649
18.11.1999 0.198 -4.947 0.648
19.11.1999 0.187 -4.945 0.647
20.11.1999 0.178 -4.943 0.646
21.11.1999 0.164 -4.941 0.645
22.11.1999 0.154 -4.94 0.644
23.11.1999 0.145 -4.939 0.643
24.11.1999 0.134 -4.938 0.642
25.11.1999 0.119 -4.936 0.641
26.11.1999 0.108 -4.935 0.64
27.11.1999 0.101 -4.933 0.639
28.11.1999 0.089 -4.931 0.638
29.11.1999 0.075 -4.93 0.637
30.11.1999 0.068 -4.929 0.636
01.12.1999 0.063 -4.927 0.635
02.12.1999 0.054 -4.926 0.634
03.12.1999 0.044 -4.924 0.633
04.12.1999 0.036 -4.923 0.631
05.12.1999 0.03 -4.921 0.63
06.12.1999 0.017 -4.919 0.629
07.12.1999 0.008 -4.918 0.628
