20.05.1998 6.82 -5.45 1.348
21.05.1998 6.813 -5.438 1.346
22.05.1998 6.803 -5.431 1.345
23.05.1998 6.79 -5.424 1.344
24.05.1998 6.783 -5.415 1.343
25.05.1998 6.77 -5.41 1.342
26.05.1998 6.761 -5.404 1.341
27.05.1998 6.754 -5.397 1.34
28.05.1998 6.743 -5.39 1.338
29.05.1998 6.734 -5.385 1.337
30.05.1998 6.729 -5.381 1.336
31.05.1998 6.719 -5.376 1.335
01.06.1998 6.713 -5.372 1.334
02.06.1998 6.707 -5.368 1.333
03.06.1998 6.697 -5.365 1.332
04.06.1998 6.69 -5.361 1.331
05.06.1998 6.678 -5.356 1.33
06.06.1998 6.669 -5.351 1.328
07.06.1998 6.657 -5.349 1.327
08.06.1998 6.649 -5.345 1.326
09.06.1998 6.641 -5.341 1.325
10.06.1998 6.633 -5.335 1.324
11.06.1998 6.624 -5.333 1.323
12.06.1998 6.614 -5.329 1.322
13.06.1998 6.608 -5.325 1.321
14.06.1998 6.597 -5.321 1.32
15.06.1998 6.587 -5.317 1.318
16.06.1998 6.581 -5.315 1.317
17.06.1998 6.573 -5.312 1.316
18.06.1998 6.56 -5.31 1.315
19.06.1998 6.547 -5.305 1.314
20.06.1998 6.533 -5.3 1.314
21.06.1998 6.527 -5.297 1.312
22.06.1998 6.52 -5.295 1.312
23.06.1998 6.508 -5.293 1.311
24.06.1998 6.494 -5.289 1.31
25.06.1998 6.482 -5.287 1.309
26.06.1998 6.469 -5.282 1.308
27.06.1998 6.46 -5.281 1.307
28.06.1998 6.454 -5.276 1.306
29.06.1998 6.44 -5.274 1.305
30.06.1998 6.435 -5.271 1.305
01.07.1998 6.425 -5.268 1.303
02.07.1998 6.413 -5.264 1.302
03.07.1998 6.401 -5.262 1.301
04.07.1998 6.394 -5.257 1.3
05.07.1998 6.388 -5.253 1.299
06.07.1998 6.381 -5.251 1.298
07.07.1998 6.373 -5.249 1.297
08.07.1998 6.36 -5.246 1.296
09.07.1998 6.354 -5.244 1.295
10.07.1998 6.346 -5.24 1.294
11.07.1998 6.337 -5.235 1.293
12.07.1998 6.332 -5.233 1.293
13.07.1998 6.321 -5.229 1.292
14.07.1998 6.313 -5.225 1.291
15.07.1998 6.304 -5.223 1.29
16.07.1998 6.296 -5.219 1.289
17.07.1998 6.284 -5.216 1.288
18.07.1998 6.273 -5.214 1.287
19.07.1998 6.26 -5.211 1.286
20.07.1998 6.249 -5.208 1.285
21.07.1998 6.24 -5.205 1.283
22.07.1998 6.227 -5.201 1.282
23.07.1998 6.218 -5.2 1.281
24.07.1998 6.208 -5.198 1.28
25.07.1998 6.197 -5.194 1.279
26.07.1998 6.183 -5.193 1.278
27.07.1998 6.172 -5.189 1.277
28.07.1998 6.166 -5.186 1.277
29.07.1998 6.155 -5.184 1.276
30.07.1998 6.145 -5.181 1.275
31.07.1998 6.138 -5.179 1.273
01.08.1998 6.132 -5.175 1.273
02.08.1998 6.118 -5.173 1.271
03.08.1998 6.104 -5.17 1.27
04.08.1998 6.093 -5.166 1.27
05.08.1998 6.082 -5.163 1.269
06.08.1998 6.072 -5.16 1.267
07.08.1998 6.065 -5.159 1.266
08.08.1998 6.056 -5.156 1.265
09.08.1998 6.044 -5.153 1.264
10.08.1998 6.029 -5.149 1.263
11.08.1998 6.023 -5.146 1.262
12.08.1998 6.012 -5.144 1.261
13.08.1998 6.0 -5.141 1.26
14.08.1998 5.987 -5.138 1.259
15.08.1998 5.981 -5.135 1.258
16.08.1998 5.968 -5.134 1.257
17.08.1998 5.959 -5.131 1.256
18.08.1998 5.946 -5.129 1.255
19.08.1998 5.932 -5.125 1.254
20.08.1998 5.921 -5.122 1.254
21.08.1998 5.914 -5.12 1.253
22.08.1998 5.905 -5.117 1.252
23.08.1998 5.898 -5.114 1.25
24.08.1998 5.885 -5.112 1.249
25.08.1998 5.873 -5.11 1.248
26.08.1998 5.858 -5.108 1.247
27.08.1998 5.848 -5.106 1.247
28.08.1998 5.836 -5.105 1.245
29.08.1998 5.829 -5.102 1.244
30.08.1998 5.822 -5.101 1.243
31.08.1998 5.807 -5.099 1.241
01.09.1998 5.798 -5.096 1.241
02.09.1998 5.784 -5.093 1.24
03.09.1998 5.778 -5.09 1.239
04.09.1998 5.765 -5.087 1.238
05.09.1998 5.752 -5.084 1.237
06.09.1998 5.74 -5.082 1.236
07.09.1998 5.726 -5.08 1.234
08.09.1998 5.712 -5.078 1.234
09.09.1998 5.701 -5.077 1.232
10.09.1998 5.692 -5.074 1.231
11.09.1998 5.681 -5.073 1.23
12.09.1998 5.674 -5.07 1.229
13.09.1998 5.666 -5.068 1.229
14.09.1998 5.653 -5.066 1.227
15.09.1998 5.648 -5.063 1.226
16.09.1998 5.642 -5.061 1.225
17.09.1998 5.632 -5.058 1.223
18.09.1998 5.619 -5.056 1.222
19.09.1998 5.613 -5.053 1.221
20.09.1998 5.602 -5.051 1.22
21.09.1998 5.596 -5.049 1.22
22.09.1998 5.583 -5.045 1.218
23.09.1998 5.577 -5.043 1.217
24.09.1998 5.564 -5.04 1.216
25.09.1998 5.552 -5.038 1.215
26.09.1998 5.538 -5.035 1.214
27.09.1998 5.528 -5.033 1.213
28.09.1998 5.522 -5.03 1.212
29.09.1998 5.515 -5.028 1.212
30.09.1998 5.507 -5.025 1.21
01.10.1998 5.495 -5.023 1.21
02.10.1998 5.489 -5.02 1.208
03.10.1998 5.475 -5.017 1.208
04.10.1998 5.461 -5.016 1.207
05.10.1998 5.449 -5.013 1.206
06.10.1998 5.443 -5.012 1.205
07.10.1998 5.432 -5.008 1.203
08.10.1998 5.425 -5.007 1.203
09.10.1998 5.419 -5.004 1.202
10.10.1998 5.404 -5.002 1.201
11.10.1998 5.394 -4.999 1.201
12.10.1998 5.382 -4.997 1.199
13.10.1998 5.368 -4.996 1.198
14.10.1998 5.361 -4.994 1.197
15.10.1998 5.354 -4.99 1.197
16.10.1998 5.34 -4.988 1.196
17.10.1998 5.332 -4.987 1.195
18.10.1998 5.324 -4.986 1.194
19.10.1998 5.315 -4.984 1.194
20.10.1998 5.305 -4.981 1.192
21.10.1998 5.294 -4.978 1.191
22.10.1998 5.284 -4.975 1.19
23.10.1998 5.278 -4.973 1.19
24.10.1998 5.267 -4.972 1.189
25.10.1998 5.258 -4.969 1.188
26.10.1998 5.246 -4.968 1.187
27.10.1998 5.235 -4.965 1.186
28.10.1998 5.224 -4.963 1.185
29.10.1998 5.211 -4.96 1.183
30.10.1998 5.201 -4.959 1.182
31.10.1998 5.194 -4.957 1.181
01.11.1998 5.185 -4.955 1.18
02.11.1998 5.174 -4.952 1.179
03.11.1998 5.16 -4.95 1.179
04.11.1998 5.149 -4.948 1.178
05.11.1998 5.137 -4.946 1.177
06.11.1998 5.123 -4.943 1.175
07.11.1998 5.11 -4.942 1.175
08.11.1998 5.096 -4.94 1.174
09.11.1998 5.091 -4.938 1.173
10.11.1998 5.085 -4.936 1.172
11.11.1998 5.076 -4.934 1.17
12.11.1998 5.07 -4.933 1.169
13.11.1998 5.064 -4.931 1.168
14.11.1998 5.05 -4.928 1.168
15.11.1998 5.041 -4.925 1.167
16.11.1998 5.03 -4.922 1.166
17.11.1998 5.024 -4.921 1.165
18.11.1998 5.018 -4.919 1.164
19.11.1998 5.01 -4.918 1.163
20.11.1998 5.0 -4.916 1.162
21.11.1998 4.986 -4.914 1.161
22.11.1998 4.977 -4.911 1.16
23.11.1998 4.968 -4.909 1.159
24.11.1998 4.961 -4.907 1.158
25.11.1998 4.951 -4.905 1.157
26.11.1998 4.941 -4.903 1.155
27.11.1998 4.927 -4.902 1.154
28.11.1998 4.916 -4.9 1.153
29.11.1998 4.907 -4.899 1.152
30.11.1998 4.898 -4.897 1.151
01.12.1998 4.888 -4.895 1.15
02.12.1998 4.875 -4.894 1.149
03.12.1998 4.869 -4.891 1.148
04.12.1998 4.861 -4.889 1.147
05.12.1998 4.849 -4.887 1.146
06.12.1998 4.838 -4.885 1.146
07.12.1998 4.826 -4.884 1.145
08.12.1998 4.813 -4.881 1.144
09.12.1998 4.806 -4.879 1.143
10.12.1998 4.796 -4.877 1.141
11.12.1998 4.786 -4.875 1.141
12.12.1998 4.775 -4.873 1.14
13.12.1998 4.763 -4.872 1.139
14.12.1998 4.754 -4.87 1.138
15.12.1998 4.743 -4.869 1.138
16.12.1998 4.73 -4.866 1.136
17.12.1998 4.718 -4.863 1.135
18.12.1998 4.711 -4.862 1.134
19.12.1998 4.701 -4.859 1.133
20.12.1998 4.687 -4.856 1.131
21.12.1998 4.674 -4.855 1.13
22.12.1998 4.66 -4.852 1.129
23.12.1998 4.653 -4.849 1.128
24.12.1998 4.642 -4.848 1.126
25.12.1998 4.632 -4.847 1.125
26.12.1998 4.623 -4.845 1.125
27.12.1998 4.611 -4.843 1.123
28.12.1998 4.597 -4.841 1.122
29.12.1998 4.592 -4.839 1.121
30.12.1998 4.584 -4.837 1.121
31.12.1998 4.578 -4.835 1.12
01.01.1999 4.568 -4.833 1.119
02.01.1999 4.56 -4.83 1.118
03.01.1999 4.55 -4.829 1.117
04.01.1999 4.545 -4.828 1.116
05.01.1999 4.536 -4.827 1.115
06.01.1999 4.525 -4.825 1.114
07.01.1999 4.516 -4.823 1.113
08.01.1999 4.509 -4.822 1.112
09.01.1999 4.495 -4.819 1.112
10.01.1999 4.482 -4.817 1.111
11.01.1999 4.476 -4.814 1.11
12.01.1999 4.471 -4.812 1.108
13.01.1999 4.464 -4.811 1.108
14.01.1999 4.459 -4.809 1.107
15.01.1999 4.445 -4.808 1.105
16.01.1999 4.435 -4.806 1.105
17.01.1999 4.425 -4.805 1.103
18.01.1999 4.42 -4.803 1.103
19.01.1999 4.411 -4.802 1.102
20.01.1999 4.4 -4.8 1.101
21.01.1999 4.394 -4.798 1.1
22.01.1999 4.382 -4.796 1.099
23.01.1999 4.377 -4.794 1.097
24.01.1999 4.37 -4.792 1.096
25.01.1999 4.358 -4.791 1.095
26.01.1999 4.353 -4.789 1.095
27.01.1999 4.343 -4.787 1.094
28.01.1999 4.335 -4.785 1.093
29.01.1999 4.324 -4.784 1.092
30.01.1999 4.31 -4.782 1.091
31.01.1999 4.303 -4.78 1.089
01.02.1999 4.288 -4.779 1.088
02.02.1999 4.28 -4.776 1.088
03.02.1999 4.267 -4.774 1.086
04.02.1999 4.254 -4.771 1.085
05.02.1999 4.24 -4.768 1.084
06.02.1999 4.228 -4.767 1.083
07.02.1999 4.222 -4.765 1.082
08.02.1999 4.211 -4.764 1.082
09.02.1999 4.197 -4.763 1.081
10.02.1999 4.191 -4.762 1.08
11.02.1999 4.185 -4.759 1.079
12.02.1999 4.171 -4.757 1.078
13.02.1999 4.162 -4.756 1.077
14.02.1999 4.148 -4.754 1.076
15.02.1999 4.134 -4.752 1.075
16.02.1999 4.126 -4.751 1.074
17.02.1999 4.113 -4.748 1.073
18.02.1999 4.106 -4.746 1.072
19.02.1999 4.094 -4.744 1.071
20.02.1999 4.085 -4.742 1.07
21.02.1999 4.07 -4.739 1.069
22.02.1999 4.059 -4.738 1.068
23.02.1999 4.049 -4.737 1.067
24.02.1999 4.041 -4.735 1.066
25.02.1999 4.033 -4.733 1.065
26.02.1999 4.023 -4.731 1.064
27.02.1999 4.013 -4.729 1.063
28.02.1999 4.003 -4.728 1.061
01.03.1999 3.998 -4.727 1.06
02.03.1999 3.991 -4.724 1.06
03.03.1999 3.98 -4.723 1.058
04.03.1999 3.972 -4.721 1.058
05.03.1999 3.961 -4.72 1.057
06.03.1999 3.954 -4.718 1.056
07.03.1999 3.942 -4.716 1.055
08.03.1999 3.935 -4.713 1.054
09.03.1999 3.927 -4.71 1.053
10.03.1999 3.917 -4.708 1.052
11.03.1999 3.905 -4.705 1.05
12.03.1999 3.898 -4.703 1.05
13.03.1999 3.889 -4.702 1.049
14.03.1999 3.879 -4.7 1.048
15.03.1999 3.87 -4.698 1.047
16.03.1999 3.863 -4.696 1.047
17.03.1999 3.855 -4.693 1.045
18.03.1999 3.842 -4.692 1.045
19.03.1999 3.83 -4.689 1.043
20.03.1999 3.816 -4.687 1.043
21.03.1999 3.809 -4.685 1.042
22.03.1999 3.799 -4.684 1.041
23.03.1999 3.784 -4.682 1.041
24.03.1999 3.778 -4.681 1.04
25.03.1999 3.769 -4.679 1.039
26.03.1999 3.759 -4.677 1.039
27.03.1999 3.753 -4.675 1.038
28.03.1999 3.741 -4.673 1.037
29.03.1999 3.727 -4.671 1.036
30.03.1999 3.72 -4.669 1.035
31.03.1999 3.715 -4.668 1.033
01.04.1999 3.707 -4.667 1.032
02.04.1999 3.696 -4.665 1.031
03.04.1999 3.684 -4.664 1.03
04.04.1999 3.678 -4.662 1.029
05.04.1999 3.668 -4.661 1.028
06.04.1999 3.661 -4.659 1.027
07.04.1999 3.655 -4.657 1.026
08.04.1999 3.645 -4.655 1.025
09.04.1999 3.634 -4.654 1.024
10.04.1999 3.623 -4.653 1.023
11.04.1999 3.614 -4.651 1.022
12.04.1999 3.603 -4.649 1.021
13.04.1999 3.594 -4.648 1.021
14.04.1999 3.58 -4.647 1.02
15.04.1999 3.566 -4.646 1.019
16.04.1999 3.56 -4.645 1.018
17.04.1999 3.551 -4.644 1.017
18.04.1999 3.539 -4.642 1.016
19.04.1999 3.525 -4.64 1.015
20.04.1999 3.515 -4.637 1.014
21.04.1999 3.505 -4.636 1.013
22.04.1999 3.492 -4.634 1.012
23.04.1999 3.478 -4.633 1.012
24.04.1999 3.464 -4.631 1.011
25.04.1999 3.456 -4.629 1.01
26.04.1999 3.445 -4.627 1.009
27.04.1999 3.432 -4.625 1.007
28.04.1999 3.425 -4.623 1.006
29.04.1999 3.411 -4.621 1.005
30.04.1999 3.404 -4.619 1.003
01.05.1999 3.391 -4.617 1.003
02.05.1999 3.386 -4.615 1.002
03.05.1999 3.377 -4.613 1.001
04.05.1999 3.37 -4.612 1.0
05.05.1999 3.356 -4.609 0.999
06.05.1999 3.342 -4.607 0.999
07.05.1999 3.336 -4.606 0.998
08.05.1999 3.328 -4.604 0.997
09.05.1999 3.322 -4.602 0.996
10.05.1999 3.312 -4.601 0.995
11.05.1999 3.307 -4.6 0.994
12.05.1999 3.296 -4.598 0.993
13.05.1999 3.287 -4.597 0.992
14.05.1999 3.272 -4.595 0.991
15.05.1999 3.262 -4.593 0.99
16.05.1999 3.252 -4.591 0.989
17.05.1999 3.239 -4.59 0.987
18.05.1999 3.226 -4.588 0.986
19.05.1999 3.219 -4.587 0.985
20.05.1999 3.206 -4.585 0.984
21.05.1999 3.195 -4.584 0.983
22.05.1999 3.185 -4.581 0.983
23.05.1999 3.176 -4.58 0.982
24.05.1999 3.163 -4.578 0.98
25.05.1999 3.157 -4.576 0.98
26.05.1999 3.145 -4.575 0.979
27.05.1999 3.131 -4.573 0.978
28.05.1999 3.123 -4.571 0.977
29.05.1999 3.11 -4.569 0.976
30.05.1999 3.103 -4.567 0.975
31.05.1999 3.095 -4.565 0.974
01.06.1999 3.082 -4.563 0.973
02.06.1999 3.069 -4.562 0.972
03.06.1999 3.061 -4.56 0.971
04.06.1999 3.048 -4.559 0.97
05.06.1999 3.041 -4.557 0.969
06.06.1999 3.026 -4.555 0.968
07.06.1999 3.019 -4.553 0.967
08.06.1999 3.01 -4.551 0.967
09.06.1999 3.002 -4.549 0.966
10.06.1999 2.989 -4.548 0.965
11.06.1999 2.978 -4.545 0.964
12.06.1999 2.969 -4.543 0.963
13.06.1999 2.959 -4.542 0.963
14.06.1999 2.949 -4.54 0.961
15.06.1999 2.943 -4.539 0.96
16.06.1999 2.929 -4.537 0.959
17.06.1999 2.919 -4.535 0.959
18.06.1999 2.913 -4.534 0.958
19.06.1999 2.901 -4.533 0.956
20.06.1999 2.895 -4.532 0.956
21.06.1999 2.885 -4.53 0.955
22.06.1999 2.873 -4.528 0.954
23.06.1999 2.861 -4.527 0.953
24.06.1999 2.852 -4.525 0.951
25.06.1999 2.845 -4.524 0.951
26.06.1999 2.836 -4.523 0.95
27.06.1999 2.824 -4.521 0.949
28.06.1999 2.81 -4.519 0.949
29.06.1999 2.803 -4.517 0.948
30.06.1999 2.797 -4.515 0.947
01.07.1999 2.789 -4.514 0.946
02.07.1999 2.782 -4.512 0.945
03.07.1999 2.769 -4.511 0.944
04.07.1999 2.759 -4.509 0.943
05.07.1999 2.747 -4.508 0.942
06.07.1999 2.734 -4.508 0.94
07.07.1999 2.722 -4.505 0.94
08.07.1999 2.708 -4.503 0.939
09.07.1999 2.7 -4.502 0.938
10.07.1999 2.686 -4.501 0.937
11.07.1999 2.676 -4.499 0.935
12.07.1999 2.662 -4.498 0.935
13.07.1999 2.653 -4.497 0.934
14.07.1999 2.642 -4.495 0.933
15.07.1999 2.629 -4.493 0.931
16.07.1999 2.619 -4.491 0.93
17.07.1999 2.606 -4.49 0.929
18.07.1999 2.598 -4.488 0.928
19.07.1999 2.589 -4.485 0.927
20.07.1999 2.581 -4.483 0.926
21.07.1999 2.572 -4.481 0.925
22.07.1999 2.56 -4.48 0.924
23.07.1999 2.549 -4.479 0.923
24.07.1999 2.538 -4.478 0.922
25.07.1999 2.527 -4.476 0.921
26.07.1999 2.515 -4.474 0.92
27.07.1999 2.502 -4.473 0.919
28.07.1999 2.495 -4.471 0.919
29.07.1999 2.487 -4.469 0.918
30.07.1999 2.472 -4.467 0.917
31.07.1999 2.465 -4.465 0.916
01.08.1999 2.454 -4.463 0.915
02.08.1999 2.443 -4.462 0.914
03.08.1999 2.428 -4.46 0.912
04.08.1999 2.42 -4.458 0.911
05.08.1999 2.409 -4.456 0.91
06.08.1999 2.399 -4.455 0.91
07.08.1999 2.384 -4.454 0.909
08.08.1999 2.374 -4.452 0.908
09.08.1999 2.367 -4.451 0.907
10.08.1999 2.359 -4.45 0.906
11.08.1999 2.348 -4.448 0.904
12.08.1999 2.341 -4.446 0.903
13.08.1999 2.336 -4.444 0.902
14.08.1999 2.321 -4.442 0.901
15.08.1999 2.309 -4.441 0.901
16.08.1999 2.294 -4.439 0.9
17.08.1999 2.284 -4.438 0.899
18.08.1999 2.27 -4.437 0.899
19.08.1999 2.257 -4.434 0.898
20.08.1999 2.246 -4.433 0.897
21.08.1999 2.234 -4.431 0.895
22.08.1999 2.222 -4.431 0.894
23.08.1999 2.216 -4.429 0.893
24.08.1999 2.203 -4.428 0.892
25.08.1999 2.195 -4.426 0.891
26.08.1999 2.181 -4.425 0.89
27.08.1999 2.176 -4.424 0.889
28.08.1999 2.17 -4.422 0.888
29.08.1999 2.156 -4.421 0.887
30.08.1999 2.141 -4.42 0.886
31.08.1999 2.129 -4.419 0.885
01.09.1999 2.119 -4.418 0.884
02.09.1999 2.112 -4.417 0.883
03.09.1999 2.102 -4.414 0.882
04.09.1999 2.094 -4.413 0.881
05.09.1999 2.084 -4.413 0.88
06.09.1999 2.077 -4.411 0.878
07.09.1999 2.063 -4.409 0.877
08.09.1999 2.05 -4.408 0.877
09.09.1999 2.037 -4.406 0.876
10.09.1999 2.028 -4.405 0.875
11.09.1999 2.014 -4.404 0.874
12.09.1999 2.009 -4.401 0.873
13.09.1999 2.002 -4.4 0.873
14.09.1999 1.992 -4.398 0.871
15.09.1999 1.986 -4.397 0.87
16.09.1999 1.979 -4.395 0.869
17.09.1999 1.971 -4.394 0.867
18.09.1999 1.957 -4.392 0.866
19.09.1999 1.947 -4.391 0.866
20.09.1999 1.94 -4.389 0.864
21.09.1999 1.932 -4.387 0.864
22.09.1999 1.92 -4.385 0.863
23.09.1999 1.907 -4.384 0.862
24.09.1999 1.895 -4.382 0.861
25.09.1999 1.883 -4.381 0.86
26.09.1999 1.871 -4.38 0.859
27.09.1999 1.864 -4.38 0.858
28.09.1999 1.855 -4.378 0.857
29.09.1999 1.846 -4.376 0.855
30.09.1999 1.835 -4.375 0.854
01.10.1999 1.823 -4.374 0.853
02.10.1999 1.815 -4.373 0.852
03.10.1999 1.806 -4.371 0.851
04.10.1999 1.791 -4.369 0.849
05.10.1999 1.785 -4.368 0.848
06.10.1999 1.778 -4.366 0.848
07.10.1999 1.764 -4.365 0.847
08.10.1999 1.757 -4.363 0.845
09.10.1999 1.745 -4.362 0.845
10.10.1999 1.739 -4.361 0.843
11.10.1999 1.729 -4.36 0.842
12.10.1999 1.714 -4.358 0.841
13.10.1999 1.703 -4.357 0.84
14.10.1999 1.691 -4.355 0.839
15.10.1999 1.685 -4.354 0.838
16.10.1999 1.675 -4.351 0.837
17.10.1999 1.664 -4.35 0.835
18.10.1999 1.649 -4.349 0.834
19.10.1999 1.639 -4.347 0.833
20.10.1999 1.634 -4.345 0.833
21.10.1999 1.624 -4.344 0.832
22.10.1999 1.609 -4.342 0.832
23.10.1999 1.604 -4.34 0.831
24.10.1999 1.593 -4.338 0.83
25.10.1999 1.581 -4.337 0.829
26.10.1999 1.573 -4.336 0.828
27.10.1999 1.566 -4.335 0.827
28.10.1999 1.557 -4.334 0.826
29.10.1999 1.544 -4.332 0.825
30.10.1999 1.536 -4.33 0.824
31.10.1999 1.524 -4.329 0.823
01.11.1999 1.516 -4.328 0.822
02.11.1999 1.504 -4.327 0.822
03.11.1999 1.493 -4.326 0.82
04.11.1999 1.484 -4.324 0.82
05.11.1999 1.472 -4.322 0.819
06.11.1999 1.465 -4.32 0.818
07.11.1999 1.451 -4.318 0.817
08.11.1999 1.443 -4.316 0.816
09.11.1999 1.437 -4.315 0.815
10.11.1999 1.429 -4.313 0.814
11.11.1999 1.415 -4.311 0.813
12.11.1999 1.407 -4.309 0.812
13.11.1999 1.393 -4.307 0.811
14.11.1999 1.379 -4.306 0.81
15.11.1999 1.373 -4.305 0.809
16.11.1999 1.366 -4.303 0.808
17.11.1999 1.354 -4.301 0.807
18.11.1999 1.343 -4.3 0.807
19.11.1999 1.332 -4.299 0.806
20.11.1999 1.319 -4.297 0.805
21.11.1999 1.305 -4.296 0.804
22.11.1999 1.297 -4.294 0.803
23.11.1999 1.288 -4.293 0.802
24.11.1999 1.273 -4.291 0.801
25.11.1999 1.266 -4.29 0.8
26.11.1999 1.254 -4.288 0.799
27.11.1999 1.247 -4.287 0.798
28.11.1999 1.233 -4.286 0.797
29.11.1999 1.224 -4.285 0.796
30.11.1999 1.214 -4.284 0.795
01.12.1999 1.205 -4.283 0.794
02.12.1999 1.198 -4.281 0.794
03.12.1999 1.188 -4.278 0.792
04.12.1999 1.183 -4.278 0.791
05.12.1999 1.17 -4.276 0.79
06.12.1999 1.159 -4.274 0.789
07.12.1999 1.154 -4.272 0.788
08.12.1999 1.142 -4.271 0.787
09.12.1999 1.135 -4.269 0.785
10.12.1999 1.121 -4.268 0.785
11.12.1999 1.113 -4.267 0.784
12.12.1999 1.099 -4.265 0.783
13.12.1999 1.088 -4.264 0.782
14.12.1999 1.079 -4.262 0.781
15.12.1999 1.073 -4.261 0.78
16.12.1999 1.066 -4.26 0.779
17.12.1999 1.059 -4.258 0.778
18.12.1999 1.05 -4.257 0.777
19.12.1999 1.045 -4.255 0.776
20.12.1999 1.034 -4.254 0.775
21.12.1999 1.028 -4.252 0.774
22.12.1999 1.014 -4.251 0.773
23.12.1999 1.001 -4.249 0.772
24.12.1999 0.991 -4.248 0.771
25.12.1999 0.985 -4.247 0.77
26.12.1999 0.972 -4.246 0.769
27.12.1999 0.963 -4.244 0.768
28.12.1999 0.952 -4.243 0.767
29.12.1999 0.937 -4.241 0.767
30.12.1999 0.932 -4.24 0.766
31.12.1999 0.919 -4.239 0.765
01.01.2000 0.91 -4.237 0.764
02.01.2000 0.897 -4.236 0.763
03.01.2000 0.887 -4.234 0.763
04.01.2000 0.873 -4.233 0.761
05.01.2000 0.864 -4.231 0.761
06.01.2000 0.854 -4.23 0.759
07.01.2000 0.841 -4.229 0.758
08.01.2000 0.829 -4.228 0.757
09.01.2000 0.817 -4.226 0.756
10.01.2000 0.807 -4.225 0.755
11.01.2000 0.801 -4.224 0.753
12.01.2000 0.789 -4.223 0.752
13.01.2000 0.775 -4.221 0.752
14.01.2000 0.77 -4.22 0.751
15.01.2000 0.763 -4.218 0.75
16.01.2000 0.749 -4.216 0.749
17.01.2000 0.736 -4.214 0.748
18.01.2000 0.722 -4.213 0.747
19.01.2000 0.712 -4.211 0.746
20.01.2000 0.698 -4.209 0.745
21.01.2000 0.684 -4.208 0.744
22.01.2000 0.67 -4.207 0.743
23.01.2000 0.662 -4.205 0.742
24.01.2000 0.648 -4.204 0.741
25.01.2000 0.637 -4.202 0.74
26.01.2000 0.626 -4.201 0.739
27.01.2000 0.618 -4.199 0.738
28.01.2000 0.605 -4.197 0.736
29.01.2000 0.594 -4.196 0.736
30.01.2000 0.585 -4.195 0.735
31.01.2000 0.572 -4.193 0.734
01.02.2000 0.565 -4.191 0.733
02.02.2000 0.554 -4.189 0.731
03.02.2000 0.547 -4.188 0.73
04.02.2000 0.533 -4.187 0.73
05.02.2000 0.524 -4.186 0.729
06.02.2000 0.512 -4.185 0.728
07.02.2000 0.507 -4.183 0.727
08.02.2000 0.499 -4.182 0.726
09.02.2000 0.492 -4.181 0.725
10.02.2000 0.483 -4.179 0.724
11.02.2000 0.477 -4.177 0.724
12.02.2000 0.462 -4.176 0.723
13.02.2000 0.451 -4.175 0.721
14.02.2000 0.44 -4.174 0.721
15.02.2000 0.434 -4.174 0.719
16.02.2000 0.42 -4.172 0.718
17.02.2000 0.41 -4.171 0.717
18.02.2000 0.398 -4.17 0.717
19.02.2000 0.39 -4.169 0.716
20.02.2000 0.375 -4.167 0.715
21.02.2000 0.366 -4.165 0.714
22.02.2000 0.356 -4.164 0.713
23.02.2000 0.347 -4.162 0.712
24.02.2000 0.336 -4.161 0.712
25.02.2000 0.323 -4.16 0.711
26.02.2000 0.311 -4.159 0.71
27.02.2000 0.303 -4.157 0.709
28.02.2000 0.295 -4.156 0.708
29.02.2000 0.284 -4.154 0.707
01.03.2000 0.273 -4.152 0.706
02.03.2000 0.264 -4.151 0.705
03.03.2000 0.252 -4.151 0.704
04.03.2000 0.243 -4.15 0.703
05.03.2000 0.233 -4.149 0.702
06.03.2000 0.221 -4.148 0.701
07.03.2000 0.207 -4.146 0.7
08.03.2000 0.196 -4.144 0.699
09.03.2000 0.188 -4.142 0.698
10.03.2000 0.176 -4.141 0.697
11.03.2000 0.161 -4.14 0.695
12.03.2000 0.146 -4.138 0.695
13.03.2000 0.134 -4.138 0.694
14.03.2000 0.126 -4.137 0.692
15.03.2000 0.116 -4.136 0.691
16.03.2000 0.104 -4.135 0.69
17.03.2000 0.094 -4.133 0.689
18.03.2000 0.086 -4.132 0.688
19.03.2000 0.075 -4.13 0.688
20.03.2000 0.062 -4.128 0.687
21.03.2000 0.053 -4.127 0.686
22.03.2000 0.043 -4.126 0.685
23.03.2000 0.036 -4.125 0.684
24.03.2000 0.026 -4.124 0.684
25.03.2000 0.015 -4.122 0.683
26.03.2000 0.002 -4.121 0.682
