19.03.1994 5.35 -6.84 1.437
20.03.1994 5.338 -6.825 1.437
21.03.1994 5.332 -6.814 1.436
22.03.1994 5.32 -6.807 1.434
23.03.1994 5.31 -6.804 1.433
24.03.1994 5.301 -6.798 1.432
25.03.1994 5.286 -6.793 1.431
26.03.1994 5.272 -6.788 1.429
27.03.1994 5.266 -6.784 1.429
28.03.1994 5.254 -6.779 1.428
29.03.1994 5.241 -6.773 1.427
30.03.1994 5.227 -6.768 1.426
31.03.1994 5.217 -6.763 1.425
01.04.1994 5.209 -6.758 1.424
02.04.1994 5.202 -6.755 1.423
03.04.1994 5.196 -6.75 1.422
04.04.1994 5.186 -6.747 1.421
05.04.1994 5.172 -6.741 1.42
06.04.1994 5.163 -6.736 1.419
07.04.1994 5.151 -6.734 1.418
08.04.1994 5.144 -6.73 1.417
09.04.1994 5.136 -6.726 1.416
10.04.1994 5.124 -6.721 1.416
11.04.1994 5.116 -6.716 1.414
12.04.1994 5.101 -6.711 1.413
13.04.1994 5.087 -6.705 1.412
14.04.1994 5.08 -6.701 1.411
15.04.1994 5.073 -6.697 1.411
16.04.1994 5.065 -6.695 1.409
17.04.1994 5.055 -6.69 1.408
18.04.1994 5.044 -6.686 1.407
19.04.1994 5.03 -6.681 1.406
20.04.1994 5.024 -6.677 1.405
21.04.1994 5.016 -6.671 1.404
22.04.1994 5.009 -6.666 1.403
23.04.1994 5.001 -6.661 1.402
24.04.1994 4.99 -6.657 1.4
25.04.1994 4.98 -6.654 1.399
26.04.1994 4.968 -6.651 1.398
27.04.1994 4.953 -6.646 1.397
28.04.1994 4.945 -6.642 1.396
29.04.1994 4.933 -6.638 1.395
30.04.1994 4.923 -6.634 1.394
01.05.1994 4.91 -6.631 1.393
02.05.1994 4.895 -6.629 1.392
03.05.1994 4.881 -6.626 1.391
04.05.1994 4.873 -6.623 1.39
05.05.1994 4.862 -6.62 1.389
06.05.1994 4.855 -6.618 1.387
07.05.1994 4.842 -6.614 1.386
08.05.1994 4.833 -6.611 1.385
09.05.1994 4.823 -6.609 1.384
10.05.1994 4.812 -6.605 1.384
11.05.1994 4.797 -6.602 1.382
12.05.1994 4.789 -6.599 1.382
13.05.1994 4.78 -6.596 1.381
14.05.1994 4.772 -6.594 1.38
15.05.1994 4.764 -6.59 1.379
16.05.1994 4.753 -6.586 1.379
17.05.1994 4.746 -6.583 1.378
18.05.1994 4.74 -6.581 1.377
19.05.1994 4.726 -6.579 1.376
20.05.1994 4.718 -6.575 1.374
21.05.1994 4.71 -6.573 1.373
22.05.1994 4.698 -6.571 1.373
23.05.1994 4.691 -6.568 1.371
24.05.1994 4.682 -6.566 1.37
25.05.1994 4.677 -6.563 1.369
26.05.1994 4.665 -6.56 1.368
27.05.1994 4.659 -6.559 1.367
28.05.1994 4.648 -6.556 1.366
29.05.1994 4.636 -6.553 1.365
30.05.1994 4.626 -6.55 1.365
31.05.1994 4.611 -6.547 1.364
01.06.1994 4.606 -6.544 1.363
02.06.1994 4.598 -6.54 1.361
03.06.1994 4.589 -6.537 1.36
04.06.1994 4.58 -6.534 1.359
05.06.1994 4.567 -6.53 1.359
06.06.1994 4.553 -6.528 1.357
07.06.1994 4.544 -6.525 1.356
08.06.1994 4.536 -6.523 1.355
09.06.1994 4.521 -6.52 1.354
10.06.1994 4.507 -6.516 1.353
11.06.1994 4.499 -6.513 1.352
12.06.1994 4.491 -6.51 1.351
13.06.1994 4.477 -6.508 1.35
14.06.1994 4.469 -6.505 1.349
15.06.1994 4.46 -6.502 1.348
16.06.1994 4.453 -6.5 1.347
17.06.1994 4.441 -6.496 1.346
18.06.1994 4.434 -6.492 1.345
19.06.1994 4.427 -6.489 1.344
20.06.1994 4.419 -6.488 1.343
21.06.1994 4.413 -6.485 1.341
22.06.1994 4.406 -6.484 1.34
23.06.1994 4.393 -6.48 1.339
24.06.1994 4.386 -6.478 1.339
25.06.1994 4.381 -6.475 1.337
26.06.1994 4.367 -6.473 1.336
27.06.1994 4.353 -6.471 1.335
28.06.1994 4.342 -6.468 1.334
29.06.1994 4.331 -6.465 1.334
30.06.1994 4.324 -6.463 1.333
01.07.1994 4.319 -6.46 1.332
02.07.1994 4.309 -6.458 1.331
03.07.1994 4.298 -6.456 1.33
04.07.1994 4.285 -6.453 1.329
05.07.1994 4.279 -6.45 1.328
06.07.1994 4.266 -6.447 1.327
07.07.1994 4.256 -6.444 1.326
08.07.1994 4.243 -6.442 1.325
09.07.1994 4.229 -6.439 1.324
10.07.1994 4.218 -6.436 1.324
11.07.1994 4.212 -6.434 1.322
12.07.1994 4.2 -6.431 1.321
13.07.1994 4.185 -6.428 1.32
14.07.1994 4.18 -6.427 1.319
15.07.1994 4.169 -6.426 1.318
16.07.1994 4.158 -6.422 1.317
17.07.1994 4.147 -6.419 1.316
18.07.1994 4.132 -6.417 1.316
19.07.1994 4.127 -6.414 1.314
20.07.1994 4.119 -6.412 1.314
21.07.1994 4.11 -6.408 1.312
22.07.1994 4.098 -6.405 1.311
23.07.1994 4.092 -6.403 1.31
24.07.1994 4.081 -6.401 1.308
25.07.1994 4.068 -6.399 1.307
26.07.1994 4.062 -6.397 1.306
27.07.1994 4.05 -6.395 1.305
28.07.1994 4.044 -6.393 1.305
29.07.1994 4.031 -6.391 1.304
30.07.1994 4.025 -6.388 1.303
31.07.1994 4.018 -6.385 1.303
01.08.1994 4.013 -6.383 1.302
02.08.1994 4.0 -6.38 1.3
03.08.1994 3.993 -6.378 1.299
04.08.1994 3.979 -6.377 1.298
05.08.1994 3.971 -6.373 1.297
06.08.1994 3.965 -6.372 1.296
07.08.1994 3.95 -6.37 1.295
08.08.1994 3.94 -6.368 1.294
09.08.1994 3.929 -6.367 1.292
10.08.1994 3.922 -6.365 1.291
11.08.1994 3.91 -6.363 1.29
12.08.1994 3.898 -6.362 1.289
13.08.1994 3.89 -6.359 1.288
14.08.1994 3.878 -6.358 1.287
15.08.1994 3.869 -6.355 1.286
16.08.1994 3.855 -6.353 1.285
17.08.1994 3.841 -6.351 1.284
18.08.1994 3.83 -6.348 1.283
19.08.1994 3.82 -6.347 1.283
20.08.1994 3.807 -6.345 1.282
21.08.1994 3.798 -6.343 1.28
22.08.1994 3.79 -6.341 1.279
23.08.1994 3.783 -6.339 1.278
24.08.1994 3.772 -6.337 1.277
25.08.1994 3.76 -6.335 1.276
26.08.1994 3.746 -6.333 1.275
27.08.1994 3.732 -6.33 1.274
28.08.1994 3.723 -6.329 1.273
29.08.1994 3.712 -6.326 1.271
30.08.1994 3.703 -6.324 1.27
31.08.1994 3.693 -6.323 1.27
01.09.1994 3.679 -6.32 1.269
02.09.1994 3.674 -6.318 1.268
03.09.1994 3.66 -6.316 1.267
04.09.1994 3.651 -6.315 1.266
05.09.1994 3.638 -6.313 1.265
06.09.1994 3.627 -6.311 1.264
07.09.1994 3.621 -6.309 1.263
08.09.1994 3.609 -6.307 1.262
09.09.1994 3.597 -6.306 1.261
10.09.1994 3.59 -6.303 1.26
11.09.1994 3.576 -6.301 1.259
12.09.1994 3.567 -6.298 1.259
13.09.1994 3.559 -6.296 1.258
14.09.1994 3.548 -6.295 1.256
15.09.1994 3.536 -6.293 1.255
16.09.1994 3.522 -6.291 1.255
17.09.1994 3.516 -6.29 1.254
18.09.1994 3.51 -6.286 1.252
19.09.1994 3.502 -6.285 1.251
20.09.1994 3.491 -6.283 1.25
21.09.1994 3.479 -6.281 1.249
22.09.1994 3.473 -6.279 1.248
23.09.1994 3.466 -6.277 1.247
24.09.1994 3.452 -6.275 1.246
25.09.1994 3.447 -6.272 1.245
26.09.1994 3.432 -6.269 1.244
27.09.1994 3.421 -6.267 1.243
28.09.1994 3.412 -6.266 1.242
29.09.1994 3.405 -6.264 1.241
30.09.1994 3.397 -6.262 1.241
01.10.1994 3.386 -6.26 1.24
02.10.1994 3.371 -6.259 1.238
03.10.1994 3.366 -6.257 1.237
04.10.1994 3.358 -6.255 1.236
05.10.1994 3.346 -6.252 1.235
06.10.1994 3.335 -6.251 1.234
07.10.1994 3.322 -6.248 1.233
08.10.1994 3.314 -6.246 1.233
09.10.1994 3.308 -6.244 1.232
10.10.1994 3.301 -6.242 1.231
11.10.1994 3.292 -6.24 1.231
12.10.1994 3.279 -6.238 1.23
13.10.1994 3.27 -6.237 1.229
14.10.1994 3.257 -6.235 1.228
15.10.1994 3.242 -6.232 1.227
16.10.1994 3.237 -6.229 1.226
17.10.1994 3.222 -6.228 1.224
18.10.1994 3.215 -6.225 1.223
19.10.1994 3.204 -6.224 1.223
20.10.1994 3.195 -6.223 1.222
21.10.1994 3.181 -6.222 1.221
22.10.1994 3.173 -6.219 1.22
23.10.1994 3.163 -6.217 1.22
24.10.1994 3.153 -6.215 1.218
25.10.1994 3.139 -6.214 1.217
26.10.1994 3.132 -6.212 1.216
27.10.1994 3.125 -6.21 1.215
28.10.1994 3.112 -6.207 1.214
29.10.1994 3.1 -6.206 1.212
30.10.1994 3.093 -6.204 1.211
31.10.1994 3.078 -6.203 1.21
01.11.1994 3.07 -6.2 1.21
02.11.1994 3.057 -6.198 1.209
03.11.1994 3.05 -6.195 1.209
04.11.1994 3.037 -6.192 1.207
05.11.1994 3.03 -6.191 1.207
06.11.1994 3.023 -6.188 1.206
07.11.1994 3.011 -6.187 1.205
08.11.1994 3.002 -6.185 1.203
09.11.1994 2.99 -6.183 1.203
10.11.1994 2.984 -6.18 1.202
11.11.1994 2.974 -6.179 1.201
12.11.1994 2.968 -6.176 1.2
13.11.1994 2.959 -6.175 1.199
14.11.1994 2.948 -6.173 1.197
15.11.1994 2.936 -6.17 1.196
16.11.1994 2.921 -6.169 1.195
17.11.1994 2.908 -6.167 1.194
18.11.1994 2.902 -6.165 1.194
19.11.1994 2.889 -6.163 1.193
20.11.1994 2.878 -6.16 1.192
21.11.1994 2.868 -6.159 1.191
22.11.1994 2.858 -6.156 1.19
23.11.1994 2.844 -6.154 1.189
24.11.1994 2.831 -6.152 1.188
25.11.1994 2.821 -6.151 1.187
26.11.1994 2.812 -6.15 1.186
27.11.1994 2.801 -6.148 1.186
28.11.1994 2.791 -6.146 1.185
29.11.1994 2.779 -6.144 1.184
30.11.1994 2.771 -6.142 1.183
01.12.1994 2.764 -6.141 1.182
02.12.1994 2.75 -6.139 1.18
03.12.1994 2.736 -6.138 1.179
04.12.1994 2.727 -6.136 1.178
05.12.1994 2.715 -6.135 1.178
06.12.1994 2.7 -6.134 1.177
07.12.1994 2.689 -6.132 1.176
08.12.1994 2.684 -6.131 1.176
09.12.1994 2.67 -6.128 1.175
10.12.1994 2.66 -6.127 1.174
11.12.1994 2.647 -6.125 1.173
12.12.1994 2.633 -6.123 1.172
13.12.1994 2.626 -6.12 1.17
14.12.1994 2.613 -6.118 1.17
15.12.1994 2.602 -6.116 1.169
16.12.1994 2.595 -6.114 1.167
17.12.1994 2.589 -6.113 1.166
18.12.1994 2.576 -6.11 1.165
19.12.1994 2.564 -6.108 1.165
20.12.1994 2.557 -6.106 1.164
21.12.1994 2.547 -6.104 1.162
22.12.1994 2.535 -6.103 1.161
23.12.1994 2.525 -6.101 1.16
24.12.1994 2.513 -6.099 1.159
25.12.1994 2.506 -6.097 1.158
26.12.1994 2.496 -6.096 1.157
27.12.1994 2.487 -6.094 1.156
28.12.1994 2.476 -6.093 1.155
29.12.1994 2.465 -6.09 1.155
30.12.1994 2.457 -6.088 1.154
31.12.1994 2.447 -6.085 1.153
01.01.1995 2.438 -6.083 1.151
02.01.1995 2.423 -6.081 1.15
03.01.1995 2.409 -6.08 1.15
04.01.1995 2.398 -6.077 1.149
05.01.1995 2.388 -6.074 1.148
06.01.1995 2.377 -6.073 1.147
07.01.1995 2.369 -6.071 1.146
08.01.1995 2.363 -6.07 1.145
09.01.1995 2.349 -6.068 1.144
10.01.1995 2.341 -6.066 1.143
11.01.1995 2.335 -6.065 1.142
12.01.1995 2.326 -6.064 1.141
13.01.1995 2.32 -6.063 1.14
14.01.1995 2.308 -6.061 1.14
15.01.1995 2.294 -6.059 1.139
16.01.1995 2.283 -6.057 1.138
17.01.1995 2.275 -6.055 1.136
18.01.1995 2.261 -6.054 1.136
19.01.1995 2.253 -6.052 1.135
20.01.1995 2.242 -6.051 1.134
21.01.1995 2.235 -6.049 1.133
22.01.1995 2.221 -6.047 1.132
23.01.1995 2.213 -6.045 1.13
24.01.1995 2.2 -6.044 1.129
25.01.1995 2.192 -6.042 1.128
26.01.1995 2.178 -6.039 1.126
27.01.1995 2.17 -6.037 1.125
28.01.1995 2.164 -6.036 1.124
29.01.1995 2.15 -6.034 1.123
30.01.1995 2.143 -6.033 1.122
31.01.1995 2.134 -6.03 1.121
01.02.1995 2.129 -6.028 1.12
02.02.1995 2.123 -6.027 1.119
03.02.1995 2.114 -6.025 1.117
04.02.1995 2.106 -6.024 1.117
05.02.1995 2.099 -6.023 1.116
06.02.1995 2.09 -6.021 1.115
07.02.1995 2.083 -6.019 1.114
08.02.1995 2.071 -6.016 1.113
09.02.1995 2.064 -6.014 1.111
10.02.1995 2.053 -6.012 1.11
11.02.1995 2.046 -6.011 1.109
12.02.1995 2.033 -6.009 1.108
13.02.1995 2.024 -6.007 1.107
14.02.1995 2.01 -6.006 1.105
15.02.1995 1.998 -6.004 1.104
16.02.1995 1.984 -6.002 1.103
17.02.1995 1.979 -6.0 1.102
18.02.1995 1.967 -5.998 1.101
19.02.1995 1.956 -5.995 1.1
20.02.1995 1.943 -5.993 1.099
21.02.1995 1.933 -5.991 1.098
22.02.1995 1.922 -5.99 1.097
23.02.1995 1.91 -5.988 1.096
24.02.1995 1.897 -5.986 1.096
25.02.1995 1.886 -5.985 1.095
26.02.1995 1.873 -5.983 1.094
27.02.1995 1.861 -5.98 1.093
28.02.1995 1.856 -5.978 1.092
01.03.1995 1.848 -5.977 1.091
02.03.1995 1.842 -5.976 1.09
03.03.1995 1.835 -5.975 1.089
04.03.1995 1.821 -5.973 1.088
05.03.1995 1.81 -5.971 1.087
06.03.1995 1.803 -5.97 1.086
07.03.1995 1.795 -5.967 1.084
08.03.1995 1.787 -5.966 1.083
09.03.1995 1.781 -5.964 1.082
10.03.1995 1.775 -5.963 1.082
11.03.1995 1.766 -5.96 1.08
12.03.1995 1.751 -5.959 1.08
13.03.1995 1.742 -5.957 1.078
14.03.1995 1.736 -5.955 1.078
15.03.1995 1.729 -5.953 1.077
16.03.1995 1.718 -5.951 1.076
17.03.1995 1.713 -5.949 1.075
18.03.1995 1.699 -5.948 1.074
19.03.1995 1.684 -5.946 1.073
20.03.1995 1.67 -5.945 1.072
21.03.1995 1.661 -5.943 1.071
22.03.1995 1.651 -5.941 1.07
23.03.1995 1.641 -5.939 1.069
24.03.1995 1.626 -5.937 1.068
25.03.1995 1.613 -5.936 1.067
26.03.1995 1.605 -5.933 1.066
27.03.1995 1.599 -5.932 1.065
28.03.1995 1.592 -5.93 1.064
29.03.1995 1.58 -5.928 1.063
30.03.1995 1.569 -5.925 1.062
31.03.1995 1.555 -5.924 1.06
01.04.1995 1.546 -5.922 1.059
02.04.1995 1.539 -5.92 1.058
03.04.1995 1.526 -5.918 1.057
04.04.1995 1.52 -5.918 1.056
05.04.1995 1.512 -5.915 1.055
06.04.1995 1.502 -5.913 1.054
07.04.1995 1.495 -5.912 1.053
08.04.1995 1.487 -5.909 1.053
09.04.1995 1.481 -5.908 1.052
10.04.1995 1.468 -5.907 1.05
11.04.1995 1.455 -5.905 1.05
12.04.1995 1.446 -5.903 1.048
13.04.1995 1.432 -5.901 1.048
14.04.1995 1.423 -5.898 1.047
15.04.1995 1.415 -5.897 1.046
16.04.1995 1.401 -5.896 1.045
17.04.1995 1.391 -5.893 1.044
18.04.1995 1.376 -5.891 1.044
19.04.1995 1.37 -5.89 1.043
20.04.1995 1.361 -5.888 1.042
21.04.1995 1.348 -5.887 1.04
22.04.1995 1.333 -5.886 1.039
23.04.1995 1.319 -5.885 1.037
24.04.1995 1.308 -5.884 1.036
25.04.1995 1.299 -5.882 1.035
26.04.1995 1.291 -5.881 1.034
27.04.1995 1.284 -5.879 1.033
28.04.1995 1.27 -5.877 1.033
29.04.1995 1.258 -5.876 1.031
30.04.1995 1.248 -5.874 1.03
01.05.1995 1.241 -5.873 1.029
02.05.1995 1.233 -5.872 1.028
03.05.1995 1.225 -5.87 1.027
04.05.1995 1.216 -5.869 1.026
05.05.1995 1.206 -5.867 1.025
06.05.1995 1.199 -5.865 1.023
07.05.1995 1.189 -5.864 1.022
08.05.1995 1.18 -5.861 1.02
09.05.1995 1.17 -5.86 1.019
10.05.1995 1.159 -5.857 1.019
11.05.1995 1.153 -5.856 1.017
12.05.1995 1.138 -5.854 1.016
13.05.1995 1.131 -5.852 1.015
14.05.1995 1.119 -5.85 1.014
15.05.1995 1.111 -5.849 1.013
16.05.1995 1.105 -5.847 1.012
17.05.1995 1.099 -5.845 1.011
18.05.1995 1.086 -5.843 1.01
19.05.1995 1.076 -5.842 1.01
20.05.1995 1.064 -5.841 1.008
21.05.1995 1.058 -5.839 1.008
22.05.1995 1.045 -5.838 1.007
23.05.1995 1.038 -5.837 1.006
24.05.1995 1.029 -5.835 1.004
25.05.1995 1.016 -5.833 1.003
26.05.1995 1.008 -5.831 1.002
27.05.1995 0.999 -5.829 1.001
28.05.1995 0.989 -5.828 0.999
29.05.1995 0.974 -5.827 0.999
30.05.1995 0.967 -5.824 0.998
31.05.1995 0.96 -5.823 0.996
01.06.1995 0.951 -5.821 0.995
02.06.1995 0.944 -5.819 0.994
03.06.1995 0.931 -5.818 0.993
04.06.1995 0.924 -5.816 0.992
05.06.1995 0.919 -5.815 0.991
06.06.1995 0.906 -5.814 0.99
07.06.1995 0.896 -5.813 0.989
08.06.1995 0.889 -5.811 0.988
09.06.1995 0.88 -5.809 0.987
10.06.1995 0.866 -5.807 0.985
11.06.1995 0.856 -5.805 0.984
12.06.1995 0.846 -5.803 0.984
13.06.1995 0.838 -5.802 0.983
14.06.1995 0.831 -5.8 0.982
15.06.1995 0.826 -5.799 0.981
16.06.1995 0.813 -5.798 0.98
17.06.1995 0.803 -5.797 0.979
18.06.1995 0.792 -5.795 0.978
19.06.1995 0.784 -5.793 0.977
20.06.1995 0.772 -5.791 0.976
21.06.1995 0.766 -5.79 0.975
22.06.1995 0.753 -5.788 0.974
23.06.1995 0.743 -5.787 0.973
24.06.1995 0.732 -5.785 0.972
25.06.1995 0.725 -5.783 0.971
26.06.1995 0.711 -5.781 0.97
27.06.1995 0.698 -5.779 0.969
28.06.1995 0.686 -5.778 0.968
29.06.1995 0.678 -5.776 0.967
30.06.1995 0.671 -5.775 0.966
01.07.1995 0.658 -5.774 0.965
02.07.1995 0.648 -5.772 0.964
03.07.1995 0.64 -5.77 0.962
04.07.1995 0.63 -5.769 0.961
05.07.1995 0.62 -5.767 0.96
06.07.1995 0.611 -5.766 0.959
07.07.1995 0.598 -5.764 0.958
08.07.1995 0.589 -5.763 0.957
09.07.1995 0.575 -5.761 0.955
10.07.1995 0.567 -5.76 0.955
11.07.1995 0.559 -5.759 0.954
12.07.1995 0.546 -5.758 0.953
13.07.1995 0.536 -5.756 0.952
14.07.1995 0.526 -5.755 0.951
15.07.1995 0.514 -5.754 0.95
16.07.1995 0.503 -5.752 0.949
17.07.1995 0.493 -5.751 0.948
18.07.1995 0.483 -5.749 0.947
19.07.1995 0.475 -5.748 0.946
20.07.1995 0.464 -5.746 0.945
21.07.1995 0.455 -5.745 0.944
22.07.1995 0.444 -5.743 0.943
23.07.1995 0.439 -5.741 0.943
24.07.1995 0.424 -5.74 0.942
25.07.1995 0.416 -5.738 0.941
26.07.1995 0.404 -5.736 0.94
27.07.1995 0.395 -5.734 0.939
28.07.1995 0.385 -5.732 0.938
29.07.1995 0.379 -5.731 0.937
30.07.1995 0.374 -5.73 0.936
31.07.1995 0.368 -5.729 0.935
01.08.1995 0.353 -5.728 0.935
02.08.1995 0.348 -5.726 0.934
03.08.1995 0.34 -5.725 0.932
04.08.1995 0.328 -5.723 0.932
05.08.1995 0.316 -5.721 0.93
06.08.1995 0.303 -5.72 0.929
07.08.1995 0.293 -5.718 0.928
08.08.1995 0.278 -5.717 0.927
09.08.1995 0.272 -5.715 0.926
10.08.1995 0.263 -5.713 0.925
11.08.1995 0.25 -5.712 0.923
12.08.1995 0.238 -5.71 0.923
13.08.1995 0.232 -5.708 0.922
14.08.1995 0.221 -5.707 0.92
15.08.1995 0.214 -5.704 0.919
16.08.1995 0.202 -5.702 0.918
17.08.1995 0.189 -5.7 0.917
18.08.1995 0.18 -5.698 0.915
19.08.1995 0.168 -5.697 0.914
20.08.1995 0.156 -5.695 0.913
21.08.1995 0.143 -5.693 0.912
22.08.1995 0.135 -5.691 0.911
23.08.1995 0.125 -5.691 0.911
24.08.1995 0.111 -5.689 0.909
25.08.1995 0.103 -5.688 0.908
26.08.1995 0.092 -5.687 0.907
27.08.1995 0.086 -5.686 0.906
28.08.1995 0.071 -5.685 0.905
29.08.1995 0.059 -5.682 0.904
30.08.1995 0.046 -5.681 0.903
31.08.1995 0.032 -5.68 0.902
01.09.1995 0.024 -5.678 0.901
02.09.1995 0.014 -5.676 0.9
03.09.1995 0.002 -5.675 0.898
