03.08.1986 6.123 -6.57 1.494
04.08.1986 6.113 -6.559 1.493
05.08.1986 6.1 -6.554 1.491
06.08.1986 6.093 -6.55 1.491
07.08.1986 6.087 -6.545 1.49
08.08.1986 6.081 -6.539 1.489
09.08.1986 6.07 -6.534 1.488
10.08.1986 6.058 -6.53 1.487
11.08.1986 6.046 -6.522 1.485
12.08.1986 6.034 -6.517 1.484
13.08.1986 6.026 -6.511 1.484
14.08.1986 6.019 -6.504 1.482
15.08.1986 6.013 -6.501 1.481
16.08.1986 5.998 -6.498 1.48
17.08.1986 5.991 -6.493 1.479
18.08.1986 5.983 -6.487 1.478
19.08.1986 5.972 -6.483 1.478
20.08.1986 5.966 -6.477 1.477
21.08.1986 5.961 -6.474 1.476
22.08.1986 5.946 -6.471 1.475
23.08.1986 5.933 -6.466 1.474
24.08.1986 5.924 -6.463 1.473
25.08.1986 5.913 -6.46 1.472
26.08.1986 5.905 -6.458 1.47
27.08.1986 5.895 -6.455 1.469
28.08.1986 5.886 -6.453 1.468
29.08.1986 5.872 -6.45 1.466
30.08.1986 5.859 -6.446 1.465
31.08.1986 5.853 -6.442 1.464
01.09.1986 5.845 -6.439 1.463
02.09.1986 5.836 -6.435 1.463
03.09.1986 5.826 -6.432 1.462
04.09.1986 5.814 -6.428 1.461
05.09.1986 5.799 -6.424 1.46
06.09.1986 5.793 -6.42 1.459
07.09.1986 5.781 -6.416 1.458
08.09.1986 5.774 -6.411 1.458
09.09.1986 5.768 -6.407 1.456
10.09.1986 5.761 -6.405 1.456
11.09.1986 5.753 -6.401 1.454
12.09.1986 5.74 -6.397 1.453
13.09.1986 5.735 -6.394 1.452
14.09.1986 5.726 -6.39 1.451
15.09.1986 5.714 -6.388 1.45
16.09.1986 5.703 -6.386 1.449
17.09.1986 5.689 -6.384 1.449
18.09.1986 5.683 -6.382 1.448
19.09.1986 5.673 -6.379 1.447
20.09.1986 5.658 -6.375 1.446
21.09.1986 5.653 -6.372 1.445
22.09.1986 5.644 -6.367 1.445
23.09.1986 5.629 -6.366 1.443
24.09.1986 5.618 -6.363 1.443
25.09.1986 5.609 -6.359 1.441
26.09.1986 5.596 -6.356 1.441
27.09.1986 5.591 -6.353 1.44
28.09.1986 5.576 -6.349 1.439
29.09.1986 5.565 -6.345 1.438
30.09.1986 5.555 -6.343 1.436
01.10.1986 5.548 -6.339 1.436
02.10.1986 5.543 -6.336 1.435
03.10.1986 5.53 -6.333 1.434
04.10.1986 5.524 -6.329 1.434
05.10.1986 5.514 -6.326 1.433
06.10.1986 5.504 -6.324 1.432
07.10.1986 5.498 -6.322 1.43
08.10.1986 5.484 -6.32 1.429
09.10.1986 5.477 -6.317 1.428
10.10.1986 5.47 -6.313 1.427
11.10.1986 5.456 -6.31 1.426
12.10.1986 5.45 -6.306 1.425
13.10.1986 5.438 -6.303 1.425
14.10.1986 5.427 -6.301 1.424
15.10.1986 5.421 -6.298 1.424
16.10.1986 5.412 -6.295 1.423
17.10.1986 5.407 -6.292 1.422
18.10.1986 5.395 -6.289 1.421
19.10.1986 5.385 -6.288 1.42
20.10.1986 5.377 -6.286 1.419
21.10.1986 5.367 -6.283 1.418
22.10.1986 5.356 -6.28 1.418
23.10.1986 5.343 -6.276 1.416
24.10.1986 5.331 -6.275 1.416
25.10.1986 5.323 -6.272 1.415
26.10.1986 5.313 -6.269 1.413
27.10.1986 5.305 -6.267 1.412
28.10.1986 5.291 -6.265 1.412
29.10.1986 5.28 -6.262 1.411
30.10.1986 5.266 -6.261 1.409
31.10.1986 5.257 -6.258 1.409
01.11.1986 5.248 -6.255 1.408
02.11.1986 5.239 -6.252 1.407
03.11.1986 5.23 -6.25 1.406
04.11.1986 5.216 -6.246 1.404
05.11.1986 5.203 -6.243 1.403
06.11.1986 5.194 -6.241 1.403
07.11.1986 5.185 -6.238 1.402
08.11.1986 5.179 -6.235 1.4
09.11.1986 5.166 -6.234 1.399
10.11.1986 5.152 -6.23 1.398
11.11.1986 5.14 -6.227 1.397
12.11.1986 5.127 -6.223 1.396
13.11.1986 5.116 -6.22 1.395
14.11.1986 5.107 -6.218 1.394
15.11.1986 5.102 -6.215 1.394
16.11.1986 5.091 -6.214 1.392
17.11.1986 5.085 -6.212 1.391
18.11.1986 5.073 -6.208 1.39
19.11.1986 5.059 -6.207 1.389
20.11.1986 5.053 -6.205 1.388
21.11.1986 5.044 -6.204 1.387
22.11.1986 5.039 -6.203 1.387
23.11.1986 5.033 -6.199 1.386
24.11.1986 5.022 -6.198 1.384
25.11.1986 5.01 -6.195 1.383
26.11.1986 5.004 -6.193 1.382
27.11.1986 4.998 -6.191 1.382
28.11.1986 4.986 -6.189 1.38
29.11.1986 4.973 -6.187 1.38
30.11.1986 4.96 -6.184 1.379
01.12.1986 4.946 -6.183 1.378
02.12.1986 4.936 -6.181 1.377
03.12.1986 4.924 -6.18 1.375
04.12.1986 4.913 -6.176 1.375
05.12.1986 4.908 -6.173 1.373
06.12.1986 4.894 -6.172 1.373
07.12.1986 4.883 -6.17 1.372
08.12.1986 4.875 -6.168 1.371
09.12.1986 4.869 -6.166 1.369
10.12.1986 4.863 -6.164 1.368
11.12.1986 4.857 -6.161 1.368
12.12.1986 4.845 -6.159 1.367
13.12.1986 4.837 -6.157 1.365
14.12.1986 4.831 -6.156 1.364
15.12.1986 4.821 -6.154 1.363
16.12.1986 4.812 -6.152 1.362
17.12.1986 4.803 -6.149 1.361
18.12.1986 4.792 -6.147 1.36
19.12.1986 4.786 -6.144 1.359
20.12.1986 4.774 -6.142 1.359
21.12.1986 4.765 -6.14 1.358
22.12.1986 4.756 -6.137 1.357
23.12.1986 4.748 -6.135 1.356
24.12.1986 4.743 -6.132 1.355
25.12.1986 4.728 -6.129 1.354
26.12.1986 4.714 -6.128 1.353
27.12.1986 4.707 -6.127 1.352
28.12.1986 4.702 -6.125 1.351
29.12.1986 4.69 -6.122 1.35
30.12.1986 4.682 -6.121 1.349
31.12.1986 4.676 -6.118 1.348
01.01.1987 4.67 -6.117 1.347
02.01.1987 4.664 -6.114 1.346
03.01.1987 4.652 -6.111 1.345
04.01.1987 4.643 -6.109 1.344
05.01.1987 4.634 -6.107 1.342
06.01.1987 4.622 -6.104 1.342
07.01.1987 4.616 -6.101 1.34
08.01.1987 4.603 -6.098 1.339
09.01.1987 4.596 -6.096 1.338
10.01.1987 4.588 -6.093 1.338
11.01.1987 4.574 -6.092 1.337
12.01.1987 4.565 -6.089 1.336
13.01.1987 4.553 -6.087 1.335
14.01.1987 4.547 -6.085 1.333
15.01.1987 4.532 -6.084 1.332
16.01.1987 4.519 -6.082 1.33
17.01.1987 4.512 -6.079 1.329
18.01.1987 4.501 -6.078 1.328
19.01.1987 4.491 -6.075 1.327
20.01.1987 4.485 -6.074 1.326
21.01.1987 4.472 -6.072 1.325
22.01.1987 4.458 -6.07 1.324
23.01.1987 4.452 -6.068 1.323
24.01.1987 4.438 -6.066 1.322
25.01.1987 4.428 -6.063 1.321
26.01.1987 4.419 -6.061 1.32
27.01.1987 4.406 -6.059 1.319
28.01.1987 4.393 -6.057 1.318
29.01.1987 4.379 -6.055 1.317
30.01.1987 4.365 -6.051 1.315
31.01.1987 4.354 -6.05 1.314
01.02.1987 4.345 -6.049 1.314
02.02.1987 4.334 -6.047 1.313
03.02.1987 4.321 -6.045 1.312
04.02.1987 4.308 -6.043 1.311
05.02.1987 4.301 -6.042 1.31
06.02.1987 4.288 -6.04 1.309
07.02.1987 4.277 -6.039 1.308
08.02.1987 4.265 -6.037 1.306
09.02.1987 4.258 -6.036 1.305
10.02.1987 4.245 -6.034 1.305
11.02.1987 4.234 -6.032 1.304
12.02.1987 4.224 -6.03 1.303
13.02.1987 4.211 -6.029 1.302
14.02.1987 4.2 -6.026 1.301
15.02.1987 4.191 -6.023 1.299
16.02.1987 4.181 -6.021 1.298
17.02.1987 4.168 -6.019 1.298
18.02.1987 4.158 -6.016 1.297
19.02.1987 4.153 -6.015 1.296
20.02.1987 4.147 -6.012 1.295
21.02.1987 4.136 -6.01 1.294
22.02.1987 4.123 -6.007 1.293
23.02.1987 4.114 -6.005 1.292
24.02.1987 4.106 -6.003 1.29
25.02.1987 4.098 -6.002 1.289
26.02.1987 4.091 -5.999 1.288
27.02.1987 4.083 -5.997 1.287
28.02.1987 4.071 -5.995 1.287
01.03.1987 4.062 -5.993 1.286
02.03.1987 4.05 -5.991 1.285
03.03.1987 4.041 -5.988 1.284
04.03.1987 4.029 -5.986 1.283
05.03.1987 4.02 -5.985 1.282
06.03.1987 4.009 -5.983 1.281
07.03.1987 3.998 -5.98 1.281
08.03.1987 3.988 -5.978 1.28
09.03.1987 3.981 -5.976 1.279
10.03.1987 3.969 -5.975 1.278
11.03.1987 3.963 -5.973 1.276
12.03.1987 3.953 -5.97 1.275
13.03.1987 3.941 -5.969 1.275
14.03.1987 3.929 -5.967 1.273
15.03.1987 3.919 -5.966 1.272
16.03.1987 3.911 -5.964 1.271
17.03.1987 3.899 -5.962 1.27
18.03.1987 3.889 -5.961 1.269
19.03.1987 3.88 -5.959 1.268
20.03.1987 3.87 -5.956 1.267
21.03.1987 3.865 -5.954 1.266
22.03.1987 3.857 -5.953 1.265
23.03.1987 3.85 -5.95 1.263
24.03.1987 3.841 -5.947 1.263
25.03.1987 3.827 -5.945 1.261
26.03.1987 3.814 -5.943 1.26
27.03.1987 3.799 -5.94 1.258
28.03.1987 3.793 -5.938 1.258
29.03.1987 3.788 -5.937 1.257
30.03.1987 3.776 -5.935 1.256
31.03.1987 3.764 -5.934 1.255
01.04.1987 3.757 -5.932 1.255
02.04.1987 3.747 -5.93 1.253
03.04.1987 3.735 -5.928 1.253
04.04.1987 3.727 -5.925 1.252
05.04.1987 3.715 -5.924 1.25
06.04.1987 3.708 -5.921 1.249
07.04.1987 3.701 -5.92 1.248
08.04.1987 3.691 -5.917 1.247
09.04.1987 3.681 -5.915 1.246
10.04.1987 3.674 -5.913 1.245
11.04.1987 3.664 -5.912 1.244
12.04.1987 3.659 -5.911 1.243
13.04.1987 3.644 -5.909 1.242
14.04.1987 3.636 -5.907 1.241
15.04.1987 3.63 -5.905 1.24
16.04.1987 3.622 -5.904 1.239
17.04.1987 3.613 -5.902 1.239
18.04.1987 3.599 -5.901 1.238
19.04.1987 3.593 -5.898 1.238
20.04.1987 3.581 -5.897 1.237
21.04.1987 3.571 -5.896 1.235
22.04.1987 3.56 -5.893 1.235
23.04.1987 3.546 -5.892 1.233
24.04.1987 3.531 -5.889 1.232
25.04.1987 3.523 -5.887 1.231
26.04.1987 3.517 -5.886 1.23
27.04.1987 3.508 -5.883 1.229
28.04.1987 3.496 -5.882 1.228
29.04.1987 3.488 -5.879 1.227
30.04.1987 3.475 -5.877 1.226
01.05.1987 3.467 -5.875 1.225
02.05.1987 3.454 -5.873 1.224
03.05.1987 3.448 -5.871 1.223
04.05.1987 3.436 -5.87 1.222
05.05.1987 3.43 -5.868 1.221
06.05.1987 3.422 -5.866 1.22
07.05.1987 3.416 -5.864 1.219
08.05.1987 3.403 -5.863 1.218
09.05.1987 3.395 -5.862 1.217
10.05.1987 3.389 -5.86 1.216
11.05.1987 3.377 -5.858 1.215
12.05.1987 3.362 -5.856 1.214
13.05.1987 3.348 -5.853 1.213
14.05.1987 3.336 -5.851 1.213
15.05.1987 3.327 -5.85 1.212
16.05.1987 3.313 -5.848 1.211
17.05.1987 3.301 -5.847 1.21
18.05.1987 3.289 -5.844 1.209
19.05.1987 3.278 -5.843 1.208
20.05.1987 3.269 -5.84 1.207
21.05.1987 3.26 -5.838 1.206
22.05.1987 3.254 -5.836 1.205
23.05.1987 3.242 -5.834 1.204
24.05.1987 3.233 -5.832 1.203
25.05.1987 3.221 -5.831 1.202
26.05.1987 3.207 -5.829 1.202
27.05.1987 3.2 -5.827 1.201
28.05.1987 3.188 -5.826 1.199
29.05.1987 3.174 -5.824 1.198
30.05.1987 3.162 -5.823 1.197
31.05.1987 3.151 -5.821 1.197
01.06.1987 3.144 -5.819 1.195
02.06.1987 3.132 -5.817 1.195
03.06.1987 3.125 -5.816 1.194
04.06.1987 3.118 -5.814 1.193
05.06.1987 3.109 -5.812 1.192
06.06.1987 3.096 -5.809 1.191
07.06.1987 3.087 -5.807 1.19
08.06.1987 3.074 -5.805 1.189
09.06.1987 3.067 -5.803 1.188
10.06.1987 3.052 -5.801 1.187
11.06.1987 3.041 -5.8 1.185
12.06.1987 3.032 -5.798 1.184
13.06.1987 3.022 -5.795 1.183
14.06.1987 3.012 -5.794 1.182
15.06.1987 2.998 -5.792 1.181
16.06.1987 2.988 -5.79 1.179
17.06.1987 2.979 -5.789 1.179
18.06.1987 2.969 -5.787 1.177
19.06.1987 2.956 -5.785 1.176
20.06.1987 2.942 -5.784 1.175
21.06.1987 2.936 -5.782 1.174
22.06.1987 2.923 -5.78 1.174
23.06.1987 2.915 -5.778 1.173
24.06.1987 2.906 -5.777 1.173
25.06.1987 2.895 -5.775 1.172
26.06.1987 2.89 -5.774 1.171
27.06.1987 2.883 -5.772 1.171
28.06.1987 2.871 -5.77 1.169
29.06.1987 2.858 -5.768 1.168
30.06.1987 2.844 -5.766 1.167
01.07.1987 2.834 -5.765 1.166
02.07.1987 2.822 -5.763 1.165
03.07.1987 2.814 -5.762 1.164
04.07.1987 2.804 -5.759 1.162
05.07.1987 2.795 -5.758 1.162
06.07.1987 2.782 -5.755 1.161
07.07.1987 2.769 -5.753 1.161
08.07.1987 2.757 -5.752 1.16
09.07.1987 2.742 -5.75 1.159
10.07.1987 2.736 -5.749 1.159
11.07.1987 2.728 -5.747 1.158
12.07.1987 2.716 -5.746 1.157
13.07.1987 2.707 -5.744 1.156
14.07.1987 2.698 -5.743 1.155
15.07.1987 2.689 -5.741 1.154
16.07.1987 2.678 -5.739 1.154
17.07.1987 2.665 -5.738 1.153
18.07.1987 2.655 -5.736 1.152
19.07.1987 2.65 -5.735 1.151
20.07.1987 2.639 -5.734 1.15
21.07.1987 2.63 -5.732 1.15
22.07.1987 2.619 -5.73 1.148
23.07.1987 2.614 -5.727 1.147
24.07.1987 2.6 -5.725 1.145
25.07.1987 2.586 -5.724 1.145
26.07.1987 2.573 -5.722 1.144
27.07.1987 2.566 -5.72 1.144
28.07.1987 2.555 -5.718 1.142
29.07.1987 2.549 -5.717 1.142
30.07.1987 2.541 -5.715 1.141
31.07.1987 2.533 -5.714 1.14
01.08.1987 2.521 -5.712 1.139
02.08.1987 2.515 -5.711 1.137
03.08.1987 2.506 -5.709 1.137
04.08.1987 2.497 -5.707 1.135
05.08.1987 2.488 -5.705 1.134
06.08.1987 2.476 -5.703 1.133
07.08.1987 2.461 -5.701 1.132
08.08.1987 2.455 -5.699 1.131
09.08.1987 2.442 -5.697 1.129
10.08.1987 2.434 -5.696 1.129
11.08.1987 2.427 -5.695 1.127
12.08.1987 2.421 -5.693 1.126
13.08.1987 2.411 -5.691 1.126
14.08.1987 2.4 -5.689 1.124
15.08.1987 2.386 -5.688 1.124
16.08.1987 2.38 -5.686 1.123
17.08.1987 2.37 -5.683 1.122
18.08.1987 2.362 -5.681 1.121
19.08.1987 2.349 -5.68 1.12
20.08.1987 2.342 -5.677 1.119
21.08.1987 2.331 -5.676 1.119
22.08.1987 2.322 -5.674 1.117
23.08.1987 2.317 -5.672 1.116
24.08.1987 2.304 -5.67 1.116
25.08.1987 2.293 -5.669 1.115
26.08.1987 2.28 -5.667 1.114
27.08.1987 2.268 -5.666 1.113
28.08.1987 2.255 -5.665 1.112
29.08.1987 2.25 -5.663 1.111
30.08.1987 2.237 -5.661 1.11
31.08.1987 2.223 -5.659 1.109
01.09.1987 2.212 -5.657 1.108
02.09.1987 2.198 -5.656 1.106
03.09.1987 2.186 -5.654 1.106
04.09.1987 2.174 -5.652 1.105
05.09.1987 2.169 -5.649 1.104
06.09.1987 2.157 -5.647 1.103
07.09.1987 2.149 -5.646 1.102
08.09.1987 2.141 -5.645 1.101
09.09.1987 2.134 -5.644 1.099
10.09.1987 2.122 -5.643 1.098
11.09.1987 2.115 -5.641 1.097
12.09.1987 2.104 -5.64 1.096
13.09.1987 2.098 -5.638 1.095
14.09.1987 2.092 -5.636 1.094
15.09.1987 2.085 -5.634 1.093
16.09.1987 2.075 -5.633 1.092
17.09.1987 2.063 -5.631 1.091
18.09.1987 2.055 -5.629 1.09
19.09.1987 2.043 -5.627 1.089
20.09.1987 2.032 -5.626 1.088
21.09.1987 2.021 -5.625 1.087
22.09.1987 2.014 -5.622 1.085
23.09.1987 2.004 -5.62 1.085
24.09.1987 1.993 -5.618 1.084
25.09.1987 1.982 -5.617 1.083
26.09.1987 1.968 -5.615 1.082
27.09.1987 1.96 -5.614 1.081
28.09.1987 1.955 -5.611 1.079
29.09.1987 1.941 -5.609 1.078
30.09.1987 1.931 -5.607 1.077
01.10.1987 1.916 -5.606 1.077
02.10.1987 1.91 -5.605 1.076
03.10.1987 1.902 -5.603 1.075
04.10.1987 1.888 -5.601 1.074
05.10.1987 1.878 -5.599 1.073
06.10.1987 1.866 -5.598 1.073
07.10.1987 1.854 -5.596 1.072
08.10.1987 1.841 -5.594 1.071
09.10.1987 1.831 -5.592 1.07
10.10.1987 1.824 -5.589 1.069
11.10.1987 1.818 -5.588 1.068
12.10.1987 1.811 -5.586 1.067
13.10.1987 1.805 -5.584 1.066
14.10.1987 1.796 -5.582 1.065
15.10.1987 1.787 -5.581 1.064
16.10.1987 1.776 -5.58 1.063
17.10.1987 1.769 -5.578 1.063
18.10.1987 1.756 -5.576 1.062
19.10.1987 1.749 -5.574 1.061
20.10.1987 1.739 -5.571 1.06
21.10.1987 1.732 -5.57 1.058
22.10.1987 1.725 -5.569 1.057
23.10.1987 1.716 -5.568 1.056
24.10.1987 1.707 -5.566 1.056
25.10.1987 1.701 -5.563 1.054
26.10.1987 1.689 -5.562 1.054
27.10.1987 1.681 -5.561 1.052
28.10.1987 1.673 -5.559 1.052
29.10.1987 1.663 -5.558 1.051
30.10.1987 1.657 -5.557 1.05
31.10.1987 1.644 -5.555 1.049
01.11.1987 1.631 -5.553 1.048
02.11.1987 1.621 -5.551 1.047
03.11.1987 1.613 -5.549 1.046
04.11.1987 1.607 -5.548 1.046
05.11.1987 1.597 -5.546 1.044
06.11.1987 1.59 -5.544 1.044
07.11.1987 1.576 -5.542 1.043
08.11.1987 1.57 -5.54 1.042
09.11.1987 1.56 -5.538 1.04
10.11.1987 1.552 -5.537 1.04
11.11.1987 1.543 -5.535 1.039
12.11.1987 1.53 -5.533 1.038
13.11.1987 1.519 -5.532 1.036
14.11.1987 1.513 -5.53 1.035
15.11.1987 1.502 -5.528 1.035
16.11.1987 1.497 -5.527 1.033
17.11.1987 1.486 -5.526 1.032
18.11.1987 1.478 -5.525 1.031
19.11.1987 1.469 -5.523 1.03
20.11.1987 1.458 -5.521 1.029
21.11.1987 1.451 -5.52 1.028
22.11.1987 1.439 -5.519 1.027
23.11.1987 1.433 -5.518 1.026
24.11.1987 1.427 -5.516 1.026
25.11.1987 1.413 -5.514 1.025
26.11.1987 1.4 -5.512 1.024
27.11.1987 1.389 -5.51 1.023
28.11.1987 1.383 -5.508 1.021
29.11.1987 1.373 -5.506 1.02
30.11.1987 1.366 -5.504 1.019
01.12.1987 1.36 -5.503 1.019
02.12.1987 1.35 -5.501 1.017
03.12.1987 1.343 -5.499 1.016
04.12.1987 1.332 -5.497 1.015
05.12.1987 1.326 -5.495 1.014
06.12.1987 1.319 -5.493 1.013
07.12.1987 1.308 -5.491 1.011
08.12.1987 1.301 -5.49 1.01
09.12.1987 1.292 -5.489 1.009
10.12.1987 1.279 -5.487 1.008
11.12.1987 1.267 -5.486 1.007
12.12.1987 1.256 -5.484 1.006
13.12.1987 1.248 -5.483 1.005
14.12.1987 1.238 -5.481 1.004
15.12.1987 1.226 -5.479 1.003
16.12.1987 1.217 -5.477 1.002
17.12.1987 1.203 -5.475 1.001
18.12.1987 1.189 -5.473 0.999
19.12.1987 1.18 -5.472 0.998
20.12.1987 1.166 -5.47 0.997
21.12.1987 1.158 -5.469 0.996
22.12.1987 1.145 -5.468 0.995
23.12.1987 1.135 -5.467 0.994
24.12.1987 1.124 -5.466 0.994
25.12.1987 1.111 -5.464 0.993
26.12.1987 1.103 -5.463 0.991
27.12.1987 1.09 -5.461 0.99
28.12.1987 1.084 -5.46 0.989
29.12.1987 1.074 -5.459 0.988
30.12.1987 1.068 -5.457 0.987
31.12.1987 1.055 -5.456 0.987
01.01.1988 1.048 -5.454 0.986
02.01.1988 1.042 -5.452 0.984
03.01.1988 1.031 -5.45 0.983
04.01.1988 1.018 -5.449 0.982
05.01.1988 1.005 -5.447 0.981
06.01.1988 0.991 -5.446 0.98
07.01.1988 0.98 -5.445 0.979
08.01.1988 0.967 -5.444 0.978
09.01.1988 0.953 -5.442 0.977
10.01.1988 0.942 -5.44 0.975
11.01.1988 0.933 -5.44 0.974
12.01.1988 0.919 -5.438 0.973
13.01.1988 0.911 -5.437 0.972
14.01.1988 0.9 -5.436 0.971
15.01.1988 0.885 -5.434 0.97
16.01.1988 0.873 -5.433 0.969
17.01.1988 0.867 -5.432 0.968
18.01.1988 0.862 -5.43 0.967
19.01.1988 0.851 -5.428 0.966
20.01.1988 0.844 -5.426 0.965
21.01.1988 0.837 -5.425 0.964
22.01.1988 0.826 -5.424 0.963
23.01.1988 0.811 -5.423 0.961
24.01.1988 0.801 -5.422 0.96
25.01.1988 0.789 -5.42 0.959
26.01.1988 0.777 -5.418 0.957
27.01.1988 0.763 -5.416 0.957
28.01.1988 0.752 -5.415 0.955
29.01.1988 0.744 -5.413 0.954
30.01.1988 0.729 -5.411 0.953
31.01.1988 0.724 -5.41 0.952
01.02.1988 0.714 -5.409 0.951
02.02.1988 0.705 -5.407 0.95
03.02.1988 0.7 -5.404 0.948
04.02.1988 0.686 -5.403 0.947
05.02.1988 0.674 -5.402 0.946
06.02.1988 0.659 -5.4 0.945
07.02.1988 0.646 -5.398 0.944
08.02.1988 0.641 -5.397 0.943
09.02.1988 0.631 -5.396 0.941
10.02.1988 0.619 -5.395 0.94
11.02.1988 0.613 -5.393 0.939
12.02.1988 0.604 -5.391 0.938
13.02.1988 0.598 -5.389 0.938
14.02.1988 0.593 -5.388 0.937
15.02.1988 0.581 -5.387 0.936
16.02.1988 0.575 -5.385 0.935
17.02.1988 0.563 -5.384 0.934
18.02.1988 0.551 -5.382 0.932
19.02.1988 0.538 -5.381 0.931
20.02.1988 0.526 -5.379 0.931
21.02.1988 0.521 -5.378 0.929
22.02.1988 0.512 -5.377 0.928
23.02.1988 0.498 -5.375 0.927
24.02.1988 0.491 -5.374 0.926
25.02.1988 0.477 -5.372 0.924
26.02.1988 0.462 -5.37 0.923
27.02.1988 0.45 -5.368 0.922
28.02.1988 0.436 -5.366 0.92
29.02.1988 0.424 -5.365 0.919
01.03.1988 0.416 -5.363 0.918
02.03.1988 0.405 -5.361 0.917
03.03.1988 0.396 -5.359 0.916
04.03.1988 0.384 -5.357 0.915
05.03.1988 0.37 -5.356 0.913
06.03.1988 0.356 -5.354 0.912
07.03.1988 0.348 -5.353 0.911
08.03.1988 0.341 -5.351 0.91
09.03.1988 0.327 -5.35 0.909
10.03.1988 0.314 -5.349 0.908
11.03.1988 0.308 -5.348 0.907
12.03.1988 0.298 -5.346 0.906
13.03.1988 0.285 -5.345 0.905
14.03.1988 0.274 -5.344 0.905
15.03.1988 0.268 -5.342 0.904
16.03.1988 0.256 -5.34 0.903
17.03.1988 0.243 -5.339 0.903
18.03.1988 0.233 -5.336 0.901
19.03.1988 0.227 -5.335 0.901
20.03.1988 0.22 -5.333 0.899
21.03.1988 0.21 -5.332 0.898
22.03.1988 0.197 -5.331 0.897
23.03.1988 0.186 -5.328 0.897
24.03.1988 0.176 -5.328 0.896
25.03.1988 0.164 -5.327 0.894
26.03.1988 0.156 -5.325 0.894
27.03.1988 0.143 -5.323 0.893
28.03.1988 0.133 -5.323 0.892
29.03.1988 0.121 -5.321 0.891
30.03.1988 0.107 -5.32 0.89
31.03.1988 0.097 -5.319 0.889
01.04.1988 0.087 -5.318 0.888
02.04.1988 0.081 -5.317 0.887
03.04.1988 0.07 -5.316 0.886
04.04.1988 0.057 -5.314 0.885
05.04.1988 0.049 -5.312 0.884
06.04.1988 0.04 -5.312 0.883
07.04.1988 0.027 -5.31 0.882
08.04.1988 0.013 -5.308 0.881
09.04.1988 0.004 -5.307 0.88
