15.01.1987 6.338 -6.238 1.379
16.01.1987 6.33 -6.223 1.378
17.01.1987 6.324 -6.218 1.376
18.01.1987 6.31 -6.21 1.376
19.01.1987 6.303 -6.204 1.375
20.01.1987 6.293 -6.2 1.374
21.01.1987 6.286 -6.193 1.372
22.01.1987 6.272 -6.189 1.371
23.01.1987 6.259 -6.184 1.371
24.01.1987 6.246 -6.18 1.37
25.01.1987 6.236 -6.177 1.369
26.01.1987 6.221 -6.171 1.368
27.01.1987 6.208 -6.165 1.367
28.01.1987 6.198 -6.162 1.366
29.01.1987 6.187 -6.156 1.365
30.01.1987 6.181 -6.152 1.364
31.01.1987 6.168 -6.148 1.363
01.02.1987 6.153 -6.144 1.363
02.02.1987 6.142 -6.141 1.362
03.02.1987 6.137 -6.138 1.361
04.02.1987 6.124 -6.132 1.36
05.02.1987 6.112 -6.13 1.359
06.02.1987 6.105 -6.124 1.358
07.02.1987 6.091 -6.12 1.358
08.02.1987 6.079 -6.116 1.356
09.02.1987 6.065 -6.113 1.356
10.02.1987 6.052 -6.108 1.354
11.02.1987 6.046 -6.106 1.353
12.02.1987 6.035 -6.101 1.353
13.02.1987 6.021 -6.097 1.352
14.02.1987 6.013 -6.093 1.35
15.02.1987 6.0 -6.088 1.35
16.02.1987 5.995 -6.085 1.348
17.02.1987 5.98 -6.082 1.348
18.02.1987 5.974 -6.077 1.346
19.02.1987 5.968 -6.074 1.346
20.02.1987 5.959 -6.07 1.344
21.02.1987 5.945 -6.066 1.343
22.02.1987 5.932 -6.062 1.342
23.02.1987 5.918 -6.057 1.341
24.02.1987 5.905 -6.055 1.34
25.02.1987 5.893 -6.053 1.339
26.02.1987 5.881 -6.048 1.338
27.02.1987 5.875 -6.045 1.337
28.02.1987 5.869 -6.043 1.336
01.03.1987 5.857 -6.04 1.335
02.03.1987 5.843 -6.037 1.334
03.03.1987 5.835 -6.034 1.333
04.03.1987 5.828 -6.03 1.332
05.03.1987 5.816 -6.027 1.331
06.03.1987 5.805 -6.024 1.33
07.03.1987 5.796 -6.02 1.329
08.03.1987 5.787 -6.017 1.328
09.03.1987 5.781 -6.016 1.328
10.03.1987 5.767 -6.014 1.327
11.03.1987 5.755 -6.01 1.326
12.03.1987 5.749 -6.008 1.324
13.03.1987 5.741 -6.005 1.324
14.03.1987 5.729 -6.002 1.323
15.03.1987 5.716 -5.999 1.322
16.03.1987 5.704 -5.995 1.321
17.03.1987 5.696 -5.993 1.32
18.03.1987 5.684 -5.989 1.318
19.03.1987 5.675 -5.987 1.317
20.03.1987 5.664 -5.984 1.316
21.03.1987 5.654 -5.981 1.315
22.03.1987 5.639 -5.979 1.315
23.03.1987 5.63 -5.976 1.314
24.03.1987 5.623 -5.972 1.314
25.03.1987 5.615 -5.969 1.312
26.03.1987 5.603 -5.966 1.311
27.03.1987 5.588 -5.964 1.31
28.03.1987 5.575 -5.961 1.309
29.03.1987 5.566 -5.959 1.308
30.03.1987 5.558 -5.957 1.307
31.03.1987 5.553 -5.955 1.306
01.04.1987 5.538 -5.952 1.305
02.04.1987 5.53 -5.949 1.305
03.04.1987 5.52 -5.947 1.304
04.04.1987 5.51 -5.944 1.304
05.04.1987 5.504 -5.942 1.302
06.04.1987 5.49 -5.938 1.301
07.04.1987 5.476 -5.936 1.301
08.04.1987 5.463 -5.934 1.299
09.04.1987 5.454 -5.933 1.298
10.04.1987 5.445 -5.929 1.297
11.04.1987 5.436 -5.926 1.295
12.04.1987 5.43 -5.924 1.294
13.04.1987 5.424 -5.922 1.294
14.04.1987 5.412 -5.919 1.293
15.04.1987 5.405 -5.915 1.291
16.04.1987 5.399 -5.914 1.291
17.04.1987 5.389 -5.911 1.29
18.04.1987 5.382 -5.909 1.289
19.04.1987 5.375 -5.907 1.288
20.04.1987 5.369 -5.905 1.286
21.04.1987 5.356 -5.901 1.285
22.04.1987 5.35 -5.898 1.284
23.04.1987 5.338 -5.895 1.283
24.04.1987 5.331 -5.893 1.282
25.04.1987 5.321 -5.891 1.281
26.04.1987 5.312 -5.89 1.279
27.04.1987 5.302 -5.887 1.279
28.04.1987 5.292 -5.886 1.278
29.04.1987 5.278 -5.884 1.277
30.04.1987 5.267 -5.881 1.276
01.05.1987 5.252 -5.879 1.274
02.05.1987 5.245 -5.876 1.273
03.05.1987 5.231 -5.873 1.272
04.05.1987 5.221 -5.871 1.271
05.05.1987 5.206 -5.868 1.27
06.05.1987 5.195 -5.865 1.269
07.05.1987 5.185 -5.863 1.268
08.05.1987 5.17 -5.861 1.267
09.05.1987 5.158 -5.859 1.267
10.05.1987 5.146 -5.857 1.266
11.05.1987 5.135 -5.855 1.265
12.05.1987 5.125 -5.853 1.264
13.05.1987 5.115 -5.851 1.263
14.05.1987 5.109 -5.849 1.261
15.05.1987 5.103 -5.846 1.26
16.05.1987 5.096 -5.843 1.258
17.05.1987 5.089 -5.842 1.257
18.05.1987 5.083 -5.84 1.256
19.05.1987 5.07 -5.837 1.255
20.05.1987 5.065 -5.835 1.254
21.05.1987 5.053 -5.833 1.253
22.05.1987 5.045 -5.83 1.252
23.05.1987 5.034 -5.827 1.251
24.05.1987 5.026 -5.824 1.251
25.05.1987 5.012 -5.823 1.249
26.05.1987 5.003 -5.821 1.249
27.05.1987 4.996 -5.819 1.248
28.05.1987 4.991 -5.816 1.247
29.05.1987 4.98 -5.812 1.246
30.05.1987 4.965 -5.81 1.245
31.05.1987 4.958 -5.808 1.244
01.06.1987 4.947 -5.807 1.243
02.06.1987 4.936 -5.805 1.243
03.06.1987 4.931 -5.803 1.241
04.06.1987 4.917 -5.8 1.241
05.06.1987 4.912 -5.797 1.24
06.06.1987 4.898 -5.793 1.239
07.06.1987 4.884 -5.791 1.238
08.06.1987 4.879 -5.789 1.237
09.06.1987 4.873 -5.786 1.236
10.06.1987 4.859 -5.784 1.234
11.06.1987 4.851 -5.782 1.234
12.06.1987 4.843 -5.781 1.232
13.06.1987 4.831 -5.778 1.232
14.06.1987 4.817 -5.776 1.231
15.06.1987 4.81 -5.773 1.23
16.06.1987 4.804 -5.772 1.229
17.06.1987 4.791 -5.769 1.228
18.06.1987 4.777 -5.768 1.227
19.06.1987 4.763 -5.766 1.226
20.06.1987 4.748 -5.764 1.226
21.06.1987 4.739 -5.761 1.225
22.06.1987 4.728 -5.759 1.223
23.06.1987 4.722 -5.756 1.222
24.06.1987 4.717 -5.754 1.221
25.06.1987 4.71 -5.751 1.22
26.06.1987 4.704 -5.75 1.219
27.06.1987 4.699 -5.748 1.219
28.06.1987 4.687 -5.745 1.218
29.06.1987 4.682 -5.744 1.217
30.06.1987 4.671 -5.741 1.216
01.07.1987 4.662 -5.74 1.215
02.07.1987 4.652 -5.738 1.214
03.07.1987 4.64 -5.736 1.213
04.07.1987 4.632 -5.734 1.213
05.07.1987 4.617 -5.732 1.212
06.07.1987 4.605 -5.73 1.21
07.07.1987 4.596 -5.729 1.209
08.07.1987 4.587 -5.727 1.208
09.07.1987 4.58 -5.725 1.207
10.07.1987 4.565 -5.722 1.206
11.07.1987 4.556 -5.719 1.205
12.07.1987 4.544 -5.717 1.204
13.07.1987 4.532 -5.716 1.204
14.07.1987 4.519 -5.714 1.203
15.07.1987 4.513 -5.712 1.202
16.07.1987 4.501 -5.711 1.201
17.07.1987 4.493 -5.708 1.2
18.07.1987 4.486 -5.705 1.199
19.07.1987 4.473 -5.704 1.198
20.07.1987 4.461 -5.702 1.197
21.07.1987 4.452 -5.7 1.196
22.07.1987 4.439 -5.697 1.195
23.07.1987 4.426 -5.696 1.194
24.07.1987 4.419 -5.694 1.194
25.07.1987 4.411 -5.691 1.193
26.07.1987 4.399 -5.69 1.191
27.07.1987 4.391 -5.687 1.19
28.07.1987 4.381 -5.685 1.189
29.07.1987 4.372 -5.684 1.189
30.07.1987 4.36 -5.68 1.188
31.07.1987 4.348 -5.678 1.188
01.08.1987 4.343 -5.675 1.186
02.08.1987 4.334 -5.674 1.185
03.08.1987 4.328 -5.671 1.184
04.08.1987 4.315 -5.67 1.183
05.08.1987 4.308 -5.668 1.182
06.08.1987 4.297 -5.665 1.182
07.08.1987 4.29 -5.664 1.181
08.08.1987 4.278 -5.662 1.18
09.08.1987 4.264 -5.66 1.178
10.08.1987 4.259 -5.657 1.178
11.08.1987 4.25 -5.654 1.177
12.08.1987 4.241 -5.653 1.176
13.08.1987 4.227 -5.65 1.174
14.08.1987 4.218 -5.647 1.173
15.08.1987 4.204 -5.645 1.172
16.08.1987 4.196 -5.644 1.171
17.08.1987 4.19 -5.642 1.17
18.08.1987 4.177 -5.639 1.169
19.08.1987 4.169 -5.636 1.168
20.08.1987 4.162 -5.634 1.167
21.08.1987 4.152 -5.632 1.166
22.08.1987 4.146 -5.63 1.166
23.08.1987 4.135 -5.628 1.164
24.08.1987 4.127 -5.626 1.163
25.08.1987 4.12 -5.624 1.163
26.08.1987 4.112 -5.622 1.161
27.08.1987 4.103 -5.621 1.161
28.08.1987 4.092 -5.619 1.16
29.08.1987 4.077 -5.618 1.159
30.08.1987 4.07 -5.616 1.158
31.08.1987 4.061 -5.614 1.157
01.09.1987 4.046 -5.612 1.155
02.09.1987 4.04 -5.611 1.154
03.09.1987 4.034 -5.608 1.153
04.09.1987 4.027 -5.606 1.153
05.09.1987 4.018 -5.605 1.152
06.09.1987 4.004 -5.603 1.151
07.09.1987 3.994 -5.602 1.15
08.09.1987 3.98 -5.6 1.149
09.09.1987 3.971 -5.599 1.148
10.09.1987 3.961 -5.597 1.146
11.09.1987 3.951 -5.595 1.145
12.09.1987 3.946 -5.594 1.144
13.09.1987 3.931 -5.592 1.143
14.09.1987 3.917 -5.591 1.143
15.09.1987 3.903 -5.588 1.141
16.09.1987 3.89 -5.586 1.14
17.09.1987 3.882 -5.584 1.139
18.09.1987 3.876 -5.583 1.138
19.09.1987 3.871 -5.581 1.137
20.09.1987 3.862 -5.579 1.136
21.09.1987 3.856 -5.577 1.135
22.09.1987 3.842 -5.575 1.134
23.09.1987 3.828 -5.574 1.133
24.09.1987 3.822 -5.572 1.132
25.09.1987 3.813 -5.57 1.132
26.09.1987 3.806 -5.567 1.13
27.09.1987 3.799 -5.565 1.13
28.09.1987 3.792 -5.564 1.129
29.09.1987 3.787 -5.562 1.127
30.09.1987 3.774 -5.56 1.127
01.10.1987 3.761 -5.558 1.126
02.10.1987 3.753 -5.557 1.125
03.10.1987 3.742 -5.555 1.124
04.10.1987 3.735 -5.554 1.123
05.10.1987 3.726 -5.553 1.122
06.10.1987 3.712 -5.55 1.121
07.10.1987 3.698 -5.548 1.121
08.10.1987 3.692 -5.546 1.12
09.10.1987 3.681 -5.544 1.119
10.10.1987 3.671 -5.542 1.118
11.10.1987 3.663 -5.54 1.117
12.10.1987 3.649 -5.538 1.116
13.10.1987 3.637 -5.536 1.115
14.10.1987 3.631 -5.533 1.114
15.10.1987 3.625 -5.532 1.113
16.10.1987 3.613 -5.53 1.112
17.10.1987 3.606 -5.528 1.111
18.10.1987 3.596 -5.526 1.11
19.10.1987 3.591 -5.524 1.109
20.10.1987 3.579 -5.521 1.108
21.10.1987 3.566 -5.52 1.107
22.10.1987 3.557 -5.519 1.106
23.10.1987 3.544 -5.518 1.106
24.10.1987 3.531 -5.517 1.105
25.10.1987 3.52 -5.514 1.104
26.10.1987 3.507 -5.512 1.103
27.10.1987 3.495 -5.509 1.102
28.10.1987 3.487 -5.506 1.101
29.10.1987 3.478 -5.504 1.099
30.10.1987 3.473 -5.502 1.099
31.10.1987 3.467 -5.501 1.098
01.11.1987 3.456 -5.499 1.097
02.11.1987 3.446 -5.498 1.096
03.11.1987 3.435 -5.496 1.095
04.11.1987 3.427 -5.495 1.094
05.11.1987 3.414 -5.494 1.093
06.11.1987 3.401 -5.492 1.092
07.11.1987 3.394 -5.491 1.091
08.11.1987 3.388 -5.49 1.089
09.11.1987 3.378 -5.488 1.088
10.11.1987 3.37 -5.487 1.087
11.11.1987 3.356 -5.484 1.086
12.11.1987 3.345 -5.483 1.086
13.11.1987 3.332 -5.482 1.084
14.11.1987 3.323 -5.48 1.083
15.11.1987 3.315 -5.477 1.081
16.11.1987 3.301 -5.476 1.08
17.11.1987 3.294 -5.475 1.079
18.11.1987 3.284 -5.474 1.078
19.11.1987 3.275 -5.472 1.077
20.11.1987 3.268 -5.47 1.076
21.11.1987 3.256 -5.469 1.075
22.11.1987 3.249 -5.468 1.074
23.11.1987 3.238 -5.465 1.073
24.11.1987 3.223 -5.463 1.072
25.11.1987 3.217 -5.462 1.071
26.11.1987 3.207 -5.46 1.07
27.11.1987 3.2 -5.459 1.068
28.11.1987 3.189 -5.457 1.067
29.11.1987 3.178 -5.456 1.066
30.11.1987 3.171 -5.453 1.065
01.12.1987 3.158 -5.452 1.064
02.12.1987 3.144 -5.45 1.063
03.12.1987 3.132 -5.448 1.062
04.12.1987 3.118 -5.447 1.061
05.12.1987 3.111 -5.445 1.061
06.12.1987 3.099 -5.443 1.06
07.12.1987 3.092 -5.442 1.058
08.12.1987 3.084 -5.44 1.057
09.12.1987 3.078 -5.438 1.057
10.12.1987 3.063 -5.435 1.056
11.12.1987 3.048 -5.434 1.054
12.12.1987 3.035 -5.433 1.054
13.12.1987 3.022 -5.43 1.053
14.12.1987 3.017 -5.429 1.051
15.12.1987 3.008 -5.426 1.05
16.12.1987 3.0 -5.424 1.049
17.12.1987 2.993 -5.423 1.049
18.12.1987 2.985 -5.422 1.048
19.12.1987 2.979 -5.421 1.047
20.12.1987 2.969 -5.419 1.046
21.12.1987 2.956 -5.418 1.045
22.12.1987 2.948 -5.417 1.045
23.12.1987 2.934 -5.416 1.044
24.12.1987 2.927 -5.415 1.043
25.12.1987 2.917 -5.413 1.042
26.12.1987 2.905 -5.412 1.041
27.12.1987 2.891 -5.409 1.039
28.12.1987 2.885 -5.409 1.038
29.12.1987 2.876 -5.407 1.037
30.12.1987 2.865 -5.406 1.036
31.12.1987 2.853 -5.404 1.035
01.01.1988 2.846 -5.402 1.034
02.01.1988 2.835 -5.4 1.033
03.01.1988 2.83 -5.399 1.032
04.01.1988 2.822 -5.397 1.03
05.01.1988 2.811 -5.395 1.03
06.01.1988 2.798 -5.393 1.028
07.01.1988 2.79 -5.39 1.028
08.01.1988 2.782 -5.388 1.026
09.01.1988 2.776 -5.387 1.025
10.01.1988 2.765 -5.384 1.024
11.01.1988 2.759 -5.382 1.023
12.01.1988 2.75 -5.38 1.022
13.01.1988 2.739 -5.378 1.02
14.01.1988 2.732 -5.377 1.019
15.01.1988 2.72 -5.375 1.018
16.01.1988 2.707 -5.374 1.017
17.01.1988 2.697 -5.372 1.016
18.01.1988 2.69 -5.37 1.015
19.01.1988 2.681 -5.368 1.014
20.01.1988 2.672 -5.367 1.013
21.01.1988 2.659 -5.366 1.012
22.01.1988 2.644 -5.363 1.011
23.01.1988 2.636 -5.362 1.011
24.01.1988 2.629 -5.36 1.009
25.01.1988 2.615 -5.357 1.008
26.01.1988 2.603 -5.356 1.007
27.01.1988 2.596 -5.355 1.006
28.01.1988 2.582 -5.353 1.006
29.01.1988 2.577 -5.351 1.005
30.01.1988 2.569 -5.349 1.004
31.01.1988 2.554 -5.348 1.003
01.02.1988 2.549 -5.346 1.002
02.02.1988 2.536 -5.344 1.0
03.02.1988 2.525 -5.343 1.0
04.02.1988 2.512 -5.341 0.998
05.02.1988 2.504 -5.339 0.998
06.02.1988 2.495 -5.338 0.997
07.02.1988 2.489 -5.337 0.996
08.02.1988 2.477 -5.335 0.995
09.02.1988 2.469 -5.334 0.994
10.02.1988 2.462 -5.333 0.993
11.02.1988 2.449 -5.331 0.992
12.02.1988 2.434 -5.329 0.991
13.02.1988 2.42 -5.328 0.99
14.02.1988 2.413 -5.327 0.988
15.02.1988 2.406 -5.326 0.987
16.02.1988 2.399 -5.325 0.986
17.02.1988 2.389 -5.324 0.985
18.02.1988 2.378 -5.321 0.984
19.02.1988 2.367 -5.32 0.982
20.02.1988 2.359 -5.318 0.982
21.02.1988 2.347 -5.316 0.981
22.02.1988 2.336 -5.315 0.98
23.02.1988 2.328 -5.313 0.979
24.02.1988 2.321 -5.311 0.978
25.02.1988 2.31 -5.309 0.977
26.02.1988 2.301 -5.308 0.976
27.02.1988 2.292 -5.307 0.975
28.02.1988 2.282 -5.306 0.974
29.02.1988 2.271 -5.304 0.973
01.03.1988 2.265 -5.303 0.972
02.03.1988 2.259 -5.302 0.971
03.03.1988 2.245 -5.3 0.97
04.03.1988 2.232 -5.298 0.969
05.03.1988 2.222 -5.297 0.968
06.03.1988 2.208 -5.296 0.968
07.03.1988 2.2 -5.295 0.966
08.03.1988 2.194 -5.293 0.966
09.03.1988 2.187 -5.291 0.965
10.03.1988 2.176 -5.29 0.964
11.03.1988 2.164 -5.288 0.964
12.03.1988 2.156 -5.287 0.962
13.03.1988 2.15 -5.286 0.961
14.03.1988 2.143 -5.284 0.96
15.03.1988 2.138 -5.282 0.959
16.03.1988 2.127 -5.281 0.958
17.03.1988 2.118 -5.28 0.958
18.03.1988 2.111 -5.277 0.957
19.03.1988 2.097 -5.275 0.956
20.03.1988 2.083 -5.273 0.954
21.03.1988 2.07 -5.272 0.953
22.03.1988 2.059 -5.27 0.952
23.03.1988 2.047 -5.268 0.951
24.03.1988 2.042 -5.266 0.95
25.03.1988 2.028 -5.265 0.949
26.03.1988 2.017 -5.264 0.947
27.03.1988 2.011 -5.262 0.947
28.03.1988 1.999 -5.26 0.946
29.03.1988 1.986 -5.259 0.945
30.03.1988 1.979 -5.257 0.943
31.03.1988 1.97 -5.255 0.943
01.04.1988 1.964 -5.253 0.942
02.04.1988 1.951 -5.252 0.941
03.04.1988 1.938 -5.25 0.94
04.04.1988 1.924 -5.248 0.939
05.04.1988 1.912 -5.247 0.938
06.04.1988 1.899 -5.245 0.937
07.04.1988 1.889 -5.242 0.936
08.04.1988 1.883 -5.24 0.935
09.04.1988 1.875 -5.238 0.934
10.04.1988 1.866 -5.237 0.933
11.04.1988 1.854 -5.236 0.933
12.04.1988 1.848 -5.234 0.932
13.04.1988 1.835 -5.233 0.93
14.04.1988 1.827 -5.231 0.929
15.04.1988 1.821 -5.23 0.928
16.04.1988 1.813 -5.229 0.928
17.04.1988 1.808 -5.227 0.927
18.04.1988 1.793 -5.227 0.926
19.04.1988 1.78 -5.224 0.925
20.04.1988 1.766 -5.223 0.924
21.04.1988 1.752 -5.222 0.922
22.04.1988 1.738 -5.22 0.921
23.04.1988 1.723 -5.219 0.92
24.04.1988 1.714 -5.218 0.919
25.04.1988 1.707 -5.216 0.918
26.04.1988 1.697 -5.214 0.917
27.04.1988 1.683 -5.213 0.916
28.04.1988 1.676 -5.212 0.916
29.04.1988 1.667 -5.21 0.915
30.04.1988 1.653 -5.209 0.913
01.05.1988 1.64 -5.208 0.913
02.05.1988 1.633 -5.207 0.912
03.05.1988 1.627 -5.204 0.911
04.05.1988 1.621 -5.203 0.91
05.05.1988 1.612 -5.202 0.909
06.05.1988 1.605 -5.201 0.908
07.05.1988 1.6 -5.199 0.907
08.05.1988 1.595 -5.197 0.906
09.05.1988 1.583 -5.195 0.906
10.05.1988 1.576 -5.194 0.904
11.05.1988 1.565 -5.192 0.904
12.05.1988 1.555 -5.19 0.903
13.05.1988 1.548 -5.188 0.902
14.05.1988 1.539 -5.187 0.901
15.05.1988 1.524 -5.185 0.899
16.05.1988 1.513 -5.183 0.899
17.05.1988 1.507 -5.182 0.897
18.05.1988 1.495 -5.18 0.896
19.05.1988 1.488 -5.178 0.895
20.05.1988 1.479 -5.176 0.894
21.05.1988 1.466 -5.174 0.894
22.05.1988 1.456 -5.172 0.893
23.05.1988 1.45 -5.17 0.891
24.05.1988 1.44 -5.169 0.89
25.05.1988 1.425 -5.168 0.889
26.05.1988 1.414 -5.167 0.888
27.05.1988 1.408 -5.165 0.887
28.05.1988 1.4 -5.163 0.886
29.05.1988 1.39 -5.161 0.885
30.05.1988 1.384 -5.159 0.883
31.05.1988 1.378 -5.157 0.883
01.06.1988 1.369 -5.156 0.882
02.06.1988 1.354 -5.154 0.881
03.06.1988 1.34 -5.153 0.88
04.06.1988 1.325 -5.152 0.879
05.06.1988 1.314 -5.15 0.878
06.06.1988 1.308 -5.149 0.877
07.06.1988 1.302 -5.148 0.876
08.06.1988 1.296 -5.146 0.875
09.06.1988 1.287 -5.144 0.873
10.06.1988 1.28 -5.143 0.872
11.06.1988 1.273 -5.141 0.871
12.06.1988 1.265 -5.139 0.87
13.06.1988 1.26 -5.137 0.869
14.06.1988 1.253 -5.136 0.868
15.06.1988 1.246 -5.135 0.867
16.06.1988 1.241 -5.134 0.866
17.06.1988 1.23 -5.133 0.865
18.06.1988 1.221 -5.132 0.864
19.06.1988 1.21 -5.131 0.864
20.06.1988 1.197 -5.13 0.862
21.06.1988 1.183 -5.129 0.861
22.06.1988 1.173 -5.128 0.86
23.06.1988 1.159 -5.125 0.859
24.06.1988 1.15 -5.124 0.858
25.06.1988 1.14 -5.122 0.857
26.06.1988 1.134 -5.121 0.856
27.06.1988 1.121 -5.12 0.855
28.06.1988 1.114 -5.119 0.854
29.06.1988 1.107 -5.117 0.853
30.06.1988 1.096 -5.116 0.852
01.07.1988 1.087 -5.114 0.851
02.07.1988 1.076 -5.112 0.85
03.07.1988 1.07 -5.11 0.849
04.07.1988 1.059 -5.108 0.847
05.07.1988 1.05 -5.107 0.846
06.07.1988 1.04 -5.105 0.846
07.07.1988 1.026 -5.104 0.845
08.07.1988 1.015 -5.102 0.844
09.07.1988 1.004 -5.1 0.844
10.07.1988 0.995 -5.099 0.843
11.07.1988 0.982 -5.097 0.841
12.07.1988 0.968 -5.095 0.841
13.07.1988 0.957 -5.094 0.84
14.07.1988 0.946 -5.093 0.839
15.07.1988 0.94 -5.091 0.838
16.07.1988 0.93 -5.09 0.837
17.07.1988 0.924 -5.088 0.835
18.07.1988 0.91 -5.086 0.835
19.07.1988 0.904 -5.085 0.834
20.07.1988 0.894 -5.083 0.833
21.07.1988 0.887 -5.081 0.832
22.07.1988 0.875 -5.079 0.831
23.07.1988 0.87 -5.077 0.83
24.07.1988 0.862 -5.075 0.829
25.07.1988 0.857 -5.074 0.828
26.07.1988 0.849 -5.072 0.827
27.07.1988 0.839 -5.071 0.826
28.07.1988 0.827 -5.069 0.825
29.07.1988 0.821 -5.067 0.823
30.07.1988 0.81 -5.065 0.823
31.07.1988 0.802 -5.064 0.822
01.08.1988 0.791 -5.062 0.82
02.08.1988 0.781 -5.061 0.819
03.08.1988 0.774 -5.059 0.819
04.08.1988 0.768 -5.056 0.818
05.08.1988 0.761 -5.055 0.817
06.08.1988 0.756 -5.054 0.816
07.08.1988 0.748 -5.053 0.815
08.08.1988 0.741 -5.052 0.813
09.08.1988 0.734 -5.051 0.812
10.08.1988 0.721 -5.05 0.811
11.08.1988 0.71 -5.049 0.809
12.08.1988 0.698 -5.048 0.808
13.08.1988 0.685 -5.045 0.808
14.08.1988 0.678 -5.044 0.807
15.08.1988 0.673 -5.042 0.806
16.08.1988 0.667 -5.041 0.805
17.08.1988 0.662 -5.039 0.804
18.08.1988 0.647 -5.037 0.803
19.08.1988 0.641 -5.035 0.802
20.08.1988 0.635 -5.033 0.801
21.08.1988 0.629 -5.032 0.8
22.08.1988 0.615 -5.03 0.799
23.08.1988 0.604 -5.029 0.798
24.08.1988 0.598 -5.027 0.797
25.08.1988 0.591 -5.026 0.796
26.08.1988 0.582 -5.025 0.796
27.08.1988 0.574 -5.024 0.795
28.08.1988 0.569 -5.023 0.794
29.08.1988 0.556 -5.022 0.793
30.08.1988 0.548 -5.02 0.792
31.08.1988 0.537 -5.019 0.791
01.09.1988 0.531 -5.017 0.79
02.09.1988 0.517 -5.016 0.789
03.09.1988 0.511 -5.015 0.788
04.09.1988 0.505 -5.013 0.788
05.09.1988 0.497 -5.011 0.787
06.09.1988 0.485 -5.009 0.786
07.09.1988 0.47 -5.007 0.786
08.09.1988 0.455 -5.006 0.785
09.09.1988 0.449 -5.004 0.783
10.09.1988 0.442 -5.003 0.782
11.09.1988 0.43 -5.001 0.781
12.09.1988 0.419 -4.999 0.781
13.09.1988 0.411 -4.998 0.78
14.09.1988 0.401 -4.996 0.778
15.09.1988 0.387 -4.994 0.778
16.09.1988 0.379 -4.992 0.776
17.09.1988 0.37 -4.991 0.776
18.09.1988 0.356 -4.989 0.774
19.09.1988 0.35 -4.988 0.773
20.09.1988 0.342 -4.986 0.772
21.09.1988 0.327 -4.984 0.771
22.09.1988 0.321 -4.982 0.769
23.09.1988 0.311 -4.982 0.768
24.09.1988 0.303 -4.98 0.767
25.09.1988 0.288 -4.979 0.767
26.09.1988 0.282 -4.977 0.765
27.09.1988 0.269 -4.975 0.764
28.09.1988 0.256 -4.973 0.763
29.09.1988 0.246 -4.972 0.762
30.09.1988 0.237 -4.97 0.761
01.10.1988 0.228 -4.969 0.76
02.10.1988 0.219 -4.968 0.759
03.10.1988 0.211 -4.966 0.758
04.10.1988 0.197 -4.965 0.757
05.10.1988 0.185 -4.964 0.756
06.10.1988 0.179 -4.962 0.755
07.10.1988 0.168 -4.961 0.754
08.10.1988 0.161 -4.96 0.753
09.10.1988 0.147 -4.958 0.752
10.10.1988 0.132 -4.956 0.751
11.10.1988 0.126 -4.955 0.75
12.10.1988 0.117 -4.954 0.749
13.10.1988 0.106 -4.953 0.748
14.10.1988 0.094 -4.952 0.747
15.10.1988 0.088 -4.951 0.746
16.10.1988 0.083 -4.949 0.745
17.10.1988 0.075 -4.948 0.743
18.10.1988 0.061 -4.946 0.743
19.10.1988 0.047 -4.945 0.741
20.10.1988 0.035 -4.943 0.74
21.10.1988 0.024 -4.942 0.739
22.10.1988 0.018 -4.941 0.738
23.10.1988 0.003 -4.939 0.737
