11.12.1982 6.934 -6.645 1.459
12.12.1982 6.921 -6.635 1.458
13.12.1982 6.914 -6.625 1.457
14.12.1982 6.903 -6.62 1.456
15.12.1982 6.89 -6.616 1.454
16.12.1982 6.876 -6.612 1.453
17.12.1982 6.864 -6.609 1.452
18.12.1982 6.856 -6.604 1.451
19.12.1982 6.844 -6.596 1.45
20.12.1982 6.831 -6.59 1.449
21.12.1982 6.82 -6.588 1.448
22.12.1982 6.809 -6.583 1.447
23.12.1982 6.795 -6.577 1.446
24.12.1982 6.781 -6.571 1.445
25.12.1982 6.77 -6.568 1.444
26.12.1982 6.761 -6.562 1.443
27.12.1982 6.755 -6.559 1.442
28.12.1982 6.749 -6.557 1.441
29.12.1982 6.74 -6.55 1.44
30.12.1982 6.734 -6.545 1.439
31.12.1982 6.723 -6.541 1.438
01.01.1983 6.712 -6.536 1.437
02.01.1983 6.697 -6.534 1.436
03.01.1983 6.685 -6.531 1.435
04.01.1983 6.672 -6.527 1.435
05.01.1983 6.659 -6.524 1.433
06.01.1983 6.646 -6.521 1.432
07.01.1983 6.635 -6.519 1.432
08.01.1983 6.623 -6.517 1.431
09.01.1983 6.611 -6.512 1.43
10.01.1983 6.596 -6.508 1.429
11.01.1983 6.584 -6.503 1.428
12.01.1983 6.575 -6.5 1.427
13.01.1983 6.56 -6.497 1.426
14.01.1983 6.551 -6.494 1.424
15.01.1983 6.543 -6.49 1.424
16.01.1983 6.532 -6.486 1.423
17.01.1983 6.523 -6.482 1.422
18.01.1983 6.513 -6.477 1.42
19.01.1983 6.508 -6.474 1.42
20.01.1983 6.502 -6.472 1.419
21.01.1983 6.489 -6.47 1.418
22.01.1983 6.476 -6.467 1.418
23.01.1983 6.464 -6.463 1.417
24.01.1983 6.449 -6.459 1.416
25.01.1983 6.442 -6.454 1.415
26.01.1983 6.433 -6.452 1.415
27.01.1983 6.426 -6.448 1.414
28.01.1983 6.416 -6.445 1.413
29.01.1983 6.403 -6.442 1.412
30.01.1983 6.392 -6.44 1.411
31.01.1983 6.383 -6.436 1.409
01.02.1983 6.372 -6.432 1.409
02.02.1983 6.359 -6.428 1.408
03.02.1983 6.35 -6.425 1.407
04.02.1983 6.338 -6.422 1.406
05.02.1983 6.33 -6.42 1.405
06.02.1983 6.318 -6.418 1.404
07.02.1983 6.309 -6.414 1.403
08.02.1983 6.301 -6.41 1.402
09.02.1983 6.286 -6.408 1.402
10.02.1983 6.278 -6.404 1.4
11.02.1983 6.268 -6.401 1.399
12.02.1983 6.262 -6.397 1.398
13.02.1983 6.257 -6.394 1.397
14.02.1983 6.246 -6.392 1.396
15.02.1983 6.236 -6.39 1.394
16.02.1983 6.224 -6.388 1.393
17.02.1983 6.215 -6.384 1.392
18.02.1983 6.203 -6.381 1.391
19.02.1983 6.193 -6.377 1.39
20.02.1983 6.181 -6.375 1.389
21.02.1983 6.171 -6.372 1.388
22.02.1983 6.156 -6.37 1.387
23.02.1983 6.145 -6.368 1.386
24.02.1983 6.135 -6.365 1.385
25.02.1983 6.128 -6.362 1.384
26.02.1983 6.118 -6.361 1.384
27.02.1983 6.108 -6.359 1.383
28.02.1983 6.095 -6.356 1.382
01.03.1983 6.09 -6.353 1.381
02.03.1983 6.081 -6.351 1.38
03.03.1983 6.068 -6.347 1.378
04.03.1983 6.062 -6.344 1.377
05.03.1983 6.051 -6.341 1.376
06.03.1983 6.041 -6.338 1.375
07.03.1983 6.03 -6.336 1.373
08.03.1983 6.024 -6.333 1.372
09.03.1983 6.016 -6.33 1.371
10.03.1983 6.003 -6.328 1.369
11.03.1983 5.992 -6.326 1.368
12.03.1983 5.979 -6.323 1.367
13.03.1983 5.968 -6.322 1.366
14.03.1983 5.962 -6.318 1.365
15.03.1983 5.952 -6.316 1.364
16.03.1983 5.938 -6.312 1.363
17.03.1983 5.932 -6.31 1.362
18.03.1983 5.921 -6.308 1.361
19.03.1983 5.906 -6.306 1.361
20.03.1983 5.893 -6.303 1.36
21.03.1983 5.883 -6.3 1.358
22.03.1983 5.875 -6.298 1.358
23.03.1983 5.862 -6.296 1.357
24.03.1983 5.856 -6.294 1.356
25.03.1983 5.849 -6.291 1.354
26.03.1983 5.837 -6.289 1.353
27.03.1983 5.832 -6.287 1.352
28.03.1983 5.82 -6.284 1.351
29.03.1983 5.813 -6.281 1.35
30.03.1983 5.804 -6.279 1.349
31.03.1983 5.792 -6.277 1.348
01.04.1983 5.786 -6.273 1.348
02.04.1983 5.78 -6.271 1.346
03.04.1983 5.773 -6.267 1.345
04.04.1983 5.76 -6.265 1.344
05.04.1983 5.751 -6.264 1.344
06.04.1983 5.744 -6.263 1.343
07.04.1983 5.734 -6.261 1.342
08.04.1983 5.719 -6.258 1.341
09.04.1983 5.709 -6.257 1.34
10.04.1983 5.695 -6.255 1.339
11.04.1983 5.684 -6.252 1.338
12.04.1983 5.676 -6.25 1.337
13.04.1983 5.671 -6.248 1.336
14.04.1983 5.659 -6.245 1.335
15.04.1983 5.651 -6.243 1.334
16.04.1983 5.642 -6.24 1.333
17.04.1983 5.628 -6.238 1.333
18.04.1983 5.621 -6.236 1.332
19.04.1983 5.613 -6.234 1.33
20.04.1983 5.602 -6.233 1.329
21.04.1983 5.588 -6.231 1.329
22.04.1983 5.576 -6.228 1.328
23.04.1983 5.571 -6.226 1.326
24.04.1983 5.559 -6.223 1.325
25.04.1983 5.547 -6.222 1.325
26.04.1983 5.54 -6.22 1.323
27.04.1983 5.526 -6.217 1.323
28.04.1983 5.521 -6.215 1.321
29.04.1983 5.51 -6.212 1.321
30.04.1983 5.496 -6.211 1.32
01.05.1983 5.49 -6.208 1.319
02.05.1983 5.481 -6.205 1.319
03.05.1983 5.468 -6.203 1.318
04.05.1983 5.462 -6.201 1.317
05.05.1983 5.456 -6.2 1.316
06.05.1983 5.447 -6.198 1.315
07.05.1983 5.435 -6.196 1.314
08.05.1983 5.421 -6.195 1.313
09.05.1983 5.413 -6.192 1.312
10.05.1983 5.408 -6.189 1.311
11.05.1983 5.395 -6.185 1.311
12.05.1983 5.385 -6.184 1.31
13.05.1983 5.374 -6.183 1.309
14.05.1983 5.36 -6.181 1.308
15.05.1983 5.354 -6.179 1.307
16.05.1983 5.34 -6.177 1.306
17.05.1983 5.334 -6.176 1.305
18.05.1983 5.326 -6.173 1.305
19.05.1983 5.317 -6.172 1.304
20.05.1983 5.304 -6.169 1.303
21.05.1983 5.29 -6.165 1.302
22.05.1983 5.283 -6.163 1.301
23.05.1983 5.274 -6.161 1.3
24.05.1983 5.263 -6.158 1.299
25.05.1983 5.257 -6.155 1.298
26.05.1983 5.245 -6.153 1.296
27.05.1983 5.236 -6.151 1.295
28.05.1983 5.221 -6.149 1.295
29.05.1983 5.209 -6.146 1.293
30.05.1983 5.195 -6.144 1.292
31.05.1983 5.18 -6.143 1.291
01.06.1983 5.169 -6.142 1.29
02.06.1983 5.156 -6.14 1.29
03.06.1983 5.147 -6.137 1.289
04.06.1983 5.133 -6.134 1.288
05.06.1983 5.126 -6.131 1.287
06.06.1983 5.115 -6.128 1.286
07.06.1983 5.102 -6.127 1.285
08.06.1983 5.096 -6.125 1.284
09.06.1983 5.085 -6.123 1.282
10.06.1983 5.075 -6.12 1.281
11.06.1983 5.066 -6.117 1.28
12.06.1983 5.059 -6.115 1.279
13.06.1983 5.054 -6.113 1.278
14.06.1983 5.044 -6.112 1.277
15.06.1983 5.032 -6.11 1.276
16.06.1983 5.024 -6.108 1.275
17.06.1983 5.019 -6.106 1.274
18.06.1983 5.008 -6.103 1.272
19.06.1983 4.997 -6.102 1.271
20.06.1983 4.984 -6.099 1.271
21.06.1983 4.976 -6.096 1.269
22.06.1983 4.97 -6.094 1.269
23.06.1983 4.962 -6.092 1.268
24.06.1983 4.952 -6.09 1.267
25.06.1983 4.938 -6.088 1.266
26.06.1983 4.923 -6.085 1.265
27.06.1983 4.909 -6.083 1.264
28.06.1983 4.903 -6.082 1.263
29.06.1983 4.892 -6.08 1.263
30.06.1983 4.882 -6.077 1.262
01.07.1983 4.872 -6.075 1.261
02.07.1983 4.862 -6.073 1.26
03.07.1983 4.854 -6.072 1.259
04.07.1983 4.849 -6.07 1.258
05.07.1983 4.843 -6.069 1.258
06.07.1983 4.836 -6.067 1.257
07.07.1983 4.828 -6.066 1.256
08.07.1983 4.816 -6.064 1.255
09.07.1983 4.811 -6.063 1.254
10.07.1983 4.798 -6.061 1.253
11.07.1983 4.789 -6.059 1.251
12.07.1983 4.782 -6.058 1.25
13.07.1983 4.776 -6.057 1.249
14.07.1983 4.763 -6.055 1.248
15.07.1983 4.752 -6.052 1.247
16.07.1983 4.745 -6.05 1.247
17.07.1983 4.733 -6.048 1.245
18.07.1983 4.72 -6.047 1.244
19.07.1983 4.71 -6.046 1.244
20.07.1983 4.699 -6.043 1.242
21.07.1983 4.694 -6.041 1.242
22.07.1983 4.683 -6.04 1.24
23.07.1983 4.67 -6.038 1.24
24.07.1983 4.661 -6.037 1.239
25.07.1983 4.651 -6.035 1.237
26.07.1983 4.643 -6.033 1.236
27.07.1983 4.63 -6.032 1.235
28.07.1983 4.621 -6.029 1.234
29.07.1983 4.615 -6.026 1.233
30.07.1983 4.605 -6.024 1.232
31.07.1983 4.592 -6.023 1.231
01.08.1983 4.579 -6.02 1.23
02.08.1983 4.564 -6.018 1.229
03.08.1983 4.555 -6.015 1.229
04.08.1983 4.547 -6.013 1.228
05.08.1983 4.535 -6.011 1.227
06.08.1983 4.529 -6.009 1.226
07.08.1983 4.517 -6.008 1.225
08.08.1983 4.509 -6.007 1.223
09.08.1983 4.502 -6.004 1.222
10.08.1983 4.494 -6.001 1.221
11.08.1983 4.479 -6.0 1.22
12.08.1983 4.471 -5.997 1.22
13.08.1983 4.463 -5.995 1.219
14.08.1983 4.456 -5.993 1.218
15.08.1983 4.442 -5.992 1.217
16.08.1983 4.437 -5.99 1.216
17.08.1983 4.429 -5.989 1.214
18.08.1983 4.423 -5.988 1.214
19.08.1983 4.409 -5.987 1.213
20.08.1983 4.403 -5.985 1.212
21.08.1983 4.388 -5.984 1.211
22.08.1983 4.382 -5.981 1.21
23.08.1983 4.368 -5.98 1.209
24.08.1983 4.355 -5.978 1.207
25.08.1983 4.347 -5.976 1.207
26.08.1983 4.34 -5.973 1.206
27.08.1983 4.326 -5.971 1.205
28.08.1983 4.318 -5.969 1.204
29.08.1983 4.304 -5.967 1.203
30.08.1983 4.292 -5.965 1.203
31.08.1983 4.286 -5.963 1.201
01.09.1983 4.281 -5.961 1.2
02.09.1983 4.27 -5.96 1.199
03.09.1983 4.255 -5.958 1.198
04.09.1983 4.241 -5.956 1.197
05.09.1983 4.229 -5.953 1.196
06.09.1983 4.216 -5.952 1.195
07.09.1983 4.209 -5.95 1.194
08.09.1983 4.196 -5.947 1.193
09.09.1983 4.189 -5.945 1.192
10.09.1983 4.176 -5.943 1.191
11.09.1983 4.171 -5.941 1.19
12.09.1983 4.166 -5.94 1.189
13.09.1983 4.152 -5.938 1.188
14.09.1983 4.144 -5.937 1.187
15.09.1983 4.129 -5.934 1.185
16.09.1983 4.122 -5.932 1.185
17.09.1983 4.117 -5.93 1.183
18.09.1983 4.102 -5.928 1.183
19.09.1983 4.088 -5.926 1.182
20.09.1983 4.076 -5.924 1.18
21.09.1983 4.07 -5.922 1.179
22.09.1983 4.058 -5.921 1.178
23.09.1983 4.052 -5.92 1.177
24.09.1983 4.045 -5.918 1.176
25.09.1983 4.034 -5.916 1.174
26.09.1983 4.026 -5.915 1.173
27.09.1983 4.017 -5.913 1.172
28.09.1983 4.007 -5.912 1.172
29.09.1983 3.996 -5.91 1.171
30.09.1983 3.989 -5.908 1.169
01.10.1983 3.979 -5.906 1.168
02.10.1983 3.966 -5.904 1.167
03.10.1983 3.961 -5.902 1.166
04.10.1983 3.953 -5.901 1.165
05.10.1983 3.946 -5.9 1.163
06.10.1983 3.931 -5.897 1.163
07.10.1983 3.92 -5.896 1.161
08.10.1983 3.915 -5.895 1.16
09.10.1983 3.904 -5.893 1.159
10.10.1983 3.889 -5.892 1.158
11.10.1983 3.879 -5.89 1.156
12.10.1983 3.866 -5.888 1.156
13.10.1983 3.857 -5.887 1.154
14.10.1983 3.852 -5.885 1.154
15.10.1983 3.846 -5.882 1.153
16.10.1983 3.839 -5.88 1.151
17.10.1983 3.833 -5.879 1.151
18.10.1983 3.824 -5.877 1.15
19.10.1983 3.815 -5.875 1.149
20.10.1983 3.807 -5.874 1.148
21.10.1983 3.792 -5.872 1.147
22.10.1983 3.784 -5.869 1.146
23.10.1983 3.776 -5.867 1.145
24.10.1983 3.766 -5.866 1.144
25.10.1983 3.755 -5.864 1.142
26.10.1983 3.742 -5.861 1.141
27.10.1983 3.733 -5.859 1.141
28.10.1983 3.725 -5.857 1.14
29.10.1983 3.714 -5.856 1.139
30.10.1983 3.701 -5.855 1.138
31.10.1983 3.692 -5.853 1.137
01.11.1983 3.68 -5.852 1.136
02.11.1983 3.668 -5.85 1.135
03.11.1983 3.662 -5.848 1.134
04.11.1983 3.651 -5.847 1.133
05.11.1983 3.641 -5.844 1.133
06.11.1983 3.629 -5.842 1.131
07.11.1983 3.62 -5.84 1.13
08.11.1983 3.614 -5.838 1.129
09.11.1983 3.6 -5.836 1.128
10.11.1983 3.586 -5.835 1.127
11.11.1983 3.572 -5.833 1.126
12.11.1983 3.561 -5.831 1.125
13.11.1983 3.55 -5.829 1.124
14.11.1983 3.535 -5.827 1.123
15.11.1983 3.529 -5.825 1.122
16.11.1983 3.517 -5.823 1.121
17.11.1983 3.512 -5.821 1.119
18.11.1983 3.503 -5.819 1.118
19.11.1983 3.494 -5.818 1.117
20.11.1983 3.48 -5.815 1.116
21.11.1983 3.475 -5.813 1.114
22.11.1983 3.465 -5.811 1.113
23.11.1983 3.458 -5.811 1.112
24.11.1983 3.451 -5.809 1.11
25.11.1983 3.442 -5.807 1.11
26.11.1983 3.435 -5.806 1.108
27.11.1983 3.429 -5.804 1.108
28.11.1983 3.422 -5.802 1.106
29.11.1983 3.411 -5.801 1.106
30.11.1983 3.398 -5.8 1.105
01.12.1983 3.384 -5.799 1.104
02.12.1983 3.369 -5.798 1.103
03.12.1983 3.362 -5.795 1.102
04.12.1983 3.354 -5.794 1.101
05.12.1983 3.34 -5.792 1.1
06.12.1983 3.334 -5.79 1.099
07.12.1983 3.328 -5.789 1.098
08.12.1983 3.315 -5.787 1.097
09.12.1983 3.301 -5.785 1.097
10.12.1983 3.293 -5.783 1.096
11.12.1983 3.278 -5.781 1.095
12.12.1983 3.266 -5.779 1.094
13.12.1983 3.257 -5.777 1.093
14.12.1983 3.251 -5.775 1.093
15.12.1983 3.237 -5.772 1.092
16.12.1983 3.225 -5.77 1.091
17.12.1983 3.216 -5.768 1.09
18.12.1983 3.207 -5.766 1.089
19.12.1983 3.193 -5.764 1.088
20.12.1983 3.179 -5.763 1.087
21.12.1983 3.167 -5.762 1.086
22.12.1983 3.152 -5.76 1.085
23.12.1983 3.144 -5.759 1.084
24.12.1983 3.13 -5.758 1.084
25.12.1983 3.121 -5.757 1.083
26.12.1983 3.107 -5.755 1.082
27.12.1983 3.1 -5.753 1.08
28.12.1983 3.092 -5.751 1.079
29.12.1983 3.085 -5.749 1.079
30.12.1983 3.077 -5.748 1.077
31.12.1983 3.066 -5.746 1.077
01.01.1984 3.058 -5.745 1.075
02.01.1984 3.044 -5.742 1.074
03.01.1984 3.036 -5.74 1.073
04.01.1984 3.023 -5.739 1.072
05.01.1984 3.016 -5.737 1.071
06.01.1984 3.004 -5.735 1.07
07.01.1984 2.996 -5.733 1.069
08.01.1984 2.987 -5.731 1.069
09.01.1984 2.979 -5.729 1.068
10.01.1984 2.967 -5.727 1.066
11.01.1984 2.961 -5.725 1.065
12.01.1984 2.95 -5.723 1.064
13.01.1984 2.936 -5.722 1.063
14.01.1984 2.924 -5.72 1.063
15.01.1984 2.919 -5.717 1.061
16.01.1984 2.907 -5.715 1.06
17.01.1984 2.896 -5.713 1.059
18.01.1984 2.887 -5.711 1.059
19.01.1984 2.879 -5.71 1.058
20.01.1984 2.873 -5.708 1.057
21.01.1984 2.866 -5.707 1.056
22.01.1984 2.855 -5.705 1.055
23.01.1984 2.841 -5.704 1.054
24.01.1984 2.832 -5.703 1.053
25.01.1984 2.825 -5.702 1.052
26.01.1984 2.818 -5.7 1.051
27.01.1984 2.805 -5.699 1.05
28.01.1984 2.795 -5.696 1.049
29.01.1984 2.785 -5.695 1.048
30.01.1984 2.775 -5.693 1.047
31.01.1984 2.767 -5.691 1.045
01.02.1984 2.752 -5.69 1.044
02.02.1984 2.74 -5.688 1.043
03.02.1984 2.727 -5.687 1.042
04.02.1984 2.717 -5.685 1.041
05.02.1984 2.712 -5.684 1.041
06.02.1984 2.701 -5.682 1.04
07.02.1984 2.695 -5.68 1.039
08.02.1984 2.686 -5.678 1.038
09.02.1984 2.677 -5.677 1.037
10.02.1984 2.662 -5.676 1.035
11.02.1984 2.654 -5.673 1.034
12.02.1984 2.643 -5.672 1.033
13.02.1984 2.634 -5.67 1.032
14.02.1984 2.628 -5.668 1.031
15.02.1984 2.615 -5.666 1.03
16.02.1984 2.601 -5.665 1.029
17.02.1984 2.589 -5.663 1.027
18.02.1984 2.583 -5.662 1.026
19.02.1984 2.572 -5.66 1.025
20.02.1984 2.558 -5.659 1.024
21.02.1984 2.548 -5.657 1.024
22.02.1984 2.54 -5.655 1.023
23.02.1984 2.528 -5.654 1.022
24.02.1984 2.515 -5.653 1.021
25.02.1984 2.506 -5.651 1.02
26.02.1984 2.494 -5.65 1.019
27.02.1984 2.486 -5.648 1.018
28.02.1984 2.475 -5.647 1.017
29.02.1984 2.466 -5.645 1.016
01.03.1984 2.459 -5.642 1.015
02.03.1984 2.445 -5.64 1.014
03.03.1984 2.438 -5.638 1.013
04.03.1984 2.423 -5.636 1.012
05.03.1984 2.414 -5.633 1.011
06.03.1984 2.407 -5.631 1.01
07.03.1984 2.398 -5.629 1.009
08.03.1984 2.391 -5.628 1.008
09.03.1984 2.382 -5.625 1.007
10.03.1984 2.37 -5.624 1.007
11.03.1984 2.356 -5.623 1.005
12.03.1984 2.35 -5.62 1.004
13.03.1984 2.339 -5.618 1.004
14.03.1984 2.328 -5.617 1.002
15.03.1984 2.316 -5.615 1.001
16.03.1984 2.307 -5.614 1.0
17.03.1984 2.296 -5.612 0.999
18.03.1984 2.285 -5.611 0.998
19.03.1984 2.28 -5.61 0.997
20.03.1984 2.269 -5.609 0.996
21.03.1984 2.261 -5.607 0.996
22.03.1984 2.249 -5.604 0.995
23.03.1984 2.234 -5.603 0.994
24.03.1984 2.227 -5.601 0.993
25.03.1984 2.212 -5.599 0.992
26.03.1984 2.205 -5.598 0.99
27.03.1984 2.196 -5.596 0.989
28.03.1984 2.181 -5.595 0.989
29.03.1984 2.173 -5.593 0.987
30.03.1984 2.158 -5.59 0.986
31.03.1984 2.143 -5.589 0.985
01.04.1984 2.137 -5.588 0.983
02.04.1984 2.13 -5.586 0.983
03.04.1984 2.116 -5.585 0.982
04.04.1984 2.106 -5.584 0.981
05.04.1984 2.095 -5.582 0.98
06.04.1984 2.085 -5.58 0.979
07.04.1984 2.08 -5.578 0.978
08.04.1984 2.073 -5.576 0.978
09.04.1984 2.059 -5.574 0.977
10.04.1984 2.047 -5.572 0.976
11.04.1984 2.038 -5.57 0.975
12.04.1984 2.028 -5.569 0.974
13.04.1984 2.014 -5.567 0.973
14.04.1984 2.0 -5.566 0.972
15.04.1984 1.985 -5.564 0.97
16.04.1984 1.98 -5.563 0.969
17.04.1984 1.968 -5.561 0.968
18.04.1984 1.962 -5.56 0.967
19.04.1984 1.953 -5.559 0.966
20.04.1984 1.948 -5.557 0.965
21.04.1984 1.937 -5.556 0.964
22.04.1984 1.929 -5.555 0.963
23.04.1984 1.922 -5.554 0.962
24.04.1984 1.916 -5.553 0.961
25.04.1984 1.907 -5.551 0.96
26.04.1984 1.901 -5.55 0.959
27.04.1984 1.891 -5.549 0.958
28.04.1984 1.879 -5.548 0.957
29.04.1984 1.866 -5.547 0.957
30.04.1984 1.86 -5.545 0.956
01.05.1984 1.852 -5.543 0.955
02.05.1984 1.841 -5.541 0.954
03.05.1984 1.831 -5.539 0.954
04.05.1984 1.82 -5.538 0.953
05.05.1984 1.809 -5.537 0.952
06.05.1984 1.796 -5.535 0.951
07.05.1984 1.782 -5.533 0.949
08.05.1984 1.768 -5.532 0.948
09.05.1984 1.756 -5.53 0.947
10.05.1984 1.743 -5.528 0.946
11.05.1984 1.735 -5.526 0.944
12.05.1984 1.721 -5.524 0.943
13.05.1984 1.712 -5.523 0.942
14.05.1984 1.706 -5.521 0.941
15.05.1984 1.691 -5.519 0.94
16.05.1984 1.679 -5.517 0.939
17.05.1984 1.665 -5.515 0.937
18.05.1984 1.656 -5.513 0.937
19.05.1984 1.646 -5.512 0.936
20.05.1984 1.636 -5.51 0.935
21.05.1984 1.621 -5.509 0.934
22.05.1984 1.61 -5.508 0.933
23.05.1984 1.597 -5.507 0.933
24.05.1984 1.584 -5.506 0.932
25.05.1984 1.572 -5.504 0.931
26.05.1984 1.566 -5.502 0.93
27.05.1984 1.551 -5.502 0.929
28.05.1984 1.541 -5.499 0.928
29.05.1984 1.527 -5.499 0.927
30.05.1984 1.517 -5.498 0.925
31.05.1984 1.511 -5.497 0.924
01.06.1984 1.502 -5.496 0.923
02.06.1984 1.487 -5.495 0.922
03.06.1984 1.475 -5.494 0.92
04.06.1984 1.461 -5.493 0.919
05.06.1984 1.455 -5.492 0.919
06.06.1984 1.446 -5.489 0.917
07.06.1984 1.438 -5.488 0.916
08.06.1984 1.432 -5.486 0.915
09.06.1984 1.424 -5.485 0.914
10.06.1984 1.411 -5.484 0.913
11.06.1984 1.4 -5.482 0.911
12.06.1984 1.39 -5.481 0.91
13.06.1984 1.38 -5.479 0.909
14.06.1984 1.374 -5.478 0.908
15.06.1984 1.367 -5.476 0.906
16.06.1984 1.359 -5.475 0.906
17.06.1984 1.351 -5.473 0.905
18.06.1984 1.34 -5.471 0.904
19.06.1984 1.325 -5.469 0.902
20.06.1984 1.316 -5.467 0.901
21.06.1984 1.303 -5.465 0.9
22.06.1984 1.289 -5.464 0.899
23.06.1984 1.275 -5.462 0.898
24.06.1984 1.261 -5.461 0.897
25.06.1984 1.248 -5.46 0.897
26.06.1984 1.237 -5.458 0.896
27.06.1984 1.224 -5.456 0.896
28.06.1984 1.21 -5.455 0.895
29.06.1984 1.204 -5.453 0.893
30.06.1984 1.191 -5.451 0.892
01.07.1984 1.184 -5.45 0.892
02.07.1984 1.169 -5.449 0.891
03.07.1984 1.163 -5.448 0.89
04.07.1984 1.151 -5.447 0.889
05.07.1984 1.139 -5.445 0.888
06.07.1984 1.125 -5.444 0.887
07.07.1984 1.115 -5.443 0.886
08.07.1984 1.104 -5.441 0.886
09.07.1984 1.093 -5.439 0.884
10.07.1984 1.083 -5.438 0.883
11.07.1984 1.073 -5.437 0.883
12.07.1984 1.06 -5.435 0.881
13.07.1984 1.045 -5.433 0.88
14.07.1984 1.037 -5.431 0.879
15.07.1984 1.026 -5.43 0.878
16.07.1984 1.019 -5.428 0.877
17.07.1984 1.012 -5.426 0.876
18.07.1984 0.998 -5.425 0.875
19.07.1984 0.99 -5.423 0.874
20.07.1984 0.981 -5.421 0.873
21.07.1984 0.976 -5.419 0.872
22.07.1984 0.966 -5.418 0.871
23.07.1984 0.955 -5.416 0.87
24.07.1984 0.948 -5.415 0.869
25.07.1984 0.94 -5.413 0.868
26.07.1984 0.932 -5.412 0.867
27.07.1984 0.92 -5.411 0.866
28.07.1984 0.911 -5.409 0.865
29.07.1984 0.905 -5.407 0.865
30.07.1984 0.891 -5.405 0.863
31.07.1984 0.878 -5.404 0.862
01.08.1984 0.868 -5.402 0.861
02.08.1984 0.857 -5.4 0.86
03.08.1984 0.85 -5.399 0.859
04.08.1984 0.841 -5.397 0.859
05.08.1984 0.83 -5.396 0.857
06.08.1984 0.822 -5.394 0.856
07.08.1984 0.812 -5.393 0.856
08.08.1984 0.805 -5.391 0.855
09.08.1984 0.8 -5.39 0.854
10.08.1984 0.794 -5.389 0.853
11.08.1984 0.789 -5.388 0.851
12.08.1984 0.778 -5.387 0.85
13.08.1984 0.764 -5.385 0.849
14.08.1984 0.757 -5.384 0.848
15.08.1984 0.746 -5.383 0.847
16.08.1984 0.733 -5.381 0.846
17.08.1984 0.725 -5.379 0.845
18.08.1984 0.713 -5.377 0.844
19.08.1984 0.707 -5.375 0.843
20.08.1984 0.699 -5.374 0.843
21.08.1984 0.689 -5.373 0.842
22.08.1984 0.677 -5.371 0.84
23.08.1984 0.667 -5.371 0.839
24.08.1984 0.659 -5.369 0.838
25.08.1984 0.653 -5.368 0.836
26.08.1984 0.646 -5.366 0.835
27.08.1984 0.634 -5.365 0.834
28.08.1984 0.621 -5.364 0.833
29.08.1984 0.615 -5.361 0.832
30.08.1984 0.601 -5.361 0.831
31.08.1984 0.586 -5.359 0.83
01.09.1984 0.571 -5.358 0.829
02.09.1984 0.565 -5.357 0.828
03.09.1984 0.555 -5.355 0.827
04.09.1984 0.546 -5.354 0.826
05.09.1984 0.54 -5.352 0.825
06.09.1984 0.53 -5.35 0.824
07.09.1984 0.522 -5.349 0.823
08.09.1984 0.514 -5.348 0.822
09.09.1984 0.506 -5.346 0.822
10.09.1984 0.493 -5.344 0.821
11.09.1984 0.478 -5.343 0.82
12.09.1984 0.469 -5.341 0.818
13.09.1984 0.46 -5.339 0.818
14.09.1984 0.445 -5.337 0.816
15.09.1984 0.439 -5.336 0.815
16.09.1984 0.428 -5.334 0.814
17.09.1984 0.42 -5.333 0.813
18.09.1984 0.414 -5.331 0.812
19.09.1984 0.404 -5.329 0.811
20.09.1984 0.394 -5.328 0.81
21.09.1984 0.38 -5.327 0.809
22.09.1984 0.371 -5.326 0.808
23.09.1984 0.361 -5.325 0.806
24.09.1984 0.347 -5.324 0.805
25.09.1984 0.337 -5.322 0.804
26.09.1984 0.331 -5.321 0.803
27.09.1984 0.325 -5.32 0.802
28.09.1984 0.319 -5.318 0.801
29.09.1984 0.306 -5.317 0.801
30.09.1984 0.296 -5.317 0.8
01.10.1984 0.286 -5.315 0.799
02.10.1984 0.279 -5.315 0.798
03.10.1984 0.272 -5.312 0.797
04.10.1984 0.258 -5.311 0.797
05.10.1984 0.243 -5.31 0.795
06.10.1984 0.235 -5.309 0.795
07.10.1984 0.222 -5.308 0.793
08.10.1984 0.209 -5.307 0.792
09.10.1984 0.204 -5.305 0.791
10.10.1984 0.193 -5.304 0.79
11.10.1984 0.18 -5.302 0.789
12.10.1984 0.174 -5.301 0.788
13.10.1984 0.16 -5.3 0.787
14.10.1984 0.148 -5.298 0.786
15.10.1984 0.139 -5.297 0.785
16.10.1984 0.131 -5.296 0.784
17.10.1984 0.124 -5.294 0.783
18.10.1984 0.117 -5.292 0.782
19.10.1984 0.109 -5.291 0.781
20.10.1984 0.095 -5.289 0.78
21.10.1984 0.083 -5.289 0.778
22.10.1984 0.069 -5.288 0.778
23.10.1984 0.058 -5.286 0.777
24.10.1984 0.045 -5.285 0.776
25.10.1984 0.035 -5.283 0.775
26.10.1984 0.023 -5.282 0.775
27.10.1984 0.009 -5.281 0.774
