18.02.1992 5.963 -6.639 1.442
19.02.1992 5.953 -6.628 1.442
20.02.1992 5.945 -6.623 1.441
21.02.1992 5.931 -6.613 1.44
22.02.1992 5.918 -6.608 1.439
23.02.1992 5.905 -6.602 1.438
24.02.1992 5.898 -6.596 1.437
25.02.1992 5.889 -6.593 1.435
26.02.1992 5.88 -6.587 1.435
27.02.1992 5.871 -6.583 1.434
28.02.1992 5.862 -6.581 1.433
29.02.1992 5.852 -6.574 1.432
01.03.1992 5.841 -6.571 1.43
02.03.1992 5.827 -6.567 1.43
03.03.1992 5.815 -6.563 1.428
04.03.1992 5.81 -6.558 1.428
05.03.1992 5.801 -6.552 1.427
06.03.1992 5.795 -6.545 1.426
07.03.1992 5.781 -6.542 1.424
08.03.1992 5.773 -6.539 1.423
09.03.1992 5.763 -6.537 1.422
10.03.1992 5.748 -6.534 1.422
11.03.1992 5.74 -6.531 1.42
12.03.1992 5.729 -6.527 1.419
13.03.1992 5.714 -6.523 1.418
14.03.1992 5.708 -6.519 1.417
15.03.1992 5.699 -6.515 1.416
16.03.1992 5.691 -6.511 1.415
17.03.1992 5.678 -6.507 1.414
18.03.1992 5.671 -6.503 1.413
19.03.1992 5.661 -6.499 1.413
20.03.1992 5.647 -6.496 1.412
21.03.1992 5.639 -6.493 1.411
22.03.1992 5.631 -6.49 1.41
23.03.1992 5.618 -6.487 1.41
24.03.1992 5.612 -6.482 1.409
25.03.1992 5.598 -6.479 1.407
26.03.1992 5.59 -6.477 1.407
27.03.1992 5.583 -6.472 1.406
28.03.1992 5.575 -6.469 1.405
29.03.1992 5.567 -6.465 1.405
30.03.1992 5.556 -6.46 1.403
31.03.1992 5.544 -6.456 1.403
01.04.1992 5.53 -6.454 1.402
02.04.1992 5.52 -6.45 1.402
03.04.1992 5.515 -6.446 1.4
04.04.1992 5.503 -6.444 1.4
05.04.1992 5.493 -6.439 1.398
06.04.1992 5.479 -6.436 1.397
07.04.1992 5.467 -6.433 1.396
08.04.1992 5.455 -6.43 1.396
09.04.1992 5.446 -6.428 1.394
10.04.1992 5.433 -6.424 1.393
11.04.1992 5.425 -6.422 1.392
12.04.1992 5.414 -6.417 1.391
13.04.1992 5.408 -6.414 1.39
14.04.1992 5.394 -6.41 1.389
15.04.1992 5.383 -6.407 1.388
16.04.1992 5.374 -6.403 1.388
17.04.1992 5.361 -6.401 1.387
18.04.1992 5.346 -6.398 1.386
19.04.1992 5.334 -6.396 1.384
20.04.1992 5.323 -6.394 1.383
21.04.1992 5.31 -6.39 1.382
22.04.1992 5.305 -6.388 1.381
23.04.1992 5.294 -6.384 1.38
24.04.1992 5.288 -6.382 1.379
25.04.1992 5.283 -6.38 1.379
26.04.1992 5.275 -6.378 1.377
27.04.1992 5.266 -6.374 1.377
28.04.1992 5.259 -6.37 1.376
29.04.1992 5.25 -6.366 1.374
30.04.1992 5.242 -6.362 1.374
01.05.1992 5.237 -6.359 1.372
02.05.1992 5.226 -6.355 1.371
03.05.1992 5.215 -6.351 1.37
04.05.1992 5.205 -6.347 1.369
05.05.1992 5.196 -6.345 1.368
06.05.1992 5.187 -6.342 1.367
07.05.1992 5.177 -6.339 1.366
08.05.1992 5.166 -6.336 1.365
09.05.1992 5.151 -6.333 1.364
10.05.1992 5.141 -6.33 1.363
11.05.1992 5.127 -6.328 1.363
12.05.1992 5.116 -6.326 1.361
13.05.1992 5.104 -6.323 1.36
14.05.1992 5.093 -6.32 1.36
15.05.1992 5.085 -6.316 1.359
16.05.1992 5.077 -6.315 1.358
17.05.1992 5.066 -6.311 1.357
18.05.1992 5.053 -6.308 1.356
19.05.1992 5.045 -6.306 1.355
20.05.1992 5.032 -6.303 1.353
21.05.1992 5.024 -6.3 1.352
22.05.1992 5.017 -6.298 1.351
23.05.1992 5.012 -6.296 1.35
24.05.1992 5.004 -6.293 1.349
25.05.1992 4.994 -6.289 1.348
26.05.1992 4.989 -6.288 1.347
27.05.1992 4.979 -6.286 1.346
28.05.1992 4.969 -6.284 1.345
29.05.1992 4.96 -6.282 1.344
30.05.1992 4.948 -6.279 1.343
31.05.1992 4.934 -6.277 1.342
01.06.1992 4.924 -6.275 1.341
02.06.1992 4.918 -6.274 1.339
03.06.1992 4.909 -6.27 1.338
04.06.1992 4.897 -6.268 1.337
05.06.1992 4.887 -6.265 1.335
06.06.1992 4.881 -6.263 1.334
07.06.1992 4.866 -6.261 1.333
08.06.1992 4.859 -6.258 1.331
09.06.1992 4.845 -6.255 1.33
10.06.1992 4.831 -6.253 1.329
11.06.1992 4.824 -6.252 1.328
12.06.1992 4.819 -6.25 1.327
13.06.1992 4.808 -6.248 1.326
14.06.1992 4.795 -6.246 1.325
15.06.1992 4.783 -6.244 1.324
16.06.1992 4.77 -6.242 1.323
17.06.1992 4.761 -6.239 1.322
18.06.1992 4.75 -6.237 1.321
19.06.1992 4.743 -6.234 1.32
20.06.1992 4.738 -6.232 1.319
21.06.1992 4.728 -6.231 1.318
22.06.1992 4.714 -6.228 1.318
23.06.1992 4.707 -6.225 1.317
24.06.1992 4.701 -6.222 1.316
25.06.1992 4.694 -6.22 1.315
26.06.1992 4.685 -6.218 1.315
27.06.1992 4.671 -6.214 1.313
28.06.1992 4.663 -6.212 1.313
29.06.1992 4.653 -6.21 1.311
30.06.1992 4.644 -6.207 1.31
01.07.1992 4.632 -6.206 1.31
02.07.1992 4.617 -6.203 1.309
03.07.1992 4.612 -6.2 1.308
04.07.1992 4.598 -6.198 1.307
05.07.1992 4.585 -6.195 1.306
06.07.1992 4.576 -6.193 1.305
07.07.1992 4.568 -6.19 1.304
08.07.1992 4.555 -6.187 1.303
09.07.1992 4.546 -6.184 1.302
10.07.1992 4.531 -6.183 1.3
11.07.1992 4.517 -6.18 1.3
12.07.1992 4.505 -6.176 1.299
13.07.1992 4.495 -6.175 1.298
14.07.1992 4.487 -6.172 1.297
15.07.1992 4.482 -6.17 1.296
16.07.1992 4.471 -6.167 1.295
17.07.1992 4.458 -6.166 1.294
18.07.1992 4.445 -6.164 1.293
19.07.1992 4.436 -6.163 1.292
20.07.1992 4.424 -6.16 1.291
21.07.1992 4.412 -6.158 1.29
22.07.1992 4.401 -6.157 1.288
23.07.1992 4.393 -6.155 1.288
24.07.1992 4.381 -6.154 1.287
25.07.1992 4.374 -6.152 1.286
26.07.1992 4.36 -6.15 1.285
27.07.1992 4.354 -6.148 1.284
28.07.1992 4.341 -6.145 1.283
29.07.1992 4.328 -6.143 1.282
30.07.1992 4.318 -6.14 1.281
31.07.1992 4.31 -6.138 1.28
01.08.1992 4.3 -6.137 1.279
02.08.1992 4.293 -6.136 1.278
03.08.1992 4.288 -6.134 1.277
04.08.1992 4.278 -6.131 1.276
05.08.1992 4.269 -6.129 1.275
06.08.1992 4.262 -6.127 1.273
07.08.1992 4.249 -6.125 1.272
08.08.1992 4.241 -6.122 1.271
09.08.1992 4.227 -6.12 1.27
10.08.1992 4.214 -6.117 1.269
11.08.1992 4.205 -6.116 1.268
12.08.1992 4.193 -6.114 1.268
13.08.1992 4.186 -6.113 1.266
14.08.1992 4.179 -6.112 1.265
15.08.1992 4.17 -6.111 1.264
16.08.1992 4.159 -6.108 1.263
17.08.1992 4.153 -6.106 1.262
18.08.1992 4.148 -6.103 1.262
19.08.1992 4.139 -6.102 1.261
20.08.1992 4.129 -6.1 1.259
21.08.1992 4.115 -6.099 1.258
22.08.1992 4.104 -6.097 1.258
23.08.1992 4.095 -6.094 1.257
24.08.1992 4.086 -6.093 1.256
25.08.1992 4.077 -6.091 1.255
26.08.1992 4.063 -6.09 1.254
27.08.1992 4.052 -6.088 1.253
28.08.1992 4.04 -6.085 1.252
29.08.1992 4.026 -6.083 1.251
30.08.1992 4.017 -6.08 1.249
31.08.1992 4.01 -6.078 1.249
01.09.1992 4.003 -6.075 1.248
02.09.1992 3.995 -6.073 1.247
03.09.1992 3.987 -6.072 1.246
04.09.1992 3.977 -6.069 1.244
05.09.1992 3.966 -6.067 1.243
06.09.1992 3.956 -6.065 1.242
07.09.1992 3.947 -6.062 1.24
08.09.1992 3.937 -6.06 1.239
09.09.1992 3.931 -6.057 1.238
10.09.1992 3.92 -6.055 1.237
11.09.1992 3.906 -6.054 1.236
12.09.1992 3.899 -6.052 1.235
13.09.1992 3.891 -6.051 1.234
14.09.1992 3.879 -6.049 1.233
15.09.1992 3.87 -6.047 1.232
16.09.1992 3.856 -6.046 1.231
17.09.1992 3.841 -6.044 1.23
18.09.1992 3.828 -6.041 1.229
19.09.1992 3.819 -6.04 1.228
20.09.1992 3.813 -6.039 1.227
21.09.1992 3.799 -6.037 1.226
22.09.1992 3.787 -6.034 1.225
23.09.1992 3.779 -6.032 1.223
24.09.1992 3.767 -6.029 1.223
25.09.1992 3.759 -6.027 1.222
26.09.1992 3.753 -6.024 1.221
27.09.1992 3.748 -6.022 1.22
28.09.1992 3.739 -6.019 1.219
29.09.1992 3.733 -6.017 1.218
30.09.1992 3.718 -6.015 1.217
01.10.1992 3.707 -6.012 1.216
02.10.1992 3.697 -6.011 1.215
03.10.1992 3.688 -6.009 1.214
04.10.1992 3.673 -6.007 1.212
05.10.1992 3.659 -6.005 1.212
06.10.1992 3.648 -6.002 1.211
07.10.1992 3.637 -6.001 1.21
08.10.1992 3.628 -5.999 1.209
09.10.1992 3.621 -5.998 1.207
10.10.1992 3.612 -5.996 1.206
11.10.1992 3.598 -5.995 1.205
12.10.1992 3.583 -5.994 1.204
13.10.1992 3.575 -5.992 1.203
14.10.1992 3.569 -5.989 1.202
15.10.1992 3.561 -5.988 1.2
16.10.1992 3.548 -5.985 1.199
17.10.1992 3.537 -5.983 1.198
18.10.1992 3.528 -5.981 1.197
19.10.1992 3.522 -5.978 1.195
20.10.1992 3.508 -5.976 1.194
21.10.1992 3.495 -5.973 1.193
22.10.1992 3.483 -5.972 1.192
23.10.1992 3.474 -5.969 1.191
24.10.1992 3.462 -5.968 1.191
25.10.1992 3.448 -5.966 1.19
26.10.1992 3.437 -5.964 1.189
27.10.1992 3.432 -5.962 1.188
28.10.1992 3.418 -5.961 1.187
29.10.1992 3.404 -5.959 1.186
30.10.1992 3.39 -5.957 1.185
31.10.1992 3.378 -5.954 1.184
01.11.1992 3.369 -5.952 1.183
02.11.1992 3.363 -5.95 1.182
03.11.1992 3.356 -5.947 1.181
04.11.1992 3.35 -5.946 1.18
05.11.1992 3.344 -5.944 1.178
06.11.1992 3.335 -5.943 1.177
07.11.1992 3.329 -5.941 1.176
08.11.1992 3.318 -5.939 1.175
09.11.1992 3.31 -5.937 1.175
10.11.1992 3.301 -5.935 1.173
11.11.1992 3.295 -5.934 1.172
12.11.1992 3.283 -5.933 1.171
13.11.1992 3.268 -5.931 1.17
14.11.1992 3.262 -5.929 1.169
15.11.1992 3.249 -5.926 1.168
16.11.1992 3.244 -5.925 1.167
17.11.1992 3.233 -5.922 1.166
18.11.1992 3.218 -5.92 1.165
19.11.1992 3.213 -5.918 1.164
20.11.1992 3.202 -5.917 1.163
21.11.1992 3.196 -5.915 1.162
22.11.1992 3.182 -5.914 1.162
23.11.1992 3.168 -5.911 1.161
24.11.1992 3.155 -5.909 1.16
25.11.1992 3.141 -5.907 1.159
26.11.1992 3.133 -5.905 1.158
27.11.1992 3.125 -5.903 1.157
28.11.1992 3.117 -5.901 1.156
29.11.1992 3.11 -5.899 1.155
30.11.1992 3.096 -5.897 1.155
01.12.1992 3.09 -5.895 1.154
02.12.1992 3.084 -5.893 1.153
03.12.1992 3.075 -5.892 1.153
04.12.1992 3.062 -5.89 1.152
05.12.1992 3.053 -5.888 1.152
06.12.1992 3.042 -5.886 1.151
07.12.1992 3.037 -5.884 1.15
08.12.1992 3.028 -5.881 1.149
09.12.1992 3.015 -5.88 1.148
10.12.1992 3.003 -5.879 1.147
11.12.1992 2.993 -5.877 1.146
12.12.1992 2.985 -5.875 1.145
13.12.1992 2.973 -5.873 1.144
14.12.1992 2.962 -5.872 1.143
15.12.1992 2.954 -5.869 1.141
16.12.1992 2.945 -5.867 1.14
17.12.1992 2.939 -5.866 1.139
18.12.1992 2.933 -5.865 1.138
19.12.1992 2.924 -5.863 1.137
20.12.1992 2.909 -5.861 1.136
21.12.1992 2.902 -5.859 1.135
22.12.1992 2.893 -5.856 1.135
23.12.1992 2.886 -5.854 1.134
24.12.1992 2.877 -5.853 1.133
25.12.1992 2.867 -5.851 1.133
26.12.1992 2.859 -5.85 1.132
27.12.1992 2.849 -5.848 1.131
28.12.1992 2.844 -5.846 1.13
29.12.1992 2.835 -5.845 1.129
30.12.1992 2.822 -5.844 1.129
31.12.1992 2.813 -5.842 1.128
01.01.1993 2.803 -5.841 1.127
02.01.1993 2.793 -5.839 1.126
03.01.1993 2.788 -5.837 1.125
04.01.1993 2.775 -5.836 1.124
05.01.1993 2.769 -5.835 1.123
06.01.1993 2.755 -5.833 1.122
07.01.1993 2.743 -5.83 1.122
08.01.1993 2.729 -5.828 1.121
09.01.1993 2.72 -5.827 1.12
10.01.1993 2.709 -5.824 1.119
11.01.1993 2.698 -5.822 1.118
12.01.1993 2.686 -5.821 1.116
13.01.1993 2.675 -5.818 1.115
14.01.1993 2.668 -5.816 1.114
15.01.1993 2.661 -5.815 1.112
16.01.1993 2.646 -5.814 1.112
17.01.1993 2.638 -5.811 1.111
18.01.1993 2.624 -5.809 1.11
19.01.1993 2.614 -5.807 1.109
20.01.1993 2.607 -5.805 1.108
21.01.1993 2.601 -5.804 1.108
22.01.1993 2.591 -5.802 1.107
23.01.1993 2.579 -5.8 1.106
24.01.1993 2.572 -5.799 1.105
25.01.1993 2.563 -5.797 1.103
26.01.1993 2.553 -5.795 1.103
27.01.1993 2.545 -5.792 1.101
28.01.1993 2.538 -5.791 1.1
29.01.1993 2.529 -5.789 1.1
30.01.1993 2.515 -5.787 1.098
31.01.1993 2.502 -5.786 1.097
01.02.1993 2.491 -5.784 1.096
02.02.1993 2.483 -5.784 1.095
03.02.1993 2.474 -5.782 1.095
04.02.1993 2.46 -5.78 1.094
05.02.1993 2.454 -5.779 1.093
06.02.1993 2.445 -5.778 1.092
07.02.1993 2.432 -5.776 1.091
08.02.1993 2.419 -5.775 1.09
09.02.1993 2.408 -5.773 1.089
10.02.1993 2.393 -5.772 1.088
11.02.1993 2.385 -5.77 1.087
12.02.1993 2.376 -5.768 1.086
13.02.1993 2.366 -5.766 1.085
14.02.1993 2.353 -5.764 1.084
15.02.1993 2.339 -5.763 1.083
16.02.1993 2.327 -5.762 1.082
17.02.1993 2.318 -5.759 1.08
18.02.1993 2.313 -5.757 1.079
19.02.1993 2.3 -5.755 1.078
20.02.1993 2.295 -5.754 1.077
21.02.1993 2.288 -5.752 1.076
22.02.1993 2.276 -5.751 1.075
23.02.1993 2.262 -5.749 1.075
24.02.1993 2.247 -5.748 1.074
25.02.1993 2.238 -5.746 1.073
26.02.1993 2.227 -5.744 1.072
27.02.1993 2.218 -5.742 1.071
28.02.1993 2.208 -5.74 1.071
01.03.1993 2.2 -5.738 1.069
02.03.1993 2.185 -5.736 1.069
03.03.1993 2.176 -5.734 1.068
04.03.1993 2.168 -5.732 1.067
05.03.1993 2.155 -5.73 1.066
06.03.1993 2.149 -5.729 1.065
07.03.1993 2.143 -5.728 1.064
08.03.1993 2.134 -5.727 1.062
09.03.1993 2.128 -5.724 1.062
10.03.1993 2.12 -5.722 1.061
11.03.1993 2.108 -5.72 1.06
12.03.1993 2.097 -5.718 1.059
13.03.1993 2.09 -5.717 1.058
14.03.1993 2.079 -5.714 1.057
15.03.1993 2.067 -5.713 1.056
16.03.1993 2.06 -5.712 1.055
17.03.1993 2.047 -5.71 1.054
18.03.1993 2.034 -5.708 1.053
19.03.1993 2.025 -5.706 1.053
20.03.1993 2.018 -5.705 1.052
21.03.1993 2.011 -5.704 1.051
22.03.1993 2.0 -5.702 1.05
23.03.1993 1.986 -5.7 1.049
24.03.1993 1.978 -5.698 1.048
25.03.1993 1.972 -5.696 1.047
26.03.1993 1.96 -5.694 1.046
27.03.1993 1.947 -5.693 1.045
28.03.1993 1.938 -5.69 1.045
29.03.1993 1.932 -5.689 1.044
30.03.1993 1.925 -5.687 1.042
31.03.1993 1.917 -5.684 1.041
01.04.1993 1.91 -5.683 1.04
02.04.1993 1.9 -5.681 1.039
03.04.1993 1.885 -5.679 1.039
04.04.1993 1.871 -5.678 1.037
05.04.1993 1.866 -5.676 1.036
06.04.1993 1.857 -5.674 1.036
07.04.1993 1.851 -5.673 1.035
08.04.1993 1.842 -5.671 1.034
09.04.1993 1.835 -5.669 1.032
10.04.1993 1.821 -5.668 1.032
11.04.1993 1.816 -5.667 1.03
12.04.1993 1.811 -5.665 1.029
13.04.1993 1.802 -5.664 1.029
14.04.1993 1.789 -5.662 1.027
15.04.1993 1.782 -5.66 1.026
16.04.1993 1.776 -5.659 1.025
17.04.1993 1.761 -5.657 1.025
18.04.1993 1.748 -5.655 1.024
19.04.1993 1.738 -5.654 1.023
20.04.1993 1.724 -5.652 1.022
21.04.1993 1.717 -5.65 1.021
22.04.1993 1.712 -5.649 1.02
23.04.1993 1.698 -5.648 1.02
24.04.1993 1.692 -5.646 1.019
25.04.1993 1.683 -5.644 1.018
26.04.1993 1.671 -5.642 1.017
27.04.1993 1.658 -5.641 1.016
28.04.1993 1.645 -5.639 1.014
29.04.1993 1.639 -5.638 1.013
30.04.1993 1.632 -5.636 1.012
01.05.1993 1.624 -5.634 1.011
02.05.1993 1.613 -5.633 1.01
03.05.1993 1.599 -5.631 1.009
04.05.1993 1.592 -5.63 1.008
05.05.1993 1.582 -5.628 1.007
06.05.1993 1.575 -5.627 1.006
07.05.1993 1.566 -5.625 1.005
08.05.1993 1.557 -5.624 1.004
09.05.1993 1.547 -5.622 1.003
10.05.1993 1.535 -5.622 1.002
11.05.1993 1.529 -5.62 1.001
12.05.1993 1.522 -5.618 0.999
13.05.1993 1.516 -5.617 0.998
14.05.1993 1.505 -5.615 0.997
15.05.1993 1.494 -5.615 0.996
16.05.1993 1.487 -5.613 0.995
17.05.1993 1.473 -5.612 0.994
18.05.1993 1.467 -5.61 0.994
19.05.1993 1.462 -5.608 0.993
20.05.1993 1.453 -5.606 0.992
21.05.1993 1.443 -5.605 0.991
22.05.1993 1.432 -5.603 0.99
23.05.1993 1.42 -5.602 0.989
24.05.1993 1.414 -5.6 0.988
25.05.1993 1.4 -5.599 0.987
26.05.1993 1.391 -5.597 0.986
27.05.1993 1.385 -5.595 0.985
28.05.1993 1.378 -5.593 0.984
29.05.1993 1.367 -5.591 0.983
30.05.1993 1.355 -5.589 0.982
31.05.1993 1.341 -5.588 0.981
01.06.1993 1.332 -5.586 0.98
02.06.1993 1.321 -5.584 0.979
03.06.1993 1.315 -5.583 0.978
04.06.1993 1.304 -5.581 0.977
05.06.1993 1.294 -5.58 0.976
06.06.1993 1.288 -5.578 0.975
07.06.1993 1.274 -5.577 0.975
08.06.1993 1.259 -5.575 0.973
09.06.1993 1.253 -5.574 0.972
10.06.1993 1.241 -5.572 0.97
11.06.1993 1.227 -5.57 0.97
12.06.1993 1.222 -5.568 0.969
13.06.1993 1.216 -5.566 0.968
14.06.1993 1.202 -5.565 0.967
15.06.1993 1.192 -5.563 0.966
16.06.1993 1.186 -5.562 0.965
17.06.1993 1.178 -5.561 0.963
18.06.1993 1.165 -5.56 0.963
19.06.1993 1.152 -5.559 0.962
20.06.1993 1.139 -5.557 0.961
21.06.1993 1.126 -5.556 0.96
22.06.1993 1.114 -5.554 0.959
23.06.1993 1.108 -5.552 0.958
24.06.1993 1.095 -5.55 0.957
25.06.1993 1.087 -5.548 0.956
26.06.1993 1.08 -5.546 0.955
27.06.1993 1.071 -5.544 0.954
28.06.1993 1.059 -5.542 0.953
29.06.1993 1.044 -5.541 0.952
30.06.1993 1.033 -5.539 0.951
01.07.1993 1.02 -5.537 0.95
02.07.1993 1.014 -5.535 0.948
03.07.1993 1.008 -5.533 0.947
04.07.1993 0.998 -5.532 0.946
05.07.1993 0.988 -5.531 0.945
06.07.1993 0.978 -5.529 0.944
07.07.1993 0.966 -5.528 0.943
08.07.1993 0.957 -5.526 0.942
09.07.1993 0.947 -5.525 0.941
10.07.1993 0.937 -5.524 0.939
11.07.1993 0.923 -5.522 0.938
12.07.1993 0.917 -5.521 0.937
13.07.1993 0.91 -5.519 0.937
14.07.1993 0.9 -5.518 0.935
15.07.1993 0.895 -5.517 0.935
16.07.1993 0.887 -5.515 0.934
17.07.1993 0.877 -5.514 0.933
18.07.1993 0.869 -5.513 0.932
19.07.1993 0.864 -5.511 0.931
20.07.1993 0.85 -5.509 0.93
21.07.1993 0.839 -5.508 0.929
22.07.1993 0.83 -5.506 0.928
23.07.1993 0.818 -5.505 0.927
24.07.1993 0.807 -5.503 0.926
25.07.1993 0.797 -5.502 0.925
26.07.1993 0.782 -5.501 0.924
27.07.1993 0.774 -5.5 0.924
28.07.1993 0.766 -5.499 0.923
29.07.1993 0.757 -5.498 0.922
30.07.1993 0.743 -5.497 0.922
31.07.1993 0.734 -5.495 0.921
01.08.1993 0.723 -5.493 0.92
02.08.1993 0.713 -5.492 0.919
03.08.1993 0.698 -5.491 0.918
04.08.1993 0.692 -5.49 0.917
05.08.1993 0.682 -5.488 0.916
06.08.1993 0.674 -5.486 0.914
07.08.1993 0.665 -5.484 0.913
08.08.1993 0.651 -5.483 0.912
09.08.1993 0.637 -5.481 0.911
10.08.1993 0.628 -5.479 0.91
11.08.1993 0.616 -5.478 0.908
12.08.1993 0.604 -5.477 0.907
13.08.1993 0.598 -5.475 0.906
14.08.1993 0.587 -5.473 0.905
15.08.1993 0.575 -5.471 0.904
16.08.1993 0.561 -5.469 0.903
17.08.1993 0.553 -5.468 0.902
18.08.1993 0.544 -5.467 0.901
19.08.1993 0.53 -5.465 0.9
20.08.1993 0.518 -5.464 0.899
21.08.1993 0.506 -5.462 0.898
22.08.1993 0.493 -5.461 0.897
23.08.1993 0.485 -5.459 0.896
24.08.1993 0.476 -5.457 0.895
25.08.1993 0.471 -5.455 0.894
26.08.1993 0.463 -5.453 0.893
27.08.1993 0.449 -5.452 0.892
28.08.1993 0.434 -5.451 0.891
29.08.1993 0.42 -5.449 0.889
30.08.1993 0.405 -5.448 0.888
31.08.1993 0.394 -5.446 0.888
01.09.1993 0.384 -5.443 0.887
02.09.1993 0.379 -5.442 0.886
03.09.1993 0.371 -5.441 0.885
04.09.1993 0.357 -5.439 0.884
05.09.1993 0.345 -5.437 0.883
06.09.1993 0.333 -5.436 0.882
07.09.1993 0.328 -5.434 0.881
08.09.1993 0.318 -5.432 0.879
09.09.1993 0.306 -5.431 0.878
10.09.1993 0.3 -5.429 0.878
11.09.1993 0.292 -5.428 0.876
12.09.1993 0.278 -5.426 0.875
13.09.1993 0.266 -5.425 0.874
14.09.1993 0.253 -5.424 0.873
15.09.1993 0.247 -5.423 0.872
16.09.1993 0.233 -5.421 0.871
17.09.1993 0.218 -5.419 0.869
18.09.1993 0.207 -5.417 0.868
19.09.1993 0.194 -5.415 0.867
20.09.1993 0.186 -5.414 0.866
21.09.1993 0.179 -5.412 0.865
22.09.1993 0.17 -5.411 0.864
23.09.1993 0.159 -5.408 0.863
24.09.1993 0.152 -5.406 0.862
25.09.1993 0.145 -5.405 0.861
26.09.1993 0.132 -5.403 0.859
27.09.1993 0.123 -5.401 0.858
28.09.1993 0.116 -5.4 0.857
29.09.1993 0.111 -5.398 0.856
30.09.1993 0.096 -5.397 0.855
01.10.1993 0.09 -5.395 0.854
02.10.1993 0.08 -5.393 0.853
03.10.1993 0.069 -5.391 0.851
04.10.1993 0.058 -5.389 0.85
05.10.1993 0.049 -5.388 0.849
06.10.1993 0.04 -5.387 0.848
07.10.1993 0.027 -5.385 0.847
08.10.1993 0.014 -5.384 0.847
09.10.1993 0.002 -5.382 0.845
