18.09.1985 5.629 -6.414 1.378
19.09.1985 5.619 -6.401 1.377
20.09.1985 5.609 -6.392 1.376
21.09.1985 5.599 -6.386 1.375
22.09.1985 5.592 -6.38 1.374
23.09.1985 5.578 -6.373 1.373
24.09.1985 5.573 -6.366 1.372
25.09.1985 5.562 -6.36 1.371
26.09.1985 5.555 -6.354 1.37
27.09.1985 5.54 -6.352 1.369
28.09.1985 5.532 -6.344 1.368
29.09.1985 5.524 -6.34 1.367
30.09.1985 5.515 -6.334 1.366
01.10.1985 5.5 -6.328 1.365
02.10.1985 5.488 -6.325 1.364
03.10.1985 5.473 -6.32 1.363
04.10.1985 5.464 -6.318 1.362
05.10.1985 5.453 -6.312 1.361
06.10.1985 5.448 -6.308 1.36
07.10.1985 5.437 -6.305 1.358
08.10.1985 5.429 -6.301 1.357
09.10.1985 5.418 -6.296 1.356
10.10.1985 5.412 -6.292 1.355
11.10.1985 5.404 -6.286 1.354
12.10.1985 5.395 -6.281 1.353
13.10.1985 5.386 -6.277 1.352
14.10.1985 5.371 -6.274 1.351
15.10.1985 5.357 -6.272 1.349
16.10.1985 5.343 -6.269 1.349
17.10.1985 5.33 -6.267 1.347
18.10.1985 5.322 -6.263 1.346
19.10.1985 5.308 -6.26 1.345
20.10.1985 5.299 -6.255 1.344
21.10.1985 5.292 -6.251 1.343
22.10.1985 5.284 -6.249 1.343
23.10.1985 5.274 -6.247 1.342
24.10.1985 5.268 -6.245 1.341
25.10.1985 5.259 -6.241 1.341
26.10.1985 5.25 -6.237 1.339
27.10.1985 5.235 -6.235 1.338
28.10.1985 5.223 -6.232 1.337
29.10.1985 5.217 -6.227 1.336
30.10.1985 5.212 -6.223 1.335
31.10.1985 5.205 -6.219 1.334
01.11.1985 5.194 -6.215 1.333
02.11.1985 5.185 -6.212 1.331
03.11.1985 5.175 -6.21 1.33
04.11.1985 5.167 -6.206 1.329
05.11.1985 5.162 -6.204 1.328
06.11.1985 5.156 -6.202 1.327
07.11.1985 5.147 -6.197 1.325
08.11.1985 5.14 -6.193 1.325
09.11.1985 5.131 -6.19 1.323
10.11.1985 5.118 -6.186 1.322
11.11.1985 5.11 -6.183 1.321
12.11.1985 5.102 -6.18 1.32
13.11.1985 5.089 -6.178 1.319
14.11.1985 5.079 -6.175 1.318
15.11.1985 5.068 -6.173 1.317
16.11.1985 5.053 -6.17 1.316
17.11.1985 5.045 -6.168 1.315
18.11.1985 5.038 -6.164 1.314
19.11.1985 5.024 -6.16 1.313
20.11.1985 5.011 -6.157 1.312
21.11.1985 4.997 -6.153 1.311
22.11.1985 4.989 -6.151 1.31
23.11.1985 4.977 -6.148 1.308
24.11.1985 4.968 -6.146 1.307
25.11.1985 4.96 -6.142 1.306
26.11.1985 4.952 -6.138 1.305
27.11.1985 4.94 -6.136 1.304
28.11.1985 4.933 -6.132 1.304
29.11.1985 4.924 -6.128 1.303
30.11.1985 4.914 -6.125 1.301
01.12.1985 4.899 -6.123 1.3
02.12.1985 4.885 -6.122 1.299
03.12.1985 4.873 -6.118 1.298
04.12.1985 4.859 -6.116 1.297
05.12.1985 4.847 -6.114 1.295
06.12.1985 4.833 -6.112 1.295
07.12.1985 4.825 -6.111 1.293
08.12.1985 4.81 -6.108 1.293
09.12.1985 4.802 -6.106 1.292
10.12.1985 4.79 -6.102 1.291
11.12.1985 4.783 -6.1 1.29
12.12.1985 4.769 -6.098 1.289
13.12.1985 4.762 -6.095 1.287
14.12.1985 4.753 -6.093 1.287
15.12.1985 4.743 -6.09 1.286
16.12.1985 4.731 -6.087 1.285
17.12.1985 4.723 -6.083 1.284
18.12.1985 4.709 -6.08 1.283
19.12.1985 4.698 -6.078 1.283
20.12.1985 4.693 -6.076 1.281
21.12.1985 4.687 -6.073 1.28
22.12.1985 4.674 -6.071 1.279
23.12.1985 4.663 -6.069 1.278
24.12.1985 4.654 -6.067 1.277
25.12.1985 4.646 -6.064 1.276
26.12.1985 4.633 -6.061 1.275
27.12.1985 4.621 -6.057 1.274
28.12.1985 4.607 -6.054 1.273
29.12.1985 4.601 -6.052 1.272
30.12.1985 4.592 -6.049 1.271
31.12.1985 4.579 -6.046 1.27
01.01.1986 4.564 -6.042 1.27
02.01.1986 4.559 -6.04 1.268
03.01.1986 4.551 -6.038 1.267
04.01.1986 4.538 -6.035 1.266
05.01.1986 4.528 -6.033 1.265
06.01.1986 4.514 -6.032 1.264
07.01.1986 4.502 -6.029 1.263
08.01.1986 4.49 -6.028 1.263
09.01.1986 4.481 -6.025 1.262
10.01.1986 4.466 -6.023 1.261
11.01.1986 4.455 -6.021 1.26
12.01.1986 4.446 -6.019 1.259
13.01.1986 4.433 -6.018 1.258
14.01.1986 4.426 -6.015 1.257
15.01.1986 4.412 -6.013 1.256
16.01.1986 4.405 -6.012 1.255
17.01.1986 4.394 -6.01 1.254
18.01.1986 4.388 -6.006 1.253
19.01.1986 4.382 -6.003 1.253
20.01.1986 4.368 -6.002 1.252
21.01.1986 4.358 -5.999 1.251
22.01.1986 4.352 -5.997 1.25
23.01.1986 4.347 -5.994 1.249
24.01.1986 4.339 -5.993 1.248
25.01.1986 4.329 -5.989 1.247
26.01.1986 4.318 -5.986 1.246
27.01.1986 4.311 -5.983 1.245
28.01.1986 4.301 -5.981 1.244
29.01.1986 4.291 -5.979 1.243
30.01.1986 4.278 -5.976 1.242
31.01.1986 4.265 -5.974 1.24
01.02.1986 4.253 -5.972 1.239
02.02.1986 4.242 -5.969 1.239
03.02.1986 4.236 -5.965 1.237
04.02.1986 4.229 -5.963 1.237
05.02.1986 4.216 -5.962 1.236
06.02.1986 4.21 -5.96 1.235
07.02.1986 4.199 -5.958 1.233
08.02.1986 4.188 -5.956 1.232
09.02.1986 4.174 -5.953 1.231
10.02.1986 4.16 -5.952 1.23
11.02.1986 4.15 -5.949 1.229
12.02.1986 4.139 -5.947 1.228
13.02.1986 4.131 -5.945 1.227
14.02.1986 4.12 -5.942 1.226
15.02.1986 4.107 -5.939 1.226
16.02.1986 4.093 -5.937 1.224
17.02.1986 4.078 -5.935 1.224
18.02.1986 4.071 -5.933 1.222
19.02.1986 4.061 -5.93 1.221
20.02.1986 4.051 -5.929 1.22
21.02.1986 4.042 -5.927 1.219
22.02.1986 4.028 -5.925 1.218
23.02.1986 4.016 -5.922 1.217
24.02.1986 4.001 -5.92 1.216
25.02.1986 3.995 -5.918 1.215
26.02.1986 3.989 -5.915 1.214
27.02.1986 3.983 -5.913 1.213
28.02.1986 3.978 -5.911 1.213
01.03.1986 3.968 -5.908 1.212
02.03.1986 3.961 -5.905 1.211
03.03.1986 3.949 -5.904 1.21
04.03.1986 3.944 -5.902 1.209
05.03.1986 3.937 -5.9 1.208
06.03.1986 3.93 -5.898 1.207
07.03.1986 3.923 -5.896 1.206
08.03.1986 3.916 -5.895 1.205
09.03.1986 3.904 -5.892 1.205
10.03.1986 3.892 -5.889 1.203
11.03.1986 3.883 -5.887 1.203
12.03.1986 3.873 -5.884 1.202
13.03.1986 3.865 -5.883 1.202
14.03.1986 3.853 -5.881 1.201
15.03.1986 3.844 -5.879 1.2
16.03.1986 3.836 -5.877 1.198
17.03.1986 3.823 -5.875 1.198
18.03.1986 3.813 -5.872 1.197
19.03.1986 3.8 -5.869 1.196
20.03.1986 3.795 -5.867 1.195
21.03.1986 3.788 -5.864 1.194
22.03.1986 3.774 -5.862 1.193
23.03.1986 3.763 -5.86 1.192
24.03.1986 3.75 -5.858 1.191
25.03.1986 3.741 -5.855 1.191
26.03.1986 3.726 -5.852 1.19
27.03.1986 3.711 -5.851 1.189
28.03.1986 3.698 -5.849 1.188
29.03.1986 3.686 -5.848 1.187
30.03.1986 3.673 -5.846 1.186
31.03.1986 3.667 -5.844 1.185
01.04.1986 3.658 -5.842 1.184
02.04.1986 3.653 -5.839 1.183
03.04.1986 3.646 -5.838 1.182
04.04.1986 3.636 -5.836 1.181
05.04.1986 3.623 -5.834 1.181
06.04.1986 3.612 -5.832 1.179
07.04.1986 3.602 -5.831 1.178
08.04.1986 3.593 -5.83 1.176
09.04.1986 3.582 -5.828 1.176
10.04.1986 3.576 -5.827 1.175
11.04.1986 3.569 -5.824 1.174
12.04.1986 3.556 -5.821 1.173
13.04.1986 3.542 -5.819 1.172
14.04.1986 3.532 -5.818 1.171
15.04.1986 3.523 -5.815 1.17
16.04.1986 3.516 -5.814 1.169
17.04.1986 3.503 -5.813 1.168
18.04.1986 3.49 -5.81 1.167
19.04.1986 3.483 -5.808 1.166
20.04.1986 3.468 -5.806 1.165
21.04.1986 3.459 -5.805 1.164
22.04.1986 3.453 -5.803 1.163
23.04.1986 3.442 -5.801 1.162
24.04.1986 3.435 -5.798 1.161
25.04.1986 3.425 -5.795 1.159
26.04.1986 3.417 -5.793 1.158
27.04.1986 3.406 -5.79 1.156
28.04.1986 3.4 -5.788 1.155
29.04.1986 3.393 -5.787 1.154
30.04.1986 3.383 -5.784 1.153
01.05.1986 3.371 -5.782 1.152
02.05.1986 3.357 -5.779 1.151
03.05.1986 3.346 -5.777 1.15
04.05.1986 3.34 -5.774 1.149
05.05.1986 3.327 -5.772 1.149
06.05.1986 3.315 -5.77 1.147
07.05.1986 3.304 -5.767 1.146
08.05.1986 3.296 -5.765 1.145
09.05.1986 3.291 -5.763 1.144
10.05.1986 3.281 -5.761 1.143
11.05.1986 3.275 -5.758 1.141
12.05.1986 3.261 -5.756 1.141
13.05.1986 3.246 -5.755 1.14
14.05.1986 3.238 -5.753 1.139
15.05.1986 3.232 -5.752 1.137
16.05.1986 3.221 -5.75 1.136
17.05.1986 3.207 -5.749 1.135
18.05.1986 3.202 -5.746 1.134
19.05.1986 3.187 -5.744 1.134
20.05.1986 3.177 -5.743 1.133
21.05.1986 3.165 -5.741 1.132
22.05.1986 3.151 -5.739 1.131
23.05.1986 3.143 -5.736 1.13
24.05.1986 3.138 -5.734 1.129
25.05.1986 3.13 -5.732 1.127
26.05.1986 3.12 -5.73 1.126
27.05.1986 3.11 -5.728 1.125
28.05.1986 3.104 -5.725 1.124
29.05.1986 3.096 -5.724 1.123
30.05.1986 3.09 -5.723 1.123
31.05.1986 3.081 -5.721 1.122
01.06.1986 3.069 -5.719 1.121
02.06.1986 3.057 -5.716 1.119
03.06.1986 3.044 -5.714 1.119
04.06.1986 3.035 -5.712 1.118
05.06.1986 3.029 -5.71 1.116
06.06.1986 3.023 -5.708 1.115
07.06.1986 3.016 -5.707 1.114
08.06.1986 3.004 -5.704 1.113
09.06.1986 2.989 -5.703 1.112
10.06.1986 2.983 -5.702 1.111
11.06.1986 2.976 -5.7 1.111
12.06.1986 2.965 -5.698 1.109
13.06.1986 2.954 -5.697 1.109
14.06.1986 2.939 -5.695 1.108
15.06.1986 2.929 -5.692 1.107
16.06.1986 2.919 -5.69 1.106
17.06.1986 2.905 -5.689 1.105
18.06.1986 2.893 -5.688 1.104
19.06.1986 2.881 -5.685 1.103
20.06.1986 2.876 -5.684 1.102
21.06.1986 2.868 -5.682 1.101
22.06.1986 2.862 -5.681 1.101
23.06.1986 2.85 -5.679 1.1
24.06.1986 2.841 -5.677 1.098
25.06.1986 2.834 -5.676 1.098
26.06.1986 2.827 -5.674 1.097
27.06.1986 2.813 -5.673 1.096
28.06.1986 2.806 -5.671 1.095
29.06.1986 2.795 -5.668 1.093
30.06.1986 2.784 -5.665 1.092
01.07.1986 2.777 -5.664 1.092
02.07.1986 2.764 -5.661 1.091
03.07.1986 2.751 -5.66 1.09
04.07.1986 2.739 -5.658 1.089
05.07.1986 2.73 -5.657 1.088
06.07.1986 2.722 -5.655 1.087
07.07.1986 2.709 -5.654 1.086
08.07.1986 2.697 -5.651 1.085
09.07.1986 2.691 -5.649 1.084
10.07.1986 2.684 -5.648 1.083
11.07.1986 2.671 -5.647 1.082
12.07.1986 2.657 -5.645 1.081
13.07.1986 2.649 -5.643 1.08
14.07.1986 2.637 -5.64 1.078
15.07.1986 2.631 -5.639 1.077
16.07.1986 2.617 -5.638 1.076
17.07.1986 2.61 -5.635 1.075
18.07.1986 2.6 -5.634 1.074
19.07.1986 2.589 -5.632 1.073
20.07.1986 2.576 -5.63 1.071
21.07.1986 2.565 -5.629 1.07
22.07.1986 2.554 -5.627 1.069
23.07.1986 2.548 -5.625 1.068
24.07.1986 2.542 -5.624 1.066
25.07.1986 2.534 -5.622 1.066
26.07.1986 2.523 -5.621 1.064
27.07.1986 2.509 -5.619 1.063
28.07.1986 2.496 -5.618 1.062
29.07.1986 2.484 -5.616 1.062
30.07.1986 2.477 -5.614 1.06
31.07.1986 2.469 -5.613 1.059
01.08.1986 2.463 -5.611 1.059
02.08.1986 2.452 -5.609 1.058
03.08.1986 2.445 -5.607 1.057
04.08.1986 2.436 -5.605 1.056
05.08.1986 2.428 -5.603 1.055
06.08.1986 2.42 -5.602 1.054
07.08.1986 2.408 -5.6 1.053
08.08.1986 2.399 -5.599 1.052
09.08.1986 2.386 -5.596 1.052
10.08.1986 2.377 -5.594 1.051
11.08.1986 2.368 -5.591 1.05
12.08.1986 2.356 -5.589 1.049
13.08.1986 2.343 -5.588 1.048
14.08.1986 2.328 -5.587 1.047
15.08.1986 2.318 -5.585 1.046
16.08.1986 2.304 -5.584 1.045
17.08.1986 2.292 -5.582 1.044
18.08.1986 2.285 -5.581 1.044
19.08.1986 2.275 -5.58 1.043
20.08.1986 2.267 -5.578 1.042
21.08.1986 2.255 -5.576 1.04
22.08.1986 2.243 -5.574 1.039
23.08.1986 2.233 -5.572 1.039
24.08.1986 2.225 -5.571 1.038
25.08.1986 2.217 -5.569 1.037
26.08.1986 2.207 -5.567 1.036
27.08.1986 2.2 -5.565 1.035
28.08.1986 2.192 -5.563 1.034
29.08.1986 2.182 -5.561 1.033
30.08.1986 2.174 -5.558 1.032
31.08.1986 2.163 -5.557 1.031
01.09.1986 2.155 -5.556 1.03
02.09.1986 2.149 -5.554 1.03
03.09.1986 2.142 -5.552 1.029
04.09.1986 2.13 -5.55 1.028
05.09.1986 2.124 -5.549 1.027
06.09.1986 2.119 -5.547 1.026
07.09.1986 2.107 -5.545 1.025
08.09.1986 2.1 -5.542 1.024
09.09.1986 2.092 -5.54 1.024
10.09.1986 2.083 -5.539 1.022
11.09.1986 2.074 -5.537 1.022
12.09.1986 2.066 -5.535 1.021
13.09.1986 2.059 -5.535 1.02
14.09.1986 2.048 -5.532 1.019
15.09.1986 2.034 -5.53 1.018
16.09.1986 2.022 -5.529 1.017
17.09.1986 2.015 -5.528 1.016
18.09.1986 2.001 -5.527 1.015
19.09.1986 1.995 -5.525 1.014
20.09.1986 1.988 -5.523 1.013
21.09.1986 1.98 -5.522 1.012
22.09.1986 1.968 -5.521 1.011
23.09.1986 1.953 -5.519 1.011
24.09.1986 1.945 -5.517 1.009
25.09.1986 1.935 -5.516 1.008
26.09.1986 1.923 -5.514 1.008
27.09.1986 1.909 -5.512 1.007
28.09.1986 1.902 -5.51 1.006
29.09.1986 1.89 -5.508 1.005
30.09.1986 1.88 -5.507 1.003
01.10.1986 1.867 -5.505 1.003
02.10.1986 1.855 -5.503 1.002
03.10.1986 1.843 -5.501 1.001
04.10.1986 1.837 -5.499 1.0
05.10.1986 1.824 -5.496 0.999
06.10.1986 1.809 -5.495 0.998
07.10.1986 1.799 -5.494 0.997
08.10.1986 1.785 -5.493 0.996
09.10.1986 1.773 -5.491 0.995
10.10.1986 1.766 -5.489 0.994
11.10.1986 1.752 -5.486 0.993
12.10.1986 1.739 -5.485 0.992
13.10.1986 1.729 -5.483 0.991
14.10.1986 1.72 -5.482 0.99
15.10.1986 1.711 -5.481 0.989
16.10.1986 1.699 -5.48 0.988
17.10.1986 1.693 -5.478 0.986
18.10.1986 1.684 -5.477 0.985
19.10.1986 1.678 -5.476 0.984
20.10.1986 1.667 -5.474 0.983
21.10.1986 1.656 -5.472 0.982
22.10.1986 1.642 -5.47 0.981
23.10.1986 1.635 -5.468 0.979
24.10.1986 1.623 -5.467 0.978
25.10.1986 1.613 -5.465 0.977
26.10.1986 1.599 -5.463 0.977
27.10.1986 1.59 -5.462 0.975
28.10.1986 1.584 -5.459 0.975
29.10.1986 1.578 -5.457 0.973
30.10.1986 1.567 -5.456 0.972
31.10.1986 1.556 -5.453 0.97
01.11.1986 1.55 -5.453 0.969
02.11.1986 1.536 -5.451 0.968
03.11.1986 1.531 -5.45 0.968
04.11.1986 1.519 -5.448 0.967
05.11.1986 1.51 -5.446 0.965
06.11.1986 1.496 -5.445 0.964
07.11.1986 1.486 -5.443 0.963
08.11.1986 1.478 -5.442 0.962
09.11.1986 1.466 -5.44 0.961
10.11.1986 1.461 -5.438 0.96
11.11.1986 1.447 -5.436 0.959
12.11.1986 1.432 -5.435 0.958
13.11.1986 1.42 -5.434 0.957
14.11.1986 1.414 -5.433 0.956
15.11.1986 1.402 -5.432 0.956
16.11.1986 1.392 -5.43 0.955
17.11.1986 1.387 -5.428 0.954
18.11.1986 1.375 -5.427 0.953
19.11.1986 1.367 -5.426 0.953
20.11.1986 1.361 -5.425 0.952
21.11.1986 1.35 -5.424 0.95
22.11.1986 1.34 -5.422 0.95
23.11.1986 1.332 -5.421 0.948
24.11.1986 1.319 -5.419 0.947
25.11.1986 1.306 -5.416 0.946
26.11.1986 1.293 -5.414 0.945
27.11.1986 1.281 -5.413 0.944
28.11.1986 1.271 -5.411 0.943
29.11.1986 1.265 -5.41 0.942
30.11.1986 1.259 -5.408 0.941
01.12.1986 1.25 -5.407 0.941
02.12.1986 1.238 -5.406 0.94
03.12.1986 1.227 -5.404 0.939
04.12.1986 1.215 -5.401 0.938
05.12.1986 1.206 -5.4 0.937
06.12.1986 1.2 -5.399 0.936
07.12.1986 1.187 -5.397 0.936
08.12.1986 1.177 -5.395 0.935
09.12.1986 1.167 -5.393 0.934
10.12.1986 1.154 -5.392 0.933
11.12.1986 1.14 -5.391 0.932
12.12.1986 1.133 -5.388 0.931
13.12.1986 1.124 -5.386 0.931
14.12.1986 1.117 -5.385 0.93
15.12.1986 1.102 -5.383 0.929
16.12.1986 1.088 -5.38 0.927
17.12.1986 1.078 -5.378 0.927
18.12.1986 1.066 -5.377 0.926
19.12.1986 1.053 -5.374 0.924
20.12.1986 1.044 -5.373 0.923
21.12.1986 1.036 -5.372 0.922
22.12.1986 1.025 -5.37 0.921
23.12.1986 1.019 -5.369 0.919
24.12.1986 1.007 -5.368 0.919
25.12.1986 1.0 -5.365 0.917
26.12.1986 0.992 -5.364 0.916
27.12.1986 0.987 -5.363 0.915
28.12.1986 0.974 -5.362 0.914
29.12.1986 0.961 -5.36 0.913
30.12.1986 0.953 -5.359 0.912
31.12.1986 0.94 -5.358 0.91
01.01.1987 0.935 -5.356 0.91
02.01.1987 0.926 -5.356 0.908
03.01.1987 0.918 -5.354 0.908
04.01.1987 0.912 -5.352 0.907
05.01.1987 0.905 -5.35 0.906
06.01.1987 0.896 -5.349 0.905
07.01.1987 0.888 -5.347 0.904
08.01.1987 0.881 -5.345 0.903
09.01.1987 0.869 -5.344 0.902
10.01.1987 0.86 -5.342 0.901
11.01.1987 0.85 -5.341 0.9
12.01.1987 0.844 -5.34 0.9
13.01.1987 0.837 -5.339 0.898
14.01.1987 0.826 -5.338 0.897
15.01.1987 0.817 -5.337 0.896
16.01.1987 0.803 -5.335 0.894
17.01.1987 0.789 -5.334 0.893
18.01.1987 0.776 -5.332 0.892
19.01.1987 0.762 -5.33 0.891
20.01.1987 0.749 -5.329 0.89
21.01.1987 0.739 -5.327 0.889
22.01.1987 0.729 -5.326 0.889
23.01.1987 0.718 -5.325 0.888
24.01.1987 0.706 -5.323 0.887
25.01.1987 0.695 -5.322 0.886
26.01.1987 0.682 -5.321 0.885
27.01.1987 0.67 -5.319 0.885
28.01.1987 0.659 -5.317 0.884
29.01.1987 0.648 -5.315 0.883
30.01.1987 0.634 -5.314 0.882
31.01.1987 0.629 -5.312 0.881
01.02.1987 0.622 -5.311 0.88
02.02.1987 0.608 -5.311 0.879
03.02.1987 0.595 -5.309 0.878
04.02.1987 0.583 -5.307 0.877
05.02.1987 0.569 -5.306 0.876
06.02.1987 0.564 -5.304 0.875
07.02.1987 0.558 -5.302 0.874
08.02.1987 0.544 -5.301 0.874
09.02.1987 0.535 -5.3 0.873
10.02.1987 0.527 -5.298 0.872
11.02.1987 0.519 -5.297 0.871
12.02.1987 0.511 -5.296 0.87
13.02.1987 0.505 -5.294 0.869
14.02.1987 0.499 -5.292 0.868
15.02.1987 0.493 -5.29 0.867
16.02.1987 0.485 -5.289 0.865
17.02.1987 0.474 -5.287 0.865
18.02.1987 0.464 -5.286 0.863
19.02.1987 0.453 -5.285 0.862
20.02.1987 0.446 -5.283 0.861
21.02.1987 0.434 -5.281 0.86
22.02.1987 0.423 -5.28 0.859
23.02.1987 0.412 -5.279 0.859
24.02.1987 0.402 -5.277 0.858
25.02.1987 0.393 -5.275 0.857
26.02.1987 0.385 -5.274 0.856
27.02.1987 0.372 -5.272 0.855
28.02.1987 0.366 -5.271 0.854
01.03.1987 0.353 -5.269 0.853
02.03.1987 0.341 -5.268 0.851
03.03.1987 0.332 -5.267 0.85
04.03.1987 0.317 -5.265 0.849
05.03.1987 0.306 -5.263 0.848
06.03.1987 0.301 -5.261 0.847
07.03.1987 0.286 -5.26 0.846
08.03.1987 0.281 -5.258 0.845
09.03.1987 0.273 -5.256 0.844
10.03.1987 0.264 -5.255 0.842
11.03.1987 0.253 -5.254 0.841
12.03.1987 0.24 -5.253 0.841
13.03.1987 0.231 -5.251 0.84
14.03.1987 0.223 -5.25 0.838
15.03.1987 0.208 -5.248 0.837
16.03.1987 0.198 -5.246 0.836
17.03.1987 0.186 -5.244 0.836
18.03.1987 0.181 -5.243 0.835
19.03.1987 0.171 -5.241 0.834
20.03.1987 0.159 -5.239 0.832
21.03.1987 0.151 -5.238 0.831
22.03.1987 0.145 -5.236 0.83
23.03.1987 0.137 -5.234 0.829
24.03.1987 0.129 -5.232 0.828
25.03.1987 0.123 -5.23 0.827
26.03.1987 0.117 -5.229 0.826
27.03.1987 0.102 -5.227 0.825
28.03.1987 0.09 -5.226 0.824
29.03.1987 0.077 -5.224 0.823
30.03.1987 0.068 -5.221 0.822
31.03.1987 0.054 -5.22 0.821
01.04.1987 0.042 -5.219 0.82
02.04.1987 0.031 -5.217 0.819
03.04.1987 0.02 -5.214 0.818
04.04.1987 0.005 -5.213 0.817
