02.10.1989 5.832 -7.09 1.474
03.10.1989 5.826 -7.084 1.473
04.10.1989 5.82 -7.075 1.472
05.10.1989 5.811 -7.068 1.471
06.10.1989 5.8 -7.059 1.47
07.10.1989 5.789 -7.056 1.469
08.10.1989 5.78 -7.048 1.468
09.10.1989 5.772 -7.04 1.468
10.10.1989 5.764 -7.033 1.467
11.10.1989 5.757 -7.027 1.466
12.10.1989 5.752 -7.02 1.464
13.10.1989 5.746 -7.016 1.463
14.10.1989 5.735 -7.01 1.463
15.10.1989 5.725 -7.005 1.461
16.10.1989 5.711 -7.002 1.46
17.10.1989 5.703 -6.996 1.459
18.10.1989 5.691 -6.991 1.458
19.10.1989 5.683 -6.988 1.457
20.10.1989 5.672 -6.983 1.457
21.10.1989 5.659 -6.978 1.456
22.10.1989 5.654 -6.974 1.455
23.10.1989 5.648 -6.969 1.453
24.10.1989 5.634 -6.963 1.453
25.10.1989 5.623 -6.961 1.452
26.10.1989 5.611 -6.956 1.451
27.10.1989 5.599 -6.951 1.451
28.10.1989 5.59 -6.947 1.45
29.10.1989 5.583 -6.942 1.449
30.10.1989 5.571 -6.937 1.448
31.10.1989 5.557 -6.933 1.447
01.11.1989 5.548 -6.928 1.446
02.11.1989 5.535 -6.923 1.446
03.11.1989 5.526 -6.92 1.444
04.11.1989 5.518 -6.915 1.443
05.11.1989 5.505 -6.914 1.442
06.11.1989 5.492 -6.911 1.442
07.11.1989 5.486 -6.907 1.44
08.11.1989 5.478 -6.903 1.44
09.11.1989 5.469 -6.901 1.439
10.11.1989 5.462 -6.897 1.437
11.11.1989 5.454 -6.893 1.436
12.11.1989 5.447 -6.889 1.434
13.11.1989 5.441 -6.888 1.433
14.11.1989 5.431 -6.885 1.432
15.11.1989 5.419 -6.88 1.431
16.11.1989 5.413 -6.877 1.43
17.11.1989 5.402 -6.874 1.429
18.11.1989 5.394 -6.87 1.428
19.11.1989 5.383 -6.867 1.426
20.11.1989 5.372 -6.864 1.425
21.11.1989 5.363 -6.862 1.425
22.11.1989 5.349 -6.859 1.424
23.11.1989 5.336 -6.856 1.423
24.11.1989 5.324 -6.853 1.421
25.11.1989 5.311 -6.851 1.421
26.11.1989 5.306 -6.848 1.42
27.11.1989 5.297 -6.844 1.419
28.11.1989 5.29 -6.841 1.417
29.11.1989 5.281 -6.838 1.416
30.11.1989 5.267 -6.836 1.416
01.12.1989 5.26 -6.831 1.415
02.12.1989 5.25 -6.827 1.414
03.12.1989 5.239 -6.824 1.413
04.12.1989 5.229 -6.821 1.412
05.12.1989 5.219 -6.819 1.411
06.12.1989 5.212 -6.814 1.41
07.12.1989 5.205 -6.812 1.409
08.12.1989 5.191 -6.808 1.408
09.12.1989 5.179 -6.805 1.407
10.12.1989 5.172 -6.803 1.406
11.12.1989 5.163 -6.801 1.405
12.12.1989 5.15 -6.797 1.404
13.12.1989 5.136 -6.795 1.403
14.12.1989 5.129 -6.793 1.402
15.12.1989 5.121 -6.79 1.401
16.12.1989 5.109 -6.786 1.4
17.12.1989 5.095 -6.782 1.398
18.12.1989 5.085 -6.779 1.397
19.12.1989 5.072 -6.775 1.396
20.12.1989 5.06 -6.774 1.395
21.12.1989 5.046 -6.772 1.394
22.12.1989 5.038 -6.769 1.393
23.12.1989 5.032 -6.765 1.391
24.12.1989 5.02 -6.762 1.391
25.12.1989 5.013 -6.76 1.389
26.12.1989 5.003 -6.757 1.388
27.12.1989 4.998 -6.755 1.387
28.12.1989 4.99 -6.753 1.386
29.12.1989 4.979 -6.751 1.384
30.12.1989 4.968 -6.749 1.383
31.12.1989 4.958 -6.747 1.382
01.01.1990 4.953 -6.745 1.382
02.01.1990 4.939 -6.743 1.381
03.01.1990 4.934 -6.739 1.38
04.01.1990 4.92 -6.737 1.379
05.01.1990 4.906 -6.733 1.378
06.01.1990 4.895 -6.731 1.377
07.01.1990 4.889 -6.729 1.376
08.01.1990 4.88 -6.727 1.376
09.01.1990 4.867 -6.725 1.375
10.01.1990 4.852 -6.722 1.374
11.01.1990 4.846 -6.718 1.373
12.01.1990 4.832 -6.716 1.371
13.01.1990 4.823 -6.714 1.37
14.01.1990 4.817 -6.712 1.369
15.01.1990 4.802 -6.708 1.368
16.01.1990 4.792 -6.707 1.367
17.01.1990 4.784 -6.703 1.366
18.01.1990 4.772 -6.701 1.364
19.01.1990 4.765 -6.699 1.364
20.01.1990 4.75 -6.696 1.363
21.01.1990 4.738 -6.694 1.361
22.01.1990 4.724 -6.691 1.361
23.01.1990 4.714 -6.688 1.36
24.01.1990 4.704 -6.685 1.359
25.01.1990 4.694 -6.683 1.358
26.01.1990 4.687 -6.68 1.356
27.01.1990 4.68 -6.678 1.355
28.01.1990 4.674 -6.676 1.354
29.01.1990 4.668 -6.674 1.354
30.01.1990 4.655 -6.671 1.353
31.01.1990 4.65 -6.67 1.352
01.02.1990 4.637 -6.667 1.351
02.02.1990 4.622 -6.665 1.35
03.02.1990 4.616 -6.663 1.349
04.02.1990 4.608 -6.662 1.347
05.02.1990 4.602 -6.659 1.346
06.02.1990 4.596 -6.655 1.345
07.02.1990 4.59 -6.653 1.344
08.02.1990 4.582 -6.651 1.344
09.02.1990 4.575 -6.65 1.343
10.02.1990 4.561 -6.647 1.342
11.02.1990 4.554 -6.644 1.341
12.02.1990 4.545 -6.641 1.34
13.02.1990 4.531 -6.639 1.339
14.02.1990 4.521 -6.637 1.338
15.02.1990 4.512 -6.635 1.337
16.02.1990 4.498 -6.633 1.336
17.02.1990 4.491 -6.632 1.336
18.02.1990 4.482 -6.629 1.335
19.02.1990 4.47 -6.627 1.334
20.02.1990 4.463 -6.625 1.332
21.02.1990 4.45 -6.624 1.331
22.02.1990 4.435 -6.622 1.33
23.02.1990 4.422 -6.62 1.329
24.02.1990 4.413 -6.617 1.328
25.02.1990 4.403 -6.614 1.326
26.02.1990 4.395 -6.613 1.326
27.02.1990 4.382 -6.611 1.325
28.02.1990 4.377 -6.609 1.324
01.03.1990 4.367 -6.607 1.323
02.03.1990 4.359 -6.606 1.322
03.03.1990 4.348 -6.603 1.321
04.03.1990 4.342 -6.601 1.319
05.03.1990 4.332 -6.6 1.318
06.03.1990 4.326 -6.598 1.318
07.03.1990 4.316 -6.596 1.316
08.03.1990 4.305 -6.595 1.316
09.03.1990 4.29 -6.593 1.314
10.03.1990 4.285 -6.59 1.314
11.03.1990 4.278 -6.587 1.312
12.03.1990 4.266 -6.586 1.311
13.03.1990 4.257 -6.583 1.31
14.03.1990 4.249 -6.58 1.31
15.03.1990 4.234 -6.578 1.309
16.03.1990 4.227 -6.576 1.307
17.03.1990 4.221 -6.575 1.306
18.03.1990 4.209 -6.572 1.306
19.03.1990 4.199 -6.57 1.305
20.03.1990 4.194 -6.567 1.304
21.03.1990 4.182 -6.564 1.303
22.03.1990 4.176 -6.561 1.303
23.03.1990 4.168 -6.559 1.302
24.03.1990 4.156 -6.558 1.301
25.03.1990 4.15 -6.556 1.299
26.03.1990 4.14 -6.553 1.298
27.03.1990 4.131 -6.55 1.297
28.03.1990 4.121 -6.547 1.296
29.03.1990 4.112 -6.546 1.295
30.03.1990 4.1 -6.544 1.294
31.03.1990 4.087 -6.541 1.293
01.04.1990 4.077 -6.539 1.292
02.04.1990 4.065 -6.537 1.291
03.04.1990 4.056 -6.535 1.291
04.04.1990 4.048 -6.532 1.29
05.04.1990 4.042 -6.53 1.289
06.04.1990 4.034 -6.527 1.288
07.04.1990 4.025 -6.526 1.288
08.04.1990 4.02 -6.523 1.287
09.04.1990 4.014 -6.52 1.285
10.04.1990 4.003 -6.517 1.284
11.04.1990 3.991 -6.516 1.283
12.04.1990 3.984 -6.514 1.282
13.04.1990 3.978 -6.511 1.281
14.04.1990 3.963 -6.509 1.281
15.04.1990 3.958 -6.507 1.28
16.04.1990 3.943 -6.505 1.279
17.04.1990 3.932 -6.502 1.278
18.04.1990 3.924 -6.5 1.277
19.04.1990 3.916 -6.498 1.275
20.04.1990 3.902 -6.495 1.274
21.04.1990 3.897 -6.493 1.273
22.04.1990 3.883 -6.491 1.272
23.04.1990 3.877 -6.489 1.271
24.04.1990 3.867 -6.487 1.269
25.04.1990 3.853 -6.484 1.269
26.04.1990 3.846 -6.482 1.268
27.04.1990 3.831 -6.48 1.267
28.04.1990 3.824 -6.478 1.267
29.04.1990 3.812 -6.476 1.266
30.04.1990 3.804 -6.475 1.265
01.05.1990 3.792 -6.472 1.264
02.05.1990 3.783 -6.471 1.263
03.05.1990 3.77 -6.469 1.262
04.05.1990 3.762 -6.467 1.261
05.05.1990 3.756 -6.465 1.26
06.05.1990 3.747 -6.464 1.259
07.05.1990 3.736 -6.463 1.258
08.05.1990 3.726 -6.46 1.256
09.05.1990 3.712 -6.458 1.256
10.05.1990 3.698 -6.456 1.255
11.05.1990 3.688 -6.455 1.253
12.05.1990 3.683 -6.453 1.252
13.05.1990 3.676 -6.45 1.251
14.05.1990 3.662 -6.448 1.25
15.05.1990 3.656 -6.446 1.249
16.05.1990 3.641 -6.444 1.248
17.05.1990 3.627 -6.442 1.247
18.05.1990 3.619 -6.439 1.245
19.05.1990 3.606 -6.438 1.244
20.05.1990 3.596 -6.435 1.243
21.05.1990 3.583 -6.434 1.242
22.05.1990 3.571 -6.432 1.241
23.05.1990 3.563 -6.429 1.24
24.05.1990 3.557 -6.428 1.24
25.05.1990 3.547 -6.425 1.238
26.05.1990 3.534 -6.423 1.237
27.05.1990 3.521 -6.42 1.236
28.05.1990 3.513 -6.418 1.235
29.05.1990 3.501 -6.415 1.234
30.05.1990 3.494 -6.414 1.233
31.05.1990 3.486 -6.413 1.231
01.06.1990 3.476 -6.411 1.231
02.06.1990 3.467 -6.41 1.23
03.06.1990 3.46 -6.408 1.229
04.06.1990 3.454 -6.405 1.228
05.06.1990 3.444 -6.404 1.227
06.06.1990 3.439 -6.402 1.226
07.06.1990 3.424 -6.4 1.225
08.06.1990 3.418 -6.398 1.224
09.06.1990 3.41 -6.396 1.223
10.06.1990 3.4 -6.394 1.222
11.06.1990 3.386 -6.392 1.221
12.06.1990 3.377 -6.39 1.219
13.06.1990 3.363 -6.388 1.218
14.06.1990 3.352 -6.387 1.217
15.06.1990 3.344 -6.384 1.216
16.06.1990 3.33 -6.382 1.215
17.06.1990 3.317 -6.38 1.214
18.06.1990 3.309 -6.377 1.213
19.06.1990 3.296 -6.376 1.212
20.06.1990 3.285 -6.373 1.211
21.06.1990 3.273 -6.371 1.21
22.06.1990 3.263 -6.369 1.209
23.06.1990 3.255 -6.367 1.207
24.06.1990 3.249 -6.365 1.206
25.06.1990 3.243 -6.363 1.205
26.06.1990 3.231 -6.361 1.204
27.06.1990 3.217 -6.359 1.203
28.06.1990 3.209 -6.357 1.203
29.06.1990 3.199 -6.356 1.202
30.06.1990 3.188 -6.354 1.201
01.07.1990 3.18 -6.352 1.2
02.07.1990 3.17 -6.349 1.199
03.07.1990 3.16 -6.346 1.198
04.07.1990 3.147 -6.344 1.196
05.07.1990 3.137 -6.343 1.196
06.07.1990 3.131 -6.341 1.195
07.07.1990 3.117 -6.339 1.194
08.07.1990 3.102 -6.337 1.193
09.07.1990 3.089 -6.335 1.192
10.07.1990 3.078 -6.333 1.192
11.07.1990 3.073 -6.331 1.191
12.07.1990 3.061 -6.329 1.19
13.07.1990 3.055 -6.328 1.189
14.07.1990 3.046 -6.325 1.188
15.07.1990 3.037 -6.323 1.187
16.07.1990 3.026 -6.322 1.186
17.07.1990 3.014 -6.321 1.185
18.07.1990 3.006 -6.319 1.184
19.07.1990 2.993 -6.318 1.183
20.07.1990 2.98 -6.317 1.182
21.07.1990 2.974 -6.314 1.181
22.07.1990 2.964 -6.313 1.18
23.07.1990 2.952 -6.311 1.18
24.07.1990 2.945 -6.31 1.179
25.07.1990 2.931 -6.307 1.178
26.07.1990 2.918 -6.305 1.178
27.07.1990 2.913 -6.303 1.177
28.07.1990 2.901 -6.302 1.176
29.07.1990 2.892 -6.3 1.175
30.07.1990 2.884 -6.299 1.173
31.07.1990 2.875 -6.297 1.173
01.08.1990 2.868 -6.296 1.171
02.08.1990 2.857 -6.294 1.17
03.08.1990 2.849 -6.292 1.169
04.08.1990 2.839 -6.29 1.168
05.08.1990 2.828 -6.288 1.167
06.08.1990 2.82 -6.286 1.166
07.08.1990 2.806 -6.284 1.166
08.08.1990 2.792 -6.283 1.165
09.08.1990 2.778 -6.281 1.164
10.08.1990 2.767 -6.28 1.163
11.08.1990 2.76 -6.278 1.162
12.08.1990 2.745 -6.277 1.161
13.08.1990 2.731 -6.276 1.159
14.08.1990 2.717 -6.273 1.158
15.08.1990 2.711 -6.27 1.158
16.08.1990 2.704 -6.269 1.157
17.08.1990 2.696 -6.268 1.156
18.08.1990 2.682 -6.266 1.156
19.08.1990 2.676 -6.264 1.155
20.08.1990 2.661 -6.263 1.154
21.08.1990 2.651 -6.262 1.153
22.08.1990 2.641 -6.259 1.152
23.08.1990 2.631 -6.257 1.151
24.08.1990 2.616 -6.255 1.15
25.08.1990 2.602 -6.253 1.149
26.08.1990 2.597 -6.251 1.149
27.08.1990 2.591 -6.248 1.148
28.08.1990 2.581 -6.246 1.147
29.08.1990 2.57 -6.244 1.146
30.08.1990 2.556 -6.242 1.145
31.08.1990 2.55 -6.239 1.144
01.09.1990 2.541 -6.238 1.143
02.09.1990 2.53 -6.236 1.143
03.09.1990 2.523 -6.235 1.142
04.09.1990 2.516 -6.233 1.141
05.09.1990 2.502 -6.232 1.14
06.09.1990 2.494 -6.23 1.139
07.09.1990 2.48 -6.228 1.138
08.09.1990 2.469 -6.226 1.137
09.09.1990 2.457 -6.224 1.137
10.09.1990 2.447 -6.222 1.136
11.09.1990 2.438 -6.22 1.134
12.09.1990 2.424 -6.218 1.134
13.09.1990 2.413 -6.215 1.133
14.09.1990 2.404 -6.214 1.131
15.09.1990 2.391 -6.213 1.13
16.09.1990 2.379 -6.211 1.13
17.09.1990 2.37 -6.21 1.128
18.09.1990 2.365 -6.209 1.127
19.09.1990 2.355 -6.207 1.127
20.09.1990 2.348 -6.205 1.126
21.09.1990 2.34 -6.204 1.125
22.09.1990 2.329 -6.202 1.125
23.09.1990 2.316 -6.199 1.124
24.09.1990 2.309 -6.198 1.123
25.09.1990 2.299 -6.197 1.121
26.09.1990 2.289 -6.195 1.121
27.09.1990 2.281 -6.194 1.12
28.09.1990 2.271 -6.193 1.119
29.09.1990 2.258 -6.191 1.118
30.09.1990 2.245 -6.19 1.117
01.10.1990 2.233 -6.189 1.116
02.10.1990 2.224 -6.186 1.115
03.10.1990 2.212 -6.185 1.115
04.10.1990 2.198 -6.183 1.114
05.10.1990 2.192 -6.181 1.112
06.10.1990 2.18 -6.18 1.111
07.10.1990 2.171 -6.178 1.11
08.10.1990 2.156 -6.176 1.109
09.10.1990 2.145 -6.175 1.109
10.10.1990 2.131 -6.174 1.107
11.10.1990 2.118 -6.173 1.106
12.10.1990 2.103 -6.172 1.106
13.10.1990 2.092 -6.17 1.105
14.10.1990 2.08 -6.167 1.104
15.10.1990 2.071 -6.166 1.103
16.10.1990 2.058 -6.165 1.102
17.10.1990 2.046 -6.163 1.1
18.10.1990 2.032 -6.161 1.1
19.10.1990 2.02 -6.16 1.099
20.10.1990 2.008 -6.158 1.097
21.10.1990 2.001 -6.156 1.097
22.10.1990 1.995 -6.155 1.096
23.10.1990 1.984 -6.152 1.095
24.10.1990 1.972 -6.15 1.093
25.10.1990 1.96 -6.148 1.092
26.10.1990 1.951 -6.146 1.091
27.10.1990 1.945 -6.144 1.09
28.10.1990 1.938 -6.143 1.088
29.10.1990 1.929 -6.141 1.087
30.10.1990 1.915 -6.14 1.087
31.10.1990 1.908 -6.139 1.086
01.11.1990 1.9 -6.138 1.084
02.11.1990 1.892 -6.135 1.083
03.11.1990 1.879 -6.133 1.082
04.11.1990 1.864 -6.131 1.081
05.11.1990 1.857 -6.129 1.081
06.11.1990 1.846 -6.127 1.08
07.11.1990 1.831 -6.124 1.079
08.11.1990 1.826 -6.124 1.078
09.11.1990 1.816 -6.121 1.077
10.11.1990 1.801 -6.119 1.076
11.11.1990 1.792 -6.118 1.075
12.11.1990 1.779 -6.116 1.075
13.11.1990 1.764 -6.115 1.073
14.11.1990 1.756 -6.112 1.073
15.11.1990 1.746 -6.111 1.072
16.11.1990 1.733 -6.109 1.071
17.11.1990 1.726 -6.108 1.07
18.11.1990 1.713 -6.106 1.069
19.11.1990 1.707 -6.104 1.068
20.11.1990 1.693 -6.102 1.067
21.11.1990 1.679 -6.101 1.066
22.11.1990 1.67 -6.099 1.065
23.11.1990 1.664 -6.097 1.064
24.11.1990 1.656 -6.096 1.063
25.11.1990 1.648 -6.094 1.061
26.11.1990 1.638 -6.092 1.061
27.11.1990 1.624 -6.09 1.06
28.11.1990 1.61 -6.089 1.059
29.11.1990 1.601 -6.087 1.058
30.11.1990 1.592 -6.086 1.056
01.12.1990 1.578 -6.084 1.056
02.12.1990 1.572 -6.082 1.055
03.12.1990 1.562 -6.081 1.054
04.12.1990 1.547 -6.079 1.053
05.12.1990 1.534 -6.078 1.052
06.12.1990 1.528 -6.077 1.051
07.12.1990 1.519 -6.075 1.05
08.12.1990 1.51 -6.074 1.049
09.12.1990 1.496 -6.073 1.048
10.12.1990 1.486 -6.071 1.047
11.12.1990 1.476 -6.07 1.045
12.12.1990 1.468 -6.069 1.045
13.12.1990 1.463 -6.067 1.044
14.12.1990 1.452 -6.065 1.043
15.12.1990 1.44 -6.063 1.041
16.12.1990 1.431 -6.062 1.04
17.12.1990 1.417 -6.06 1.039
18.12.1990 1.409 -6.059 1.038
19.12.1990 1.403 -6.058 1.036
20.12.1990 1.39 -6.057 1.035
21.12.1990 1.375 -6.055 1.034
22.12.1990 1.363 -6.053 1.033
23.12.1990 1.355 -6.052 1.032
24.12.1990 1.345 -6.051 1.031
25.12.1990 1.334 -6.05 1.03
26.12.1990 1.319 -6.048 1.029
27.12.1990 1.308 -6.047 1.028
28.12.1990 1.296 -6.045 1.027
29.12.1990 1.282 -6.043 1.027
30.12.1990 1.273 -6.042 1.026
31.12.1990 1.262 -6.041 1.025
01.01.1991 1.247 -6.04 1.024
02.01.1991 1.242 -6.038 1.023
03.01.1991 1.234 -6.036 1.022
04.01.1991 1.222 -6.034 1.02
05.01.1991 1.216 -6.033 1.02
06.01.1991 1.205 -6.032 1.019
07.01.1991 1.19 -6.03 1.018
08.01.1991 1.179 -6.028 1.017
09.01.1991 1.168 -6.026 1.016
10.01.1991 1.154 -6.024 1.015
11.01.1991 1.143 -6.022 1.013
12.01.1991 1.135 -6.021 1.012
13.01.1991 1.124 -6.018 1.011
14.01.1991 1.112 -6.016 1.01
15.01.1991 1.098 -6.015 1.009
16.01.1991 1.083 -6.013 1.008
17.01.1991 1.078 -6.012 1.007
18.01.1991 1.072 -6.011 1.006
19.01.1991 1.067 -6.009 1.005
20.01.1991 1.054 -6.008 1.004
21.01.1991 1.041 -6.006 1.003
22.01.1991 1.03 -6.005 1.003
23.01.1991 1.019 -6.004 1.001
24.01.1991 1.01 -6.002 1.0
25.01.1991 0.998 -6.0 0.999
26.01.1991 0.992 -5.999 0.997
27.01.1991 0.985 -5.998 0.996
28.01.1991 0.971 -5.997 0.995
29.01.1991 0.957 -5.994 0.994
30.01.1991 0.944 -5.992 0.993
31.01.1991 0.934 -5.991 0.992
01.02.1991 0.922 -5.989 0.992
02.02.1991 0.912 -5.988 0.991
03.02.1991 0.903 -5.986 0.989
04.02.1991 0.892 -5.985 0.988
05.02.1991 0.877 -5.984 0.987
06.02.1991 0.871 -5.982 0.986
07.02.1991 0.863 -5.98 0.985
08.02.1991 0.849 -5.979 0.984
09.02.1991 0.844 -5.978 0.983
10.02.1991 0.83 -5.977 0.982
11.02.1991 0.816 -5.976 0.98
12.02.1991 0.801 -5.974 0.979
13.02.1991 0.788 -5.972 0.978
14.02.1991 0.782 -5.971 0.978
15.02.1991 0.767 -5.969 0.977
16.02.1991 0.752 -5.967 0.976
17.02.1991 0.744 -5.966 0.975
18.02.1991 0.734 -5.964 0.973
19.02.1991 0.728 -5.963 0.973
20.02.1991 0.72 -5.961 0.972
21.02.1991 0.706 -5.96 0.971
22.02.1991 0.695 -5.959 0.97
23.02.1991 0.684 -5.956 0.969
24.02.1991 0.676 -5.954 0.968
25.02.1991 0.664 -5.952 0.966
26.02.1991 0.654 -5.95 0.966
27.02.1991 0.646 -5.949 0.965
28.02.1991 0.639 -5.948 0.964
01.03.1991 0.63 -5.947 0.963
02.03.1991 0.622 -5.946 0.962
03.03.1991 0.617 -5.944 0.961
04.03.1991 0.61 -5.943 0.959
05.03.1991 0.602 -5.941 0.959
06.03.1991 0.593 -5.939 0.958
07.03.1991 0.581 -5.938 0.957
08.03.1991 0.568 -5.936 0.957
09.03.1991 0.559 -5.934 0.956
10.03.1991 0.545 -5.933 0.954
11.03.1991 0.532 -5.931 0.953
12.03.1991 0.517 -5.929 0.952
13.03.1991 0.506 -5.928 0.951
14.03.1991 0.494 -5.927 0.95
15.03.1991 0.482 -5.926 0.949
16.03.1991 0.471 -5.925 0.948
17.03.1991 0.46 -5.922 0.946
18.03.1991 0.454 -5.921 0.945
19.03.1991 0.443 -5.92 0.944
20.03.1991 0.43 -5.919 0.943
21.03.1991 0.424 -5.917 0.942
22.03.1991 0.41 -5.916 0.941
23.03.1991 0.399 -5.913 0.94
24.03.1991 0.39 -5.912 0.939
25.03.1991 0.384 -5.911 0.938
26.03.1991 0.375 -5.909 0.938
27.03.1991 0.361 -5.908 0.937
28.03.1991 0.35 -5.906 0.936
29.03.1991 0.336 -5.905 0.934
30.03.1991 0.325 -5.904 0.934
31.03.1991 0.315 -5.903 0.933
01.04.1991 0.307 -5.902 0.932
02.04.1991 0.3 -5.901 0.932
03.04.1991 0.286 -5.899 0.931
04.04.1991 0.28 -5.898 0.93
05.04.1991 0.274 -5.896 0.929
06.04.1991 0.265 -5.894 0.928
07.04.1991 0.259 -5.893 0.926
08.04.1991 0.247 -5.892 0.926
09.04.1991 0.239 -5.891 0.925
10.04.1991 0.226 -5.889 0.925
11.04.1991 0.215 -5.888 0.924
12.04.1991 0.206 -5.887 0.923
13.04.1991 0.193 -5.885 0.921
14.04.1991 0.186 -5.884 0.92
15.04.1991 0.18 -5.882 0.919
16.04.1991 0.174 -5.881 0.918
17.04.1991 0.165 -5.879 0.917
18.04.1991 0.159 -5.878 0.916
19.04.1991 0.151 -5.876 0.915
20.04.1991 0.143 -5.874 0.914
21.04.1991 0.135 -5.873 0.913
22.04.1991 0.127 -5.872 0.912
23.04.1991 0.114 -5.87 0.911
24.04.1991 0.105 -5.869 0.911
25.04.1991 0.097 -5.867 0.91
26.04.1991 0.085 -5.865 0.909
27.04.1991 0.079 -5.864 0.907
28.04.1991 0.07 -5.862 0.906
29.04.1991 0.064 -5.861 0.904
30.04.1991 0.059 -5.859 0.903
01.05.1991 0.05 -5.858 0.903
02.05.1991 0.041 -5.856 0.901
03.05.1991 0.036 -5.855 0.9
04.05.1991 0.03 -5.854 0.899
05.05.1991 0.018 -5.853 0.898
06.05.1991 0.011 -5.851 0.896
07.05.1991 0.005 -5.849 0.895
