04.08.1981 5.156 -7.702 1.328
05.08.1981 5.144 -7.696 1.328
06.08.1981 5.135 -7.689 1.327
07.08.1981 5.127 -7.685 1.326
08.08.1981 5.118 -7.676 1.324
09.08.1981 5.108 -7.672 1.323
10.08.1981 5.095 -7.666 1.322
11.08.1981 5.085 -7.659 1.321
12.08.1981 5.076 -7.656 1.32
13.08.1981 5.069 -7.65 1.319
14.08.1981 5.058 -7.646 1.318
15.08.1981 5.05 -7.642 1.317
16.08.1981 5.038 -7.636 1.316
17.08.1981 5.026 -7.63 1.314
18.08.1981 5.02 -7.624 1.314
19.08.1981 5.007 -7.622 1.312
20.08.1981 5.001 -7.618 1.312
21.08.1981 4.994 -7.614 1.311
22.08.1981 4.982 -7.61 1.309
23.08.1981 4.971 -7.606 1.308
24.08.1981 4.962 -7.603 1.307
25.08.1981 4.947 -7.601 1.306
26.08.1981 4.941 -7.596 1.304
27.08.1981 4.933 -7.591 1.303
28.08.1981 4.928 -7.586 1.302
29.08.1981 4.922 -7.581 1.301
30.08.1981 4.909 -7.575 1.3
31.08.1981 4.896 -7.571 1.299
01.09.1981 4.886 -7.566 1.298
02.09.1981 4.877 -7.563 1.297
03.09.1981 4.872 -7.559 1.296
04.09.1981 4.86 -7.556 1.296
05.09.1981 4.846 -7.552 1.295
06.09.1981 4.838 -7.547 1.294
07.09.1981 4.823 -7.544 1.293
08.09.1981 4.813 -7.541 1.292
09.09.1981 4.803 -7.538 1.291
10.09.1981 4.791 -7.533 1.291
11.09.1981 4.777 -7.529 1.289
12.09.1981 4.772 -7.526 1.288
13.09.1981 4.761 -7.521 1.287
14.09.1981 4.753 -7.518 1.286
15.09.1981 4.747 -7.515 1.286
16.09.1981 4.737 -7.512 1.285
17.09.1981 4.73 -7.508 1.284
18.09.1981 4.717 -7.504 1.283
19.09.1981 4.708 -7.503 1.282
20.09.1981 4.696 -7.498 1.281
21.09.1981 4.686 -7.496 1.279
22.09.1981 4.674 -7.492 1.278
23.09.1981 4.661 -7.49 1.277
24.09.1981 4.653 -7.486 1.276
25.09.1981 4.646 -7.482 1.275
26.09.1981 4.633 -7.479 1.275
27.09.1981 4.623 -7.476 1.274
28.09.1981 4.618 -7.471 1.273
29.09.1981 4.61 -7.469 1.273
30.09.1981 4.598 -7.465 1.272
01.10.1981 4.589 -7.462 1.271
02.10.1981 4.578 -7.458 1.27
03.10.1981 4.566 -7.455 1.269
04.10.1981 4.552 -7.451 1.269
05.10.1981 4.544 -7.447 1.268
06.10.1981 4.533 -7.444 1.267
07.10.1981 4.527 -7.44 1.266
08.10.1981 4.52 -7.438 1.264
09.10.1981 4.506 -7.435 1.263
10.10.1981 4.497 -7.432 1.263
11.10.1981 4.485 -7.429 1.261
12.10.1981 4.473 -7.425 1.26
13.10.1981 4.461 -7.422 1.259
14.10.1981 4.453 -7.418 1.257
15.10.1981 4.447 -7.414 1.256
16.10.1981 4.435 -7.412 1.255
17.10.1981 4.421 -7.409 1.254
18.10.1981 4.415 -7.405 1.253
19.10.1981 4.403 -7.401 1.253
20.10.1981 4.393 -7.398 1.251
21.10.1981 4.384 -7.396 1.25
22.10.1981 4.369 -7.394 1.249
23.10.1981 4.362 -7.391 1.249
24.10.1981 4.356 -7.389 1.247
25.10.1981 4.349 -7.387 1.246
26.10.1981 4.343 -7.383 1.245
27.10.1981 4.333 -7.381 1.244
28.10.1981 4.32 -7.378 1.244
29.10.1981 4.314 -7.375 1.243
30.10.1981 4.301 -7.372 1.242
31.10.1981 4.293 -7.37 1.24
01.11.1981 4.285 -7.366 1.239
02.11.1981 4.272 -7.363 1.239
03.11.1981 4.26 -7.36 1.237
04.11.1981 4.251 -7.358 1.236
05.11.1981 4.239 -7.356 1.235
06.11.1981 4.224 -7.354 1.235
07.11.1981 4.21 -7.351 1.234
08.11.1981 4.2 -7.348 1.233
09.11.1981 4.19 -7.346 1.232
10.11.1981 4.182 -7.344 1.23
11.11.1981 4.172 -7.342 1.229
12.11.1981 4.16 -7.339 1.229
13.11.1981 4.155 -7.336 1.227
14.11.1981 4.141 -7.333 1.226
15.11.1981 4.13 -7.331 1.225
16.11.1981 4.116 -7.329 1.224
17.11.1981 4.101 -7.326 1.223
18.11.1981 4.09 -7.322 1.222
19.11.1981 4.077 -7.319 1.221
20.11.1981 4.072 -7.318 1.22
21.11.1981 4.059 -7.316 1.219
22.11.1981 4.049 -7.313 1.219
23.11.1981 4.037 -7.311 1.218
24.11.1981 4.028 -7.308 1.217
25.11.1981 4.02 -7.306 1.216
26.11.1981 4.013 -7.303 1.215
27.11.1981 4.003 -7.3 1.214
28.11.1981 3.995 -7.297 1.213
29.11.1981 3.981 -7.295 1.213
30.11.1981 3.976 -7.293 1.212
01.12.1981 3.964 -7.289 1.211
02.12.1981 3.956 -7.288 1.209
03.12.1981 3.941 -7.285 1.208
04.12.1981 3.928 -7.282 1.208
05.12.1981 3.914 -7.28 1.207
06.12.1981 3.902 -7.278 1.206
07.12.1981 3.889 -7.275 1.205
08.12.1981 3.877 -7.274 1.203
09.12.1981 3.865 -7.271 1.202
10.12.1981 3.854 -7.269 1.202
11.12.1981 3.843 -7.267 1.201
12.12.1981 3.831 -7.264 1.2
13.12.1981 3.82 -7.263 1.199
14.12.1981 3.811 -7.26 1.198
15.12.1981 3.803 -7.257 1.197
16.12.1981 3.797 -7.254 1.195
17.12.1981 3.788 -7.253 1.194
18.12.1981 3.783 -7.25 1.193
19.12.1981 3.769 -7.247 1.192
20.12.1981 3.763 -7.246 1.191
21.12.1981 3.756 -7.243 1.191
22.12.1981 3.748 -7.24 1.19
23.12.1981 3.736 -7.238 1.189
24.12.1981 3.731 -7.235 1.188
25.12.1981 3.718 -7.233 1.186
26.12.1981 3.706 -7.231 1.186
27.12.1981 3.695 -7.228 1.184
28.12.1981 3.681 -7.225 1.183
29.12.1981 3.666 -7.223 1.183
30.12.1981 3.654 -7.222 1.182
31.12.1981 3.642 -7.218 1.181
01.01.1982 3.627 -7.217 1.179
02.01.1982 3.616 -7.215 1.178
03.01.1982 3.605 -7.214 1.178
04.01.1982 3.595 -7.211 1.177
05.01.1982 3.582 -7.209 1.176
06.01.1982 3.576 -7.207 1.175
07.01.1982 3.565 -7.206 1.174
08.01.1982 3.557 -7.203 1.174
09.01.1982 3.542 -7.2 1.173
10.01.1982 3.532 -7.199 1.172
11.01.1982 3.525 -7.196 1.171
12.01.1982 3.518 -7.195 1.17
13.01.1982 3.512 -7.193 1.169
14.01.1982 3.499 -7.191 1.167
15.01.1982 3.488 -7.189 1.167
16.01.1982 3.476 -7.187 1.166
17.01.1982 3.468 -7.184 1.165
18.01.1982 3.461 -7.182 1.164
19.01.1982 3.456 -7.181 1.163
20.01.1982 3.45 -7.178 1.162
21.01.1982 3.437 -7.175 1.162
22.01.1982 3.427 -7.173 1.161
23.01.1982 3.416 -7.171 1.16
24.01.1982 3.409 -7.169 1.159
25.01.1982 3.399 -7.166 1.158
26.01.1982 3.391 -7.163 1.157
27.01.1982 3.383 -7.16 1.156
28.01.1982 3.372 -7.158 1.154
29.01.1982 3.361 -7.156 1.153
30.01.1982 3.354 -7.154 1.152
31.01.1982 3.345 -7.152 1.152
01.02.1982 3.334 -7.15 1.151
02.02.1982 3.323 -7.149 1.15
03.02.1982 3.313 -7.147 1.149
04.02.1982 3.304 -7.144 1.148
05.02.1982 3.295 -7.142 1.147
06.02.1982 3.286 -7.14 1.146
07.02.1982 3.277 -7.138 1.146
08.02.1982 3.268 -7.136 1.144
09.02.1982 3.258 -7.134 1.143
10.02.1982 3.247 -7.131 1.142
11.02.1982 3.238 -7.129 1.14
12.02.1982 3.228 -7.127 1.14
13.02.1982 3.216 -7.126 1.138
14.02.1982 3.205 -7.124 1.137
15.02.1982 3.195 -7.122 1.137
16.02.1982 3.185 -7.119 1.135
17.02.1982 3.176 -7.117 1.134
18.02.1982 3.171 -7.116 1.133
19.02.1982 3.161 -7.114 1.133
20.02.1982 3.154 -7.111 1.132
21.02.1982 3.149 -7.109 1.131
22.02.1982 3.143 -7.106 1.13
23.02.1982 3.132 -7.105 1.129
24.02.1982 3.117 -7.103 1.128
25.02.1982 3.104 -7.102 1.127
26.02.1982 3.094 -7.1 1.126
27.02.1982 3.083 -7.098 1.125
28.02.1982 3.074 -7.096 1.124
01.03.1982 3.069 -7.095 1.123
02.03.1982 3.056 -7.092 1.122
03.03.1982 3.042 -7.09 1.12
04.03.1982 3.03 -7.088 1.119
05.03.1982 3.02 -7.085 1.118
06.03.1982 3.01 -7.083 1.117
07.03.1982 2.995 -7.081 1.116
08.03.1982 2.982 -7.078 1.115
09.03.1982 2.971 -7.076 1.114
10.03.1982 2.957 -7.074 1.112
11.03.1982 2.942 -7.071 1.111
12.03.1982 2.932 -7.07 1.11
13.03.1982 2.926 -7.068 1.109
14.03.1982 2.917 -7.067 1.107
15.03.1982 2.91 -7.065 1.106
16.03.1982 2.905 -7.062 1.105
17.03.1982 2.892 -7.061 1.104
18.03.1982 2.887 -7.059 1.103
19.03.1982 2.875 -7.056 1.102
20.03.1982 2.869 -7.055 1.1
21.03.1982 2.858 -7.053 1.099
22.03.1982 2.849 -7.05 1.098
23.03.1982 2.837 -7.048 1.096
24.03.1982 2.826 -7.046 1.095
25.03.1982 2.82 -7.044 1.095
26.03.1982 2.813 -7.043 1.093
27.03.1982 2.808 -7.041 1.093
28.03.1982 2.797 -7.04 1.092
29.03.1982 2.792 -7.039 1.091
30.03.1982 2.783 -7.037 1.09
31.03.1982 2.773 -7.036 1.089
01.04.1982 2.768 -7.035 1.088
02.04.1982 2.762 -7.034 1.086
03.04.1982 2.753 -7.031 1.085
04.04.1982 2.741 -7.03 1.085
05.04.1982 2.727 -7.027 1.084
06.04.1982 2.721 -7.024 1.083
07.04.1982 2.713 -7.023 1.082
08.04.1982 2.703 -7.021 1.08
09.04.1982 2.691 -7.018 1.08
10.04.1982 2.685 -7.016 1.079
11.04.1982 2.674 -7.014 1.078
12.04.1982 2.66 -7.012 1.077
13.04.1982 2.648 -7.01 1.076
14.04.1982 2.641 -7.008 1.075
15.04.1982 2.633 -7.006 1.074
16.04.1982 2.624 -7.004 1.073
17.04.1982 2.615 -7.002 1.072
18.04.1982 2.609 -7.0 1.071
19.04.1982 2.597 -6.998 1.07
20.04.1982 2.589 -6.997 1.069
21.04.1982 2.583 -6.995 1.068
22.04.1982 2.572 -6.994 1.067
23.04.1982 2.561 -6.991 1.065
24.04.1982 2.548 -6.99 1.064
25.04.1982 2.539 -6.988 1.063
26.04.1982 2.528 -6.985 1.062
27.04.1982 2.52 -6.984 1.061
28.04.1982 2.506 -6.981 1.061
29.04.1982 2.491 -6.979 1.059
30.04.1982 2.48 -6.977 1.059
01.05.1982 2.468 -6.974 1.058
02.05.1982 2.457 -6.973 1.057
03.05.1982 2.449 -6.972 1.055
04.05.1982 2.44 -6.969 1.054
05.05.1982 2.434 -6.968 1.054
06.05.1982 2.42 -6.967 1.053
07.05.1982 2.408 -6.966 1.052
08.05.1982 2.395 -6.963 1.05
09.05.1982 2.383 -6.962 1.049
10.05.1982 2.373 -6.96 1.048
11.05.1982 2.367 -6.957 1.047
12.05.1982 2.358 -6.956 1.046
13.05.1982 2.347 -6.954 1.045
14.05.1982 2.34 -6.951 1.044
15.05.1982 2.333 -6.95 1.043
16.05.1982 2.325 -6.948 1.042
17.05.1982 2.32 -6.945 1.041
18.05.1982 2.307 -6.943 1.04
19.05.1982 2.293 -6.941 1.039
20.05.1982 2.282 -6.938 1.038
21.05.1982 2.27 -6.936 1.037
22.05.1982 2.255 -6.935 1.036
23.05.1982 2.241 -6.932 1.035
24.05.1982 2.232 -6.931 1.035
25.05.1982 2.227 -6.929 1.034
26.05.1982 2.218 -6.928 1.033
27.05.1982 2.208 -6.926 1.031
28.05.1982 2.196 -6.925 1.031
29.05.1982 2.186 -6.923 1.03
30.05.1982 2.179 -6.922 1.029
31.05.1982 2.17 -6.921 1.028
01.06.1982 2.156 -6.919 1.027
02.06.1982 2.143 -6.917 1.025
03.06.1982 2.134 -6.916 1.024
04.06.1982 2.121 -6.914 1.023
05.06.1982 2.114 -6.912 1.022
06.06.1982 2.103 -6.911 1.021
07.06.1982 2.09 -6.909 1.02
08.06.1982 2.083 -6.907 1.019
09.06.1982 2.077 -6.905 1.018
10.06.1982 2.067 -6.904 1.017
11.06.1982 2.057 -6.903 1.017
12.06.1982 2.049 -6.901 1.015
13.06.1982 2.043 -6.899 1.015
14.06.1982 2.03 -6.897 1.013
15.06.1982 2.022 -6.896 1.013
16.06.1982 2.015 -6.894 1.012
17.06.1982 2.008 -6.893 1.01
18.06.1982 1.994 -6.891 1.009
19.06.1982 1.986 -6.889 1.008
20.06.1982 1.973 -6.888 1.008
21.06.1982 1.959 -6.886 1.006
22.06.1982 1.952 -6.884 1.005
23.06.1982 1.946 -6.883 1.004
24.06.1982 1.935 -6.88 1.002
25.06.1982 1.922 -6.878 1.001
26.06.1982 1.91 -6.876 1.001
27.06.1982 1.904 -6.874 1.0
28.06.1982 1.894 -6.872 0.999
29.06.1982 1.882 -6.87 0.998
30.06.1982 1.867 -6.868 0.997
01.07.1982 1.861 -6.867 0.996
02.07.1982 1.853 -6.865 0.995
03.07.1982 1.838 -6.864 0.994
04.07.1982 1.831 -6.861 0.994
05.07.1982 1.825 -6.859 0.992
06.07.1982 1.815 -6.857 0.991
07.07.1982 1.802 -6.855 0.99
08.07.1982 1.792 -6.853 0.988
09.07.1982 1.782 -6.851 0.988
10.07.1982 1.771 -6.849 0.986
11.07.1982 1.758 -6.847 0.985
12.07.1982 1.75 -6.846 0.984
13.07.1982 1.743 -6.845 0.983
14.07.1982 1.736 -6.843 0.982
15.07.1982 1.723 -6.841 0.981
16.07.1982 1.714 -6.84 0.98
17.07.1982 1.704 -6.838 0.979
18.07.1982 1.689 -6.837 0.978
19.07.1982 1.677 -6.835 0.977
20.07.1982 1.663 -6.833 0.976
21.07.1982 1.653 -6.832 0.975
22.07.1982 1.644 -6.831 0.975
23.07.1982 1.636 -6.829 0.974
24.07.1982 1.626 -6.828 0.973
25.07.1982 1.612 -6.825 0.972
26.07.1982 1.6 -6.824 0.971
27.07.1982 1.588 -6.822 0.97
28.07.1982 1.582 -6.82 0.969
29.07.1982 1.572 -6.819 0.968
30.07.1982 1.557 -6.818 0.966
31.07.1982 1.543 -6.817 0.966
01.08.1982 1.532 -6.816 0.965
02.08.1982 1.521 -6.815 0.963
03.08.1982 1.506 -6.813 0.963
04.08.1982 1.496 -6.811 0.962
05.08.1982 1.481 -6.809 0.961
06.08.1982 1.472 -6.808 0.959
07.08.1982 1.463 -6.805 0.959
08.08.1982 1.452 -6.803 0.958
09.08.1982 1.444 -6.802 0.957
10.08.1982 1.434 -6.8 0.956
11.08.1982 1.429 -6.797 0.955
12.08.1982 1.423 -6.796 0.954
13.08.1982 1.41 -6.793 0.954
14.08.1982 1.398 -6.791 0.953
15.08.1982 1.392 -6.789 0.952
16.08.1982 1.38 -6.787 0.951
17.08.1982 1.374 -6.784 0.95
18.08.1982 1.36 -6.783 0.948
19.08.1982 1.349 -6.781 0.947
20.08.1982 1.341 -6.779 0.946
21.08.1982 1.334 -6.778 0.945
22.08.1982 1.327 -6.776 0.944
23.08.1982 1.32 -6.775 0.943
24.08.1982 1.312 -6.774 0.942
25.08.1982 1.297 -6.773 0.941
26.08.1982 1.285 -6.771 0.939
27.08.1982 1.275 -6.769 0.938
28.08.1982 1.261 -6.767 0.937
29.08.1982 1.253 -6.766 0.936
30.08.1982 1.241 -6.764 0.935
31.08.1982 1.233 -6.762 0.934
01.09.1982 1.219 -6.759 0.933
02.09.1982 1.213 -6.758 0.932
03.09.1982 1.208 -6.756 0.931
04.09.1982 1.202 -6.754 0.93
05.09.1982 1.188 -6.753 0.929
06.09.1982 1.175 -6.752 0.927
07.09.1982 1.163 -6.75 0.927
08.09.1982 1.156 -6.749 0.926
09.09.1982 1.149 -6.747 0.925
10.09.1982 1.137 -6.745 0.924
11.09.1982 1.13 -6.744 0.923
12.09.1982 1.117 -6.743 0.922
13.09.1982 1.103 -6.74 0.921
14.09.1982 1.089 -6.738 0.92
15.09.1982 1.083 -6.736 0.919
16.09.1982 1.07 -6.734 0.919
17.09.1982 1.063 -6.732 0.917
18.09.1982 1.055 -6.73 0.916
19.09.1982 1.044 -6.728 0.915
20.09.1982 1.034 -6.727 0.914
21.09.1982 1.023 -6.725 0.914
22.09.1982 1.016 -6.723 0.913
23.09.1982 1.011 -6.722 0.911
24.09.1982 0.998 -6.72 0.91
25.09.1982 0.985 -6.717 0.909
26.09.1982 0.974 -6.716 0.908
27.09.1982 0.964 -6.715 0.907
28.09.1982 0.953 -6.712 0.906
29.09.1982 0.945 -6.711 0.905
30.09.1982 0.939 -6.709 0.904
01.10.1982 0.93 -6.707 0.902
02.10.1982 0.921 -6.706 0.901
03.10.1982 0.908 -6.704 0.9
04.10.1982 0.893 -6.702 0.899
05.10.1982 0.882 -6.7 0.898
06.10.1982 0.869 -6.698 0.898
07.10.1982 0.861 -6.697 0.897
08.10.1982 0.849 -6.695 0.896
09.10.1982 0.839 -6.694 0.894
10.10.1982 0.827 -6.692 0.893
11.10.1982 0.816 -6.691 0.892
12.10.1982 0.802 -6.689 0.891
13.10.1982 0.792 -6.687 0.89
14.10.1982 0.783 -6.686 0.889
15.10.1982 0.768 -6.683 0.888
16.10.1982 0.759 -6.682 0.887
17.10.1982 0.746 -6.679 0.887
18.10.1982 0.734 -6.678 0.886
19.10.1982 0.72 -6.676 0.885
20.10.1982 0.71 -6.674 0.884
21.10.1982 0.698 -6.673 0.883
22.10.1982 0.69 -6.671 0.882
23.10.1982 0.685 -6.67 0.881
24.10.1982 0.673 -6.669 0.879
25.10.1982 0.659 -6.668 0.879
26.10.1982 0.653 -6.666 0.877
27.10.1982 0.646 -6.665 0.877
28.10.1982 0.638 -6.664 0.876
29.10.1982 0.626 -6.662 0.875
30.10.1982 0.611 -6.661 0.874
31.10.1982 0.603 -6.659 0.873
01.11.1982 0.589 -6.658 0.872
02.11.1982 0.582 -6.656 0.871
03.11.1982 0.573 -6.654 0.87
04.11.1982 0.566 -6.652 0.869
05.11.1982 0.552 -6.65 0.868
06.11.1982 0.547 -6.649 0.867
07.11.1982 0.542 -6.646 0.866
08.11.1982 0.529 -6.645 0.865
09.11.1982 0.524 -6.644 0.864
10.11.1982 0.514 -6.642 0.863
11.11.1982 0.505 -6.641 0.862
12.11.1982 0.498 -6.64 0.861
13.11.1982 0.489 -6.638 0.86
14.11.1982 0.476 -6.636 0.859
15.11.1982 0.47 -6.635 0.858
16.11.1982 0.46 -6.634 0.857
17.11.1982 0.446 -6.632 0.856
18.11.1982 0.437 -6.63 0.855
19.11.1982 0.426 -6.628 0.854
20.11.1982 0.414 -6.626 0.853
21.11.1982 0.408 -6.626 0.852
22.11.1982 0.394 -6.623 0.851
23.11.1982 0.388 -6.621 0.85
24.11.1982 0.38 -6.619 0.849
25.11.1982 0.367 -6.617 0.848
26.11.1982 0.359 -6.616 0.847
27.11.1982 0.345 -6.613 0.846
28.11.1982 0.336 -6.612 0.844
29.11.1982 0.324 -6.611 0.844
30.11.1982 0.315 -6.609 0.843
01.12.1982 0.308 -6.608 0.842
02.12.1982 0.3 -6.607 0.841
03.12.1982 0.289 -6.605 0.84
04.12.1982 0.283 -6.603 0.839
05.12.1982 0.273 -6.602 0.839
06.12.1982 0.261 -6.6 0.837
07.12.1982 0.247 -6.599 0.836
08.12.1982 0.239 -6.597 0.835
09.12.1982 0.231 -6.596 0.835
10.12.1982 0.221 -6.594 0.834
11.12.1982 0.215 -6.592 0.833
12.12.1982 0.201 -6.591 0.832
13.12.1982 0.195 -6.588 0.831
14.12.1982 0.181 -6.587 0.83
15.12.1982 0.167 -6.585 0.829
16.12.1982 0.158 -6.583 0.828
17.12.1982 0.153 -6.581 0.827
18.12.1982 0.14 -6.579 0.825
19.12.1982 0.128 -6.578 0.825
20.12.1982 0.122 -6.576 0.823
21.12.1982 0.116 -6.575 0.823
22.12.1982 0.105 -6.574 0.822
23.12.1982 0.097 -6.572 0.821
24.12.1982 0.09 -6.571 0.82
25.12.1982 0.076 -6.569 0.818
26.12.1982 0.067 -6.568 0.817
27.12.1982 0.061 -6.567 0.816
28.12.1982 0.048 -6.565 0.816
29.12.1982 0.04 -6.564 0.815
30.12.1982 0.035 -6.562 0.813
31.12.1982 0.026 -6.56 0.813
01.01.1983 0.017 -6.559 0.812
02.01.1983 0.003 -6.558 0.811
