18.09.1994 5.431 -7.873 1.368
19.09.1994 5.426 -7.862 1.367
20.09.1994 5.411 -7.853 1.366
21.09.1994 5.401 -7.844 1.365
22.09.1994 5.395 -7.838 1.364
23.09.1994 5.382 -7.835 1.363
24.09.1994 5.374 -7.829 1.362
25.09.1994 5.36 -7.825 1.361
26.09.1994 5.354 -7.821 1.36
27.09.1994 5.34 -7.819 1.359
28.09.1994 5.332 -7.814 1.359
29.09.1994 5.324 -7.808 1.358
30.09.1994 5.31 -7.805 1.357
01.10.1994 5.296 -7.801 1.356
02.10.1994 5.284 -7.797 1.355
03.10.1994 5.27 -7.793 1.353
04.10.1994 5.257 -7.787 1.352
05.10.1994 5.249 -7.783 1.351
06.10.1994 5.243 -7.781 1.35
07.10.1994 5.232 -7.779 1.349
08.10.1994 5.225 -7.775 1.347
09.10.1994 5.213 -7.77 1.347
10.10.1994 5.2 -7.767 1.345
11.10.1994 5.19 -7.762 1.344
12.10.1994 5.184 -7.758 1.343
13.10.1994 5.175 -7.753 1.342
14.10.1994 5.162 -7.75 1.341
15.10.1994 5.149 -7.745 1.341
16.10.1994 5.142 -7.742 1.339
17.10.1994 5.132 -7.738 1.338
18.10.1994 5.124 -7.735 1.337
19.10.1994 5.113 -7.732 1.336
20.10.1994 5.099 -7.728 1.335
21.10.1994 5.094 -7.723 1.333
22.10.1994 5.088 -7.719 1.333
23.10.1994 5.082 -7.717 1.332
24.10.1994 5.067 -7.712 1.331
25.10.1994 5.053 -7.71 1.329
26.10.1994 5.048 -7.706 1.329
27.10.1994 5.042 -7.702 1.328
28.10.1994 5.035 -7.699 1.327
29.10.1994 5.025 -7.694 1.326
30.10.1994 5.013 -7.691 1.325
31.10.1994 5.003 -7.689 1.323
01.11.1994 4.99 -7.685 1.322
02.11.1994 4.98 -7.681 1.321
03.11.1994 4.974 -7.679 1.32
04.11.1994 4.969 -7.677 1.319
05.11.1994 4.957 -7.673 1.318
06.11.1994 4.948 -7.669 1.318
07.11.1994 4.941 -7.667 1.316
08.11.1994 4.932 -7.662 1.315
09.11.1994 4.919 -7.659 1.315
10.11.1994 4.905 -7.655 1.313
11.11.1994 4.898 -7.653 1.313
12.11.1994 4.891 -7.649 1.311
13.11.1994 4.879 -7.646 1.311
14.11.1994 4.868 -7.644 1.309
15.11.1994 4.853 -7.641 1.308
16.11.1994 4.84 -7.639 1.306
17.11.1994 4.834 -7.636 1.306
18.11.1994 4.825 -7.633 1.305
19.11.1994 4.82 -7.631 1.303
20.11.1994 4.812 -7.628 1.302
21.11.1994 4.801 -7.624 1.301
22.11.1994 4.788 -7.621 1.3
23.11.1994 4.774 -7.619 1.298
24.11.1994 4.767 -7.616 1.298
25.11.1994 4.755 -7.614 1.297
26.11.1994 4.744 -7.612 1.295
27.11.1994 4.731 -7.61 1.294
28.11.1994 4.723 -7.607 1.293
29.11.1994 4.715 -7.605 1.291
30.11.1994 4.71 -7.603 1.29
01.12.1994 4.703 -7.601 1.289
02.12.1994 4.697 -7.598 1.288
03.12.1994 4.689 -7.596 1.287
04.12.1994 4.68 -7.594 1.286
05.12.1994 4.675 -7.592 1.285
06.12.1994 4.661 -7.59 1.284
07.12.1994 4.656 -7.588 1.283
08.12.1994 4.641 -7.586 1.282
09.12.1994 4.631 -7.584 1.281
10.12.1994 4.623 -7.581 1.281
11.12.1994 4.612 -7.579 1.28
12.12.1994 4.6 -7.577 1.279
13.12.1994 4.591 -7.575 1.278
14.12.1994 4.581 -7.572 1.278
15.12.1994 4.568 -7.569 1.277
16.12.1994 4.557 -7.567 1.276
17.12.1994 4.552 -7.564 1.274
18.12.1994 4.544 -7.561 1.273
19.12.1994 4.535 -7.558 1.273
20.12.1994 4.526 -7.555 1.272
21.12.1994 4.516 -7.553 1.271
22.12.1994 4.505 -7.551 1.27
23.12.1994 4.491 -7.549 1.269
24.12.1994 4.482 -7.546 1.268
25.12.1994 4.473 -7.543 1.267
26.12.1994 4.468 -7.541 1.265
27.12.1994 4.455 -7.537 1.264
28.12.1994 4.447 -7.536 1.263
29.12.1994 4.436 -7.533 1.262
30.12.1994 4.428 -7.53 1.261
31.12.1994 4.423 -7.528 1.26
01.01.1995 4.414 -7.527 1.259
02.01.1995 4.399 -7.526 1.258
03.01.1995 4.393 -7.523 1.257
04.01.1995 4.387 -7.52 1.256
05.01.1995 4.38 -7.517 1.255
06.01.1995 4.37 -7.515 1.254
07.01.1995 4.361 -7.513 1.253
08.01.1995 4.354 -7.51 1.252
09.01.1995 4.343 -7.508 1.251
10.01.1995 4.334 -7.505 1.249
11.01.1995 4.32 -7.501 1.248
12.01.1995 4.307 -7.5 1.247
13.01.1995 4.3 -7.499 1.245
14.01.1995 4.288 -7.495 1.244
15.01.1995 4.281 -7.494 1.243
16.01.1995 4.275 -7.491 1.243
17.01.1995 4.265 -7.49 1.241
18.01.1995 4.26 -7.487 1.24
19.01.1995 4.249 -7.484 1.239
20.01.1995 4.238 -7.482 1.238
21.01.1995 4.23 -7.481 1.237
22.01.1995 4.217 -7.479 1.236
23.01.1995 4.206 -7.476 1.235
24.01.1995 4.193 -7.474 1.234
25.01.1995 4.183 -7.471 1.233
26.01.1995 4.173 -7.469 1.232
27.01.1995 4.162 -7.468 1.231
28.01.1995 4.15 -7.465 1.23
29.01.1995 4.144 -7.462 1.229
30.01.1995 4.135 -7.46 1.227
31.01.1995 4.126 -7.457 1.227
01.02.1995 4.115 -7.455 1.226
02.02.1995 4.1 -7.453 1.225
03.02.1995 4.094 -7.451 1.224
04.02.1995 4.089 -7.448 1.223
05.02.1995 4.078 -7.446 1.222
06.02.1995 4.065 -7.443 1.221
07.02.1995 4.05 -7.442 1.22
08.02.1995 4.044 -7.44 1.219
09.02.1995 4.03 -7.437 1.218
10.02.1995 4.019 -7.436 1.217
11.02.1995 4.009 -7.434 1.216
12.02.1995 4.0 -7.432 1.215
13.02.1995 3.99 -7.429 1.214
14.02.1995 3.983 -7.427 1.213
15.02.1995 3.976 -7.426 1.212
16.02.1995 3.968 -7.425 1.21
17.02.1995 3.957 -7.423 1.209
18.02.1995 3.946 -7.422 1.208
19.02.1995 3.936 -7.419 1.208
20.02.1995 3.922 -7.418 1.206
21.02.1995 3.915 -7.416 1.205
22.02.1995 3.901 -7.414 1.205
23.02.1995 3.886 -7.412 1.204
24.02.1995 3.881 -7.41 1.202
25.02.1995 3.875 -7.407 1.201
26.02.1995 3.867 -7.406 1.2
27.02.1995 3.852 -7.405 1.199
28.02.1995 3.844 -7.404 1.198
01.03.1995 3.836 -7.401 1.198
02.03.1995 3.825 -7.4 1.197
03.03.1995 3.819 -7.399 1.196
04.03.1995 3.807 -7.396 1.195
05.03.1995 3.8 -7.394 1.193
06.03.1995 3.792 -7.391 1.193
07.03.1995 3.784 -7.389 1.192
08.03.1995 3.775 -7.388 1.191
09.03.1995 3.763 -7.386 1.19
10.03.1995 3.75 -7.384 1.19
11.03.1995 3.735 -7.382 1.189
12.03.1995 3.725 -7.381 1.188
13.03.1995 3.718 -7.38 1.187
14.03.1995 3.713 -7.378 1.186
15.03.1995 3.698 -7.375 1.185
16.03.1995 3.685 -7.373 1.185
17.03.1995 3.671 -7.371 1.184
18.03.1995 3.662 -7.368 1.183
19.03.1995 3.647 -7.367 1.182
20.03.1995 3.641 -7.365 1.181
21.03.1995 3.635 -7.362 1.18
22.03.1995 3.626 -7.36 1.179
23.03.1995 3.611 -7.358 1.178
24.03.1995 3.606 -7.357 1.177
25.03.1995 3.598 -7.354 1.177
26.03.1995 3.585 -7.352 1.176
27.03.1995 3.571 -7.35 1.175
28.03.1995 3.557 -7.349 1.174
29.03.1995 3.547 -7.348 1.173
30.03.1995 3.537 -7.346 1.173
31.03.1995 3.529 -7.345 1.172
01.04.1995 3.521 -7.344 1.171
02.04.1995 3.514 -7.342 1.17
03.04.1995 3.501 -7.34 1.169
04.04.1995 3.495 -7.339 1.168
05.04.1995 3.486 -7.337 1.167
06.04.1995 3.475 -7.336 1.166
07.04.1995 3.461 -7.333 1.165
08.04.1995 3.455 -7.33 1.164
09.04.1995 3.446 -7.328 1.162
10.04.1995 3.434 -7.326 1.161
11.04.1995 3.427 -7.324 1.161
12.04.1995 3.414 -7.322 1.16
13.04.1995 3.407 -7.32 1.159
14.04.1995 3.396 -7.319 1.158
15.04.1995 3.391 -7.316 1.157
16.04.1995 3.38 -7.315 1.156
17.04.1995 3.372 -7.313 1.155
18.04.1995 3.358 -7.31 1.154
19.04.1995 3.345 -7.308 1.153
20.04.1995 3.33 -7.306 1.152
21.04.1995 3.316 -7.304 1.151
22.04.1995 3.307 -7.303 1.151
23.04.1995 3.295 -7.3 1.149
24.04.1995 3.284 -7.299 1.148
25.04.1995 3.275 -7.297 1.148
26.04.1995 3.26 -7.296 1.147
27.04.1995 3.249 -7.294 1.146
28.04.1995 3.239 -7.293 1.145
29.04.1995 3.226 -7.291 1.145
30.04.1995 3.214 -7.289 1.144
01.05.1995 3.206 -7.287 1.143
02.05.1995 3.199 -7.286 1.142
03.05.1995 3.187 -7.284 1.141
04.05.1995 3.177 -7.282 1.14
05.05.1995 3.17 -7.281 1.138
06.05.1995 3.158 -7.278 1.138
07.05.1995 3.153 -7.276 1.137
08.05.1995 3.138 -7.274 1.135
09.05.1995 3.125 -7.273 1.135
10.05.1995 3.116 -7.272 1.134
11.05.1995 3.102 -7.27 1.133
12.05.1995 3.097 -7.268 1.132
13.05.1995 3.082 -7.266 1.132
14.05.1995 3.073 -7.265 1.131
15.05.1995 3.066 -7.263 1.13
16.05.1995 3.058 -7.261 1.129
17.05.1995 3.044 -7.258 1.127
18.05.1995 3.032 -7.256 1.126
19.05.1995 3.018 -7.255 1.125
20.05.1995 3.004 -7.253 1.124
21.05.1995 2.992 -7.251 1.123
22.05.1995 2.979 -7.249 1.122
23.05.1995 2.969 -7.247 1.121
24.05.1995 2.958 -7.244 1.12
25.05.1995 2.943 -7.242 1.118
26.05.1995 2.928 -7.24 1.117
27.05.1995 2.916 -7.238 1.116
28.05.1995 2.909 -7.237 1.115
29.05.1995 2.904 -7.235 1.114
30.05.1995 2.891 -7.233 1.113
31.05.1995 2.879 -7.232 1.112
01.06.1995 2.865 -7.23 1.111
02.06.1995 2.851 -7.228 1.109
03.06.1995 2.841 -7.227 1.108
04.06.1995 2.836 -7.225 1.107
05.06.1995 2.826 -7.224 1.106
06.06.1995 2.82 -7.222 1.106
07.06.1995 2.814 -7.221 1.105
08.06.1995 2.803 -7.22 1.104
09.06.1995 2.795 -7.218 1.103
10.06.1995 2.786 -7.217 1.102
11.06.1995 2.776 -7.214 1.102
12.06.1995 2.765 -7.212 1.101
13.06.1995 2.758 -7.209 1.1
14.06.1995 2.751 -7.208 1.1
15.06.1995 2.744 -7.206 1.099
16.06.1995 2.732 -7.204 1.097
17.06.1995 2.725 -7.203 1.097
18.06.1995 2.719 -7.201 1.096
19.06.1995 2.705 -7.198 1.095
20.06.1995 2.696 -7.197 1.095
21.06.1995 2.688 -7.196 1.093
22.06.1995 2.678 -7.195 1.092
23.06.1995 2.673 -7.193 1.091
24.06.1995 2.662 -7.192 1.09
25.06.1995 2.656 -7.19 1.089
26.06.1995 2.644 -7.189 1.088
27.06.1995 2.637 -7.186 1.087
28.06.1995 2.627 -7.185 1.086
29.06.1995 2.616 -7.184 1.085
30.06.1995 2.606 -7.181 1.084
01.07.1995 2.596 -7.179 1.083
02.07.1995 2.59 -7.178 1.082
03.07.1995 2.584 -7.176 1.081
04.07.1995 2.57 -7.174 1.08
05.07.1995 2.556 -7.172 1.079
06.07.1995 2.544 -7.17 1.078
07.07.1995 2.538 -7.168 1.077
08.07.1995 2.526 -7.167 1.076
09.07.1995 2.515 -7.166 1.074
10.07.1995 2.502 -7.163 1.074
11.07.1995 2.494 -7.162 1.073
12.07.1995 2.481 -7.161 1.072
13.07.1995 2.474 -7.158 1.071
14.07.1995 2.466 -7.156 1.07
15.07.1995 2.451 -7.155 1.069
16.07.1995 2.439 -7.152 1.068
17.07.1995 2.427 -7.151 1.067
18.07.1995 2.421 -7.149 1.066
19.07.1995 2.411 -7.147 1.066
20.07.1995 2.4 -7.144 1.064
21.07.1995 2.394 -7.143 1.063
22.07.1995 2.382 -7.142 1.061
23.07.1995 2.377 -7.14 1.061
24.07.1995 2.363 -7.138 1.06
25.07.1995 2.358 -7.136 1.059
26.07.1995 2.343 -7.134 1.058
27.07.1995 2.333 -7.132 1.057
28.07.1995 2.328 -7.13 1.056
29.07.1995 2.317 -7.129 1.055
30.07.1995 2.309 -7.127 1.054
31.07.1995 2.297 -7.125 1.053
01.08.1995 2.284 -7.124 1.052
02.08.1995 2.27 -7.123 1.051
03.08.1995 2.257 -7.121 1.05
04.08.1995 2.252 -7.119 1.049
05.08.1995 2.237 -7.117 1.048
06.08.1995 2.231 -7.115 1.048
07.08.1995 2.22 -7.114 1.046
08.08.1995 2.207 -7.112 1.045
09.08.1995 2.194 -7.111 1.044
10.08.1995 2.188 -7.109 1.043
11.08.1995 2.179 -7.108 1.042
12.08.1995 2.166 -7.105 1.041
13.08.1995 2.151 -7.104 1.04
14.08.1995 2.139 -7.102 1.04
15.08.1995 2.134 -7.101 1.039
16.08.1995 2.128 -7.099 1.037
17.08.1995 2.113 -7.098 1.037
18.08.1995 2.102 -7.097 1.036
19.08.1995 2.095 -7.095 1.034
20.08.1995 2.084 -7.093 1.033
21.08.1995 2.07 -7.091 1.032
22.08.1995 2.065 -7.09 1.031
23.08.1995 2.055 -7.089 1.031
24.08.1995 2.049 -7.086 1.03
25.08.1995 2.043 -7.084 1.029
26.08.1995 2.031 -7.083 1.028
27.08.1995 2.025 -7.08 1.027
28.08.1995 2.014 -7.078 1.026
29.08.1995 2.005 -7.076 1.024
30.08.1995 1.995 -7.076 1.023
31.08.1995 1.988 -7.074 1.023
01.09.1995 1.979 -7.073 1.022
02.09.1995 1.966 -7.071 1.021
03.09.1995 1.957 -7.069 1.02
04.09.1995 1.948 -7.067 1.019
05.09.1995 1.937 -7.065 1.018
06.09.1995 1.93 -7.063 1.017
07.09.1995 1.918 -7.061 1.016
08.09.1995 1.904 -7.059 1.015
09.09.1995 1.892 -7.058 1.015
10.09.1995 1.878 -7.056 1.014
11.09.1995 1.864 -7.055 1.012
12.09.1995 1.851 -7.054 1.011
13.09.1995 1.843 -7.052 1.011
14.09.1995 1.831 -7.051 1.01
15.09.1995 1.823 -7.049 1.009
16.09.1995 1.815 -7.048 1.009
17.09.1995 1.805 -7.046 1.008
18.09.1995 1.798 -7.044 1.006
19.09.1995 1.788 -7.042 1.005
20.09.1995 1.778 -7.04 1.004
21.09.1995 1.772 -7.038 1.003
22.09.1995 1.757 -7.036 1.002
23.09.1995 1.748 -7.034 1.001
24.09.1995 1.741 -7.033 1.0
25.09.1995 1.728 -7.031 0.998
26.09.1995 1.721 -7.029 0.998
27.09.1995 1.714 -7.027 0.996
28.09.1995 1.707 -7.026 0.995
29.09.1995 1.698 -7.024 0.994
30.09.1995 1.689 -7.023 0.993
01.10.1995 1.679 -7.02 0.992
02.10.1995 1.669 -7.018 0.992
03.10.1995 1.656 -7.017 0.99
04.10.1995 1.642 -7.015 0.99
05.10.1995 1.635 -7.013 0.989
06.10.1995 1.627 -7.012 0.988
07.10.1995 1.615 -7.01 0.986
08.10.1995 1.603 -7.01 0.985
09.10.1995 1.591 -7.007 0.984
10.10.1995 1.586 -7.005 0.983
11.10.1995 1.576 -7.003 0.982
12.10.1995 1.565 -7.002 0.981
13.10.1995 1.56 -6.999 0.98
14.10.1995 1.55 -6.997 0.979
15.10.1995 1.537 -6.995 0.979
16.10.1995 1.528 -6.994 0.977
17.10.1995 1.514 -6.992 0.977
18.10.1995 1.506 -6.99 0.976
19.10.1995 1.492 -6.989 0.975
20.10.1995 1.481 -6.988 0.974
21.10.1995 1.467 -6.986 0.973
22.10.1995 1.453 -6.985 0.972
23.10.1995 1.448 -6.984 0.97
24.10.1995 1.438 -6.983 0.969
25.10.1995 1.425 -6.982 0.969
26.10.1995 1.416 -6.981 0.968
27.10.1995 1.41 -6.98 0.967
28.10.1995 1.399 -6.977 0.967
29.10.1995 1.391 -6.976 0.966
30.10.1995 1.379 -6.975 0.965
31.10.1995 1.373 -6.974 0.964
01.11.1995 1.362 -6.972 0.963
02.11.1995 1.349 -6.97 0.962
03.11.1995 1.343 -6.969 0.961
04.11.1995 1.331 -6.967 0.96
05.11.1995 1.323 -6.966 0.958
06.11.1995 1.313 -6.964 0.957
07.11.1995 1.298 -6.963 0.956
08.11.1995 1.286 -6.961 0.955
09.11.1995 1.28 -6.959 0.955
10.11.1995 1.275 -6.958 0.954
11.11.1995 1.266 -6.957 0.954
12.11.1995 1.252 -6.955 0.953
13.11.1995 1.24 -6.954 0.952
14.11.1995 1.235 -6.952 0.952
15.11.1995 1.222 -6.95 0.951
16.11.1995 1.208 -6.948 0.95
17.11.1995 1.196 -6.946 0.948
18.11.1995 1.185 -6.944 0.948
19.11.1995 1.172 -6.942 0.947
20.11.1995 1.166 -6.939 0.947
21.11.1995 1.156 -6.938 0.946
22.11.1995 1.15 -6.937 0.945
23.11.1995 1.145 -6.936 0.944
24.11.1995 1.139 -6.934 0.943
25.11.1995 1.128 -6.933 0.942
26.11.1995 1.12 -6.931 0.941
27.11.1995 1.112 -6.929 0.94
28.11.1995 1.1 -6.928 0.939
29.11.1995 1.092 -6.926 0.938
30.11.1995 1.087 -6.925 0.937
01.12.1995 1.073 -6.923 0.937
02.12.1995 1.066 -6.92 0.936
03.12.1995 1.057 -6.918 0.935
04.12.1995 1.047 -6.917 0.934
05.12.1995 1.039 -6.915 0.933
06.12.1995 1.034 -6.914 0.932
07.12.1995 1.02 -6.912 0.931
08.12.1995 1.013 -6.91 0.93
09.12.1995 1.004 -6.908 0.929
10.12.1995 0.999 -6.907 0.928
11.12.1995 0.984 -6.905 0.928
12.12.1995 0.972 -6.903 0.926
13.12.1995 0.966 -6.9 0.926
14.12.1995 0.956 -6.899 0.925
15.12.1995 0.942 -6.898 0.924
16.12.1995 0.933 -6.896 0.923
17.12.1995 0.923 -6.895 0.922
18.12.1995 0.914 -6.894 0.921
19.12.1995 0.908 -6.892 0.919
20.12.1995 0.895 -6.891 0.918
21.12.1995 0.881 -6.889 0.918
22.12.1995 0.873 -6.887 0.916
23.12.1995 0.86 -6.885 0.915
24.12.1995 0.848 -6.884 0.914
25.12.1995 0.837 -6.882 0.913
26.12.1995 0.831 -6.88 0.912
27.12.1995 0.822 -6.879 0.912
28.12.1995 0.81 -6.878 0.911
29.12.1995 0.796 -6.876 0.91
30.12.1995 0.781 -6.875 0.909
31.12.1995 0.773 -6.874 0.908
01.01.1996 0.758 -6.872 0.907
02.01.1996 0.752 -6.871 0.906
03.01.1996 0.74 -6.869 0.904
04.01.1996 0.734 -6.867 0.903
05.01.1996 0.724 -6.865 0.903
06.01.1996 0.713 -6.863 0.902
07.01.1996 0.701 -6.862 0.901
08.01.1996 0.693 -6.861 0.9
09.01.1996 0.678 -6.86 0.898
10.01.1996 0.671 -6.859 0.897
11.01.1996 0.66 -6.858 0.896
12.01.1996 0.653 -6.856 0.895
13.01.1996 0.644 -6.855 0.894
14.01.1996 0.636 -6.853 0.893
15.01.1996 0.627 -6.851 0.893
16.01.1996 0.618 -6.85 0.892
17.01.1996 0.604 -6.848 0.891
18.01.1996 0.595 -6.846 0.889
19.01.1996 0.589 -6.845 0.889
20.01.1996 0.575 -6.843 0.888
21.01.1996 0.562 -6.841 0.887
22.01.1996 0.55 -6.84 0.886
23.01.1996 0.537 -6.838 0.885
24.01.1996 0.525 -6.837 0.885
25.01.1996 0.514 -6.835 0.883
26.01.1996 0.508 -6.834 0.883
27.01.1996 0.5 -6.832 0.881
28.01.1996 0.495 -6.831 0.88
29.01.1996 0.488 -6.829 0.879
30.01.1996 0.473 -6.828 0.878
31.01.1996 0.463 -6.826 0.877
01.02.1996 0.454 -6.824 0.876
02.02.1996 0.441 -6.822 0.876
03.02.1996 0.427 -6.821 0.875
04.02.1996 0.42 -6.819 0.874
05.02.1996 0.406 -6.818 0.873
06.02.1996 0.394 -6.816 0.872
07.02.1996 0.386 -6.814 0.87
08.02.1996 0.375 -6.812 0.869
09.02.1996 0.361 -6.811 0.868
10.02.1996 0.353 -6.808 0.867
11.02.1996 0.343 -6.807 0.866
12.02.1996 0.334 -6.806 0.865
13.02.1996 0.326 -6.804 0.863
14.02.1996 0.312 -6.803 0.862
15.02.1996 0.299 -6.801 0.861
16.02.1996 0.29 -6.8 0.86
17.02.1996 0.284 -6.798 0.86
18.02.1996 0.275 -6.797 0.859
19.02.1996 0.262 -6.796 0.858
20.02.1996 0.249 -6.795 0.857
21.02.1996 0.241 -6.793 0.857
22.02.1996 0.233 -6.791 0.856
23.02.1996 0.226 -6.791 0.855
24.02.1996 0.213 -6.789 0.854
25.02.1996 0.202 -6.788 0.852
26.02.1996 0.197 -6.786 0.851
27.02.1996 0.185 -6.783 0.85
28.02.1996 0.179 -6.782 0.849
29.02.1996 0.165 -6.78 0.848
01.03.1996 0.159 -6.779 0.847
02.03.1996 0.146 -6.778 0.846
03.03.1996 0.136 -6.777 0.845
04.03.1996 0.127 -6.775 0.844
05.03.1996 0.12 -6.773 0.843
06.03.1996 0.111 -6.772 0.843
07.03.1996 0.1 -6.77 0.842
08.03.1996 0.091 -6.768 0.841
09.03.1996 0.077 -6.766 0.84
10.03.1996 0.072 -6.765 0.838
11.03.1996 0.062 -6.763 0.837
12.03.1996 0.053 -6.761 0.836
13.03.1996 0.039 -6.759 0.835
14.03.1996 0.033 -6.757 0.833
15.03.1996 0.024 -6.755 0.832
16.03.1996 0.012 -6.753 0.831
17.03.1996 0.001 -6.752 0.83
