05.03.1982 5.592 -6.749 1.332
06.03.1982 5.584 -6.739 1.332
07.03.1982 5.57 -6.732 1.33
08.03.1982 5.557 -6.726 1.33
09.03.1982 5.55 -6.719 1.328
10.03.1982 5.541 -6.714 1.327
11.03.1982 5.526 -6.707 1.326
12.03.1982 5.514 -6.701 1.325
13.03.1982 5.5 -6.697 1.325
14.03.1982 5.486 -6.689 1.324
15.03.1982 5.476 -6.686 1.322
16.03.1982 5.467 -6.681 1.322
17.03.1982 5.453 -6.675 1.321
18.03.1982 5.448 -6.669 1.32
19.03.1982 5.434 -6.663 1.318
20.03.1982 5.424 -6.66 1.317
21.03.1982 5.416 -6.656 1.316
22.03.1982 5.408 -6.651 1.315
23.03.1982 5.397 -6.647 1.314
24.03.1982 5.391 -6.641 1.312
25.03.1982 5.381 -6.635 1.312
26.03.1982 5.371 -6.63 1.311
27.03.1982 5.357 -6.625 1.31
28.03.1982 5.349 -6.623 1.308
29.03.1982 5.338 -6.619 1.307
30.03.1982 5.328 -6.617 1.306
31.03.1982 5.317 -6.614 1.305
01.04.1982 5.304 -6.612 1.305
02.04.1982 5.295 -6.608 1.304
03.04.1982 5.287 -6.603 1.303
04.04.1982 5.274 -6.6 1.302
05.04.1982 5.269 -6.594 1.3
06.04.1982 5.255 -6.591 1.299
07.04.1982 5.242 -6.589 1.298
08.04.1982 5.235 -6.587 1.296
09.04.1982 5.226 -6.582 1.296
10.04.1982 5.212 -6.58 1.294
11.04.1982 5.205 -6.575 1.293
12.04.1982 5.197 -6.571 1.293
13.04.1982 5.187 -6.569 1.291
14.04.1982 5.172 -6.566 1.29
15.04.1982 5.165 -6.562 1.289
16.04.1982 5.159 -6.56 1.288
17.04.1982 5.151 -6.556 1.287
18.04.1982 5.143 -6.554 1.285
19.04.1982 5.129 -6.552 1.284
20.04.1982 5.123 -6.548 1.283
21.04.1982 5.118 -6.545 1.283
22.04.1982 5.109 -6.54 1.282
23.04.1982 5.099 -6.537 1.28
24.04.1982 5.085 -6.533 1.279
25.04.1982 5.075 -6.529 1.279
26.04.1982 5.065 -6.524 1.277
27.04.1982 5.06 -6.522 1.277
28.04.1982 5.045 -6.52 1.276
29.04.1982 5.033 -6.517 1.274
30.04.1982 5.022 -6.515 1.273
01.05.1982 5.013 -6.514 1.271
02.05.1982 4.999 -6.511 1.27
03.05.1982 4.99 -6.509 1.269
04.05.1982 4.985 -6.506 1.269
05.05.1982 4.971 -6.504 1.267
06.05.1982 4.957 -6.5 1.267
07.05.1982 4.952 -6.499 1.265
08.05.1982 4.942 -6.497 1.265
09.05.1982 4.931 -6.495 1.264
10.05.1982 4.926 -6.491 1.262
11.05.1982 4.914 -6.488 1.262
12.05.1982 4.908 -6.486 1.261
13.05.1982 4.897 -6.482 1.259
14.05.1982 4.885 -6.478 1.258
15.05.1982 4.872 -6.477 1.257
16.05.1982 4.863 -6.474 1.255
17.05.1982 4.849 -6.47 1.254
18.05.1982 4.837 -6.468 1.253
19.05.1982 4.83 -6.465 1.252
20.05.1982 4.815 -6.463 1.251
21.05.1982 4.803 -6.459 1.251
22.05.1982 4.793 -6.456 1.25
23.05.1982 4.787 -6.453 1.249
24.05.1982 4.777 -6.45 1.249
25.05.1982 4.768 -6.449 1.248
26.05.1982 4.762 -6.447 1.247
27.05.1982 4.747 -6.443 1.246
28.05.1982 4.74 -6.441 1.245
29.05.1982 4.734 -6.437 1.244
30.05.1982 4.723 -6.436 1.243
31.05.1982 4.717 -6.433 1.242
01.06.1982 4.707 -6.431 1.241
02.06.1982 4.697 -6.428 1.24
03.06.1982 4.689 -6.427 1.239
04.06.1982 4.681 -6.424 1.238
05.06.1982 4.667 -6.422 1.237
06.06.1982 4.654 -6.42 1.236
07.06.1982 4.646 -6.417 1.235
08.06.1982 4.633 -6.415 1.233
09.06.1982 4.624 -6.414 1.233
10.06.1982 4.611 -6.411 1.232
11.06.1982 4.599 -6.409 1.231
12.06.1982 4.592 -6.406 1.23
13.06.1982 4.584 -6.403 1.229
14.06.1982 4.577 -6.399 1.228
15.06.1982 4.564 -6.397 1.226
16.06.1982 4.552 -6.395 1.225
17.06.1982 4.538 -6.393 1.224
18.06.1982 4.528 -6.39 1.223
19.06.1982 4.514 -6.388 1.222
20.06.1982 4.505 -6.386 1.222
21.06.1982 4.491 -6.384 1.221
22.06.1982 4.481 -6.382 1.22
23.06.1982 4.473 -6.379 1.219
24.06.1982 4.46 -6.378 1.218
25.06.1982 4.445 -6.376 1.217
26.06.1982 4.437 -6.374 1.215
27.06.1982 4.427 -6.371 1.214
28.06.1982 4.413 -6.368 1.214
29.06.1982 4.4 -6.365 1.212
30.06.1982 4.392 -6.362 1.212
01.07.1982 4.386 -6.359 1.211
02.07.1982 4.377 -6.357 1.209
03.07.1982 4.368 -6.355 1.208
04.07.1982 4.354 -6.353 1.207
05.07.1982 4.342 -6.352 1.207
06.07.1982 4.336 -6.349 1.206
07.07.1982 4.323 -6.347 1.205
08.07.1982 4.313 -6.346 1.204
09.07.1982 4.305 -6.342 1.203
10.07.1982 4.291 -6.339 1.202
11.07.1982 4.286 -6.337 1.202
12.07.1982 4.275 -6.335 1.201
13.07.1982 4.268 -6.334 1.2
14.07.1982 4.262 -6.332 1.199
15.07.1982 4.256 -6.33 1.198
16.07.1982 4.247 -6.327 1.196
17.07.1982 4.241 -6.324 1.196
18.07.1982 4.227 -6.322 1.194
19.07.1982 4.216 -6.32 1.193
20.07.1982 4.205 -6.319 1.193
21.07.1982 4.192 -6.317 1.192
22.07.1982 4.186 -6.314 1.19
23.07.1982 4.18 -6.312 1.189
24.07.1982 4.168 -6.31 1.188
25.07.1982 4.16 -6.307 1.187
26.07.1982 4.151 -6.305 1.186
27.07.1982 4.142 -6.302 1.185
28.07.1982 4.134 -6.299 1.184
29.07.1982 4.128 -6.296 1.183
30.07.1982 4.119 -6.292 1.181
31.07.1982 4.104 -6.29 1.18
01.08.1982 4.099 -6.288 1.179
02.08.1982 4.087 -6.286 1.179
03.08.1982 4.075 -6.285 1.177
04.08.1982 4.065 -6.283 1.176
05.08.1982 4.054 -6.28 1.175
06.08.1982 4.048 -6.278 1.174
07.08.1982 4.04 -6.275 1.173
08.08.1982 4.029 -6.273 1.172
09.08.1982 4.023 -6.27 1.17
10.08.1982 4.01 -6.267 1.17
11.08.1982 3.997 -6.265 1.169
12.08.1982 3.984 -6.264 1.168
13.08.1982 3.973 -6.262 1.167
14.08.1982 3.96 -6.261 1.166
15.08.1982 3.946 -6.258 1.165
16.08.1982 3.936 -6.255 1.164
17.08.1982 3.921 -6.253 1.163
18.08.1982 3.912 -6.251 1.162
19.08.1982 3.898 -6.248 1.161
20.08.1982 3.888 -6.246 1.16
21.08.1982 3.882 -6.243 1.159
22.08.1982 3.868 -6.24 1.158
23.08.1982 3.861 -6.239 1.158
24.08.1982 3.847 -6.236 1.157
25.08.1982 3.841 -6.234 1.156
26.08.1982 3.832 -6.231 1.154
27.08.1982 3.827 -6.229 1.154
28.08.1982 3.82 -6.228 1.153
29.08.1982 3.807 -6.225 1.153
30.08.1982 3.798 -6.223 1.151
31.08.1982 3.787 -6.221 1.151
01.09.1982 3.776 -6.22 1.15
02.09.1982 3.761 -6.218 1.149
03.09.1982 3.749 -6.216 1.148
04.09.1982 3.734 -6.214 1.147
05.09.1982 3.721 -6.212 1.146
06.09.1982 3.715 -6.21 1.145
07.09.1982 3.707 -6.208 1.144
08.09.1982 3.692 -6.206 1.143
09.09.1982 3.682 -6.204 1.141
10.09.1982 3.672 -6.201 1.141
11.09.1982 3.663 -6.199 1.14
12.09.1982 3.657 -6.196 1.139
13.09.1982 3.648 -6.195 1.138
14.09.1982 3.636 -6.193 1.137
15.09.1982 3.624 -6.191 1.136
16.09.1982 3.618 -6.19 1.135
17.09.1982 3.612 -6.187 1.134
18.09.1982 3.599 -6.185 1.133
19.09.1982 3.587 -6.182 1.132
20.09.1982 3.581 -6.179 1.131
21.09.1982 3.566 -6.177 1.13
22.09.1982 3.557 -6.174 1.129
23.09.1982 3.544 -6.172 1.128
24.09.1982 3.531 -6.171 1.127
25.09.1982 3.517 -6.169 1.126
26.09.1982 3.508 -6.168 1.125
27.09.1982 3.498 -6.165 1.123
28.09.1982 3.486 -6.163 1.123
29.09.1982 3.473 -6.162 1.122
30.09.1982 3.463 -6.16 1.121
01.10.1982 3.45 -6.158 1.12
02.10.1982 3.445 -6.155 1.119
03.10.1982 3.437 -6.153 1.118
04.10.1982 3.427 -6.151 1.118
05.10.1982 3.418 -6.148 1.116
06.10.1982 3.405 -6.146 1.115
07.10.1982 3.4 -6.143 1.114
08.10.1982 3.386 -6.14 1.113
09.10.1982 3.381 -6.139 1.113
10.10.1982 3.371 -6.138 1.112
11.10.1982 3.358 -6.136 1.11
12.10.1982 3.343 -6.135 1.109
13.10.1982 3.338 -6.134 1.108
14.10.1982 3.33 -6.131 1.108
15.10.1982 3.321 -6.13 1.107
16.10.1982 3.309 -6.129 1.106
17.10.1982 3.296 -6.127 1.105
18.10.1982 3.29 -6.124 1.104
19.10.1982 3.281 -6.122 1.103
20.10.1982 3.276 -6.119 1.102
21.10.1982 3.27 -6.118 1.101
22.10.1982 3.257 -6.116 1.1
23.10.1982 3.245 -6.115 1.098
24.10.1982 3.232 -6.113 1.098
25.10.1982 3.217 -6.112 1.097
26.10.1982 3.211 -6.11 1.095
27.10.1982 3.203 -6.109 1.095
28.10.1982 3.196 -6.106 1.094
29.10.1982 3.188 -6.104 1.093
30.10.1982 3.183 -6.102 1.092
31.10.1982 3.178 -6.1 1.092
01.11.1982 3.171 -6.098 1.09
02.11.1982 3.165 -6.096 1.089
03.11.1982 3.15 -6.094 1.088
04.11.1982 3.145 -6.091 1.087
05.11.1982 3.132 -6.09 1.087
06.11.1982 3.127 -6.088 1.086
07.11.1982 3.116 -6.086 1.085
08.11.1982 3.109 -6.084 1.084
09.11.1982 3.103 -6.082 1.083
10.11.1982 3.09 -6.08 1.082
11.11.1982 3.079 -6.079 1.082
12.11.1982 3.073 -6.078 1.08
13.11.1982 3.066 -6.076 1.079
14.11.1982 3.056 -6.075 1.078
15.11.1982 3.045 -6.073 1.077
16.11.1982 3.036 -6.071 1.077
17.11.1982 3.025 -6.069 1.076
18.11.1982 3.018 -6.067 1.075
19.11.1982 3.012 -6.065 1.074
20.11.1982 3.006 -6.063 1.073
21.11.1982 2.993 -6.061 1.072
22.11.1982 2.982 -6.06 1.071
23.11.1982 2.977 -6.058 1.07
24.11.1982 2.963 -6.056 1.069
25.11.1982 2.951 -6.054 1.068
26.11.1982 2.94 -6.052 1.066
27.11.1982 2.928 -6.05 1.065
28.11.1982 2.919 -6.049 1.064
29.11.1982 2.912 -6.048 1.063
30.11.1982 2.903 -6.047 1.063
01.12.1982 2.895 -6.045 1.062
02.12.1982 2.882 -6.043 1.06
03.12.1982 2.871 -6.041 1.059
04.12.1982 2.859 -6.038 1.058
05.12.1982 2.85 -6.036 1.056
06.12.1982 2.84 -6.035 1.056
07.12.1982 2.831 -6.032 1.055
08.12.1982 2.816 -6.03 1.053
09.12.1982 2.808 -6.028 1.052
10.12.1982 2.794 -6.027 1.051
11.12.1982 2.785 -6.026 1.05
12.12.1982 2.773 -6.025 1.05
13.12.1982 2.763 -6.022 1.049
14.12.1982 2.755 -6.02 1.048
15.12.1982 2.749 -6.018 1.047
16.12.1982 2.74 -6.015 1.046
17.12.1982 2.734 -6.013 1.045
18.12.1982 2.726 -6.011 1.044
19.12.1982 2.714 -6.008 1.044
20.12.1982 2.705 -6.006 1.042
21.12.1982 2.695 -6.005 1.041
22.12.1982 2.686 -6.003 1.041
23.12.1982 2.673 -6.001 1.04
24.12.1982 2.665 -6.0 1.039
25.12.1982 2.652 -5.999 1.038
26.12.1982 2.639 -5.996 1.037
27.12.1982 2.627 -5.994 1.036
28.12.1982 2.613 -5.991 1.036
29.12.1982 2.599 -5.989 1.034
30.12.1982 2.59 -5.988 1.033
31.12.1982 2.575 -5.986 1.032
01.01.1983 2.561 -5.985 1.031
02.01.1983 2.555 -5.983 1.03
03.01.1983 2.542 -5.981 1.029
04.01.1983 2.532 -5.979 1.029
05.01.1983 2.519 -5.978 1.028
06.01.1983 2.504 -5.977 1.027
07.01.1983 2.498 -5.975 1.026
08.01.1983 2.486 -5.974 1.026
09.01.1983 2.478 -5.971 1.025
10.01.1983 2.472 -5.969 1.024
11.01.1983 2.46 -5.967 1.023
12.01.1983 2.455 -5.965 1.022
13.01.1983 2.445 -5.963 1.021
14.01.1983 2.439 -5.962 1.02
15.01.1983 2.427 -5.961 1.019
16.01.1983 2.421 -5.96 1.018
17.01.1983 2.41 -5.958 1.017
18.01.1983 2.398 -5.957 1.016
19.01.1983 2.393 -5.955 1.015
20.01.1983 2.384 -5.953 1.014
21.01.1983 2.374 -5.951 1.013
22.01.1983 2.364 -5.95 1.012
23.01.1983 2.354 -5.949 1.012
24.01.1983 2.342 -5.946 1.011
25.01.1983 2.336 -5.944 1.01
26.01.1983 2.321 -5.942 1.008
27.01.1983 2.311 -5.941 1.007
28.01.1983 2.304 -5.939 1.006
29.01.1983 2.291 -5.937 1.005
30.01.1983 2.281 -5.936 1.003
31.01.1983 2.276 -5.934 1.002
01.02.1983 2.269 -5.932 1.002
02.02.1983 2.263 -5.93 1.001
03.02.1983 2.254 -5.928 1.0
04.02.1983 2.248 -5.926 0.999
05.02.1983 2.239 -5.923 0.998
06.02.1983 2.231 -5.922 0.996
07.02.1983 2.217 -5.92 0.995
08.02.1983 2.207 -5.919 0.994
09.02.1983 2.196 -5.917 0.993
10.02.1983 2.186 -5.915 0.992
11.02.1983 2.172 -5.914 0.991
12.02.1983 2.16 -5.912 0.99
13.02.1983 2.145 -5.91 0.99
14.02.1983 2.137 -5.908 0.988
15.02.1983 2.131 -5.906 0.987
16.02.1983 2.122 -5.904 0.986
17.02.1983 2.11 -5.902 0.985
18.02.1983 2.104 -5.901 0.984
19.02.1983 2.093 -5.899 0.984
20.02.1983 2.081 -5.897 0.983
21.02.1983 2.073 -5.896 0.983
22.02.1983 2.062 -5.894 0.981
23.02.1983 2.055 -5.892 0.98
24.02.1983 2.047 -5.89 0.98
25.02.1983 2.033 -5.889 0.979
26.02.1983 2.021 -5.887 0.977
27.02.1983 2.009 -5.886 0.976
28.02.1983 1.999 -5.885 0.975
01.03.1983 1.989 -5.882 0.974
02.03.1983 1.979 -5.88 0.974
03.03.1983 1.969 -5.878 0.973
04.03.1983 1.963 -5.877 0.972
05.03.1983 1.948 -5.875 0.972
06.03.1983 1.939 -5.873 0.971
07.03.1983 1.925 -5.871 0.97
08.03.1983 1.915 -5.87 0.969
09.03.1983 1.902 -5.869 0.968
10.03.1983 1.895 -5.868 0.967
11.03.1983 1.88 -5.866 0.966
12.03.1983 1.867 -5.865 0.965
13.03.1983 1.857 -5.863 0.964
14.03.1983 1.85 -5.862 0.963
15.03.1983 1.842 -5.86 0.961
16.03.1983 1.836 -5.859 0.961
17.03.1983 1.824 -5.857 0.959
18.03.1983 1.817 -5.856 0.959
19.03.1983 1.811 -5.855 0.957
20.03.1983 1.804 -5.854 0.957
21.03.1983 1.797 -5.852 0.956
22.03.1983 1.787 -5.85 0.955
23.03.1983 1.773 -5.848 0.954
24.03.1983 1.76 -5.847 0.953
25.03.1983 1.753 -5.845 0.953
26.03.1983 1.745 -5.844 0.951
27.03.1983 1.735 -5.842 0.95
28.03.1983 1.725 -5.84 0.95
29.03.1983 1.718 -5.839 0.949
30.03.1983 1.704 -5.838 0.948
31.03.1983 1.693 -5.837 0.947
01.04.1983 1.688 -5.835 0.945
02.04.1983 1.675 -5.833 0.944
03.04.1983 1.666 -5.831 0.943
04.04.1983 1.659 -5.829 0.942
05.04.1983 1.651 -5.828 0.94
06.04.1983 1.643 -5.827 0.939
07.04.1983 1.628 -5.825 0.939
08.04.1983 1.618 -5.823 0.937
09.04.1983 1.604 -5.822 0.936
10.04.1983 1.598 -5.82 0.935
11.04.1983 1.59 -5.818 0.935
12.04.1983 1.582 -5.816 0.934
13.04.1983 1.568 -5.814 0.933
14.04.1983 1.561 -5.813 0.932
15.04.1983 1.554 -5.812 0.932
16.04.1983 1.543 -5.81 0.93
17.04.1983 1.535 -5.809 0.929
18.04.1983 1.524 -5.808 0.928
19.04.1983 1.519 -5.806 0.927
20.04.1983 1.51 -5.804 0.925
21.04.1983 1.498 -5.801 0.924
22.04.1983 1.489 -5.8 0.923
23.04.1983 1.476 -5.799 0.922
24.04.1983 1.463 -5.797 0.921
25.04.1983 1.455 -5.796 0.92
26.04.1983 1.445 -5.794 0.919
27.04.1983 1.434 -5.792 0.918
28.04.1983 1.424 -5.791 0.917
29.04.1983 1.418 -5.79 0.916
30.04.1983 1.405 -5.788 0.915
01.05.1983 1.391 -5.786 0.914
02.05.1983 1.382 -5.784 0.913
03.05.1983 1.375 -5.783 0.912
04.05.1983 1.364 -5.781 0.91
05.05.1983 1.352 -5.78 0.91
06.05.1983 1.339 -5.778 0.909
07.05.1983 1.33 -5.776 0.908
08.05.1983 1.317 -5.774 0.907
09.05.1983 1.303 -5.773 0.906
10.05.1983 1.288 -5.771 0.905
11.05.1983 1.279 -5.769 0.904
12.05.1983 1.268 -5.768 0.903
13.05.1983 1.259 -5.766 0.902
14.05.1983 1.249 -5.765 0.902
15.05.1983 1.244 -5.763 0.901
16.05.1983 1.231 -5.762 0.899
17.05.1983 1.223 -5.761 0.898
18.05.1983 1.209 -5.759 0.897
19.05.1983 1.2 -5.758 0.897
20.05.1983 1.195 -5.757 0.896
21.05.1983 1.184 -5.755 0.895
22.05.1983 1.175 -5.753 0.893
23.05.1983 1.168 -5.751 0.893
24.05.1983 1.162 -5.75 0.891
25.05.1983 1.157 -5.749 0.89
26.05.1983 1.143 -5.747 0.889
27.05.1983 1.133 -5.745 0.888
28.05.1983 1.119 -5.744 0.888
29.05.1983 1.11 -5.742 0.887
30.05.1983 1.098 -5.741 0.886
31.05.1983 1.083 -5.74 0.885
01.06.1983 1.074 -5.739 0.884
02.06.1983 1.063 -5.737 0.884
03.06.1983 1.056 -5.735 0.883
04.06.1983 1.049 -5.733 0.882
05.06.1983 1.044 -5.731 0.88
06.06.1983 1.029 -5.73 0.879
07.06.1983 1.017 -5.729 0.878
08.06.1983 1.007 -5.727 0.877
09.06.1983 0.993 -5.725 0.876
10.06.1983 0.983 -5.723 0.875
11.06.1983 0.969 -5.721 0.874
12.06.1983 0.958 -5.72 0.873
13.06.1983 0.948 -5.719 0.872
14.06.1983 0.943 -5.718 0.871
15.06.1983 0.933 -5.717 0.87
16.06.1983 0.922 -5.715 0.869
17.06.1983 0.909 -5.714 0.868
18.06.1983 0.895 -5.712 0.867
19.06.1983 0.888 -5.71 0.866
20.06.1983 0.877 -5.708 0.864
21.06.1983 0.871 -5.706 0.863
22.06.1983 0.861 -5.705 0.862
23.06.1983 0.855 -5.704 0.861
24.06.1983 0.841 -5.702 0.861
25.06.1983 0.827 -5.701 0.86
26.06.1983 0.821 -5.7 0.859
27.06.1983 0.808 -5.699 0.858
28.06.1983 0.795 -5.698 0.857
29.06.1983 0.784 -5.697 0.855
30.06.1983 0.774 -5.695 0.855
01.07.1983 0.759 -5.693 0.854
02.07.1983 0.753 -5.691 0.853
03.07.1983 0.747 -5.689 0.851
04.07.1983 0.735 -5.687 0.851
05.07.1983 0.729 -5.685 0.85
06.07.1983 0.722 -5.683 0.849
07.07.1983 0.715 -5.682 0.847
08.07.1983 0.705 -5.681 0.846
09.07.1983 0.692 -5.679 0.845
10.07.1983 0.681 -5.677 0.845
11.07.1983 0.668 -5.676 0.843
12.07.1983 0.662 -5.675 0.842
13.07.1983 0.648 -5.674 0.841
14.07.1983 0.634 -5.673 0.84
15.07.1983 0.625 -5.671 0.839
16.07.1983 0.614 -5.67 0.839
17.07.1983 0.605 -5.668 0.838
18.07.1983 0.597 -5.666 0.836
19.07.1983 0.591 -5.665 0.835
20.07.1983 0.581 -5.664 0.834
21.07.1983 0.572 -5.662 0.833
22.07.1983 0.559 -5.661 0.832
23.07.1983 0.55 -5.659 0.831
24.07.1983 0.543 -5.658 0.83
25.07.1983 0.534 -5.657 0.828
26.07.1983 0.522 -5.656 0.828
27.07.1983 0.508 -5.654 0.827
28.07.1983 0.497 -5.652 0.825
29.07.1983 0.487 -5.651 0.825
30.07.1983 0.481 -5.649 0.823
31.07.1983 0.475 -5.648 0.823
01.08.1983 0.467 -5.646 0.822
02.08.1983 0.46 -5.644 0.821
03.08.1983 0.453 -5.642 0.82
04.08.1983 0.44 -5.64 0.819
05.08.1983 0.434 -5.639 0.818
06.08.1983 0.42 -5.638 0.817
07.08.1983 0.411 -5.637 0.816
08.08.1983 0.405 -5.635 0.815
09.08.1983 0.4 -5.634 0.814
10.08.1983 0.39 -5.633 0.813
11.08.1983 0.38 -5.631 0.813
12.08.1983 0.371 -5.629 0.811
13.08.1983 0.358 -5.628 0.81
14.08.1983 0.352 -5.627 0.809
15.08.1983 0.346 -5.625 0.808
16.08.1983 0.337 -5.624 0.807
17.08.1983 0.326 -5.623 0.806
18.08.1983 0.311 -5.622 0.805
19.08.1983 0.3 -5.62 0.804
20.08.1983 0.293 -5.619 0.804
21.08.1983 0.284 -5.618 0.802
22.08.1983 0.269 -5.617 0.801
23.08.1983 0.263 -5.616 0.8
24.08.1983 0.251 -5.614 0.798
25.08.1983 0.246 -5.613 0.798
26.08.1983 0.233 -5.611 0.797
27.08.1983 0.228 -5.61 0.796
28.08.1983 0.221 -5.609 0.795
29.08.1983 0.209 -5.607 0.794
30.08.1983 0.203 -5.605 0.793
31.08.1983 0.192 -5.604 0.792
01.09.1983 0.181 -5.603 0.791
02.09.1983 0.176 -5.602 0.79
03.09.1983 0.163 -5.6 0.789
04.09.1983 0.154 -5.598 0.788
05.09.1983 0.145 -5.597 0.786
06.09.1983 0.131 -5.596 0.786
07.09.1983 0.119 -5.594 0.785
08.09.1983 0.108 -5.593 0.784
09.09.1983 0.095 -5.591 0.783
10.09.1983 0.086 -5.589 0.781
11.09.1983 0.077 -5.588 0.78
12.09.1983 0.067 -5.587 0.779
13.09.1983 0.059 -5.586 0.779
14.09.1983 0.051 -5.584 0.778
15.09.1983 0.045 -5.583 0.777
16.09.1983 0.036 -5.583 0.776
17.09.1983 0.026 -5.581 0.775
18.09.1983 0.015 -5.579 0.774
19.09.1983 0.008 -5.578 0.773
