14.02.1994 5.276 -6.156 1.314
15.02.1994 5.268 -6.149 1.313
16.02.1994 5.261 -6.139 1.312
17.02.1994 5.253 -6.135 1.31
18.02.1994 5.24 -6.126 1.309
19.02.1994 5.232 -6.117 1.308
20.02.1994 5.223 -6.11 1.307
21.02.1994 5.218 -6.104 1.306
22.02.1994 5.208 -6.1 1.305
23.02.1994 5.195 -6.095 1.303
24.02.1994 5.188 -6.09 1.302
25.02.1994 5.179 -6.085 1.301
26.02.1994 5.166 -6.08 1.299
27.02.1994 5.153 -6.073 1.299
28.02.1994 5.143 -6.067 1.297
01.03.1994 5.137 -6.062 1.297
02.03.1994 5.129 -6.059 1.295
03.03.1994 5.115 -6.054 1.294
04.03.1994 5.103 -6.05 1.293
05.03.1994 5.095 -6.047 1.292
06.03.1994 5.083 -6.042 1.291
07.03.1994 5.075 -6.037 1.29
08.03.1994 5.064 -6.033 1.289
09.03.1994 5.058 -6.029 1.288
10.03.1994 5.046 -6.027 1.287
11.03.1994 5.035 -6.021 1.286
12.03.1994 5.03 -6.018 1.285
13.03.1994 5.015 -6.015 1.285
14.03.1994 5.004 -6.01 1.284
15.03.1994 4.993 -6.005 1.282
16.03.1994 4.981 -6.003 1.282
17.03.1994 4.967 -5.999 1.281
18.03.1994 4.959 -5.997 1.28
19.03.1994 4.951 -5.992 1.28
20.03.1994 4.942 -5.987 1.278
21.03.1994 4.934 -5.983 1.277
22.03.1994 4.925 -5.978 1.276
23.03.1994 4.915 -5.975 1.276
24.03.1994 4.907 -5.971 1.274
25.03.1994 4.893 -5.969 1.273
26.03.1994 4.885 -5.964 1.272
27.03.1994 4.872 -5.961 1.27
28.03.1994 4.859 -5.957 1.27
29.03.1994 4.853 -5.953 1.269
30.03.1994 4.846 -5.951 1.267
31.03.1994 4.834 -5.949 1.267
01.04.1994 4.822 -5.947 1.266
02.04.1994 4.807 -5.943 1.265
03.04.1994 4.796 -5.94 1.264
04.04.1994 4.786 -5.937 1.263
05.04.1994 4.777 -5.934 1.263
06.04.1994 4.769 -5.931 1.262
07.04.1994 4.755 -5.928 1.261
08.04.1994 4.75 -5.925 1.261
09.04.1994 4.741 -5.921 1.26
10.04.1994 4.726 -5.918 1.259
11.04.1994 4.714 -5.914 1.258
12.04.1994 4.704 -5.911 1.257
13.04.1994 4.695 -5.909 1.256
14.04.1994 4.681 -5.907 1.255
15.04.1994 4.673 -5.904 1.254
16.04.1994 4.665 -5.902 1.253
17.04.1994 4.652 -5.899 1.252
18.04.1994 4.643 -5.896 1.252
19.04.1994 4.636 -5.892 1.25
20.04.1994 4.626 -5.889 1.249
21.04.1994 4.618 -5.887 1.249
22.04.1994 4.604 -5.885 1.248
23.04.1994 4.598 -5.883 1.246
24.04.1994 4.587 -5.88 1.245
25.04.1994 4.573 -5.876 1.244
26.04.1994 4.562 -5.874 1.243
27.04.1994 4.548 -5.871 1.242
28.04.1994 4.539 -5.867 1.242
29.04.1994 4.533 -5.865 1.241
30.04.1994 4.523 -5.862 1.24
01.05.1994 4.518 -5.859 1.239
02.05.1994 4.504 -5.856 1.238
03.05.1994 4.49 -5.854 1.237
04.05.1994 4.475 -5.853 1.237
05.05.1994 4.466 -5.851 1.236
06.05.1994 4.454 -5.848 1.235
07.05.1994 4.446 -5.844 1.234
08.05.1994 4.438 -5.841 1.233
09.05.1994 4.427 -5.839 1.233
10.05.1994 4.421 -5.836 1.231
11.05.1994 4.414 -5.832 1.231
12.05.1994 4.403 -5.83 1.229
13.05.1994 4.394 -5.829 1.228
14.05.1994 4.387 -5.825 1.227
15.05.1994 4.373 -5.821 1.226
16.05.1994 4.366 -5.818 1.224
17.05.1994 4.355 -5.814 1.223
18.05.1994 4.343 -5.81 1.222
19.05.1994 4.332 -5.809 1.222
20.05.1994 4.32 -5.806 1.221
21.05.1994 4.308 -5.805 1.22
22.05.1994 4.297 -5.803 1.219
23.05.1994 4.292 -5.802 1.219
24.05.1994 4.285 -5.798 1.218
25.05.1994 4.276 -5.797 1.217
26.05.1994 4.266 -5.793 1.215
27.05.1994 4.256 -5.79 1.214
28.05.1994 4.244 -5.788 1.214
29.05.1994 4.233 -5.786 1.212
30.05.1994 4.222 -5.783 1.212
31.05.1994 4.215 -5.78 1.211
01.06.1994 4.206 -5.777 1.209
02.06.1994 4.194 -5.775 1.208
03.06.1994 4.188 -5.773 1.207
04.06.1994 4.182 -5.769 1.206
05.06.1994 4.174 -5.767 1.205
06.06.1994 4.162 -5.765 1.204
07.06.1994 4.152 -5.762 1.203
08.06.1994 4.14 -5.76 1.202
09.06.1994 4.126 -5.758 1.201
10.06.1994 4.121 -5.755 1.2
11.06.1994 4.115 -5.754 1.199
12.06.1994 4.109 -5.752 1.198
13.06.1994 4.096 -5.749 1.196
14.06.1994 4.089 -5.747 1.195
15.06.1994 4.076 -5.744 1.194
16.06.1994 4.065 -5.742 1.193
17.06.1994 4.057 -5.74 1.192
18.06.1994 4.047 -5.738 1.19
19.06.1994 4.034 -5.736 1.19
20.06.1994 4.022 -5.734 1.188
21.06.1994 4.008 -5.731 1.187
22.06.1994 3.993 -5.728 1.186
23.06.1994 3.979 -5.726 1.185
24.06.1994 3.974 -5.723 1.184
25.06.1994 3.96 -5.722 1.184
26.06.1994 3.952 -5.719 1.182
27.06.1994 3.946 -5.715 1.181
28.06.1994 3.932 -5.714 1.18
29.06.1994 3.925 -5.712 1.179
30.06.1994 3.915 -5.709 1.178
01.07.1994 3.905 -5.706 1.177
02.07.1994 3.896 -5.703 1.176
03.07.1994 3.887 -5.699 1.176
04.07.1994 3.876 -5.698 1.175
05.07.1994 3.863 -5.696 1.174
06.07.1994 3.852 -5.693 1.173
07.07.1994 3.838 -5.691 1.172
08.07.1994 3.832 -5.689 1.171
09.07.1994 3.823 -5.686 1.171
10.07.1994 3.815 -5.684 1.17
11.07.1994 3.801 -5.683 1.169
12.07.1994 3.789 -5.681 1.169
13.07.1994 3.775 -5.679 1.167
14.07.1994 3.769 -5.677 1.166
15.07.1994 3.762 -5.675 1.166
16.07.1994 3.755 -5.674 1.164
17.07.1994 3.742 -5.671 1.163
18.07.1994 3.73 -5.67 1.162
19.07.1994 3.72 -5.667 1.161
20.07.1994 3.711 -5.665 1.159
21.07.1994 3.699 -5.663 1.158
22.07.1994 3.692 -5.662 1.157
23.07.1994 3.679 -5.66 1.156
24.07.1994 3.665 -5.658 1.155
25.07.1994 3.654 -5.655 1.154
26.07.1994 3.644 -5.652 1.154
27.07.1994 3.63 -5.65 1.153
28.07.1994 3.621 -5.648 1.152
29.07.1994 3.609 -5.647 1.151
30.07.1994 3.601 -5.644 1.15
31.07.1994 3.591 -5.641 1.15
01.08.1994 3.578 -5.64 1.149
02.08.1994 3.572 -5.639 1.147
03.08.1994 3.558 -5.636 1.146
04.08.1994 3.55 -5.634 1.145
05.08.1994 3.538 -5.632 1.144
06.08.1994 3.524 -5.631 1.143
07.08.1994 3.517 -5.629 1.142
08.08.1994 3.508 -5.626 1.141
09.08.1994 3.497 -5.625 1.141
10.08.1994 3.486 -5.623 1.14
11.08.1994 3.479 -5.621 1.139
12.08.1994 3.47 -5.62 1.138
13.08.1994 3.462 -5.617 1.137
14.08.1994 3.449 -5.614 1.136
15.08.1994 3.44 -5.613 1.135
16.08.1994 3.428 -5.611 1.134
17.08.1994 3.42 -5.609 1.133
18.08.1994 3.408 -5.608 1.132
19.08.1994 3.399 -5.606 1.131
20.08.1994 3.385 -5.604 1.13
21.08.1994 3.375 -5.602 1.129
22.08.1994 3.364 -5.6 1.128
23.08.1994 3.356 -5.597 1.127
24.08.1994 3.349 -5.595 1.126
25.08.1994 3.342 -5.593 1.126
26.08.1994 3.334 -5.59 1.125
27.08.1994 3.322 -5.588 1.124
28.08.1994 3.317 -5.587 1.123
29.08.1994 3.31 -5.585 1.122
30.08.1994 3.296 -5.583 1.121
31.08.1994 3.289 -5.581 1.12
01.09.1994 3.276 -5.578 1.118
02.09.1994 3.27 -5.575 1.117
03.09.1994 3.262 -5.572 1.117
04.09.1994 3.257 -5.57 1.116
05.09.1994 3.251 -5.568 1.115
06.09.1994 3.24 -5.565 1.114
07.09.1994 3.228 -5.563 1.112
08.09.1994 3.22 -5.562 1.112
09.09.1994 3.208 -5.561 1.111
10.09.1994 3.2 -5.559 1.11
11.09.1994 3.192 -5.558 1.109
12.09.1994 3.178 -5.556 1.108
13.09.1994 3.164 -5.555 1.107
14.09.1994 3.159 -5.553 1.106
15.09.1994 3.153 -5.55 1.105
16.09.1994 3.143 -5.549 1.104
17.09.1994 3.129 -5.547 1.103
18.09.1994 3.118 -5.545 1.103
19.09.1994 3.103 -5.543 1.102
20.09.1994 3.092 -5.542 1.1
21.09.1994 3.083 -5.541 1.1
22.09.1994 3.072 -5.539 1.099
23.09.1994 3.06 -5.536 1.098
24.09.1994 3.049 -5.534 1.097
25.09.1994 3.036 -5.532 1.097
26.09.1994 3.025 -5.53 1.095
27.09.1994 3.014 -5.527 1.094
28.09.1994 3.002 -5.524 1.093
29.09.1994 2.994 -5.521 1.093
30.09.1994 2.98 -5.519 1.092
01.10.1994 2.971 -5.518 1.091
02.10.1994 2.965 -5.516 1.09
03.10.1994 2.956 -5.515 1.089
04.10.1994 2.948 -5.514 1.089
05.10.1994 2.942 -5.512 1.088
06.10.1994 2.936 -5.51 1.087
07.10.1994 2.927 -5.507 1.085
08.10.1994 2.917 -5.505 1.084
09.10.1994 2.91 -5.504 1.083
10.10.1994 2.905 -5.503 1.082
11.10.1994 2.894 -5.501 1.081
12.10.1994 2.882 -5.5 1.081
13.10.1994 2.875 -5.499 1.079
14.10.1994 2.87 -5.497 1.078
15.10.1994 2.865 -5.496 1.077
16.10.1994 2.854 -5.494 1.076
17.10.1994 2.844 -5.493 1.074
18.10.1994 2.834 -5.491 1.073
19.10.1994 2.824 -5.488 1.072
20.10.1994 2.816 -5.486 1.071
21.10.1994 2.805 -5.485 1.07
22.10.1994 2.796 -5.483 1.069
23.10.1994 2.786 -5.48 1.068
24.10.1994 2.772 -5.478 1.067
25.10.1994 2.764 -5.477 1.066
26.10.1994 2.754 -5.476 1.065
27.10.1994 2.744 -5.474 1.064
28.10.1994 2.737 -5.472 1.063
29.10.1994 2.727 -5.471 1.063
30.10.1994 2.714 -5.469 1.062
31.10.1994 2.7 -5.468 1.061
01.11.1994 2.686 -5.467 1.06
02.11.1994 2.681 -5.465 1.058
03.11.1994 2.668 -5.462 1.058
04.11.1994 2.661 -5.46 1.056
05.11.1994 2.649 -5.458 1.055
06.11.1994 2.643 -5.456 1.054
07.11.1994 2.632 -5.454 1.053
08.11.1994 2.621 -5.452 1.053
09.11.1994 2.609 -5.45 1.052
10.11.1994 2.604 -5.449 1.051
11.11.1994 2.591 -5.448 1.049
12.11.1994 2.585 -5.447 1.048
13.11.1994 2.57 -5.446 1.047
14.11.1994 2.558 -5.444 1.046
15.11.1994 2.547 -5.443 1.045
16.11.1994 2.536 -5.441 1.044
17.11.1994 2.525 -5.439 1.044
18.11.1994 2.518 -5.437 1.043
19.11.1994 2.511 -5.434 1.042
20.11.1994 2.497 -5.433 1.04
21.11.1994 2.491 -5.431 1.039
22.11.1994 2.481 -5.43 1.038
23.11.1994 2.469 -5.427 1.037
24.11.1994 2.458 -5.425 1.036
25.11.1994 2.453 -5.422 1.034
26.11.1994 2.444 -5.42 1.033
27.11.1994 2.43 -5.418 1.032
28.11.1994 2.421 -5.417 1.031
29.11.1994 2.409 -5.415 1.03
30.11.1994 2.401 -5.414 1.029
01.12.1994 2.391 -5.412 1.028
02.12.1994 2.38 -5.411 1.027
03.12.1994 2.374 -5.408 1.026
04.12.1994 2.359 -5.407 1.025
05.12.1994 2.347 -5.404 1.024
06.12.1994 2.332 -5.403 1.023
07.12.1994 2.317 -5.402 1.021
08.12.1994 2.308 -5.4 1.02
09.12.1994 2.301 -5.398 1.019
10.12.1994 2.288 -5.396 1.018
11.12.1994 2.283 -5.393 1.017
12.12.1994 2.269 -5.392 1.015
13.12.1994 2.26 -5.389 1.014
14.12.1994 2.246 -5.387 1.013
15.12.1994 2.234 -5.386 1.012
16.12.1994 2.223 -5.385 1.011
17.12.1994 2.217 -5.383 1.011
18.12.1994 2.208 -5.382 1.01
19.12.1994 2.195 -5.38 1.009
20.12.1994 2.183 -5.378 1.008
21.12.1994 2.172 -5.378 1.007
22.12.1994 2.165 -5.375 1.006
23.12.1994 2.157 -5.373 1.005
24.12.1994 2.144 -5.371 1.004
25.12.1994 2.137 -5.369 1.003
26.12.1994 2.13 -5.368 1.002
27.12.1994 2.116 -5.366 1.001
28.12.1994 2.109 -5.365 0.999
29.12.1994 2.101 -5.364 0.999
30.12.1994 2.092 -5.361 0.997
31.12.1994 2.078 -5.359 0.997
01.01.1995 2.065 -5.357 0.996
02.01.1995 2.06 -5.355 0.994
03.01.1995 2.047 -5.353 0.993
04.01.1995 2.033 -5.352 0.991
05.01.1995 2.02 -5.351 0.991
06.01.1995 2.007 -5.35 0.99
07.01.1995 1.999 -5.348 0.989
08.01.1995 1.993 -5.346 0.988
09.01.1995 1.983 -5.344 0.987
10.01.1995 1.971 -5.342 0.986
11.01.1995 1.965 -5.34 0.985
12.01.1995 1.955 -5.338 0.984
13.01.1995 1.948 -5.337 0.983
14.01.1995 1.94 -5.334 0.981
15.01.1995 1.926 -5.332 0.98
16.01.1995 1.918 -5.33 0.979
17.01.1995 1.906 -5.329 0.978
18.01.1995 1.9 -5.327 0.977
19.01.1995 1.885 -5.326 0.976
20.01.1995 1.872 -5.323 0.975
21.01.1995 1.858 -5.321 0.974
22.01.1995 1.846 -5.319 0.972
23.01.1995 1.838 -5.316 0.971
24.01.1995 1.824 -5.315 0.971
25.01.1995 1.81 -5.314 0.969
26.01.1995 1.799 -5.313 0.969
27.01.1995 1.785 -5.312 0.967
28.01.1995 1.773 -5.31 0.967
29.01.1995 1.767 -5.308 0.966
30.01.1995 1.761 -5.307 0.965
31.01.1995 1.747 -5.305 0.964
01.02.1995 1.734 -5.304 0.963
02.02.1995 1.725 -5.302 0.963
03.02.1995 1.714 -5.301 0.962
04.02.1995 1.705 -5.298 0.961
05.02.1995 1.69 -5.296 0.96
06.02.1995 1.677 -5.294 0.959
07.02.1995 1.662 -5.293 0.957
08.02.1995 1.656 -5.291 0.956
09.02.1995 1.644 -5.29 0.956
10.02.1995 1.638 -5.288 0.955
11.02.1995 1.631 -5.285 0.954
12.02.1995 1.625 -5.284 0.954
13.02.1995 1.615 -5.281 0.953
14.02.1995 1.601 -5.279 0.952
15.02.1995 1.589 -5.277 0.951
16.02.1995 1.578 -5.276 0.95
17.02.1995 1.57 -5.274 0.948
18.02.1995 1.562 -5.272 0.947
19.02.1995 1.556 -5.271 0.946
20.02.1995 1.546 -5.269 0.945
21.02.1995 1.539 -5.268 0.944
22.02.1995 1.526 -5.266 0.943
23.02.1995 1.519 -5.264 0.942
24.02.1995 1.505 -5.263 0.941
25.02.1995 1.497 -5.262 0.941
26.02.1995 1.485 -5.26 0.94
27.02.1995 1.476 -5.258 0.939
28.02.1995 1.463 -5.257 0.938
01.03.1995 1.455 -5.255 0.937
02.03.1995 1.447 -5.254 0.936
03.03.1995 1.436 -5.253 0.935
04.03.1995 1.427 -5.251 0.934
05.03.1995 1.421 -5.25 0.933
06.03.1995 1.412 -5.248 0.932
07.03.1995 1.4 -5.247 0.931
08.03.1995 1.394 -5.245 0.93
09.03.1995 1.388 -5.243 0.929
10.03.1995 1.38 -5.241 0.928
11.03.1995 1.372 -5.239 0.926
12.03.1995 1.366 -5.237 0.925
13.03.1995 1.355 -5.235 0.924
14.03.1995 1.343 -5.233 0.923
15.03.1995 1.334 -5.232 0.922
16.03.1995 1.32 -5.23 0.921
17.03.1995 1.308 -5.228 0.921
18.03.1995 1.296 -5.226 0.92
19.03.1995 1.283 -5.224 0.919
20.03.1995 1.275 -5.222 0.917
21.03.1995 1.262 -5.22 0.916
22.03.1995 1.254 -5.219 0.915
23.03.1995 1.241 -5.217 0.915
24.03.1995 1.226 -5.216 0.914
25.03.1995 1.22 -5.214 0.913
26.03.1995 1.214 -5.213 0.912
27.03.1995 1.205 -5.212 0.911
28.03.1995 1.196 -5.21 0.91
29.03.1995 1.191 -5.209 0.909
30.03.1995 1.183 -5.207 0.908
31.03.1995 1.168 -5.206 0.907
01.04.1995 1.162 -5.205 0.905
02.04.1995 1.148 -5.202 0.905
03.04.1995 1.142 -5.201 0.903
04.04.1995 1.135 -5.199 0.903
05.04.1995 1.124 -5.198 0.902
06.04.1995 1.117 -5.195 0.901
07.04.1995 1.106 -5.194 0.9
08.04.1995 1.097 -5.193 0.898
09.04.1995 1.09 -5.191 0.898
10.04.1995 1.085 -5.19 0.897
11.04.1995 1.076 -5.187 0.896
12.04.1995 1.063 -5.185 0.895
13.04.1995 1.049 -5.183 0.895
14.04.1995 1.039 -5.181 0.893
15.04.1995 1.03 -5.18 0.892
16.04.1995 1.018 -5.178 0.892
17.04.1995 1.01 -5.176 0.891
18.04.1995 0.999 -5.174 0.89
19.04.1995 0.986 -5.173 0.889
20.04.1995 0.973 -5.171 0.888
21.04.1995 0.96 -5.169 0.887
22.04.1995 0.947 -5.168 0.886
23.04.1995 0.934 -5.166 0.884
24.04.1995 0.924 -5.164 0.884
25.04.1995 0.916 -5.163 0.883
26.04.1995 0.906 -5.161 0.882
27.04.1995 0.899 -5.159 0.881
28.04.1995 0.889 -5.158 0.88
29.04.1995 0.876 -5.156 0.879
30.04.1995 0.87 -5.155 0.878
01.05.1995 0.857 -5.153 0.877
02.05.1995 0.842 -5.15 0.876
03.05.1995 0.827 -5.15 0.875
04.05.1995 0.813 -5.148 0.874
05.05.1995 0.803 -5.146 0.873
06.05.1995 0.798 -5.144 0.872
07.05.1995 0.792 -5.143 0.871
08.05.1995 0.78 -5.142 0.869
09.05.1995 0.769 -5.141 0.869
10.05.1995 0.762 -5.14 0.868
11.05.1995 0.756 -5.138 0.867
12.05.1995 0.747 -5.137 0.866
13.05.1995 0.738 -5.136 0.866
14.05.1995 0.726 -5.134 0.865
15.05.1995 0.718 -5.133 0.864
16.05.1995 0.707 -5.132 0.862
17.05.1995 0.701 -5.131 0.861
18.05.1995 0.686 -5.13 0.86
19.05.1995 0.677 -5.129 0.86
20.05.1995 0.664 -5.128 0.858
21.05.1995 0.649 -5.127 0.857
22.05.1995 0.638 -5.125 0.856
23.05.1995 0.625 -5.124 0.855
24.05.1995 0.611 -5.123 0.854
25.05.1995 0.601 -5.122 0.853
26.05.1995 0.591 -5.12 0.852
27.05.1995 0.578 -5.118 0.851
28.05.1995 0.569 -5.117 0.85
29.05.1995 0.562 -5.115 0.849
30.05.1995 0.553 -5.114 0.848
31.05.1995 0.547 -5.113 0.847
01.06.1995 0.537 -5.111 0.846
02.06.1995 0.53 -5.109 0.844
03.06.1995 0.524 -5.108 0.844
04.06.1995 0.51 -5.106 0.842
05.06.1995 0.502 -5.104 0.841
06.06.1995 0.488 -5.102 0.839
07.06.1995 0.475 -5.101 0.839
08.06.1995 0.462 -5.1 0.838
09.06.1995 0.453 -5.098 0.837
10.06.1995 0.445 -5.096 0.837
11.06.1995 0.438 -5.095 0.836
12.06.1995 0.433 -5.093 0.835
13.06.1995 0.427 -5.091 0.834
14.06.1995 0.416 -5.089 0.833
15.06.1995 0.404 -5.088 0.831
16.06.1995 0.391 -5.086 0.831
17.06.1995 0.385 -5.084 0.83
18.06.1995 0.373 -5.083 0.829
19.06.1995 0.361 -5.081 0.828
20.06.1995 0.35 -5.08 0.827
21.06.1995 0.335 -5.079 0.826
22.06.1995 0.324 -5.076 0.825
23.06.1995 0.317 -5.075 0.824
24.06.1995 0.306 -5.074 0.823
25.06.1995 0.291 -5.072 0.822
26.06.1995 0.279 -5.07 0.821
27.06.1995 0.266 -5.068 0.82
28.06.1995 0.258 -5.066 0.819
29.06.1995 0.244 -5.065 0.818
30.06.1995 0.23 -5.063 0.816
01.07.1995 0.224 -5.061 0.815
02.07.1995 0.213 -5.06 0.815
03.07.1995 0.2 -5.058 0.813
04.07.1995 0.186 -5.056 0.812
05.07.1995 0.179 -5.055 0.811
06.07.1995 0.173 -5.053 0.81
07.07.1995 0.166 -5.051 0.809
08.07.1995 0.16 -5.049 0.808
09.07.1995 0.152 -5.047 0.807
10.07.1995 0.142 -5.046 0.806
11.07.1995 0.133 -5.045 0.805
12.07.1995 0.119 -5.043 0.804
13.07.1995 0.109 -5.042 0.803
14.07.1995 0.094 -5.04 0.802
15.07.1995 0.086 -5.038 0.801
16.07.1995 0.076 -5.038 0.8
17.07.1995 0.062 -5.035 0.799
18.07.1995 0.057 -5.034 0.798
19.07.1995 0.045 -5.033 0.797
20.07.1995 0.033 -5.031 0.796
21.07.1995 0.022 -5.03 0.794
22.07.1995 0.013 -5.028 0.793
23.07.1995 0.005 -5.027 0.791
