05.05.1985 5.621 -6.52 1.304
06.05.1985 5.61 -6.507 1.303
07.05.1985 5.597 -6.499 1.303
08.05.1985 5.591 -6.492 1.302
09.05.1985 5.584 -6.487 1.301
10.05.1985 5.577 -6.479 1.3
11.05.1985 5.568 -6.473 1.299
12.05.1985 5.559 -6.469 1.298
13.05.1985 5.551 -6.462 1.297
14.05.1985 5.54 -6.457 1.297
15.05.1985 5.532 -6.45 1.296
16.05.1985 5.524 -6.446 1.295
17.05.1985 5.517 -6.442 1.295
18.05.1985 5.507 -6.437 1.293
19.05.1985 5.494 -6.432 1.292
20.05.1985 5.486 -6.427 1.291
21.05.1985 5.479 -6.422 1.29
22.05.1985 5.466 -6.418 1.289
23.05.1985 5.459 -6.414 1.289
24.05.1985 5.449 -6.409 1.288
25.05.1985 5.437 -6.406 1.287
26.05.1985 5.423 -6.402 1.286
27.05.1985 5.41 -6.396 1.285
28.05.1985 5.402 -6.391 1.284
29.05.1985 5.394 -6.387 1.283
30.05.1985 5.388 -6.381 1.282
31.05.1985 5.374 -6.376 1.281
01.06.1985 5.368 -6.373 1.28
02.06.1985 5.362 -6.369 1.279
03.06.1985 5.349 -6.365 1.278
04.06.1985 5.338 -6.361 1.277
05.06.1985 5.326 -6.358 1.276
06.06.1985 5.32 -6.356 1.275
07.06.1985 5.312 -6.351 1.274
08.06.1985 5.304 -6.348 1.273
09.06.1985 5.296 -6.345 1.272
10.06.1985 5.291 -6.342 1.271
11.06.1985 5.284 -6.338 1.269
12.06.1985 5.278 -6.333 1.268
13.06.1985 5.273 -6.331 1.267
14.06.1985 5.26 -6.329 1.267
15.06.1985 5.251 -6.325 1.266
16.06.1985 5.243 -6.321 1.265
17.06.1985 5.232 -6.318 1.264
18.06.1985 5.222 -6.316 1.264
19.06.1985 5.215 -6.314 1.263
20.06.1985 5.202 -6.311 1.262
21.06.1985 5.195 -6.309 1.261
22.06.1985 5.19 -6.304 1.26
23.06.1985 5.179 -6.3 1.259
24.06.1985 5.167 -6.296 1.258
25.06.1985 5.159 -6.292 1.257
26.06.1985 5.147 -6.29 1.256
27.06.1985 5.133 -6.289 1.255
28.06.1985 5.126 -6.286 1.254
29.06.1985 5.112 -6.282 1.253
30.06.1985 5.103 -6.279 1.252
01.07.1985 5.094 -6.275 1.251
02.07.1985 5.084 -6.274 1.25
03.07.1985 5.072 -6.272 1.249
04.07.1985 5.063 -6.269 1.248
05.07.1985 5.053 -6.265 1.247
06.07.1985 5.042 -6.262 1.245
07.07.1985 5.036 -6.26 1.244
08.07.1985 5.026 -6.258 1.243
09.07.1985 5.017 -6.257 1.242
10.07.1985 5.012 -6.254 1.241
11.07.1985 5.006 -6.251 1.241
12.07.1985 5.0 -6.248 1.24
13.07.1985 4.987 -6.244 1.238
14.07.1985 4.974 -6.242 1.238
15.07.1985 4.967 -6.239 1.237
16.07.1985 4.952 -6.237 1.235
17.07.1985 4.941 -6.234 1.234
18.07.1985 4.93 -6.232 1.233
19.07.1985 4.925 -6.228 1.232
20.07.1985 4.913 -6.226 1.231
21.07.1985 4.898 -6.224 1.229
22.07.1985 4.889 -6.222 1.229
23.07.1985 4.877 -6.22 1.228
24.07.1985 4.871 -6.218 1.227
25.07.1985 4.859 -6.215 1.226
26.07.1985 4.854 -6.211 1.226
27.07.1985 4.839 -6.209 1.225
28.07.1985 4.829 -6.206 1.224
29.07.1985 4.817 -6.205 1.224
30.07.1985 4.808 -6.202 1.222
31.07.1985 4.798 -6.2 1.221
01.08.1985 4.787 -6.198 1.22
02.08.1985 4.774 -6.196 1.219
03.08.1985 4.762 -6.193 1.217
04.08.1985 4.752 -6.191 1.216
05.08.1985 4.738 -6.19 1.215
06.08.1985 4.724 -6.188 1.214
07.08.1985 4.718 -6.187 1.213
08.08.1985 4.708 -6.184 1.212
09.08.1985 4.698 -6.181 1.211
10.08.1985 4.687 -6.179 1.209
11.08.1985 4.673 -6.176 1.209
12.08.1985 4.667 -6.174 1.208
13.08.1985 4.659 -6.172 1.207
14.08.1985 4.653 -6.17 1.207
15.08.1985 4.642 -6.169 1.206
16.08.1985 4.63 -6.167 1.204
17.08.1985 4.625 -6.164 1.203
18.08.1985 4.616 -6.16 1.203
19.08.1985 4.606 -6.159 1.201
20.08.1985 4.592 -6.156 1.201
21.08.1985 4.586 -6.154 1.2
22.08.1985 4.571 -6.152 1.198
23.08.1985 4.566 -6.151 1.198
24.08.1985 4.558 -6.149 1.197
25.08.1985 4.549 -6.145 1.195
26.08.1985 4.542 -6.142 1.194
27.08.1985 4.53 -6.14 1.194
28.08.1985 4.52 -6.138 1.192
29.08.1985 4.511 -6.135 1.192
30.08.1985 4.5 -6.132 1.191
31.08.1985 4.487 -6.129 1.19
01.09.1985 4.481 -6.126 1.189
02.09.1985 4.47 -6.123 1.187
03.09.1985 4.46 -6.122 1.187
04.09.1985 4.448 -6.119 1.186
05.09.1985 4.439 -6.118 1.184
06.09.1985 4.426 -6.116 1.184
07.09.1985 4.416 -6.114 1.183
08.09.1985 4.403 -6.11 1.182
09.09.1985 4.39 -6.109 1.181
10.09.1985 4.376 -6.107 1.18
11.09.1985 4.362 -6.105 1.179
12.09.1985 4.354 -6.104 1.178
13.09.1985 4.34 -6.102 1.177
14.09.1985 4.327 -6.099 1.176
15.09.1985 4.314 -6.097 1.175
16.09.1985 4.304 -6.095 1.174
17.09.1985 4.298 -6.092 1.174
18.09.1985 4.285 -6.089 1.173
19.09.1985 4.271 -6.086 1.172
20.09.1985 4.26 -6.084 1.171
21.09.1985 4.253 -6.081 1.17
22.09.1985 4.245 -6.079 1.169
23.09.1985 4.233 -6.077 1.169
24.09.1985 4.22 -6.075 1.167
25.09.1985 4.207 -6.073 1.167
26.09.1985 4.193 -6.071 1.165
27.09.1985 4.183 -6.07 1.164
28.09.1985 4.173 -6.067 1.164
29.09.1985 4.163 -6.064 1.162
30.09.1985 4.151 -6.063 1.161
01.10.1985 4.142 -6.061 1.16
02.10.1985 4.137 -6.06 1.159
03.10.1985 4.131 -6.058 1.158
04.10.1985 4.119 -6.057 1.157
05.10.1985 4.112 -6.055 1.157
06.10.1985 4.103 -6.052 1.156
07.10.1985 4.097 -6.051 1.155
08.10.1985 4.086 -6.049 1.154
09.10.1985 4.071 -6.047 1.153
10.10.1985 4.064 -6.044 1.152
11.10.1985 4.058 -6.043 1.151
12.10.1985 4.045 -6.04 1.15
13.10.1985 4.037 -6.038 1.149
14.10.1985 4.028 -6.036 1.148
15.10.1985 4.013 -6.034 1.147
16.10.1985 4.001 -6.032 1.146
17.10.1985 3.993 -6.029 1.145
18.10.1985 3.983 -6.027 1.144
19.10.1985 3.977 -6.025 1.143
20.10.1985 3.965 -6.022 1.142
21.10.1985 3.953 -6.019 1.141
22.10.1985 3.947 -6.016 1.141
23.10.1985 3.939 -6.015 1.139
24.10.1985 3.924 -6.012 1.138
25.10.1985 3.91 -6.011 1.137
26.10.1985 3.901 -6.009 1.136
27.10.1985 3.895 -6.006 1.135
28.10.1985 3.881 -6.003 1.134
29.10.1985 3.868 -6.0 1.133
30.10.1985 3.863 -5.998 1.132
31.10.1985 3.853 -5.995 1.132
01.11.1985 3.842 -5.994 1.131
02.11.1985 3.829 -5.992 1.13
03.11.1985 3.818 -5.99 1.128
04.11.1985 3.806 -5.989 1.128
05.11.1985 3.796 -5.986 1.126
06.11.1985 3.79 -5.984 1.126
07.11.1985 3.784 -5.981 1.124
08.11.1985 3.773 -5.978 1.124
09.11.1985 3.759 -5.976 1.123
10.11.1985 3.746 -5.974 1.122
11.11.1985 3.739 -5.971 1.12
12.11.1985 3.724 -5.97 1.119
13.11.1985 3.716 -5.967 1.118
14.11.1985 3.709 -5.966 1.117
15.11.1985 3.698 -5.964 1.116
16.11.1985 3.692 -5.962 1.115
17.11.1985 3.687 -5.959 1.114
18.11.1985 3.679 -5.957 1.114
19.11.1985 3.664 -5.954 1.113
20.11.1985 3.658 -5.951 1.111
21.11.1985 3.648 -5.949 1.111
22.11.1985 3.643 -5.947 1.11
23.11.1985 3.635 -5.945 1.109
24.11.1985 3.629 -5.943 1.108
25.11.1985 3.62 -5.94 1.107
26.11.1985 3.615 -5.937 1.106
27.11.1985 3.6 -5.935 1.105
28.11.1985 3.589 -5.932 1.103
29.11.1985 3.579 -5.929 1.102
30.11.1985 3.567 -5.926 1.101
01.12.1985 3.552 -5.924 1.1
02.12.1985 3.542 -5.922 1.099
03.12.1985 3.529 -5.921 1.098
04.12.1985 3.52 -5.919 1.097
05.12.1985 3.508 -5.918 1.096
06.12.1985 3.503 -5.917 1.094
07.12.1985 3.49 -5.915 1.094
08.12.1985 3.478 -5.913 1.092
09.12.1985 3.471 -5.91 1.091
10.12.1985 3.461 -5.909 1.09
11.12.1985 3.447 -5.907 1.09
12.12.1985 3.442 -5.904 1.088
13.12.1985 3.432 -5.902 1.087
14.12.1985 3.423 -5.9 1.086
15.12.1985 3.415 -5.898 1.085
16.12.1985 3.403 -5.895 1.083
17.12.1985 3.389 -5.893 1.082
18.12.1985 3.377 -5.89 1.081
19.12.1985 3.368 -5.888 1.08
20.12.1985 3.361 -5.886 1.079
21.12.1985 3.349 -5.883 1.078
22.12.1985 3.338 -5.882 1.076
23.12.1985 3.33 -5.881 1.076
24.12.1985 3.322 -5.878 1.075
25.12.1985 3.316 -5.875 1.074
26.12.1985 3.308 -5.874 1.073
27.12.1985 3.295 -5.871 1.072
28.12.1985 3.286 -5.869 1.071
29.12.1985 3.28 -5.867 1.071
30.12.1985 3.267 -5.865 1.07
31.12.1985 3.259 -5.864 1.069
01.01.1986 3.251 -5.861 1.068
02.01.1986 3.241 -5.858 1.067
03.01.1986 3.231 -5.856 1.065
04.01.1986 3.226 -5.855 1.065
05.01.1986 3.219 -5.853 1.064
06.01.1986 3.212 -5.851 1.062
07.01.1986 3.198 -5.85 1.061
08.01.1986 3.187 -5.847 1.06
09.01.1986 3.181 -5.845 1.059
10.01.1986 3.172 -5.844 1.058
11.01.1986 3.157 -5.842 1.057
12.01.1986 3.143 -5.841 1.055
13.01.1986 3.137 -5.839 1.055
14.01.1986 3.129 -5.838 1.054
15.01.1986 3.116 -5.837 1.053
16.01.1986 3.107 -5.834 1.052
17.01.1986 3.097 -5.832 1.05
18.01.1986 3.084 -5.831 1.049
19.01.1986 3.072 -5.828 1.049
20.01.1986 3.058 -5.827 1.048
21.01.1986 3.047 -5.824 1.046
22.01.1986 3.032 -5.823 1.046
23.01.1986 3.02 -5.821 1.045
24.01.1986 3.011 -5.819 1.043
25.01.1986 2.996 -5.817 1.043
26.01.1986 2.99 -5.816 1.042
27.01.1986 2.978 -5.814 1.041
28.01.1986 2.97 -5.813 1.04
29.01.1986 2.961 -5.811 1.039
30.01.1986 2.948 -5.809 1.038
31.01.1986 2.942 -5.807 1.037
01.02.1986 2.935 -5.804 1.036
02.02.1986 2.924 -5.803 1.036
03.02.1986 2.919 -5.802 1.034
04.02.1986 2.912 -5.799 1.033
05.02.1986 2.906 -5.798 1.033
06.02.1986 2.892 -5.795 1.032
07.02.1986 2.878 -5.794 1.031
08.02.1986 2.872 -5.792 1.03
09.02.1986 2.861 -5.79 1.029
10.02.1986 2.852 -5.788 1.028
11.02.1986 2.841 -5.786 1.027
12.02.1986 2.828 -5.784 1.026
13.02.1986 2.815 -5.781 1.025
14.02.1986 2.81 -5.778 1.024
15.02.1986 2.795 -5.777 1.023
16.02.1986 2.785 -5.774 1.022
17.02.1986 2.779 -5.772 1.021
18.02.1986 2.769 -5.77 1.02
19.02.1986 2.759 -5.768 1.02
20.02.1986 2.749 -5.767 1.018
21.02.1986 2.738 -5.764 1.018
22.02.1986 2.732 -5.763 1.017
23.02.1986 2.723 -5.761 1.016
24.02.1986 2.714 -5.758 1.015
25.02.1986 2.701 -5.757 1.014
26.02.1986 2.691 -5.754 1.013
27.02.1986 2.684 -5.752 1.012
28.02.1986 2.671 -5.749 1.011
01.03.1986 2.664 -5.747 1.01
02.03.1986 2.657 -5.746 1.009
03.03.1986 2.649 -5.744 1.008
04.03.1986 2.643 -5.743 1.007
05.03.1986 2.634 -5.741 1.006
06.03.1986 2.626 -5.739 1.004
07.03.1986 2.621 -5.738 1.003
08.03.1986 2.607 -5.736 1.003
09.03.1986 2.595 -5.734 1.001
10.03.1986 2.586 -5.732 1.001
11.03.1986 2.574 -5.731 1.0
12.03.1986 2.567 -5.729 0.999
13.03.1986 2.554 -5.728 0.997
14.03.1986 2.548 -5.726 0.997
15.03.1986 2.541 -5.725 0.996
16.03.1986 2.532 -5.723 0.995
17.03.1986 2.52 -5.722 0.994
18.03.1986 2.515 -5.721 0.993
19.03.1986 2.507 -5.718 0.991
20.03.1986 2.499 -5.716 0.99
21.03.1986 2.489 -5.715 0.989
22.03.1986 2.475 -5.714 0.988
23.03.1986 2.466 -5.713 0.987
24.03.1986 2.461 -5.711 0.986
25.03.1986 2.448 -5.709 0.985
26.03.1986 2.437 -5.708 0.983
27.03.1986 2.425 -5.707 0.982
28.03.1986 2.412 -5.705 0.981
29.03.1986 2.398 -5.703 0.979
30.03.1986 2.39 -5.702 0.978
31.03.1986 2.375 -5.7 0.978
01.04.1986 2.367 -5.698 0.977
02.04.1986 2.353 -5.696 0.976
03.04.1986 2.339 -5.694 0.975
04.04.1986 2.324 -5.692 0.974
05.04.1986 2.315 -5.69 0.973
06.04.1986 2.307 -5.689 0.972
07.04.1986 2.3 -5.687 0.97
08.04.1986 2.288 -5.684 0.97
09.04.1986 2.279 -5.682 0.969
10.04.1986 2.27 -5.681 0.968
11.04.1986 2.261 -5.68 0.967
12.04.1986 2.251 -5.679 0.965
13.04.1986 2.238 -5.677 0.965
14.04.1986 2.228 -5.675 0.964
15.04.1986 2.216 -5.673 0.963
16.04.1986 2.203 -5.672 0.961
17.04.1986 2.196 -5.671 0.96
18.04.1986 2.183 -5.67 0.959
19.04.1986 2.172 -5.668 0.958
20.04.1986 2.161 -5.668 0.957
21.04.1986 2.153 -5.666 0.956
22.04.1986 2.142 -5.664 0.955
23.04.1986 2.134 -5.662 0.954
24.04.1986 2.12 -5.661 0.953
25.04.1986 2.114 -5.66 0.952
26.04.1986 2.103 -5.657 0.951
27.04.1986 2.088 -5.655 0.95
28.04.1986 2.082 -5.652 0.949
29.04.1986 2.077 -5.651 0.948
30.04.1986 2.065 -5.649 0.947
01.05.1986 2.055 -5.646 0.945
02.05.1986 2.048 -5.644 0.945
03.05.1986 2.038 -5.643 0.944
04.05.1986 2.032 -5.642 0.942
05.05.1986 2.017 -5.641 0.941
06.05.1986 2.005 -5.639 0.94
07.05.1986 1.997 -5.637 0.939
08.05.1986 1.986 -5.635 0.938
09.05.1986 1.978 -5.633 0.938
10.05.1986 1.964 -5.632 0.937
11.05.1986 1.952 -5.631 0.935
12.05.1986 1.942 -5.629 0.935
13.05.1986 1.935 -5.627 0.934
14.05.1986 1.922 -5.625 0.933
15.05.1986 1.914 -5.624 0.932
16.05.1986 1.902 -5.623 0.931
17.05.1986 1.892 -5.62 0.93
18.05.1986 1.884 -5.618 0.929
19.05.1986 1.876 -5.616 0.928
20.05.1986 1.867 -5.614 0.927
21.05.1986 1.854 -5.612 0.926
22.05.1986 1.845 -5.61 0.925
23.05.1986 1.839 -5.608 0.924
24.05.1986 1.827 -5.606 0.923
25.05.1986 1.819 -5.605 0.922
26.05.1986 1.807 -5.602 0.922
27.05.1986 1.801 -5.602 0.921
28.05.1986 1.795 -5.601 0.92
29.05.1986 1.785 -5.599 0.919
30.05.1986 1.775 -5.597 0.918
31.05.1986 1.764 -5.596 0.917
01.06.1986 1.756 -5.594 0.916
02.06.1986 1.751 -5.593 0.915
03.06.1986 1.742 -5.591 0.914
04.06.1986 1.729 -5.591 0.913
05.06.1986 1.717 -5.59 0.913
06.06.1986 1.71 -5.588 0.912
07.06.1986 1.697 -5.586 0.911
08.06.1986 1.683 -5.583 0.91
09.06.1986 1.671 -5.582 0.909
10.06.1986 1.658 -5.579 0.908
11.06.1986 1.644 -5.578 0.907
12.06.1986 1.631 -5.576 0.906
13.06.1986 1.622 -5.575 0.905
14.06.1986 1.612 -5.574 0.904
15.06.1986 1.605 -5.573 0.903
16.06.1986 1.599 -5.571 0.902
17.06.1986 1.585 -5.569 0.901
18.06.1986 1.572 -5.568 0.9
19.06.1986 1.564 -5.566 0.899
20.06.1986 1.553 -5.564 0.898
21.06.1986 1.545 -5.563 0.898
22.06.1986 1.533 -5.562 0.897
23.06.1986 1.525 -5.56 0.896
24.06.1986 1.51 -5.558 0.895
25.06.1986 1.5 -5.557 0.894
26.06.1986 1.493 -5.555 0.893
27.06.1986 1.488 -5.554 0.893
28.06.1986 1.473 -5.552 0.892
29.06.1986 1.461 -5.55 0.891
30.06.1986 1.45 -5.548 0.889
01.07.1986 1.441 -5.546 0.889
02.07.1986 1.428 -5.544 0.888
03.07.1986 1.421 -5.541 0.887
04.07.1986 1.412 -5.54 0.886
05.07.1986 1.406 -5.539 0.885
06.07.1986 1.394 -5.536 0.883
07.07.1986 1.383 -5.535 0.882
08.07.1986 1.369 -5.534 0.881
09.07.1986 1.361 -5.533 0.88
10.07.1986 1.348 -5.532 0.879
11.07.1986 1.341 -5.531 0.878
12.07.1986 1.329 -5.529 0.878
13.07.1986 1.318 -5.527 0.877
14.07.1986 1.31 -5.524 0.877
15.07.1986 1.297 -5.523 0.876
16.07.1986 1.292 -5.522 0.875
17.07.1986 1.284 -5.521 0.874
18.07.1986 1.27 -5.519 0.873
19.07.1986 1.262 -5.517 0.872
20.07.1986 1.255 -5.516 0.871
21.07.1986 1.24 -5.515 0.87
22.07.1986 1.229 -5.513 0.869
23.07.1986 1.22 -5.512 0.867
24.07.1986 1.21 -5.51 0.866
25.07.1986 1.201 -5.508 0.865
26.07.1986 1.195 -5.506 0.864
27.07.1986 1.185 -5.505 0.863
28.07.1986 1.177 -5.504 0.862
29.07.1986 1.172 -5.502 0.86
30.07.1986 1.166 -5.501 0.859
31.07.1986 1.151 -5.5 0.859
01.08.1986 1.144 -5.498 0.858
02.08.1986 1.132 -5.496 0.857
03.08.1986 1.118 -5.494 0.856
04.08.1986 1.11 -5.492 0.854
05.08.1986 1.105 -5.491 0.853
06.08.1986 1.1 -5.49 0.853
07.08.1986 1.092 -5.488 0.852
08.08.1986 1.081 -5.486 0.85
09.08.1986 1.074 -5.485 0.849
10.08.1986 1.059 -5.484 0.848
11.08.1986 1.044 -5.482 0.847
12.08.1986 1.038 -5.48 0.846
13.08.1986 1.031 -5.478 0.845
14.08.1986 1.026 -5.477 0.843
15.08.1986 1.014 -5.476 0.843
16.08.1986 1.001 -5.473 0.842
17.08.1986 0.994 -5.472 0.842
18.08.1986 0.985 -5.469 0.84
19.08.1986 0.972 -5.468 0.84
20.08.1986 0.96 -5.466 0.838
21.08.1986 0.948 -5.465 0.837
22.08.1986 0.941 -5.463 0.836
23.08.1986 0.926 -5.462 0.835
24.08.1986 0.916 -5.46 0.834
25.08.1986 0.905 -5.459 0.833
26.08.1986 0.897 -5.456 0.832
27.08.1986 0.89 -5.454 0.831
28.08.1986 0.88 -5.452 0.83
29.08.1986 0.871 -5.45 0.828
30.08.1986 0.857 -5.448 0.828
31.08.1986 0.846 -5.446 0.827
01.09.1986 0.84 -5.444 0.826
02.09.1986 0.827 -5.443 0.825
03.09.1986 0.813 -5.441 0.825
04.09.1986 0.805 -5.439 0.824
05.09.1986 0.792 -5.438 0.823
06.09.1986 0.779 -5.435 0.822
07.09.1986 0.773 -5.433 0.821
08.09.1986 0.76 -5.431 0.82
09.09.1986 0.748 -5.429 0.82
10.09.1986 0.738 -5.428 0.819
11.09.1986 0.731 -5.427 0.818
12.09.1986 0.718 -5.425 0.817
13.09.1986 0.708 -5.424 0.816
14.09.1986 0.699 -5.422 0.815
15.09.1986 0.692 -5.42 0.814
16.09.1986 0.678 -5.418 0.814
17.09.1986 0.665 -5.416 0.813
18.09.1986 0.652 -5.414 0.812
19.09.1986 0.641 -5.413 0.811
20.09.1986 0.634 -5.411 0.81
21.09.1986 0.625 -5.409 0.809
22.09.1986 0.614 -5.408 0.808
23.09.1986 0.605 -5.407 0.807
24.09.1986 0.594 -5.405 0.806
25.09.1986 0.589 -5.404 0.805
26.09.1986 0.579 -5.402 0.804
27.09.1986 0.565 -5.401 0.802
28.09.1986 0.558 -5.4 0.801
29.09.1986 0.548 -5.399 0.8
30.09.1986 0.535 -5.396 0.799
01.10.1986 0.527 -5.394 0.798
02.10.1986 0.521 -5.393 0.797
03.10.1986 0.513 -5.392 0.795
04.10.1986 0.503 -5.39 0.794
05.10.1986 0.497 -5.389 0.793
06.10.1986 0.484 -5.388 0.792
07.10.1986 0.476 -5.387 0.791
08.10.1986 0.469 -5.385 0.79
09.10.1986 0.456 -5.383 0.79
10.10.1986 0.444 -5.382 0.789
11.10.1986 0.435 -5.381 0.788
12.10.1986 0.423 -5.379 0.787
13.10.1986 0.417 -5.378 0.787
14.10.1986 0.403 -5.376 0.785
15.10.1986 0.388 -5.375 0.785
16.10.1986 0.383 -5.374 0.784
17.10.1986 0.369 -5.372 0.783
18.10.1986 0.359 -5.371 0.782
19.10.1986 0.351 -5.37 0.781
20.10.1986 0.337 -5.368 0.78
21.10.1986 0.328 -5.367 0.779
22.10.1986 0.316 -5.365 0.777
23.10.1986 0.302 -5.364 0.777
24.10.1986 0.296 -5.362 0.775
25.10.1986 0.289 -5.36 0.775
26.10.1986 0.279 -5.358 0.774
27.10.1986 0.268 -5.357 0.773
28.10.1986 0.258 -5.356 0.771
29.10.1986 0.244 -5.355 0.771
30.10.1986 0.231 -5.354 0.77
31.10.1986 0.218 -5.353 0.769
01.11.1986 0.208 -5.352 0.768
02.11.1986 0.193 -5.35 0.768
03.11.1986 0.183 -5.348 0.767
04.11.1986 0.176 -5.347 0.766
05.11.1986 0.167 -5.345 0.765
06.11.1986 0.153 -5.344 0.764
07.11.1986 0.146 -5.342 0.763
08.11.1986 0.136 -5.34 0.762
09.11.1986 0.123 -5.339 0.761
10.11.1986 0.11 -5.337 0.759
11.11.1986 0.101 -5.335 0.758
12.11.1986 0.086 -5.334 0.757
13.11.1986 0.072 -5.333 0.756
14.11.1986 0.067 -5.331 0.754
15.11.1986 0.056 -5.33 0.754
16.11.1986 0.051 -5.33 0.753
17.11.1986 0.043 -5.328 0.753
18.11.1986 0.03 -5.327 0.751
19.11.1986 0.024 -5.326 0.75
20.11.1986 0.017 -5.324 0.749
21.11.1986 0.011 -5.321 0.748
22.11.1986 0.002 -5.319 0.747
