24.09.1991 6.355 -6.463 1.359
25.09.1991 6.344 -6.456 1.357
26.09.1991 6.336 -6.444 1.357
27.09.1991 6.328 -6.434 1.355
28.09.1991 6.321 -6.429 1.354
29.09.1991 6.311 -6.423 1.353
30.09.1991 6.298 -6.415 1.352
01.10.1991 6.291 -6.412 1.351
02.10.1991 6.286 -6.408 1.35
03.10.1991 6.28 -6.402 1.349
04.10.1991 6.27 -6.398 1.348
05.10.1991 6.26 -6.394 1.347
06.10.1991 6.245 -6.389 1.346
07.10.1991 6.234 -6.387 1.345
08.10.1991 6.226 -6.384 1.344
09.10.1991 6.219 -6.381 1.343
10.10.1991 6.207 -6.378 1.342
11.10.1991 6.194 -6.374 1.341
12.10.1991 6.188 -6.37 1.341
13.10.1991 6.182 -6.367 1.339
14.10.1991 6.167 -6.363 1.339
15.10.1991 6.155 -6.359 1.338
16.10.1991 6.147 -6.357 1.337
17.10.1991 6.133 -6.353 1.335
18.10.1991 6.125 -6.35 1.335
19.10.1991 6.114 -6.347 1.334
20.10.1991 6.106 -6.342 1.332
21.10.1991 6.094 -6.337 1.331
22.10.1991 6.083 -6.334 1.33
23.10.1991 6.069 -6.328 1.329
24.10.1991 6.063 -6.323 1.328
25.10.1991 6.052 -6.319 1.327
26.10.1991 6.04 -6.314 1.325
27.10.1991 6.031 -6.309 1.324
28.10.1991 6.025 -6.306 1.323
29.10.1991 6.016 -6.302 1.322
30.10.1991 6.002 -6.299 1.321
31.10.1991 5.989 -6.296 1.32
01.11.1991 5.984 -6.292 1.319
02.11.1991 5.971 -6.287 1.318
03.11.1991 5.965 -6.284 1.317
04.11.1991 5.95 -6.281 1.316
05.11.1991 5.939 -6.278 1.315
06.11.1991 5.927 -6.275 1.315
07.11.1991 5.919 -6.27 1.314
08.11.1991 5.906 -6.266 1.313
09.11.1991 5.9 -6.262 1.312
10.11.1991 5.891 -6.259 1.311
11.11.1991 5.883 -6.257 1.31
12.11.1991 5.869 -6.254 1.309
13.11.1991 5.862 -6.25 1.308
14.11.1991 5.85 -6.247 1.307
15.11.1991 5.836 -6.243 1.306
16.11.1991 5.822 -6.24 1.305
17.11.1991 5.809 -6.237 1.304
18.11.1991 5.803 -6.236 1.302
19.11.1991 5.793 -6.232 1.301
20.11.1991 5.782 -6.229 1.3
21.11.1991 5.773 -6.227 1.299
22.11.1991 5.765 -6.224 1.298
23.11.1991 5.755 -6.222 1.298
24.11.1991 5.744 -6.22 1.297
25.11.1991 5.736 -6.216 1.296
26.11.1991 5.729 -6.213 1.296
27.11.1991 5.723 -6.21 1.295
28.11.1991 5.711 -6.207 1.294
29.11.1991 5.698 -6.203 1.293
30.11.1991 5.69 -6.201 1.292
01.12.1991 5.681 -6.199 1.291
02.12.1991 5.676 -6.195 1.29
03.12.1991 5.665 -6.192 1.289
04.12.1991 5.651 -6.19 1.288
05.12.1991 5.644 -6.187 1.287
06.12.1991 5.631 -6.185 1.286
07.12.1991 5.621 -6.181 1.284
08.12.1991 5.613 -6.179 1.284
09.12.1991 5.602 -6.177 1.283
10.12.1991 5.588 -6.174 1.282
11.12.1991 5.578 -6.173 1.281
12.12.1991 5.571 -6.169 1.28
13.12.1991 5.561 -6.165 1.279
14.12.1991 5.547 -6.163 1.277
15.12.1991 5.536 -6.161 1.276
16.12.1991 5.526 -6.157 1.275
17.12.1991 5.52 -6.153 1.275
18.12.1991 5.514 -6.151 1.273
19.12.1991 5.501 -6.149 1.273
20.12.1991 5.492 -6.147 1.272
21.12.1991 5.481 -6.143 1.27
22.12.1991 5.475 -6.14 1.269
23.12.1991 5.462 -6.138 1.268
24.12.1991 5.456 -6.134 1.267
25.12.1991 5.447 -6.133 1.265
26.12.1991 5.44 -6.129 1.264
27.12.1991 5.432 -6.128 1.263
28.12.1991 5.423 -6.125 1.262
29.12.1991 5.415 -6.121 1.261
30.12.1991 5.405 -6.118 1.259
31.12.1991 5.395 -6.116 1.258
01.01.1992 5.387 -6.113 1.257
02.01.1992 5.38 -6.109 1.256
03.01.1992 5.367 -6.107 1.255
04.01.1992 5.354 -6.104 1.254
05.01.1992 5.343 -6.101 1.253
06.01.1992 5.337 -6.099 1.253
07.01.1992 5.329 -6.096 1.251
08.01.1992 5.323 -6.095 1.251
09.01.1992 5.312 -6.092 1.25
10.01.1992 5.304 -6.09 1.249
11.01.1992 5.295 -6.088 1.247
12.01.1992 5.285 -6.085 1.246
13.01.1992 5.271 -6.082 1.245
14.01.1992 5.259 -6.079 1.244
15.01.1992 5.246 -6.078 1.242
16.01.1992 5.236 -6.076 1.241
17.01.1992 5.227 -6.074 1.24
18.01.1992 5.217 -6.071 1.24
19.01.1992 5.211 -6.069 1.239
20.01.1992 5.203 -6.066 1.238
21.01.1992 5.193 -6.063 1.237
22.01.1992 5.185 -6.061 1.237
23.01.1992 5.179 -6.059 1.236
24.01.1992 5.174 -6.056 1.235
25.01.1992 5.166 -6.055 1.234
26.01.1992 5.154 -6.052 1.233
27.01.1992 5.148 -6.05 1.231
28.01.1992 5.138 -6.048 1.23
29.01.1992 5.129 -6.045 1.229
30.01.1992 5.116 -6.044 1.227
31.01.1992 5.103 -6.041 1.226
01.02.1992 5.095 -6.037 1.225
02.02.1992 5.087 -6.035 1.224
03.02.1992 5.075 -6.032 1.223
04.02.1992 5.069 -6.03 1.222
05.02.1992 5.057 -6.026 1.221
06.02.1992 5.052 -6.024 1.22
07.02.1992 5.044 -6.021 1.219
08.02.1992 5.037 -6.019 1.218
09.02.1992 5.022 -6.018 1.217
10.02.1992 5.009 -6.016 1.215
11.02.1992 5.002 -6.013 1.215
12.02.1992 4.996 -6.012 1.214
13.02.1992 4.987 -6.009 1.213
14.02.1992 4.976 -6.008 1.211
15.02.1992 4.966 -6.006 1.21
16.02.1992 4.959 -6.003 1.209
17.02.1992 4.949 -6.001 1.208
18.02.1992 4.943 -6.0 1.207
19.02.1992 4.929 -5.997 1.206
20.02.1992 4.918 -5.995 1.205
21.02.1992 4.908 -5.993 1.204
22.02.1992 4.898 -5.991 1.203
23.02.1992 4.889 -5.989 1.201
24.02.1992 4.882 -5.987 1.2
25.02.1992 4.871 -5.986 1.199
26.02.1992 4.866 -5.984 1.198
27.02.1992 4.853 -5.982 1.197
28.02.1992 4.846 -5.98 1.196
29.02.1992 4.836 -5.978 1.195
01.03.1992 4.827 -5.977 1.194
02.03.1992 4.817 -5.974 1.193
03.03.1992 4.805 -5.972 1.192
04.03.1992 4.799 -5.97 1.191
05.03.1992 4.787 -5.968 1.189
06.03.1992 4.774 -5.966 1.188
07.03.1992 4.762 -5.963 1.187
08.03.1992 4.756 -5.96 1.185
09.03.1992 4.744 -5.958 1.185
10.03.1992 4.738 -5.956 1.184
11.03.1992 4.729 -5.955 1.183
12.03.1992 4.719 -5.952 1.182
13.03.1992 4.712 -5.949 1.18
14.03.1992 4.703 -5.947 1.179
15.03.1992 4.69 -5.946 1.178
16.03.1992 4.685 -5.944 1.177
17.03.1992 4.676 -5.942 1.176
18.03.1992 4.663 -5.94 1.176
19.03.1992 4.649 -5.937 1.174
20.03.1992 4.639 -5.935 1.173
21.03.1992 4.631 -5.932 1.173
22.03.1992 4.625 -5.931 1.172
23.03.1992 4.613 -5.93 1.171
24.03.1992 4.6 -5.928 1.169
25.03.1992 4.588 -5.926 1.168
26.03.1992 4.581 -5.925 1.167
27.03.1992 4.566 -5.922 1.167
28.03.1992 4.553 -5.92 1.165
29.03.1992 4.54 -5.918 1.165
30.03.1992 4.527 -5.916 1.164
31.03.1992 4.519 -5.914 1.163
01.04.1992 4.509 -5.912 1.162
02.04.1992 4.504 -5.909 1.161
03.04.1992 4.496 -5.907 1.16
04.04.1992 4.482 -5.905 1.159
05.04.1992 4.475 -5.903 1.159
06.04.1992 4.463 -5.901 1.158
07.04.1992 4.453 -5.898 1.157
08.04.1992 4.446 -5.896 1.156
09.04.1992 4.436 -5.894 1.155
10.04.1992 4.43 -5.893 1.155
11.04.1992 4.415 -5.891 1.153
12.04.1992 4.408 -5.889 1.152
13.04.1992 4.403 -5.887 1.151
14.04.1992 4.395 -5.885 1.15
15.04.1992 4.389 -5.882 1.15
16.04.1992 4.382 -5.881 1.149
17.04.1992 4.376 -5.878 1.148
18.04.1992 4.366 -5.877 1.147
19.04.1992 4.357 -5.875 1.146
20.04.1992 4.349 -5.874 1.145
21.04.1992 4.34 -5.871 1.144
22.04.1992 4.328 -5.868 1.143
23.04.1992 4.322 -5.865 1.142
24.04.1992 4.317 -5.863 1.142
25.04.1992 4.303 -5.861 1.14
26.04.1992 4.292 -5.859 1.139
27.04.1992 4.286 -5.857 1.138
28.04.1992 4.275 -5.855 1.137
29.04.1992 4.265 -5.854 1.136
30.04.1992 4.258 -5.852 1.135
01.05.1992 4.249 -5.849 1.134
02.05.1992 4.241 -5.846 1.133
03.05.1992 4.229 -5.845 1.132
04.05.1992 4.216 -5.843 1.13
05.05.1992 4.209 -5.841 1.13
06.05.1992 4.195 -5.839 1.129
07.05.1992 4.184 -5.837 1.128
08.05.1992 4.177 -5.835 1.127
09.05.1992 4.164 -5.834 1.126
10.05.1992 4.15 -5.832 1.125
11.05.1992 4.136 -5.831 1.124
12.05.1992 4.127 -5.829 1.123
13.05.1992 4.12 -5.827 1.122
14.05.1992 4.106 -5.824 1.121
15.05.1992 4.093 -5.821 1.12
16.05.1992 4.083 -5.82 1.119
17.05.1992 4.074 -5.819 1.117
18.05.1992 4.059 -5.817 1.117
19.05.1992 4.051 -5.814 1.115
20.05.1992 4.041 -5.812 1.114
21.05.1992 4.036 -5.811 1.113
22.05.1992 4.026 -5.809 1.112
23.05.1992 4.017 -5.808 1.111
24.05.1992 4.006 -5.806 1.11
25.05.1992 3.991 -5.803 1.109
26.05.1992 3.983 -5.802 1.108
27.05.1992 3.977 -5.799 1.107
28.05.1992 3.966 -5.797 1.106
29.05.1992 3.954 -5.795 1.105
30.05.1992 3.944 -5.793 1.104
31.05.1992 3.932 -5.791 1.104
01.06.1992 3.926 -5.789 1.103
02.06.1992 3.918 -5.787 1.101
03.06.1992 3.907 -5.785 1.1
04.06.1992 3.896 -5.783 1.099
05.06.1992 3.891 -5.78 1.097
06.06.1992 3.885 -5.778 1.096
07.06.1992 3.873 -5.776 1.095
08.06.1992 3.867 -5.774 1.094
09.06.1992 3.859 -5.772 1.092
10.06.1992 3.849 -5.77 1.092
11.06.1992 3.842 -5.768 1.091
12.06.1992 3.832 -5.766 1.09
13.06.1992 3.818 -5.764 1.089
14.06.1992 3.806 -5.762 1.087
15.06.1992 3.798 -5.761 1.086
16.06.1992 3.792 -5.76 1.086
17.06.1992 3.779 -5.759 1.085
18.06.1992 3.765 -5.758 1.083
19.06.1992 3.76 -5.756 1.083
20.06.1992 3.754 -5.754 1.082
21.06.1992 3.749 -5.752 1.08
22.06.1992 3.734 -5.751 1.079
23.06.1992 3.722 -5.749 1.078
24.06.1992 3.712 -5.748 1.076
25.06.1992 3.707 -5.745 1.075
26.06.1992 3.699 -5.744 1.074
27.06.1992 3.688 -5.742 1.073
28.06.1992 3.677 -5.739 1.073
29.06.1992 3.662 -5.737 1.071
30.06.1992 3.65 -5.736 1.07
01.07.1992 3.64 -5.733 1.069
02.07.1992 3.626 -5.732 1.068
03.07.1992 3.616 -5.731 1.067
04.07.1992 3.606 -5.729 1.066
05.07.1992 3.592 -5.727 1.065
06.07.1992 3.578 -5.724 1.063
07.07.1992 3.57 -5.722 1.063
08.07.1992 3.558 -5.721 1.061
09.07.1992 3.544 -5.719 1.06
10.07.1992 3.53 -5.717 1.059
11.07.1992 3.518 -5.715 1.058
12.07.1992 3.505 -5.713 1.057
13.07.1992 3.493 -5.712 1.056
14.07.1992 3.482 -5.71 1.055
15.07.1992 3.472 -5.708 1.055
16.07.1992 3.462 -5.708 1.054
17.07.1992 3.456 -5.706 1.053
18.07.1992 3.448 -5.705 1.052
19.07.1992 3.44 -5.703 1.051
20.07.1992 3.434 -5.701 1.051
21.07.1992 3.423 -5.7 1.05
22.07.1992 3.411 -5.697 1.049
23.07.1992 3.4 -5.696 1.048
24.07.1992 3.39 -5.694 1.046
25.07.1992 3.381 -5.692 1.045
26.07.1992 3.375 -5.689 1.045
27.07.1992 3.363 -5.687 1.043
28.07.1992 3.357 -5.685 1.043
29.07.1992 3.343 -5.683 1.042
30.07.1992 3.329 -5.681 1.041
31.07.1992 3.318 -5.68 1.04
01.08.1992 3.305 -5.677 1.039
02.08.1992 3.293 -5.675 1.038
03.08.1992 3.283 -5.673 1.037
04.08.1992 3.272 -5.671 1.036
05.08.1992 3.265 -5.668 1.035
06.08.1992 3.256 -5.667 1.034
07.08.1992 3.246 -5.666 1.033
08.08.1992 3.236 -5.664 1.032
09.08.1992 3.226 -5.663 1.031
10.08.1992 3.213 -5.66 1.03
11.08.1992 3.198 -5.658 1.028
12.08.1992 3.192 -5.657 1.028
13.08.1992 3.184 -5.656 1.027
14.08.1992 3.17 -5.655 1.026
15.08.1992 3.156 -5.654 1.025
16.08.1992 3.141 -5.653 1.024
17.08.1992 3.133 -5.651 1.024
18.08.1992 3.118 -5.65 1.023
19.08.1992 3.109 -5.649 1.022
20.08.1992 3.102 -5.646 1.021
21.08.1992 3.096 -5.644 1.02
22.08.1992 3.083 -5.643 1.019
23.08.1992 3.072 -5.641 1.019
24.08.1992 3.058 -5.639 1.017
25.08.1992 3.049 -5.638 1.017
26.08.1992 3.037 -5.635 1.016
27.08.1992 3.031 -5.632 1.015
28.08.1992 3.023 -5.63 1.014
29.08.1992 3.014 -5.629 1.013
30.08.1992 3.008 -5.628 1.012
31.08.1992 2.997 -5.627 1.011
01.09.1992 2.99 -5.626 1.009
02.09.1992 2.979 -5.624 1.009
03.09.1992 2.968 -5.622 1.008
04.09.1992 2.956 -5.62 1.008
05.09.1992 2.947 -5.619 1.007
06.09.1992 2.941 -5.617 1.007
07.09.1992 2.927 -5.614 1.006
08.09.1992 2.914 -5.611 1.005
09.09.1992 2.903 -5.609 1.004
10.09.1992 2.891 -5.607 1.004
11.09.1992 2.882 -5.606 1.002
12.09.1992 2.868 -5.603 1.001
13.09.1992 2.859 -5.602 1.0
14.09.1992 2.851 -5.6 0.999
15.09.1992 2.843 -5.598 0.999
16.09.1992 2.835 -5.596 0.997
17.09.1992 2.823 -5.595 0.997
18.09.1992 2.815 -5.594 0.996
19.09.1992 2.804 -5.591 0.995
20.09.1992 2.795 -5.589 0.993
21.09.1992 2.785 -5.588 0.992
22.09.1992 2.772 -5.587 0.991
23.09.1992 2.758 -5.585 0.989
24.09.1992 2.751 -5.583 0.988
25.09.1992 2.745 -5.582 0.987
26.09.1992 2.739 -5.58 0.986
27.09.1992 2.733 -5.578 0.985
28.09.1992 2.721 -5.577 0.985
29.09.1992 2.707 -5.575 0.984
30.09.1992 2.7 -5.572 0.983
01.10.1992 2.692 -5.571 0.982
02.10.1992 2.684 -5.57 0.981
03.10.1992 2.673 -5.569 0.98
04.10.1992 2.667 -5.567 0.979
05.10.1992 2.658 -5.565 0.978
06.10.1992 2.653 -5.564 0.977
07.10.1992 2.646 -5.562 0.976
08.10.1992 2.64 -5.561 0.975
09.10.1992 2.631 -5.559 0.975
10.10.1992 2.617 -5.556 0.974
11.10.1992 2.605 -5.554 0.973
12.10.1992 2.592 -5.553 0.972
13.10.1992 2.583 -5.552 0.971
14.10.1992 2.577 -5.551 0.97
15.10.1992 2.57 -5.549 0.968
16.10.1992 2.562 -5.547 0.967
17.10.1992 2.552 -5.545 0.966
18.10.1992 2.544 -5.543 0.965
19.10.1992 2.538 -5.542 0.964
20.10.1992 2.527 -5.539 0.963
21.10.1992 2.517 -5.538 0.962
22.10.1992 2.509 -5.537 0.961
23.10.1992 2.5 -5.534 0.96
24.10.1992 2.49 -5.533 0.959
25.10.1992 2.481 -5.532 0.958
26.10.1992 2.472 -5.529 0.956
27.10.1992 2.457 -5.528 0.955
28.10.1992 2.446 -5.526 0.954
29.10.1992 2.437 -5.524 0.954
30.10.1992 2.424 -5.522 0.953
31.10.1992 2.416 -5.52 0.952
01.11.1992 2.407 -5.519 0.951
02.11.1992 2.393 -5.518 0.949
03.11.1992 2.383 -5.516 0.948
04.11.1992 2.371 -5.514 0.947
05.11.1992 2.365 -5.513 0.946
06.11.1992 2.354 -5.511 0.945
07.11.1992 2.341 -5.51 0.944
08.11.1992 2.333 -5.508 0.943
09.11.1992 2.327 -5.507 0.942
10.11.1992 2.321 -5.505 0.942
11.11.1992 2.31 -5.503 0.941
12.11.1992 2.297 -5.501 0.94
13.11.1992 2.287 -5.499 0.939
14.11.1992 2.281 -5.498 0.937
15.11.1992 2.266 -5.496 0.936
16.11.1992 2.256 -5.495 0.934
17.11.1992 2.248 -5.493 0.933
18.11.1992 2.238 -5.492 0.933
19.11.1992 2.227 -5.49 0.931
20.11.1992 2.217 -5.488 0.93
21.11.1992 2.211 -5.486 0.929
22.11.1992 2.206 -5.484 0.929
23.11.1992 2.192 -5.482 0.927
24.11.1992 2.18 -5.48 0.926
25.11.1992 2.175 -5.479 0.925
26.11.1992 2.168 -5.477 0.923
27.11.1992 2.153 -5.475 0.923
28.11.1992 2.143 -5.473 0.922
29.11.1992 2.133 -5.472 0.921
30.11.1992 2.121 -5.471 0.921
01.12.1992 2.112 -5.468 0.92
02.12.1992 2.105 -5.467 0.919
03.12.1992 2.092 -5.466 0.918
04.12.1992 2.082 -5.465 0.917
05.12.1992 2.07 -5.463 0.916
06.12.1992 2.063 -5.461 0.915
07.12.1992 2.048 -5.46 0.914
08.12.1992 2.035 -5.458 0.913
09.12.1992 2.026 -5.456 0.912
10.12.1992 2.014 -5.454 0.911
11.12.1992 2.009 -5.453 0.91
12.12.1992 1.995 -5.451 0.909
13.12.1992 1.986 -5.449 0.908
14.12.1992 1.98 -5.447 0.907
15.12.1992 1.965 -5.446 0.906
16.12.1992 1.954 -5.445 0.905
17.12.1992 1.943 -5.443 0.904
18.12.1992 1.929 -5.442 0.903
19.12.1992 1.922 -5.44 0.902
20.12.1992 1.912 -5.439 0.901
21.12.1992 1.899 -5.437 0.9
22.12.1992 1.887 -5.436 0.899
23.12.1992 1.877 -5.435 0.898
24.12.1992 1.867 -5.433 0.897
25.12.1992 1.856 -5.432 0.896
26.12.1992 1.844 -5.43 0.895
27.12.1992 1.834 -5.428 0.894
28.12.1992 1.824 -5.426 0.893
29.12.1992 1.816 -5.424 0.892
30.12.1992 1.803 -5.423 0.89
31.12.1992 1.789 -5.421 0.889
01.01.1993 1.777 -5.419 0.888
02.01.1993 1.763 -5.416 0.887
03.01.1993 1.75 -5.414 0.886
04.01.1993 1.745 -5.413 0.885
05.01.1993 1.736 -5.411 0.884
06.01.1993 1.73 -5.409 0.884
07.01.1993 1.723 -5.408 0.883
08.01.1993 1.711 -5.407 0.881
09.01.1993 1.7 -5.405 0.881
10.01.1993 1.686 -5.403 0.88
11.01.1993 1.679 -5.402 0.879
12.01.1993 1.664 -5.4 0.878
13.01.1993 1.656 -5.399 0.877
14.01.1993 1.648 -5.397 0.877
15.01.1993 1.636 -5.396 0.876
16.01.1993 1.627 -5.394 0.874
17.01.1993 1.615 -5.393 0.873
18.01.1993 1.602 -5.391 0.872
19.01.1993 1.596 -5.389 0.871
20.01.1993 1.588 -5.387 0.87
21.01.1993 1.578 -5.385 0.869
22.01.1993 1.566 -5.384 0.868
23.01.1993 1.552 -5.382 0.867
24.01.1993 1.547 -5.38 0.866
25.01.1993 1.534 -5.378 0.865
26.01.1993 1.526 -5.376 0.864
27.01.1993 1.517 -5.374 0.863
28.01.1993 1.509 -5.372 0.863
29.01.1993 1.503 -5.371 0.862
30.01.1993 1.497 -5.37 0.861
31.01.1993 1.485 -5.369 0.86
01.02.1993 1.478 -5.368 0.859
02.02.1993 1.469 -5.366 0.858
03.02.1993 1.459 -5.364 0.858
04.02.1993 1.452 -5.364 0.857
05.02.1993 1.444 -5.362 0.855
06.02.1993 1.438 -5.361 0.854
07.02.1993 1.424 -5.358 0.853
08.02.1993 1.414 -5.357 0.852
09.02.1993 1.405 -5.354 0.851
10.02.1993 1.395 -5.352 0.849
11.02.1993 1.387 -5.35 0.848
12.02.1993 1.379 -5.348 0.847
13.02.1993 1.366 -5.347 0.846
14.02.1993 1.361 -5.346 0.845
15.02.1993 1.353 -5.344 0.844
16.02.1993 1.341 -5.343 0.843
17.02.1993 1.335 -5.342 0.843
18.02.1993 1.321 -5.34 0.841
19.02.1993 1.309 -5.339 0.84
20.02.1993 1.302 -5.337 0.839
21.02.1993 1.293 -5.336 0.838
22.02.1993 1.286 -5.335 0.836
23.02.1993 1.278 -5.334 0.835
24.02.1993 1.268 -5.332 0.834
25.02.1993 1.259 -5.33 0.833
26.02.1993 1.246 -5.329 0.832
27.02.1993 1.239 -5.328 0.831
28.02.1993 1.228 -5.327 0.829
01.03.1993 1.213 -5.325 0.829
02.03.1993 1.205 -5.323 0.827
03.03.1993 1.194 -5.321 0.826
04.03.1993 1.185 -5.319 0.825
05.03.1993 1.177 -5.318 0.824
06.03.1993 1.166 -5.317 0.823
07.03.1993 1.159 -5.315 0.822
08.03.1993 1.146 -5.314 0.821
09.03.1993 1.136 -5.312 0.82
10.03.1993 1.128 -5.312 0.819
11.03.1993 1.115 -5.31 0.818
12.03.1993 1.108 -5.309 0.817
13.03.1993 1.098 -5.307 0.817
14.03.1993 1.089 -5.305 0.816
15.03.1993 1.08 -5.304 0.814
16.03.1993 1.07 -5.302 0.814
17.03.1993 1.063 -5.299 0.813
18.03.1993 1.051 -5.297 0.812
19.03.1993 1.039 -5.296 0.812
20.03.1993 1.025 -5.294 0.811
21.03.1993 1.013 -5.293 0.81
22.03.1993 0.998 -5.292 0.809
23.03.1993 0.99 -5.289 0.808
24.03.1993 0.979 -5.288 0.807
25.03.1993 0.965 -5.287 0.806
26.03.1993 0.955 -5.285 0.805
27.03.1993 0.945 -5.284 0.804
28.03.1993 0.931 -5.282 0.803
29.03.1993 0.922 -5.281 0.802
30.03.1993 0.915 -5.279 0.801
31.03.1993 0.904 -5.278 0.8
01.04.1993 0.894 -5.277 0.799
02.04.1993 0.889 -5.276 0.798
03.04.1993 0.881 -5.274 0.797
04.04.1993 0.87 -5.273 0.796
05.04.1993 0.864 -5.271 0.795
06.04.1993 0.852 -5.27 0.794
07.04.1993 0.842 -5.268 0.793
08.04.1993 0.83 -5.267 0.791
09.04.1993 0.819 -5.265 0.79
10.04.1993 0.81 -5.263 0.789
11.04.1993 0.802 -5.263 0.788
12.04.1993 0.795 -5.261 0.787
13.04.1993 0.79 -5.26 0.786
14.04.1993 0.784 -5.258 0.785
15.04.1993 0.771 -5.256 0.784
16.04.1993 0.757 -5.254 0.783
17.04.1993 0.75 -5.254 0.781
18.04.1993 0.74 -5.252 0.781
19.04.1993 0.726 -5.25 0.78
20.04.1993 0.714 -5.249 0.779
21.04.1993 0.701 -5.247 0.778
22.04.1993 0.692 -5.246 0.778
23.04.1993 0.677 -5.245 0.776
24.04.1993 0.67 -5.244 0.775
25.04.1993 0.659 -5.243 0.774
26.04.1993 0.645 -5.241 0.773
27.04.1993 0.632 -5.24 0.773
28.04.1993 0.62 -5.239 0.771
29.04.1993 0.613 -5.237 0.77
30.04.1993 0.606 -5.236 0.769
01.05.1993 0.594 -5.235 0.768
02.05.1993 0.581 -5.234 0.767
03.05.1993 0.57 -5.233 0.766
04.05.1993 0.56 -5.232 0.765
05.05.1993 0.549 -5.23 0.765
06.05.1993 0.534 -5.228 0.763
07.05.1993 0.529 -5.228 0.762
08.05.1993 0.516 -5.226 0.761
09.05.1993 0.51 -5.225 0.76
10.05.1993 0.504 -5.224 0.759
11.05.1993 0.496 -5.222 0.758
12.05.1993 0.483 -5.221 0.757
13.05.1993 0.476 -5.219 0.756
14.05.1993 0.469 -5.218 0.754
15.05.1993 0.461 -5.217 0.754
16.05.1993 0.45 -5.216 0.753
17.05.1993 0.438 -5.214 0.752
18.05.1993 0.428 -5.213 0.75
19.05.1993 0.417 -5.212 0.749
20.05.1993 0.406 -5.211 0.748
21.05.1993 0.398 -5.21 0.748
22.05.1993 0.389 -5.208 0.747
23.05.1993 0.383 -5.207 0.746
24.05.1993 0.375 -5.206 0.745
25.05.1993 0.365 -5.204 0.744
26.05.1993 0.352 -5.202 0.743
27.05.1993 0.341 -5.201 0.742
28.05.1993 0.328 -5.2 0.741
29.05.1993 0.32 -5.199 0.74
30.05.1993 0.306 -5.197 0.739
31.05.1993 0.297 -5.195 0.737
01.06.1993 0.283 -5.194 0.737
02.06.1993 0.276 -5.192 0.736
03.06.1993 0.271 -5.191 0.735
04.06.1993 0.26 -5.19 0.734
05.06.1993 0.254 -5.188 0.733
06.06.1993 0.247 -5.187 0.732
07.06.1993 0.242 -5.185 0.731
08.06.1993 0.23 -5.183 0.731
09.06.1993 0.225 -5.181 0.73
10.06.1993 0.216 -5.179 0.729
11.06.1993 0.201 -5.178 0.728
12.06.1993 0.193 -5.176 0.727
13.06.1993 0.186 -5.175 0.726
14.06.1993 0.174 -5.173 0.725
15.06.1993 0.166 -5.172 0.724
16.06.1993 0.16 -5.17 0.724
17.06.1993 0.152 -5.169 0.723
18.06.1993 0.141 -5.167 0.721
19.06.1993 0.128 -5.166 0.72
20.06.1993 0.114 -5.164 0.719
21.06.1993 0.108 -5.162 0.719
22.06.1993 0.095 -5.162 0.718
23.06.1993 0.081 -5.16 0.717
24.06.1993 0.076 -5.158 0.716
25.06.1993 0.062 -5.157 0.715
26.06.1993 0.048 -5.156 0.714
27.06.1993 0.038 -5.155 0.713
28.06.1993 0.027 -5.154 0.712
29.06.1993 0.014 -5.152 0.712
30.06.1993 0.008 -5.151 0.71
