22.09.1986 5.302 -6.83 1.463
23.09.1986 5.292 -6.822 1.462
24.09.1986 5.278 -6.817 1.462
25.09.1986 5.268 -6.809 1.461
26.09.1986 5.258 -6.805 1.46
27.09.1986 5.248 -6.799 1.458
28.09.1986 5.237 -6.795 1.458
29.09.1986 5.23 -6.787 1.457
30.09.1986 5.218 -6.779 1.456
01.10.1986 5.21 -6.776 1.455
02.10.1986 5.203 -6.77 1.455
03.10.1986 5.197 -6.764 1.454
04.10.1986 5.191 -6.76 1.453
05.10.1986 5.183 -6.754 1.452
06.10.1986 5.17 -6.749 1.451
07.10.1986 5.163 -6.746 1.45
08.10.1986 5.149 -6.742 1.449
09.10.1986 5.136 -6.739 1.448
10.10.1986 5.122 -6.737 1.446
11.10.1986 5.112 -6.731 1.446
12.10.1986 5.104 -6.729 1.445
13.10.1986 5.094 -6.726 1.444
14.10.1986 5.084 -6.723 1.443
15.10.1986 5.074 -6.717 1.442
16.10.1986 5.061 -6.714 1.441
17.10.1986 5.047 -6.711 1.44
18.10.1986 5.037 -6.708 1.439
19.10.1986 5.027 -6.706 1.438
20.10.1986 5.013 -6.701 1.437
21.10.1986 5.001 -6.698 1.436
22.10.1986 4.992 -6.694 1.435
23.10.1986 4.978 -6.691 1.435
24.10.1986 4.972 -6.688 1.433
25.10.1986 4.962 -6.684 1.432
26.10.1986 4.952 -6.681 1.431
27.10.1986 4.945 -6.678 1.43
28.10.1986 4.932 -6.674 1.429
29.10.1986 4.918 -6.67 1.428
30.10.1986 4.907 -6.667 1.427
31.10.1986 4.899 -6.664 1.426
01.11.1986 4.885 -6.66 1.424
02.11.1986 4.872 -6.657 1.424
03.11.1986 4.863 -6.654 1.423
04.11.1986 4.853 -6.651 1.422
05.11.1986 4.84 -6.648 1.421
06.11.1986 4.832 -6.643 1.42
07.11.1986 4.821 -6.639 1.419
08.11.1986 4.807 -6.637 1.418
09.11.1986 4.794 -6.634 1.417
10.11.1986 4.783 -6.631 1.416
11.11.1986 4.772 -6.627 1.415
12.11.1986 4.759 -6.623 1.415
13.11.1986 4.752 -6.619 1.414
14.11.1986 4.745 -6.617 1.413
15.11.1986 4.734 -6.616 1.412
16.11.1986 4.722 -6.613 1.412
17.11.1986 4.711 -6.611 1.411
18.11.1986 4.703 -6.607 1.41
19.11.1986 4.696 -6.604 1.41
20.11.1986 4.683 -6.601 1.409
21.11.1986 4.677 -6.598 1.408
22.11.1986 4.666 -6.596 1.406
23.11.1986 4.658 -6.595 1.405
24.11.1986 4.651 -6.592 1.404
25.11.1986 4.643 -6.59 1.403
26.11.1986 4.629 -6.588 1.402
27.11.1986 4.62 -6.586 1.401
28.11.1986 4.611 -6.582 1.399
29.11.1986 4.597 -6.578 1.398
30.11.1986 4.59 -6.577 1.397
01.12.1986 4.58 -6.573 1.396
02.12.1986 4.571 -6.569 1.395
03.12.1986 4.557 -6.568 1.394
04.12.1986 4.546 -6.566 1.393
05.12.1986 4.538 -6.562 1.392
06.12.1986 4.525 -6.56 1.391
07.12.1986 4.518 -6.557 1.39
08.12.1986 4.508 -6.553 1.388
09.12.1986 4.502 -6.551 1.387
10.12.1986 4.494 -6.548 1.386
11.12.1986 4.481 -6.546 1.385
12.12.1986 4.474 -6.542 1.384
13.12.1986 4.463 -6.539 1.383
14.12.1986 4.451 -6.536 1.382
15.12.1986 4.437 -6.532 1.38
16.12.1986 4.427 -6.529 1.379
17.12.1986 4.419 -6.526 1.378
18.12.1986 4.405 -6.523 1.377
19.12.1986 4.399 -6.521 1.376
20.12.1986 4.385 -6.519 1.376
21.12.1986 4.378 -6.516 1.375
22.12.1986 4.367 -6.512 1.374
23.12.1986 4.353 -6.511 1.373
24.12.1986 4.341 -6.507 1.372
25.12.1986 4.326 -6.503 1.37
26.12.1986 4.319 -6.5 1.369
27.12.1986 4.309 -6.498 1.368
28.12.1986 4.3 -6.494 1.367
29.12.1986 4.286 -6.493 1.366
30.12.1986 4.279 -6.491 1.365
31.12.1986 4.269 -6.489 1.364
01.01.1987 4.26 -6.487 1.363
02.01.1987 4.251 -6.484 1.363
03.01.1987 4.237 -6.483 1.362
04.01.1987 4.231 -6.48 1.361
05.01.1987 4.216 -6.477 1.359
06.01.1987 4.209 -6.475 1.358
07.01.1987 4.199 -6.473 1.357
08.01.1987 4.185 -6.469 1.356
09.01.1987 4.18 -6.467 1.356
10.01.1987 4.175 -6.465 1.355
11.01.1987 4.162 -6.464 1.354
12.01.1987 4.15 -6.46 1.353
13.01.1987 4.142 -6.458 1.352
14.01.1987 4.137 -6.456 1.352
15.01.1987 4.124 -6.452 1.351
16.01.1987 4.118 -6.45 1.349
17.01.1987 4.106 -6.447 1.348
18.01.1987 4.095 -6.446 1.348
19.01.1987 4.086 -6.444 1.346
20.01.1987 4.072 -6.443 1.346
21.01.1987 4.06 -6.44 1.345
22.01.1987 4.047 -6.439 1.343
23.01.1987 4.034 -6.436 1.342
24.01.1987 4.021 -6.433 1.342
25.01.1987 4.013 -6.431 1.34
26.01.1987 4.006 -6.428 1.339
27.01.1987 3.992 -6.425 1.338
28.01.1987 3.979 -6.423 1.337
29.01.1987 3.969 -6.421 1.336
30.01.1987 3.96 -6.42 1.334
31.01.1987 3.952 -6.416 1.334
01.02.1987 3.939 -6.415 1.332
02.02.1987 3.927 -6.413 1.332
03.02.1987 3.916 -6.411 1.33
04.02.1987 3.909 -6.409 1.33
05.02.1987 3.897 -6.407 1.328
06.02.1987 3.889 -6.404 1.328
07.02.1987 3.878 -6.401 1.327
08.02.1987 3.865 -6.399 1.326
09.02.1987 3.86 -6.396 1.326
10.02.1987 3.851 -6.393 1.325
11.02.1987 3.844 -6.391 1.324
12.02.1987 3.834 -6.388 1.323
13.02.1987 3.828 -6.386 1.322
14.02.1987 3.82 -6.383 1.321
15.02.1987 3.811 -6.381 1.32
16.02.1987 3.801 -6.38 1.318
17.02.1987 3.789 -6.377 1.317
18.02.1987 3.775 -6.374 1.316
19.02.1987 3.761 -6.373 1.315
20.02.1987 3.746 -6.37 1.314
21.02.1987 3.738 -6.368 1.312
22.02.1987 3.733 -6.367 1.311
23.02.1987 3.724 -6.365 1.311
24.02.1987 3.715 -6.363 1.31
25.02.1987 3.703 -6.36 1.309
26.02.1987 3.696 -6.358 1.308
27.02.1987 3.683 -6.357 1.307
28.02.1987 3.673 -6.355 1.306
01.03.1987 3.66 -6.353 1.305
02.03.1987 3.648 -6.351 1.303
03.03.1987 3.642 -6.348 1.302
04.03.1987 3.634 -6.346 1.301
05.03.1987 3.622 -6.344 1.3
06.03.1987 3.614 -6.341 1.299
07.03.1987 3.602 -6.339 1.298
08.03.1987 3.591 -6.337 1.298
09.03.1987 3.581 -6.334 1.297
10.03.1987 3.571 -6.331 1.296
11.03.1987 3.561 -6.329 1.295
12.03.1987 3.555 -6.327 1.293
13.03.1987 3.55 -6.325 1.292
14.03.1987 3.539 -6.324 1.291
15.03.1987 3.532 -6.322 1.291
16.03.1987 3.519 -6.32 1.29
17.03.1987 3.509 -6.318 1.289
18.03.1987 3.504 -6.317 1.288
19.03.1987 3.498 -6.315 1.287
20.03.1987 3.491 -6.312 1.286
21.03.1987 3.477 -6.311 1.285
22.03.1987 3.466 -6.308 1.284
23.03.1987 3.454 -6.307 1.283
24.03.1987 3.44 -6.306 1.282
25.03.1987 3.43 -6.304 1.281
26.03.1987 3.417 -6.301 1.28
27.03.1987 3.41 -6.299 1.279
28.03.1987 3.405 -6.296 1.278
29.03.1987 3.39 -6.293 1.277
30.03.1987 3.379 -6.29 1.276
31.03.1987 3.371 -6.287 1.276
01.04.1987 3.365 -6.286 1.275
02.04.1987 3.353 -6.284 1.273
03.04.1987 3.342 -6.281 1.272
04.04.1987 3.335 -6.279 1.271
05.04.1987 3.322 -6.276 1.27
06.04.1987 3.308 -6.274 1.269
07.04.1987 3.294 -6.273 1.268
08.04.1987 3.286 -6.271 1.267
09.04.1987 3.274 -6.268 1.266
10.04.1987 3.266 -6.265 1.266
11.04.1987 3.258 -6.264 1.265
12.04.1987 3.247 -6.262 1.263
13.04.1987 3.237 -6.259 1.262
14.04.1987 3.223 -6.258 1.261
15.04.1987 3.212 -6.257 1.261
16.04.1987 3.2 -6.254 1.26
17.04.1987 3.188 -6.251 1.259
18.04.1987 3.177 -6.25 1.258
19.04.1987 3.165 -6.248 1.257
20.04.1987 3.153 -6.246 1.256
21.04.1987 3.139 -6.243 1.255
22.04.1987 3.128 -6.242 1.254
23.04.1987 3.119 -6.24 1.253
24.04.1987 3.107 -6.238 1.252
25.04.1987 3.098 -6.237 1.251
26.04.1987 3.085 -6.236 1.25
27.04.1987 3.079 -6.235 1.249
28.04.1987 3.07 -6.233 1.248
29.04.1987 3.057 -6.231 1.248
30.04.1987 3.047 -6.228 1.247
01.05.1987 3.038 -6.226 1.246
02.05.1987 3.03 -6.224 1.245
03.05.1987 3.02 -6.222 1.244
04.05.1987 3.011 -6.219 1.243
05.05.1987 2.999 -6.217 1.242
06.05.1987 2.993 -6.215 1.241
07.05.1987 2.98 -6.212 1.24
08.05.1987 2.97 -6.209 1.239
09.05.1987 2.962 -6.207 1.239
10.05.1987 2.952 -6.205 1.237
11.05.1987 2.946 -6.203 1.237
12.05.1987 2.933 -6.202 1.235
13.05.1987 2.919 -6.201 1.234
14.05.1987 2.905 -6.199 1.233
15.05.1987 2.896 -6.198 1.232
16.05.1987 2.882 -6.196 1.231
17.05.1987 2.874 -6.195 1.23
18.05.1987 2.865 -6.193 1.229
19.05.1987 2.854 -6.192 1.228
20.05.1987 2.848 -6.19 1.227
21.05.1987 2.84 -6.188 1.225
22.05.1987 2.833 -6.186 1.225
23.05.1987 2.825 -6.184 1.224
24.05.1987 2.812 -6.182 1.223
25.05.1987 2.802 -6.18 1.222
26.05.1987 2.789 -6.178 1.221
27.05.1987 2.782 -6.177 1.22
28.05.1987 2.776 -6.175 1.219
29.05.1987 2.761 -6.173 1.218
30.05.1987 2.747 -6.17 1.217
31.05.1987 2.737 -6.169 1.216
01.06.1987 2.73 -6.167 1.214
02.06.1987 2.717 -6.164 1.213
03.06.1987 2.705 -6.162 1.213
04.06.1987 2.695 -6.16 1.211
05.06.1987 2.685 -6.158 1.211
06.06.1987 2.678 -6.157 1.21
07.06.1987 2.672 -6.156 1.209
08.06.1987 2.664 -6.154 1.208
09.06.1987 2.658 -6.153 1.207
10.06.1987 2.648 -6.15 1.206
11.06.1987 2.639 -6.149 1.205
12.06.1987 2.628 -6.147 1.204
13.06.1987 2.623 -6.146 1.203
14.06.1987 2.611 -6.144 1.202
15.06.1987 2.605 -6.142 1.201
16.06.1987 2.596 -6.141 1.199
17.06.1987 2.591 -6.14 1.198
18.06.1987 2.579 -6.138 1.198
19.06.1987 2.569 -6.135 1.197
20.06.1987 2.558 -6.133 1.196
21.06.1987 2.551 -6.132 1.195
22.06.1987 2.54 -6.131 1.194
23.06.1987 2.532 -6.129 1.192
24.06.1987 2.52 -6.127 1.191
25.06.1987 2.514 -6.125 1.19
26.06.1987 2.501 -6.122 1.189
27.06.1987 2.495 -6.12 1.188
28.06.1987 2.484 -6.119 1.187
29.06.1987 2.476 -6.116 1.186
30.06.1987 2.469 -6.114 1.185
01.07.1987 2.459 -6.111 1.185
02.07.1987 2.447 -6.11 1.184
03.07.1987 2.441 -6.109 1.184
04.07.1987 2.426 -6.107 1.183
05.07.1987 2.421 -6.105 1.182
06.07.1987 2.408 -6.103 1.181
07.07.1987 2.395 -6.102 1.18
08.07.1987 2.381 -6.099 1.18
09.07.1987 2.368 -6.097 1.178
10.07.1987 2.362 -6.096 1.177
11.07.1987 2.347 -6.094 1.176
12.07.1987 2.337 -6.092 1.176
13.07.1987 2.322 -6.09 1.175
14.07.1987 2.312 -6.089 1.174
15.07.1987 2.303 -6.088 1.173
16.07.1987 2.293 -6.087 1.172
17.07.1987 2.279 -6.085 1.171
18.07.1987 2.267 -6.083 1.17
19.07.1987 2.257 -6.081 1.169
20.07.1987 2.25 -6.079 1.168
21.07.1987 2.241 -6.077 1.167
22.07.1987 2.235 -6.075 1.165
23.07.1987 2.227 -6.074 1.164
24.07.1987 2.218 -6.072 1.164
25.07.1987 2.212 -6.069 1.163
26.07.1987 2.198 -6.068 1.162
27.07.1987 2.191 -6.066 1.161
28.07.1987 2.181 -6.063 1.16
29.07.1987 2.169 -6.062 1.158
30.07.1987 2.158 -6.061 1.157
31.07.1987 2.151 -6.059 1.156
01.08.1987 2.144 -6.058 1.155
02.08.1987 2.138 -6.057 1.153
03.08.1987 2.129 -6.055 1.152
04.08.1987 2.118 -6.053 1.151
05.08.1987 2.104 -6.05 1.15
06.08.1987 2.099 -6.049 1.149
07.08.1987 2.092 -6.047 1.149
08.08.1987 2.085 -6.046 1.148
09.08.1987 2.073 -6.043 1.147
10.08.1987 2.058 -6.041 1.146
11.08.1987 2.044 -6.04 1.144
12.08.1987 2.029 -6.038 1.143
13.08.1987 2.019 -6.036 1.143
14.08.1987 2.014 -6.035 1.142
15.08.1987 2.006 -6.033 1.141
16.08.1987 1.992 -6.031 1.14
17.08.1987 1.983 -6.03 1.14
18.08.1987 1.97 -6.027 1.139
19.08.1987 1.96 -6.025 1.137
20.08.1987 1.945 -6.023 1.136
21.08.1987 1.935 -6.022 1.135
22.08.1987 1.925 -6.021 1.134
23.08.1987 1.918 -6.02 1.133
24.08.1987 1.91 -6.019 1.132
25.08.1987 1.904 -6.017 1.132
26.08.1987 1.893 -6.014 1.131
27.08.1987 1.878 -6.013 1.13
28.08.1987 1.873 -6.01 1.129
29.08.1987 1.861 -6.01 1.128
30.08.1987 1.854 -6.008 1.127
31.08.1987 1.841 -6.005 1.126
01.09.1987 1.835 -6.004 1.125
02.09.1987 1.825 -6.003 1.124
03.09.1987 1.812 -6.001 1.123
04.09.1987 1.805 -6.0 1.122
05.09.1987 1.8 -5.997 1.121
06.09.1987 1.789 -5.996 1.12
07.09.1987 1.775 -5.994 1.119
08.09.1987 1.768 -5.993 1.119
09.09.1987 1.759 -5.991 1.117
10.09.1987 1.746 -5.99 1.117
11.09.1987 1.734 -5.988 1.116
12.09.1987 1.72 -5.986 1.115
13.09.1987 1.712 -5.985 1.114
14.09.1987 1.7 -5.983 1.113
15.09.1987 1.687 -5.981 1.112
16.09.1987 1.677 -5.98 1.111
17.09.1987 1.665 -5.978 1.11
18.09.1987 1.653 -5.976 1.109
19.09.1987 1.643 -5.973 1.108
20.09.1987 1.63 -5.971 1.107
21.09.1987 1.621 -5.968 1.106
22.09.1987 1.613 -5.966 1.105
23.09.1987 1.6 -5.964 1.103
24.09.1987 1.593 -5.963 1.103
25.09.1987 1.583 -5.961 1.101
26.09.1987 1.572 -5.96 1.1
27.09.1987 1.563 -5.957 1.099
28.09.1987 1.555 -5.956 1.098
29.09.1987 1.549 -5.954 1.096
30.09.1987 1.538 -5.952 1.095
01.10.1987 1.531 -5.951 1.095
02.10.1987 1.526 -5.948 1.094
03.10.1987 1.517 -5.947 1.093
04.10.1987 1.509 -5.945 1.092
05.10.1987 1.503 -5.943 1.092
06.10.1987 1.496 -5.941 1.09
07.10.1987 1.485 -5.94 1.09
08.10.1987 1.478 -5.939 1.089
09.10.1987 1.47 -5.937 1.088
10.10.1987 1.465 -5.935 1.087
11.10.1987 1.451 -5.933 1.086
12.10.1987 1.437 -5.931 1.085
13.10.1987 1.429 -5.929 1.084
14.10.1987 1.421 -5.928 1.083
15.10.1987 1.409 -5.926 1.081
16.10.1987 1.404 -5.924 1.08
17.10.1987 1.399 -5.922 1.079
18.10.1987 1.392 -5.92 1.078
19.10.1987 1.385 -5.919 1.077
20.10.1987 1.377 -5.918 1.076
21.10.1987 1.368 -5.917 1.075
22.10.1987 1.355 -5.915 1.075
23.10.1987 1.344 -5.914 1.074
24.10.1987 1.332 -5.913 1.073
25.10.1987 1.317 -5.912 1.072
26.10.1987 1.306 -5.909 1.072
27.10.1987 1.294 -5.908 1.07
28.10.1987 1.282 -5.906 1.069
29.10.1987 1.275 -5.904 1.068
30.10.1987 1.261 -5.903 1.066
31.10.1987 1.256 -5.902 1.065
01.11.1987 1.241 -5.901 1.064
02.11.1987 1.236 -5.899 1.063
03.11.1987 1.227 -5.897 1.062
04.11.1987 1.217 -5.896 1.061
05.11.1987 1.204 -5.894 1.06
06.11.1987 1.196 -5.893 1.059
07.11.1987 1.185 -5.891 1.057
08.11.1987 1.174 -5.889 1.057
09.11.1987 1.162 -5.888 1.056
10.11.1987 1.153 -5.886 1.055
11.11.1987 1.146 -5.885 1.054
12.11.1987 1.133 -5.883 1.054
13.11.1987 1.127 -5.882 1.053
14.11.1987 1.113 -5.881 1.052
15.11.1987 1.1 -5.88 1.05
16.11.1987 1.087 -5.878 1.049
17.11.1987 1.076 -5.875 1.049
18.11.1987 1.065 -5.873 1.048
19.11.1987 1.054 -5.871 1.047
20.11.1987 1.042 -5.87 1.046
21.11.1987 1.027 -5.867 1.044
22.11.1987 1.012 -5.866 1.043
23.11.1987 0.998 -5.864 1.043
24.11.1987 0.984 -5.862 1.042
25.11.1987 0.973 -5.86 1.041
26.11.1987 0.96 -5.858 1.04
27.11.1987 0.946 -5.856 1.04
28.11.1987 0.933 -5.854 1.039
29.11.1987 0.924 -5.853 1.038
30.11.1987 0.917 -5.852 1.037
01.12.1987 0.911 -5.851 1.037
02.12.1987 0.898 -5.849 1.036
03.12.1987 0.886 -5.846 1.034
04.12.1987 0.872 -5.844 1.034
05.12.1987 0.867 -5.843 1.033
06.12.1987 0.858 -5.84 1.031
07.12.1987 0.847 -5.839 1.03
08.12.1987 0.839 -5.838 1.029
09.12.1987 0.83 -5.837 1.028
10.12.1987 0.819 -5.835 1.027
11.12.1987 0.804 -5.833 1.025
12.12.1987 0.798 -5.831 1.024
13.12.1987 0.791 -5.83 1.023
14.12.1987 0.777 -5.828 1.022
15.12.1987 0.769 -5.827 1.021
16.12.1987 0.758 -5.825 1.02
17.12.1987 0.747 -5.824 1.019
18.12.1987 0.734 -5.822 1.018
19.12.1987 0.728 -5.822 1.017
20.12.1987 0.716 -5.82 1.016
21.12.1987 0.709 -5.818 1.015
22.12.1987 0.695 -5.816 1.015
23.12.1987 0.683 -5.814 1.014
24.12.1987 0.67 -5.812 1.013
25.12.1987 0.656 -5.811 1.011
26.12.1987 0.642 -5.81 1.01
27.12.1987 0.635 -5.808 1.01
28.12.1987 0.623 -5.807 1.008
29.12.1987 0.617 -5.805 1.008
30.12.1987 0.603 -5.804 1.006
31.12.1987 0.592 -5.803 1.005
01.01.1988 0.577 -5.802 1.004
02.01.1988 0.566 -5.8 1.003
03.01.1988 0.552 -5.798 1.002
04.01.1988 0.547 -5.797 1.0
05.01.1988 0.536 -5.795 0.999
06.01.1988 0.525 -5.794 0.998
07.01.1988 0.511 -5.793 0.997
08.01.1988 0.499 -5.791 0.996
09.01.1988 0.49 -5.789 0.995
10.01.1988 0.48 -5.787 0.994
11.01.1988 0.47 -5.785 0.993
12.01.1988 0.46 -5.783 0.991
13.01.1988 0.452 -5.782 0.99
14.01.1988 0.447 -5.781 0.99
15.01.1988 0.439 -5.779 0.988
16.01.1988 0.429 -5.777 0.987
17.01.1988 0.418 -5.775 0.986
18.01.1988 0.411 -5.774 0.985
19.01.1988 0.397 -5.773 0.983
20.01.1988 0.39 -5.771 0.982
21.01.1988 0.378 -5.77 0.981
22.01.1988 0.372 -5.769 0.98
23.01.1988 0.361 -5.768 0.98
24.01.1988 0.347 -5.766 0.979
25.01.1988 0.341 -5.763 0.978
26.01.1988 0.336 -5.761 0.976
27.01.1988 0.323 -5.759 0.975
28.01.1988 0.313 -5.758 0.974
29.01.1988 0.3 -5.756 0.973
30.01.1988 0.294 -5.754 0.972
31.01.1988 0.28 -5.752 0.971
01.02.1988 0.267 -5.751 0.97
02.02.1988 0.259 -5.749 0.969
03.02.1988 0.245 -5.748 0.968
04.02.1988 0.236 -5.747 0.967
05.02.1988 0.225 -5.746 0.966
06.02.1988 0.218 -5.745 0.965
07.02.1988 0.208 -5.743 0.964
08.02.1988 0.196 -5.741 0.963
09.02.1988 0.186 -5.739 0.961
10.02.1988 0.176 -5.737 0.96
11.02.1988 0.162 -5.735 0.959
12.02.1988 0.152 -5.735 0.958
13.02.1988 0.144 -5.733 0.957
14.02.1988 0.131 -5.732 0.957
15.02.1988 0.121 -5.73 0.956
16.02.1988 0.106 -5.728 0.955
17.02.1988 0.094 -5.726 0.954
18.02.1988 0.088 -5.725 0.952
19.02.1988 0.079 -5.723 0.951
20.02.1988 0.069 -5.722 0.95
21.02.1988 0.057 -5.72 0.949
22.02.1988 0.043 -5.719 0.948
23.02.1988 0.037 -5.717 0.947
24.02.1988 0.028 -5.716 0.946
25.02.1988 0.022 -5.714 0.945
26.02.1988 0.011 -5.712 0.944
27.02.1988 0.001 -5.711 0.943
