17.01.1980 6.016 -7.717 1.423
18.01.1980 6.002 -7.711 1.421
19.01.1980 5.994 -7.706 1.421
20.01.1980 5.987 -7.697 1.42
21.01.1980 5.98 -7.687 1.419
22.01.1980 5.974 -7.683 1.418
23.01.1980 5.963 -7.676 1.417
24.01.1980 5.953 -7.669 1.416
25.01.1980 5.944 -7.662 1.416
26.01.1980 5.937 -7.657 1.415
27.01.1980 5.931 -7.653 1.413
28.01.1980 5.926 -7.65 1.412
29.01.1980 5.92 -7.645 1.411
30.01.1980 5.91 -7.64 1.41
31.01.1980 5.904 -7.637 1.409
01.02.1980 5.892 -7.634 1.408
02.02.1980 5.883 -7.629 1.407
03.02.1980 5.875 -7.625 1.406
04.02.1980 5.867 -7.619 1.405
05.02.1980 5.855 -7.613 1.404
06.02.1980 5.84 -7.61 1.403
07.02.1980 5.83 -7.608 1.402
08.02.1980 5.821 -7.604 1.401
09.02.1980 5.809 -7.598 1.401
10.02.1980 5.803 -7.596 1.399
11.02.1980 5.791 -7.593 1.398
12.02.1980 5.783 -7.588 1.397
13.02.1980 5.773 -7.583 1.396
14.02.1980 5.761 -7.579 1.395
15.02.1980 5.749 -7.577 1.394
16.02.1980 5.74 -7.571 1.393
17.02.1980 5.734 -7.569 1.392
18.02.1980 5.723 -7.565 1.39
19.02.1980 5.71 -7.563 1.39
20.02.1980 5.698 -7.56 1.388
21.02.1980 5.683 -7.555 1.387
22.02.1980 5.677 -7.55 1.387
23.02.1980 5.671 -7.545 1.386
24.02.1980 5.664 -7.542 1.385
25.02.1980 5.657 -7.538 1.384
26.02.1980 5.645 -7.535 1.382
27.02.1980 5.63 -7.533 1.381
28.02.1980 5.624 -7.529 1.38
29.02.1980 5.611 -7.526 1.379
01.03.1980 5.6 -7.522 1.378
02.03.1980 5.593 -7.518 1.377
03.03.1980 5.579 -7.514 1.376
04.03.1980 5.568 -7.509 1.375
05.03.1980 5.558 -7.506 1.375
06.03.1980 5.549 -7.504 1.374
07.03.1980 5.539 -7.501 1.373
08.03.1980 5.534 -7.498 1.372
09.03.1980 5.526 -7.496 1.372
10.03.1980 5.515 -7.492 1.37
11.03.1980 5.501 -7.488 1.37
12.03.1980 5.494 -7.486 1.369
13.03.1980 5.489 -7.483 1.368
14.03.1980 5.475 -7.48 1.367
15.03.1980 5.461 -7.476 1.365
16.03.1980 5.453 -7.473 1.364
17.03.1980 5.444 -7.47 1.363
18.03.1980 5.431 -7.466 1.362
19.03.1980 5.418 -7.463 1.36
20.03.1980 5.411 -7.46 1.359
21.03.1980 5.398 -7.456 1.358
22.03.1980 5.384 -7.454 1.357
23.03.1980 5.375 -7.45 1.356
24.03.1980 5.367 -7.448 1.355
25.03.1980 5.357 -7.444 1.354
26.03.1980 5.343 -7.442 1.354
27.03.1980 5.335 -7.44 1.352
28.03.1980 5.321 -7.436 1.352
29.03.1980 5.311 -7.432 1.35
30.03.1980 5.301 -7.429 1.35
31.03.1980 5.288 -7.426 1.349
01.04.1980 5.276 -7.425 1.348
02.04.1980 5.267 -7.421 1.347
03.04.1980 5.254 -7.419 1.346
04.04.1980 5.244 -7.417 1.344
05.04.1980 5.234 -7.415 1.343
06.04.1980 5.224 -7.412 1.342
07.04.1980 5.216 -7.409 1.341
08.04.1980 5.205 -7.408 1.34
09.04.1980 5.199 -7.404 1.339
10.04.1980 5.188 -7.401 1.339
11.04.1980 5.175 -7.398 1.337
12.04.1980 5.169 -7.396 1.336
13.04.1980 5.16 -7.394 1.335
14.04.1980 5.154 -7.392 1.334
15.04.1980 5.14 -7.39 1.333
16.04.1980 5.126 -7.389 1.333
17.04.1980 5.12 -7.386 1.331
18.04.1980 5.111 -7.383 1.33
19.04.1980 5.102 -7.38 1.329
20.04.1980 5.088 -7.378 1.328
21.04.1980 5.081 -7.377 1.326
22.04.1980 5.071 -7.374 1.325
23.04.1980 5.06 -7.372 1.324
24.04.1980 5.053 -7.371 1.324
25.04.1980 5.044 -7.369 1.322
26.04.1980 5.032 -7.365 1.321
27.04.1980 5.023 -7.364 1.32
28.04.1980 5.01 -7.361 1.319
29.04.1980 4.997 -7.359 1.318
30.04.1980 4.985 -7.356 1.317
01.05.1980 4.973 -7.352 1.316
02.05.1980 4.96 -7.35 1.315
03.05.1980 4.951 -7.348 1.314
04.05.1980 4.939 -7.346 1.313
05.05.1980 4.931 -7.343 1.312
06.05.1980 4.916 -7.34 1.312
07.05.1980 4.909 -7.338 1.311
08.05.1980 4.9 -7.335 1.31
09.05.1980 4.887 -7.334 1.309
10.05.1980 4.873 -7.331 1.308
11.05.1980 4.863 -7.329 1.307
12.05.1980 4.856 -7.326 1.306
13.05.1980 4.85 -7.325 1.305
14.05.1980 4.836 -7.324 1.304
15.05.1980 4.823 -7.321 1.303
16.05.1980 4.814 -7.319 1.302
17.05.1980 4.803 -7.317 1.302
18.05.1980 4.796 -7.315 1.301
19.05.1980 4.782 -7.312 1.3
20.05.1980 4.768 -7.311 1.299
21.05.1980 4.758 -7.308 1.298
22.05.1980 4.745 -7.305 1.297
23.05.1980 4.731 -7.303 1.296
24.05.1980 4.718 -7.301 1.294
25.05.1980 4.704 -7.298 1.293
26.05.1980 4.699 -7.295 1.292
27.05.1980 4.689 -7.294 1.291
28.05.1980 4.68 -7.291 1.29
29.05.1980 4.669 -7.289 1.289
30.05.1980 4.657 -7.287 1.288
31.05.1980 4.652 -7.285 1.287
01.06.1980 4.647 -7.284 1.285
02.06.1980 4.632 -7.282 1.284
03.06.1980 4.626 -7.279 1.283
04.06.1980 4.619 -7.277 1.282
05.06.1980 4.612 -7.274 1.28
06.06.1980 4.606 -7.273 1.279
07.06.1980 4.599 -7.27 1.278
08.06.1980 4.585 -7.268 1.277
09.06.1980 4.578 -7.265 1.276
10.06.1980 4.566 -7.263 1.274
11.06.1980 4.555 -7.26 1.274
12.06.1980 4.55 -7.259 1.273
13.06.1980 4.539 -7.257 1.272
14.06.1980 4.532 -7.255 1.271
15.06.1980 4.527 -7.252 1.27
16.06.1980 4.515 -7.249 1.268
17.06.1980 4.505 -7.246 1.267
18.06.1980 4.5 -7.244 1.266
19.06.1980 4.486 -7.243 1.265
20.06.1980 4.474 -7.241 1.264
21.06.1980 4.464 -7.239 1.263
22.06.1980 4.458 -7.236 1.262
23.06.1980 4.449 -7.233 1.261
24.06.1980 4.439 -7.231 1.26
25.06.1980 4.433 -7.229 1.259
26.06.1980 4.419 -7.228 1.258
27.06.1980 4.405 -7.225 1.257
28.06.1980 4.393 -7.222 1.256
29.06.1980 4.388 -7.221 1.255
30.06.1980 4.376 -7.218 1.254
01.07.1980 4.362 -7.215 1.253
02.07.1980 4.349 -7.213 1.252
03.07.1980 4.343 -7.211 1.251
04.07.1980 4.336 -7.209 1.249
05.07.1980 4.328 -7.207 1.248
06.07.1980 4.32 -7.204 1.247
07.07.1980 4.315 -7.202 1.246
08.07.1980 4.302 -7.2 1.245
09.07.1980 4.293 -7.198 1.244
10.07.1980 4.283 -7.197 1.243
11.07.1980 4.274 -7.195 1.242
12.07.1980 4.266 -7.193 1.241
13.07.1980 4.256 -7.192 1.24
14.07.1980 4.243 -7.189 1.239
15.07.1980 4.231 -7.187 1.238
16.07.1980 4.218 -7.186 1.237
17.07.1980 4.211 -7.184 1.236
18.07.1980 4.205 -7.181 1.235
19.07.1980 4.193 -7.178 1.234
20.07.1980 4.187 -7.177 1.233
21.07.1980 4.178 -7.174 1.232
22.07.1980 4.166 -7.173 1.231
23.07.1980 4.155 -7.171 1.23
24.07.1980 4.145 -7.169 1.229
25.07.1980 4.138 -7.167 1.229
26.07.1980 4.128 -7.165 1.228
27.07.1980 4.116 -7.164 1.227
28.07.1980 4.111 -7.161 1.226
29.07.1980 4.097 -7.16 1.225
30.07.1980 4.082 -7.157 1.224
31.07.1980 4.075 -7.156 1.222
01.08.1980 4.064 -7.153 1.222
02.08.1980 4.055 -7.151 1.221
03.08.1980 4.044 -7.149 1.22
04.08.1980 4.036 -7.146 1.219
05.08.1980 4.026 -7.144 1.218
06.08.1980 4.014 -7.142 1.218
07.08.1980 4.009 -7.141 1.217
08.08.1980 4.002 -7.139 1.216
09.08.1980 3.996 -7.137 1.214
10.08.1980 3.982 -7.134 1.213
11.08.1980 3.97 -7.133 1.212
12.08.1980 3.964 -7.131 1.211
13.08.1980 3.951 -7.13 1.21
14.08.1980 3.937 -7.128 1.209
15.08.1980 3.925 -7.125 1.208
16.08.1980 3.914 -7.122 1.207
17.08.1980 3.908 -7.119 1.206
18.08.1980 3.896 -7.117 1.205
19.08.1980 3.886 -7.115 1.204
20.08.1980 3.876 -7.113 1.204
21.08.1980 3.863 -7.11 1.203
22.08.1980 3.852 -7.109 1.202
23.08.1980 3.838 -7.107 1.201
24.08.1980 3.831 -7.105 1.2
25.08.1980 3.82 -7.102 1.199
26.08.1980 3.809 -7.099 1.198
27.08.1980 3.796 -7.097 1.197
28.08.1980 3.789 -7.096 1.196
29.08.1980 3.777 -7.094 1.195
30.08.1980 3.767 -7.092 1.194
31.08.1980 3.753 -7.09 1.194
01.09.1980 3.747 -7.088 1.193
02.09.1980 3.741 -7.086 1.191
03.09.1980 3.728 -7.084 1.19
04.09.1980 3.715 -7.081 1.189
05.09.1980 3.704 -7.08 1.188
06.09.1980 3.696 -7.077 1.187
07.09.1980 3.683 -7.075 1.187
08.09.1980 3.674 -7.073 1.186
09.09.1980 3.661 -7.071 1.185
10.09.1980 3.654 -7.069 1.183
11.09.1980 3.642 -7.067 1.182
12.09.1980 3.634 -7.066 1.181
13.09.1980 3.622 -7.064 1.18
14.09.1980 3.615 -7.062 1.179
15.09.1980 3.61 -7.06 1.178
16.09.1980 3.601 -7.058 1.177
17.09.1980 3.589 -7.057 1.176
18.09.1980 3.584 -7.055 1.175
19.09.1980 3.577 -7.053 1.174
20.09.1980 3.565 -7.051 1.173
21.09.1980 3.556 -7.048 1.172
22.09.1980 3.546 -7.046 1.171
23.09.1980 3.534 -7.043 1.17
24.09.1980 3.527 -7.041 1.169
25.09.1980 3.519 -7.039 1.168
26.09.1980 3.511 -7.038 1.167
27.09.1980 3.499 -7.036 1.166
28.09.1980 3.491 -7.034 1.165
29.09.1980 3.486 -7.033 1.164
30.09.1980 3.479 -7.03 1.164
01.10.1980 3.47 -7.029 1.162
02.10.1980 3.461 -7.027 1.161
03.10.1980 3.448 -7.026 1.161
04.10.1980 3.437 -7.024 1.16
05.10.1980 3.427 -7.023 1.159
06.10.1980 3.418 -7.021 1.158
07.10.1980 3.412 -7.02 1.157
08.10.1980 3.401 -7.018 1.155
09.10.1980 3.393 -7.016 1.155
10.10.1980 3.387 -7.015 1.154
11.10.1980 3.378 -7.013 1.153
12.10.1980 3.372 -7.01 1.152
13.10.1980 3.366 -7.009 1.151
14.10.1980 3.357 -7.007 1.15
15.10.1980 3.344 -7.006 1.149
16.10.1980 3.339 -7.004 1.148
17.10.1980 3.326 -7.003 1.147
18.10.1980 3.316 -7.001 1.146
19.10.1980 3.311 -7.0 1.145
20.10.1980 3.296 -6.998 1.144
21.10.1980 3.289 -6.996 1.143
22.10.1980 3.28 -6.994 1.142
23.10.1980 3.269 -6.992 1.142
24.10.1980 3.264 -6.99 1.141
25.10.1980 3.25 -6.987 1.139
26.10.1980 3.237 -6.986 1.138
27.10.1980 3.23 -6.983 1.137
28.10.1980 3.219 -6.982 1.136
29.10.1980 3.205 -6.981 1.136
30.10.1980 3.191 -6.98 1.135
31.10.1980 3.181 -6.978 1.134
01.11.1980 3.166 -6.976 1.133
02.11.1980 3.159 -6.975 1.131
03.11.1980 3.149 -6.974 1.13
04.11.1980 3.142 -6.971 1.13
05.11.1980 3.136 -6.97 1.128
06.11.1980 3.126 -6.969 1.127
07.11.1980 3.114 -6.968 1.126
08.11.1980 3.103 -6.966 1.125
09.11.1980 3.095 -6.964 1.124
10.11.1980 3.089 -6.963 1.123
11.11.1980 3.081 -6.961 1.121
12.11.1980 3.072 -6.959 1.12
13.11.1980 3.064 -6.958 1.119
14.11.1980 3.054 -6.955 1.118
15.11.1980 3.04 -6.954 1.117
16.11.1980 3.032 -6.952 1.116
17.11.1980 3.025 -6.951 1.115
18.11.1980 3.013 -6.949 1.114
19.11.1980 3.005 -6.948 1.113
20.11.1980 2.991 -6.947 1.113
21.11.1980 2.978 -6.944 1.112
22.11.1980 2.969 -6.942 1.111
23.11.1980 2.954 -6.941 1.111
24.11.1980 2.94 -6.94 1.109
25.11.1980 2.929 -6.937 1.108
26.11.1980 2.92 -6.935 1.107
27.11.1980 2.91 -6.934 1.106
28.11.1980 2.897 -6.932 1.105
29.11.1980 2.886 -6.931 1.103
30.11.1980 2.873 -6.93 1.102
01.12.1980 2.865 -6.928 1.101
02.12.1980 2.856 -6.927 1.1
03.12.1980 2.842 -6.926 1.099
04.12.1980 2.828 -6.925 1.098
05.12.1980 2.819 -6.923 1.096
06.12.1980 2.809 -6.922 1.095
07.12.1980 2.795 -6.92 1.095
08.12.1980 2.785 -6.919 1.093
09.12.1980 2.779 -6.917 1.092
10.12.1980 2.769 -6.914 1.091
11.12.1980 2.76 -6.913 1.09
12.12.1980 2.751 -6.911 1.088
13.12.1980 2.736 -6.909 1.087
14.12.1980 2.724 -6.908 1.087
15.12.1980 2.714 -6.905 1.086
16.12.1980 2.702 -6.903 1.085
17.12.1980 2.692 -6.902 1.083
18.12.1980 2.682 -6.899 1.083
19.12.1980 2.672 -6.898 1.081
20.12.1980 2.667 -6.895 1.08
21.12.1980 2.658 -6.894 1.08
22.12.1980 2.645 -6.892 1.079
23.12.1980 2.632 -6.891 1.078
24.12.1980 2.62 -6.889 1.077
25.12.1980 2.613 -6.888 1.076
26.12.1980 2.604 -6.887 1.074
27.12.1980 2.596 -6.885 1.073
28.12.1980 2.591 -6.884 1.072
29.12.1980 2.581 -6.882 1.071
30.12.1980 2.57 -6.881 1.07
31.12.1980 2.565 -6.879 1.069
01.01.1981 2.551 -6.877 1.068
02.01.1981 2.542 -6.876 1.067
03.01.1981 2.528 -6.874 1.066
04.01.1981 2.519 -6.872 1.065
05.01.1981 2.505 -6.87 1.064
06.01.1981 2.493 -6.869 1.063
07.01.1981 2.479 -6.867 1.062
08.01.1981 2.465 -6.866 1.061
09.01.1981 2.453 -6.865 1.06
10.01.1981 2.446 -6.863 1.058
11.01.1981 2.433 -6.862 1.057
12.01.1981 2.421 -6.859 1.056
13.01.1981 2.407 -6.858 1.055
14.01.1981 2.397 -6.856 1.054
15.01.1981 2.388 -6.854 1.053
16.01.1981 2.379 -6.853 1.052
17.01.1981 2.369 -6.851 1.052
18.01.1981 2.363 -6.85 1.051
19.01.1981 2.357 -6.848 1.05
20.01.1981 2.35 -6.845 1.049
21.01.1981 2.34 -6.844 1.048
22.01.1981 2.334 -6.842 1.047
23.01.1981 2.328 -6.84 1.045
24.01.1981 2.316 -6.839 1.045
25.01.1981 2.306 -6.837 1.044
26.01.1981 2.299 -6.836 1.043
27.01.1981 2.291 -6.834 1.042
28.01.1981 2.285 -6.832 1.041
29.01.1981 2.271 -6.831 1.04
30.01.1981 2.264 -6.829 1.039
31.01.1981 2.252 -6.828 1.038
01.02.1981 2.24 -6.827 1.037
02.02.1981 2.227 -6.825 1.036
03.02.1981 2.219 -6.823 1.035
04.02.1981 2.204 -6.821 1.034
05.02.1981 2.191 -6.82 1.033
06.02.1981 2.184 -6.818 1.032
07.02.1981 2.172 -6.817 1.031
08.02.1981 2.162 -6.815 1.03
09.02.1981 2.157 -6.814 1.029
10.02.1981 2.15 -6.813 1.027
11.02.1981 2.139 -6.811 1.026
12.02.1981 2.13 -6.81 1.026
13.02.1981 2.12 -6.809 1.025
14.02.1981 2.107 -6.807 1.024
15.02.1981 2.099 -6.805 1.023
16.02.1981 2.089 -6.804 1.022
17.02.1981 2.08 -6.804 1.02
18.02.1981 2.074 -6.802 1.02
19.02.1981 2.063 -6.799 1.019
20.02.1981 2.058 -6.798 1.018
21.02.1981 2.052 -6.796 1.017
22.02.1981 2.039 -6.794 1.016
23.02.1981 2.027 -6.793 1.015
24.02.1981 2.019 -6.791 1.014
25.02.1981 2.012 -6.79 1.013
26.02.1981 1.998 -6.787 1.012
27.02.1981 1.988 -6.785 1.011
28.02.1981 1.974 -6.783 1.011
01.03.1981 1.965 -6.781 1.01
02.03.1981 1.959 -6.779 1.009
03.03.1981 1.953 -6.777 1.008
04.03.1981 1.942 -6.775 1.007
05.03.1981 1.932 -6.773 1.006
06.03.1981 1.924 -6.771 1.005
07.03.1981 1.911 -6.77 1.005
08.03.1981 1.897 -6.767 1.004
09.03.1981 1.887 -6.766 1.002
10.03.1981 1.875 -6.764 1.001
11.03.1981 1.868 -6.762 1.0
12.03.1981 1.858 -6.76 0.999
13.03.1981 1.843 -6.758 0.998
14.03.1981 1.83 -6.756 0.998
15.03.1981 1.823 -6.754 0.996
16.03.1981 1.814 -6.752 0.995
17.03.1981 1.804 -6.751 0.994
18.03.1981 1.798 -6.749 0.993
19.03.1981 1.792 -6.748 0.992
20.03.1981 1.782 -6.746 0.99
21.03.1981 1.768 -6.744 0.989
22.03.1981 1.758 -6.743 0.988
23.03.1981 1.752 -6.741 0.987
24.03.1981 1.743 -6.74 0.986
25.03.1981 1.736 -6.737 0.985
26.03.1981 1.727 -6.736 0.984
27.03.1981 1.72 -6.735 0.983
28.03.1981 1.713 -6.734 0.982
29.03.1981 1.699 -6.732 0.981
30.03.1981 1.687 -6.73 0.98
31.03.1981 1.682 -6.728 0.979
01.04.1981 1.674 -6.727 0.978
02.04.1981 1.661 -6.725 0.977
03.04.1981 1.65 -6.723 0.976
04.04.1981 1.638 -6.721 0.975
05.04.1981 1.631 -6.72 0.974
06.04.1981 1.624 -6.719 0.973
07.04.1981 1.619 -6.717 0.972
08.04.1981 1.609 -6.714 0.971
09.04.1981 1.6 -6.713 0.97
10.04.1981 1.587 -6.712 0.969
11.04.1981 1.578 -6.711 0.968
12.04.1981 1.567 -6.709 0.967
13.04.1981 1.557 -6.707 0.966
14.04.1981 1.547 -6.705 0.965
15.04.1981 1.533 -6.704 0.964
16.04.1981 1.52 -6.702 0.963
17.04.1981 1.508 -6.701 0.963
18.04.1981 1.497 -6.7 0.961
19.04.1981 1.491 -6.698 0.961
20.04.1981 1.481 -6.695 0.96
21.04.1981 1.47 -6.693 0.959
22.04.1981 1.462 -6.692 0.958
23.04.1981 1.456 -6.69 0.956
24.04.1981 1.443 -6.688 0.955
25.04.1981 1.438 -6.686 0.954
26.04.1981 1.425 -6.685 0.953
27.04.1981 1.417 -6.684 0.952
28.04.1981 1.406 -6.683 0.951
29.04.1981 1.396 -6.681 0.951
30.04.1981 1.389 -6.68 0.949
01.05.1981 1.382 -6.678 0.948
02.05.1981 1.367 -6.677 0.947
03.05.1981 1.359 -6.675 0.947
04.05.1981 1.353 -6.674 0.945
05.05.1981 1.342 -6.672 0.944
06.05.1981 1.335 -6.67 0.943
07.05.1981 1.321 -6.669 0.942
08.05.1981 1.316 -6.668 0.941
09.05.1981 1.305 -6.667 0.939
10.05.1981 1.298 -6.664 0.938
11.05.1981 1.286 -6.663 0.937
12.05.1981 1.276 -6.661 0.937
13.05.1981 1.265 -6.66 0.936
14.05.1981 1.257 -6.658 0.935
15.05.1981 1.242 -6.657 0.934
16.05.1981 1.234 -6.655 0.933
17.05.1981 1.227 -6.654 0.931
18.05.1981 1.215 -6.652 0.93
19.05.1981 1.206 -6.651 0.93
20.05.1981 1.197 -6.65 0.929
21.05.1981 1.183 -6.648 0.928
22.05.1981 1.17 -6.647 0.928
23.05.1981 1.16 -6.645 0.927
24.05.1981 1.151 -6.643 0.926
25.05.1981 1.143 -6.642 0.925
26.05.1981 1.136 -6.641 0.924
27.05.1981 1.128 -6.639 0.924
28.05.1981 1.118 -6.637 0.923
29.05.1981 1.112 -6.636 0.922
30.05.1981 1.104 -6.633 0.921
31.05.1981 1.089 -6.631 0.919
01.06.1981 1.082 -6.629 0.919
02.06.1981 1.07 -6.628 0.917
03.06.1981 1.061 -6.627 0.917
04.06.1981 1.055 -6.626 0.916
05.06.1981 1.044 -6.624 0.915
06.06.1981 1.036 -6.623 0.914
07.06.1981 1.028 -6.622 0.913
08.06.1981 1.022 -6.62 0.912
09.06.1981 1.009 -6.619 0.911
10.06.1981 1.0 -6.618 0.91
11.06.1981 0.989 -6.616 0.91
12.06.1981 0.975 -6.614 0.909
13.06.1981 0.962 -6.613 0.907
14.06.1981 0.957 -6.611 0.907
15.06.1981 0.95 -6.609 0.906
16.06.1981 0.942 -6.607 0.904
17.06.1981 0.928 -6.605 0.904
18.06.1981 0.92 -6.604 0.903
19.06.1981 0.912 -6.603 0.901
20.06.1981 0.906 -6.602 0.9
21.06.1981 0.896 -6.6 0.9
22.06.1981 0.889 -6.598 0.899
23.06.1981 0.879 -6.596 0.898
24.06.1981 0.866 -6.594 0.897
25.06.1981 0.851 -6.593 0.896
26.06.1981 0.846 -6.592 0.895
27.06.1981 0.835 -6.59 0.894
28.06.1981 0.825 -6.589 0.893
29.06.1981 0.818 -6.587 0.892
30.06.1981 0.812 -6.586 0.891
01.07.1981 0.807 -6.584 0.89
02.07.1981 0.792 -6.582 0.889
03.07.1981 0.785 -6.581 0.888
04.07.1981 0.77 -6.579 0.887
05.07.1981 0.756 -6.577 0.886
06.07.1981 0.745 -6.576 0.885
07.07.1981 0.732 -6.575 0.884
08.07.1981 0.72 -6.574 0.883
09.07.1981 0.711 -6.573 0.882
10.07.1981 0.697 -6.571 0.88
11.07.1981 0.688 -6.57 0.879
12.07.1981 0.681 -6.568 0.878
13.07.1981 0.669 -6.566 0.876
14.07.1981 0.659 -6.565 0.876
15.07.1981 0.647 -6.562 0.875
16.07.1981 0.636 -6.561 0.874
17.07.1981 0.623 -6.56 0.873
18.07.1981 0.61 -6.558 0.872
19.07.1981 0.597 -6.557 0.87
20.07.1981 0.587 -6.556 0.869
21.07.1981 0.578 -6.554 0.868
22.07.1981 0.569 -6.553 0.868
23.07.1981 0.556 -6.551 0.866
24.07.1981 0.543 -6.549 0.865
25.07.1981 0.537 -6.548 0.865
26.07.1981 0.523 -6.546 0.863
27.07.1981 0.513 -6.544 0.862
28.07.1981 0.503 -6.542 0.861
29.07.1981 0.497 -6.541 0.86
30.07.1981 0.489 -6.539 0.86
31.07.1981 0.483 -6.538 0.858
01.08.1981 0.476 -6.536 0.857
02.08.1981 0.465 -6.535 0.857
03.08.1981 0.453 -6.533 0.856
04.08.1981 0.44 -6.531 0.855
05.08.1981 0.428 -6.53 0.854
06.08.1981 0.419 -6.528 0.854
07.08.1981 0.406 -6.527 0.853
08.08.1981 0.4 -6.525 0.852
09.08.1981 0.39 -6.523 0.851
10.08.1981 0.384 -6.521 0.85
11.08.1981 0.375 -6.52 0.849
12.08.1981 0.368 -6.518 0.848
13.08.1981 0.361 -6.517 0.847
14.08.1981 0.349 -6.516 0.846
15.08.1981 0.343 -6.514 0.845
16.08.1981 0.334 -6.512 0.845
17.08.1981 0.32 -6.511 0.844
18.08.1981 0.31 -6.51 0.844
19.08.1981 0.301 -6.508 0.842
20.08.1981 0.292 -6.507 0.841
21.08.1981 0.286 -6.506 0.84
22.08.1981 0.274 -6.504 0.839
23.08.1981 0.263 -6.503 0.838
24.08.1981 0.252 -6.501 0.837
25.08.1981 0.245 -6.5 0.836
26.08.1981 0.238 -6.498 0.835
27.08.1981 0.225 -6.496 0.834
28.08.1981 0.213 -6.496 0.833
29.08.1981 0.205 -6.493 0.832
30.08.1981 0.195 -6.492 0.832
31.08.1981 0.181 -6.491 0.831
01.09.1981 0.176 -6.489 0.83
02.09.1981 0.161 -6.487 0.829
03.09.1981 0.146 -6.485 0.828
04.09.1981 0.132 -6.483 0.827
05.09.1981 0.125 -6.482 0.826
06.09.1981 0.112 -6.481 0.825
07.09.1981 0.105 -6.48 0.824
08.09.1981 0.097 -6.479 0.823
09.09.1981 0.089 -6.477 0.822
10.09.1981 0.08 -6.476 0.821
11.09.1981 0.071 -6.475 0.82
12.09.1981 0.058 -6.475 0.818
13.09.1981 0.048 -6.473 0.817
14.09.1981 0.041 -6.471 0.816
15.09.1981 0.029 -6.469 0.815
16.09.1981 0.019 -6.467 0.814
17.09.1981 0.008 -6.465 0.812
