25.01.1990 5.898 -6.139 1.444
26.01.1990 5.887 -6.134 1.442
27.01.1990 5.876 -6.129 1.441
28.01.1990 5.865 -6.12 1.44
29.01.1990 5.854 -6.115 1.439
30.01.1990 5.845 -6.109 1.438
31.01.1990 5.83 -6.105 1.437
01.02.1990 5.816 -6.097 1.435
02.02.1990 5.805 -6.093 1.434
03.02.1990 5.793 -6.087 1.433
04.02.1990 5.784 -6.081 1.432
05.02.1990 5.774 -6.074 1.431
06.02.1990 5.769 -6.067 1.43
07.02.1990 5.757 -6.063 1.429
08.02.1990 5.746 -6.06 1.429
09.02.1990 5.739 -6.055 1.428
10.02.1990 5.731 -6.051 1.426
11.02.1990 5.723 -6.046 1.425
12.02.1990 5.715 -6.041 1.424
13.02.1990 5.705 -6.037 1.423
14.02.1990 5.696 -6.035 1.422
15.02.1990 5.683 -6.031 1.421
16.02.1990 5.67 -6.027 1.42
17.02.1990 5.657 -6.023 1.418
18.02.1990 5.645 -6.017 1.418
19.02.1990 5.632 -6.015 1.416
20.02.1990 5.627 -6.012 1.415
21.02.1990 5.617 -6.009 1.413
22.02.1990 5.607 -6.005 1.413
23.02.1990 5.595 -6.003 1.412
24.02.1990 5.582 -5.998 1.411
25.02.1990 5.572 -5.995 1.41
26.02.1990 5.561 -5.991 1.409
27.02.1990 5.554 -5.988 1.408
28.02.1990 5.541 -5.984 1.407
01.03.1990 5.534 -5.979 1.406
02.03.1990 5.521 -5.975 1.405
03.03.1990 5.508 -5.971 1.405
04.03.1990 5.494 -5.968 1.404
05.03.1990 5.48 -5.965 1.403
06.03.1990 5.468 -5.962 1.401
07.03.1990 5.456 -5.959 1.401
08.03.1990 5.451 -5.956 1.4
09.03.1990 5.437 -5.951 1.399
10.03.1990 5.422 -5.948 1.398
11.03.1990 5.411 -5.945 1.397
12.03.1990 5.398 -5.942 1.396
13.03.1990 5.387 -5.938 1.396
14.03.1990 5.374 -5.934 1.395
15.03.1990 5.368 -5.931 1.394
16.03.1990 5.359 -5.928 1.393
17.03.1990 5.347 -5.926 1.392
18.03.1990 5.333 -5.921 1.391
19.03.1990 5.318 -5.918 1.39
20.03.1990 5.313 -5.916 1.388
21.03.1990 5.301 -5.913 1.387
22.03.1990 5.294 -5.911 1.386
23.03.1990 5.287 -5.907 1.385
24.03.1990 5.282 -5.904 1.384
25.03.1990 5.27 -5.902 1.382
26.03.1990 5.264 -5.899 1.381
27.03.1990 5.257 -5.897 1.381
28.03.1990 5.248 -5.895 1.38
29.03.1990 5.24 -5.89 1.379
30.03.1990 5.233 -5.886 1.378
31.03.1990 5.223 -5.884 1.377
01.04.1990 5.215 -5.881 1.375
02.04.1990 5.202 -5.877 1.374
03.04.1990 5.196 -5.875 1.373
04.04.1990 5.181 -5.872 1.373
05.04.1990 5.17 -5.87 1.372
06.04.1990 5.164 -5.867 1.37
07.04.1990 5.153 -5.865 1.37
08.04.1990 5.144 -5.863 1.369
09.04.1990 5.131 -5.86 1.367
10.04.1990 5.12 -5.857 1.366
11.04.1990 5.114 -5.854 1.366
12.04.1990 5.103 -5.851 1.365
13.04.1990 5.094 -5.849 1.364
14.04.1990 5.084 -5.845 1.363
15.04.1990 5.072 -5.843 1.362
16.04.1990 5.064 -5.839 1.361
17.04.1990 5.052 -5.837 1.359
18.04.1990 5.038 -5.835 1.358
19.04.1990 5.025 -5.833 1.357
20.04.1990 5.019 -5.829 1.356
21.04.1990 5.012 -5.828 1.355
22.04.1990 5.004 -5.826 1.354
23.04.1990 4.998 -5.824 1.353
24.04.1990 4.993 -5.82 1.352
25.04.1990 4.982 -5.819 1.352
26.04.1990 4.968 -5.815 1.35
27.04.1990 4.962 -5.811 1.349
28.04.1990 4.947 -5.808 1.348
29.04.1990 4.936 -5.805 1.347
30.04.1990 4.924 -5.803 1.346
01.05.1990 4.918 -5.801 1.345
02.05.1990 4.912 -5.798 1.344
03.05.1990 4.904 -5.796 1.343
04.05.1990 4.898 -5.794 1.342
05.05.1990 4.888 -5.792 1.341
06.05.1990 4.88 -5.79 1.339
07.05.1990 4.869 -5.788 1.339
08.05.1990 4.856 -5.787 1.338
09.05.1990 4.849 -5.783 1.337
10.05.1990 4.843 -5.78 1.336
11.05.1990 4.838 -5.778 1.335
12.05.1990 4.83 -5.776 1.334
13.05.1990 4.819 -5.772 1.333
14.05.1990 4.805 -5.77 1.332
15.05.1990 4.799 -5.766 1.332
16.05.1990 4.791 -5.763 1.331
17.05.1990 4.779 -5.76 1.33
18.05.1990 4.773 -5.758 1.33
19.05.1990 4.759 -5.754 1.329
20.05.1990 4.75 -5.751 1.328
21.05.1990 4.739 -5.747 1.327
22.05.1990 4.73 -5.745 1.326
23.05.1990 4.716 -5.743 1.325
24.05.1990 4.708 -5.741 1.324
25.05.1990 4.703 -5.74 1.323
26.05.1990 4.695 -5.738 1.322
27.05.1990 4.681 -5.736 1.32
28.05.1990 4.669 -5.734 1.319
29.05.1990 4.656 -5.731 1.318
30.05.1990 4.643 -5.728 1.317
31.05.1990 4.628 -5.726 1.316
01.06.1990 4.617 -5.724 1.315
02.06.1990 4.602 -5.722 1.314
03.06.1990 4.593 -5.72 1.313
04.06.1990 4.584 -5.717 1.311
05.06.1990 4.577 -5.714 1.31
06.06.1990 4.569 -5.711 1.309
07.06.1990 4.563 -5.709 1.308
08.06.1990 4.551 -5.707 1.307
09.06.1990 4.545 -5.706 1.306
10.06.1990 4.533 -5.703 1.305
11.06.1990 4.523 -5.7 1.304
12.06.1990 4.513 -5.699 1.303
13.06.1990 4.5 -5.696 1.302
14.06.1990 4.492 -5.693 1.3
15.06.1990 4.485 -5.69 1.299
16.06.1990 4.478 -5.688 1.299
17.06.1990 4.468 -5.685 1.298
18.06.1990 4.461 -5.682 1.298
19.06.1990 4.447 -5.681 1.297
20.06.1990 4.433 -5.678 1.296
21.06.1990 4.422 -5.676 1.295
22.06.1990 4.414 -5.674 1.293
23.06.1990 4.404 -5.672 1.292
24.06.1990 4.39 -5.67 1.291
25.06.1990 4.384 -5.667 1.29
26.06.1990 4.378 -5.664 1.289
27.06.1990 4.368 -5.661 1.289
28.06.1990 4.358 -5.66 1.288
29.06.1990 4.352 -5.657 1.286
30.06.1990 4.341 -5.655 1.285
01.07.1990 4.329 -5.653 1.284
02.07.1990 4.317 -5.651 1.283
03.07.1990 4.304 -5.648 1.282
04.07.1990 4.293 -5.645 1.281
05.07.1990 4.282 -5.644 1.28
06.07.1990 4.268 -5.64 1.279
07.07.1990 4.258 -5.639 1.277
08.07.1990 4.251 -5.637 1.276
09.07.1990 4.24 -5.636 1.276
10.07.1990 4.23 -5.633 1.275
11.07.1990 4.215 -5.63 1.274
12.07.1990 4.21 -5.628 1.273
13.07.1990 4.195 -5.625 1.272
14.07.1990 4.181 -5.623 1.271
15.07.1990 4.171 -5.622 1.271
16.07.1990 4.157 -5.619 1.269
17.07.1990 4.144 -5.617 1.268
18.07.1990 4.138 -5.615 1.267
19.07.1990 4.13 -5.613 1.266
20.07.1990 4.116 -5.612 1.265
21.07.1990 4.108 -5.61 1.264
22.07.1990 4.097 -5.609 1.263
23.07.1990 4.09 -5.607 1.262
24.07.1990 4.077 -5.604 1.261
25.07.1990 4.065 -5.602 1.26
26.07.1990 4.059 -5.6 1.26
27.07.1990 4.045 -5.599 1.259
28.07.1990 4.034 -5.598 1.258
29.07.1990 4.02 -5.595 1.257
30.07.1990 4.014 -5.593 1.256
31.07.1990 4.001 -5.59 1.255
01.08.1990 3.991 -5.587 1.254
02.08.1990 3.977 -5.586 1.253
03.08.1990 3.971 -5.583 1.252
04.08.1990 3.965 -5.581 1.252
05.08.1990 3.958 -5.579 1.251
06.08.1990 3.949 -5.577 1.25
07.08.1990 3.94 -5.575 1.249
08.08.1990 3.931 -5.573 1.248
09.08.1990 3.926 -5.57 1.247
10.08.1990 3.92 -5.568 1.246
11.08.1990 3.911 -5.566 1.245
12.08.1990 3.898 -5.564 1.245
13.08.1990 3.89 -5.561 1.244
14.08.1990 3.885 -5.558 1.243
15.08.1990 3.871 -5.556 1.242
16.08.1990 3.866 -5.554 1.241
17.08.1990 3.86 -5.552 1.24
18.08.1990 3.846 -5.551 1.239
19.08.1990 3.837 -5.549 1.238
20.08.1990 3.831 -5.546 1.237
21.08.1990 3.822 -5.543 1.236
22.08.1990 3.816 -5.541 1.235
23.08.1990 3.811 -5.538 1.234
24.08.1990 3.799 -5.536 1.233
25.08.1990 3.785 -5.533 1.232
26.08.1990 3.774 -5.531 1.231
27.08.1990 3.763 -5.529 1.23
28.08.1990 3.755 -5.527 1.228
29.08.1990 3.748 -5.525 1.227
30.08.1990 3.738 -5.523 1.226
31.08.1990 3.723 -5.521 1.225
01.09.1990 3.716 -5.519 1.224
02.09.1990 3.709 -5.518 1.223
03.09.1990 3.701 -5.516 1.221
04.09.1990 3.689 -5.514 1.221
05.09.1990 3.679 -5.513 1.219
06.09.1990 3.667 -5.511 1.219
07.09.1990 3.661 -5.509 1.218
08.09.1990 3.653 -5.506 1.216
09.09.1990 3.639 -5.505 1.216
10.09.1990 3.625 -5.503 1.215
11.09.1990 3.611 -5.501 1.214
12.09.1990 3.598 -5.499 1.213
13.09.1990 3.584 -5.498 1.212
14.09.1990 3.576 -5.495 1.211
15.09.1990 3.569 -5.493 1.211
16.09.1990 3.562 -5.491 1.209
17.09.1990 3.55 -5.489 1.209
18.09.1990 3.542 -5.488 1.208
19.09.1990 3.537 -5.486 1.206
20.09.1990 3.527 -5.484 1.205
21.09.1990 3.52 -5.482 1.205
22.09.1990 3.51 -5.48 1.203
23.09.1990 3.502 -5.478 1.202
24.09.1990 3.488 -5.475 1.201
25.09.1990 3.475 -5.474 1.2
26.09.1990 3.463 -5.471 1.199
27.09.1990 3.457 -5.469 1.198
28.09.1990 3.443 -5.468 1.197
29.09.1990 3.428 -5.466 1.196
30.09.1990 3.421 -5.464 1.195
01.10.1990 3.409 -5.462 1.194
02.10.1990 3.395 -5.46 1.192
03.10.1990 3.383 -5.458 1.191
04.10.1990 3.374 -5.457 1.19
05.10.1990 3.361 -5.454 1.189
06.10.1990 3.346 -5.452 1.188
07.10.1990 3.338 -5.451 1.187
08.10.1990 3.33 -5.449 1.186
09.10.1990 3.319 -5.447 1.185
10.10.1990 3.311 -5.446 1.184
11.10.1990 3.298 -5.444 1.183
12.10.1990 3.285 -5.443 1.182
13.10.1990 3.275 -5.441 1.181
14.10.1990 3.261 -5.44 1.18
15.10.1990 3.25 -5.438 1.179
16.10.1990 3.244 -5.436 1.178
17.10.1990 3.229 -5.435 1.177
18.10.1990 3.223 -5.434 1.176
19.10.1990 3.21 -5.432 1.175
20.10.1990 3.198 -5.43 1.173
21.10.1990 3.187 -5.428 1.173
22.10.1990 3.173 -5.425 1.171
23.10.1990 3.166 -5.423 1.17
24.10.1990 3.156 -5.422 1.169
25.10.1990 3.148 -5.419 1.167
26.10.1990 3.141 -5.417 1.166
27.10.1990 3.134 -5.415 1.165
28.10.1990 3.124 -5.413 1.164
29.10.1990 3.109 -5.41 1.162
30.10.1990 3.104 -5.409 1.162
31.10.1990 3.09 -5.407 1.16
01.11.1990 3.085 -5.406 1.159
02.11.1990 3.079 -5.404 1.158
03.11.1990 3.067 -5.401 1.157
04.11.1990 3.059 -5.399 1.156
05.11.1990 3.048 -5.397 1.155
06.11.1990 3.041 -5.396 1.153
07.11.1990 3.031 -5.394 1.152
08.11.1990 3.021 -5.392 1.15
09.11.1990 3.01 -5.391 1.15
10.11.1990 2.997 -5.39 1.148
11.11.1990 2.983 -5.389 1.148
12.11.1990 2.975 -5.388 1.147
13.11.1990 2.961 -5.387 1.146
14.11.1990 2.947 -5.384 1.145
15.11.1990 2.938 -5.382 1.144
16.11.1990 2.93 -5.38 1.143
17.11.1990 2.918 -5.378 1.142
18.11.1990 2.91 -5.376 1.141
19.11.1990 2.903 -5.374 1.139
20.11.1990 2.897 -5.371 1.138
21.11.1990 2.885 -5.369 1.137
22.11.1990 2.874 -5.368 1.136
23.11.1990 2.868 -5.367 1.135
24.11.1990 2.86 -5.365 1.134
25.11.1990 2.854 -5.364 1.132
26.11.1990 2.844 -5.362 1.131
27.11.1990 2.831 -5.36 1.13
28.11.1990 2.819 -5.357 1.129
29.11.1990 2.809 -5.355 1.129
30.11.1990 2.8 -5.354 1.127
01.12.1990 2.794 -5.352 1.126
02.12.1990 2.783 -5.35 1.125
03.12.1990 2.778 -5.348 1.123
04.12.1990 2.768 -5.347 1.122
05.12.1990 2.76 -5.345 1.121
06.12.1990 2.755 -5.343 1.12
07.12.1990 2.75 -5.342 1.118
08.12.1990 2.741 -5.339 1.117
09.12.1990 2.728 -5.338 1.116
10.12.1990 2.722 -5.336 1.114
11.12.1990 2.715 -5.334 1.114
12.12.1990 2.708 -5.332 1.113
13.12.1990 2.693 -5.329 1.112
14.12.1990 2.68 -5.328 1.111
15.12.1990 2.665 -5.327 1.11
16.12.1990 2.657 -5.324 1.109
17.12.1990 2.647 -5.322 1.108
18.12.1990 2.632 -5.321 1.107
19.12.1990 2.621 -5.319 1.107
20.12.1990 2.614 -5.318 1.106
21.12.1990 2.601 -5.317 1.105
22.12.1990 2.587 -5.316 1.104
23.12.1990 2.574 -5.314 1.104
24.12.1990 2.567 -5.311 1.102
25.12.1990 2.555 -5.31 1.102
26.12.1990 2.541 -5.309 1.101
27.12.1990 2.528 -5.306 1.099
28.12.1990 2.521 -5.305 1.098
29.12.1990 2.511 -5.303 1.097
30.12.1990 2.506 -5.302 1.096
31.12.1990 2.497 -5.3 1.095
01.01.1991 2.483 -5.299 1.094
02.01.1991 2.474 -5.298 1.093
03.01.1991 2.462 -5.296 1.092
04.01.1991 2.455 -5.295 1.091
05.01.1991 2.447 -5.294 1.09
06.01.1991 2.436 -5.293 1.089
07.01.1991 2.424 -5.291 1.089
08.01.1991 2.41 -5.289 1.088
09.01.1991 2.398 -5.287 1.087
10.01.1991 2.392 -5.285 1.086
11.01.1991 2.383 -5.284 1.085
12.01.1991 2.375 -5.282 1.084
13.01.1991 2.36 -5.28 1.084
14.01.1991 2.348 -5.278 1.083
15.01.1991 2.343 -5.277 1.081
16.01.1991 2.336 -5.275 1.08
17.01.1991 2.325 -5.273 1.079
18.01.1991 2.31 -5.272 1.078
19.01.1991 2.303 -5.271 1.077
20.01.1991 2.292 -5.269 1.076
21.01.1991 2.287 -5.268 1.075
22.01.1991 2.276 -5.266 1.074
23.01.1991 2.265 -5.264 1.073
24.01.1991 2.253 -5.262 1.072
25.01.1991 2.24 -5.26 1.072
26.01.1991 2.234 -5.258 1.071
27.01.1991 2.228 -5.257 1.07
28.01.1991 2.216 -5.256 1.069
29.01.1991 2.205 -5.254 1.068
30.01.1991 2.198 -5.252 1.067
31.01.1991 2.189 -5.251 1.066
01.02.1991 2.179 -5.249 1.065
02.02.1991 2.168 -5.246 1.065
03.02.1991 2.154 -5.245 1.064
04.02.1991 2.141 -5.243 1.063
05.02.1991 2.135 -5.24 1.063
06.02.1991 2.126 -5.238 1.062
07.02.1991 2.113 -5.237 1.061
08.02.1991 2.102 -5.236 1.059
09.02.1991 2.096 -5.234 1.059
10.02.1991 2.083 -5.233 1.058
11.02.1991 2.074 -5.232 1.057
12.02.1991 2.068 -5.231 1.056
13.02.1991 2.053 -5.23 1.056
14.02.1991 2.047 -5.228 1.054
15.02.1991 2.04 -5.227 1.054
16.02.1991 2.026 -5.226 1.053
17.02.1991 2.02 -5.225 1.052
18.02.1991 2.007 -5.223 1.051
19.02.1991 1.998 -5.222 1.05
20.02.1991 1.991 -5.221 1.049
21.02.1991 1.984 -5.22 1.048
22.02.1991 1.975 -5.217 1.047
23.02.1991 1.963 -5.216 1.047
24.02.1991 1.957 -5.215 1.046
25.02.1991 1.946 -5.214 1.044
26.02.1991 1.938 -5.213 1.043
27.02.1991 1.927 -5.211 1.043
28.02.1991 1.916 -5.21 1.042
01.03.1991 1.902 -5.208 1.041
02.03.1991 1.887 -5.206 1.04
03.03.1991 1.879 -5.204 1.04
04.03.1991 1.873 -5.203 1.039
05.03.1991 1.866 -5.201 1.038
06.03.1991 1.856 -5.199 1.037
07.03.1991 1.842 -5.198 1.036
08.03.1991 1.83 -5.196 1.035
09.03.1991 1.819 -5.195 1.034
10.03.1991 1.805 -5.192 1.033
11.03.1991 1.797 -5.191 1.032
12.03.1991 1.789 -5.19 1.03
13.03.1991 1.781 -5.189 1.029
14.03.1991 1.771 -5.187 1.028
15.03.1991 1.762 -5.186 1.027
16.03.1991 1.75 -5.185 1.027
17.03.1991 1.738 -5.183 1.026
18.03.1991 1.727 -5.18 1.026
19.03.1991 1.72 -5.179 1.025
20.03.1991 1.711 -5.178 1.024
21.03.1991 1.704 -5.176 1.023
22.03.1991 1.696 -5.175 1.022
23.03.1991 1.682 -5.172 1.021
24.03.1991 1.672 -5.171 1.02
25.03.1991 1.663 -5.169 1.018
26.03.1991 1.656 -5.167 1.017
27.03.1991 1.645 -5.165 1.016
28.03.1991 1.631 -5.163 1.015
29.03.1991 1.621 -5.161 1.014
30.03.1991 1.608 -5.159 1.013
31.03.1991 1.594 -5.157 1.012
01.04.1991 1.581 -5.155 1.011
02.04.1991 1.571 -5.154 1.01
03.04.1991 1.56 -5.153 1.008
04.04.1991 1.55 -5.152 1.008
05.04.1991 1.541 -5.15 1.007
06.04.1991 1.528 -5.148 1.006
07.04.1991 1.521 -5.146 1.005
08.04.1991 1.507 -5.146 1.004
09.04.1991 1.499 -5.143 1.003
10.04.1991 1.485 -5.143 1.002
11.04.1991 1.478 -5.141 1.001
12.04.1991 1.468 -5.139 1.001
13.04.1991 1.456 -5.137 1.0
14.04.1991 1.444 -5.137 0.999
15.04.1991 1.429 -5.135 0.998
16.04.1991 1.42 -5.134 0.998
17.04.1991 1.407 -5.133 0.996
18.04.1991 1.397 -5.131 0.996
19.04.1991 1.384 -5.129 0.995
20.04.1991 1.372 -5.127 0.993
21.04.1991 1.358 -5.125 0.992
22.04.1991 1.343 -5.123 0.991
23.04.1991 1.331 -5.121 0.989
24.04.1991 1.32 -5.119 0.989
25.04.1991 1.306 -5.117 0.987
26.04.1991 1.299 -5.116 0.987
27.04.1991 1.287 -5.113 0.985
28.04.1991 1.273 -5.111 0.985
29.04.1991 1.263 -5.11 0.983
30.04.1991 1.257 -5.108 0.982
01.05.1991 1.244 -5.106 0.981
02.05.1991 1.231 -5.105 0.98
03.05.1991 1.226 -5.103 0.979
04.05.1991 1.212 -5.102 0.978
05.05.1991 1.199 -5.1 0.977
06.05.1991 1.186 -5.099 0.976
07.05.1991 1.175 -5.097 0.975
08.05.1991 1.165 -5.095 0.974
09.05.1991 1.157 -5.094 0.973
10.05.1991 1.147 -5.093 0.972
11.05.1991 1.14 -5.091 0.971
12.05.1991 1.127 -5.089 0.97
13.05.1991 1.12 -5.087 0.969
14.05.1991 1.107 -5.086 0.968
15.05.1991 1.101 -5.085 0.966
16.05.1991 1.087 -5.084 0.965
17.05.1991 1.08 -5.083 0.964
18.05.1991 1.066 -5.081 0.963
19.05.1991 1.051 -5.08 0.963
20.05.1991 1.037 -5.078 0.961
21.05.1991 1.024 -5.077 0.96
22.05.1991 1.015 -5.076 0.959
23.05.1991 1.008 -5.075 0.958
24.05.1991 1.002 -5.073 0.957
25.05.1991 0.987 -5.071 0.955
26.05.1991 0.977 -5.069 0.955
27.05.1991 0.962 -5.068 0.954
28.05.1991 0.949 -5.066 0.953
29.05.1991 0.936 -5.065 0.951
30.05.1991 0.922 -5.063 0.951
31.05.1991 0.907 -5.061 0.95
01.06.1991 0.896 -5.06 0.949
02.06.1991 0.885 -5.058 0.948
03.06.1991 0.873 -5.057 0.947
04.06.1991 0.865 -5.055 0.946
05.06.1991 0.851 -5.054 0.945
06.06.1991 0.838 -5.052 0.944
07.06.1991 0.828 -5.05 0.943
08.06.1991 0.814 -5.048 0.942
09.06.1991 0.809 -5.046 0.94
10.06.1991 0.803 -5.044 0.939
11.06.1991 0.788 -5.042 0.938
12.06.1991 0.774 -5.04 0.937
13.06.1991 0.766 -5.038 0.937
14.06.1991 0.755 -5.037 0.936
15.06.1991 0.741 -5.037 0.935
16.06.1991 0.735 -5.035 0.935
17.06.1991 0.72 -5.034 0.934
18.06.1991 0.706 -5.032 0.933
19.06.1991 0.693 -5.031 0.932
20.06.1991 0.681 -5.03 0.931
21.06.1991 0.668 -5.029 0.93
22.06.1991 0.661 -5.027 0.93
23.06.1991 0.654 -5.026 0.929
24.06.1991 0.639 -5.024 0.928
25.06.1991 0.63 -5.022 0.927
26.06.1991 0.615 -5.02 0.926
27.06.1991 0.602 -5.018 0.925
28.06.1991 0.595 -5.017 0.924
29.06.1991 0.581 -5.016 0.923
30.06.1991 0.574 -5.014 0.922
01.07.1991 0.561 -5.013 0.921
02.07.1991 0.548 -5.012 0.92
03.07.1991 0.542 -5.01 0.919
04.07.1991 0.528 -5.009 0.917
05.07.1991 0.52 -5.008 0.916
06.07.1991 0.509 -5.006 0.916
07.07.1991 0.503 -5.004 0.915
08.07.1991 0.494 -5.003 0.914
09.07.1991 0.48 -5.001 0.913
10.07.1991 0.472 -5.0 0.913
11.07.1991 0.459 -4.999 0.912
12.07.1991 0.452 -4.998 0.911
13.07.1991 0.446 -4.997 0.909
14.07.1991 0.44 -4.995 0.909
15.07.1991 0.426 -4.993 0.907
16.07.1991 0.413 -4.993 0.906
17.07.1991 0.406 -4.991 0.906
18.07.1991 0.397 -4.989 0.905
19.07.1991 0.387 -4.988 0.904
20.07.1991 0.377 -4.986 0.902
21.07.1991 0.363 -4.984 0.902
22.07.1991 0.351 -4.982 0.901
23.07.1991 0.339 -4.98 0.9
24.07.1991 0.324 -4.979 0.899
25.07.1991 0.318 -4.977 0.897
26.07.1991 0.309 -4.975 0.897
27.07.1991 0.302 -4.974 0.896
28.07.1991 0.295 -4.973 0.894
29.07.1991 0.28 -4.971 0.893
30.07.1991 0.274 -4.97 0.893
31.07.1991 0.264 -4.968 0.892
01.08.1991 0.255 -4.966 0.891
02.08.1991 0.248 -4.965 0.89
03.08.1991 0.237 -4.963 0.889
04.08.1991 0.223 -4.961 0.888
05.08.1991 0.211 -4.96 0.887
06.08.1991 0.196 -4.958 0.885
07.08.1991 0.182 -4.956 0.884
08.08.1991 0.173 -4.954 0.884
09.08.1991 0.165 -4.952 0.883
10.08.1991 0.155 -4.95 0.881
11.08.1991 0.147 -4.948 0.88
12.08.1991 0.139 -4.947 0.879
13.08.1991 0.128 -4.946 0.878
14.08.1991 0.12 -4.945 0.877
15.08.1991 0.11 -4.943 0.876
16.08.1991 0.102 -4.941 0.875
17.08.1991 0.093 -4.94 0.874
18.08.1991 0.087 -4.938 0.873
19.08.1991 0.078 -4.937 0.872
20.08.1991 0.068 -4.935 0.871
21.08.1991 0.057 -4.933 0.87
22.08.1991 0.047 -4.932 0.869
23.08.1991 0.033 -4.93 0.868
24.08.1991 0.019 -4.928 0.867
25.08.1991 0.007 -4.926 0.866
