12.08.1983 5.134 -5.169 1.347
13.08.1983 5.12 -5.159 1.347
14.08.1983 5.111 -5.154 1.346
15.08.1983 5.102 -5.145 1.345
16.08.1983 5.092 -5.14 1.344
17.08.1983 5.08 -5.136 1.343
18.08.1983 5.067 -5.128 1.343
19.08.1983 5.061 -5.122 1.342
20.08.1983 5.054 -5.116 1.341
21.08.1983 5.041 -5.109 1.34
22.08.1983 5.026 -5.105 1.339
23.08.1983 5.014 -5.102 1.338
24.08.1983 5.002 -5.097 1.337
25.08.1983 4.99 -5.093 1.336
26.08.1983 4.979 -5.086 1.335
27.08.1983 4.97 -5.083 1.333
28.08.1983 4.958 -5.08 1.332
29.08.1983 4.948 -5.074 1.331
30.08.1983 4.934 -5.07 1.331
31.08.1983 4.921 -5.064 1.33
01.09.1983 4.913 -5.059 1.329
02.09.1983 4.903 -5.056 1.328
03.09.1983 4.893 -5.05 1.327
04.09.1983 4.885 -5.044 1.326
05.09.1983 4.872 -5.042 1.325
06.09.1983 4.859 -5.04 1.323
07.09.1983 4.851 -5.038 1.323
08.09.1983 4.838 -5.033 1.322
09.09.1983 4.83 -5.031 1.321
10.09.1983 4.824 -5.029 1.32
11.09.1983 4.815 -5.024 1.319
12.09.1983 4.801 -5.022 1.318
13.09.1983 4.791 -5.018 1.317
14.09.1983 4.78 -5.014 1.317
15.09.1983 4.772 -5.01 1.316
16.09.1983 4.762 -5.007 1.315
17.09.1983 4.751 -5.005 1.314
18.09.1983 4.74 -5.001 1.313
19.09.1983 4.733 -4.997 1.312
20.09.1983 4.722 -4.996 1.312
21.09.1983 4.708 -4.991 1.31
22.09.1983 4.7 -4.987 1.309
23.09.1983 4.692 -4.983 1.308
24.09.1983 4.677 -4.981 1.307
25.09.1983 4.667 -4.979 1.306
26.09.1983 4.654 -4.977 1.305
27.09.1983 4.647 -4.974 1.304
28.09.1983 4.641 -4.97 1.303
29.09.1983 4.63 -4.968 1.302
30.09.1983 4.616 -4.965 1.302
01.10.1983 4.611 -4.963 1.301
02.10.1983 4.605 -4.96 1.3
03.10.1983 4.596 -4.956 1.299
04.10.1983 4.584 -4.953 1.297
05.10.1983 4.579 -4.95 1.296
06.10.1983 4.569 -4.949 1.295
07.10.1983 4.562 -4.945 1.294
08.10.1983 4.555 -4.943 1.293
09.10.1983 4.546 -4.939 1.292
10.10.1983 4.533 -4.935 1.291
11.10.1983 4.519 -4.933 1.29
12.10.1983 4.511 -4.93 1.288
13.10.1983 4.506 -4.927 1.287
14.10.1983 4.497 -4.925 1.286
15.10.1983 4.482 -4.922 1.285
16.10.1983 4.473 -4.92 1.284
17.10.1983 4.466 -4.917 1.283
18.10.1983 4.453 -4.913 1.282
19.10.1983 4.438 -4.911 1.28
20.10.1983 4.424 -4.908 1.279
21.10.1983 4.417 -4.906 1.279
22.10.1983 4.404 -4.904 1.278
23.10.1983 4.396 -4.903 1.277
24.10.1983 4.39 -4.901 1.276
25.10.1983 4.382 -4.897 1.275
26.10.1983 4.369 -4.894 1.274
27.10.1983 4.357 -4.892 1.273
28.10.1983 4.35 -4.89 1.272
29.10.1983 4.338 -4.887 1.271
30.10.1983 4.331 -4.885 1.27
31.10.1983 4.318 -4.883 1.269
01.11.1983 4.312 -4.881 1.268
02.11.1983 4.299 -4.878 1.267
03.11.1983 4.292 -4.875 1.266
04.11.1983 4.28 -4.873 1.265
05.11.1983 4.266 -4.871 1.264
06.11.1983 4.258 -4.867 1.262
07.11.1983 4.252 -4.863 1.262
08.11.1983 4.238 -4.862 1.261
09.11.1983 4.223 -4.859 1.26
10.11.1983 4.217 -4.857 1.259
11.11.1983 4.206 -4.854 1.258
12.11.1983 4.195 -4.852 1.257
13.11.1983 4.188 -4.849 1.256
14.11.1983 4.178 -4.848 1.255
15.11.1983 4.166 -4.844 1.253
16.11.1983 4.158 -4.843 1.253
17.11.1983 4.145 -4.841 1.252
18.11.1983 4.139 -4.838 1.251
19.11.1983 4.13 -4.835 1.25
20.11.1983 4.118 -4.832 1.25
21.11.1983 4.109 -4.831 1.248
22.11.1983 4.098 -4.828 1.247
23.11.1983 4.085 -4.827 1.247
24.11.1983 4.073 -4.825 1.246
25.11.1983 4.064 -4.823 1.245
26.11.1983 4.056 -4.819 1.244
27.11.1983 4.044 -4.817 1.242
28.11.1983 4.037 -4.814 1.241
29.11.1983 4.023 -4.812 1.24
30.11.1983 4.016 -4.81 1.239
01.12.1983 4.007 -4.808 1.237
02.12.1983 3.995 -4.806 1.237
03.12.1983 3.983 -4.804 1.236
04.12.1983 3.97 -4.801 1.234
05.12.1983 3.964 -4.799 1.233
06.12.1983 3.958 -4.797 1.232
07.12.1983 3.948 -4.794 1.231
08.12.1983 3.939 -4.792 1.23
09.12.1983 3.924 -4.789 1.229
10.12.1983 3.909 -4.787 1.228
11.12.1983 3.901 -4.786 1.227
12.12.1983 3.895 -4.784 1.226
13.12.1983 3.888 -4.78 1.226
14.12.1983 3.881 -4.777 1.225
15.12.1983 3.868 -4.776 1.224
16.12.1983 3.861 -4.773 1.224
17.12.1983 3.855 -4.772 1.223
18.12.1983 3.842 -4.77 1.222
19.12.1983 3.828 -4.768 1.221
20.12.1983 3.817 -4.765 1.22
21.12.1983 3.805 -4.762 1.219
22.12.1983 3.799 -4.759 1.219
23.12.1983 3.793 -4.758 1.218
24.12.1983 3.786 -4.756 1.217
25.12.1983 3.775 -4.755 1.216
26.12.1983 3.764 -4.751 1.215
27.12.1983 3.756 -4.749 1.214
28.12.1983 3.751 -4.747 1.213
29.12.1983 3.742 -4.745 1.212
30.12.1983 3.735 -4.742 1.211
31.12.1983 3.726 -4.74 1.21
01.01.1984 3.715 -4.738 1.21
02.01.1984 3.702 -4.736 1.209
03.01.1984 3.695 -4.733 1.208
04.01.1984 3.688 -4.731 1.208
05.01.1984 3.68 -4.729 1.207
06.01.1984 3.67 -4.726 1.206
07.01.1984 3.659 -4.724 1.205
08.01.1984 3.654 -4.722 1.204
09.01.1984 3.646 -4.719 1.203
10.01.1984 3.632 -4.716 1.202
11.01.1984 3.618 -4.714 1.201
12.01.1984 3.606 -4.711 1.2
13.01.1984 3.601 -4.709 1.199
14.01.1984 3.594 -4.707 1.198
15.01.1984 3.58 -4.704 1.197
16.01.1984 3.573 -4.701 1.196
17.01.1984 3.558 -4.698 1.194
18.01.1984 3.549 -4.696 1.193
19.01.1984 3.54 -4.694 1.193
20.01.1984 3.528 -4.692 1.192
21.01.1984 3.515 -4.69 1.191
22.01.1984 3.508 -4.688 1.19
23.01.1984 3.497 -4.687 1.19
24.01.1984 3.492 -4.685 1.188
25.01.1984 3.478 -4.682 1.187
26.01.1984 3.47 -4.679 1.187
27.01.1984 3.46 -4.678 1.186
28.01.1984 3.445 -4.677 1.184
29.01.1984 3.439 -4.674 1.184
30.01.1984 3.431 -4.673 1.183
31.01.1984 3.42 -4.671 1.181
01.02.1984 3.411 -4.668 1.18
02.02.1984 3.402 -4.666 1.18
03.02.1984 3.394 -4.663 1.178
04.02.1984 3.386 -4.662 1.178
05.02.1984 3.377 -4.659 1.177
06.02.1984 3.371 -4.656 1.175
07.02.1984 3.363 -4.654 1.174
08.02.1984 3.353 -4.653 1.173
09.02.1984 3.342 -4.652 1.172
10.02.1984 3.336 -4.649 1.171
11.02.1984 3.329 -4.647 1.169
12.02.1984 3.323 -4.645 1.168
13.02.1984 3.313 -4.642 1.168
14.02.1984 3.304 -4.64 1.167
15.02.1984 3.289 -4.637 1.166
16.02.1984 3.277 -4.635 1.165
17.02.1984 3.271 -4.634 1.163
18.02.1984 3.265 -4.631 1.163
19.02.1984 3.254 -4.629 1.161
20.02.1984 3.244 -4.627 1.16
21.02.1984 3.237 -4.625 1.16
22.02.1984 3.228 -4.622 1.159
23.02.1984 3.216 -4.621 1.158
24.02.1984 3.205 -4.619 1.157
25.02.1984 3.197 -4.618 1.156
26.02.1984 3.185 -4.615 1.156
27.02.1984 3.175 -4.612 1.154
28.02.1984 3.168 -4.61 1.154
29.02.1984 3.155 -4.608 1.153
01.03.1984 3.149 -4.605 1.152
02.03.1984 3.142 -4.603 1.152
03.03.1984 3.131 -4.602 1.151
04.03.1984 3.118 -4.599 1.15
05.03.1984 3.106 -4.596 1.15
06.03.1984 3.091 -4.594 1.149
07.03.1984 3.083 -4.592 1.148
08.03.1984 3.068 -4.589 1.147
09.03.1984 3.056 -4.587 1.146
10.03.1984 3.049 -4.584 1.145
11.03.1984 3.042 -4.583 1.144
12.03.1984 3.035 -4.581 1.143
13.03.1984 3.028 -4.579 1.141
14.03.1984 3.017 -4.577 1.14
15.03.1984 3.003 -4.575 1.139
16.03.1984 2.993 -4.573 1.138
17.03.1984 2.986 -4.571 1.137
18.03.1984 2.973 -4.57 1.136
19.03.1984 2.967 -4.569 1.135
20.03.1984 2.962 -4.568 1.134
21.03.1984 2.95 -4.566 1.133
22.03.1984 2.944 -4.564 1.131
23.03.1984 2.931 -4.562 1.131
24.03.1984 2.918 -4.56 1.13
25.03.1984 2.91 -4.559 1.129
26.03.1984 2.898 -4.557 1.128
27.03.1984 2.89 -4.555 1.127
28.03.1984 2.876 -4.553 1.126
29.03.1984 2.869 -4.552 1.125
30.03.1984 2.862 -4.551 1.124
31.03.1984 2.851 -4.549 1.122
01.04.1984 2.845 -4.548 1.121
02.04.1984 2.839 -4.547 1.12
03.04.1984 2.833 -4.546 1.12
04.04.1984 2.824 -4.543 1.118
05.04.1984 2.815 -4.542 1.117
06.04.1984 2.8 -4.539 1.116
07.04.1984 2.793 -4.536 1.115
08.04.1984 2.778 -4.535 1.114
09.04.1984 2.765 -4.532 1.113
10.04.1984 2.754 -4.531 1.112
11.04.1984 2.742 -4.53 1.111
12.04.1984 2.733 -4.528 1.111
13.04.1984 2.724 -4.527 1.11
14.04.1984 2.71 -4.526 1.109
15.04.1984 2.698 -4.524 1.108
16.04.1984 2.691 -4.522 1.107
17.04.1984 2.683 -4.52 1.106
18.04.1984 2.67 -4.518 1.105
19.04.1984 2.656 -4.515 1.104
20.04.1984 2.65 -4.514 1.103
21.04.1984 2.64 -4.512 1.102
22.04.1984 2.629 -4.51 1.101
23.04.1984 2.618 -4.508 1.1
24.04.1984 2.61 -4.506 1.098
25.04.1984 2.595 -4.504 1.098
26.04.1984 2.585 -4.502 1.097
27.04.1984 2.577 -4.5 1.096
28.04.1984 2.565 -4.498 1.095
29.04.1984 2.56 -4.497 1.093
30.04.1984 2.545 -4.495 1.092
01.05.1984 2.531 -4.493 1.091
02.05.1984 2.526 -4.491 1.09
03.05.1984 2.517 -4.489 1.089
04.05.1984 2.502 -4.487 1.088
05.05.1984 2.497 -4.485 1.087
06.05.1984 2.485 -4.484 1.086
07.05.1984 2.475 -4.481 1.085
08.05.1984 2.461 -4.478 1.084
09.05.1984 2.451 -4.477 1.084
10.05.1984 2.445 -4.474 1.083
11.05.1984 2.438 -4.473 1.082
12.05.1984 2.43 -4.471 1.081
13.05.1984 2.424 -4.47 1.08
14.05.1984 2.415 -4.469 1.079
15.05.1984 2.405 -4.468 1.078
16.05.1984 2.397 -4.467 1.078
17.05.1984 2.385 -4.466 1.077
18.05.1984 2.376 -4.464 1.075
19.05.1984 2.369 -4.463 1.075
20.05.1984 2.363 -4.462 1.073
21.05.1984 2.349 -4.459 1.073
22.05.1984 2.34 -4.457 1.072
23.05.1984 2.331 -4.455 1.071
24.05.1984 2.323 -4.453 1.07
25.05.1984 2.313 -4.452 1.069
26.05.1984 2.3 -4.45 1.068
27.05.1984 2.286 -4.449 1.067
28.05.1984 2.271 -4.447 1.066
29.05.1984 2.259 -4.446 1.065
30.05.1984 2.244 -4.444 1.063
31.05.1984 2.237 -4.443 1.062
01.06.1984 2.232 -4.442 1.061
02.06.1984 2.227 -4.44 1.06
03.06.1984 2.212 -4.438 1.059
04.06.1984 2.199 -4.437 1.058
05.06.1984 2.193 -4.434 1.058
06.06.1984 2.187 -4.433 1.056
07.06.1984 2.18 -4.432 1.055
08.06.1984 2.174 -4.43 1.054
09.06.1984 2.162 -4.428 1.053
10.06.1984 2.156 -4.426 1.052
11.06.1984 2.15 -4.425 1.051
12.06.1984 2.142 -4.423 1.05
13.06.1984 2.131 -4.421 1.05
14.06.1984 2.119 -4.42 1.048
15.06.1984 2.111 -4.418 1.047
16.06.1984 2.103 -4.415 1.046
17.06.1984 2.096 -4.414 1.046
18.06.1984 2.089 -4.412 1.045
19.06.1984 2.077 -4.41 1.044
20.06.1984 2.07 -4.408 1.042
21.06.1984 2.065 -4.406 1.042
22.06.1984 2.056 -4.404 1.041
23.06.1984 2.047 -4.401 1.04
24.06.1984 2.039 -4.4 1.039
25.06.1984 2.034 -4.398 1.039
26.06.1984 2.027 -4.397 1.037
27.06.1984 2.014 -4.395 1.036
28.06.1984 2.002 -4.393 1.036
29.06.1984 1.996 -4.391 1.035
30.06.1984 1.991 -4.389 1.034
01.07.1984 1.978 -4.387 1.033
02.07.1984 1.971 -4.385 1.032
03.07.1984 1.96 -4.384 1.031
04.07.1984 1.955 -4.381 1.029
05.07.1984 1.949 -4.38 1.028
06.07.1984 1.939 -4.379 1.028
07.07.1984 1.93 -4.378 1.026
08.07.1984 1.923 -4.376 1.025
09.07.1984 1.917 -4.373 1.024
10.07.1984 1.911 -4.371 1.023
11.07.1984 1.905 -4.369 1.023
12.07.1984 1.896 -4.368 1.022
13.07.1984 1.886 -4.367 1.02
14.07.1984 1.875 -4.365 1.019
15.07.1984 1.861 -4.363 1.017
16.07.1984 1.848 -4.36 1.016
17.07.1984 1.834 -4.358 1.016
18.07.1984 1.822 -4.356 1.015
19.07.1984 1.808 -4.354 1.014
20.07.1984 1.798 -4.352 1.014
21.07.1984 1.787 -4.351 1.013
22.07.1984 1.778 -4.349 1.012
23.07.1984 1.772 -4.347 1.011
24.07.1984 1.762 -4.345 1.01
25.07.1984 1.755 -4.344 1.009
26.07.1984 1.741 -4.343 1.008
27.07.1984 1.733 -4.341 1.007
28.07.1984 1.726 -4.338 1.005
29.07.1984 1.711 -4.337 1.004
30.07.1984 1.704 -4.336 1.004
31.07.1984 1.695 -4.335 1.003
01.08.1984 1.688 -4.333 1.001
02.08.1984 1.675 -4.33 1.0
03.08.1984 1.664 -4.329 1.0
04.08.1984 1.653 -4.328 0.998
05.08.1984 1.646 -4.326 0.997
06.08.1984 1.638 -4.324 0.996
07.08.1984 1.625 -4.322 0.996
08.08.1984 1.616 -4.32 0.995
09.08.1984 1.61 -4.32 0.994
10.08.1984 1.596 -4.318 0.993
11.08.1984 1.582 -4.316 0.991
12.08.1984 1.568 -4.314 0.99
13.08.1984 1.555 -4.313 0.989
14.08.1984 1.548 -4.311 0.988
15.08.1984 1.537 -4.309 0.987
16.08.1984 1.524 -4.308 0.986
17.08.1984 1.51 -4.307 0.985
18.08.1984 1.501 -4.306 0.984
19.08.1984 1.488 -4.305 0.983
20.08.1984 1.477 -4.303 0.982
21.08.1984 1.466 -4.302 0.981
22.08.1984 1.453 -4.3 0.98
23.08.1984 1.444 -4.298 0.979
24.08.1984 1.433 -4.296 0.978
25.08.1984 1.422 -4.295 0.977
26.08.1984 1.412 -4.293 0.976
27.08.1984 1.4 -4.292 0.974
28.08.1984 1.395 -4.29 0.974
29.08.1984 1.389 -4.289 0.973
30.08.1984 1.382 -4.288 0.971
31.08.1984 1.372 -4.286 0.97
01.09.1984 1.359 -4.284 0.969
02.09.1984 1.346 -4.283 0.968
03.09.1984 1.336 -4.282 0.967
04.09.1984 1.321 -4.28 0.966
05.09.1984 1.309 -4.278 0.965
06.09.1984 1.296 -4.276 0.964
07.09.1984 1.29 -4.275 0.963
08.09.1984 1.28 -4.273 0.962
09.09.1984 1.273 -4.271 0.961
10.09.1984 1.266 -4.27 0.961
11.09.1984 1.258 -4.268 0.96
12.09.1984 1.247 -4.266 0.959
13.09.1984 1.242 -4.264 0.958
14.09.1984 1.229 -4.262 0.957
15.09.1984 1.221 -4.261 0.955
16.09.1984 1.206 -4.259 0.954
17.09.1984 1.197 -4.258 0.953
18.09.1984 1.186 -4.257 0.952
19.09.1984 1.179 -4.256 0.951
20.09.1984 1.168 -4.255 0.95
21.09.1984 1.156 -4.252 0.949
22.09.1984 1.148 -4.251 0.949
23.09.1984 1.135 -4.25 0.948
24.09.1984 1.128 -4.248 0.947
25.09.1984 1.114 -4.247 0.946
26.09.1984 1.1 -4.246 0.946
27.09.1984 1.089 -4.246 0.945
28.09.1984 1.08 -4.245 0.944
29.09.1984 1.074 -4.244 0.943
30.09.1984 1.067 -4.242 0.943
01.10.1984 1.054 -4.241 0.942
02.10.1984 1.045 -4.239 0.941
03.10.1984 1.039 -4.239 0.94
04.10.1984 1.029 -4.238 0.939
05.10.1984 1.016 -4.236 0.938
06.10.1984 1.008 -4.234 0.937
07.10.1984 0.997 -4.231 0.936
08.10.1984 0.984 -4.229 0.935
09.10.1984 0.975 -4.227 0.934
10.10.1984 0.962 -4.226 0.933
11.10.1984 0.95 -4.225 0.932
12.10.1984 0.94 -4.222 0.931
13.10.1984 0.925 -4.22 0.93
14.10.1984 0.915 -4.219 0.929
15.10.1984 0.907 -4.218 0.928
16.10.1984 0.898 -4.216 0.927
17.10.1984 0.883 -4.215 0.927
18.10.1984 0.871 -4.214 0.926
19.10.1984 0.859 -4.213 0.924
20.10.1984 0.847 -4.212 0.923
21.10.1984 0.84 -4.21 0.922
22.10.1984 0.826 -4.208 0.92
23.10.1984 0.817 -4.206 0.919
24.10.1984 0.811 -4.205 0.918
25.10.1984 0.799 -4.204 0.917
26.10.1984 0.793 -4.203 0.916
27.10.1984 0.786 -4.2 0.915
28.10.1984 0.773 -4.199 0.913
29.10.1984 0.761 -4.198 0.912
30.10.1984 0.755 -4.196 0.91
31.10.1984 0.75 -4.194 0.91
01.11.1984 0.74 -4.192 0.908
02.11.1984 0.734 -4.191 0.907
03.11.1984 0.725 -4.19 0.906
04.11.1984 0.715 -4.189 0.905
05.11.1984 0.708 -4.187 0.904
06.11.1984 0.698 -4.187 0.903
07.11.1984 0.686 -4.185 0.902
08.11.1984 0.674 -4.184 0.901
09.11.1984 0.663 -4.182 0.9
10.11.1984 0.653 -4.18 0.899
11.11.1984 0.64 -4.178 0.898
12.11.1984 0.635 -4.176 0.897
13.11.1984 0.623 -4.174 0.896
14.11.1984 0.615 -4.173 0.895
15.11.1984 0.602 -4.17 0.894
16.11.1984 0.592 -4.17 0.893
17.11.1984 0.582 -4.168 0.892
18.11.1984 0.568 -4.167 0.891
19.11.1984 0.557 -4.166 0.891
20.11.1984 0.545 -4.164 0.89
21.11.1984 0.536 -4.163 0.889
22.11.1984 0.522 -4.161 0.888
23.11.1984 0.511 -4.16 0.887
24.11.1984 0.499 -4.158 0.886
25.11.1984 0.488 -4.156 0.885
26.11.1984 0.483 -4.155 0.884
27.11.1984 0.478 -4.154 0.884
28.11.1984 0.465 -4.153 0.883
29.11.1984 0.453 -4.152 0.882
30.11.1984 0.445 -4.15 0.881
01.12.1984 0.432 -4.148 0.88
02.12.1984 0.418 -4.146 0.879
03.12.1984 0.409 -4.145 0.878
04.12.1984 0.397 -4.144 0.877
05.12.1984 0.385 -4.142 0.876
06.12.1984 0.376 -4.14 0.875
07.12.1984 0.368 -4.139 0.874
08.12.1984 0.355 -4.137 0.873
09.12.1984 0.343 -4.135 0.872
10.12.1984 0.332 -4.134 0.871
11.12.1984 0.322 -4.133 0.87
12.12.1984 0.308 -4.131 0.869
13.12.1984 0.302 -4.129 0.869
14.12.1984 0.29 -4.127 0.868
15.12.1984 0.278 -4.124 0.866
16.12.1984 0.265 -4.122 0.866
17.12.1984 0.255 -4.12 0.865
18.12.1984 0.246 -4.118 0.864
19.12.1984 0.239 -4.116 0.863
20.12.1984 0.226 -4.115 0.862
21.12.1984 0.216 -4.113 0.861
22.12.1984 0.204 -4.111 0.861
23.12.1984 0.196 -4.109 0.86
24.12.1984 0.187 -4.109 0.859
25.12.1984 0.18 -4.107 0.858
26.12.1984 0.173 -4.105 0.857
27.12.1984 0.159 -4.104 0.857
28.12.1984 0.154 -4.102 0.856
29.12.1984 0.146 -4.1 0.855
30.12.1984 0.139 -4.099 0.854
31.12.1984 0.132 -4.097 0.853
01.01.1985 0.118 -4.096 0.852
02.01.1985 0.112 -4.094 0.851
03.01.1985 0.103 -4.092 0.85
04.01.1985 0.095 -4.091 0.848
05.01.1985 0.085 -4.09 0.847
06.01.1985 0.077 -4.088 0.846
07.01.1985 0.071 -4.086 0.845
08.01.1985 0.063 -4.085 0.844
09.01.1985 0.052 -4.084 0.842
10.01.1985 0.041 -4.083 0.841
11.01.1985 0.028 -4.082 0.839
12.01.1985 0.014 -4.08 0.839
13.01.1985 0.002 -4.078 0.837
