02.09.1986 6.39 -6.043 1.368
03.09.1986 6.378 -6.034 1.367
04.09.1986 6.371 -6.027 1.366
05.09.1986 6.357 -6.022 1.364
06.09.1986 6.35 -6.017 1.363
07.09.1986 6.342 -6.009 1.362
08.09.1986 6.33 -6.002 1.361
09.09.1986 6.321 -5.995 1.36
10.09.1986 6.31 -5.991 1.359
11.09.1986 6.302 -5.985 1.358
12.09.1986 6.291 -5.979 1.357
13.09.1986 6.277 -5.973 1.356
14.09.1986 6.269 -5.969 1.354
15.09.1986 6.255 -5.966 1.353
16.09.1986 6.245 -5.96 1.353
17.09.1986 6.238 -5.958 1.352
18.09.1986 6.224 -5.955 1.351
19.09.1986 6.214 -5.951 1.35
20.09.1986 6.204 -5.945 1.349
21.09.1986 6.196 -5.94 1.349
22.09.1986 6.188 -5.936 1.348
23.09.1986 6.181 -5.93 1.347
24.09.1986 6.174 -5.924 1.346
25.09.1986 6.164 -5.922 1.345
26.09.1986 6.154 -5.917 1.344
27.09.1986 6.144 -5.914 1.344
28.09.1986 6.135 -5.911 1.343
29.09.1986 6.129 -5.905 1.342
30.09.1986 6.115 -5.903 1.341
01.10.1986 6.109 -5.9 1.34
02.10.1986 6.103 -5.897 1.339
03.10.1986 6.088 -5.894 1.338
04.10.1986 6.08 -5.892 1.337
05.10.1986 6.073 -5.888 1.336
06.10.1986 6.065 -5.886 1.335
07.10.1986 6.051 -5.882 1.334
08.10.1986 6.037 -5.88 1.333
09.10.1986 6.028 -5.877 1.332
10.10.1986 6.013 -5.872 1.331
11.10.1986 6.003 -5.868 1.33
12.10.1986 5.994 -5.865 1.328
13.10.1986 5.98 -5.861 1.328
14.10.1986 5.973 -5.856 1.327
15.10.1986 5.961 -5.851 1.326
16.10.1986 5.95 -5.849 1.325
17.10.1986 5.943 -5.847 1.324
18.10.1986 5.928 -5.842 1.324
19.10.1986 5.914 -5.84 1.323
20.10.1986 5.901 -5.837 1.322
21.10.1986 5.891 -5.834 1.321
22.10.1986 5.88 -5.831 1.32
23.10.1986 5.871 -5.827 1.319
24.10.1986 5.859 -5.823 1.318
25.10.1986 5.846 -5.82 1.317
26.10.1986 5.835 -5.816 1.316
27.10.1986 5.821 -5.814 1.315
28.10.1986 5.813 -5.811 1.315
29.10.1986 5.802 -5.808 1.314
30.10.1986 5.791 -5.805 1.313
31.10.1986 5.779 -5.802 1.312
01.11.1986 5.765 -5.798 1.311
02.11.1986 5.754 -5.796 1.31
03.11.1986 5.743 -5.794 1.31
04.11.1986 5.728 -5.79 1.308
05.11.1986 5.716 -5.788 1.307
06.11.1986 5.707 -5.786 1.306
07.11.1986 5.701 -5.784 1.305
08.11.1986 5.693 -5.782 1.304
09.11.1986 5.685 -5.778 1.303
10.11.1986 5.678 -5.774 1.302
11.11.1986 5.666 -5.773 1.301
12.11.1986 5.657 -5.771 1.3
13.11.1986 5.643 -5.768 1.299
14.11.1986 5.631 -5.764 1.297
15.11.1986 5.621 -5.761 1.296
16.11.1986 5.616 -5.757 1.295
17.11.1986 5.602 -5.754 1.294
18.11.1986 5.59 -5.752 1.293
19.11.1986 5.578 -5.749 1.292
20.11.1986 5.569 -5.747 1.291
21.11.1986 5.56 -5.744 1.29
22.11.1986 5.549 -5.741 1.289
23.11.1986 5.54 -5.738 1.288
24.11.1986 5.53 -5.736 1.287
25.11.1986 5.525 -5.734 1.286
26.11.1986 5.52 -5.731 1.285
27.11.1986 5.51 -5.729 1.284
28.11.1986 5.496 -5.725 1.283
29.11.1986 5.483 -5.722 1.282
30.11.1986 5.471 -5.721 1.281
01.12.1986 5.456 -5.719 1.28
02.12.1986 5.451 -5.716 1.279
03.12.1986 5.441 -5.713 1.278
04.12.1986 5.429 -5.71 1.277
05.12.1986 5.419 -5.708 1.276
06.12.1986 5.405 -5.705 1.275
07.12.1986 5.395 -5.702 1.274
08.12.1986 5.389 -5.7 1.273
09.12.1986 5.375 -5.698 1.272
10.12.1986 5.367 -5.695 1.272
11.12.1986 5.357 -5.693 1.271
12.12.1986 5.351 -5.691 1.27
13.12.1986 5.337 -5.688 1.269
14.12.1986 5.324 -5.685 1.268
15.12.1986 5.313 -5.682 1.267
16.12.1986 5.298 -5.68 1.265
17.12.1986 5.286 -5.679 1.264
18.12.1986 5.277 -5.677 1.263
19.12.1986 5.267 -5.674 1.263
20.12.1986 5.262 -5.672 1.262
21.12.1986 5.248 -5.67 1.262
22.12.1986 5.237 -5.667 1.261
23.12.1986 5.229 -5.665 1.26
24.12.1986 5.215 -5.662 1.259
25.12.1986 5.21 -5.659 1.258
26.12.1986 5.197 -5.657 1.257
27.12.1986 5.187 -5.655 1.255
28.12.1986 5.175 -5.653 1.255
29.12.1986 5.164 -5.651 1.254
30.12.1986 5.157 -5.649 1.253
31.12.1986 5.146 -5.647 1.252
01.01.1987 5.137 -5.645 1.251
02.01.1987 5.123 -5.643 1.251
03.01.1987 5.116 -5.641 1.249
04.01.1987 5.103 -5.637 1.249
05.01.1987 5.089 -5.636 1.247
06.01.1987 5.083 -5.633 1.247
07.01.1987 5.071 -5.63 1.246
08.01.1987 5.061 -5.626 1.245
09.01.1987 5.05 -5.623 1.244
10.01.1987 5.041 -5.62 1.243
11.01.1987 5.034 -5.618 1.242
12.01.1987 5.023 -5.615 1.241
13.01.1987 5.016 -5.613 1.239
14.01.1987 5.009 -5.609 1.239
15.01.1987 5.001 -5.607 1.238
16.01.1987 4.99 -5.606 1.236
17.01.1987 4.977 -5.604 1.235
18.01.1987 4.964 -5.601 1.233
19.01.1987 4.951 -5.599 1.233
20.01.1987 4.945 -5.596 1.232
21.01.1987 4.931 -5.594 1.23
22.01.1987 4.92 -5.591 1.229
23.01.1987 4.906 -5.59 1.228
24.01.1987 4.893 -5.586 1.227
25.01.1987 4.88 -5.585 1.226
26.01.1987 4.868 -5.583 1.225
27.01.1987 4.858 -5.58 1.223
28.01.1987 4.846 -5.578 1.223
29.01.1987 4.838 -5.576 1.222
30.01.1987 4.827 -5.574 1.221
31.01.1987 4.813 -5.572 1.22
01.02.1987 4.799 -5.57 1.219
02.02.1987 4.788 -5.568 1.218
03.02.1987 4.777 -5.565 1.216
04.02.1987 4.763 -5.562 1.215
05.02.1987 4.755 -5.559 1.214
06.02.1987 4.741 -5.557 1.213
07.02.1987 4.735 -5.556 1.211
08.02.1987 4.723 -5.554 1.21
09.02.1987 4.709 -5.552 1.209
10.02.1987 4.699 -5.55 1.208
11.02.1987 4.686 -5.547 1.206
12.02.1987 4.673 -5.545 1.205
13.02.1987 4.663 -5.542 1.204
14.02.1987 4.656 -5.54 1.203
15.02.1987 4.643 -5.537 1.202
16.02.1987 4.633 -5.536 1.201
17.02.1987 4.622 -5.534 1.2
18.02.1987 4.615 -5.532 1.198
19.02.1987 4.605 -5.53 1.197
20.02.1987 4.592 -5.527 1.196
21.02.1987 4.585 -5.525 1.195
22.02.1987 4.573 -5.524 1.194
23.02.1987 4.565 -5.523 1.193
24.02.1987 4.552 -5.522 1.192
25.02.1987 4.545 -5.521 1.191
26.02.1987 4.538 -5.518 1.19
27.02.1987 4.529 -5.516 1.189
28.02.1987 4.524 -5.514 1.188
01.03.1987 4.509 -5.511 1.187
02.03.1987 4.503 -5.509 1.187
03.03.1987 4.495 -5.507 1.185
04.03.1987 4.481 -5.505 1.184
05.03.1987 4.473 -5.503 1.182
06.03.1987 4.467 -5.5 1.181
07.03.1987 4.456 -5.498 1.18
08.03.1987 4.447 -5.495 1.179
09.03.1987 4.437 -5.494 1.179
10.03.1987 4.431 -5.491 1.177
11.03.1987 4.426 -5.488 1.176
12.03.1987 4.414 -5.485 1.175
13.03.1987 4.407 -5.483 1.174
14.03.1987 4.399 -5.481 1.173
15.03.1987 4.387 -5.478 1.172
16.03.1987 4.375 -5.476 1.17
17.03.1987 4.368 -5.475 1.169
18.03.1987 4.353 -5.473 1.168
19.03.1987 4.345 -5.471 1.167
20.03.1987 4.332 -5.47 1.166
21.03.1987 4.317 -5.468 1.165
22.03.1987 4.303 -5.467 1.164
23.03.1987 4.292 -5.465 1.163
24.03.1987 4.279 -5.462 1.162
25.03.1987 4.268 -5.459 1.161
26.03.1987 4.258 -5.457 1.16
27.03.1987 4.25 -5.455 1.159
28.03.1987 4.242 -5.453 1.158
29.03.1987 4.234 -5.451 1.157
30.03.1987 4.219 -5.449 1.157
31.03.1987 4.205 -5.447 1.156
01.04.1987 4.194 -5.444 1.155
02.04.1987 4.181 -5.442 1.154
03.04.1987 4.173 -5.44 1.153
04.04.1987 4.166 -5.438 1.152
05.04.1987 4.157 -5.436 1.151
06.04.1987 4.149 -5.434 1.15
07.04.1987 4.142 -5.432 1.149
08.04.1987 4.134 -5.43 1.149
09.04.1987 4.12 -5.427 1.148
10.04.1987 4.109 -5.425 1.147
11.04.1987 4.095 -5.424 1.146
12.04.1987 4.08 -5.421 1.145
13.04.1987 4.07 -5.419 1.145
14.04.1987 4.06 -5.416 1.144
15.04.1987 4.053 -5.414 1.143
16.04.1987 4.045 -5.412 1.142
17.04.1987 4.038 -5.409 1.141
18.04.1987 4.024 -5.407 1.14
19.04.1987 4.015 -5.405 1.139
20.04.1987 4.005 -5.402 1.138
21.04.1987 3.999 -5.401 1.137
22.04.1987 3.992 -5.399 1.136
23.04.1987 3.979 -5.397 1.135
24.04.1987 3.968 -5.395 1.135
25.04.1987 3.959 -5.393 1.134
26.04.1987 3.952 -5.39 1.133
27.04.1987 3.946 -5.388 1.132
28.04.1987 3.933 -5.386 1.131
29.04.1987 3.918 -5.384 1.13
30.04.1987 3.906 -5.383 1.129
01.05.1987 3.894 -5.381 1.129
02.05.1987 3.883 -5.379 1.127
03.05.1987 3.874 -5.376 1.126
04.05.1987 3.866 -5.375 1.126
05.05.1987 3.856 -5.372 1.125
06.05.1987 3.846 -5.371 1.124
07.05.1987 3.834 -5.37 1.122
08.05.1987 3.827 -5.367 1.121
09.05.1987 3.818 -5.365 1.12
10.05.1987 3.808 -5.363 1.119
11.05.1987 3.797 -5.361 1.119
12.05.1987 3.784 -5.36 1.118
13.05.1987 3.774 -5.358 1.117
14.05.1987 3.765 -5.356 1.116
15.05.1987 3.758 -5.354 1.115
16.05.1987 3.744 -5.353 1.114
17.05.1987 3.739 -5.351 1.113
18.05.1987 3.727 -5.35 1.112
19.05.1987 3.721 -5.348 1.111
20.05.1987 3.707 -5.346 1.109
21.05.1987 3.694 -5.343 1.108
22.05.1987 3.681 -5.342 1.107
23.05.1987 3.671 -5.341 1.106
24.05.1987 3.659 -5.339 1.104
25.05.1987 3.647 -5.338 1.103
26.05.1987 3.636 -5.335 1.102
27.05.1987 3.628 -5.334 1.101
28.05.1987 3.619 -5.333 1.101
29.05.1987 3.614 -5.331 1.099
30.05.1987 3.605 -5.329 1.098
31.05.1987 3.593 -5.326 1.097
01.06.1987 3.579 -5.324 1.096
02.06.1987 3.573 -5.323 1.095
03.06.1987 3.564 -5.322 1.095
04.06.1987 3.557 -5.32 1.094
05.06.1987 3.543 -5.317 1.093
06.06.1987 3.532 -5.315 1.092
07.06.1987 3.525 -5.314 1.091
08.06.1987 3.516 -5.312 1.09
09.06.1987 3.504 -5.311 1.089
10.06.1987 3.49 -5.309 1.088
11.06.1987 3.478 -5.308 1.086
12.06.1987 3.471 -5.306 1.085
13.06.1987 3.459 -5.304 1.084
14.06.1987 3.45 -5.303 1.083
15.06.1987 3.438 -5.302 1.082
16.06.1987 3.43 -5.3 1.081
17.06.1987 3.425 -5.298 1.08
18.06.1987 3.413 -5.296 1.08
19.06.1987 3.404 -5.295 1.078
20.06.1987 3.396 -5.293 1.077
21.06.1987 3.383 -5.291 1.076
22.06.1987 3.378 -5.289 1.075
23.06.1987 3.369 -5.287 1.074
24.06.1987 3.356 -5.286 1.073
25.06.1987 3.347 -5.284 1.073
26.06.1987 3.341 -5.282 1.072
27.06.1987 3.332 -5.281 1.071
28.06.1987 3.321 -5.279 1.069
29.06.1987 3.308 -5.277 1.068
30.06.1987 3.302 -5.276 1.067
01.07.1987 3.289 -5.275 1.067
02.07.1987 3.275 -5.274 1.066
03.07.1987 3.266 -5.271 1.064
04.07.1987 3.251 -5.269 1.063
05.07.1987 3.246 -5.266 1.063
06.07.1987 3.235 -5.264 1.062
07.07.1987 3.221 -5.263 1.061
08.07.1987 3.214 -5.261 1.06
09.07.1987 3.202 -5.258 1.06
10.07.1987 3.188 -5.256 1.059
11.07.1987 3.18 -5.255 1.057
12.07.1987 3.169 -5.252 1.056
13.07.1987 3.154 -5.251 1.055
14.07.1987 3.146 -5.25 1.054
15.07.1987 3.134 -5.248 1.053
16.07.1987 3.123 -5.247 1.053
17.07.1987 3.108 -5.244 1.051
18.07.1987 3.097 -5.243 1.051
19.07.1987 3.09 -5.241 1.05
20.07.1987 3.076 -5.238 1.049
21.07.1987 3.065 -5.236 1.048
22.07.1987 3.057 -5.234 1.047
23.07.1987 3.046 -5.233 1.045
24.07.1987 3.032 -5.23 1.044
25.07.1987 3.021 -5.228 1.043
26.07.1987 3.007 -5.225 1.041
27.07.1987 2.994 -5.223 1.04
28.07.1987 2.985 -5.221 1.039
29.07.1987 2.974 -5.22 1.038
30.07.1987 2.965 -5.219 1.037
31.07.1987 2.959 -5.216 1.036
01.08.1987 2.951 -5.214 1.034
02.08.1987 2.943 -5.213 1.033
03.08.1987 2.938 -5.211 1.032
04.08.1987 2.929 -5.21 1.032
05.08.1987 2.923 -5.207 1.031
06.08.1987 2.912 -5.205 1.03
07.08.1987 2.899 -5.204 1.029
08.08.1987 2.886 -5.203 1.027
09.08.1987 2.875 -5.201 1.026
10.08.1987 2.862 -5.199 1.025
11.08.1987 2.85 -5.197 1.024
12.08.1987 2.841 -5.196 1.023
13.08.1987 2.834 -5.194 1.022
14.08.1987 2.825 -5.193 1.021
15.08.1987 2.817 -5.19 1.02
16.08.1987 2.807 -5.189 1.019
17.08.1987 2.796 -5.187 1.017
18.08.1987 2.785 -5.186 1.017
19.08.1987 2.774 -5.184 1.015
20.08.1987 2.762 -5.182 1.014
21.08.1987 2.752 -5.181 1.013
22.08.1987 2.746 -5.179 1.012
23.08.1987 2.739 -5.176 1.011
24.08.1987 2.728 -5.175 1.01
25.08.1987 2.72 -5.173 1.01
26.08.1987 2.707 -5.171 1.008
27.08.1987 2.7 -5.169 1.008
28.08.1987 2.69 -5.167 1.007
29.08.1987 2.685 -5.166 1.005
30.08.1987 2.673 -5.164 1.004
31.08.1987 2.666 -5.162 1.003
01.09.1987 2.652 -5.16 1.002
02.09.1987 2.642 -5.158 1.001
03.09.1987 2.633 -5.155 1.0
04.09.1987 2.627 -5.153 0.999
05.09.1987 2.613 -5.151 0.997
06.09.1987 2.605 -5.149 0.997
07.09.1987 2.598 -5.147 0.995
08.09.1987 2.585 -5.144 0.994
09.09.1987 2.58 -5.143 0.993
10.09.1987 2.566 -5.142 0.993
11.09.1987 2.553 -5.141 0.991
12.09.1987 2.539 -5.139 0.99
13.09.1987 2.529 -5.137 0.99
14.09.1987 2.514 -5.135 0.989
15.09.1987 2.504 -5.134 0.988
16.09.1987 2.498 -5.133 0.987
17.09.1987 2.488 -5.131 0.985
18.09.1987 2.475 -5.129 0.984
19.09.1987 2.463 -5.128 0.983
20.09.1987 2.458 -5.127 0.982
21.09.1987 2.447 -5.124 0.981
22.09.1987 2.435 -5.123 0.98
23.09.1987 2.421 -5.122 0.98
24.09.1987 2.412 -5.12 0.979
25.09.1987 2.397 -5.119 0.978
26.09.1987 2.392 -5.118 0.977
27.09.1987 2.385 -5.116 0.977
28.09.1987 2.377 -5.115 0.975
29.09.1987 2.367 -5.114 0.975
30.09.1987 2.359 -5.112 0.973
01.10.1987 2.347 -5.11 0.973
02.10.1987 2.342 -5.108 0.972
03.10.1987 2.33 -5.106 0.971
04.10.1987 2.324 -5.105 0.97
05.10.1987 2.317 -5.103 0.969
06.10.1987 2.306 -5.102 0.968
07.10.1987 2.296 -5.101 0.967
08.10.1987 2.281 -5.1 0.966
09.10.1987 2.269 -5.098 0.965
10.10.1987 2.264 -5.097 0.964
11.10.1987 2.253 -5.095 0.963
12.10.1987 2.245 -5.093 0.962
13.10.1987 2.231 -5.091 0.962
14.10.1987 2.221 -5.09 0.96
15.10.1987 2.215 -5.088 0.959
16.10.1987 2.205 -5.086 0.958
17.10.1987 2.197 -5.085 0.958
18.10.1987 2.183 -5.083 0.957
19.10.1987 2.176 -5.082 0.956
20.10.1987 2.169 -5.079 0.955
21.10.1987 2.155 -5.078 0.954
22.10.1987 2.142 -5.077 0.953
23.10.1987 2.132 -5.076 0.952
24.10.1987 2.12 -5.075 0.95
25.10.1987 2.11 -5.074 0.949
26.10.1987 2.095 -5.071 0.948
27.10.1987 2.083 -5.069 0.947
28.10.1987 2.069 -5.067 0.945
29.10.1987 2.056 -5.066 0.944
30.10.1987 2.046 -5.064 0.943
31.10.1987 2.039 -5.063 0.942
01.11.1987 2.031 -5.061 0.941
02.11.1987 2.023 -5.059 0.941
03.11.1987 2.011 -5.057 0.94
04.11.1987 2.0 -5.054 0.938
05.11.1987 1.992 -5.053 0.937
06.11.1987 1.978 -5.052 0.936
07.11.1987 1.968 -5.051 0.935
08.11.1987 1.958 -5.049 0.934
09.11.1987 1.946 -5.048 0.933
10.11.1987 1.937 -5.047 0.932
11.11.1987 1.928 -5.046 0.931
12.11.1987 1.922 -5.044 0.93
13.11.1987 1.914 -5.043 0.928
14.11.1987 1.908 -5.041 0.927
15.11.1987 1.9 -5.04 0.927
16.11.1987 1.886 -5.039 0.926
17.11.1987 1.88 -5.037 0.924
18.11.1987 1.871 -5.037 0.924
19.11.1987 1.863 -5.035 0.923
20.11.1987 1.85 -5.033 0.921
21.11.1987 1.836 -5.031 0.92
22.11.1987 1.83 -5.03 0.919
23.11.1987 1.824 -5.028 0.918
24.11.1987 1.812 -5.026 0.917
25.11.1987 1.798 -5.025 0.916
26.11.1987 1.787 -5.024 0.915
27.11.1987 1.774 -5.021 0.914
28.11.1987 1.762 -5.021 0.914
29.11.1987 1.75 -5.019 0.913
30.11.1987 1.736 -5.018 0.912
01.12.1987 1.728 -5.016 0.911
02.12.1987 1.723 -5.014 0.91
03.12.1987 1.712 -5.012 0.909
04.12.1987 1.707 -5.01 0.907
05.12.1987 1.701 -5.009 0.906
06.12.1987 1.691 -5.008 0.906
07.12.1987 1.681 -5.005 0.904
08.12.1987 1.675 -5.003 0.904
09.12.1987 1.661 -5.002 0.903
10.12.1987 1.651 -5.001 0.902
11.12.1987 1.643 -5.0 0.901
12.12.1987 1.638 -4.999 0.9
13.12.1987 1.632 -4.997 0.899
14.12.1987 1.621 -4.996 0.898
15.12.1987 1.608 -4.993 0.897
16.12.1987 1.599 -4.993 0.896
17.12.1987 1.59 -4.991 0.895
18.12.1987 1.576 -4.99 0.894
19.12.1987 1.566 -4.988 0.894
20.12.1987 1.554 -4.986 0.893
21.12.1987 1.547 -4.984 0.892
22.12.1987 1.54 -4.983 0.891
23.12.1987 1.535 -4.982 0.89
24.12.1987 1.523 -4.98 0.889
25.12.1987 1.513 -4.978 0.887
26.12.1987 1.498 -4.976 0.887
27.12.1987 1.486 -4.975 0.886
28.12.1987 1.474 -4.973 0.885
29.12.1987 1.465 -4.971 0.883
30.12.1987 1.453 -4.969 0.883
31.12.1987 1.448 -4.968 0.882
01.01.1988 1.437 -4.966 0.881
02.01.1988 1.432 -4.964 0.88
03.01.1988 1.422 -4.964 0.879
04.01.1988 1.408 -4.962 0.878
05.01.1988 1.402 -4.961 0.877
06.01.1988 1.39 -4.959 0.876
07.01.1988 1.384 -4.957 0.875
08.01.1988 1.372 -4.955 0.874
09.01.1988 1.366 -4.954 0.873
10.01.1988 1.354 -4.953 0.872
11.01.1988 1.347 -4.951 0.871
12.01.1988 1.339 -4.95 0.87
13.01.1988 1.326 -4.947 0.868
14.01.1988 1.317 -4.946 0.867
15.01.1988 1.312 -4.945 0.866
16.01.1988 1.305 -4.944 0.864
17.01.1988 1.293 -4.942 0.864
18.01.1988 1.281 -4.94 0.863
19.01.1988 1.271 -4.939 0.862
20.01.1988 1.259 -4.937 0.861
21.01.1988 1.246 -4.935 0.861
22.01.1988 1.234 -4.933 0.86
23.01.1988 1.226 -4.932 0.859
24.01.1988 1.211 -4.93 0.858
25.01.1988 1.198 -4.929 0.858
26.01.1988 1.185 -4.928 0.857
27.01.1988 1.171 -4.926 0.856
28.01.1988 1.16 -4.925 0.855
29.01.1988 1.147 -4.924 0.854
30.01.1988 1.14 -4.922 0.852
31.01.1988 1.127 -4.921 0.852
01.02.1988 1.114 -4.919 0.85
02.02.1988 1.101 -4.917 0.85
03.02.1988 1.093 -4.915 0.849
04.02.1988 1.081 -4.913 0.848
05.02.1988 1.073 -4.912 0.847
06.02.1988 1.064 -4.911 0.846
07.02.1988 1.054 -4.909 0.845
08.02.1988 1.04 -4.908 0.844
09.02.1988 1.027 -4.906 0.842
10.02.1988 1.02 -4.904 0.842
11.02.1988 1.014 -4.902 0.841
12.02.1988 1.002 -4.901 0.84
13.02.1988 0.994 -4.9 0.839
14.02.1988 0.989 -4.898 0.839
15.02.1988 0.982 -4.896 0.837
16.02.1988 0.976 -4.894 0.836
17.02.1988 0.962 -4.893 0.835
18.02.1988 0.956 -4.892 0.834
19.02.1988 0.942 -4.89 0.833
20.02.1988 0.936 -4.888 0.832
21.02.1988 0.921 -4.886 0.831
22.02.1988 0.915 -4.884 0.83
23.02.1988 0.907 -4.882 0.829
24.02.1988 0.898 -4.881 0.828
25.02.1988 0.884 -4.879 0.827
26.02.1988 0.872 -4.877 0.826
27.02.1988 0.862 -4.875 0.825
28.02.1988 0.853 -4.874 0.824
29.02.1988 0.844 -4.873 0.823
01.03.1988 0.839 -4.872 0.821
02.03.1988 0.824 -4.871 0.821
03.03.1988 0.815 -4.868 0.819
04.03.1988 0.801 -4.866 0.818
05.03.1988 0.789 -4.865 0.817
06.03.1988 0.778 -4.863 0.817
07.03.1988 0.767 -4.861 0.816
08.03.1988 0.761 -4.859 0.815
09.03.1988 0.748 -4.857 0.814
10.03.1988 0.737 -4.856 0.813
11.03.1988 0.723 -4.855 0.813
12.03.1988 0.713 -4.852 0.812
13.03.1988 0.699 -4.85 0.81
14.03.1988 0.684 -4.848 0.81
15.03.1988 0.678 -4.847 0.809
16.03.1988 0.664 -4.846 0.808
17.03.1988 0.653 -4.844 0.806
18.03.1988 0.642 -4.842 0.806
19.03.1988 0.635 -4.841 0.805
20.03.1988 0.627 -4.839 0.804
21.03.1988 0.622 -4.837 0.802
22.03.1988 0.616 -4.835 0.802
23.03.1988 0.608 -4.834 0.801
24.03.1988 0.602 -4.832 0.8
25.03.1988 0.592 -4.83 0.799
26.03.1988 0.58 -4.829 0.798
27.03.1988 0.565 -4.828 0.798
28.03.1988 0.558 -4.826 0.797
29.03.1988 0.544 -4.824 0.796
30.03.1988 0.533 -4.823 0.795
31.03.1988 0.522 -4.821 0.794
01.04.1988 0.508 -4.821 0.794
02.04.1988 0.497 -4.819 0.793
03.04.1988 0.485 -4.818 0.792
04.04.1988 0.474 -4.817 0.79
05.04.1988 0.461 -4.815 0.789
06.04.1988 0.449 -4.813 0.788
07.04.1988 0.44 -4.811 0.787
08.04.1988 0.432 -4.81 0.786
09.04.1988 0.426 -4.809 0.784
10.04.1988 0.412 -4.807 0.783
11.04.1988 0.397 -4.805 0.782
12.04.1988 0.386 -4.804 0.781
13.04.1988 0.371 -4.802 0.78
14.04.1988 0.357 -4.801 0.779
15.04.1988 0.344 -4.799 0.778
16.04.1988 0.338 -4.798 0.777
17.04.1988 0.328 -4.797 0.776
18.04.1988 0.323 -4.796 0.775
19.04.1988 0.318 -4.794 0.774
20.04.1988 0.309 -4.793 0.772
21.04.1988 0.295 -4.791 0.772
22.04.1988 0.285 -4.79 0.771
23.04.1988 0.273 -4.788 0.769
24.04.1988 0.26 -4.786 0.768
25.04.1988 0.249 -4.784 0.767
26.04.1988 0.237 -4.783 0.766
27.04.1988 0.225 -4.781 0.765
28.04.1988 0.218 -4.779 0.764
29.04.1988 0.205 -4.778 0.763
30.04.1988 0.193 -4.777 0.762
01.05.1988 0.184 -4.775 0.761
02.05.1988 0.171 -4.774 0.76
03.05.1988 0.156 -4.773 0.759
04.05.1988 0.141 -4.771 0.757
05.05.1988 0.133 -4.77 0.757
06.05.1988 0.123 -4.768 0.756
07.05.1988 0.114 -4.766 0.755
08.05.1988 0.104 -4.765 0.754
09.05.1988 0.096 -4.763 0.753
10.05.1988 0.088 -4.762 0.752
11.05.1988 0.081 -4.761 0.751
12.05.1988 0.07 -4.76 0.75
13.05.1988 0.058 -4.758 0.748
14.05.1988 0.049 -4.757 0.747
15.05.1988 0.037 -4.756 0.747
16.05.1988 0.031 -4.755 0.746
17.05.1988 0.018 -4.753 0.745
18.05.1988 0.01 -4.752 0.744
19.05.1988 0.001 -4.751 0.743
