12.07.1988 5.83 -5.41 1.325
13.07.1988 5.82 -5.399 1.324
14.07.1988 5.81 -5.392 1.323
15.07.1988 5.8 -5.382 1.322
16.07.1988 5.791 -5.375 1.32
17.07.1988 5.778 -5.369 1.319
18.07.1988 5.764 -5.363 1.318
19.07.1988 5.756 -5.355 1.316
20.07.1988 5.75 -5.349 1.315
21.07.1988 5.735 -5.344 1.314
22.07.1988 5.728 -5.337 1.313
23.07.1988 5.714 -5.331 1.313
24.07.1988 5.701 -5.328 1.312
25.07.1988 5.689 -5.321 1.311
26.07.1988 5.678 -5.316 1.31
27.07.1988 5.667 -5.311 1.309
28.07.1988 5.654 -5.306 1.308
29.07.1988 5.645 -5.304 1.307
30.07.1988 5.631 -5.298 1.306
31.07.1988 5.617 -5.292 1.305
01.08.1988 5.609 -5.288 1.304
02.08.1988 5.602 -5.284 1.303
03.08.1988 5.596 -5.282 1.303
04.08.1988 5.587 -5.278 1.301
05.08.1988 5.581 -5.273 1.3
06.08.1988 5.567 -5.268 1.299
07.08.1988 5.558 -5.263 1.298
08.08.1988 5.553 -5.258 1.297
09.08.1988 5.54 -5.255 1.296
10.08.1988 5.534 -5.252 1.296
11.08.1988 5.522 -5.248 1.294
12.08.1988 5.51 -5.246 1.294
13.08.1988 5.501 -5.244 1.292
14.08.1988 5.49 -5.241 1.292
15.08.1988 5.483 -5.239 1.291
16.08.1988 5.475 -5.235 1.291
17.08.1988 5.467 -5.232 1.289
18.08.1988 5.46 -5.228 1.288
19.08.1988 5.448 -5.226 1.287
20.08.1988 5.435 -5.222 1.286
21.08.1988 5.426 -5.218 1.285
22.08.1988 5.415 -5.215 1.284
23.08.1988 5.401 -5.214 1.283
24.08.1988 5.392 -5.211 1.281
25.08.1988 5.378 -5.209 1.28
26.08.1988 5.371 -5.205 1.28
27.08.1988 5.362 -5.203 1.279
28.08.1988 5.349 -5.201 1.278
29.08.1988 5.338 -5.198 1.277
30.08.1988 5.328 -5.195 1.277
31.08.1988 5.317 -5.191 1.276
01.09.1988 5.305 -5.189 1.275
02.09.1988 5.296 -5.185 1.274
03.09.1988 5.281 -5.183 1.273
04.09.1988 5.271 -5.18 1.271
05.09.1988 5.258 -5.178 1.271
06.09.1988 5.251 -5.176 1.27
07.09.1988 5.241 -5.172 1.268
08.09.1988 5.233 -5.169 1.267
09.09.1988 5.22 -5.164 1.266
10.09.1988 5.215 -5.161 1.266
11.09.1988 5.205 -5.159 1.265
12.09.1988 5.196 -5.155 1.264
13.09.1988 5.187 -5.153 1.263
14.09.1988 5.172 -5.151 1.262
15.09.1988 5.158 -5.148 1.261
16.09.1988 5.145 -5.145 1.26
17.09.1988 5.136 -5.143 1.259
18.09.1988 5.127 -5.14 1.258
19.09.1988 5.113 -5.139 1.258
20.09.1988 5.099 -5.137 1.256
21.09.1988 5.092 -5.134 1.256
22.09.1988 5.083 -5.132 1.255
23.09.1988 5.071 -5.129 1.255
24.09.1988 5.062 -5.125 1.254
25.09.1988 5.049 -5.122 1.253
26.09.1988 5.039 -5.12 1.252
27.09.1988 5.027 -5.116 1.251
28.09.1988 5.017 -5.115 1.25
29.09.1988 5.009 -5.112 1.249
30.09.1988 5.004 -5.11 1.248
01.10.1988 4.994 -5.106 1.247
02.10.1988 4.986 -5.105 1.246
03.10.1988 4.973 -5.102 1.245
04.10.1988 4.961 -5.1 1.244
05.10.1988 4.947 -5.098 1.243
06.10.1988 4.94 -5.095 1.242
07.10.1988 4.932 -5.091 1.241
08.10.1988 4.923 -5.088 1.24
09.10.1988 4.908 -5.086 1.239
10.10.1988 4.896 -5.085 1.238
11.10.1988 4.883 -5.082 1.237
12.10.1988 4.872 -5.08 1.236
13.10.1988 4.857 -5.078 1.235
14.10.1988 4.849 -5.074 1.234
15.10.1988 4.842 -5.07 1.233
16.10.1988 4.834 -5.068 1.232
17.10.1988 4.824 -5.065 1.23
18.10.1988 4.819 -5.063 1.229
19.10.1988 4.806 -5.06 1.228
20.10.1988 4.795 -5.057 1.228
21.10.1988 4.784 -5.054 1.227
22.10.1988 4.778 -5.052 1.226
23.10.1988 4.769 -5.051 1.225
24.10.1988 4.763 -5.049 1.224
25.10.1988 4.755 -5.048 1.223
26.10.1988 4.749 -5.045 1.222
27.10.1988 4.742 -5.044 1.221
28.10.1988 4.727 -5.042 1.22
29.10.1988 4.72 -5.04 1.219
30.10.1988 4.712 -5.037 1.218
31.10.1988 4.706 -5.035 1.217
01.11.1988 4.693 -5.031 1.216
02.11.1988 4.685 -5.03 1.215
03.11.1988 4.671 -5.027 1.214
04.11.1988 4.662 -5.026 1.213
05.11.1988 4.651 -5.024 1.212
06.11.1988 4.644 -5.021 1.211
07.11.1988 4.634 -5.018 1.21
08.11.1988 4.62 -5.014 1.209
09.11.1988 4.607 -5.011 1.208
10.11.1988 4.599 -5.009 1.207
11.11.1988 4.589 -5.007 1.205
12.11.1988 4.584 -5.005 1.205
13.11.1988 4.57 -5.003 1.203
14.11.1988 4.557 -5.001 1.202
15.11.1988 4.551 -4.999 1.202
16.11.1988 4.543 -4.997 1.2
17.11.1988 4.53 -4.995 1.199
18.11.1988 4.519 -4.992 1.199
19.11.1988 4.508 -4.989 1.198
20.11.1988 4.496 -4.987 1.197
21.11.1988 4.49 -4.984 1.197
22.11.1988 4.476 -4.981 1.195
23.11.1988 4.469 -4.978 1.194
24.11.1988 4.461 -4.976 1.194
25.11.1988 4.451 -4.973 1.193
26.11.1988 4.442 -4.97 1.191
27.11.1988 4.43 -4.968 1.191
28.11.1988 4.419 -4.966 1.189
29.11.1988 4.413 -4.963 1.188
30.11.1988 4.404 -4.961 1.187
01.12.1988 4.391 -4.958 1.186
02.12.1988 4.38 -4.955 1.185
03.12.1988 4.365 -4.953 1.184
04.12.1988 4.358 -4.952 1.183
05.12.1988 4.35 -4.949 1.181
06.12.1988 4.341 -4.947 1.18
07.12.1988 4.328 -4.945 1.18
08.12.1988 4.314 -4.943 1.179
09.12.1988 4.305 -4.942 1.178
10.12.1988 4.298 -4.94 1.176
11.12.1988 4.287 -4.938 1.175
12.12.1988 4.272 -4.936 1.174
13.12.1988 4.258 -4.934 1.173
14.12.1988 4.25 -4.932 1.172
15.12.1988 4.244 -4.929 1.171
16.12.1988 4.232 -4.926 1.17
17.12.1988 4.225 -4.925 1.17
18.12.1988 4.215 -4.923 1.168
19.12.1988 4.209 -4.922 1.168
20.12.1988 4.201 -4.919 1.167
21.12.1988 4.19 -4.917 1.166
22.12.1988 4.182 -4.915 1.165
23.12.1988 4.172 -4.914 1.164
24.12.1988 4.158 -4.91 1.163
25.12.1988 4.147 -4.909 1.162
26.12.1988 4.137 -4.908 1.161
27.12.1988 4.123 -4.905 1.159
28.12.1988 4.117 -4.903 1.159
29.12.1988 4.106 -4.901 1.158
30.12.1988 4.096 -4.899 1.157
31.12.1988 4.087 -4.897 1.156
01.01.1989 4.08 -4.895 1.155
02.01.1989 4.069 -4.892 1.155
03.01.1989 4.056 -4.891 1.153
04.01.1989 4.05 -4.888 1.152
05.01.1989 4.042 -4.886 1.152
06.01.1989 4.032 -4.884 1.151
07.01.1989 4.019 -4.882 1.15
08.01.1989 4.012 -4.88 1.149
09.01.1989 3.998 -4.879 1.148
10.01.1989 3.992 -4.877 1.147
11.01.1989 3.98 -4.875 1.146
12.01.1989 3.968 -4.872 1.145
13.01.1989 3.96 -4.87 1.144
14.01.1989 3.951 -4.869 1.143
15.01.1989 3.937 -4.868 1.142
16.01.1989 3.925 -4.866 1.141
17.01.1989 3.913 -4.864 1.141
18.01.1989 3.905 -4.862 1.14
19.01.1989 3.89 -4.859 1.138
20.01.1989 3.88 -4.858 1.138
21.01.1989 3.866 -4.856 1.136
22.01.1989 3.856 -4.854 1.135
23.01.1989 3.845 -4.853 1.135
24.01.1989 3.833 -4.85 1.133
25.01.1989 3.824 -4.848 1.132
26.01.1989 3.816 -4.846 1.132
27.01.1989 3.807 -4.843 1.131
28.01.1989 3.801 -4.841 1.13
29.01.1989 3.786 -4.839 1.128
30.01.1989 3.773 -4.837 1.128
31.01.1989 3.761 -4.836 1.127
01.02.1989 3.755 -4.835 1.126
02.02.1989 3.747 -4.832 1.126
03.02.1989 3.74 -4.83 1.125
04.02.1989 3.733 -4.827 1.124
05.02.1989 3.72 -4.825 1.122
06.02.1989 3.709 -4.823 1.121
07.02.1989 3.696 -4.821 1.12
08.02.1989 3.689 -4.819 1.119
09.02.1989 3.675 -4.817 1.118
10.02.1989 3.663 -4.814 1.117
11.02.1989 3.654 -4.812 1.116
12.02.1989 3.643 -4.811 1.115
13.02.1989 3.637 -4.808 1.114
14.02.1989 3.63 -4.807 1.113
15.02.1989 3.62 -4.806 1.111
16.02.1989 3.609 -4.803 1.11
17.02.1989 3.602 -4.801 1.11
18.02.1989 3.588 -4.8 1.109
19.02.1989 3.582 -4.797 1.108
20.02.1989 3.569 -4.794 1.107
21.02.1989 3.556 -4.791 1.106
22.02.1989 3.545 -4.788 1.104
23.02.1989 3.54 -4.787 1.103
24.02.1989 3.534 -4.784 1.102
25.02.1989 3.523 -4.783 1.101
26.02.1989 3.515 -4.781 1.1
27.02.1989 3.505 -4.779 1.099
28.02.1989 3.495 -4.778 1.098
01.03.1989 3.481 -4.776 1.097
02.03.1989 3.469 -4.774 1.097
03.03.1989 3.462 -4.772 1.095
04.03.1989 3.453 -4.769 1.094
05.03.1989 3.446 -4.768 1.093
06.03.1989 3.441 -4.766 1.092
07.03.1989 3.434 -4.763 1.091
08.03.1989 3.429 -4.761 1.09
09.03.1989 3.419 -4.759 1.089
10.03.1989 3.413 -4.757 1.088
11.03.1989 3.407 -4.754 1.087
12.03.1989 3.397 -4.753 1.086
13.03.1989 3.391 -4.751 1.085
14.03.1989 3.384 -4.749 1.084
15.03.1989 3.378 -4.748 1.083
16.03.1989 3.365 -4.747 1.082
17.03.1989 3.356 -4.744 1.081
18.03.1989 3.349 -4.742 1.08
19.03.1989 3.335 -4.74 1.079
20.03.1989 3.325 -4.737 1.078
21.03.1989 3.318 -4.735 1.077
22.03.1989 3.313 -4.733 1.076
23.03.1989 3.304 -4.73 1.075
24.03.1989 3.299 -4.728 1.073
25.03.1989 3.287 -4.726 1.072
26.03.1989 3.274 -4.724 1.072
27.03.1989 3.267 -4.722 1.071
28.03.1989 3.256 -4.72 1.07
29.03.1989 3.245 -4.719 1.069
30.03.1989 3.231 -4.718 1.068
31.03.1989 3.226 -4.715 1.067
01.04.1989 3.211 -4.714 1.066
02.04.1989 3.204 -4.712 1.065
03.04.1989 3.191 -4.709 1.065
04.04.1989 3.184 -4.707 1.064
05.04.1989 3.172 -4.706 1.063
06.04.1989 3.16 -4.705 1.062
07.04.1989 3.149 -4.703 1.061
08.04.1989 3.135 -4.7 1.06
09.04.1989 3.129 -4.697 1.06
10.04.1989 3.118 -4.695 1.059
11.04.1989 3.112 -4.694 1.058
12.04.1989 3.099 -4.693 1.057
13.04.1989 3.084 -4.692 1.055
14.04.1989 3.073 -4.69 1.055
15.04.1989 3.065 -4.689 1.053
16.04.1989 3.052 -4.687 1.052
17.04.1989 3.039 -4.685 1.052
18.04.1989 3.029 -4.683 1.051
19.04.1989 3.02 -4.682 1.05
20.04.1989 3.005 -4.681 1.049
21.04.1989 2.997 -4.679 1.048
22.04.1989 2.989 -4.676 1.047
23.04.1989 2.982 -4.673 1.046
24.04.1989 2.975 -4.672 1.045
25.04.1989 2.965 -4.67 1.044
26.04.1989 2.954 -4.667 1.043
27.04.1989 2.947 -4.666 1.042
28.04.1989 2.938 -4.664 1.041
29.04.1989 2.928 -4.662 1.04
30.04.1989 2.918 -4.66 1.039
01.05.1989 2.912 -4.658 1.038
02.05.1989 2.906 -4.657 1.038
03.05.1989 2.893 -4.655 1.036
04.05.1989 2.881 -4.653 1.035
05.05.1989 2.867 -4.651 1.034
06.05.1989 2.858 -4.649 1.032
07.05.1989 2.848 -4.647 1.032
08.05.1989 2.837 -4.645 1.031
09.05.1989 2.823 -4.643 1.03
10.05.1989 2.809 -4.641 1.029
11.05.1989 2.797 -4.639 1.028
12.05.1989 2.784 -4.637 1.027
13.05.1989 2.773 -4.635 1.026
14.05.1989 2.759 -4.633 1.024
15.05.1989 2.747 -4.632 1.023
16.05.1989 2.737 -4.63 1.022
17.05.1989 2.723 -4.628 1.022
18.05.1989 2.711 -4.626 1.021
19.05.1989 2.705 -4.625 1.02
20.05.1989 2.698 -4.624 1.019
21.05.1989 2.685 -4.623 1.018
22.05.1989 2.672 -4.621 1.017
23.05.1989 2.66 -4.62 1.016
24.05.1989 2.646 -4.618 1.015
25.05.1989 2.64 -4.615 1.014
26.05.1989 2.629 -4.613 1.012
27.05.1989 2.616 -4.611 1.012
28.05.1989 2.609 -4.609 1.011
29.05.1989 2.598 -4.607 1.01
30.05.1989 2.591 -4.605 1.01
31.05.1989 2.577 -4.603 1.009
01.06.1989 2.565 -4.601 1.009
02.06.1989 2.551 -4.599 1.007
03.06.1989 2.544 -4.597 1.006
04.06.1989 2.531 -4.595 1.005
05.06.1989 2.516 -4.592 1.005
06.06.1989 2.505 -4.591 1.003
07.06.1989 2.5 -4.589 1.003
08.06.1989 2.485 -4.587 1.002
09.06.1989 2.478 -4.585 1.0
10.06.1989 2.47 -4.583 0.999
11.06.1989 2.461 -4.581 0.999
12.06.1989 2.45 -4.58 0.997
13.06.1989 2.441 -4.578 0.996
14.06.1989 2.433 -4.575 0.995
15.06.1989 2.426 -4.573 0.994
16.06.1989 2.412 -4.572 0.994
17.06.1989 2.399 -4.569 0.993
18.06.1989 2.387 -4.568 0.992
19.06.1989 2.378 -4.567 0.991
20.06.1989 2.367 -4.565 0.99
21.06.1989 2.36 -4.562 0.989
22.06.1989 2.355 -4.561 0.987
23.06.1989 2.34 -4.558 0.986
24.06.1989 2.326 -4.556 0.985
25.06.1989 2.318 -4.553 0.983
26.06.1989 2.31 -4.551 0.982
27.06.1989 2.296 -4.549 0.981
28.06.1989 2.287 -4.548 0.98
29.06.1989 2.279 -4.546 0.979
30.06.1989 2.273 -4.545 0.978
01.07.1989 2.265 -4.543 0.977
02.07.1989 2.251 -4.542 0.977
03.07.1989 2.237 -4.539 0.976
04.07.1989 2.227 -4.538 0.975
05.07.1989 2.22 -4.537 0.974
06.07.1989 2.213 -4.535 0.973
07.07.1989 2.201 -4.533 0.971
08.07.1989 2.193 -4.532 0.971
09.07.1989 2.18 -4.531 0.97
10.07.1989 2.174 -4.53 0.968
11.07.1989 2.162 -4.528 0.968
12.07.1989 2.155 -4.526 0.967
13.07.1989 2.145 -4.525 0.965
14.07.1989 2.135 -4.524 0.964
15.07.1989 2.125 -4.521 0.964
16.07.1989 2.112 -4.52 0.962
17.07.1989 2.103 -4.518 0.962
18.07.1989 2.094 -4.516 0.961
19.07.1989 2.082 -4.515 0.959
20.07.1989 2.072 -4.514 0.959
21.07.1989 2.059 -4.512 0.957
22.07.1989 2.05 -4.511 0.956
23.07.1989 2.043 -4.509 0.954
24.07.1989 2.033 -4.508 0.953
25.07.1989 2.023 -4.506 0.952
26.07.1989 2.016 -4.504 0.952
27.07.1989 2.002 -4.501 0.951
28.07.1989 1.991 -4.501 0.95
29.07.1989 1.981 -4.5 0.949
30.07.1989 1.971 -4.498 0.947
31.07.1989 1.958 -4.496 0.946
01.08.1989 1.947 -4.495 0.946
02.08.1989 1.936 -4.493 0.944
03.08.1989 1.93 -4.491 0.944
04.08.1989 1.92 -4.489 0.943
05.08.1989 1.914 -4.487 0.942
06.08.1989 1.901 -4.486 0.941
07.08.1989 1.891 -4.484 0.939
08.08.1989 1.883 -4.482 0.938
09.08.1989 1.877 -4.48 0.937
10.08.1989 1.871 -4.478 0.936
11.08.1989 1.86 -4.476 0.935
12.08.1989 1.848 -4.474 0.934
13.08.1989 1.833 -4.472 0.933
14.08.1989 1.823 -4.47 0.932
15.08.1989 1.808 -4.468 0.931
16.08.1989 1.801 -4.466 0.931
17.08.1989 1.792 -4.465 0.929
18.08.1989 1.777 -4.463 0.929
19.08.1989 1.77 -4.461 0.927
20.08.1989 1.764 -4.46 0.926
21.08.1989 1.757 -4.458 0.925
22.08.1989 1.749 -4.457 0.924
23.08.1989 1.739 -4.455 0.924
24.08.1989 1.725 -4.454 0.922
25.08.1989 1.714 -4.453 0.921
26.08.1989 1.702 -4.451 0.92
27.08.1989 1.697 -4.45 0.919
28.08.1989 1.683 -4.449 0.917
29.08.1989 1.672 -4.447 0.917
30.08.1989 1.664 -4.446 0.916
31.08.1989 1.654 -4.444 0.915
01.09.1989 1.642 -4.443 0.914
02.09.1989 1.633 -4.441 0.913
03.09.1989 1.621 -4.439 0.912
04.09.1989 1.607 -4.437 0.911
05.09.1989 1.601 -4.436 0.91
06.09.1989 1.591 -4.434 0.909
07.09.1989 1.58 -4.433 0.908
08.09.1989 1.569 -4.432 0.907
09.09.1989 1.561 -4.43 0.906
10.09.1989 1.552 -4.429 0.905
11.09.1989 1.544 -4.426 0.904
12.09.1989 1.531 -4.425 0.903
13.09.1989 1.52 -4.422 0.902
14.09.1989 1.508 -4.422 0.9
15.09.1989 1.493 -4.421 0.9
16.09.1989 1.484 -4.42 0.898
17.09.1989 1.469 -4.419 0.897
18.09.1989 1.456 -4.417 0.897
19.09.1989 1.444 -4.416 0.896
20.09.1989 1.432 -4.415 0.895
21.09.1989 1.418 -4.413 0.894
22.09.1989 1.407 -4.411 0.893
23.09.1989 1.396 -4.409 0.892
24.09.1989 1.39 -4.408 0.891
25.09.1989 1.384 -4.406 0.889
26.09.1989 1.376 -4.405 0.888
27.09.1989 1.365 -4.404 0.887
28.09.1989 1.357 -4.402 0.886
29.09.1989 1.346 -4.4 0.886
30.09.1989 1.339 -4.4 0.885
01.10.1989 1.326 -4.398 0.884
02.10.1989 1.318 -4.396 0.884
03.10.1989 1.31 -4.394 0.882
04.10.1989 1.302 -4.392 0.881
05.10.1989 1.288 -4.391 0.88
06.10.1989 1.278 -4.39 0.879
07.10.1989 1.269 -4.388 0.878
08.10.1989 1.255 -4.387 0.877
09.10.1989 1.247 -4.385 0.876
10.10.1989 1.241 -4.383 0.875
11.10.1989 1.234 -4.381 0.874
12.10.1989 1.221 -4.379 0.873
13.10.1989 1.216 -4.377 0.872
14.10.1989 1.203 -4.376 0.871
15.10.1989 1.194 -4.374 0.87
16.10.1989 1.182 -4.372 0.869
17.10.1989 1.172 -4.371 0.868
18.10.1989 1.162 -4.37 0.867
19.10.1989 1.154 -4.368 0.866
20.10.1989 1.147 -4.367 0.864
21.10.1989 1.139 -4.366 0.863
22.10.1989 1.126 -4.363 0.862
23.10.1989 1.116 -4.362 0.861
24.10.1989 1.108 -4.362 0.86
25.10.1989 1.098 -4.361 0.859
26.10.1989 1.09 -4.36 0.858
27.10.1989 1.08 -4.358 0.857
28.10.1989 1.073 -4.357 0.857
29.10.1989 1.061 -4.355 0.856
30.10.1989 1.05 -4.354 0.854
31.10.1989 1.038 -4.352 0.853
01.11.1989 1.025 -4.351 0.852
02.11.1989 1.011 -4.349 0.85
03.11.1989 1.003 -4.347 0.849
04.11.1989 0.991 -4.345 0.848
05.11.1989 0.984 -4.343 0.847
06.11.1989 0.975 -4.341 0.846
07.11.1989 0.968 -4.339 0.846
08.11.1989 0.953 -4.337 0.845
09.11.1989 0.941 -4.336 0.844
10.11.1989 0.936 -4.335 0.843
11.11.1989 0.928 -4.332 0.842
12.11.1989 0.921 -4.331 0.84
13.11.1989 0.91 -4.329 0.839
14.11.1989 0.902 -4.328 0.838
15.11.1989 0.896 -4.326 0.837
16.11.1989 0.888 -4.325 0.836
17.11.1989 0.883 -4.323 0.836
18.11.1989 0.87 -4.322 0.834
19.11.1989 0.855 -4.319 0.833
20.11.1989 0.841 -4.319 0.832
21.11.1989 0.83 -4.317 0.831
22.11.1989 0.825 -4.315 0.83
23.11.1989 0.815 -4.313 0.828
24.11.1989 0.805 -4.312 0.828
25.11.1989 0.797 -4.311 0.827
26.11.1989 0.782 -4.31 0.826
27.11.1989 0.777 -4.307 0.825
28.11.1989 0.768 -4.306 0.824
29.11.1989 0.761 -4.304 0.823
30.11.1989 0.747 -4.303 0.822
01.12.1989 0.74 -4.301 0.822
02.12.1989 0.734 -4.299 0.82
03.12.1989 0.725 -4.298 0.82
04.12.1989 0.719 -4.297 0.818
05.12.1989 0.709 -4.295 0.818
06.12.1989 0.696 -4.293 0.816
07.12.1989 0.684 -4.292 0.816
08.12.1989 0.673 -4.291 0.815
09.12.1989 0.668 -4.289 0.814
10.12.1989 0.658 -4.287 0.813
11.12.1989 0.645 -4.286 0.812
12.12.1989 0.631 -4.284 0.81
13.12.1989 0.617 -4.283 0.81
14.12.1989 0.607 -4.281 0.809
15.12.1989 0.598 -4.28 0.807
16.12.1989 0.591 -4.279 0.806
17.12.1989 0.582 -4.278 0.805
18.12.1989 0.575 -4.277 0.803
19.12.1989 0.56 -4.275 0.803
20.12.1989 0.555 -4.273 0.802
21.12.1989 0.541 -4.272 0.8
22.12.1989 0.535 -4.271 0.799
23.12.1989 0.529 -4.27 0.798
24.12.1989 0.518 -4.268 0.797
25.12.1989 0.511 -4.267 0.796
26.12.1989 0.505 -4.265 0.795
27.12.1989 0.492 -4.265 0.794
28.12.1989 0.485 -4.263 0.793
29.12.1989 0.48 -4.261 0.792
30.12.1989 0.47 -4.259 0.791
31.12.1989 0.463 -4.257 0.789
01.01.1990 0.455 -4.256 0.789
02.01.1990 0.445 -4.255 0.788
03.01.1990 0.439 -4.254 0.787
04.01.1990 0.432 -4.253 0.786
05.01.1990 0.425 -4.251 0.785
06.01.1990 0.418 -4.249 0.784
07.01.1990 0.41 -4.247 0.784
08.01.1990 0.404 -4.245 0.783
09.01.1990 0.393 -4.243 0.782
10.01.1990 0.382 -4.242 0.781
11.01.1990 0.374 -4.241 0.78
12.01.1990 0.363 -4.24 0.78
13.01.1990 0.358 -4.238 0.779
14.01.1990 0.348 -4.237 0.778
15.01.1990 0.335 -4.236 0.778
16.01.1990 0.327 -4.235 0.776
17.01.1990 0.313 -4.234 0.775
18.01.1990 0.305 -4.232 0.775
19.01.1990 0.291 -4.23 0.773
20.01.1990 0.279 -4.228 0.772
21.01.1990 0.268 -4.226 0.771
22.01.1990 0.255 -4.225 0.769
23.01.1990 0.243 -4.224 0.768
24.01.1990 0.236 -4.222 0.767
25.01.1990 0.227 -4.221 0.766
26.01.1990 0.221 -4.22 0.765
27.01.1990 0.214 -4.217 0.764
28.01.1990 0.205 -4.216 0.763
29.01.1990 0.198 -4.214 0.761
30.01.1990 0.185 -4.212 0.76
31.01.1990 0.172 -4.211 0.759
01.02.1990 0.158 -4.209 0.759
02.02.1990 0.15 -4.208 0.758
03.02.1990 0.14 -4.208 0.757
04.02.1990 0.127 -4.207 0.756
05.02.1990 0.113 -4.205 0.755
06.02.1990 0.099 -4.203 0.754
07.02.1990 0.087 -4.202 0.754
08.02.1990 0.073 -4.2 0.753
09.02.1990 0.065 -4.198 0.752
10.02.1990 0.054 -4.196 0.751
11.02.1990 0.042 -4.194 0.75
12.02.1990 0.031 -4.192 0.748
13.02.1990 0.019 -4.191 0.747
14.02.1990 0.009 -4.189 0.746
