19.10.1994 6.781 -6.709 1.387
20.10.1994 6.773 -6.696 1.386
21.10.1994 6.761 -6.685 1.385
22.10.1994 6.755 -6.68 1.384
23.10.1994 6.746 -6.673 1.383
24.10.1994 6.733 -6.667 1.382
25.10.1994 6.724 -6.662 1.381
26.10.1994 6.71 -6.658 1.38
27.10.1994 6.697 -6.654 1.379
28.10.1994 6.689 -6.647 1.379
29.10.1994 6.681 -6.644 1.378
30.10.1994 6.675 -6.641 1.376
31.10.1994 6.663 -6.634 1.375
01.11.1994 6.648 -6.63 1.374
02.11.1994 6.633 -6.626 1.373
03.11.1994 6.62 -6.622 1.372
04.11.1994 6.612 -6.619 1.372
05.11.1994 6.603 -6.613 1.37
06.11.1994 6.59 -6.607 1.37
07.11.1994 6.575 -6.605 1.369
08.11.1994 6.565 -6.602 1.367
09.11.1994 6.552 -6.599 1.366
10.11.1994 6.54 -6.594 1.365
11.11.1994 6.529 -6.588 1.364
12.11.1994 6.516 -6.585 1.363
13.11.1994 6.503 -6.58 1.362
14.11.1994 6.498 -6.575 1.361
15.11.1994 6.489 -6.572 1.36
16.11.1994 6.482 -6.567 1.359
17.11.1994 6.47 -6.564 1.358
18.11.1994 6.459 -6.559 1.357
19.11.1994 6.446 -6.557 1.356
20.11.1994 6.436 -6.552 1.355
21.11.1994 6.429 -6.549 1.354
22.11.1994 6.416 -6.547 1.353
23.11.1994 6.403 -6.543 1.352
24.11.1994 6.397 -6.54 1.351
25.11.1994 6.39 -6.536 1.35
26.11.1994 6.382 -6.532 1.349
27.11.1994 6.37 -6.528 1.348
28.11.1994 6.359 -6.526 1.347
29.11.1994 6.349 -6.524 1.346
30.11.1994 6.339 -6.52 1.345
01.12.1994 6.324 -6.516 1.344
02.12.1994 6.31 -6.513 1.343
03.12.1994 6.298 -6.511 1.342
04.12.1994 6.292 -6.508 1.341
05.12.1994 6.279 -6.503 1.34
06.12.1994 6.271 -6.5 1.339
07.12.1994 6.258 -6.497 1.337
08.12.1994 6.246 -6.494 1.336
09.12.1994 6.234 -6.49 1.335
10.12.1994 6.228 -6.486 1.334
11.12.1994 6.221 -6.483 1.333
12.12.1994 6.211 -6.481 1.333
13.12.1994 6.206 -6.477 1.331
14.12.1994 6.193 -6.474 1.33
15.12.1994 6.182 -6.472 1.329
16.12.1994 6.17 -6.469 1.328
17.12.1994 6.16 -6.466 1.328
18.12.1994 6.151 -6.462 1.326
19.12.1994 6.14 -6.459 1.325
20.12.1994 6.132 -6.457 1.325
21.12.1994 6.121 -6.454 1.324
22.12.1994 6.106 -6.452 1.322
23.12.1994 6.098 -6.448 1.322
24.12.1994 6.092 -6.445 1.32
25.12.1994 6.087 -6.443 1.319
26.12.1994 6.078 -6.441 1.318
27.12.1994 6.064 -6.438 1.318
28.12.1994 6.051 -6.434 1.316
29.12.1994 6.045 -6.432 1.316
30.12.1994 6.04 -6.429 1.315
31.12.1994 6.029 -6.426 1.314
01.01.1995 6.023 -6.423 1.313
02.01.1995 6.017 -6.419 1.312
03.01.1995 6.007 -6.416 1.311
04.01.1995 6.0 -6.414 1.31
05.01.1995 5.995 -6.411 1.31
06.01.1995 5.983 -6.409 1.309
07.01.1995 5.968 -6.407 1.308
08.01.1995 5.961 -6.403 1.307
09.01.1995 5.953 -6.401 1.306
10.01.1995 5.946 -6.398 1.305
11.01.1995 5.936 -6.395 1.303
12.01.1995 5.928 -6.393 1.303
13.01.1995 5.922 -6.391 1.302
14.01.1995 5.909 -6.39 1.301
15.01.1995 5.897 -6.387 1.3
16.01.1995 5.883 -6.384 1.299
17.01.1995 5.871 -6.382 1.298
18.01.1995 5.861 -6.38 1.296
19.01.1995 5.852 -6.376 1.295
20.01.1995 5.841 -6.374 1.294
21.01.1995 5.835 -6.371 1.293
22.01.1995 5.823 -6.368 1.292
23.01.1995 5.816 -6.367 1.291
24.01.1995 5.806 -6.365 1.29
25.01.1995 5.8 -6.363 1.289
26.01.1995 5.786 -6.361 1.288
27.01.1995 5.772 -6.357 1.287
28.01.1995 5.76 -6.355 1.286
29.01.1995 5.747 -6.352 1.286
30.01.1995 5.735 -6.348 1.284
31.01.1995 5.721 -6.345 1.283
01.02.1995 5.714 -6.343 1.282
02.02.1995 5.706 -6.341 1.281
03.02.1995 5.7 -6.338 1.28
04.02.1995 5.689 -6.336 1.279
05.02.1995 5.683 -6.334 1.278
06.02.1995 5.676 -6.331 1.277
07.02.1995 5.664 -6.327 1.276
08.02.1995 5.649 -6.325 1.275
09.02.1995 5.64 -6.322 1.274
10.02.1995 5.627 -6.319 1.273
11.02.1995 5.615 -6.317 1.271
12.02.1995 5.6 -6.313 1.27
13.02.1995 5.59 -6.31 1.269
14.02.1995 5.58 -6.308 1.268
15.02.1995 5.568 -6.306 1.266
16.02.1995 5.558 -6.303 1.265
17.02.1995 5.549 -6.3 1.264
18.02.1995 5.534 -6.297 1.263
19.02.1995 5.52 -6.294 1.262
20.02.1995 5.514 -6.291 1.261
21.02.1995 5.503 -6.289 1.26
22.02.1995 5.488 -6.286 1.259
23.02.1995 5.478 -6.284 1.257
24.02.1995 5.469 -6.281 1.256
25.02.1995 5.457 -6.279 1.256
26.02.1995 5.449 -6.277 1.255
27.02.1995 5.444 -6.275 1.254
28.02.1995 5.433 -6.273 1.253
01.03.1995 5.425 -6.27 1.252
02.03.1995 5.415 -6.267 1.251
03.03.1995 5.402 -6.265 1.25
04.03.1995 5.392 -6.263 1.249
05.03.1995 5.385 -6.26 1.248
06.03.1995 5.376 -6.258 1.247
07.03.1995 5.366 -6.256 1.246
08.03.1995 5.359 -6.253 1.245
09.03.1995 5.352 -6.25 1.244
10.03.1995 5.346 -6.249 1.243
11.03.1995 5.335 -6.246 1.243
12.03.1995 5.324 -6.243 1.241
13.03.1995 5.317 -6.239 1.24
14.03.1995 5.309 -6.238 1.239
15.03.1995 5.303 -6.237 1.238
16.03.1995 5.295 -6.234 1.238
17.03.1995 5.284 -6.231 1.237
18.03.1995 5.276 -6.228 1.236
19.03.1995 5.269 -6.226 1.235
20.03.1995 5.263 -6.225 1.233
21.03.1995 5.25 -6.224 1.232
22.03.1995 5.241 -6.221 1.231
23.03.1995 5.235 -6.219 1.23
24.03.1995 5.221 -6.218 1.229
25.03.1995 5.216 -6.215 1.229
26.03.1995 5.207 -6.213 1.228
27.03.1995 5.199 -6.21 1.227
28.03.1995 5.187 -6.207 1.225
29.03.1995 5.18 -6.205 1.225
30.03.1995 5.175 -6.202 1.224
31.03.1995 5.169 -6.199 1.222
01.04.1995 5.159 -6.197 1.221
02.04.1995 5.15 -6.195 1.22
03.04.1995 5.141 -6.192 1.22
04.04.1995 5.133 -6.19 1.219
05.04.1995 5.124 -6.186 1.218
06.04.1995 5.114 -6.184 1.216
07.04.1995 5.106 -6.182 1.216
08.04.1995 5.099 -6.179 1.215
09.04.1995 5.086 -6.176 1.214
10.04.1995 5.072 -6.173 1.213
11.04.1995 5.064 -6.172 1.211
12.04.1995 5.056 -6.169 1.21
13.04.1995 5.049 -6.166 1.209
14.04.1995 5.035 -6.164 1.208
15.04.1995 5.02 -6.162 1.207
16.04.1995 5.01 -6.159 1.206
17.04.1995 5.0 -6.158 1.205
18.04.1995 4.994 -6.156 1.204
19.04.1995 4.988 -6.154 1.203
20.04.1995 4.982 -6.152 1.202
21.04.1995 4.969 -6.15 1.201
22.04.1995 4.96 -6.148 1.2
23.04.1995 4.95 -6.147 1.199
24.04.1995 4.943 -6.144 1.198
25.04.1995 4.929 -6.143 1.197
26.04.1995 4.915 -6.14 1.197
27.04.1995 4.906 -6.139 1.195
28.04.1995 4.898 -6.137 1.194
29.04.1995 4.887 -6.136 1.193
30.04.1995 4.88 -6.133 1.192
01.05.1995 4.866 -6.131 1.192
02.05.1995 4.859 -6.128 1.191
03.05.1995 4.851 -6.127 1.19
04.05.1995 4.837 -6.124 1.19
05.05.1995 4.827 -6.122 1.188
06.05.1995 4.82 -6.121 1.187
07.05.1995 4.808 -6.12 1.187
08.05.1995 4.8 -6.117 1.186
09.05.1995 4.795 -6.115 1.185
10.05.1995 4.785 -6.113 1.184
11.05.1995 4.778 -6.11 1.183
12.05.1995 4.773 -6.107 1.182
13.05.1995 4.766 -6.106 1.18
14.05.1995 4.754 -6.104 1.18
15.05.1995 4.745 -6.102 1.179
16.05.1995 4.738 -6.1 1.178
17.05.1995 4.723 -6.098 1.177
18.05.1995 4.717 -6.095 1.176
19.05.1995 4.708 -6.094 1.175
20.05.1995 4.7 -6.092 1.175
21.05.1995 4.687 -6.091 1.173
22.05.1995 4.677 -6.088 1.172
23.05.1995 4.667 -6.086 1.171
24.05.1995 4.659 -6.084 1.17
25.05.1995 4.644 -6.082 1.169
26.05.1995 4.632 -6.08 1.168
27.05.1995 4.619 -6.078 1.167
28.05.1995 4.606 -6.076 1.166
29.05.1995 4.596 -6.073 1.165
30.05.1995 4.589 -6.07 1.164
31.05.1995 4.58 -6.068 1.163
01.06.1995 4.573 -6.066 1.162
02.06.1995 4.564 -6.065 1.161
03.06.1995 4.552 -6.064 1.16
04.06.1995 4.542 -6.063 1.159
05.06.1995 4.534 -6.06 1.157
06.06.1995 4.522 -6.058 1.156
07.06.1995 4.512 -6.056 1.156
08.06.1995 4.505 -6.054 1.155
09.06.1995 4.49 -6.052 1.154
10.06.1995 4.479 -6.051 1.152
11.06.1995 4.467 -6.05 1.151
12.06.1995 4.462 -6.049 1.15
13.06.1995 4.451 -6.047 1.149
14.06.1995 4.445 -6.046 1.148
15.06.1995 4.431 -6.044 1.147
16.06.1995 4.423 -6.041 1.147
17.06.1995 4.415 -6.04 1.146
18.06.1995 4.4 -6.039 1.145
19.06.1995 4.387 -6.037 1.144
20.06.1995 4.38 -6.034 1.143
21.06.1995 4.368 -6.033 1.142
22.06.1995 4.355 -6.031 1.141
23.06.1995 4.348 -6.03 1.141
24.06.1995 4.338 -6.028 1.14
25.06.1995 4.324 -6.025 1.139
26.06.1995 4.311 -6.022 1.138
27.06.1995 4.298 -6.02 1.137
28.06.1995 4.286 -6.019 1.136
29.06.1995 4.278 -6.017 1.135
30.06.1995 4.266 -6.015 1.134
01.07.1995 4.254 -6.013 1.132
02.07.1995 4.248 -6.011 1.132
03.07.1995 4.234 -6.008 1.131
04.07.1995 4.222 -6.007 1.13
05.07.1995 4.211 -6.005 1.129
06.07.1995 4.199 -6.004 1.128
07.07.1995 4.192 -6.001 1.127
08.07.1995 4.183 -6.0 1.126
09.07.1995 4.172 -5.998 1.125
10.07.1995 4.167 -5.995 1.124
11.07.1995 4.158 -5.994 1.123
12.07.1995 4.149 -5.991 1.122
13.07.1995 4.136 -5.989 1.121
14.07.1995 4.128 -5.987 1.12
15.07.1995 4.116 -5.986 1.119
16.07.1995 4.107 -5.984 1.118
17.07.1995 4.1 -5.982 1.117
18.07.1995 4.085 -5.979 1.116
19.07.1995 4.073 -5.976 1.114
20.07.1995 4.066 -5.974 1.113
21.07.1995 4.057 -5.971 1.112
22.07.1995 4.043 -5.968 1.111
23.07.1995 4.034 -5.966 1.111
24.07.1995 4.023 -5.964 1.11
25.07.1995 4.017 -5.962 1.11
26.07.1995 4.003 -5.96 1.109
27.07.1995 3.998 -5.957 1.107
28.07.1995 3.992 -5.956 1.106
29.07.1995 3.978 -5.954 1.105
30.07.1995 3.965 -5.951 1.104
31.07.1995 3.953 -5.949 1.103
01.08.1995 3.945 -5.948 1.102
02.08.1995 3.939 -5.946 1.101
03.08.1995 3.933 -5.944 1.099
04.08.1995 3.926 -5.943 1.098
05.08.1995 3.912 -5.94 1.097
06.08.1995 3.9 -5.938 1.096
07.08.1995 3.895 -5.936 1.095
08.08.1995 3.888 -5.934 1.094
09.08.1995 3.876 -5.932 1.093
10.08.1995 3.864 -5.931 1.092
11.08.1995 3.854 -5.93 1.091
12.08.1995 3.843 -5.928 1.09
13.08.1995 3.83 -5.926 1.088
14.08.1995 3.824 -5.924 1.087
15.08.1995 3.815 -5.923 1.086
16.08.1995 3.806 -5.921 1.085
17.08.1995 3.793 -5.92 1.083
18.08.1995 3.788 -5.919 1.082
19.08.1995 3.782 -5.916 1.081
20.08.1995 3.77 -5.914 1.08
21.08.1995 3.761 -5.912 1.079
22.08.1995 3.752 -5.91 1.078
23.08.1995 3.74 -5.908 1.076
24.08.1995 3.735 -5.906 1.075
25.08.1995 3.727 -5.905 1.074
26.08.1995 3.716 -5.903 1.073
27.08.1995 3.71 -5.901 1.072
28.08.1995 3.702 -5.899 1.071
29.08.1995 3.69 -5.897 1.07
30.08.1995 3.679 -5.895 1.069
31.08.1995 3.674 -5.894 1.068
01.09.1995 3.666 -5.892 1.067
02.09.1995 3.66 -5.891 1.066
03.09.1995 3.654 -5.889 1.065
04.09.1995 3.639 -5.888 1.064
05.09.1995 3.627 -5.887 1.063
06.09.1995 3.618 -5.885 1.062
07.09.1995 3.608 -5.884 1.061
08.09.1995 3.601 -5.882 1.061
09.09.1995 3.587 -5.88 1.06
10.09.1995 3.581 -5.877 1.059
11.09.1995 3.573 -5.876 1.058
12.09.1995 3.567 -5.874 1.057
13.09.1995 3.559 -5.872 1.056
14.09.1995 3.547 -5.87 1.056
15.09.1995 3.541 -5.869 1.054
16.09.1995 3.529 -5.867 1.053
17.09.1995 3.517 -5.865 1.052
18.09.1995 3.51 -5.863 1.052
19.09.1995 3.497 -5.861 1.051
20.09.1995 3.49 -5.859 1.05
21.09.1995 3.48 -5.856 1.049
22.09.1995 3.468 -5.854 1.048
23.09.1995 3.454 -5.852 1.047
24.09.1995 3.444 -5.851 1.046
25.09.1995 3.432 -5.849 1.045
26.09.1995 3.424 -5.847 1.044
27.09.1995 3.418 -5.846 1.042
28.09.1995 3.404 -5.844 1.041
29.09.1995 3.391 -5.842 1.041
30.09.1995 3.376 -5.84 1.04
01.10.1995 3.371 -5.838 1.039
02.10.1995 3.363 -5.835 1.038
03.10.1995 3.357 -5.834 1.037
04.10.1995 3.351 -5.833 1.036
05.10.1995 3.343 -5.832 1.035
06.10.1995 3.336 -5.829 1.034
07.10.1995 3.322 -5.827 1.033
08.10.1995 3.307 -5.826 1.031
09.10.1995 3.298 -5.824 1.031
10.10.1995 3.288 -5.823 1.03
11.10.1995 3.277 -5.822 1.028
12.10.1995 3.271 -5.82 1.028
13.10.1995 3.259 -5.818 1.026
14.10.1995 3.253 -5.816 1.025
15.10.1995 3.241 -5.814 1.025
16.10.1995 3.232 -5.813 1.024
17.10.1995 3.221 -5.811 1.023
18.10.1995 3.207 -5.809 1.022
19.10.1995 3.195 -5.808 1.021
20.10.1995 3.184 -5.806 1.02
21.10.1995 3.174 -5.804 1.019
22.10.1995 3.162 -5.802 1.018
23.10.1995 3.155 -5.8 1.017
24.10.1995 3.147 -5.798 1.016
25.10.1995 3.142 -5.796 1.015
26.10.1995 3.133 -5.794 1.014
27.10.1995 3.124 -5.792 1.013
28.10.1995 3.115 -5.79 1.012
29.10.1995 3.104 -5.788 1.011
30.10.1995 3.099 -5.787 1.01
31.10.1995 3.086 -5.786 1.009
01.11.1995 3.074 -5.784 1.008
02.11.1995 3.062 -5.783 1.007
03.11.1995 3.055 -5.781 1.006
04.11.1995 3.045 -5.78 1.005
05.11.1995 3.033 -5.779 1.003
06.11.1995 3.022 -5.778 1.003
07.11.1995 3.009 -5.775 1.002
08.11.1995 3.003 -5.774 1.001
09.11.1995 2.995 -5.773 1.0
10.11.1995 2.989 -5.771 0.999
11.11.1995 2.976 -5.769 0.998
12.11.1995 2.97 -5.767 0.997
13.11.1995 2.965 -5.765 0.996
14.11.1995 2.951 -5.763 0.995
15.11.1995 2.937 -5.761 0.994
16.11.1995 2.926 -5.76 0.994
17.11.1995 2.92 -5.759 0.992
18.11.1995 2.911 -5.758 0.991
19.11.1995 2.899 -5.756 0.99
20.11.1995 2.893 -5.754 0.99
21.11.1995 2.881 -5.753 0.989
22.11.1995 2.873 -5.752 0.988
23.11.1995 2.858 -5.751 0.987
24.11.1995 2.851 -5.749 0.985
25.11.1995 2.845 -5.748 0.984
26.11.1995 2.835 -5.746 0.983
27.11.1995 2.824 -5.743 0.982
28.11.1995 2.811 -5.742 0.981
29.11.1995 2.8 -5.74 0.98
30.11.1995 2.785 -5.738 0.979
01.12.1995 2.773 -5.735 0.977
02.12.1995 2.76 -5.734 0.977
03.12.1995 2.753 -5.733 0.975
04.12.1995 2.738 -5.731 0.974
05.12.1995 2.727 -5.729 0.973
06.12.1995 2.716 -5.728 0.972
07.12.1995 2.711 -5.725 0.971
08.12.1995 2.702 -5.724 0.969
09.12.1995 2.695 -5.723 0.969
10.12.1995 2.682 -5.721 0.967
11.12.1995 2.674 -5.72 0.967
12.12.1995 2.659 -5.718 0.966
13.12.1995 2.65 -5.716 0.965
14.12.1995 2.643 -5.714 0.963
15.12.1995 2.628 -5.712 0.963
16.12.1995 2.623 -5.711 0.962
17.12.1995 2.616 -5.71 0.961
18.12.1995 2.601 -5.709 0.961
19.12.1995 2.595 -5.707 0.96
20.12.1995 2.586 -5.705 0.959
21.12.1995 2.577 -5.703 0.958
22.12.1995 2.568 -5.702 0.956
23.12.1995 2.554 -5.7 0.955
24.12.1995 2.549 -5.698 0.954
25.12.1995 2.537 -5.696 0.953
26.12.1995 2.531 -5.694 0.951
27.12.1995 2.525 -5.693 0.951
28.12.1995 2.511 -5.692 0.949
29.12.1995 2.501 -5.69 0.948
30.12.1995 2.496 -5.689 0.947
31.12.1995 2.489 -5.687 0.946
01.01.1996 2.476 -5.686 0.946
02.01.1996 2.464 -5.683 0.945
03.01.1996 2.452 -5.681 0.944
04.01.1996 2.445 -5.68 0.942
05.01.1996 2.433 -5.679 0.942
06.01.1996 2.42 -5.677 0.941
07.01.1996 2.406 -5.675 0.94
08.01.1996 2.397 -5.673 0.939
09.01.1996 2.386 -5.672 0.939
10.01.1996 2.372 -5.671 0.938
11.01.1996 2.358 -5.67 0.937
12.01.1996 2.349 -5.667 0.936
13.01.1996 2.344 -5.665 0.935
14.01.1996 2.331 -5.664 0.934
15.01.1996 2.325 -5.662 0.933
16.01.1996 2.319 -5.66 0.931
17.01.1996 2.305 -5.659 0.93
18.01.1996 2.297 -5.658 0.929
19.01.1996 2.287 -5.656 0.929
20.01.1996 2.281 -5.654 0.928
21.01.1996 2.267 -5.652 0.926
22.01.1996 2.259 -5.65 0.925
23.01.1996 2.248 -5.648 0.924
24.01.1996 2.237 -5.646 0.923
25.01.1996 2.225 -5.644 0.922
26.01.1996 2.216 -5.642 0.921
27.01.1996 2.208 -5.64 0.92
28.01.1996 2.195 -5.639 0.919
29.01.1996 2.187 -5.637 0.918
30.01.1996 2.177 -5.636 0.918
31.01.1996 2.165 -5.634 0.917
01.02.1996 2.152 -5.632 0.916
02.02.1996 2.146 -5.631 0.916
03.02.1996 2.139 -5.629 0.915
04.02.1996 2.125 -5.628 0.914
05.02.1996 2.119 -5.626 0.913
06.02.1996 2.113 -5.625 0.912
07.02.1996 2.106 -5.624 0.911
08.02.1996 2.093 -5.622 0.911
09.02.1996 2.079 -5.62 0.91
10.02.1996 2.064 -5.618 0.909
11.02.1996 2.056 -5.617 0.908
12.02.1996 2.044 -5.615 0.907
13.02.1996 2.035 -5.614 0.906
14.02.1996 2.022 -5.613 0.905
15.02.1996 2.012 -5.612 0.904
16.02.1996 2.001 -5.61 0.903
17.02.1996 1.988 -5.608 0.903
18.02.1996 1.978 -5.607 0.901
19.02.1996 1.969 -5.606 0.901
20.02.1996 1.96 -5.604 0.9
21.02.1996 1.947 -5.604 0.898
22.02.1996 1.938 -5.602 0.897
23.02.1996 1.928 -5.6 0.896
24.02.1996 1.921 -5.599 0.895
25.02.1996 1.914 -5.597 0.894
26.02.1996 1.907 -5.596 0.893
27.02.1996 1.899 -5.595 0.892
28.02.1996 1.888 -5.593 0.891
29.02.1996 1.876 -5.592 0.891
01.03.1996 1.867 -5.591 0.89
02.03.1996 1.853 -5.59 0.889
03.03.1996 1.843 -5.588 0.887
04.03.1996 1.835 -5.587 0.887
05.03.1996 1.823 -5.586 0.886
06.03.1996 1.814 -5.584 0.885
07.03.1996 1.801 -5.583 0.883
08.03.1996 1.789 -5.582 0.882
09.03.1996 1.776 -5.58 0.881
10.03.1996 1.761 -5.579 0.879
11.03.1996 1.754 -5.578 0.878
12.03.1996 1.744 -5.577 0.878
13.03.1996 1.735 -5.575 0.877
14.03.1996 1.722 -5.574 0.876
15.03.1996 1.71 -5.572 0.875
16.03.1996 1.704 -5.571 0.874
17.03.1996 1.698 -5.569 0.873
18.03.1996 1.693 -5.568 0.872
19.03.1996 1.686 -5.566 0.872
20.03.1996 1.678 -5.564 0.87
21.03.1996 1.673 -5.563 0.869
22.03.1996 1.664 -5.562 0.869
23.03.1996 1.658 -5.56 0.868
24.03.1996 1.646 -5.558 0.867
25.03.1996 1.632 -5.556 0.866
26.03.1996 1.627 -5.555 0.865
27.03.1996 1.621 -5.553 0.865
28.03.1996 1.607 -5.552 0.864
29.03.1996 1.598 -5.549 0.862
30.03.1996 1.591 -5.548 0.861
31.03.1996 1.584 -5.546 0.86
01.04.1996 1.579 -5.544 0.859
02.04.1996 1.57 -5.543 0.858
03.04.1996 1.559 -5.541 0.857
04.04.1996 1.551 -5.539 0.855
05.04.1996 1.539 -5.538 0.855
06.04.1996 1.532 -5.536 0.853
07.04.1996 1.521 -5.534 0.852
08.04.1996 1.507 -5.532 0.851
09.04.1996 1.496 -5.531 0.85
10.04.1996 1.481 -5.529 0.85
11.04.1996 1.471 -5.528 0.849
12.04.1996 1.457 -5.527 0.848
13.04.1996 1.445 -5.526 0.847
14.04.1996 1.439 -5.524 0.846
15.04.1996 1.432 -5.522 0.845
16.04.1996 1.424 -5.521 0.844
17.04.1996 1.413 -5.52 0.842
18.04.1996 1.404 -5.519 0.842
19.04.1996 1.391 -5.518 0.841
20.04.1996 1.377 -5.516 0.84
21.04.1996 1.37 -5.515 0.839
22.04.1996 1.355 -5.513 0.838
23.04.1996 1.348 -5.512 0.836
24.04.1996 1.342 -5.51 0.836
25.04.1996 1.337 -5.509 0.834
26.04.1996 1.323 -5.509 0.834
27.04.1996 1.313 -5.506 0.832
28.04.1996 1.306 -5.505 0.831
29.04.1996 1.291 -5.504 0.83
30.04.1996 1.281 -5.503 0.829
01.05.1996 1.273 -5.501 0.828
02.05.1996 1.261 -5.499 0.827
03.05.1996 1.254 -5.498 0.826
04.05.1996 1.243 -5.497 0.825
05.05.1996 1.232 -5.495 0.824
06.05.1996 1.223 -5.493 0.823
07.05.1996 1.21 -5.492 0.822
08.05.1996 1.196 -5.49 0.821
09.05.1996 1.186 -5.488 0.82
10.05.1996 1.172 -5.486 0.819
11.05.1996 1.158 -5.485 0.818
12.05.1996 1.146 -5.484 0.817
13.05.1996 1.14 -5.482 0.816
14.05.1996 1.133 -5.481 0.816
15.05.1996 1.126 -5.479 0.815
16.05.1996 1.113 -5.477 0.813
17.05.1996 1.108 -5.475 0.812
18.05.1996 1.102 -5.473 0.811
19.05.1996 1.09 -5.472 0.81
20.05.1996 1.084 -5.471 0.809
21.05.1996 1.075 -5.469 0.808
22.05.1996 1.067 -5.467 0.807
23.05.1996 1.06 -5.466 0.805
24.05.1996 1.052 -5.465 0.804
25.05.1996 1.045 -5.463 0.803
26.05.1996 1.034 -5.462 0.802
27.05.1996 1.027 -5.459 0.801
28.05.1996 1.018 -5.458 0.8
29.05.1996 1.007 -5.456 0.799
30.05.1996 0.994 -5.454 0.798
31.05.1996 0.983 -5.452 0.798
01.06.1996 0.969 -5.451 0.797
02.06.1996 0.954 -5.45 0.795
03.06.1996 0.939 -5.448 0.794
04.06.1996 0.933 -5.446 0.794
05.06.1996 0.921 -5.444 0.793
06.06.1996 0.906 -5.442 0.793
07.06.1996 0.898 -5.44 0.792
08.06.1996 0.889 -5.438 0.791
09.06.1996 0.881 -5.437 0.789
10.06.1996 0.868 -5.436 0.788
11.06.1996 0.859 -5.434 0.788
12.06.1996 0.848 -5.433 0.787
13.06.1996 0.839 -5.431 0.786
14.06.1996 0.833 -5.43 0.785
15.06.1996 0.82 -5.428 0.784
16.06.1996 0.808 -5.427 0.784
17.06.1996 0.798 -5.426 0.782
18.06.1996 0.783 -5.424 0.782
19.06.1996 0.774 -5.423 0.78
20.06.1996 0.764 -5.421 0.779
21.06.1996 0.751 -5.418 0.778
22.06.1996 0.745 -5.417 0.778
23.06.1996 0.733 -5.415 0.777
24.06.1996 0.725 -5.413 0.776
25.06.1996 0.712 -5.411 0.775
26.06.1996 0.705 -5.41 0.774
27.06.1996 0.693 -5.409 0.773
28.06.1996 0.685 -5.407 0.772
29.06.1996 0.67 -5.406 0.771
30.06.1996 0.656 -5.405 0.771
01.07.1996 0.648 -5.403 0.77
02.07.1996 0.64 -5.401 0.769
03.07.1996 0.628 -5.399 0.767
04.07.1996 0.615 -5.398 0.766
05.07.1996 0.6 -5.396 0.766
06.07.1996 0.594 -5.395 0.765
07.07.1996 0.584 -5.393 0.764
08.07.1996 0.574 -5.391 0.763
09.07.1996 0.564 -5.39 0.762
10.07.1996 0.556 -5.388 0.761
11.07.1996 0.543 -5.387 0.76
12.07.1996 0.53 -5.385 0.759
13.07.1996 0.52 -5.383 0.757
14.07.1996 0.514 -5.381 0.756
15.07.1996 0.507 -5.38 0.755
16.07.1996 0.495 -5.378 0.754
17.07.1996 0.484 -5.376 0.753
18.07.1996 0.47 -5.374 0.752
19.07.1996 0.457 -5.374 0.751
20.07.1996 0.45 -5.372 0.75
21.07.1996 0.445 -5.37 0.749
22.07.1996 0.44 -5.368 0.748
23.07.1996 0.431 -5.367 0.747
24.07.1996 0.422 -5.365 0.745
25.07.1996 0.416 -5.364 0.744
26.07.1996 0.409 -5.363 0.744
27.07.1996 0.395 -5.362 0.743
28.07.1996 0.389 -5.36 0.742
29.07.1996 0.38 -5.358 0.741
30.07.1996 0.368 -5.356 0.739
31.07.1996 0.354 -5.354 0.738
01.08.1996 0.343 -5.352 0.737
02.08.1996 0.334 -5.35 0.736
03.08.1996 0.324 -5.348 0.735
04.08.1996 0.314 -5.347 0.734
05.08.1996 0.308 -5.346 0.733
06.08.1996 0.299 -5.345 0.732
07.08.1996 0.286 -5.344 0.73
08.08.1996 0.278 -5.343 0.729
09.08.1996 0.266 -5.342 0.728
10.08.1996 0.259 -5.341 0.727
11.08.1996 0.251 -5.34 0.726
12.08.1996 0.245 -5.339 0.725
13.08.1996 0.235 -5.338 0.724
14.08.1996 0.228 -5.337 0.723
15.08.1996 0.221 -5.335 0.722
16.08.1996 0.212 -5.334 0.721
17.08.1996 0.203 -5.332 0.72
18.08.1996 0.19 -5.331 0.719
19.08.1996 0.18 -5.33 0.718
20.08.1996 0.17 -5.328 0.717
21.08.1996 0.162 -5.326 0.715
22.08.1996 0.15 -5.325 0.714
23.08.1996 0.142 -5.324 0.714
24.08.1996 0.137 -5.323 0.712
25.08.1996 0.123 -5.322 0.712
26.08.1996 0.114 -5.32 0.711
27.08.1996 0.101 -5.318 0.71
28.08.1996 0.091 -5.317 0.709
29.08.1996 0.083 -5.315 0.707
30.08.1996 0.077 -5.313 0.707
31.08.1996 0.067 -5.312 0.706
01.09.1996 0.062 -5.31 0.705
02.09.1996 0.048 -5.308 0.704
03.09.1996 0.04 -5.307 0.703
04.09.1996 0.028 -5.306 0.702
05.09.1996 0.016 -5.304 0.701
06.09.1996 0.004 -5.302 0.7
