25.11.1984 6.402 -6.864 1.401
26.11.1984 6.39 -6.857 1.4
27.11.1984 6.383 -6.85 1.399
28.11.1984 6.376 -6.84 1.397
29.11.1984 6.37 -6.83 1.396
30.11.1984 6.358 -6.825 1.395
01.12.1984 6.348 -6.82 1.394
02.12.1984 6.338 -6.812 1.393
03.12.1984 6.333 -6.805 1.392
04.12.1984 6.328 -6.798 1.39
05.12.1984 6.316 -6.792 1.39
06.12.1984 6.309 -6.788 1.388
07.12.1984 6.3 -6.784 1.387
08.12.1984 6.293 -6.779 1.386
09.12.1984 6.284 -6.776 1.385
10.12.1984 6.278 -6.77 1.384
11.12.1984 6.27 -6.765 1.383
12.12.1984 6.263 -6.762 1.381
13.12.1984 6.253 -6.756 1.38
14.12.1984 6.243 -6.751 1.379
15.12.1984 6.228 -6.747 1.378
16.12.1984 6.215 -6.742 1.377
17.12.1984 6.207 -6.737 1.376
18.12.1984 6.194 -6.733 1.375
19.12.1984 6.182 -6.729 1.374
20.12.1984 6.167 -6.724 1.373
21.12.1984 6.16 -6.721 1.372
22.12.1984 6.155 -6.717 1.37
23.12.1984 6.143 -6.712 1.369
24.12.1984 6.132 -6.707 1.368
25.12.1984 6.123 -6.703 1.367
26.12.1984 6.111 -6.698 1.365
27.12.1984 6.104 -6.695 1.364
28.12.1984 6.097 -6.692 1.363
29.12.1984 6.092 -6.689 1.362
30.12.1984 6.078 -6.684 1.361
31.12.1984 6.072 -6.682 1.36
01.01.1985 6.066 -6.678 1.358
02.01.1985 6.057 -6.676 1.358
03.01.1985 6.049 -6.671 1.356
04.01.1985 6.044 -6.668 1.356
05.01.1985 6.029 -6.665 1.355
06.01.1985 6.021 -6.661 1.354
07.01.1985 6.013 -6.658 1.353
08.01.1985 6.008 -6.655 1.353
09.01.1985 6.001 -6.651 1.352
10.01.1985 5.995 -6.646 1.351
11.01.1985 5.988 -6.644 1.349
12.01.1985 5.976 -6.641 1.348
13.01.1985 5.965 -6.64 1.348
14.01.1985 5.952 -6.636 1.346
15.01.1985 5.945 -6.633 1.346
16.01.1985 5.934 -6.631 1.344
17.01.1985 5.923 -6.627 1.343
18.01.1985 5.912 -6.625 1.343
19.01.1985 5.904 -6.622 1.342
20.01.1985 5.894 -6.62 1.34
21.01.1985 5.887 -6.616 1.339
22.01.1985 5.874 -6.613 1.338
23.01.1985 5.866 -6.61 1.338
24.01.1985 5.86 -6.607 1.336
25.01.1985 5.854 -6.603 1.335
26.01.1985 5.848 -6.6 1.334
27.01.1985 5.837 -6.597 1.334
28.01.1985 5.826 -6.595 1.333
29.01.1985 5.818 -6.592 1.332
30.01.1985 5.813 -6.589 1.331
31.01.1985 5.802 -6.587 1.33
01.02.1985 5.789 -6.585 1.329
02.02.1985 5.783 -6.582 1.328
03.02.1985 5.771 -6.578 1.328
04.02.1985 5.757 -6.575 1.327
05.02.1985 5.75 -6.572 1.325
06.02.1985 5.743 -6.57 1.325
07.02.1985 5.731 -6.566 1.324
08.02.1985 5.722 -6.565 1.323
09.02.1985 5.716 -6.563 1.322
10.02.1985 5.707 -6.559 1.321
11.02.1985 5.702 -6.556 1.32
12.02.1985 5.697 -6.554 1.319
13.02.1985 5.691 -6.55 1.318
14.02.1985 5.678 -6.546 1.317
15.02.1985 5.671 -6.545 1.316
16.02.1985 5.662 -6.543 1.316
17.02.1985 5.65 -6.54 1.315
18.02.1985 5.636 -6.537 1.314
19.02.1985 5.63 -6.534 1.313
20.02.1985 5.618 -6.532 1.312
21.02.1985 5.613 -6.53 1.311
22.02.1985 5.604 -6.527 1.311
23.02.1985 5.596 -6.524 1.309
24.02.1985 5.584 -6.521 1.309
25.02.1985 5.571 -6.518 1.308
26.02.1985 5.561 -6.515 1.306
27.02.1985 5.554 -6.514 1.305
28.02.1985 5.547 -6.512 1.304
01.03.1985 5.533 -6.509 1.303
02.03.1985 5.522 -6.506 1.303
03.03.1985 5.512 -6.505 1.301
04.03.1985 5.507 -6.501 1.301
05.03.1985 5.492 -6.499 1.3
06.03.1985 5.478 -6.496 1.299
07.03.1985 5.47 -6.494 1.298
08.03.1985 5.455 -6.492 1.297
09.03.1985 5.45 -6.491 1.296
10.03.1985 5.442 -6.49 1.295
11.03.1985 5.431 -6.488 1.294
12.03.1985 5.419 -6.487 1.293
13.03.1985 5.409 -6.484 1.292
14.03.1985 5.396 -6.481 1.291
15.03.1985 5.386 -6.479 1.29
16.03.1985 5.372 -6.476 1.289
17.03.1985 5.364 -6.473 1.289
18.03.1985 5.35 -6.471 1.288
19.03.1985 5.335 -6.469 1.288
20.03.1985 5.328 -6.466 1.287
21.03.1985 5.32 -6.462 1.286
22.03.1985 5.308 -6.46 1.286
23.03.1985 5.3 -6.458 1.285
24.03.1985 5.289 -6.455 1.284
25.03.1985 5.278 -6.453 1.283
26.03.1985 5.268 -6.451 1.282
27.03.1985 5.254 -6.448 1.281
28.03.1985 5.24 -6.446 1.28
29.03.1985 5.232 -6.445 1.279
30.03.1985 5.224 -6.441 1.278
31.03.1985 5.211 -6.438 1.277
01.04.1985 5.202 -6.436 1.276
02.04.1985 5.191 -6.434 1.275
03.04.1985 5.186 -6.432 1.274
04.04.1985 5.176 -6.429 1.273
05.04.1985 5.168 -6.427 1.272
06.04.1985 5.161 -6.425 1.271
07.04.1985 5.148 -6.422 1.27
08.04.1985 5.143 -6.42 1.27
09.04.1985 5.136 -6.418 1.269
10.04.1985 5.131 -6.415 1.267
11.04.1985 5.124 -6.412 1.266
12.04.1985 5.115 -6.41 1.266
13.04.1985 5.108 -6.406 1.264
14.04.1985 5.103 -6.404 1.263
15.04.1985 5.088 -6.402 1.262
16.04.1985 5.079 -6.4 1.261
17.04.1985 5.07 -6.397 1.26
18.04.1985 5.06 -6.394 1.258
19.04.1985 5.047 -6.393 1.257
20.04.1985 5.039 -6.39 1.257
21.04.1985 5.029 -6.388 1.255
22.04.1985 5.015 -6.386 1.254
23.04.1985 5.009 -6.383 1.254
24.04.1985 4.998 -6.381 1.253
25.04.1985 4.993 -6.378 1.252
26.04.1985 4.987 -6.375 1.252
27.04.1985 4.979 -6.373 1.25
28.04.1985 4.971 -6.37 1.25
29.04.1985 4.957 -6.368 1.249
30.04.1985 4.943 -6.366 1.248
01.05.1985 4.93 -6.364 1.247
02.05.1985 4.924 -6.361 1.246
03.05.1985 4.912 -6.358 1.245
04.05.1985 4.898 -6.355 1.244
05.05.1985 4.887 -6.353 1.243
06.05.1985 4.876 -6.352 1.241
07.05.1985 4.867 -6.35 1.24
08.05.1985 4.86 -6.348 1.239
09.05.1985 4.85 -6.346 1.238
10.05.1985 4.839 -6.345 1.237
11.05.1985 4.829 -6.342 1.236
12.05.1985 4.821 -6.338 1.235
13.05.1985 4.816 -6.336 1.234
14.05.1985 4.805 -6.335 1.233
15.05.1985 4.791 -6.333 1.232
16.05.1985 4.777 -6.33 1.231
17.05.1985 4.771 -6.328 1.23
18.05.1985 4.762 -6.326 1.228
19.05.1985 4.751 -6.325 1.227
20.05.1985 4.736 -6.322 1.226
21.05.1985 4.73 -6.321 1.225
22.05.1985 4.718 -6.318 1.224
23.05.1985 4.708 -6.316 1.223
24.05.1985 4.694 -6.314 1.222
25.05.1985 4.68 -6.313 1.221
26.05.1985 4.672 -6.311 1.22
27.05.1985 4.662 -6.309 1.219
28.05.1985 4.653 -6.306 1.218
29.05.1985 4.641 -6.303 1.217
30.05.1985 4.63 -6.302 1.216
31.05.1985 4.619 -6.299 1.215
01.06.1985 4.611 -6.297 1.214
02.06.1985 4.602 -6.295 1.213
03.06.1985 4.592 -6.293 1.212
04.06.1985 4.582 -6.29 1.211
05.06.1985 4.573 -6.288 1.21
06.06.1985 4.565 -6.286 1.209
07.06.1985 4.552 -6.285 1.208
08.06.1985 4.546 -6.283 1.207
09.06.1985 4.531 -6.282 1.206
10.06.1985 4.521 -6.28 1.205
11.06.1985 4.507 -6.278 1.204
12.06.1985 4.496 -6.277 1.204
13.06.1985 4.491 -6.276 1.203
14.06.1985 4.479 -6.275 1.202
15.06.1985 4.467 -6.273 1.201
16.06.1985 4.458 -6.27 1.2
17.06.1985 4.449 -6.268 1.199
18.06.1985 4.444 -6.266 1.198
19.06.1985 4.437 -6.264 1.197
20.06.1985 4.432 -6.261 1.195
21.06.1985 4.42 -6.26 1.194
22.06.1985 4.41 -6.257 1.194
23.06.1985 4.401 -6.254 1.193
24.06.1985 4.393 -6.252 1.192
25.06.1985 4.382 -6.25 1.19
26.06.1985 4.369 -6.248 1.189
27.06.1985 4.356 -6.245 1.188
28.06.1985 4.345 -6.243 1.187
29.06.1985 4.335 -6.241 1.186
30.06.1985 4.329 -6.239 1.185
01.07.1985 4.316 -6.237 1.183
02.07.1985 4.309 -6.236 1.182
03.07.1985 4.298 -6.233 1.181
04.07.1985 4.288 -6.231 1.18
05.07.1985 4.278 -6.228 1.178
06.07.1985 4.269 -6.227 1.178
07.07.1985 4.257 -6.225 1.177
08.07.1985 4.251 -6.223 1.176
09.07.1985 4.243 -6.22 1.175
10.07.1985 4.231 -6.219 1.175
11.07.1985 4.222 -6.216 1.173
12.07.1985 4.214 -6.213 1.172
13.07.1985 4.203 -6.21 1.17
14.07.1985 4.19 -6.208 1.169
15.07.1985 4.182 -6.207 1.169
16.07.1985 4.169 -6.205 1.167
17.07.1985 4.164 -6.204 1.167
18.07.1985 4.152 -6.203 1.166
19.07.1985 4.146 -6.201 1.165
20.07.1985 4.134 -6.198 1.163
21.07.1985 4.122 -6.197 1.163
22.07.1985 4.114 -6.194 1.162
23.07.1985 4.105 -6.193 1.16
24.07.1985 4.093 -6.191 1.159
25.07.1985 4.086 -6.19 1.158
26.07.1985 4.079 -6.188 1.158
27.07.1985 4.07 -6.186 1.157
28.07.1985 4.059 -6.185 1.156
29.07.1985 4.053 -6.184 1.155
30.07.1985 4.039 -6.183 1.153
31.07.1985 4.032 -6.18 1.153
01.08.1985 4.02 -6.179 1.151
02.08.1985 4.006 -6.177 1.15
03.08.1985 3.999 -6.176 1.149
04.08.1985 3.988 -6.174 1.148
05.08.1985 3.981 -6.171 1.147
06.08.1985 3.97 -6.17 1.146
07.08.1985 3.958 -6.168 1.145
08.08.1985 3.945 -6.166 1.144
09.08.1985 3.938 -6.164 1.143
10.08.1985 3.927 -6.162 1.143
11.08.1985 3.916 -6.16 1.142
12.08.1985 3.907 -6.158 1.141
13.08.1985 3.897 -6.155 1.14
14.08.1985 3.885 -6.154 1.139
15.08.1985 3.875 -6.152 1.138
16.08.1985 3.863 -6.151 1.137
17.08.1985 3.85 -6.149 1.136
18.08.1985 3.842 -6.146 1.135
19.08.1985 3.834 -6.145 1.134
20.08.1985 3.827 -6.144 1.133
21.08.1985 3.82 -6.142 1.132
22.08.1985 3.81 -6.14 1.131
23.08.1985 3.799 -6.138 1.129
24.08.1985 3.794 -6.137 1.129
25.08.1985 3.788 -6.136 1.127
26.08.1985 3.783 -6.134 1.126
27.08.1985 3.774 -6.132 1.125
28.08.1985 3.767 -6.129 1.124
29.08.1985 3.759 -6.128 1.124
30.08.1985 3.752 -6.127 1.123
31.08.1985 3.738 -6.125 1.122
01.09.1985 3.724 -6.124 1.121
02.09.1985 3.711 -6.122 1.12
03.09.1985 3.7 -6.121 1.119
04.09.1985 3.69 -6.12 1.118
05.09.1985 3.683 -6.117 1.117
06.09.1985 3.671 -6.115 1.117
07.09.1985 3.662 -6.113 1.116
08.09.1985 3.652 -6.111 1.115
09.09.1985 3.641 -6.11 1.114
10.09.1985 3.63 -6.107 1.112
11.09.1985 3.62 -6.106 1.111
12.09.1985 3.614 -6.104 1.11
13.09.1985 3.605 -6.103 1.109
14.09.1985 3.6 -6.101 1.108
15.09.1985 3.595 -6.1 1.107
16.09.1985 3.589 -6.098 1.106
17.09.1985 3.58 -6.096 1.105
18.09.1985 3.568 -6.094 1.104
19.09.1985 3.562 -6.092 1.103
20.09.1985 3.557 -6.09 1.102
21.09.1985 3.548 -6.089 1.1
22.09.1985 3.536 -6.088 1.099
23.09.1985 3.527 -6.086 1.098
24.09.1985 3.522 -6.084 1.096
25.09.1985 3.507 -6.083 1.095
26.09.1985 3.497 -6.082 1.094
27.09.1985 3.488 -6.08 1.092
28.09.1985 3.482 -6.079 1.091
29.09.1985 3.475 -6.077 1.09
30.09.1985 3.469 -6.076 1.089
01.10.1985 3.459 -6.074 1.088
02.10.1985 3.45 -6.072 1.087
03.10.1985 3.439 -6.07 1.086
04.10.1985 3.427 -6.068 1.085
05.10.1985 3.415 -6.066 1.084
06.10.1985 3.405 -6.065 1.083
07.10.1985 3.392 -6.064 1.082
08.10.1985 3.38 -6.063 1.081
09.10.1985 3.373 -6.06 1.08
10.10.1985 3.361 -6.058 1.079
11.10.1985 3.347 -6.055 1.079
12.10.1985 3.336 -6.054 1.078
13.10.1985 3.325 -6.052 1.077
14.10.1985 3.317 -6.05 1.077
15.10.1985 3.307 -6.047 1.076
16.10.1985 3.296 -6.045 1.075
17.10.1985 3.29 -6.043 1.073
18.10.1985 3.276 -6.04 1.072
19.10.1985 3.27 -6.038 1.071
20.10.1985 3.263 -6.036 1.07
21.10.1985 3.254 -6.035 1.069
22.10.1985 3.248 -6.034 1.068
23.10.1985 3.238 -6.032 1.067
24.10.1985 3.226 -6.031 1.066
25.10.1985 3.216 -6.029 1.065
26.10.1985 3.206 -6.027 1.064
27.10.1985 3.198 -6.026 1.063
28.10.1985 3.184 -6.024 1.062
29.10.1985 3.175 -6.022 1.061
30.10.1985 3.161 -6.02 1.06
31.10.1985 3.155 -6.018 1.059
01.11.1985 3.149 -6.017 1.058
02.11.1985 3.137 -6.015 1.057
03.11.1985 3.123 -6.013 1.057
04.11.1985 3.113 -6.011 1.056
05.11.1985 3.102 -6.01 1.055
06.11.1985 3.094 -6.008 1.053
07.11.1985 3.081 -6.006 1.052
08.11.1985 3.072 -6.005 1.052
09.11.1985 3.064 -6.002 1.051
10.11.1985 3.057 -6.0 1.05
11.11.1985 3.052 -5.998 1.049
12.11.1985 3.046 -5.997 1.048
13.11.1985 3.037 -5.995 1.046
14.11.1985 3.031 -5.994 1.045
15.11.1985 3.019 -5.991 1.044
16.11.1985 3.004 -5.99 1.043
17.11.1985 2.99 -5.987 1.042
18.11.1985 2.98 -5.985 1.041
19.11.1985 2.969 -5.984 1.04
20.11.1985 2.961 -5.982 1.04
21.11.1985 2.951 -5.981 1.039
22.11.1985 2.938 -5.98 1.038
23.11.1985 2.931 -5.978 1.037
24.11.1985 2.919 -5.976 1.036
25.11.1985 2.912 -5.975 1.035
26.11.1985 2.898 -5.973 1.034
27.11.1985 2.885 -5.971 1.033
28.11.1985 2.874 -5.969 1.032
29.11.1985 2.863 -5.967 1.031
30.11.1985 2.855 -5.966 1.03
01.12.1985 2.841 -5.964 1.028
02.12.1985 2.832 -5.962 1.028
03.12.1985 2.817 -5.96 1.027
04.12.1985 2.808 -5.958 1.026
05.12.1985 2.798 -5.956 1.025
06.12.1985 2.789 -5.954 1.024
07.12.1985 2.781 -5.953 1.024
08.12.1985 2.767 -5.952 1.023
09.12.1985 2.756 -5.95 1.022
10.12.1985 2.748 -5.948 1.021
11.12.1985 2.735 -5.947 1.02
12.12.1985 2.727 -5.945 1.019
13.12.1985 2.712 -5.943 1.018
14.12.1985 2.7 -5.942 1.017
15.12.1985 2.694 -5.94 1.016
16.12.1985 2.683 -5.938 1.016
17.12.1985 2.674 -5.937 1.015
18.12.1985 2.667 -5.935 1.013
19.12.1985 2.657 -5.934 1.012
20.12.1985 2.644 -5.932 1.011
21.12.1985 2.636 -5.93 1.01
22.12.1985 2.627 -5.929 1.009
23.12.1985 2.62 -5.927 1.008
24.12.1985 2.606 -5.926 1.007
25.12.1985 2.599 -5.924 1.006
26.12.1985 2.586 -5.921 1.005
27.12.1985 2.573 -5.92 1.004
28.12.1985 2.56 -5.918 1.003
29.12.1985 2.549 -5.916 1.003
30.12.1985 2.54 -5.915 1.002
31.12.1985 2.534 -5.913 1.002
01.01.1986 2.523 -5.911 1.001
02.01.1986 2.509 -5.91 1.0
03.01.1986 2.501 -5.909 0.999
04.01.1986 2.487 -5.907 0.998
05.01.1986 2.476 -5.905 0.997
06.01.1986 2.468 -5.903 0.995
07.01.1986 2.462 -5.902 0.994
08.01.1986 2.456 -5.899 0.994
09.01.1986 2.443 -5.898 0.993
10.01.1986 2.434 -5.896 0.993
11.01.1986 2.424 -5.895 0.992
12.01.1986 2.412 -5.893 0.99
13.01.1986 2.399 -5.892 0.989
14.01.1986 2.393 -5.89 0.988
15.01.1986 2.385 -5.888 0.987
16.01.1986 2.375 -5.887 0.986
17.01.1986 2.366 -5.885 0.985
18.01.1986 2.352 -5.882 0.985
19.01.1986 2.338 -5.881 0.984
20.01.1986 2.331 -5.878 0.983
21.01.1986 2.322 -5.876 0.982
22.01.1986 2.31 -5.874 0.981
23.01.1986 2.297 -5.873 0.98
24.01.1986 2.285 -5.872 0.979
25.01.1986 2.271 -5.87 0.977
26.01.1986 2.256 -5.869 0.976
27.01.1986 2.251 -5.867 0.976
28.01.1986 2.245 -5.866 0.975
29.01.1986 2.234 -5.865 0.974
30.01.1986 2.219 -5.864 0.972
31.01.1986 2.206 -5.862 0.971
01.02.1986 2.194 -5.86 0.97
02.02.1986 2.18 -5.859 0.969
03.02.1986 2.17 -5.858 0.969
04.02.1986 2.161 -5.856 0.968
05.02.1986 2.146 -5.853 0.967
06.02.1986 2.132 -5.852 0.965
07.02.1986 2.125 -5.85 0.964
08.02.1986 2.113 -5.848 0.963
09.02.1986 2.102 -5.846 0.963
10.02.1986 2.09 -5.844 0.962
11.02.1986 2.085 -5.842 0.962
12.02.1986 2.072 -5.842 0.96
13.02.1986 2.061 -5.84 0.96
14.02.1986 2.048 -5.84 0.959
15.02.1986 2.043 -5.838 0.958
16.02.1986 2.028 -5.838 0.957
17.02.1986 2.014 -5.835 0.957
18.02.1986 2.001 -5.834 0.956
19.02.1986 1.987 -5.832 0.955
20.02.1986 1.977 -5.83 0.954
21.02.1986 1.962 -5.829 0.952
22.02.1986 1.952 -5.827 0.951
23.02.1986 1.938 -5.826 0.95
24.02.1986 1.925 -5.823 0.949
25.02.1986 1.91 -5.822 0.948
26.02.1986 1.904 -5.82 0.947
27.02.1986 1.891 -5.819 0.946
28.02.1986 1.879 -5.817 0.945
01.03.1986 1.871 -5.816 0.944
02.03.1986 1.864 -5.814 0.943
03.03.1986 1.854 -5.812 0.942
04.03.1986 1.84 -5.811 0.941
05.03.1986 1.833 -5.809 0.94
06.03.1986 1.826 -5.807 0.939
07.03.1986 1.814 -5.806 0.937
08.03.1986 1.808 -5.805 0.937
09.03.1986 1.795 -5.803 0.936
10.03.1986 1.781 -5.802 0.936
11.03.1986 1.772 -5.8 0.934
12.03.1986 1.765 -5.798 0.933
13.03.1986 1.759 -5.797 0.933
14.03.1986 1.75 -5.795 0.931
15.03.1986 1.74 -5.793 0.93
16.03.1986 1.727 -5.792 0.929
17.03.1986 1.715 -5.789 0.928
18.03.1986 1.706 -5.787 0.927
19.03.1986 1.698 -5.786 0.927
20.03.1986 1.689 -5.785 0.926
21.03.1986 1.679 -5.784 0.925
22.03.1986 1.669 -5.782 0.924
23.03.1986 1.656 -5.781 0.924
24.03.1986 1.645 -5.779 0.922
25.03.1986 1.631 -5.777 0.921
26.03.1986 1.621 -5.775 0.921
27.03.1986 1.61 -5.774 0.92
28.03.1986 1.604 -5.773 0.919
29.03.1986 1.593 -5.772 0.918
30.03.1986 1.581 -5.77 0.917
31.03.1986 1.575 -5.769 0.916
01.04.1986 1.569 -5.767 0.915
02.04.1986 1.56 -5.765 0.915
03.04.1986 1.553 -5.763 0.913
04.04.1986 1.548 -5.762 0.912
05.04.1986 1.537 -5.761 0.911
06.04.1986 1.524 -5.76 0.911
07.04.1986 1.514 -5.758 0.909
08.04.1986 1.509 -5.757 0.909
09.04.1986 1.5 -5.756 0.908
10.04.1986 1.489 -5.754 0.907
11.04.1986 1.475 -5.753 0.906
12.04.1986 1.465 -5.751 0.906
13.04.1986 1.456 -5.749 0.905
14.04.1986 1.444 -5.748 0.904
15.04.1986 1.434 -5.746 0.903
16.04.1986 1.426 -5.745 0.901
17.04.1986 1.416 -5.743 0.901
18.04.1986 1.402 -5.742 0.9
19.04.1986 1.395 -5.741 0.899
20.04.1986 1.384 -5.739 0.898
21.04.1986 1.375 -5.738 0.896
22.04.1986 1.361 -5.737 0.896
23.04.1986 1.355 -5.735 0.894
24.04.1986 1.35 -5.733 0.893
25.04.1986 1.344 -5.732 0.892
26.04.1986 1.33 -5.73 0.891
27.04.1986 1.324 -5.728 0.89
28.04.1986 1.312 -5.726 0.889
29.04.1986 1.3 -5.725 0.888
30.04.1986 1.295 -5.724 0.887
01.05.1986 1.287 -5.723 0.886
02.05.1986 1.275 -5.721 0.885
03.05.1986 1.268 -5.719 0.884
04.05.1986 1.254 -5.717 0.883
05.05.1986 1.241 -5.715 0.882
06.05.1986 1.235 -5.714 0.881
07.05.1986 1.227 -5.712 0.88
08.05.1986 1.22 -5.71 0.879
09.05.1986 1.212 -5.71 0.878
10.05.1986 1.2 -5.708 0.877
11.05.1986 1.192 -5.706 0.875
12.05.1986 1.181 -5.705 0.875
13.05.1986 1.17 -5.703 0.873
14.05.1986 1.165 -5.701 0.873
15.05.1986 1.154 -5.7 0.871
16.05.1986 1.143 -5.699 0.87
17.05.1986 1.133 -5.697 0.869
18.05.1986 1.123 -5.696 0.869
19.05.1986 1.118 -5.694 0.868
20.05.1986 1.109 -5.693 0.867
21.05.1986 1.1 -5.692 0.866
22.05.1986 1.087 -5.691 0.865
23.05.1986 1.074 -5.689 0.864
24.05.1986 1.069 -5.688 0.863
25.05.1986 1.058 -5.686 0.862
26.05.1986 1.048 -5.685 0.861
27.05.1986 1.035 -5.684 0.86
28.05.1986 1.03 -5.682 0.859
29.05.1986 1.023 -5.681 0.858
30.05.1986 1.012 -5.679 0.857
31.05.1986 1.004 -5.678 0.856
01.06.1986 0.996 -5.676 0.855
02.06.1986 0.986 -5.675 0.854
03.06.1986 0.972 -5.673 0.854
04.06.1986 0.963 -5.671 0.853
05.06.1986 0.954 -5.67 0.852
06.06.1986 0.948 -5.669 0.851
07.06.1986 0.937 -5.668 0.85
08.06.1986 0.932 -5.667 0.848
09.06.1986 0.926 -5.666 0.847
10.06.1986 0.918 -5.665 0.846
11.06.1986 0.909 -5.664 0.845
12.06.1986 0.9 -5.662 0.844
13.06.1986 0.886 -5.661 0.843
14.06.1986 0.877 -5.659 0.842
15.06.1986 0.867 -5.657 0.84
16.06.1986 0.859 -5.655 0.84
17.06.1986 0.851 -5.653 0.839
18.06.1986 0.842 -5.653 0.838
19.06.1986 0.832 -5.651 0.836
20.06.1986 0.824 -5.65 0.835
21.06.1986 0.818 -5.649 0.834
22.06.1986 0.809 -5.647 0.834
23.06.1986 0.795 -5.646 0.833
24.06.1986 0.788 -5.644 0.832
25.06.1986 0.775 -5.644 0.831
26.06.1986 0.76 -5.643 0.83
27.06.1986 0.748 -5.642 0.829
28.06.1986 0.743 -5.64 0.828
29.06.1986 0.732 -5.639 0.828
30.06.1986 0.724 -5.638 0.827
01.07.1986 0.716 -5.637 0.826
02.07.1986 0.703 -5.635 0.825
03.07.1986 0.692 -5.633 0.824
04.07.1986 0.679 -5.631 0.823
05.07.1986 0.667 -5.63 0.822
06.07.1986 0.661 -5.629 0.821
07.07.1986 0.651 -5.627 0.82
08.07.1986 0.641 -5.625 0.819
09.07.1986 0.636 -5.623 0.818
10.07.1986 0.626 -5.622 0.818
11.07.1986 0.615 -5.621 0.816
12.07.1986 0.603 -5.62 0.816
13.07.1986 0.593 -5.618 0.815
14.07.1986 0.58 -5.616 0.813
15.07.1986 0.568 -5.614 0.813
16.07.1986 0.555 -5.613 0.812
17.07.1986 0.542 -5.611 0.811
18.07.1986 0.533 -5.609 0.81
19.07.1986 0.522 -5.607 0.809
20.07.1986 0.514 -5.606 0.808
21.07.1986 0.507 -5.604 0.807
22.07.1986 0.493 -5.603 0.806
23.07.1986 0.486 -5.602 0.805
24.07.1986 0.477 -5.601 0.803
25.07.1986 0.466 -5.599 0.802
26.07.1986 0.46 -5.598 0.801
27.07.1986 0.451 -5.596 0.8
28.07.1986 0.437 -5.596 0.799
29.07.1986 0.429 -5.594 0.798
30.07.1986 0.415 -5.593 0.796
31.07.1986 0.402 -5.591 0.796
01.08.1986 0.389 -5.589 0.795
02.08.1986 0.375 -5.588 0.794
03.08.1986 0.369 -5.587 0.793
04.08.1986 0.358 -5.585 0.792
05.08.1986 0.348 -5.584 0.791
06.08.1986 0.335 -5.582 0.79
07.08.1986 0.323 -5.58 0.789
08.08.1986 0.317 -5.579 0.788
09.08.1986 0.311 -5.578 0.787
10.08.1986 0.298 -5.576 0.786
11.08.1986 0.286 -5.574 0.785
12.08.1986 0.276 -5.573 0.784
13.08.1986 0.266 -5.571 0.783
14.08.1986 0.26 -5.57 0.782
15.08.1986 0.252 -5.569 0.781
16.08.1986 0.241 -5.567 0.78
17.08.1986 0.231 -5.566 0.78
18.08.1986 0.218 -5.564 0.778
19.08.1986 0.208 -5.562 0.777
20.08.1986 0.195 -5.561 0.776
21.08.1986 0.18 -5.56 0.775
22.08.1986 0.175 -5.558 0.774
23.08.1986 0.168 -5.556 0.772
24.08.1986 0.16 -5.555 0.772
25.08.1986 0.147 -5.553 0.77
26.08.1986 0.141 -5.551 0.769
27.08.1986 0.129 -5.549 0.768
28.08.1986 0.115 -5.547 0.767
29.08.1986 0.109 -5.545 0.766
30.08.1986 0.104 -5.544 0.765
31.08.1986 0.095 -5.543 0.764
01.09.1986 0.082 -5.541 0.763
02.09.1986 0.069 -5.539 0.762
03.09.1986 0.061 -5.537 0.76
04.09.1986 0.047 -5.536 0.759
05.09.1986 0.035 -5.534 0.758
06.09.1986 0.025 -5.534 0.757
07.09.1986 0.012 -5.532 0.756
08.09.1986 0.001 -5.53 0.754
