11.05.1997 5.896 -5.826 1.496
12.05.1997 5.888 -5.817 1.494
13.05.1997 5.879 -5.809 1.493
14.05.1997 5.868 -5.801 1.493
15.05.1997 5.854 -5.796 1.492
16.05.1997 5.845 -5.787 1.491
17.05.1997 5.832 -5.784 1.49
18.05.1997 5.822 -5.778 1.489
19.05.1997 5.813 -5.773 1.488
20.05.1997 5.803 -5.77 1.488
21.05.1997 5.796 -5.765 1.487
22.05.1997 5.784 -5.762 1.486
23.05.1997 5.777 -5.76 1.484
24.05.1997 5.763 -5.754 1.484
25.05.1997 5.751 -5.75 1.483
26.05.1997 5.737 -5.745 1.482
27.05.1997 5.723 -5.743 1.481
28.05.1997 5.71 -5.737 1.479
29.05.1997 5.702 -5.734 1.478
30.05.1997 5.692 -5.73 1.477
31.05.1997 5.684 -5.726 1.476
01.06.1997 5.678 -5.721 1.475
02.06.1997 5.671 -5.716 1.474
03.06.1997 5.661 -5.711 1.473
04.06.1997 5.65 -5.706 1.472
05.06.1997 5.642 -5.702 1.471
06.06.1997 5.633 -5.697 1.47
07.06.1997 5.627 -5.695 1.469
08.06.1997 5.62 -5.69 1.468
09.06.1997 5.605 -5.686 1.468
10.06.1997 5.597 -5.683 1.467
11.06.1997 5.585 -5.68 1.466
12.06.1997 5.573 -5.677 1.465
13.06.1997 5.564 -5.675 1.464
14.06.1997 5.554 -5.671 1.463
15.06.1997 5.543 -5.667 1.463
16.06.1997 5.538 -5.663 1.462
17.06.1997 5.524 -5.661 1.461
18.06.1997 5.509 -5.657 1.46
19.06.1997 5.497 -5.652 1.459
20.06.1997 5.482 -5.648 1.458
21.06.1997 5.472 -5.645 1.458
22.06.1997 5.458 -5.643 1.456
23.06.1997 5.452 -5.639 1.455
24.06.1997 5.446 -5.636 1.455
25.06.1997 5.436 -5.633 1.453
26.06.1997 5.422 -5.63 1.453
27.06.1997 5.416 -5.627 1.452
28.06.1997 5.41 -5.625 1.451
29.06.1997 5.397 -5.623 1.45
30.06.1997 5.392 -5.62 1.449
01.07.1997 5.378 -5.617 1.448
02.07.1997 5.366 -5.615 1.447
03.07.1997 5.356 -5.611 1.446
04.07.1997 5.342 -5.61 1.445
05.07.1997 5.336 -5.607 1.444
06.07.1997 5.33 -5.605 1.443
07.07.1997 5.318 -5.601 1.442
08.07.1997 5.311 -5.597 1.441
09.07.1997 5.302 -5.594 1.441
10.07.1997 5.293 -5.591 1.44
11.07.1997 5.284 -5.587 1.439
12.07.1997 5.274 -5.585 1.438
13.07.1997 5.267 -5.582 1.438
14.07.1997 5.254 -5.58 1.437
15.07.1997 5.248 -5.577 1.435
16.07.1997 5.239 -5.574 1.435
17.07.1997 5.233 -5.571 1.433
18.07.1997 5.227 -5.567 1.432
19.07.1997 5.214 -5.564 1.431
20.07.1997 5.206 -5.561 1.43
21.07.1997 5.196 -5.557 1.429
22.07.1997 5.188 -5.553 1.428
23.07.1997 5.179 -5.552 1.427
24.07.1997 5.165 -5.549 1.426
25.07.1997 5.157 -5.546 1.425
26.07.1997 5.148 -5.543 1.424
27.07.1997 5.134 -5.541 1.424
28.07.1997 5.124 -5.537 1.423
29.07.1997 5.113 -5.536 1.422
30.07.1997 5.104 -5.533 1.421
31.07.1997 5.091 -5.531 1.42
01.08.1997 5.086 -5.53 1.419
02.08.1997 5.079 -5.527 1.419
03.08.1997 5.065 -5.525 1.417
04.08.1997 5.054 -5.522 1.416
05.08.1997 5.046 -5.519 1.415
06.08.1997 5.033 -5.516 1.414
07.08.1997 5.022 -5.514 1.412
08.08.1997 5.016 -5.511 1.412
09.08.1997 5.006 -5.51 1.411
10.08.1997 5.0 -5.508 1.409
11.08.1997 4.986 -5.505 1.409
12.08.1997 4.975 -5.503 1.408
13.08.1997 4.968 -5.501 1.406
14.08.1997 4.955 -5.499 1.405
15.08.1997 4.94 -5.496 1.404
16.08.1997 4.934 -5.492 1.403
17.08.1997 4.919 -5.489 1.403
18.08.1997 4.904 -5.486 1.402
19.08.1997 4.892 -5.485 1.401
20.08.1997 4.879 -5.482 1.4
21.08.1997 4.872 -5.48 1.399
22.08.1997 4.859 -5.476 1.399
23.08.1997 4.848 -5.475 1.397
24.08.1997 4.839 -5.473 1.396
25.08.1997 4.826 -5.471 1.395
26.08.1997 4.812 -5.468 1.394
27.08.1997 4.804 -5.466 1.394
28.08.1997 4.798 -5.463 1.392
29.08.1997 4.788 -5.46 1.391
30.08.1997 4.78 -5.457 1.39
31.08.1997 4.769 -5.454 1.389
01.09.1997 4.762 -5.451 1.388
02.09.1997 4.747 -5.447 1.387
03.09.1997 4.739 -5.445 1.386
04.09.1997 4.733 -5.443 1.384
05.09.1997 4.725 -5.44 1.384
06.09.1997 4.712 -5.438 1.383
07.09.1997 4.698 -5.435 1.381
08.09.1997 4.684 -5.433 1.381
09.09.1997 4.67 -5.431 1.38
10.09.1997 4.656 -5.429 1.379
11.09.1997 4.645 -5.427 1.378
12.09.1997 4.633 -5.425 1.378
13.09.1997 4.625 -5.423 1.377
14.09.1997 4.62 -5.421 1.376
15.09.1997 4.605 -5.418 1.374
16.09.1997 4.594 -5.415 1.373
17.09.1997 4.584 -5.413 1.372
18.09.1997 4.574 -5.41 1.371
19.09.1997 4.566 -5.408 1.37
20.09.1997 4.558 -5.407 1.369
21.09.1997 4.55 -5.405 1.368
22.09.1997 4.535 -5.403 1.367
23.09.1997 4.525 -5.399 1.366
24.09.1997 4.519 -5.398 1.366
25.09.1997 4.513 -5.395 1.365
26.09.1997 4.5 -5.392 1.364
27.09.1997 4.487 -5.39 1.363
28.09.1997 4.481 -5.388 1.362
29.09.1997 4.469 -5.386 1.361
30.09.1997 4.458 -5.384 1.36
01.10.1997 4.443 -5.383 1.359
02.10.1997 4.438 -5.38 1.358
03.10.1997 4.428 -5.377 1.357
04.10.1997 4.415 -5.376 1.356
05.10.1997 4.407 -5.373 1.355
06.10.1997 4.395 -5.37 1.354
07.10.1997 4.389 -5.368 1.353
08.10.1997 4.383 -5.366 1.352
09.10.1997 4.373 -5.364 1.351
10.10.1997 4.366 -5.363 1.349
11.10.1997 4.356 -5.36 1.348
12.10.1997 4.35 -5.358 1.346
13.10.1997 4.339 -5.356 1.346
14.10.1997 4.328 -5.353 1.345
15.10.1997 4.32 -5.35 1.344
16.10.1997 4.311 -5.347 1.343
17.10.1997 4.303 -5.346 1.342
18.10.1997 4.295 -5.344 1.341
19.10.1997 4.282 -5.342 1.34
20.10.1997 4.271 -5.339 1.338
21.10.1997 4.26 -5.336 1.337
22.10.1997 4.253 -5.335 1.337
23.10.1997 4.242 -5.332 1.335
24.10.1997 4.233 -5.329 1.334
25.10.1997 4.219 -5.326 1.333
26.10.1997 4.213 -5.324 1.332
27.10.1997 4.204 -5.322 1.331
28.10.1997 4.193 -5.32 1.33
29.10.1997 4.181 -5.318 1.329
30.10.1997 4.173 -5.315 1.328
31.10.1997 4.167 -5.313 1.327
01.11.1997 4.158 -5.311 1.326
02.11.1997 4.153 -5.309 1.325
03.11.1997 4.142 -5.308 1.324
04.11.1997 4.127 -5.307 1.323
05.11.1997 4.114 -5.304 1.322
06.11.1997 4.106 -5.302 1.32
07.11.1997 4.096 -5.3 1.319
08.11.1997 4.081 -5.297 1.318
09.11.1997 4.068 -5.295 1.317
10.11.1997 4.062 -5.294 1.317
11.11.1997 4.056 -5.292 1.315
12.11.1997 4.05 -5.291 1.314
13.11.1997 4.045 -5.289 1.313
14.11.1997 4.03 -5.287 1.312
15.11.1997 4.02 -5.286 1.311
16.11.1997 4.007 -5.283 1.31
17.11.1997 4.0 -5.281 1.31
18.11.1997 3.989 -5.278 1.309
19.11.1997 3.982 -5.276 1.307
20.11.1997 3.974 -5.274 1.306
21.11.1997 3.967 -5.271 1.305
22.11.1997 3.954 -5.269 1.304
23.11.1997 3.94 -5.266 1.303
24.11.1997 3.934 -5.263 1.302
25.11.1997 3.921 -5.261 1.301
26.11.1997 3.912 -5.258 1.301
27.11.1997 3.906 -5.256 1.3
28.11.1997 3.897 -5.253 1.298
29.11.1997 3.89 -5.25 1.298
30.11.1997 3.883 -5.248 1.297
01.12.1997 3.875 -5.247 1.296
02.12.1997 3.862 -5.245 1.295
03.12.1997 3.851 -5.242 1.293
04.12.1997 3.843 -5.24 1.292
05.12.1997 3.831 -5.238 1.291
06.12.1997 3.819 -5.236 1.29
07.12.1997 3.811 -5.235 1.289
08.12.1997 3.805 -5.233 1.288
09.12.1997 3.797 -5.231 1.287
10.12.1997 3.786 -5.229 1.286
11.12.1997 3.781 -5.226 1.285
12.12.1997 3.775 -5.223 1.284
13.12.1997 3.761 -5.222 1.283
14.12.1997 3.756 -5.221 1.282
15.12.1997 3.748 -5.219 1.28
16.12.1997 3.742 -5.216 1.28
17.12.1997 3.735 -5.215 1.279
18.12.1997 3.721 -5.212 1.277
19.12.1997 3.706 -5.209 1.276
20.12.1997 3.698 -5.207 1.275
21.12.1997 3.689 -5.205 1.274
22.12.1997 3.682 -5.203 1.274
23.12.1997 3.677 -5.201 1.273
24.12.1997 3.667 -5.199 1.272
25.12.1997 3.658 -5.197 1.27
26.12.1997 3.65 -5.195 1.27
27.12.1997 3.635 -5.192 1.269
28.12.1997 3.63 -5.191 1.267
29.12.1997 3.615 -5.188 1.266
30.12.1997 3.607 -5.186 1.264
31.12.1997 3.6 -5.184 1.263
01.01.1998 3.594 -5.182 1.263
02.01.1998 3.586 -5.181 1.261
03.01.1998 3.576 -5.179 1.26
04.01.1998 3.565 -5.177 1.259
05.01.1998 3.558 -5.174 1.258
06.01.1998 3.543 -5.173 1.257
07.01.1998 3.536 -5.171 1.256
08.01.1998 3.524 -5.168 1.255
09.01.1998 3.514 -5.166 1.254
10.01.1998 3.505 -5.165 1.253
11.01.1998 3.498 -5.164 1.253
12.01.1998 3.486 -5.162 1.252
13.01.1998 3.473 -5.16 1.251
14.01.1998 3.465 -5.158 1.25
15.01.1998 3.459 -5.156 1.249
16.01.1998 3.45 -5.154 1.248
17.01.1998 3.438 -5.152 1.248
18.01.1998 3.431 -5.151 1.246
19.01.1998 3.422 -5.149 1.245
20.01.1998 3.417 -5.147 1.244
21.01.1998 3.407 -5.145 1.243
22.01.1998 3.396 -5.144 1.242
23.01.1998 3.383 -5.142 1.241
24.01.1998 3.374 -5.14 1.24
25.01.1998 3.361 -5.137 1.239
26.01.1998 3.351 -5.136 1.238
27.01.1998 3.341 -5.135 1.237
28.01.1998 3.328 -5.132 1.236
29.01.1998 3.315 -5.13 1.235
30.01.1998 3.306 -5.127 1.235
31.01.1998 3.299 -5.126 1.234
01.02.1998 3.292 -5.124 1.233
02.02.1998 3.281 -5.122 1.231
03.02.1998 3.268 -5.121 1.231
04.02.1998 3.262 -5.12 1.23
05.02.1998 3.252 -5.119 1.23
06.02.1998 3.239 -5.116 1.229
07.02.1998 3.234 -5.114 1.227
08.02.1998 3.219 -5.112 1.226
09.02.1998 3.211 -5.111 1.225
10.02.1998 3.203 -5.109 1.223
11.02.1998 3.194 -5.107 1.222
12.02.1998 3.179 -5.105 1.221
13.02.1998 3.172 -5.102 1.22
14.02.1998 3.163 -5.101 1.219
15.02.1998 3.149 -5.099 1.218
16.02.1998 3.134 -5.097 1.216
17.02.1998 3.12 -5.094 1.215
18.02.1998 3.109 -5.092 1.214
19.02.1998 3.098 -5.089 1.213
20.02.1998 3.086 -5.088 1.213
21.02.1998 3.076 -5.086 1.211
22.02.1998 3.062 -5.085 1.21
23.02.1998 3.051 -5.082 1.209
24.02.1998 3.044 -5.081 1.208
25.02.1998 3.037 -5.079 1.207
26.02.1998 3.028 -5.078 1.206
27.02.1998 3.02 -5.077 1.205
28.02.1998 3.012 -5.074 1.204
01.03.1998 3.003 -5.073 1.203
02.03.1998 2.996 -5.072 1.201
03.03.1998 2.988 -5.07 1.201
04.03.1998 2.974 -5.068 1.2
05.03.1998 2.965 -5.066 1.199
06.03.1998 2.953 -5.064 1.198
07.03.1998 2.944 -5.063 1.197
08.03.1998 2.932 -5.061 1.197
09.03.1998 2.923 -5.059 1.196
10.03.1998 2.915 -5.057 1.195
11.03.1998 2.909 -5.055 1.194
12.03.1998 2.899 -5.053 1.193
13.03.1998 2.886 -5.051 1.192
14.03.1998 2.873 -5.049 1.191
15.03.1998 2.868 -5.047 1.191
16.03.1998 2.859 -5.045 1.19
17.03.1998 2.85 -5.043 1.189
18.03.1998 2.838 -5.041 1.188
19.03.1998 2.828 -5.039 1.187
20.03.1998 2.823 -5.038 1.186
21.03.1998 2.817 -5.036 1.185
22.03.1998 2.803 -5.035 1.184
23.03.1998 2.79 -5.034 1.183
24.03.1998 2.782 -5.032 1.182
25.03.1998 2.772 -5.03 1.182
26.03.1998 2.76 -5.028 1.181
27.03.1998 2.746 -5.027 1.179
28.03.1998 2.74 -5.025 1.179
29.03.1998 2.729 -5.024 1.178
30.03.1998 2.722 -5.022 1.176
31.03.1998 2.709 -5.021 1.175
01.04.1998 2.695 -5.02 1.174
02.04.1998 2.686 -5.018 1.173
03.04.1998 2.68 -5.017 1.172
04.04.1998 2.669 -5.015 1.17
05.04.1998 2.66 -5.013 1.169
06.04.1998 2.646 -5.012 1.168
07.04.1998 2.641 -5.009 1.167
08.04.1998 2.629 -5.007 1.166
09.04.1998 2.615 -5.006 1.164
10.04.1998 2.607 -5.004 1.164
11.04.1998 2.593 -5.002 1.163
12.04.1998 2.586 -5.0 1.162
13.04.1998 2.573 -4.998 1.161
14.04.1998 2.561 -4.997 1.16
15.04.1998 2.55 -4.995 1.158
16.04.1998 2.537 -4.992 1.157
17.04.1998 2.526 -4.991 1.156
18.04.1998 2.513 -4.989 1.155
19.04.1998 2.507 -4.987 1.154
20.04.1998 2.497 -4.985 1.153
21.04.1998 2.49 -4.983 1.152
22.04.1998 2.484 -4.981 1.151
23.04.1998 2.474 -4.98 1.15
24.04.1998 2.469 -4.978 1.149
25.04.1998 2.464 -4.976 1.148
26.04.1998 2.457 -4.973 1.147
27.04.1998 2.449 -4.972 1.146
28.04.1998 2.44 -4.97 1.145
29.04.1998 2.433 -4.967 1.145
30.04.1998 2.42 -4.965 1.144
01.05.1998 2.407 -4.963 1.143
02.05.1998 2.396 -4.962 1.142
03.05.1998 2.383 -4.961 1.141
04.05.1998 2.377 -4.959 1.14
05.05.1998 2.366 -4.957 1.139
06.05.1998 2.359 -4.955 1.138
07.05.1998 2.349 -4.953 1.137
08.05.1998 2.337 -4.951 1.137
09.05.1998 2.326 -4.949 1.135
10.05.1998 2.318 -4.948 1.135
11.05.1998 2.308 -4.946 1.134
12.05.1998 2.294 -4.944 1.133
13.05.1998 2.286 -4.943 1.132
14.05.1998 2.278 -4.94 1.131
15.05.1998 2.267 -4.938 1.13
16.05.1998 2.255 -4.936 1.129
17.05.1998 2.244 -4.934 1.129
18.05.1998 2.237 -4.933 1.128
19.05.1998 2.227 -4.932 1.127
20.05.1998 2.22 -4.929 1.126
21.05.1998 2.213 -4.927 1.125
22.05.1998 2.204 -4.925 1.123
23.05.1998 2.196 -4.924 1.123
24.05.1998 2.184 -4.922 1.122
25.05.1998 2.17 -4.92 1.121
26.05.1998 2.155 -4.919 1.12
27.05.1998 2.147 -4.918 1.12
28.05.1998 2.139 -4.916 1.119
29.05.1998 2.127 -4.915 1.117
30.05.1998 2.114 -4.913 1.116
31.05.1998 2.108 -4.911 1.115
01.06.1998 2.103 -4.909 1.114
02.06.1998 2.097 -4.907 1.113
03.06.1998 2.091 -4.906 1.112
04.06.1998 2.081 -4.903 1.111
05.06.1998 2.073 -4.902 1.11
06.06.1998 2.064 -4.9 1.109
07.06.1998 2.054 -4.898 1.108
08.06.1998 2.043 -4.896 1.107
09.06.1998 2.036 -4.895 1.106
10.06.1998 2.026 -4.892 1.105
11.06.1998 2.011 -4.89 1.104
12.06.1998 2.005 -4.889 1.104
13.06.1998 1.999 -4.888 1.102
14.06.1998 1.985 -4.885 1.102
15.06.1998 1.976 -4.884 1.101
16.06.1998 1.963 -4.882 1.1
17.06.1998 1.957 -4.879 1.099
18.06.1998 1.948 -4.878 1.099
19.06.1998 1.941 -4.877 1.097
20.06.1998 1.932 -4.875 1.096
21.06.1998 1.918 -4.873 1.095
22.06.1998 1.904 -4.872 1.094
23.06.1998 1.894 -4.87 1.093
24.06.1998 1.881 -4.868 1.092
25.06.1998 1.869 -4.867 1.091
26.06.1998 1.861 -4.865 1.091
27.06.1998 1.848 -4.864 1.089
28.06.1998 1.838 -4.862 1.088
29.06.1998 1.831 -4.86 1.087
30.06.1998 1.823 -4.859 1.086
01.07.1998 1.811 -4.856 1.086
02.07.1998 1.798 -4.854 1.084
03.07.1998 1.789 -4.853 1.083
04.07.1998 1.775 -4.851 1.083
05.07.1998 1.765 -4.849 1.082
06.07.1998 1.753 -4.847 1.081
07.07.1998 1.747 -4.846 1.08
08.07.1998 1.734 -4.845 1.078
09.07.1998 1.721 -4.844 1.078
10.07.1998 1.713 -4.842 1.077
11.07.1998 1.7 -4.841 1.076
12.07.1998 1.691 -4.839 1.075
13.07.1998 1.684 -4.837 1.074
14.07.1998 1.671 -4.835 1.073
15.07.1998 1.658 -4.833 1.072
16.07.1998 1.645 -4.832 1.072
17.07.1998 1.64 -4.829 1.071
18.07.1998 1.625 -4.828 1.07
19.07.1998 1.615 -4.826 1.068
20.07.1998 1.603 -4.824 1.067
21.07.1998 1.59 -4.822 1.066
22.07.1998 1.584 -4.82 1.065
23.07.1998 1.572 -4.819 1.064
24.07.1998 1.558 -4.818 1.063
25.07.1998 1.551 -4.815 1.061
26.07.1998 1.536 -4.814 1.06
27.07.1998 1.523 -4.812 1.059
28.07.1998 1.511 -4.811 1.058
29.07.1998 1.497 -4.809 1.057
30.07.1998 1.49 -4.807 1.057
31.07.1998 1.481 -4.806 1.055
01.08.1998 1.473 -4.804 1.055
02.08.1998 1.461 -4.804 1.053
03.08.1998 1.453 -4.802 1.052
04.08.1998 1.446 -4.8 1.051
05.08.1998 1.437 -4.798 1.05
06.08.1998 1.424 -4.797 1.049
07.08.1998 1.417 -4.796 1.049
08.08.1998 1.407 -4.795 1.048
09.08.1998 1.397 -4.793 1.046
10.08.1998 1.386 -4.792 1.045
11.08.1998 1.379 -4.791 1.044
12.08.1998 1.367 -4.79 1.043
13.08.1998 1.359 -4.788 1.042
14.08.1998 1.344 -4.786 1.041
15.08.1998 1.339 -4.784 1.04
16.08.1998 1.327 -4.782 1.039
17.08.1998 1.317 -4.78 1.038
18.08.1998 1.311 -4.778 1.037
19.08.1998 1.302 -4.776 1.036
20.08.1998 1.294 -4.775 1.036
21.08.1998 1.283 -4.774 1.034
22.08.1998 1.269 -4.772 1.034
23.08.1998 1.259 -4.771 1.033
24.08.1998 1.246 -4.77 1.032
25.08.1998 1.234 -4.767 1.031
26.08.1998 1.227 -4.766 1.03
27.08.1998 1.221 -4.764 1.029
28.08.1998 1.213 -4.762 1.029
29.08.1998 1.205 -4.76 1.027
30.08.1998 1.19 -4.759 1.026
31.08.1998 1.182 -4.758 1.025
01.09.1998 1.175 -4.756 1.024
02.09.1998 1.168 -4.754 1.023
03.09.1998 1.159 -4.752 1.022
04.09.1998 1.145 -4.751 1.021
05.09.1998 1.136 -4.75 1.02
06.09.1998 1.13 -4.749 1.019
07.09.1998 1.121 -4.747 1.019
08.09.1998 1.115 -4.746 1.018
09.09.1998 1.108 -4.744 1.017
10.09.1998 1.099 -4.742 1.016
11.09.1998 1.092 -4.74 1.015
12.09.1998 1.083 -4.739 1.014
13.09.1998 1.068 -4.738 1.013
14.09.1998 1.062 -4.737 1.012
15.09.1998 1.048 -4.735 1.011
16.09.1998 1.036 -4.734 1.01
17.09.1998 1.029 -4.733 1.01
18.09.1998 1.017 -4.731 1.009
19.09.1998 1.011 -4.73 1.008
20.09.1998 1.006 -4.728 1.007
21.09.1998 1.0 -4.726 1.006
22.09.1998 0.993 -4.725 1.005
23.09.1998 0.985 -4.724 1.004
24.09.1998 0.97 -4.722 1.003
25.09.1998 0.961 -4.72 1.002
26.09.1998 0.949 -4.718 1.002
27.09.1998 0.934 -4.718 1.0
28.09.1998 0.926 -4.717 1.0
29.09.1998 0.92 -4.715 0.999
30.09.1998 0.906 -4.714 0.998
01.10.1998 0.893 -4.713 0.997
02.10.1998 0.887 -4.711 0.996
03.10.1998 0.879 -4.709 0.995
04.10.1998 0.864 -4.708 0.994
05.10.1998 0.856 -4.707 0.993
06.10.1998 0.85 -4.705 0.991
07.10.1998 0.841 -4.704 0.99
08.10.1998 0.83 -4.703 0.989
09.10.1998 0.822 -4.7 0.988
10.10.1998 0.808 -4.7 0.987
11.10.1998 0.8 -4.697 0.987
12.10.1998 0.792 -4.696 0.985
13.10.1998 0.786 -4.693 0.984
14.10.1998 0.778 -4.692 0.984
15.10.1998 0.764 -4.691 0.983
16.10.1998 0.752 -4.69 0.982
17.10.1998 0.746 -4.688 0.981
18.10.1998 0.736 -4.687 0.979
19.10.1998 0.729 -4.686 0.978
20.10.1998 0.714 -4.684 0.978
21.10.1998 0.704 -4.682 0.977
22.10.1998 0.696 -4.682 0.976
23.10.1998 0.687 -4.68 0.975
24.10.1998 0.675 -4.679 0.974
25.10.1998 0.666 -4.678 0.973
26.10.1998 0.651 -4.677 0.972
27.10.1998 0.642 -4.675 0.97
28.10.1998 0.63 -4.674 0.969
29.10.1998 0.621 -4.672 0.968
30.10.1998 0.612 -4.67 0.968
31.10.1998 0.598 -4.668 0.967
01.11.1998 0.589 -4.666 0.966
02.11.1998 0.576 -4.665 0.965
03.11.1998 0.565 -4.664 0.964
04.11.1998 0.559 -4.662 0.963
05.11.1998 0.545 -4.66 0.962
06.11.1998 0.53 -4.658 0.962
07.11.1998 0.516 -4.657 0.961
08.11.1998 0.507 -4.655 0.96
09.11.1998 0.495 -4.653 0.959
10.11.1998 0.49 -4.652 0.958
11.11.1998 0.476 -4.65 0.957
12.11.1998 0.47 -4.648 0.956
13.11.1998 0.465 -4.646 0.956
14.11.1998 0.455 -4.645 0.955
15.11.1998 0.448 -4.644 0.955
16.11.1998 0.439 -4.642 0.953
17.11.1998 0.428 -4.641 0.952
18.11.1998 0.415 -4.64 0.952
19.11.1998 0.404 -4.639 0.951
20.11.1998 0.393 -4.637 0.95
21.11.1998 0.381 -4.637 0.949
22.11.1998 0.374 -4.636 0.948
23.11.1998 0.366 -4.634 0.947
24.11.1998 0.352 -4.633 0.945
25.11.1998 0.34 -4.631 0.944
26.11.1998 0.33 -4.629 0.943
27.11.1998 0.322 -4.627 0.941
28.11.1998 0.309 -4.626 0.94
29.11.1998 0.301 -4.625 0.939
30.11.1998 0.293 -4.624 0.939
01.12.1998 0.281 -4.623 0.937
02.12.1998 0.268 -4.621 0.937
03.12.1998 0.258 -4.619 0.936
04.12.1998 0.249 -4.617 0.935
05.12.1998 0.237 -4.616 0.934
06.12.1998 0.231 -4.614 0.932
07.12.1998 0.218 -4.613 0.931
08.12.1998 0.204 -4.611 0.93
09.12.1998 0.198 -4.61 0.93
10.12.1998 0.186 -4.608 0.929
11.12.1998 0.178 -4.607 0.927
12.12.1998 0.163 -4.605 0.926
13.12.1998 0.152 -4.603 0.925
14.12.1998 0.14 -4.602 0.924
15.12.1998 0.131 -4.601 0.923
16.12.1998 0.119 -4.6 0.923
17.12.1998 0.109 -4.599 0.921
18.12.1998 0.095 -4.597 0.92
19.12.1998 0.083 -4.596 0.919
20.12.1998 0.074 -4.595 0.918
21.12.1998 0.066 -4.593 0.917
22.12.1998 0.058 -4.591 0.916
23.12.1998 0.045 -4.591 0.914
24.12.1998 0.039 -4.589 0.913
25.12.1998 0.026 -4.588 0.913
26.12.1998 0.015 -4.586 0.912
27.12.1998 0.005 -4.584 0.911
