08.02.1999 5.301 -6.916 1.498
09.02.1999 5.288 -6.906 1.497
10.02.1999 5.276 -6.899 1.495
11.02.1999 5.264 -6.895 1.495
12.02.1999 5.253 -6.885 1.493
13.02.1999 5.245 -6.877 1.493
14.02.1999 5.239 -6.871 1.492
15.02.1999 5.233 -6.864 1.491
16.02.1999 5.224 -6.857 1.49
17.02.1999 5.213 -6.85 1.488
18.02.1999 5.202 -6.844 1.487
19.02.1999 5.195 -6.838 1.487
20.02.1999 5.186 -6.831 1.485
21.02.1999 5.174 -6.826 1.484
22.02.1999 5.159 -6.821 1.483
23.02.1999 5.147 -6.817 1.481
24.02.1999 5.136 -6.812 1.481
25.02.1999 5.129 -6.809 1.48
26.02.1999 5.12 -6.806 1.479
27.02.1999 5.108 -6.804 1.478
28.02.1999 5.096 -6.799 1.477
01.03.1999 5.082 -6.795 1.477
02.03.1999 5.072 -6.792 1.476
03.03.1999 5.06 -6.787 1.475
04.03.1999 5.051 -6.782 1.473
05.03.1999 5.037 -6.78 1.473
06.03.1999 5.026 -6.776 1.472
07.03.1999 5.02 -6.773 1.471
08.03.1999 5.012 -6.768 1.47
09.03.1999 5.004 -6.763 1.47
10.03.1999 4.99 -6.759 1.468
11.03.1999 4.982 -6.755 1.468
12.03.1999 4.967 -6.753 1.467
13.03.1999 4.953 -6.75 1.466
14.03.1999 4.939 -6.747 1.465
15.03.1999 4.924 -6.744 1.464
16.03.1999 4.911 -6.742 1.462
17.03.1999 4.904 -6.738 1.461
18.03.1999 4.891 -6.735 1.46
19.03.1999 4.881 -6.733 1.46
20.03.1999 4.87 -6.731 1.458
21.03.1999 4.856 -6.729 1.457
22.03.1999 4.845 -6.727 1.456
23.03.1999 4.84 -6.723 1.455
24.03.1999 4.825 -6.72 1.454
25.03.1999 4.811 -6.718 1.453
26.03.1999 4.801 -6.714 1.452
27.03.1999 4.791 -6.711 1.452
28.03.1999 4.777 -6.706 1.451
29.03.1999 4.766 -6.704 1.45
30.03.1999 4.756 -6.7 1.449
31.03.1999 4.748 -6.696 1.448
01.04.1999 4.74 -6.694 1.447
02.04.1999 4.731 -6.692 1.446
03.04.1999 4.724 -6.691 1.445
04.04.1999 4.717 -6.687 1.444
05.04.1999 4.712 -6.685 1.444
06.04.1999 4.7 -6.682 1.442
07.04.1999 4.693 -6.679 1.442
08.04.1999 4.686 -6.676 1.441
09.04.1999 4.679 -6.673 1.44
10.04.1999 4.668 -6.672 1.439
11.04.1999 4.655 -6.67 1.438
12.04.1999 4.643 -6.667 1.437
13.04.1999 4.633 -6.663 1.436
14.04.1999 4.62 -6.661 1.436
15.04.1999 4.613 -6.659 1.435
16.04.1999 4.605 -6.656 1.434
17.04.1999 4.591 -6.653 1.433
18.04.1999 4.584 -6.65 1.432
19.04.1999 4.569 -6.646 1.431
20.04.1999 4.555 -6.642 1.43
21.04.1999 4.544 -6.64 1.429
22.04.1999 4.537 -6.636 1.428
23.04.1999 4.523 -6.632 1.427
24.04.1999 4.516 -6.629 1.426
25.04.1999 4.508 -6.625 1.425
26.04.1999 4.495 -6.622 1.424
27.04.1999 4.488 -6.62 1.424
28.04.1999 4.474 -6.617 1.422
29.04.1999 4.461 -6.614 1.421
30.04.1999 4.446 -6.61 1.42
01.05.1999 4.439 -6.608 1.419
02.05.1999 4.426 -6.604 1.418
03.05.1999 4.415 -6.603 1.417
04.05.1999 4.405 -6.6 1.416
05.05.1999 4.393 -6.599 1.415
06.05.1999 4.385 -6.596 1.414
07.05.1999 4.377 -6.593 1.413
08.05.1999 4.372 -6.59 1.412
09.05.1999 4.364 -6.588 1.411
10.05.1999 4.354 -6.586 1.411
11.05.1999 4.341 -6.584 1.409
12.05.1999 4.331 -6.581 1.408
13.05.1999 4.32 -6.578 1.407
14.05.1999 4.308 -6.575 1.406
15.05.1999 4.294 -6.572 1.405
16.05.1999 4.28 -6.57 1.404
17.05.1999 4.269 -6.569 1.403
18.05.1999 4.261 -6.565 1.402
19.05.1999 4.255 -6.562 1.401
20.05.1999 4.247 -6.558 1.4
21.05.1999 4.238 -6.557 1.399
22.05.1999 4.232 -6.556 1.397
23.05.1999 4.22 -6.554 1.396
24.05.1999 4.214 -6.552 1.395
25.05.1999 4.199 -6.549 1.395
26.05.1999 4.187 -6.547 1.394
27.05.1999 4.181 -6.544 1.393
28.05.1999 4.176 -6.542 1.392
29.05.1999 4.169 -6.54 1.391
30.05.1999 4.156 -6.537 1.39
31.05.1999 4.15 -6.534 1.389
01.06.1999 4.138 -6.531 1.389
02.06.1999 4.125 -6.528 1.388
03.06.1999 4.115 -6.526 1.387
04.06.1999 4.104 -6.523 1.386
05.06.1999 4.098 -6.521 1.384
06.06.1999 4.09 -6.52 1.384
07.06.1999 4.082 -6.517 1.383
08.06.1999 4.072 -6.515 1.382
09.06.1999 4.059 -6.513 1.381
10.06.1999 4.054 -6.511 1.38
11.06.1999 4.043 -6.508 1.38
12.06.1999 4.03 -6.506 1.379
13.06.1999 4.016 -6.504 1.378
14.06.1999 4.002 -6.501 1.377
15.06.1999 3.988 -6.499 1.376
16.06.1999 3.978 -6.497 1.375
17.06.1999 3.964 -6.495 1.374
18.06.1999 3.955 -6.493 1.373
19.06.1999 3.942 -6.49 1.372
20.06.1999 3.931 -6.487 1.37
21.06.1999 3.922 -6.485 1.369
22.06.1999 3.913 -6.483 1.368
23.06.1999 3.903 -6.482 1.368
24.06.1999 3.893 -6.479 1.367
25.06.1999 3.878 -6.476 1.366
26.06.1999 3.863 -6.473 1.365
27.06.1999 3.849 -6.471 1.364
28.06.1999 3.84 -6.468 1.363
29.06.1999 3.829 -6.466 1.362
30.06.1999 3.821 -6.463 1.361
01.07.1999 3.815 -6.461 1.36
02.07.1999 3.805 -6.459 1.359
03.07.1999 3.793 -6.456 1.358
04.07.1999 3.779 -6.454 1.357
05.07.1999 3.765 -6.451 1.356
06.07.1999 3.755 -6.448 1.355
07.07.1999 3.742 -6.445 1.353
08.07.1999 3.731 -6.442 1.353
09.07.1999 3.725 -6.44 1.351
10.07.1999 3.716 -6.437 1.351
11.07.1999 3.705 -6.434 1.35
12.07.1999 3.699 -6.431 1.348
13.07.1999 3.686 -6.429 1.348
14.07.1999 3.672 -6.428 1.347
15.07.1999 3.661 -6.427 1.346
16.07.1999 3.648 -6.425 1.345
17.07.1999 3.637 -6.422 1.344
18.07.1999 3.63 -6.419 1.343
19.07.1999 3.619 -6.416 1.342
20.07.1999 3.606 -6.415 1.341
21.07.1999 3.593 -6.414 1.34
22.07.1999 3.586 -6.412 1.34
23.07.1999 3.572 -6.411 1.338
24.07.1999 3.557 -6.409 1.337
25.07.1999 3.544 -6.406 1.336
26.07.1999 3.536 -6.405 1.335
27.07.1999 3.522 -6.402 1.334
28.07.1999 3.51 -6.4 1.333
29.07.1999 3.495 -6.398 1.332
30.07.1999 3.49 -6.396 1.331
31.07.1999 3.477 -6.393 1.33
01.08.1999 3.465 -6.39 1.329
02.08.1999 3.452 -6.388 1.327
03.08.1999 3.439 -6.387 1.326
04.08.1999 3.429 -6.385 1.325
05.08.1999 3.419 -6.384 1.324
06.08.1999 3.412 -6.381 1.323
07.08.1999 3.397 -6.378 1.322
08.08.1999 3.388 -6.377 1.321
09.08.1999 3.377 -6.375 1.32
10.08.1999 3.363 -6.372 1.319
11.08.1999 3.349 -6.37 1.318
12.08.1999 3.334 -6.369 1.317
13.08.1999 3.327 -6.366 1.317
14.08.1999 3.32 -6.364 1.316
15.08.1999 3.31 -6.361 1.315
16.08.1999 3.3 -6.359 1.314
17.08.1999 3.29 -6.355 1.313
18.08.1999 3.275 -6.353 1.312
19.08.1999 3.265 -6.351 1.311
20.08.1999 3.252 -6.35 1.309
21.08.1999 3.243 -6.348 1.309
22.08.1999 3.23 -6.346 1.308
23.08.1999 3.218 -6.343 1.306
24.08.1999 3.208 -6.342 1.305
25.08.1999 3.196 -6.339 1.305
26.08.1999 3.183 -6.338 1.303
27.08.1999 3.178 -6.336 1.302
28.08.1999 3.165 -6.334 1.301
29.08.1999 3.152 -6.331 1.3
30.08.1999 3.143 -6.33 1.3
31.08.1999 3.13 -6.327 1.299
01.09.1999 3.121 -6.325 1.298
02.09.1999 3.109 -6.323 1.298
03.09.1999 3.103 -6.321 1.297
04.09.1999 3.092 -6.318 1.296
05.09.1999 3.085 -6.316 1.295
06.09.1999 3.072 -6.314 1.294
07.09.1999 3.063 -6.312 1.294
08.09.1999 3.054 -6.311 1.292
09.09.1999 3.047 -6.31 1.291
10.09.1999 3.039 -6.307 1.29
11.09.1999 3.031 -6.305 1.288
12.09.1999 3.018 -6.304 1.287
13.09.1999 3.004 -6.302 1.286
14.09.1999 2.998 -6.301 1.285
15.09.1999 2.987 -6.299 1.285
16.09.1999 2.977 -6.298 1.284
17.09.1999 2.968 -6.296 1.283
18.09.1999 2.959 -6.293 1.282
19.09.1999 2.952 -6.291 1.282
20.09.1999 2.943 -6.289 1.28
21.09.1999 2.932 -6.287 1.279
22.09.1999 2.922 -6.286 1.278
23.09.1999 2.914 -6.284 1.277
24.09.1999 2.904 -6.282 1.276
25.09.1999 2.897 -6.28 1.274
26.09.1999 2.885 -6.278 1.273
27.09.1999 2.87 -6.277 1.272
28.09.1999 2.856 -6.276 1.271
29.09.1999 2.85 -6.274 1.271
30.09.1999 2.836 -6.273 1.27
01.10.1999 2.83 -6.272 1.269
02.10.1999 2.821 -6.27 1.268
03.10.1999 2.81 -6.268 1.267
04.10.1999 2.795 -6.266 1.266
05.10.1999 2.782 -6.265 1.265
06.10.1999 2.777 -6.263 1.265
07.10.1999 2.766 -6.26 1.264
08.10.1999 2.754 -6.258 1.262
09.10.1999 2.743 -6.256 1.261
10.10.1999 2.728 -6.253 1.26
11.10.1999 2.721 -6.252 1.259
12.10.1999 2.709 -6.25 1.258
13.10.1999 2.701 -6.248 1.257
14.10.1999 2.692 -6.246 1.256
15.10.1999 2.684 -6.245 1.255
16.10.1999 2.675 -6.244 1.255
17.10.1999 2.669 -6.242 1.254
18.10.1999 2.661 -6.241 1.253
19.10.1999 2.646 -6.238 1.252
20.10.1999 2.635 -6.236 1.251
21.10.1999 2.629 -6.234 1.25
22.10.1999 2.618 -6.233 1.249
23.10.1999 2.611 -6.232 1.248
24.10.1999 2.605 -6.229 1.246
25.10.1999 2.599 -6.228 1.246
26.10.1999 2.588 -6.226 1.245
27.10.1999 2.579 -6.224 1.244
28.10.1999 2.57 -6.221 1.242
29.10.1999 2.556 -6.219 1.241
30.10.1999 2.545 -6.217 1.239
31.10.1999 2.535 -6.215 1.238
01.11.1999 2.527 -6.213 1.237
02.11.1999 2.517 -6.211 1.237
03.11.1999 2.506 -6.21 1.235
04.11.1999 2.497 -6.209 1.234
05.11.1999 2.488 -6.208 1.233
06.11.1999 2.481 -6.206 1.233
07.11.1999 2.468 -6.203 1.231
08.11.1999 2.46 -6.201 1.23
09.11.1999 2.449 -6.198 1.229
10.11.1999 2.441 -6.197 1.228
11.11.1999 2.432 -6.196 1.228
12.11.1999 2.423 -6.194 1.227
13.11.1999 2.41 -6.192 1.225
14.11.1999 2.404 -6.189 1.224
15.11.1999 2.394 -6.187 1.223
16.11.1999 2.384 -6.186 1.222
17.11.1999 2.373 -6.185 1.221
18.11.1999 2.367 -6.182 1.219
19.11.1999 2.353 -6.181 1.219
20.11.1999 2.345 -6.179 1.218
21.11.1999 2.337 -6.178 1.217
22.11.1999 2.323 -6.177 1.215
23.11.1999 2.312 -6.174 1.215
24.11.1999 2.306 -6.172 1.214
25.11.1999 2.299 -6.17 1.212
26.11.1999 2.293 -6.167 1.212
27.11.1999 2.28 -6.165 1.211
28.11.1999 2.269 -6.163 1.209
29.11.1999 2.26 -6.162 1.209
30.11.1999 2.248 -6.161 1.208
01.12.1999 2.235 -6.159 1.207
02.12.1999 2.221 -6.158 1.205
03.12.1999 2.206 -6.156 1.204
04.12.1999 2.197 -6.153 1.203
05.12.1999 2.186 -6.151 1.201
06.12.1999 2.176 -6.15 1.2
07.12.1999 2.167 -6.148 1.2
08.12.1999 2.153 -6.146 1.199
09.12.1999 2.144 -6.143 1.198
10.12.1999 2.134 -6.142 1.197
11.12.1999 2.123 -6.141 1.196
12.12.1999 2.11 -6.14 1.194
13.12.1999 2.099 -6.137 1.194
14.12.1999 2.086 -6.136 1.193
15.12.1999 2.075 -6.134 1.192
16.12.1999 2.063 -6.133 1.191
17.12.1999 2.051 -6.132 1.19
18.12.1999 2.041 -6.13 1.19
19.12.1999 2.031 -6.128 1.189
20.12.1999 2.026 -6.126 1.187
21.12.1999 2.014 -6.124 1.187
22.12.1999 2.005 -6.121 1.186
23.12.1999 1.991 -6.119 1.185
24.12.1999 1.984 -6.118 1.185
25.12.1999 1.975 -6.116 1.183
26.12.1999 1.97 -6.115 1.182
27.12.1999 1.959 -6.113 1.182
28.12.1999 1.952 -6.111 1.181
29.12.1999 1.941 -6.11 1.179
30.12.1999 1.935 -6.108 1.179
31.12.1999 1.92 -6.107 1.178
01.01.2000 1.909 -6.105 1.177
02.01.2000 1.9 -6.103 1.176
03.01.2000 1.888 -6.102 1.175
04.01.2000 1.882 -6.099 1.174
05.01.2000 1.877 -6.098 1.173
06.01.2000 1.871 -6.096 1.172
07.01.2000 1.864 -6.094 1.17
08.01.2000 1.849 -6.092 1.169
09.01.2000 1.839 -6.09 1.168
10.01.2000 1.828 -6.088 1.168
11.01.2000 1.818 -6.087 1.166
12.01.2000 1.812 -6.085 1.165
13.01.2000 1.805 -6.082 1.164
14.01.2000 1.791 -6.08 1.163
15.01.2000 1.776 -6.079 1.162
16.01.2000 1.768 -6.077 1.161
17.01.2000 1.754 -6.076 1.159
18.01.2000 1.744 -6.074 1.158
19.01.2000 1.734 -6.073 1.157
20.01.2000 1.721 -6.071 1.156
21.01.2000 1.716 -6.069 1.154
22.01.2000 1.704 -6.067 1.153
23.01.2000 1.693 -6.066 1.152
24.01.2000 1.682 -6.064 1.151
25.01.2000 1.676 -6.062 1.151
26.01.2000 1.671 -6.06 1.15
27.01.2000 1.658 -6.059 1.149
28.01.2000 1.651 -6.058 1.148
29.01.2000 1.643 -6.055 1.147
30.01.2000 1.636 -6.053 1.146
31.01.2000 1.624 -6.051 1.145
01.02.2000 1.616 -6.049 1.144
02.02.2000 1.607 -6.047 1.143
03.02.2000 1.595 -6.045 1.141
04.02.2000 1.589 -6.044 1.141
05.02.2000 1.582 -6.042 1.14
06.02.2000 1.575 -6.041 1.138
07.02.2000 1.569 -6.039 1.137
08.02.2000 1.562 -6.038 1.136
09.02.2000 1.549 -6.036 1.134
10.02.2000 1.537 -6.035 1.134
11.02.2000 1.527 -6.034 1.133
12.02.2000 1.518 -6.032 1.132
13.02.2000 1.505 -6.031 1.131
14.02.2000 1.496 -6.029 1.129
15.02.2000 1.485 -6.027 1.128
16.02.2000 1.47 -6.025 1.127
17.02.2000 1.46 -6.024 1.126
18.02.2000 1.445 -6.021 1.125
19.02.2000 1.433 -6.019 1.124
20.02.2000 1.423 -6.016 1.123
21.02.2000 1.412 -6.015 1.122
22.02.2000 1.406 -6.013 1.121
23.02.2000 1.399 -6.012 1.12
24.02.2000 1.393 -6.01 1.119
25.02.2000 1.382 -6.009 1.118
26.02.2000 1.376 -6.007 1.117
27.02.2000 1.369 -6.004 1.115
28.02.2000 1.356 -6.002 1.115
29.02.2000 1.342 -6.001 1.114
01.03.2000 1.329 -6.0 1.113
02.03.2000 1.319 -5.999 1.112
03.03.2000 1.311 -5.997 1.111
04.03.2000 1.305 -5.995 1.11
05.03.2000 1.298 -5.994 1.108
06.03.2000 1.292 -5.992 1.108
07.03.2000 1.282 -5.991 1.106
08.03.2000 1.275 -5.989 1.105
09.03.2000 1.27 -5.987 1.104
10.03.2000 1.26 -5.985 1.103
11.03.2000 1.254 -5.984 1.103
12.03.2000 1.245 -5.983 1.102
13.03.2000 1.235 -5.981 1.101
14.03.2000 1.223 -5.979 1.1
15.03.2000 1.217 -5.977 1.099
16.03.2000 1.204 -5.975 1.098
17.03.2000 1.196 -5.973 1.097
18.03.2000 1.186 -5.972 1.097
19.03.2000 1.177 -5.971 1.096
20.03.2000 1.17 -5.969 1.095
21.03.2000 1.161 -5.967 1.094
22.03.2000 1.148 -5.965 1.094
23.03.2000 1.14 -5.963 1.093
24.03.2000 1.127 -5.961 1.092
25.03.2000 1.118 -5.96 1.09
26.03.2000 1.111 -5.958 1.089
27.03.2000 1.104 -5.957 1.088
28.03.2000 1.091 -5.956 1.088
29.03.2000 1.085 -5.954 1.087
30.03.2000 1.071 -5.952 1.086
31.03.2000 1.058 -5.95 1.085
01.04.2000 1.05 -5.948 1.084
02.04.2000 1.037 -5.946 1.083
03.04.2000 1.023 -5.943 1.082
04.04.2000 1.009 -5.941 1.081
05.04.2000 0.995 -5.94 1.08
06.04.2000 0.98 -5.939 1.08
07.04.2000 0.968 -5.937 1.078
08.04.2000 0.961 -5.935 1.077
09.04.2000 0.951 -5.934 1.076
10.04.2000 0.941 -5.933 1.075
11.04.2000 0.93 -5.931 1.074
12.04.2000 0.924 -5.929 1.073
13.04.2000 0.914 -5.928 1.072
14.04.2000 0.899 -5.927 1.071
15.04.2000 0.89 -5.925 1.07
16.04.2000 0.882 -5.924 1.07
17.04.2000 0.874 -5.922 1.069
18.04.2000 0.866 -5.92 1.068
19.04.2000 0.853 -5.918 1.066
20.04.2000 0.841 -5.916 1.066
21.04.2000 0.834 -5.914 1.065
22.04.2000 0.828 -5.913 1.064
23.04.2000 0.813 -5.912 1.062
24.04.2000 0.8 -5.91 1.061
25.04.2000 0.789 -5.908 1.061
26.04.2000 0.778 -5.907 1.06
27.04.2000 0.768 -5.904 1.059
28.04.2000 0.762 -5.903 1.058
29.04.2000 0.75 -5.901 1.056
30.04.2000 0.745 -5.899 1.055
01.05.2000 0.732 -5.897 1.053
02.05.2000 0.72 -5.896 1.052
03.05.2000 0.706 -5.895 1.051
04.05.2000 0.695 -5.894 1.05
05.05.2000 0.686 -5.892 1.049
06.05.2000 0.677 -5.89 1.048
07.05.2000 0.671 -5.888 1.047
08.05.2000 0.66 -5.887 1.046
09.05.2000 0.65 -5.886 1.045
10.05.2000 0.637 -5.884 1.044
11.05.2000 0.632 -5.882 1.043
12.05.2000 0.626 -5.881 1.042
13.05.2000 0.613 -5.879 1.041
14.05.2000 0.604 -5.877 1.04
15.05.2000 0.598 -5.875 1.039
16.05.2000 0.584 -5.874 1.038
17.05.2000 0.573 -5.872 1.037
18.05.2000 0.562 -5.871 1.036
19.05.2000 0.55 -5.87 1.035
20.05.2000 0.542 -5.869 1.033
21.05.2000 0.528 -5.867 1.032
22.05.2000 0.514 -5.865 1.03
23.05.2000 0.508 -5.863 1.029
24.05.2000 0.501 -5.861 1.028
25.05.2000 0.487 -5.86 1.027
26.05.2000 0.477 -5.858 1.026
27.05.2000 0.47 -5.857 1.025
28.05.2000 0.458 -5.855 1.024
29.05.2000 0.447 -5.853 1.023
30.05.2000 0.434 -5.851 1.023
31.05.2000 0.428 -5.85 1.022
01.06.2000 0.423 -5.849 1.021
02.06.2000 0.411 -5.848 1.019
03.06.2000 0.396 -5.845 1.018
04.06.2000 0.382 -5.844 1.017
05.06.2000 0.371 -5.842 1.016
06.06.2000 0.358 -5.84 1.016
07.06.2000 0.349 -5.839 1.015
08.06.2000 0.336 -5.837 1.014
09.06.2000 0.325 -5.836 1.012
10.06.2000 0.316 -5.835 1.012
11.06.2000 0.306 -5.832 1.011
12.06.2000 0.297 -5.83 1.01
13.06.2000 0.283 -5.829 1.009
14.06.2000 0.271 -5.827 1.008
15.06.2000 0.26 -5.825 1.007
16.06.2000 0.246 -5.823 1.006
17.06.2000 0.239 -5.821 1.005
18.06.2000 0.233 -5.82 1.005
19.06.2000 0.225 -5.819 1.003
20.06.2000 0.214 -5.817 1.003
21.06.2000 0.204 -5.815 1.001
22.06.2000 0.196 -5.813 1.0
23.06.2000 0.183 -5.812 0.999
24.06.2000 0.168 -5.81 0.998
25.06.2000 0.16 -5.808 0.997
26.06.2000 0.154 -5.807 0.996
27.06.2000 0.147 -5.805 0.995
28.06.2000 0.133 -5.804 0.994
29.06.2000 0.121 -5.802 0.994
30.06.2000 0.112 -5.8 0.992
01.07.2000 0.098 -5.798 0.991
02.07.2000 0.084 -5.797 0.99
03.07.2000 0.079 -5.795 0.989
04.07.2000 0.066 -5.794 0.988
05.07.2000 0.06 -5.792 0.987
06.07.2000 0.049 -5.79 0.986
07.07.2000 0.035 -5.789 0.985
08.07.2000 0.022 -5.787 0.984
09.07.2000 0.012 -5.786 0.984
10.07.2000 0.002 -5.784 0.983
