17.11.1985 5.516 -6.802 1.323
18.11.1985 5.507 -6.787 1.321
19.11.1985 5.493 -6.776 1.32
20.11.1985 5.48 -6.768 1.319
21.11.1985 5.474 -6.761 1.319
22.11.1985 5.468 -6.753 1.317
23.11.1985 5.457 -6.75 1.316
24.11.1985 5.444 -6.742 1.316
25.11.1985 5.433 -6.739 1.314
26.11.1985 5.425 -6.734 1.313
27.11.1985 5.418 -6.73 1.313
28.11.1985 5.405 -6.727 1.312
29.11.1985 5.395 -6.723 1.31
30.11.1985 5.38 -6.72 1.31
01.12.1985 5.367 -6.714 1.309
02.12.1985 5.357 -6.71 1.308
03.12.1985 5.343 -6.708 1.307
04.12.1985 5.333 -6.704 1.307
05.12.1985 5.322 -6.7 1.305
06.12.1985 5.312 -6.698 1.304
07.12.1985 5.299 -6.693 1.304
08.12.1985 5.286 -6.687 1.302
09.12.1985 5.275 -6.684 1.301
10.12.1985 5.269 -6.678 1.3
11.12.1985 5.254 -6.676 1.299
12.12.1985 5.245 -6.673 1.298
13.12.1985 5.233 -6.668 1.297
14.12.1985 5.219 -6.666 1.296
15.12.1985 5.205 -6.662 1.295
16.12.1985 5.196 -6.658 1.294
17.12.1985 5.189 -6.655 1.293
18.12.1985 5.178 -6.653 1.292
19.12.1985 5.169 -6.65 1.291
20.12.1985 5.162 -6.645 1.29
21.12.1985 5.156 -6.642 1.289
22.12.1985 5.15 -6.637 1.288
23.12.1985 5.145 -6.633 1.287
24.12.1985 5.135 -6.629 1.286
25.12.1985 5.12 -6.627 1.285
26.12.1985 5.109 -6.624 1.285
27.12.1985 5.101 -6.621 1.284
28.12.1985 5.087 -6.617 1.283
29.12.1985 5.076 -6.614 1.282
30.12.1985 5.071 -6.61 1.281
31.12.1985 5.061 -6.607 1.281
01.01.1986 5.046 -6.604 1.28
02.01.1986 5.036 -6.601 1.278
03.01.1986 5.025 -6.599 1.278
04.01.1986 5.015 -6.595 1.276
05.01.1986 5.005 -6.592 1.275
06.01.1986 4.996 -6.587 1.275
07.01.1986 4.983 -6.583 1.273
08.01.1986 4.972 -6.581 1.272
09.01.1986 4.962 -6.578 1.271
10.01.1986 4.948 -6.573 1.27
11.01.1986 4.94 -6.571 1.269
12.01.1986 4.929 -6.569 1.268
13.01.1986 4.916 -6.564 1.267
14.01.1986 4.906 -6.56 1.266
15.01.1986 4.9 -6.559 1.265
16.01.1986 4.895 -6.555 1.263
17.01.1986 4.882 -6.552 1.262
18.01.1986 4.877 -6.548 1.261
19.01.1986 4.866 -6.544 1.261
20.01.1986 4.86 -6.543 1.26
21.01.1986 4.846 -6.54 1.259
22.01.1986 4.834 -6.538 1.258
23.01.1986 4.82 -6.535 1.256
24.01.1986 4.81 -6.531 1.255
25.01.1986 4.803 -6.529 1.254
26.01.1986 4.797 -6.525 1.253
27.01.1986 4.784 -6.522 1.253
28.01.1986 4.775 -6.519 1.252
29.01.1986 4.77 -6.516 1.25
30.01.1986 4.763 -6.513 1.25
31.01.1986 4.752 -6.511 1.249
01.02.1986 4.745 -6.508 1.247
02.02.1986 4.731 -6.506 1.246
03.02.1986 4.722 -6.504 1.245
04.02.1986 4.717 -6.503 1.244
05.02.1986 4.708 -6.5 1.243
06.02.1986 4.701 -6.497 1.243
07.02.1986 4.694 -6.494 1.242
08.02.1986 4.682 -6.492 1.24
09.02.1986 4.669 -6.49 1.239
10.02.1986 4.661 -6.488 1.239
11.02.1986 4.649 -6.485 1.238
12.02.1986 4.64 -6.482 1.237
13.02.1986 4.63 -6.479 1.236
14.02.1986 4.621 -6.477 1.235
15.02.1986 4.614 -6.474 1.234
16.02.1986 4.603 -6.472 1.233
17.02.1986 4.588 -6.469 1.232
18.02.1986 4.579 -6.465 1.231
19.02.1986 4.573 -6.462 1.23
20.02.1986 4.56 -6.459 1.228
21.02.1986 4.552 -6.457 1.227
22.02.1986 4.54 -6.455 1.226
23.02.1986 4.53 -6.452 1.225
24.02.1986 4.525 -6.45 1.224
25.02.1986 4.517 -6.447 1.223
26.02.1986 4.507 -6.444 1.223
27.02.1986 4.492 -6.44 1.222
28.02.1986 4.484 -6.438 1.221
01.03.1986 4.469 -6.435 1.22
02.03.1986 4.461 -6.431 1.22
03.03.1986 4.449 -6.428 1.219
04.03.1986 4.439 -6.427 1.218
05.03.1986 4.431 -6.424 1.217
06.03.1986 4.424 -6.422 1.216
07.03.1986 4.416 -6.42 1.215
08.03.1986 4.411 -6.418 1.215
09.03.1986 4.403 -6.415 1.214
10.03.1986 4.392 -6.413 1.213
11.03.1986 4.384 -6.41 1.213
12.03.1986 4.37 -6.406 1.212
13.03.1986 4.356 -6.403 1.211
14.03.1986 4.344 -6.401 1.21
15.03.1986 4.333 -6.4 1.209
16.03.1986 4.323 -6.398 1.208
17.03.1986 4.315 -6.397 1.207
18.03.1986 4.303 -6.395 1.206
19.03.1986 4.297 -6.392 1.205
20.03.1986 4.287 -6.391 1.204
21.03.1986 4.273 -6.388 1.203
22.03.1986 4.266 -6.385 1.202
23.03.1986 4.26 -6.382 1.201
24.03.1986 4.25 -6.379 1.2
25.03.1986 4.239 -6.377 1.198
26.03.1986 4.234 -6.374 1.197
27.03.1986 4.228 -6.371 1.196
28.03.1986 4.22 -6.369 1.195
29.03.1986 4.206 -6.368 1.194
30.03.1986 4.193 -6.365 1.194
31.03.1986 4.184 -6.361 1.192
01.04.1986 4.172 -6.36 1.191
02.04.1986 4.158 -6.358 1.19
03.04.1986 4.145 -6.356 1.189
04.04.1986 4.137 -6.354 1.188
05.04.1986 4.131 -6.352 1.187
06.04.1986 4.119 -6.35 1.186
07.04.1986 4.107 -6.349 1.186
08.04.1986 4.096 -6.346 1.185
09.04.1986 4.09 -6.345 1.184
10.04.1986 4.078 -6.343 1.183
11.04.1986 4.068 -6.342 1.182
12.04.1986 4.058 -6.34 1.181
13.04.1986 4.051 -6.338 1.181
14.04.1986 4.039 -6.335 1.179
15.04.1986 4.026 -6.332 1.178
16.04.1986 4.012 -6.329 1.177
17.04.1986 4.0 -6.327 1.176
18.04.1986 3.988 -6.325 1.174
19.04.1986 3.975 -6.322 1.173
20.04.1986 3.963 -6.32 1.171
21.04.1986 3.954 -6.316 1.17
22.04.1986 3.94 -6.313 1.169
23.04.1986 3.925 -6.312 1.168
24.04.1986 3.913 -6.31 1.167
25.04.1986 3.901 -6.307 1.166
26.04.1986 3.893 -6.304 1.165
27.04.1986 3.881 -6.303 1.165
28.04.1986 3.871 -6.301 1.163
29.04.1986 3.857 -6.299 1.162
30.04.1986 3.845 -6.298 1.161
01.05.1986 3.832 -6.296 1.16
02.05.1986 3.824 -6.294 1.158
03.05.1986 3.812 -6.292 1.157
04.05.1986 3.805 -6.291 1.157
05.05.1986 3.797 -6.289 1.156
06.05.1986 3.79 -6.286 1.155
07.05.1986 3.778 -6.284 1.154
08.05.1986 3.764 -6.282 1.153
09.05.1986 3.751 -6.279 1.151
10.05.1986 3.737 -6.277 1.15
11.05.1986 3.723 -6.276 1.149
12.05.1986 3.71 -6.275 1.148
13.05.1986 3.704 -6.274 1.147
14.05.1986 3.698 -6.272 1.145
15.05.1986 3.689 -6.271 1.144
16.05.1986 3.681 -6.27 1.143
17.05.1986 3.668 -6.267 1.142
18.05.1986 3.661 -6.266 1.141
19.05.1986 3.656 -6.264 1.14
20.05.1986 3.647 -6.263 1.138
21.05.1986 3.635 -6.26 1.137
22.05.1986 3.624 -6.258 1.136
23.05.1986 3.61 -6.256 1.136
24.05.1986 3.596 -6.255 1.135
25.05.1986 3.584 -6.252 1.134
26.05.1986 3.578 -6.249 1.133
27.05.1986 3.57 -6.247 1.132
28.05.1986 3.56 -6.244 1.131
29.05.1986 3.551 -6.241 1.13
30.05.1986 3.54 -6.238 1.129
31.05.1986 3.529 -6.235 1.128
01.06.1986 3.515 -6.233 1.127
02.06.1986 3.5 -6.231 1.125
03.06.1986 3.49 -6.229 1.124
04.06.1986 3.483 -6.227 1.123
05.06.1986 3.469 -6.225 1.122
06.06.1986 3.458 -6.222 1.12
07.06.1986 3.447 -6.22 1.12
08.06.1986 3.436 -6.217 1.118
09.06.1986 3.423 -6.216 1.117
10.06.1986 3.412 -6.214 1.116
11.06.1986 3.403 -6.213 1.115
12.06.1986 3.395 -6.211 1.114
13.06.1986 3.388 -6.209 1.113
14.06.1986 3.38 -6.207 1.113
15.06.1986 3.371 -6.206 1.112
16.06.1986 3.359 -6.204 1.111
17.06.1986 3.352 -6.202 1.111
18.06.1986 3.341 -6.201 1.109
19.06.1986 3.335 -6.198 1.109
20.06.1986 3.326 -6.197 1.108
21.06.1986 3.319 -6.196 1.107
22.06.1986 3.305 -6.194 1.106
23.06.1986 3.292 -6.193 1.106
24.06.1986 3.279 -6.191 1.105
25.06.1986 3.27 -6.189 1.104
26.06.1986 3.263 -6.186 1.103
27.06.1986 3.249 -6.184 1.102
28.06.1986 3.243 -6.183 1.101
29.06.1986 3.233 -6.182 1.1
30.06.1986 3.225 -6.18 1.099
01.07.1986 3.214 -6.178 1.098
02.07.1986 3.203 -6.176 1.097
03.07.1986 3.198 -6.174 1.096
04.07.1986 3.183 -6.171 1.095
05.07.1986 3.172 -6.17 1.094
06.07.1986 3.161 -6.168 1.092
07.07.1986 3.155 -6.166 1.091
08.07.1986 3.144 -6.165 1.091
09.07.1986 3.137 -6.163 1.09
10.07.1986 3.132 -6.16 1.089
11.07.1986 3.123 -6.158 1.088
12.07.1986 3.115 -6.157 1.088
13.07.1986 3.103 -6.154 1.086
14.07.1986 3.089 -6.152 1.085
15.07.1986 3.077 -6.15 1.084
16.07.1986 3.067 -6.148 1.083
17.07.1986 3.057 -6.146 1.082
18.07.1986 3.048 -6.145 1.081
19.07.1986 3.034 -6.144 1.08
20.07.1986 3.028 -6.142 1.079
21.07.1986 3.014 -6.14 1.079
22.07.1986 3.008 -6.137 1.077
23.07.1986 2.994 -6.136 1.077
24.07.1986 2.985 -6.134 1.075
25.07.1986 2.979 -6.132 1.074
26.07.1986 2.971 -6.13 1.073
27.07.1986 2.963 -6.129 1.072
28.07.1986 2.956 -6.127 1.071
29.07.1986 2.948 -6.125 1.07
30.07.1986 2.939 -6.123 1.069
31.07.1986 2.925 -6.12 1.068
01.08.1986 2.914 -6.119 1.068
02.08.1986 2.902 -6.117 1.067
03.08.1986 2.896 -6.115 1.066
04.08.1986 2.881 -6.113 1.065
05.08.1986 2.872 -6.111 1.064
06.08.1986 2.863 -6.109 1.063
07.08.1986 2.854 -6.108 1.063
08.08.1986 2.843 -6.105 1.062
09.08.1986 2.832 -6.103 1.061
10.08.1986 2.825 -6.102 1.06
11.08.1986 2.815 -6.101 1.059
12.08.1986 2.81 -6.099 1.058
13.08.1986 2.802 -6.098 1.057
14.08.1986 2.791 -6.095 1.056
15.08.1986 2.782 -6.093 1.055
16.08.1986 2.768 -6.092 1.054
17.08.1986 2.757 -6.089 1.053
18.08.1986 2.743 -6.088 1.052
19.08.1986 2.736 -6.087 1.051
20.08.1986 2.725 -6.084 1.051
21.08.1986 2.712 -6.082 1.049
22.08.1986 2.699 -6.079 1.049
23.08.1986 2.687 -6.078 1.048
24.08.1986 2.677 -6.076 1.047
25.08.1986 2.666 -6.073 1.046
26.08.1986 2.659 -6.072 1.045
27.08.1986 2.65 -6.071 1.044
28.08.1986 2.642 -6.068 1.043
29.08.1986 2.632 -6.066 1.042
30.08.1986 2.618 -6.065 1.04
31.08.1986 2.606 -6.063 1.04
01.09.1986 2.592 -6.061 1.039
02.09.1986 2.585 -6.059 1.037
03.09.1986 2.576 -6.057 1.036
04.09.1986 2.566 -6.056 1.035
05.09.1986 2.555 -6.053 1.034
06.09.1986 2.544 -6.051 1.033
07.09.1986 2.536 -6.048 1.032
08.09.1986 2.528 -6.047 1.03
09.09.1986 2.519 -6.045 1.029
10.09.1986 2.509 -6.043 1.029
11.09.1986 2.504 -6.041 1.027
12.09.1986 2.492 -6.039 1.026
13.09.1986 2.479 -6.038 1.025
14.09.1986 2.467 -6.037 1.025
15.09.1986 2.46 -6.034 1.023
16.09.1986 2.45 -6.032 1.023
17.09.1986 2.443 -6.03 1.022
18.09.1986 2.429 -6.028 1.021
19.09.1986 2.417 -6.027 1.02
20.09.1986 2.41 -6.024 1.019
21.09.1986 2.404 -6.022 1.019
22.09.1986 2.397 -6.02 1.017
23.09.1986 2.388 -6.018 1.016
24.09.1986 2.38 -6.016 1.015
25.09.1986 2.369 -6.015 1.015
26.09.1986 2.361 -6.014 1.013
27.09.1986 2.347 -6.011 1.012
28.09.1986 2.332 -6.009 1.011
29.09.1986 2.324 -6.007 1.009
30.09.1986 2.318 -6.005 1.008
01.10.1986 2.305 -6.003 1.007
02.10.1986 2.29 -6.001 1.006
03.10.1986 2.282 -5.998 1.005
04.10.1986 2.275 -5.997 1.003
05.10.1986 2.266 -5.995 1.002
06.10.1986 2.251 -5.994 1.002
07.10.1986 2.243 -5.992 1.001
08.10.1986 2.229 -5.99 1.0
09.10.1986 2.221 -5.989 0.999
10.10.1986 2.212 -5.987 0.998
11.10.1986 2.206 -5.986 0.997
12.10.1986 2.191 -5.985 0.996
13.10.1986 2.179 -5.983 0.996
14.10.1986 2.172 -5.982 0.995
15.10.1986 2.162 -5.98 0.995
16.10.1986 2.155 -5.979 0.993
17.10.1986 2.145 -5.978 0.993
18.10.1986 2.136 -5.977 0.992
19.10.1986 2.124 -5.976 0.991
20.10.1986 2.11 -5.974 0.99
21.10.1986 2.098 -5.973 0.989
22.10.1986 2.089 -5.971 0.988
23.10.1986 2.075 -5.97 0.987
24.10.1986 2.062 -5.968 0.986
25.10.1986 2.047 -5.966 0.985
26.10.1986 2.033 -5.965 0.984
27.10.1986 2.023 -5.964 0.983
28.10.1986 2.012 -5.962 0.982
29.10.1986 2.002 -5.961 0.981
30.10.1986 1.995 -5.96 0.98
31.10.1986 1.98 -5.959 0.978
01.11.1986 1.969 -5.957 0.978
02.11.1986 1.962 -5.955 0.976
03.11.1986 1.949 -5.953 0.975
04.11.1986 1.941 -5.951 0.974
05.11.1986 1.93 -5.95 0.974
06.11.1986 1.922 -5.948 0.973
07.11.1986 1.91 -5.946 0.971
08.11.1986 1.903 -5.944 0.971
09.11.1986 1.888 -5.943 0.969
10.11.1986 1.879 -5.941 0.968
11.11.1986 1.867 -5.94 0.967
12.11.1986 1.855 -5.938 0.966
13.11.1986 1.847 -5.937 0.965
14.11.1986 1.837 -5.935 0.964
15.11.1986 1.828 -5.932 0.962
16.11.1986 1.816 -5.93 0.962
17.11.1986 1.81 -5.928 0.96
18.11.1986 1.801 -5.926 0.96
19.11.1986 1.788 -5.925 0.958
20.11.1986 1.782 -5.923 0.957
21.11.1986 1.773 -5.92 0.956
22.11.1986 1.765 -5.92 0.955
23.11.1986 1.754 -5.917 0.954
24.11.1986 1.74 -5.915 0.953
25.11.1986 1.734 -5.914 0.952
26.11.1986 1.724 -5.912 0.952
27.11.1986 1.719 -5.91 0.951
28.11.1986 1.704 -5.908 0.95
29.11.1986 1.693 -5.906 0.949
30.11.1986 1.688 -5.905 0.948
01.12.1986 1.679 -5.902 0.947
02.12.1986 1.667 -5.901 0.946
03.12.1986 1.656 -5.9 0.945
04.12.1986 1.648 -5.9 0.944
05.12.1986 1.634 -5.898 0.943
06.12.1986 1.629 -5.896 0.942
07.12.1986 1.622 -5.894 0.941
08.12.1986 1.614 -5.893 0.94
09.12.1986 1.6 -5.892 0.939
10.12.1986 1.589 -5.89 0.939
11.12.1986 1.578 -5.888 0.938
12.12.1986 1.57 -5.887 0.937
13.12.1986 1.563 -5.885 0.936
14.12.1986 1.554 -5.883 0.935
15.12.1986 1.546 -5.882 0.934
16.12.1986 1.536 -5.88 0.933
17.12.1986 1.525 -5.878 0.932
18.12.1986 1.518 -5.877 0.931
19.12.1986 1.503 -5.874 0.93
20.12.1986 1.497 -5.873 0.928
21.12.1986 1.491 -5.872 0.927
22.12.1986 1.484 -5.87 0.926
23.12.1986 1.476 -5.868 0.925
24.12.1986 1.467 -5.867 0.924
25.12.1986 1.458 -5.866 0.923
26.12.1986 1.451 -5.864 0.922
27.12.1986 1.441 -5.862 0.921
28.12.1986 1.427 -5.861 0.92
29.12.1986 1.415 -5.859 0.918
30.12.1986 1.408 -5.858 0.917
31.12.1986 1.399 -5.857 0.916
01.01.1987 1.393 -5.855 0.914
02.01.1987 1.387 -5.854 0.914
03.01.1987 1.373 -5.853 0.913
04.01.1987 1.366 -5.851 0.912
05.01.1987 1.36 -5.849 0.912
06.01.1987 1.353 -5.848 0.911
07.01.1987 1.339 -5.846 0.91
08.01.1987 1.332 -5.845 0.908
09.01.1987 1.322 -5.843 0.907
10.01.1987 1.31 -5.841 0.906
11.01.1987 1.305 -5.84 0.905
12.01.1987 1.295 -5.839 0.905
13.01.1987 1.287 -5.838 0.903
14.01.1987 1.28 -5.835 0.903
15.01.1987 1.272 -5.834 0.902
16.01.1987 1.265 -5.832 0.901
17.01.1987 1.255 -5.83 0.9
18.01.1987 1.245 -5.829 0.898
19.01.1987 1.237 -5.827 0.897
20.01.1987 1.224 -5.826 0.896
21.01.1987 1.21 -5.825 0.896
22.01.1987 1.195 -5.824 0.894
23.01.1987 1.182 -5.822 0.894
24.01.1987 1.173 -5.821 0.893
25.01.1987 1.159 -5.819 0.891
26.01.1987 1.149 -5.817 0.891
27.01.1987 1.143 -5.815 0.89
28.01.1987 1.134 -5.814 0.889
29.01.1987 1.128 -5.813 0.888
30.01.1987 1.116 -5.81 0.887
31.01.1987 1.107 -5.809 0.886
01.02.1987 1.099 -5.807 0.885
02.02.1987 1.087 -5.805 0.884
03.02.1987 1.081 -5.804 0.883
04.02.1987 1.066 -5.802 0.883
05.02.1987 1.058 -5.802 0.881
06.02.1987 1.044 -5.8 0.88
07.02.1987 1.036 -5.799 0.879
08.02.1987 1.031 -5.798 0.878
09.02.1987 1.023 -5.796 0.877
10.02.1987 1.013 -5.794 0.876
11.02.1987 1.0 -5.793 0.875
12.02.1987 0.991 -5.791 0.874
13.02.1987 0.983 -5.789 0.872
14.02.1987 0.97 -5.788 0.872
15.02.1987 0.96 -5.785 0.871
16.02.1987 0.946 -5.783 0.87
17.02.1987 0.939 -5.782 0.869
18.02.1987 0.93 -5.78 0.868
19.02.1987 0.922 -5.779 0.866
20.02.1987 0.915 -5.777 0.865
21.02.1987 0.903 -5.776 0.864
22.02.1987 0.892 -5.774 0.863
23.02.1987 0.879 -5.772 0.862
24.02.1987 0.873 -5.771 0.861
25.02.1987 0.867 -5.769 0.86
26.02.1987 0.856 -5.768 0.859
27.02.1987 0.85 -5.766 0.858
28.02.1987 0.839 -5.765 0.857
01.03.1987 0.831 -5.764 0.856
02.03.1987 0.824 -5.761 0.855
03.03.1987 0.817 -5.759 0.854
04.03.1987 0.81 -5.758 0.853
05.03.1987 0.802 -5.757 0.852
06.03.1987 0.791 -5.756 0.851
07.03.1987 0.785 -5.755 0.85
08.03.1987 0.778 -5.753 0.849
09.03.1987 0.769 -5.751 0.848
10.03.1987 0.758 -5.75 0.847
11.03.1987 0.749 -5.749 0.846
12.03.1987 0.736 -5.746 0.844
13.03.1987 0.721 -5.745 0.843
14.03.1987 0.709 -5.743 0.842
15.03.1987 0.7 -5.741 0.84
16.03.1987 0.685 -5.74 0.839
17.03.1987 0.674 -5.739 0.839
18.03.1987 0.662 -5.737 0.838
19.03.1987 0.653 -5.736 0.837
20.03.1987 0.64 -5.734 0.837
21.03.1987 0.628 -5.733 0.836
22.03.1987 0.621 -5.73 0.835
23.03.1987 0.615 -5.728 0.834
24.03.1987 0.605 -5.727 0.833
25.03.1987 0.6 -5.725 0.832
26.03.1987 0.591 -5.724 0.831
27.03.1987 0.577 -5.722 0.83
28.03.1987 0.567 -5.72 0.829
29.03.1987 0.553 -5.719 0.828
30.03.1987 0.544 -5.717 0.827
31.03.1987 0.531 -5.715 0.826
01.04.1987 0.522 -5.713 0.825
02.04.1987 0.515 -5.711 0.824
03.04.1987 0.508 -5.709 0.823
04.04.1987 0.494 -5.708 0.822
05.04.1987 0.484 -5.706 0.821
06.04.1987 0.47 -5.704 0.82
07.04.1987 0.464 -5.703 0.819
08.04.1987 0.453 -5.702 0.818
09.04.1987 0.448 -5.7 0.816
10.04.1987 0.44 -5.699 0.815
11.04.1987 0.432 -5.697 0.814
12.04.1987 0.42 -5.696 0.813
13.04.1987 0.415 -5.696 0.813
14.04.1987 0.404 -5.694 0.812
15.04.1987 0.397 -5.693 0.81
16.04.1987 0.389 -5.692 0.81
17.04.1987 0.378 -5.69 0.808
18.04.1987 0.369 -5.688 0.807
19.04.1987 0.361 -5.687 0.806
20.04.1987 0.347 -5.685 0.806
21.04.1987 0.337 -5.684 0.805
22.04.1987 0.331 -5.682 0.804
23.04.1987 0.318 -5.68 0.803
24.04.1987 0.306 -5.678 0.802
25.04.1987 0.3 -5.676 0.801
26.04.1987 0.293 -5.675 0.8
27.04.1987 0.287 -5.674 0.799
28.04.1987 0.277 -5.672 0.799
29.04.1987 0.268 -5.671 0.798
30.04.1987 0.263 -5.669 0.798
01.05.1987 0.254 -5.667 0.796
02.05.1987 0.242 -5.665 0.796
03.05.1987 0.229 -5.664 0.794
04.05.1987 0.221 -5.662 0.793
05.05.1987 0.213 -5.661 0.792
06.05.1987 0.2 -5.66 0.79
07.05.1987 0.19 -5.658 0.79
08.05.1987 0.184 -5.657 0.788
09.05.1987 0.173 -5.656 0.787
10.05.1987 0.166 -5.653 0.787
11.05.1987 0.16 -5.652 0.785
12.05.1987 0.146 -5.649 0.785
13.05.1987 0.138 -5.648 0.784
14.05.1987 0.129 -5.647 0.783
15.05.1987 0.117 -5.646 0.782
16.05.1987 0.105 -5.645 0.781
17.05.1987 0.096 -5.643 0.78
18.05.1987 0.083 -5.641 0.779
19.05.1987 0.077 -5.64 0.778
20.05.1987 0.066 -5.638 0.777
21.05.1987 0.058 -5.637 0.776
22.05.1987 0.044 -5.635 0.775
23.05.1987 0.033 -5.634 0.774
24.05.1987 0.02 -5.632 0.773
25.05.1987 0.013 -5.631 0.772
26.05.1987 0.002 -5.629 0.77
