24.07.1980 5.687 -6.384 1.309
25.07.1980 5.672 -6.369 1.308
26.07.1980 5.661 -6.358 1.307
27.07.1980 5.646 -6.347 1.307
28.07.1980 5.635 -6.344 1.306
29.07.1980 5.624 -6.338 1.305
30.07.1980 5.61 -6.33 1.304
31.07.1980 5.6 -6.324 1.303
01.08.1980 5.591 -6.316 1.301
02.08.1980 5.58 -6.314 1.301
03.08.1980 5.57 -6.307 1.3
04.08.1980 5.561 -6.3 1.299
05.08.1980 5.554 -6.297 1.298
06.08.1980 5.545 -6.294 1.297
07.08.1980 5.532 -6.287 1.296
08.08.1980 5.524 -6.282 1.294
09.08.1980 5.518 -6.278 1.293
10.08.1980 5.511 -6.275 1.292
11.08.1980 5.501 -6.271 1.291
12.08.1980 5.49 -6.265 1.29
13.08.1980 5.484 -6.26 1.289
14.08.1980 5.475 -6.254 1.288
15.08.1980 5.464 -6.251 1.287
16.08.1980 5.455 -6.248 1.287
17.08.1980 5.448 -6.244 1.286
18.08.1980 5.436 -6.241 1.286
19.08.1980 5.425 -6.238 1.285
20.08.1980 5.419 -6.234 1.284
21.08.1980 5.411 -6.232 1.282
22.08.1980 5.398 -6.229 1.281
23.08.1980 5.39 -6.225 1.281
24.08.1980 5.383 -6.223 1.28
25.08.1980 5.375 -6.218 1.279
26.08.1980 5.361 -6.214 1.277
27.08.1980 5.351 -6.212 1.276
28.08.1980 5.345 -6.208 1.275
29.08.1980 5.336 -6.204 1.273
30.08.1980 5.329 -6.201 1.272
31.08.1980 5.32 -6.198 1.271
01.09.1980 5.305 -6.196 1.27
02.09.1980 5.295 -6.194 1.269
03.09.1980 5.281 -6.191 1.269
04.09.1980 5.274 -6.189 1.268
05.09.1980 5.265 -6.185 1.267
06.09.1980 5.258 -6.183 1.266
07.09.1980 5.252 -6.179 1.265
08.09.1980 5.238 -6.176 1.264
09.09.1980 5.231 -6.172 1.264
10.09.1980 5.217 -6.167 1.263
11.09.1980 5.202 -6.164 1.262
12.09.1980 5.194 -6.162 1.261
13.09.1980 5.181 -6.158 1.26
14.09.1980 5.167 -6.156 1.259
15.09.1980 5.157 -6.152 1.258
16.09.1980 5.147 -6.151 1.257
17.09.1980 5.139 -6.147 1.256
18.09.1980 5.132 -6.143 1.254
19.09.1980 5.125 -6.14 1.253
20.09.1980 5.116 -6.137 1.252
21.09.1980 5.106 -6.134 1.251
22.09.1980 5.094 -6.13 1.25
23.09.1980 5.079 -6.127 1.249
24.09.1980 5.068 -6.124 1.247
25.09.1980 5.056 -6.12 1.246
26.09.1980 5.046 -6.117 1.245
27.09.1980 5.039 -6.115 1.244
28.09.1980 5.027 -6.113 1.243
29.09.1980 5.017 -6.11 1.242
30.09.1980 5.006 -6.108 1.24
01.10.1980 4.993 -6.107 1.239
02.10.1980 4.985 -6.104 1.238
03.10.1980 4.97 -6.101 1.237
04.10.1980 4.958 -6.097 1.236
05.10.1980 4.948 -6.095 1.235
06.10.1980 4.937 -6.091 1.234
07.10.1980 4.926 -6.089 1.232
08.10.1980 4.92 -6.085 1.232
09.10.1980 4.914 -6.084 1.231
10.10.1980 4.905 -6.08 1.23
11.10.1980 4.894 -6.077 1.229
12.10.1980 4.885 -6.074 1.227
13.10.1980 4.876 -6.071 1.227
14.10.1980 4.871 -6.068 1.226
15.10.1980 4.864 -6.066 1.225
16.10.1980 4.853 -6.063 1.225
17.10.1980 4.847 -6.06 1.224
18.10.1980 4.838 -6.058 1.224
19.10.1980 4.825 -6.056 1.223
20.10.1980 4.813 -6.053 1.222
21.10.1980 4.8 -6.051 1.221
22.10.1980 4.793 -6.047 1.22
23.10.1980 4.78 -6.045 1.219
24.10.1980 4.774 -6.043 1.218
25.10.1980 4.766 -6.041 1.217
26.10.1980 4.755 -6.039 1.216
27.10.1980 4.747 -6.037 1.215
28.10.1980 4.738 -6.034 1.214
29.10.1980 4.726 -6.03 1.214
30.10.1980 4.719 -6.028 1.213
31.10.1980 4.709 -6.027 1.212
01.11.1980 4.696 -6.023 1.211
02.11.1980 4.685 -6.021 1.21
03.11.1980 4.678 -6.018 1.209
04.11.1980 4.663 -6.015 1.208
05.11.1980 4.656 -6.012 1.207
06.11.1980 4.644 -6.009 1.206
07.11.1980 4.632 -6.008 1.205
08.11.1980 4.626 -6.005 1.204
09.11.1980 4.614 -6.003 1.203
10.11.1980 4.606 -6.0 1.202
11.11.1980 4.594 -5.998 1.201
12.11.1980 4.588 -5.996 1.2
13.11.1980 4.576 -5.994 1.198
14.11.1980 4.57 -5.992 1.197
15.11.1980 4.564 -5.99 1.196
16.11.1980 4.556 -5.988 1.195
17.11.1980 4.548 -5.985 1.194
18.11.1980 4.535 -5.982 1.193
19.11.1980 4.525 -5.98 1.192
20.11.1980 4.512 -5.979 1.191
21.11.1980 4.499 -5.976 1.19
22.11.1980 4.491 -5.973 1.19
23.11.1980 4.481 -5.971 1.189
24.11.1980 4.474 -5.968 1.188
25.11.1980 4.461 -5.965 1.187
26.11.1980 4.454 -5.963 1.185
27.11.1980 4.448 -5.961 1.185
28.11.1980 4.434 -5.958 1.183
29.11.1980 4.427 -5.956 1.182
30.11.1980 4.42 -5.954 1.181
01.12.1980 4.414 -5.953 1.179
02.12.1980 4.406 -5.95 1.178
03.12.1980 4.395 -5.947 1.177
04.12.1980 4.382 -5.945 1.176
05.12.1980 4.37 -5.943 1.175
06.12.1980 4.359 -5.94 1.175
07.12.1980 4.346 -5.938 1.174
08.12.1980 4.334 -5.936 1.173
09.12.1980 4.328 -5.933 1.172
10.12.1980 4.321 -5.931 1.171
11.12.1980 4.313 -5.929 1.171
12.12.1980 4.299 -5.926 1.169
13.12.1980 4.294 -5.923 1.168
14.12.1980 4.281 -5.92 1.168
15.12.1980 4.268 -5.917 1.167
16.12.1980 4.253 -5.914 1.166
17.12.1980 4.247 -5.911 1.165
18.12.1980 4.233 -5.909 1.164
19.12.1980 4.223 -5.906 1.163
20.12.1980 4.213 -5.904 1.163
21.12.1980 4.201 -5.902 1.162
22.12.1980 4.187 -5.901 1.161
23.12.1980 4.179 -5.899 1.16
24.12.1980 4.168 -5.897 1.159
25.12.1980 4.159 -5.895 1.159
26.12.1980 4.145 -5.892 1.158
27.12.1980 4.133 -5.889 1.157
28.12.1980 4.118 -5.887 1.156
29.12.1980 4.104 -5.886 1.155
30.12.1980 4.097 -5.884 1.153
31.12.1980 4.087 -5.881 1.152
01.01.1981 4.074 -5.879 1.151
02.01.1981 4.068 -5.878 1.149
03.01.1981 4.059 -5.875 1.148
04.01.1981 4.049 -5.874 1.147
05.01.1981 4.04 -5.871 1.146
06.01.1981 4.03 -5.868 1.146
07.01.1981 4.022 -5.866 1.145
08.01.1981 4.012 -5.864 1.143
09.01.1981 4.004 -5.861 1.143
10.01.1981 3.997 -5.859 1.142
11.01.1981 3.992 -5.857 1.14
12.01.1981 3.986 -5.854 1.139
13.01.1981 3.978 -5.852 1.138
14.01.1981 3.963 -5.849 1.137
15.01.1981 3.955 -5.847 1.136
16.01.1981 3.946 -5.844 1.135
17.01.1981 3.936 -5.842 1.133
18.01.1981 3.922 -5.84 1.133
19.01.1981 3.909 -5.838 1.132
20.01.1981 3.902 -5.837 1.131
21.01.1981 3.892 -5.835 1.13
22.01.1981 3.882 -5.833 1.129
23.01.1981 3.873 -5.831 1.128
24.01.1981 3.866 -5.829 1.127
25.01.1981 3.855 -5.828 1.127
26.01.1981 3.842 -5.826 1.126
27.01.1981 3.836 -5.825 1.125
28.01.1981 3.827 -5.823 1.124
29.01.1981 3.819 -5.822 1.122
30.01.1981 3.81 -5.819 1.122
31.01.1981 3.799 -5.818 1.121
01.02.1981 3.79 -5.815 1.119
02.02.1981 3.775 -5.814 1.118
03.02.1981 3.764 -5.811 1.117
04.02.1981 3.756 -5.809 1.116
05.02.1981 3.749 -5.807 1.115
06.02.1981 3.737 -5.804 1.115
07.02.1981 3.726 -5.802 1.113
08.02.1981 3.717 -5.801 1.112
09.02.1981 3.708 -5.798 1.111
10.02.1981 3.703 -5.796 1.11
11.02.1981 3.689 -5.794 1.109
12.02.1981 3.677 -5.793 1.108
13.02.1981 3.667 -5.791 1.106
14.02.1981 3.66 -5.79 1.105
15.02.1981 3.653 -5.789 1.104
16.02.1981 3.645 -5.787 1.103
17.02.1981 3.63 -5.785 1.101
18.02.1981 3.624 -5.784 1.101
19.02.1981 3.616 -5.782 1.099
20.02.1981 3.605 -5.779 1.098
21.02.1981 3.598 -5.777 1.097
22.02.1981 3.585 -5.775 1.096
23.02.1981 3.573 -5.774 1.095
24.02.1981 3.564 -5.771 1.094
25.02.1981 3.557 -5.769 1.093
26.02.1981 3.549 -5.766 1.093
27.02.1981 3.541 -5.765 1.091
28.02.1981 3.534 -5.763 1.09
01.03.1981 3.527 -5.76 1.089
02.03.1981 3.518 -5.758 1.088
03.03.1981 3.51 -5.755 1.087
04.03.1981 3.495 -5.754 1.086
05.03.1981 3.48 -5.752 1.085
06.03.1981 3.469 -5.751 1.084
07.03.1981 3.458 -5.748 1.083
08.03.1981 3.446 -5.747 1.083
09.03.1981 3.433 -5.744 1.082
10.03.1981 3.428 -5.743 1.081
11.03.1981 3.421 -5.741 1.08
12.03.1981 3.409 -5.739 1.079
13.03.1981 3.397 -5.736 1.078
14.03.1981 3.39 -5.733 1.077
15.03.1981 3.377 -5.731 1.076
16.03.1981 3.364 -5.728 1.075
17.03.1981 3.35 -5.726 1.074
18.03.1981 3.341 -5.725 1.072
19.03.1981 3.332 -5.724 1.071
20.03.1981 3.323 -5.722 1.07
21.03.1981 3.314 -5.721 1.069
22.03.1981 3.307 -5.719 1.068
23.03.1981 3.293 -5.717 1.066
24.03.1981 3.279 -5.715 1.066
25.03.1981 3.266 -5.713 1.064
26.03.1981 3.253 -5.71 1.063
27.03.1981 3.244 -5.708 1.062
28.03.1981 3.231 -5.707 1.061
29.03.1981 3.224 -5.704 1.06
30.03.1981 3.212 -5.703 1.058
31.03.1981 3.205 -5.702 1.057
01.04.1981 3.19 -5.699 1.056
02.04.1981 3.178 -5.698 1.056
03.04.1981 3.167 -5.696 1.055
04.04.1981 3.153 -5.694 1.054
05.04.1981 3.139 -5.693 1.053
06.04.1981 3.13 -5.69 1.052
07.04.1981 3.12 -5.688 1.051
08.04.1981 3.113 -5.686 1.05
09.04.1981 3.104 -5.684 1.049
10.04.1981 3.094 -5.683 1.048
11.04.1981 3.084 -5.681 1.047
12.04.1981 3.071 -5.679 1.046
13.04.1981 3.057 -5.677 1.045
14.04.1981 3.042 -5.674 1.044
15.04.1981 3.037 -5.672 1.043
16.04.1981 3.027 -5.67 1.041
17.04.1981 3.013 -5.669 1.04
18.04.1981 3.005 -5.667 1.039
19.04.1981 2.991 -5.666 1.038
20.04.1981 2.985 -5.663 1.037
21.04.1981 2.978 -5.661 1.036
22.04.1981 2.964 -5.659 1.035
23.04.1981 2.952 -5.657 1.034
24.04.1981 2.939 -5.655 1.034
25.04.1981 2.929 -5.654 1.032
26.04.1981 2.915 -5.651 1.031
27.04.1981 2.907 -5.649 1.03
28.04.1981 2.895 -5.647 1.028
29.04.1981 2.89 -5.645 1.027
30.04.1981 2.88 -5.643 1.027
01.05.1981 2.867 -5.641 1.026
02.05.1981 2.862 -5.639 1.025
03.05.1981 2.848 -5.637 1.023
04.05.1981 2.833 -5.635 1.023
05.05.1981 2.828 -5.633 1.022
06.05.1981 2.816 -5.631 1.021
07.05.1981 2.809 -5.629 1.02
08.05.1981 2.795 -5.627 1.018
09.05.1981 2.781 -5.624 1.017
10.05.1981 2.773 -5.623 1.016
11.05.1981 2.766 -5.621 1.015
12.05.1981 2.758 -5.62 1.014
13.05.1981 2.746 -5.618 1.013
14.05.1981 2.732 -5.616 1.012
15.05.1981 2.72 -5.615 1.011
16.05.1981 2.71 -5.612 1.01
17.05.1981 2.705 -5.611 1.009
18.05.1981 2.691 -5.609 1.008
19.05.1981 2.684 -5.607 1.008
20.05.1981 2.678 -5.605 1.007
21.05.1981 2.669 -5.603 1.006
22.05.1981 2.661 -5.601 1.005
23.05.1981 2.653 -5.6 1.004
24.05.1981 2.645 -5.598 1.003
25.05.1981 2.638 -5.597 1.002
26.05.1981 2.625 -5.595 1.001
27.05.1981 2.614 -5.594 1.0
28.05.1981 2.602 -5.591 0.999
29.05.1981 2.592 -5.589 0.998
30.05.1981 2.584 -5.588 0.997
31.05.1981 2.577 -5.587 0.996
01.06.1981 2.567 -5.585 0.994
02.06.1981 2.558 -5.583 0.993
03.06.1981 2.551 -5.581 0.993
04.06.1981 2.542 -5.58 0.992
05.06.1981 2.533 -5.578 0.991
06.06.1981 2.52 -5.575 0.99
07.06.1981 2.511 -5.574 0.99
08.06.1981 2.498 -5.573 0.989
09.06.1981 2.486 -5.571 0.988
10.06.1981 2.477 -5.569 0.987
11.06.1981 2.462 -5.568 0.986
12.06.1981 2.451 -5.566 0.984
13.06.1981 2.44 -5.564 0.983
14.06.1981 2.426 -5.562 0.982
15.06.1981 2.411 -5.561 0.982
16.06.1981 2.402 -5.559 0.981
17.06.1981 2.395 -5.557 0.98
18.06.1981 2.39 -5.555 0.979
19.06.1981 2.383 -5.553 0.978
20.06.1981 2.37 -5.551 0.977
21.06.1981 2.362 -5.55 0.976
22.06.1981 2.356 -5.549 0.975
23.06.1981 2.345 -5.546 0.974
24.06.1981 2.337 -5.544 0.973
25.06.1981 2.33 -5.542 0.972
26.06.1981 2.317 -5.539 0.971
27.06.1981 2.303 -5.538 0.971
28.06.1981 2.295 -5.535 0.97
29.06.1981 2.286 -5.533 0.969
30.06.1981 2.278 -5.531 0.968
01.07.1981 2.268 -5.529 0.968
02.07.1981 2.254 -5.527 0.967
03.07.1981 2.239 -5.526 0.967
04.07.1981 2.232 -5.524 0.965
05.07.1981 2.221 -5.523 0.964
06.07.1981 2.216 -5.522 0.963
07.07.1981 2.209 -5.519 0.962
08.07.1981 2.195 -5.518 0.961
09.07.1981 2.186 -5.516 0.961
10.07.1981 2.178 -5.515 0.96
11.07.1981 2.166 -5.513 0.959
12.07.1981 2.158 -5.511 0.958
13.07.1981 2.15 -5.509 0.957
14.07.1981 2.144 -5.506 0.956
15.07.1981 2.133 -5.505 0.954
16.07.1981 2.122 -5.503 0.953
17.07.1981 2.116 -5.501 0.952
18.07.1981 2.101 -5.5 0.952
19.07.1981 2.093 -5.497 0.95
20.07.1981 2.083 -5.496 0.949
21.07.1981 2.072 -5.493 0.947
22.07.1981 2.064 -5.492 0.946
23.07.1981 2.055 -5.491 0.945
24.07.1981 2.049 -5.488 0.944
25.07.1981 2.035 -5.486 0.944
26.07.1981 2.022 -5.485 0.943
27.07.1981 2.013 -5.484 0.942
28.07.1981 2.001 -5.482 0.941
29.07.1981 1.994 -5.481 0.94
30.07.1981 1.981 -5.479 0.939
31.07.1981 1.974 -5.477 0.938
01.08.1981 1.968 -5.474 0.938
02.08.1981 1.959 -5.472 0.936
03.08.1981 1.944 -5.471 0.936
04.08.1981 1.932 -5.47 0.935
05.08.1981 1.918 -5.469 0.934
06.08.1981 1.912 -5.467 0.932
07.08.1981 1.898 -5.465 0.931
08.08.1981 1.885 -5.463 0.93
09.08.1981 1.873 -5.461 0.928
10.08.1981 1.859 -5.459 0.927
11.08.1981 1.844 -5.457 0.926
12.08.1981 1.838 -5.456 0.925
13.08.1981 1.831 -5.455 0.923
14.08.1981 1.821 -5.454 0.923
15.08.1981 1.815 -5.452 0.922
16.08.1981 1.807 -5.451 0.921
17.08.1981 1.796 -5.45 0.92
18.08.1981 1.79 -5.448 0.919
19.08.1981 1.785 -5.447 0.919
20.08.1981 1.774 -5.445 0.918
21.08.1981 1.762 -5.442 0.917
22.08.1981 1.754 -5.441 0.916
23.08.1981 1.749 -5.439 0.915
24.08.1981 1.742 -5.438 0.914
25.08.1981 1.729 -5.436 0.913
26.08.1981 1.723 -5.435 0.912
27.08.1981 1.717 -5.432 0.912
28.08.1981 1.71 -5.43 0.91
29.08.1981 1.696 -5.428 0.91
30.08.1981 1.686 -5.426 0.908
31.08.1981 1.68 -5.424 0.907
01.09.1981 1.665 -5.422 0.906
02.09.1981 1.656 -5.42 0.905
03.09.1981 1.649 -5.418 0.904
04.09.1981 1.642 -5.416 0.903
05.09.1981 1.634 -5.415 0.902
06.09.1981 1.624 -5.414 0.901
07.09.1981 1.617 -5.412 0.9
08.09.1981 1.608 -5.41 0.899
09.09.1981 1.594 -5.409 0.898
10.09.1981 1.588 -5.407 0.898
11.09.1981 1.577 -5.405 0.896
12.09.1981 1.564 -5.402 0.896
13.09.1981 1.55 -5.401 0.895
14.09.1981 1.535 -5.399 0.893
15.09.1981 1.525 -5.397 0.893
16.09.1981 1.516 -5.395 0.892
17.09.1981 1.501 -5.394 0.892
18.09.1981 1.488 -5.393 0.891
19.09.1981 1.477 -5.391 0.89
20.09.1981 1.472 -5.389 0.889
21.09.1981 1.46 -5.388 0.888
22.09.1981 1.447 -5.387 0.886
23.09.1981 1.442 -5.386 0.885
24.09.1981 1.429 -5.384 0.884
25.09.1981 1.418 -5.382 0.883
26.09.1981 1.41 -5.38 0.882
27.09.1981 1.401 -5.379 0.881
28.09.1981 1.396 -5.377 0.88
29.09.1981 1.382 -5.376 0.879
30.09.1981 1.371 -5.374 0.878
01.10.1981 1.363 -5.372 0.877
02.10.1981 1.351 -5.369 0.876
03.10.1981 1.343 -5.368 0.876
04.10.1981 1.335 -5.367 0.875
05.10.1981 1.322 -5.366 0.874
06.10.1981 1.314 -5.365 0.873
07.10.1981 1.301 -5.364 0.872
08.10.1981 1.293 -5.362 0.872
09.10.1981 1.279 -5.36 0.871
10.10.1981 1.267 -5.359 0.87
11.10.1981 1.257 -5.358 0.869
12.10.1981 1.246 -5.356 0.868
13.10.1981 1.235 -5.354 0.867
14.10.1981 1.225 -5.352 0.866
15.10.1981 1.216 -5.35 0.866
16.10.1981 1.207 -5.349 0.865
17.10.1981 1.199 -5.348 0.863
18.10.1981 1.189 -5.346 0.862
19.10.1981 1.182 -5.344 0.861
20.10.1981 1.171 -5.343 0.861
21.10.1981 1.162 -5.342 0.86
22.10.1981 1.152 -5.339 0.858
23.10.1981 1.138 -5.338 0.858
24.10.1981 1.131 -5.337 0.857
25.10.1981 1.12 -5.336 0.856
26.10.1981 1.109 -5.334 0.855
27.10.1981 1.102 -5.333 0.854
28.10.1981 1.09 -5.331 0.853
29.10.1981 1.08 -5.329 0.852
30.10.1981 1.065 -5.327 0.851
31.10.1981 1.054 -5.326 0.85
01.11.1981 1.041 -5.325 0.849
02.11.1981 1.029 -5.323 0.848
03.11.1981 1.016 -5.322 0.847
04.11.1981 1.011 -5.32 0.846
05.11.1981 1.001 -5.319 0.845
06.11.1981 0.992 -5.317 0.844
07.11.1981 0.978 -5.316 0.843
08.11.1981 0.964 -5.315 0.842
09.11.1981 0.959 -5.314 0.841
10.11.1981 0.951 -5.312 0.841
11.11.1981 0.944 -5.311 0.84
12.11.1981 0.93 -5.309 0.839
13.11.1981 0.919 -5.307 0.838
14.11.1981 0.906 -5.306 0.836
15.11.1981 0.896 -5.305 0.835
16.11.1981 0.891 -5.304 0.835
17.11.1981 0.881 -5.302 0.834
18.11.1981 0.872 -5.3 0.833
19.11.1981 0.861 -5.299 0.832
20.11.1981 0.85 -5.298 0.831
21.11.1981 0.837 -5.296 0.83
22.11.1981 0.829 -5.294 0.829
23.11.1981 0.816 -5.293 0.828
24.11.1981 0.807 -5.291 0.827
25.11.1981 0.798 -5.289 0.826
26.11.1981 0.784 -5.287 0.824
27.11.1981 0.779 -5.286 0.824
28.11.1981 0.769 -5.284 0.823
29.11.1981 0.764 -5.284 0.822
30.11.1981 0.751 -5.283 0.821
01.12.1981 0.744 -5.281 0.82
02.12.1981 0.731 -5.28 0.819
03.12.1981 0.72 -5.278 0.818
04.12.1981 0.708 -5.277 0.817
05.12.1981 0.695 -5.275 0.816
06.12.1981 0.684 -5.273 0.815
07.12.1981 0.672 -5.272 0.814
08.12.1981 0.665 -5.271 0.813
09.12.1981 0.658 -5.269 0.812
10.12.1981 0.647 -5.267 0.811
11.12.1981 0.638 -5.266 0.81
12.12.1981 0.631 -5.264 0.809
13.12.1981 0.618 -5.262 0.808
14.12.1981 0.606 -5.26 0.806
15.12.1981 0.595 -5.259 0.805
16.12.1981 0.58 -5.258 0.804
17.12.1981 0.569 -5.256 0.803
18.12.1981 0.557 -5.254 0.803
19.12.1981 0.552 -5.253 0.801
20.12.1981 0.538 -5.251 0.8
21.12.1981 0.526 -5.25 0.799
22.12.1981 0.512 -5.248 0.798
23.12.1981 0.502 -5.246 0.796
24.12.1981 0.488 -5.244 0.795
25.12.1981 0.477 -5.243 0.794
26.12.1981 0.466 -5.241 0.793
27.12.1981 0.461 -5.239 0.792
28.12.1981 0.452 -5.238 0.791
29.12.1981 0.441 -5.236 0.791
30.12.1981 0.428 -5.234 0.79
31.12.1981 0.419 -5.233 0.789
01.01.1982 0.404 -5.231 0.789
02.01.1982 0.398 -5.229 0.787
03.01.1982 0.388 -5.227 0.787
04.01.1982 0.374 -5.226 0.786
05.01.1982 0.361 -5.224 0.785
06.01.1982 0.355 -5.222 0.784
07.01.1982 0.344 -5.22 0.783
08.01.1982 0.332 -5.218 0.782
09.01.1982 0.325 -5.216 0.781
10.01.1982 0.319 -5.215 0.78
11.01.1982 0.312 -5.214 0.778
12.01.1982 0.301 -5.212 0.777
13.01.1982 0.295 -5.21 0.776
14.01.1982 0.286 -5.209 0.775
15.01.1982 0.272 -5.207 0.774
16.01.1982 0.259 -5.205 0.773
17.01.1982 0.25 -5.203 0.772
18.01.1982 0.235 -5.202 0.771
19.01.1982 0.222 -5.201 0.77
20.01.1982 0.214 -5.2 0.769
21.01.1982 0.202 -5.199 0.768
22.01.1982 0.195 -5.197 0.768
23.01.1982 0.181 -5.195 0.767
24.01.1982 0.171 -5.194 0.765
25.01.1982 0.161 -5.193 0.765
26.01.1982 0.147 -5.192 0.764
27.01.1982 0.141 -5.19 0.763
28.01.1982 0.128 -5.187 0.762
29.01.1982 0.12 -5.186 0.761
30.01.1982 0.106 -5.185 0.761
31.01.1982 0.097 -5.183 0.76
01.02.1982 0.084 -5.181 0.759
02.02.1982 0.07 -5.178 0.758
03.02.1982 0.057 -5.178 0.758
04.02.1982 0.048 -5.177 0.756
05.02.1982 0.036 -5.175 0.755
06.02.1982 0.026 -5.173 0.755
07.02.1982 0.018 -5.172 0.754
08.02.1982 0.004 -5.17 0.753
