10.01.1993 5.246 -6.384 1.383
11.01.1993 5.235 -6.377 1.383
12.01.1993 5.22 -6.372 1.382
13.01.1993 5.214 -6.365 1.38
14.01.1993 5.206 -6.358 1.379
15.01.1993 5.191 -6.355 1.378
16.01.1993 5.181 -6.351 1.377
17.01.1993 5.172 -6.344 1.377
18.01.1993 5.162 -6.337 1.376
19.01.1993 5.149 -6.33 1.375
20.01.1993 5.142 -6.324 1.374
21.01.1993 5.13 -6.319 1.373
22.01.1993 5.123 -6.314 1.373
23.01.1993 5.117 -6.311 1.371
24.01.1993 5.107 -6.308 1.37
25.01.1993 5.096 -6.303 1.369
26.01.1993 5.088 -6.296 1.368
27.01.1993 5.083 -6.293 1.367
28.01.1993 5.076 -6.288 1.366
29.01.1993 5.061 -6.283 1.365
30.01.1993 5.049 -6.28 1.364
31.01.1993 5.04 -6.277 1.362
01.02.1993 5.031 -6.272 1.362
02.02.1993 5.024 -6.267 1.361
03.02.1993 5.01 -6.262 1.36
04.02.1993 4.997 -6.258 1.359
05.02.1993 4.99 -6.254 1.358
06.02.1993 4.98 -6.248 1.357
07.02.1993 4.973 -6.245 1.356
08.02.1993 4.968 -6.242 1.355
09.02.1993 4.961 -6.24 1.354
10.02.1993 4.953 -6.235 1.354
11.02.1993 4.946 -6.232 1.353
12.02.1993 4.94 -6.229 1.351
13.02.1993 4.926 -6.223 1.351
14.02.1993 4.913 -6.219 1.349
15.02.1993 4.898 -6.216 1.348
16.02.1993 4.892 -6.214 1.347
17.02.1993 4.877 -6.211 1.347
18.02.1993 4.868 -6.206 1.345
19.02.1993 4.854 -6.202 1.344
20.02.1993 4.844 -6.199 1.343
21.02.1993 4.831 -6.197 1.342
22.02.1993 4.823 -6.195 1.341
23.02.1993 4.817 -6.19 1.34
24.02.1993 4.811 -6.185 1.339
25.02.1993 4.797 -6.183 1.338
26.02.1993 4.791 -6.179 1.337
27.02.1993 4.785 -6.176 1.336
28.02.1993 4.779 -6.174 1.335
01.03.1993 4.773 -6.171 1.334
02.03.1993 4.765 -6.169 1.333
03.03.1993 4.756 -6.167 1.332
04.03.1993 4.749 -6.165 1.331
05.03.1993 4.736 -6.162 1.33
06.03.1993 4.726 -6.16 1.329
07.03.1993 4.719 -6.158 1.328
08.03.1993 4.713 -6.156 1.327
09.03.1993 4.703 -6.153 1.327
10.03.1993 4.697 -6.148 1.326
11.03.1993 4.685 -6.145 1.325
12.03.1993 4.672 -6.141 1.324
13.03.1993 4.664 -6.138 1.323
14.03.1993 4.657 -6.135 1.321
15.03.1993 4.643 -6.133 1.321
16.03.1993 4.635 -6.13 1.32
17.03.1993 4.62 -6.127 1.319
18.03.1993 4.61 -6.123 1.318
19.03.1993 4.603 -6.121 1.317
20.03.1993 4.591 -6.117 1.316
21.03.1993 4.578 -6.116 1.315
22.03.1993 4.568 -6.114 1.314
23.03.1993 4.563 -6.112 1.313
24.03.1993 4.549 -6.108 1.312
25.03.1993 4.535 -6.106 1.311
26.03.1993 4.529 -6.103 1.31
27.03.1993 4.523 -6.099 1.309
28.03.1993 4.516 -6.096 1.308
29.03.1993 4.509 -6.093 1.308
30.03.1993 4.501 -6.089 1.306
31.03.1993 4.492 -6.086 1.306
01.04.1993 4.483 -6.084 1.304
02.04.1993 4.477 -6.082 1.303
03.04.1993 4.463 -6.078 1.302
04.04.1993 4.455 -6.076 1.301
05.04.1993 4.45 -6.072 1.299
06.04.1993 4.435 -6.07 1.298
07.04.1993 4.422 -6.069 1.297
08.04.1993 4.412 -6.067 1.296
09.04.1993 4.401 -6.065 1.295
10.04.1993 4.389 -6.062 1.294
11.04.1993 4.379 -6.059 1.293
12.04.1993 4.365 -6.056 1.292
13.04.1993 4.354 -6.052 1.292
14.04.1993 4.344 -6.05 1.291
15.04.1993 4.335 -6.048 1.289
16.04.1993 4.322 -6.045 1.288
17.04.1993 4.313 -6.042 1.288
18.04.1993 4.308 -6.038 1.287
19.04.1993 4.297 -6.035 1.286
20.04.1993 4.285 -6.032 1.285
21.04.1993 4.275 -6.03 1.284
22.04.1993 4.268 -6.027 1.283
23.04.1993 4.261 -6.024 1.282
24.04.1993 4.254 -6.023 1.281
25.04.1993 4.247 -6.019 1.28
26.04.1993 4.237 -6.017 1.279
27.04.1993 4.232 -6.015 1.278
28.04.1993 4.219 -6.013 1.276
29.04.1993 4.207 -6.009 1.275
30.04.1993 4.198 -6.007 1.274
01.05.1993 4.191 -6.004 1.273
02.05.1993 4.182 -6.002 1.272
03.05.1993 4.171 -5.999 1.271
04.05.1993 4.165 -5.997 1.27
05.05.1993 4.156 -5.993 1.269
06.05.1993 4.147 -5.991 1.267
07.05.1993 4.134 -5.988 1.266
08.05.1993 4.124 -5.986 1.265
09.05.1993 4.115 -5.983 1.263
10.05.1993 4.102 -5.981 1.262
11.05.1993 4.094 -5.978 1.261
12.05.1993 4.084 -5.975 1.261
13.05.1993 4.078 -5.972 1.259
14.05.1993 4.068 -5.971 1.258
15.05.1993 4.055 -5.97 1.257
16.05.1993 4.047 -5.967 1.256
17.05.1993 4.042 -5.965 1.255
18.05.1993 4.03 -5.963 1.254
19.05.1993 4.015 -5.96 1.253
20.05.1993 4.004 -5.958 1.252
21.05.1993 3.991 -5.955 1.251
22.05.1993 3.982 -5.953 1.25
23.05.1993 3.97 -5.951 1.25
24.05.1993 3.962 -5.949 1.249
25.05.1993 3.952 -5.946 1.248
26.05.1993 3.942 -5.945 1.247
27.05.1993 3.928 -5.943 1.246
28.05.1993 3.917 -5.942 1.244
29.05.1993 3.908 -5.938 1.243
30.05.1993 3.894 -5.937 1.242
31.05.1993 3.889 -5.935 1.24
01.06.1993 3.879 -5.932 1.24
02.06.1993 3.874 -5.929 1.239
03.06.1993 3.861 -5.927 1.238
04.06.1993 3.85 -5.924 1.238
05.06.1993 3.839 -5.921 1.236
06.06.1993 3.831 -5.919 1.236
07.06.1993 3.819 -5.916 1.234
08.06.1993 3.807 -5.913 1.233
09.06.1993 3.801 -5.91 1.233
10.06.1993 3.786 -5.909 1.232
11.06.1993 3.777 -5.906 1.23
12.06.1993 3.766 -5.903 1.229
13.06.1993 3.754 -5.9 1.228
14.06.1993 3.741 -5.899 1.227
15.06.1993 3.731 -5.898 1.225
16.06.1993 3.724 -5.895 1.224
17.06.1993 3.718 -5.892 1.224
18.06.1993 3.705 -5.891 1.223
19.06.1993 3.696 -5.889 1.222
20.06.1993 3.684 -5.888 1.221
21.06.1993 3.675 -5.886 1.22
22.06.1993 3.668 -5.883 1.219
23.06.1993 3.654 -5.881 1.218
24.06.1993 3.642 -5.879 1.217
25.06.1993 3.631 -5.876 1.216
26.06.1993 3.622 -5.873 1.216
27.06.1993 3.613 -5.872 1.215
28.06.1993 3.602 -5.869 1.214
29.06.1993 3.59 -5.867 1.212
30.06.1993 3.58 -5.866 1.212
01.07.1993 3.575 -5.863 1.211
02.07.1993 3.565 -5.86 1.21
03.07.1993 3.551 -5.858 1.209
04.07.1993 3.541 -5.855 1.208
05.07.1993 3.535 -5.854 1.207
06.07.1993 3.529 -5.851 1.206
07.07.1993 3.519 -5.85 1.205
08.07.1993 3.512 -5.848 1.204
09.07.1993 3.501 -5.846 1.204
10.07.1993 3.495 -5.845 1.202
11.07.1993 3.485 -5.842 1.201
12.07.1993 3.479 -5.839 1.2
13.07.1993 3.471 -5.838 1.2
14.07.1993 3.462 -5.835 1.199
15.07.1993 3.453 -5.833 1.198
16.07.1993 3.443 -5.83 1.197
17.07.1993 3.432 -5.828 1.196
18.07.1993 3.417 -5.825 1.195
19.07.1993 3.403 -5.823 1.194
20.07.1993 3.397 -5.821 1.193
21.07.1993 3.387 -5.82 1.191
22.07.1993 3.38 -5.818 1.191
23.07.1993 3.372 -5.815 1.19
24.07.1993 3.361 -5.814 1.189
25.07.1993 3.352 -5.811 1.188
26.07.1993 3.346 -5.81 1.186
27.07.1993 3.34 -5.807 1.186
28.07.1993 3.327 -5.806 1.184
29.07.1993 3.314 -5.804 1.184
30.07.1993 3.303 -5.802 1.183
31.07.1993 3.294 -5.8 1.182
01.08.1993 3.287 -5.799 1.181
02.08.1993 3.273 -5.798 1.18
03.08.1993 3.262 -5.795 1.18
04.08.1993 3.255 -5.793 1.179
05.08.1993 3.243 -5.79 1.178
06.08.1993 3.229 -5.788 1.177
07.08.1993 3.215 -5.785 1.176
08.08.1993 3.207 -5.783 1.175
09.08.1993 3.194 -5.782 1.174
10.08.1993 3.185 -5.78 1.172
11.08.1993 3.18 -5.779 1.171
12.08.1993 3.17 -5.776 1.17
13.08.1993 3.155 -5.775 1.17
14.08.1993 3.145 -5.773 1.169
15.08.1993 3.132 -5.771 1.168
16.08.1993 3.118 -5.769 1.167
17.08.1993 3.107 -5.768 1.166
18.08.1993 3.097 -5.767 1.165
19.08.1993 3.086 -5.764 1.164
20.08.1993 3.075 -5.763 1.163
21.08.1993 3.062 -5.76 1.162
22.08.1993 3.055 -5.758 1.161
23.08.1993 3.041 -5.756 1.16
24.08.1993 3.034 -5.754 1.159
25.08.1993 3.028 -5.753 1.158
26.08.1993 3.018 -5.751 1.157
27.08.1993 3.012 -5.749 1.155
28.08.1993 3.004 -5.747 1.154
29.08.1993 2.997 -5.745 1.153
30.08.1993 2.986 -5.742 1.153
31.08.1993 2.975 -5.74 1.152
01.09.1993 2.97 -5.739 1.15
02.09.1993 2.959 -5.736 1.149
03.09.1993 2.952 -5.733 1.148
04.09.1993 2.94 -5.731 1.148
05.09.1993 2.928 -5.729 1.146
06.09.1993 2.922 -5.728 1.145
07.09.1993 2.908 -5.726 1.144
08.09.1993 2.893 -5.724 1.142
09.09.1993 2.88 -5.723 1.141
10.09.1993 2.868 -5.72 1.14
11.09.1993 2.857 -5.719 1.139
12.09.1993 2.844 -5.717 1.138
13.09.1993 2.831 -5.716 1.137
14.09.1993 2.823 -5.714 1.136
15.09.1993 2.814 -5.712 1.136
16.09.1993 2.805 -5.709 1.135
17.09.1993 2.799 -5.706 1.134
18.09.1993 2.79 -5.704 1.133
19.09.1993 2.782 -5.703 1.132
20.09.1993 2.776 -5.7 1.131
21.09.1993 2.769 -5.699 1.129
22.09.1993 2.757 -5.697 1.129
23.09.1993 2.751 -5.694 1.128
24.09.1993 2.737 -5.693 1.127
25.09.1993 2.725 -5.69 1.126
26.09.1993 2.717 -5.689 1.124
27.09.1993 2.706 -5.688 1.123
28.09.1993 2.693 -5.687 1.123
29.09.1993 2.684 -5.685 1.122
30.09.1993 2.677 -5.683 1.121
01.10.1993 2.669 -5.681 1.12
02.10.1993 2.658 -5.679 1.119
03.10.1993 2.651 -5.676 1.118
04.10.1993 2.642 -5.675 1.117
05.10.1993 2.631 -5.672 1.115
06.10.1993 2.618 -5.67 1.114
07.10.1993 2.612 -5.668 1.113
08.10.1993 2.605 -5.666 1.113
09.10.1993 2.598 -5.664 1.112
10.10.1993 2.588 -5.663 1.111
11.10.1993 2.573 -5.661 1.11
12.10.1993 2.558 -5.659 1.108
13.10.1993 2.551 -5.657 1.107
14.10.1993 2.537 -5.656 1.106
15.10.1993 2.525 -5.655 1.104
16.10.1993 2.519 -5.652 1.104
17.10.1993 2.514 -5.65 1.103
18.10.1993 2.501 -5.648 1.102
19.10.1993 2.491 -5.647 1.101
20.10.1993 2.478 -5.646 1.1
21.10.1993 2.467 -5.645 1.099
22.10.1993 2.461 -5.642 1.098
23.10.1993 2.448 -5.641 1.096
24.10.1993 2.438 -5.64 1.095
25.10.1993 2.431 -5.638 1.094
26.10.1993 2.423 -5.636 1.093
27.10.1993 2.415 -5.635 1.092
28.10.1993 2.406 -5.634 1.091
29.10.1993 2.395 -5.632 1.091
30.10.1993 2.384 -5.63 1.09
31.10.1993 2.371 -5.629 1.089
01.11.1993 2.359 -5.627 1.087
02.11.1993 2.353 -5.625 1.087
03.11.1993 2.347 -5.623 1.085
04.11.1993 2.336 -5.621 1.085
05.11.1993 2.326 -5.62 1.084
06.11.1993 2.311 -5.618 1.083
07.11.1993 2.298 -5.616 1.082
08.11.1993 2.287 -5.613 1.081
09.11.1993 2.276 -5.612 1.08
10.11.1993 2.265 -5.61 1.079
11.11.1993 2.251 -5.608 1.078
12.11.1993 2.241 -5.605 1.077
13.11.1993 2.227 -5.604 1.076
14.11.1993 2.215 -5.603 1.076
15.11.1993 2.207 -5.602 1.074
16.11.1993 2.201 -5.601 1.073
17.11.1993 2.191 -5.599 1.072
18.11.1993 2.184 -5.596 1.071
19.11.1993 2.176 -5.595 1.07
20.11.1993 2.163 -5.592 1.069
21.11.1993 2.151 -5.591 1.068
22.11.1993 2.137 -5.588 1.066
23.11.1993 2.125 -5.587 1.066
24.11.1993 2.12 -5.585 1.065
25.11.1993 2.108 -5.582 1.064
26.11.1993 2.096 -5.581 1.063
27.11.1993 2.086 -5.58 1.062
28.11.1993 2.075 -5.578 1.061
29.11.1993 2.069 -5.577 1.06
30.11.1993 2.058 -5.575 1.058
01.12.1993 2.052 -5.572 1.057
02.12.1993 2.047 -5.571 1.056
03.12.1993 2.032 -5.57 1.055
04.12.1993 2.027 -5.568 1.054
05.12.1993 2.013 -5.567 1.053
06.12.1993 2.006 -5.565 1.051
07.12.1993 1.996 -5.564 1.05
08.12.1993 1.989 -5.562 1.05
09.12.1993 1.976 -5.561 1.048
10.12.1993 1.967 -5.559 1.047
11.12.1993 1.956 -5.557 1.045
12.12.1993 1.941 -5.556 1.044
13.12.1993 1.935 -5.553 1.043
14.12.1993 1.929 -5.552 1.042
15.12.1993 1.919 -5.551 1.04
16.12.1993 1.904 -5.55 1.039
17.12.1993 1.892 -5.548 1.039
18.12.1993 1.877 -5.547 1.038
19.12.1993 1.871 -5.545 1.037
20.12.1993 1.86 -5.544 1.036
21.12.1993 1.846 -5.542 1.035
22.12.1993 1.836 -5.54 1.034
23.12.1993 1.825 -5.538 1.034
24.12.1993 1.812 -5.536 1.032
25.12.1993 1.801 -5.535 1.031
26.12.1993 1.796 -5.533 1.03
27.12.1993 1.787 -5.532 1.029
28.12.1993 1.774 -5.53 1.029
29.12.1993 1.763 -5.528 1.028
30.12.1993 1.755 -5.526 1.028
31.12.1993 1.741 -5.524 1.026
01.01.1994 1.731 -5.523 1.025
02.01.1994 1.723 -5.522 1.024
03.01.1994 1.713 -5.521 1.023
04.01.1994 1.703 -5.519 1.022
05.01.1994 1.692 -5.517 1.021
06.01.1994 1.68 -5.515 1.02
07.01.1994 1.673 -5.513 1.019
08.01.1994 1.666 -5.511 1.017
09.01.1994 1.654 -5.509 1.016
10.01.1994 1.64 -5.507 1.015
11.01.1994 1.633 -5.505 1.014
12.01.1994 1.624 -5.503 1.013
13.01.1994 1.619 -5.501 1.012
14.01.1994 1.607 -5.5 1.011
15.01.1994 1.597 -5.498 1.01
16.01.1994 1.591 -5.497 1.01
17.01.1994 1.584 -5.496 1.009
18.01.1994 1.577 -5.494 1.008
19.01.1994 1.57 -5.493 1.007
20.01.1994 1.558 -5.491 1.006
21.01.1994 1.547 -5.489 1.004
22.01.1994 1.536 -5.487 1.003
23.01.1994 1.526 -5.485 1.003
24.01.1994 1.513 -5.483 1.002
25.01.1994 1.499 -5.482 1.001
26.01.1994 1.493 -5.481 1.0
27.01.1994 1.481 -5.48 0.999
28.01.1994 1.475 -5.479 0.999
29.01.1994 1.47 -5.477 0.998
30.01.1994 1.464 -5.475 0.997
31.01.1994 1.455 -5.473 0.996
01.02.1994 1.446 -5.471 0.994
02.02.1994 1.438 -5.469 0.994
03.02.1994 1.424 -5.467 0.992
04.02.1994 1.411 -5.465 0.991
05.02.1994 1.398 -5.464 0.99
06.02.1994 1.389 -5.462 0.989
07.02.1994 1.375 -5.46 0.988
08.02.1994 1.37 -5.458 0.987
09.02.1994 1.36 -5.456 0.986
10.02.1994 1.352 -5.455 0.985
11.02.1994 1.34 -5.453 0.985
12.02.1994 1.334 -5.452 0.984
13.02.1994 1.325 -5.45 0.983
14.02.1994 1.315 -5.448 0.982
15.02.1994 1.308 -5.447 0.98
16.02.1994 1.301 -5.445 0.979
17.02.1994 1.294 -5.443 0.978
18.02.1994 1.289 -5.441 0.977
19.02.1994 1.281 -5.44 0.976
20.02.1994 1.273 -5.438 0.975
21.02.1994 1.266 -5.436 0.974
22.02.1994 1.252 -5.435 0.973
23.02.1994 1.241 -5.433 0.972
24.02.1994 1.227 -5.432 0.971
25.02.1994 1.218 -5.43 0.971
26.02.1994 1.209 -5.428 0.97
27.02.1994 1.198 -5.426 0.969
28.02.1994 1.185 -5.424 0.968
01.03.1994 1.18 -5.422 0.967
02.03.1994 1.172 -5.42 0.966
03.03.1994 1.161 -5.419 0.965
04.03.1994 1.151 -5.418 0.964
05.03.1994 1.139 -5.415 0.963
06.03.1994 1.128 -5.414 0.963
07.03.1994 1.115 -5.412 0.962
08.03.1994 1.104 -5.411 0.961
09.03.1994 1.099 -5.409 0.959
10.03.1994 1.089 -5.408 0.958
11.03.1994 1.075 -5.407 0.958
12.03.1994 1.065 -5.406 0.956
13.03.1994 1.056 -5.404 0.955
14.03.1994 1.047 -5.403 0.954
15.03.1994 1.041 -5.402 0.953
16.03.1994 1.026 -5.4 0.952
17.03.1994 1.021 -5.398 0.951
18.03.1994 1.012 -5.397 0.95
19.03.1994 0.998 -5.396 0.949
20.03.1994 0.988 -5.394 0.948
21.03.1994 0.974 -5.393 0.946
22.03.1994 0.967 -5.392 0.945
23.03.1994 0.954 -5.39 0.944
24.03.1994 0.943 -5.389 0.943
25.03.1994 0.936 -5.388 0.942
26.03.1994 0.926 -5.386 0.942
27.03.1994 0.912 -5.385 0.94
28.03.1994 0.899 -5.384 0.94
29.03.1994 0.892 -5.383 0.939
30.03.1994 0.883 -5.381 0.938
31.03.1994 0.874 -5.379 0.937
01.04.1994 0.866 -5.377 0.937
02.04.1994 0.86 -5.376 0.935
03.04.1994 0.847 -5.373 0.934
04.04.1994 0.838 -5.372 0.933
05.04.1994 0.827 -5.37 0.932
06.04.1994 0.818 -5.369 0.931
07.04.1994 0.813 -5.367 0.93
08.04.1994 0.798 -5.365 0.929
09.04.1994 0.784 -5.364 0.928
10.04.1994 0.776 -5.362 0.927
11.04.1994 0.764 -5.361 0.926
12.04.1994 0.752 -5.36 0.926
13.04.1994 0.739 -5.358 0.924
14.04.1994 0.731 -5.356 0.923
15.04.1994 0.723 -5.355 0.923
16.04.1994 0.71 -5.354 0.921
17.04.1994 0.704 -5.352 0.92
18.04.1994 0.693 -5.351 0.92
19.04.1994 0.687 -5.35 0.918
20.04.1994 0.675 -5.348 0.917
21.04.1994 0.669 -5.345 0.917
22.04.1994 0.663 -5.344 0.916
23.04.1994 0.657 -5.343 0.915
24.04.1994 0.647 -5.342 0.913
25.04.1994 0.633 -5.34 0.912
26.04.1994 0.623 -5.339 0.912
27.04.1994 0.609 -5.337 0.91
28.04.1994 0.6 -5.335 0.909
29.04.1994 0.586 -5.334 0.908
30.04.1994 0.573 -5.332 0.907
01.05.1994 0.567 -5.33 0.906
02.05.1994 0.552 -5.328 0.905
03.05.1994 0.543 -5.326 0.904
04.05.1994 0.531 -5.325 0.903
05.05.1994 0.523 -5.323 0.902
06.05.1994 0.513 -5.321 0.901
07.05.1994 0.501 -5.32 0.9
08.05.1994 0.492 -5.318 0.899
09.05.1994 0.48 -5.317 0.898
10.05.1994 0.466 -5.315 0.897
11.05.1994 0.454 -5.312 0.896
12.05.1994 0.448 -5.311 0.894
13.05.1994 0.442 -5.31 0.894
14.05.1994 0.429 -5.309 0.893
15.05.1994 0.422 -5.307 0.892
16.05.1994 0.411 -5.305 0.89
17.05.1994 0.399 -5.304 0.889
18.05.1994 0.392 -5.303 0.888
19.05.1994 0.384 -5.302 0.887
20.05.1994 0.371 -5.301 0.886
21.05.1994 0.357 -5.3 0.885
22.05.1994 0.351 -5.298 0.884
23.05.1994 0.336 -5.296 0.884
24.05.1994 0.329 -5.294 0.882
25.05.1994 0.319 -5.292 0.882
26.05.1994 0.306 -5.291 0.881
27.05.1994 0.294 -5.289 0.879
28.05.1994 0.282 -5.288 0.878
29.05.1994 0.267 -5.286 0.877
30.05.1994 0.253 -5.285 0.876
31.05.1994 0.24 -5.282 0.875
01.06.1994 0.231 -5.28 0.875
02.06.1994 0.216 -5.279 0.874
03.06.1994 0.204 -5.277 0.873
04.06.1994 0.19 -5.275 0.873
05.06.1994 0.18 -5.273 0.872
06.06.1994 0.17 -5.27 0.872
07.06.1994 0.164 -5.269 0.871
08.06.1994 0.149 -5.269 0.869
09.06.1994 0.135 -5.267 0.869
10.06.1994 0.128 -5.266 0.868
11.06.1994 0.115 -5.264 0.867
12.06.1994 0.103 -5.263 0.866
13.06.1994 0.096 -5.261 0.864
14.06.1994 0.089 -5.259 0.863
15.06.1994 0.083 -5.258 0.862
16.06.1994 0.073 -5.256 0.861
17.06.1994 0.062 -5.255 0.86
18.06.1994 0.048 -5.253 0.859
19.06.1994 0.038 -5.252 0.858
20.06.1994 0.023 -5.251 0.857
21.06.1994 0.015 -5.249 0.856
22.06.1994 0.002 -5.248 0.855
