19.01.1982 6.095 -7.944 1.315
20.01.1982 6.088 -7.932 1.313
21.01.1982 6.079 -7.924 1.312
22.01.1982 6.068 -7.919 1.311
23.01.1982 6.062 -7.914 1.31
24.01.1982 6.055 -7.908 1.309
25.01.1982 6.049 -7.899 1.308
26.01.1982 6.041 -7.895 1.307
27.01.1982 6.035 -7.888 1.306
28.01.1982 6.022 -7.885 1.305
29.01.1982 6.014 -7.882 1.305
30.01.1982 5.999 -7.878 1.304
31.01.1982 5.984 -7.875 1.303
01.02.1982 5.976 -7.872 1.302
02.02.1982 5.962 -7.865 1.3
03.02.1982 5.954 -7.861 1.3
04.02.1982 5.946 -7.856 1.299
05.02.1982 5.934 -7.851 1.298
06.02.1982 5.926 -7.848 1.297
07.02.1982 5.913 -7.844 1.296
08.02.1982 5.901 -7.842 1.295
09.02.1982 5.888 -7.837 1.294
10.02.1982 5.873 -7.834 1.293
11.02.1982 5.863 -7.829 1.293
12.02.1982 5.858 -7.827 1.292
13.02.1982 5.847 -7.822 1.29
14.02.1982 5.839 -7.816 1.289
15.02.1982 5.824 -7.812 1.288
16.02.1982 5.816 -7.808 1.287
17.02.1982 5.806 -7.803 1.286
18.02.1982 5.794 -7.8 1.285
19.02.1982 5.781 -7.797 1.284
20.02.1982 5.775 -7.793 1.284
21.02.1982 5.764 -7.789 1.283
22.02.1982 5.758 -7.786 1.282
23.02.1982 5.751 -7.784 1.281
24.02.1982 5.737 -7.78 1.28
25.02.1982 5.725 -7.775 1.28
26.02.1982 5.711 -7.772 1.279
27.02.1982 5.698 -7.768 1.278
28.02.1982 5.69 -7.765 1.277
01.03.1982 5.676 -7.761 1.277
02.03.1982 5.662 -7.758 1.275
03.03.1982 5.653 -7.756 1.274
04.03.1982 5.643 -7.753 1.273
05.03.1982 5.637 -7.748 1.273
06.03.1982 5.631 -7.744 1.272
07.03.1982 5.622 -7.741 1.271
08.03.1982 5.609 -7.738 1.27
09.03.1982 5.595 -7.736 1.269
10.03.1982 5.582 -7.733 1.268
11.03.1982 5.571 -7.729 1.267
12.03.1982 5.56 -7.728 1.266
13.03.1982 5.554 -7.725 1.265
14.03.1982 5.542 -7.723 1.264
15.03.1982 5.53 -7.719 1.263
16.03.1982 5.52 -7.715 1.262
17.03.1982 5.513 -7.712 1.261
18.03.1982 5.506 -7.71 1.261
19.03.1982 5.5 -7.708 1.259
20.03.1982 5.491 -7.707 1.259
21.03.1982 5.486 -7.705 1.257
22.03.1982 5.475 -7.702 1.256
23.03.1982 5.467 -7.7 1.255
24.03.1982 5.456 -7.698 1.254
25.03.1982 5.446 -7.696 1.253
26.03.1982 5.436 -7.694 1.252
27.03.1982 5.423 -7.691 1.251
28.03.1982 5.413 -7.689 1.25
29.03.1982 5.402 -7.686 1.249
30.03.1982 5.397 -7.683 1.248
31.03.1982 5.387 -7.681 1.247
01.04.1982 5.374 -7.68 1.246
02.04.1982 5.359 -7.676 1.245
03.04.1982 5.348 -7.674 1.244
04.04.1982 5.341 -7.671 1.244
05.04.1982 5.333 -7.67 1.243
06.04.1982 5.319 -7.667 1.242
07.04.1982 5.304 -7.664 1.241
08.04.1982 5.294 -7.661 1.24
09.04.1982 5.279 -7.658 1.239
10.04.1982 5.267 -7.656 1.238
11.04.1982 5.254 -7.654 1.237
12.04.1982 5.247 -7.651 1.236
13.04.1982 5.236 -7.648 1.235
14.04.1982 5.223 -7.646 1.235
15.04.1982 5.218 -7.643 1.234
16.04.1982 5.207 -7.639 1.233
17.04.1982 5.2 -7.637 1.231
18.04.1982 5.188 -7.634 1.23
19.04.1982 5.183 -7.632 1.229
20.04.1982 5.173 -7.628 1.228
21.04.1982 5.159 -7.624 1.226
22.04.1982 5.15 -7.621 1.226
23.04.1982 5.135 -7.619 1.225
24.04.1982 5.122 -7.617 1.224
25.04.1982 5.113 -7.615 1.223
26.04.1982 5.105 -7.613 1.222
27.04.1982 5.095 -7.61 1.221
28.04.1982 5.084 -7.609 1.219
29.04.1982 5.072 -7.607 1.219
30.04.1982 5.063 -7.604 1.217
01.05.1982 5.05 -7.601 1.217
02.05.1982 5.041 -7.598 1.215
03.05.1982 5.035 -7.596 1.214
04.05.1982 5.026 -7.593 1.213
05.05.1982 5.021 -7.591 1.211
06.05.1982 5.008 -7.588 1.21
07.05.1982 5.0 -7.586 1.209
08.05.1982 4.985 -7.584 1.208
09.05.1982 4.974 -7.581 1.206
10.05.1982 4.967 -7.579 1.205
11.05.1982 4.96 -7.578 1.204
12.05.1982 4.952 -7.574 1.203
13.05.1982 4.937 -7.572 1.203
14.05.1982 4.928 -7.569 1.201
15.05.1982 4.919 -7.566 1.201
16.05.1982 4.912 -7.563 1.199
17.05.1982 4.898 -7.561 1.199
18.05.1982 4.893 -7.558 1.198
19.05.1982 4.881 -7.556 1.197
20.05.1982 4.873 -7.553 1.196
21.05.1982 4.863 -7.549 1.195
22.05.1982 4.852 -7.548 1.194
23.05.1982 4.841 -7.547 1.193
24.05.1982 4.832 -7.544 1.193
25.05.1982 4.819 -7.542 1.191
26.05.1982 4.814 -7.539 1.191
27.05.1982 4.804 -7.537 1.19
28.05.1982 4.797 -7.534 1.188
29.05.1982 4.789 -7.532 1.187
30.05.1982 4.782 -7.531 1.187
31.05.1982 4.774 -7.529 1.186
01.06.1982 4.769 -7.528 1.185
02.06.1982 4.757 -7.525 1.183
03.06.1982 4.751 -7.523 1.182
04.06.1982 4.746 -7.522 1.181
05.06.1982 4.733 -7.519 1.181
06.06.1982 4.724 -7.518 1.18
07.06.1982 4.718 -7.515 1.179
08.06.1982 4.711 -7.512 1.178
09.06.1982 4.698 -7.511 1.176
10.06.1982 4.693 -7.509 1.175
11.06.1982 4.684 -7.506 1.174
12.06.1982 4.669 -7.504 1.173
13.06.1982 4.658 -7.501 1.172
14.06.1982 4.648 -7.498 1.171
15.06.1982 4.641 -7.495 1.17
16.06.1982 4.628 -7.493 1.169
17.06.1982 4.623 -7.491 1.167
18.06.1982 4.615 -7.489 1.166
19.06.1982 4.603 -7.487 1.166
20.06.1982 4.592 -7.486 1.164
21.06.1982 4.584 -7.484 1.163
22.06.1982 4.569 -7.483 1.162
23.06.1982 4.561 -7.482 1.161
24.06.1982 4.554 -7.479 1.16
25.06.1982 4.541 -7.477 1.159
26.06.1982 4.532 -7.474 1.159
27.06.1982 4.525 -7.471 1.158
28.06.1982 4.515 -7.47 1.157
29.06.1982 4.509 -7.468 1.156
30.06.1982 4.497 -7.466 1.156
01.07.1982 4.489 -7.465 1.155
02.07.1982 4.482 -7.463 1.154
03.07.1982 4.476 -7.46 1.152
04.07.1982 4.471 -7.457 1.151
05.07.1982 4.461 -7.455 1.15
06.07.1982 4.449 -7.453 1.149
07.07.1982 4.441 -7.451 1.148
08.07.1982 4.43 -7.449 1.147
09.07.1982 4.421 -7.447 1.147
10.07.1982 4.407 -7.444 1.146
11.07.1982 4.398 -7.442 1.145
12.07.1982 4.387 -7.439 1.144
13.07.1982 4.375 -7.438 1.143
14.07.1982 4.362 -7.436 1.142
15.07.1982 4.352 -7.434 1.14
16.07.1982 4.338 -7.431 1.14
17.07.1982 4.327 -7.43 1.138
18.07.1982 4.313 -7.427 1.137
19.07.1982 4.304 -7.425 1.136
20.07.1982 4.298 -7.423 1.135
21.07.1982 4.288 -7.421 1.134
22.07.1982 4.279 -7.42 1.133
23.07.1982 4.27 -7.418 1.132
24.07.1982 4.256 -7.415 1.131
25.07.1982 4.246 -7.413 1.13
26.07.1982 4.24 -7.41 1.13
27.07.1982 4.231 -7.408 1.129
28.07.1982 4.221 -7.406 1.128
29.07.1982 4.21 -7.404 1.127
30.07.1982 4.2 -7.402 1.126
31.07.1982 4.192 -7.401 1.126
01.08.1982 4.179 -7.398 1.125
02.08.1982 4.172 -7.397 1.124
03.08.1982 4.163 -7.394 1.123
04.08.1982 4.149 -7.391 1.122
05.08.1982 4.142 -7.39 1.121
06.08.1982 4.129 -7.387 1.12
07.08.1982 4.117 -7.385 1.119
08.08.1982 4.112 -7.383 1.119
09.08.1982 4.102 -7.38 1.117
10.08.1982 4.089 -7.377 1.117
11.08.1982 4.076 -7.375 1.116
12.08.1982 4.067 -7.373 1.114
13.08.1982 4.06 -7.372 1.114
14.08.1982 4.049 -7.369 1.113
15.08.1982 4.038 -7.367 1.111
16.08.1982 4.024 -7.365 1.11
17.08.1982 4.01 -7.362 1.11
18.08.1982 3.998 -7.361 1.108
19.08.1982 3.989 -7.359 1.108
20.08.1982 3.978 -7.356 1.106
21.08.1982 3.97 -7.355 1.105
22.08.1982 3.962 -7.352 1.104
23.08.1982 3.951 -7.351 1.103
24.08.1982 3.937 -7.349 1.102
25.08.1982 3.923 -7.348 1.101
26.08.1982 3.908 -7.346 1.1
27.08.1982 3.899 -7.344 1.099
28.08.1982 3.889 -7.341 1.098
29.08.1982 3.874 -7.34 1.098
30.08.1982 3.865 -7.338 1.097
31.08.1982 3.851 -7.335 1.096
01.09.1982 3.837 -7.333 1.094
02.09.1982 3.831 -7.331 1.094
03.09.1982 3.822 -7.329 1.092
04.09.1982 3.808 -7.326 1.092
05.09.1982 3.802 -7.324 1.091
06.09.1982 3.797 -7.321 1.09
07.09.1982 3.788 -7.32 1.089
08.09.1982 3.776 -7.318 1.087
09.09.1982 3.762 -7.317 1.087
10.09.1982 3.75 -7.315 1.085
11.09.1982 3.736 -7.313 1.085
12.09.1982 3.724 -7.312 1.083
13.09.1982 3.713 -7.31 1.083
14.09.1982 3.708 -7.308 1.082
15.09.1982 3.694 -7.306 1.08
16.09.1982 3.686 -7.304 1.08
17.09.1982 3.673 -7.302 1.078
18.09.1982 3.659 -7.3 1.078
19.09.1982 3.648 -7.297 1.077
20.09.1982 3.633 -7.295 1.076
21.09.1982 3.626 -7.292 1.076
22.09.1982 3.613 -7.291 1.075
23.09.1982 3.607 -7.29 1.074
24.09.1982 3.594 -7.288 1.073
25.09.1982 3.586 -7.286 1.073
26.09.1982 3.571 -7.283 1.072
27.09.1982 3.558 -7.282 1.071
28.09.1982 3.549 -7.279 1.069
29.09.1982 3.537 -7.277 1.069
30.09.1982 3.525 -7.275 1.068
01.10.1982 3.512 -7.273 1.067
02.10.1982 3.498 -7.271 1.066
03.10.1982 3.489 -7.269 1.065
04.10.1982 3.476 -7.267 1.064
05.10.1982 3.462 -7.265 1.064
06.10.1982 3.455 -7.262 1.062
07.10.1982 3.446 -7.261 1.062
08.10.1982 3.433 -7.26 1.061
09.10.1982 3.422 -7.258 1.06
10.10.1982 3.412 -7.256 1.059
11.10.1982 3.401 -7.254 1.058
12.10.1982 3.392 -7.252 1.058
13.10.1982 3.382 -7.251 1.056
14.10.1982 3.373 -7.25 1.055
15.10.1982 3.36 -7.248 1.054
16.10.1982 3.348 -7.245 1.053
17.10.1982 3.335 -7.243 1.052
18.10.1982 3.328 -7.241 1.052
19.10.1982 3.314 -7.239 1.05
20.10.1982 3.303 -7.237 1.05
21.10.1982 3.288 -7.235 1.049
22.10.1982 3.275 -7.234 1.048
23.10.1982 3.263 -7.232 1.047
24.10.1982 3.251 -7.23 1.046
25.10.1982 3.244 -7.229 1.045
26.10.1982 3.239 -7.226 1.044
27.10.1982 3.226 -7.224 1.043
28.10.1982 3.22 -7.222 1.041
29.10.1982 3.211 -7.221 1.04
30.10.1982 3.206 -7.22 1.04
31.10.1982 3.2 -7.218 1.039
01.11.1982 3.185 -7.217 1.038
02.11.1982 3.172 -7.215 1.037
03.11.1982 3.164 -7.214 1.036
04.11.1982 3.149 -7.212 1.035
05.11.1982 3.144 -7.21 1.034
06.11.1982 3.13 -7.208 1.033
07.11.1982 3.118 -7.206 1.031
08.11.1982 3.111 -7.204 1.03
09.11.1982 3.103 -7.202 1.028
10.11.1982 3.089 -7.2 1.028
11.11.1982 3.075 -7.199 1.026
12.11.1982 3.064 -7.198 1.025
13.11.1982 3.052 -7.196 1.024
14.11.1982 3.045 -7.193 1.023
15.11.1982 3.035 -7.191 1.022
16.11.1982 3.028 -7.189 1.02
17.11.1982 3.018 -7.187 1.019
18.11.1982 3.011 -7.185 1.018
19.11.1982 3.001 -7.184 1.016
20.11.1982 2.995 -7.182 1.015
21.11.1982 2.988 -7.18 1.014
22.11.1982 2.98 -7.178 1.013
23.11.1982 2.974 -7.177 1.012
24.11.1982 2.961 -7.175 1.011
25.11.1982 2.947 -7.172 1.009
26.11.1982 2.941 -7.17 1.008
27.11.1982 2.931 -7.169 1.007
28.11.1982 2.922 -7.168 1.006
29.11.1982 2.915 -7.166 1.005
30.11.1982 2.901 -7.165 1.004
01.12.1982 2.894 -7.162 1.003
02.12.1982 2.883 -7.161 1.002
03.12.1982 2.871 -7.158 1.001
04.12.1982 2.858 -7.155 1.0
05.12.1982 2.848 -7.154 0.999
06.12.1982 2.833 -7.152 0.998
07.12.1982 2.825 -7.15 0.997
08.12.1982 2.82 -7.148 0.996
09.12.1982 2.814 -7.146 0.995
10.12.1982 2.809 -7.143 0.994
11.12.1982 2.802 -7.142 0.993
12.12.1982 2.793 -7.14 0.992
13.12.1982 2.788 -7.139 0.991
14.12.1982 2.777 -7.137 0.99
15.12.1982 2.771 -7.135 0.989
16.12.1982 2.758 -7.134 0.988
17.12.1982 2.747 -7.133 0.987
18.12.1982 2.739 -7.131 0.986
19.12.1982 2.724 -7.13 0.984
20.12.1982 2.712 -7.127 0.983
21.12.1982 2.702 -7.126 0.982
22.12.1982 2.687 -7.124 0.982
23.12.1982 2.677 -7.122 0.981
24.12.1982 2.668 -7.121 0.98
25.12.1982 2.66 -7.119 0.978
26.12.1982 2.655 -7.116 0.978
27.12.1982 2.643 -7.115 0.977
28.12.1982 2.629 -7.113 0.975
29.12.1982 2.615 -7.112 0.975
30.12.1982 2.6 -7.11 0.974
31.12.1982 2.591 -7.109 0.973
01.01.1983 2.585 -7.107 0.972
02.01.1983 2.573 -7.105 0.971
03.01.1983 2.564 -7.104 0.969
04.01.1983 2.556 -7.102 0.968
05.01.1983 2.544 -7.1 0.967
06.01.1983 2.529 -7.099 0.966
07.01.1983 2.523 -7.097 0.964
08.01.1983 2.517 -7.095 0.964
09.01.1983 2.51 -7.093 0.963
10.01.1983 2.499 -7.091 0.961
11.01.1983 2.491 -7.091 0.961
12.01.1983 2.478 -7.089 0.96
13.01.1983 2.47 -7.087 0.959
14.01.1983 2.457 -7.086 0.959
15.01.1983 2.449 -7.083 0.958
16.01.1983 2.444 -7.082 0.957
17.01.1983 2.439 -7.08 0.956
18.01.1983 2.426 -7.079 0.955
19.01.1983 2.411 -7.077 0.954
20.01.1983 2.401 -7.076 0.953
21.01.1983 2.395 -7.074 0.952
22.01.1983 2.384 -7.072 0.951
23.01.1983 2.371 -7.071 0.949
24.01.1983 2.356 -7.069 0.948
25.01.1983 2.348 -7.067 0.947
26.01.1983 2.34 -7.066 0.947
27.01.1983 2.327 -7.064 0.946
28.01.1983 2.322 -7.062 0.944
29.01.1983 2.314 -7.061 0.943
30.01.1983 2.303 -7.059 0.942
31.01.1983 2.296 -7.056 0.941
01.02.1983 2.284 -7.055 0.94
02.02.1983 2.272 -7.054 0.939
03.02.1983 2.263 -7.052 0.939
04.02.1983 2.254 -7.05 0.938
05.02.1983 2.24 -7.048 0.937
06.02.1983 2.232 -7.046 0.937
07.02.1983 2.217 -7.044 0.936
08.02.1983 2.205 -7.043 0.935
09.02.1983 2.191 -7.041 0.934
10.02.1983 2.182 -7.039 0.934
11.02.1983 2.175 -7.037 0.933
12.02.1983 2.167 -7.035 0.932
13.02.1983 2.159 -7.034 0.932
14.02.1983 2.145 -7.032 0.931
15.02.1983 2.138 -7.032 0.931
16.02.1983 2.128 -7.03 0.93
17.02.1983 2.117 -7.028 0.928
18.02.1983 2.107 -7.027 0.927
19.02.1983 2.101 -7.024 0.926
20.02.1983 2.094 -7.023 0.925
21.02.1983 2.084 -7.022 0.924
22.02.1983 2.076 -7.02 0.923
23.02.1983 2.065 -7.019 0.922
24.02.1983 2.057 -7.017 0.922
25.02.1983 2.044 -7.015 0.921
26.02.1983 2.039 -7.014 0.919
27.02.1983 2.03 -7.013 0.918
28.02.1983 2.021 -7.012 0.917
01.03.1983 2.011 -7.01 0.915
02.03.1983 2.002 -7.009 0.915
03.03.1983 1.996 -7.008 0.914
04.03.1983 1.985 -7.007 0.913
05.03.1983 1.977 -7.005 0.913
06.03.1983 1.965 -7.004 0.912
07.03.1983 1.953 -7.003 0.911
08.03.1983 1.945 -7.0 0.91
09.03.1983 1.93 -6.999 0.91
10.03.1983 1.916 -6.997 0.909
11.03.1983 1.907 -6.994 0.908
12.03.1983 1.901 -6.992 0.907
13.03.1983 1.891 -6.991 0.906
14.03.1983 1.879 -6.99 0.905
15.03.1983 1.867 -6.988 0.905
16.03.1983 1.859 -6.986 0.904
17.03.1983 1.846 -6.985 0.902
18.03.1983 1.839 -6.983 0.901
19.03.1983 1.834 -6.981 0.9
20.03.1983 1.82 -6.979 0.9
21.03.1983 1.813 -6.977 0.899
22.03.1983 1.806 -6.976 0.898
23.03.1983 1.791 -6.974 0.898
24.03.1983 1.782 -6.972 0.897
25.03.1983 1.768 -6.97 0.896
26.03.1983 1.763 -6.969 0.895
27.03.1983 1.755 -6.967 0.894
28.03.1983 1.75 -6.966 0.893
29.03.1983 1.736 -6.965 0.892
30.03.1983 1.727 -6.963 0.892
31.03.1983 1.718 -6.962 0.891
01.04.1983 1.708 -6.96 0.89
02.04.1983 1.701 -6.957 0.89
03.04.1983 1.691 -6.955 0.889
04.04.1983 1.679 -6.954 0.887
05.04.1983 1.671 -6.953 0.886
06.04.1983 1.663 -6.952 0.885
07.04.1983 1.648 -6.951 0.884
08.04.1983 1.635 -6.95 0.883
09.04.1983 1.625 -6.949 0.881
10.04.1983 1.619 -6.947 0.881
11.04.1983 1.608 -6.945 0.879
12.04.1983 1.598 -6.944 0.879
13.04.1983 1.584 -6.942 0.877
14.04.1983 1.573 -6.942 0.877
15.04.1983 1.562 -6.94 0.876
16.04.1983 1.549 -6.938 0.874
17.04.1983 1.544 -6.937 0.874
18.04.1983 1.533 -6.935 0.873
19.04.1983 1.523 -6.934 0.872
20.04.1983 1.512 -6.933 0.871
21.04.1983 1.505 -6.932 0.87
22.04.1983 1.493 -6.93 0.869
23.04.1983 1.484 -6.928 0.868
24.04.1983 1.469 -6.926 0.867
25.04.1983 1.457 -6.924 0.866
26.04.1983 1.444 -6.922 0.865
27.04.1983 1.431 -6.921 0.864
28.04.1983 1.422 -6.919 0.863
29.04.1983 1.409 -6.918 0.861
30.04.1983 1.4 -6.916 0.861
01.05.1983 1.392 -6.914 0.86
02.05.1983 1.377 -6.912 0.859
03.05.1983 1.369 -6.911 0.858
04.05.1983 1.364 -6.909 0.857
05.05.1983 1.356 -6.908 0.855
06.05.1983 1.342 -6.906 0.854
07.05.1983 1.337 -6.904 0.853
08.05.1983 1.331 -6.902 0.852
09.05.1983 1.322 -6.9 0.851
10.05.1983 1.309 -6.899 0.85
11.05.1983 1.295 -6.897 0.849
12.05.1983 1.287 -6.895 0.848
13.05.1983 1.275 -6.895 0.847
14.05.1983 1.267 -6.893 0.846
15.05.1983 1.253 -6.891 0.845
16.05.1983 1.248 -6.89 0.844
17.05.1983 1.24 -6.888 0.843
18.05.1983 1.231 -6.886 0.843
19.05.1983 1.22 -6.884 0.842
20.05.1983 1.212 -6.883 0.841
21.05.1983 1.198 -6.881 0.84
22.05.1983 1.192 -6.88 0.839
23.05.1983 1.179 -6.878 0.837
24.05.1983 1.17 -6.877 0.837
25.05.1983 1.165 -6.876 0.836
26.05.1983 1.154 -6.875 0.835
27.05.1983 1.148 -6.873 0.834
28.05.1983 1.134 -6.871 0.833
29.05.1983 1.12 -6.87 0.832
30.05.1983 1.112 -6.869 0.831
31.05.1983 1.102 -6.867 0.83
01.06.1983 1.092 -6.865 0.829
02.06.1983 1.083 -6.864 0.828
03.06.1983 1.077 -6.863 0.827
04.06.1983 1.067 -6.862 0.825
05.06.1983 1.062 -6.861 0.824
06.06.1983 1.051 -6.86 0.824
07.06.1983 1.044 -6.859 0.823
08.06.1983 1.039 -6.858 0.822
09.06.1983 1.029 -6.856 0.821
10.06.1983 1.014 -6.854 0.821
11.06.1983 1.009 -6.853 0.819
12.06.1983 1.001 -6.852 0.818
13.06.1983 0.994 -6.851 0.818
14.06.1983 0.986 -6.849 0.817
15.06.1983 0.974 -6.847 0.815
16.06.1983 0.965 -6.846 0.815
17.06.1983 0.951 -6.845 0.814
18.06.1983 0.937 -6.843 0.813
19.06.1983 0.923 -6.842 0.812
20.06.1983 0.911 -6.84 0.811
21.06.1983 0.897 -6.838 0.81
22.06.1983 0.885 -6.836 0.809
23.06.1983 0.871 -6.834 0.808
24.06.1983 0.86 -6.832 0.808
25.06.1983 0.848 -6.831 0.806
26.06.1983 0.837 -6.829 0.806
27.06.1983 0.827 -6.827 0.805
28.06.1983 0.822 -6.825 0.804
29.06.1983 0.813 -6.823 0.803
30.06.1983 0.799 -6.822 0.802
01.07.1983 0.79 -6.821 0.801
02.07.1983 0.776 -6.82 0.8
03.07.1983 0.767 -6.819 0.799
04.07.1983 0.762 -6.817 0.799
05.07.1983 0.756 -6.815 0.797
06.07.1983 0.748 -6.814 0.797
07.07.1983 0.739 -6.811 0.795
08.07.1983 0.727 -6.81 0.794
09.07.1983 0.715 -6.807 0.793
10.07.1983 0.704 -6.806 0.792
11.07.1983 0.698 -6.804 0.791
12.07.1983 0.689 -6.803 0.79
13.07.1983 0.683 -6.801 0.788
14.07.1983 0.676 -6.799 0.787
15.07.1983 0.67 -6.797 0.786
16.07.1983 0.659 -6.795 0.785
17.07.1983 0.65 -6.794 0.784
18.07.1983 0.644 -6.793 0.783
19.07.1983 0.635 -6.792 0.782
20.07.1983 0.622 -6.79 0.781
21.07.1983 0.608 -6.788 0.78
22.07.1983 0.602 -6.786 0.779
23.07.1983 0.591 -6.785 0.778
24.07.1983 0.582 -6.783 0.777
25.07.1983 0.574 -6.781 0.775
26.07.1983 0.566 -6.78 0.775
27.07.1983 0.558 -6.779 0.774
28.07.1983 0.544 -6.777 0.773
29.07.1983 0.534 -6.775 0.772
30.07.1983 0.521 -6.774 0.771
31.07.1983 0.515 -6.772 0.77
01.08.1983 0.507 -6.77 0.769
02.08.1983 0.497 -6.769 0.768
03.08.1983 0.488 -6.767 0.768
04.08.1983 0.476 -6.766 0.767
05.08.1983 0.464 -6.765 0.765
06.08.1983 0.458 -6.763 0.765
07.08.1983 0.452 -6.762 0.764
08.08.1983 0.441 -6.76 0.763
09.08.1983 0.43 -6.758 0.761
10.08.1983 0.418 -6.756 0.761
11.08.1983 0.404 -6.755 0.76
12.08.1983 0.398 -6.754 0.759
13.08.1983 0.385 -6.753 0.758
14.08.1983 0.376 -6.751 0.757
15.08.1983 0.365 -6.749 0.756
16.08.1983 0.353 -6.748 0.755
17.08.1983 0.344 -6.747 0.754
18.08.1983 0.337 -6.746 0.754
19.08.1983 0.325 -6.744 0.752
20.08.1983 0.313 -6.743 0.751
21.08.1983 0.308 -6.742 0.751
22.08.1983 0.298 -6.74 0.75
23.08.1983 0.292 -6.738 0.749
24.08.1983 0.283 -6.736 0.748
25.08.1983 0.276 -6.734 0.746
26.08.1983 0.263 -6.733 0.745
27.08.1983 0.249 -6.731 0.745
28.08.1983 0.236 -6.73 0.744
29.08.1983 0.224 -6.728 0.743
30.08.1983 0.211 -6.727 0.742
31.08.1983 0.204 -6.725 0.741
01.09.1983 0.195 -6.723 0.739
02.09.1983 0.185 -6.721 0.739
03.09.1983 0.172 -6.719 0.738
04.09.1983 0.162 -6.718 0.737
05.09.1983 0.156 -6.717 0.736
06.09.1983 0.147 -6.715 0.735
07.09.1983 0.141 -6.714 0.733
08.09.1983 0.135 -6.712 0.732
09.09.1983 0.126 -6.711 0.73
10.09.1983 0.118 -6.71 0.73
11.09.1983 0.103 -6.708 0.728
12.09.1983 0.093 -6.707 0.727
13.09.1983 0.081 -6.706 0.726
14.09.1983 0.074 -6.704 0.724
15.09.1983 0.061 -6.703 0.724
16.09.1983 0.054 -6.701 0.723
17.09.1983 0.044 -6.699 0.722
18.09.1983 0.031 -6.698 0.721
19.09.1983 0.026 -6.696 0.719
20.09.1983 0.014 -6.695 0.718
