15.07.1986 6.297 -7.176 1.418
16.07.1986 6.283 -7.169 1.417
17.07.1986 6.268 -7.161 1.416
18.07.1986 6.26 -7.154 1.415
19.07.1986 6.247 -7.149 1.415
20.07.1986 6.239 -7.145 1.413
21.07.1986 6.227 -7.14 1.412
22.07.1986 6.213 -7.133 1.411
23.07.1986 6.201 -7.128 1.41
24.07.1986 6.188 -7.121 1.409
25.07.1986 6.174 -7.118 1.408
26.07.1986 6.166 -7.115 1.407
27.07.1986 6.16 -7.112 1.406
28.07.1986 6.153 -7.106 1.405
29.07.1986 6.146 -7.101 1.403
30.07.1986 6.138 -7.096 1.402
31.07.1986 6.124 -7.092 1.401
01.08.1986 6.109 -7.087 1.4
02.08.1986 6.103 -7.083 1.399
03.08.1986 6.096 -7.077 1.397
04.08.1986 6.088 -7.075 1.396
05.08.1986 6.076 -7.071 1.395
06.08.1986 6.07 -7.066 1.394
07.08.1986 6.064 -7.062 1.393
08.08.1986 6.05 -7.059 1.392
09.08.1986 6.043 -7.055 1.392
10.08.1986 6.035 -7.051 1.391
11.08.1986 6.023 -7.048 1.39
12.08.1986 6.016 -7.046 1.389
13.08.1986 6.004 -7.044 1.388
14.08.1986 5.989 -7.041 1.387
15.08.1986 5.975 -7.038 1.387
16.08.1986 5.962 -7.036 1.386
17.08.1986 5.952 -7.033 1.385
18.08.1986 5.947 -7.029 1.385
19.08.1986 5.94 -7.027 1.383
20.08.1986 5.926 -7.024 1.383
21.08.1986 5.918 -7.021 1.381
22.08.1986 5.904 -7.017 1.38
23.08.1986 5.892 -7.014 1.379
24.08.1986 5.88 -7.011 1.379
25.08.1986 5.866 -7.007 1.377
26.08.1986 5.853 -7.005 1.377
27.08.1986 5.848 -7.003 1.376
28.08.1986 5.836 -6.999 1.374
29.08.1986 5.829 -6.996 1.373
30.08.1986 5.814 -6.993 1.372
31.08.1986 5.8 -6.99 1.372
01.09.1986 5.792 -6.985 1.37
02.09.1986 5.781 -6.981 1.369
03.09.1986 5.771 -6.978 1.368
04.09.1986 5.76 -6.976 1.367
05.09.1986 5.748 -6.972 1.367
06.09.1986 5.738 -6.97 1.366
07.09.1986 5.728 -6.968 1.365
08.09.1986 5.72 -6.967 1.363
09.09.1986 5.711 -6.962 1.362
10.09.1986 5.701 -6.96 1.361
11.09.1986 5.691 -6.957 1.36
12.09.1986 5.68 -6.953 1.36
13.09.1986 5.669 -6.949 1.359
14.09.1986 5.664 -6.945 1.358
15.09.1986 5.653 -6.942 1.357
16.09.1986 5.642 -6.94 1.356
17.09.1986 5.634 -6.936 1.355
18.09.1986 5.624 -6.932 1.354
19.09.1986 5.616 -6.93 1.353
20.09.1986 5.603 -6.928 1.352
21.09.1986 5.596 -6.924 1.351
22.09.1986 5.589 -6.92 1.35
23.09.1986 5.578 -6.916 1.35
24.09.1986 5.564 -6.913 1.349
25.09.1986 5.549 -6.91 1.348
26.09.1986 5.535 -6.908 1.347
27.09.1986 5.528 -6.906 1.345
28.09.1986 5.517 -6.902 1.344
29.09.1986 5.512 -6.899 1.343
30.09.1986 5.501 -6.896 1.342
01.10.1986 5.495 -6.893 1.341
02.10.1986 5.483 -6.891 1.34
03.10.1986 5.478 -6.888 1.339
04.10.1986 5.467 -6.886 1.338
05.10.1986 5.46 -6.884 1.337
06.10.1986 5.448 -6.88 1.336
07.10.1986 5.437 -6.878 1.335
08.10.1986 5.422 -6.875 1.334
09.10.1986 5.41 -6.873 1.333
10.10.1986 5.403 -6.871 1.332
11.10.1986 5.398 -6.867 1.331
12.10.1986 5.384 -6.865 1.33
13.10.1986 5.376 -6.861 1.329
14.10.1986 5.368 -6.859 1.329
15.10.1986 5.354 -6.856 1.327
16.10.1986 5.344 -6.854 1.326
17.10.1986 5.338 -6.851 1.325
18.10.1986 5.329 -6.847 1.324
19.10.1986 5.316 -6.845 1.323
20.10.1986 5.302 -6.842 1.322
21.10.1986 5.287 -6.84 1.321
22.10.1986 5.277 -6.838 1.32
23.10.1986 5.266 -6.836 1.319
24.10.1986 5.26 -6.832 1.318
25.10.1986 5.254 -6.831 1.317
26.10.1986 5.242 -6.827 1.316
27.10.1986 5.228 -6.825 1.316
28.10.1986 5.218 -6.822 1.315
29.10.1986 5.213 -6.82 1.314
30.10.1986 5.199 -6.817 1.313
31.10.1986 5.185 -6.815 1.312
01.11.1986 5.179 -6.812 1.31
02.11.1986 5.171 -6.811 1.31
03.11.1986 5.157 -6.809 1.308
04.11.1986 5.152 -6.805 1.307
05.11.1986 5.143 -6.803 1.306
06.11.1986 5.135 -6.8 1.305
07.11.1986 5.122 -6.798 1.304
08.11.1986 5.115 -6.795 1.304
09.11.1986 5.101 -6.792 1.303
10.11.1986 5.088 -6.791 1.302
11.11.1986 5.074 -6.789 1.301
12.11.1986 5.065 -6.786 1.301
13.11.1986 5.056 -6.784 1.3
14.11.1986 5.042 -6.783 1.299
15.11.1986 5.034 -6.779 1.299
16.11.1986 5.024 -6.777 1.298
17.11.1986 5.017 -6.774 1.297
18.11.1986 5.011 -6.772 1.296
19.11.1986 4.996 -6.77 1.295
20.11.1986 4.981 -6.766 1.294
21.11.1986 4.97 -6.764 1.293
22.11.1986 4.962 -6.763 1.292
23.11.1986 4.948 -6.76 1.291
24.11.1986 4.939 -6.757 1.29
25.11.1986 4.93 -6.754 1.289
26.11.1986 4.921 -6.752 1.288
27.11.1986 4.906 -6.748 1.287
28.11.1986 4.9 -6.747 1.286
29.11.1986 4.888 -6.746 1.285
30.11.1986 4.881 -6.743 1.285
01.12.1986 4.872 -6.74 1.283
02.12.1986 4.858 -6.738 1.282
03.12.1986 4.847 -6.735 1.281
04.12.1986 4.841 -6.732 1.28
05.12.1986 4.829 -6.73 1.279
06.12.1986 4.819 -6.729 1.278
07.12.1986 4.814 -6.727 1.277
08.12.1986 4.804 -6.726 1.276
09.12.1986 4.792 -6.724 1.276
10.12.1986 4.781 -6.722 1.274
11.12.1986 4.767 -6.72 1.273
12.12.1986 4.752 -6.718 1.273
13.12.1986 4.737 -6.715 1.271
14.12.1986 4.729 -6.712 1.27
15.12.1986 4.721 -6.71 1.269
16.12.1986 4.711 -6.709 1.268
17.12.1986 4.697 -6.706 1.266
18.12.1986 4.684 -6.705 1.265
19.12.1986 4.675 -6.702 1.265
20.12.1986 4.663 -6.7 1.263
21.12.1986 4.649 -6.698 1.262
22.12.1986 4.642 -6.697 1.261
23.12.1986 4.636 -6.694 1.259
24.12.1986 4.623 -6.692 1.258
25.12.1986 4.61 -6.69 1.258
26.12.1986 4.595 -6.688 1.257
27.12.1986 4.588 -6.686 1.256
28.12.1986 4.578 -6.685 1.255
29.12.1986 4.563 -6.682 1.255
30.12.1986 4.556 -6.681 1.254
31.12.1986 4.545 -6.679 1.252
01.01.1987 4.537 -6.677 1.251
02.01.1987 4.529 -6.674 1.251
03.01.1987 4.517 -6.672 1.249
04.01.1987 4.505 -6.67 1.249
05.01.1987 4.498 -6.669 1.247
06.01.1987 4.484 -6.667 1.246
07.01.1987 4.476 -6.665 1.245
08.01.1987 4.463 -6.663 1.243
09.01.1987 4.455 -6.66 1.242
10.01.1987 4.442 -6.658 1.241
11.01.1987 4.433 -6.656 1.24
12.01.1987 4.42 -6.655 1.239
13.01.1987 4.41 -6.651 1.238
14.01.1987 4.397 -6.649 1.237
15.01.1987 4.391 -6.646 1.236
16.01.1987 4.385 -6.645 1.235
17.01.1987 4.377 -6.643 1.234
18.01.1987 4.37 -6.64 1.233
19.01.1987 4.364 -6.637 1.231
20.01.1987 4.353 -6.634 1.23
21.01.1987 4.344 -6.632 1.23
22.01.1987 4.33 -6.63 1.229
23.01.1987 4.316 -6.627 1.228
24.01.1987 4.305 -6.626 1.227
25.01.1987 4.292 -6.623 1.227
26.01.1987 4.285 -6.621 1.225
27.01.1987 4.273 -6.618 1.224
28.01.1987 4.265 -6.616 1.223
29.01.1987 4.259 -6.614 1.222
30.01.1987 4.252 -6.612 1.221
31.01.1987 4.246 -6.61 1.22
01.02.1987 4.236 -6.609 1.219
02.02.1987 4.226 -6.607 1.218
03.02.1987 4.213 -6.605 1.217
04.02.1987 4.203 -6.602 1.216
05.02.1987 4.195 -6.6 1.215
06.02.1987 4.184 -6.598 1.214
07.02.1987 4.171 -6.596 1.214
08.02.1987 4.157 -6.594 1.213
09.02.1987 4.144 -6.593 1.211
10.02.1987 4.134 -6.59 1.21
11.02.1987 4.129 -6.588 1.21
12.02.1987 4.114 -6.586 1.209
13.02.1987 4.106 -6.584 1.208
14.02.1987 4.091 -6.583 1.207
15.02.1987 4.083 -6.582 1.205
16.02.1987 4.071 -6.58 1.205
17.02.1987 4.064 -6.577 1.204
18.02.1987 4.05 -6.576 1.203
19.02.1987 4.037 -6.573 1.202
20.02.1987 4.028 -6.572 1.201
21.02.1987 4.022 -6.571 1.2
22.02.1987 4.013 -6.568 1.199
23.02.1987 4.006 -6.566 1.199
24.02.1987 3.994 -6.563 1.198
25.02.1987 3.985 -6.561 1.197
26.02.1987 3.978 -6.559 1.196
27.02.1987 3.968 -6.556 1.195
28.02.1987 3.953 -6.554 1.194
01.03.1987 3.94 -6.552 1.193
02.03.1987 3.932 -6.55 1.192
03.03.1987 3.92 -6.548 1.191
04.03.1987 3.906 -6.546 1.19
05.03.1987 3.895 -6.544 1.189
06.03.1987 3.882 -6.542 1.188
07.03.1987 3.871 -6.54 1.187
08.03.1987 3.859 -6.539 1.186
09.03.1987 3.848 -6.537 1.185
10.03.1987 3.84 -6.535 1.184
11.03.1987 3.828 -6.534 1.183
12.03.1987 3.818 -6.532 1.182
13.03.1987 3.813 -6.53 1.181
14.03.1987 3.803 -6.529 1.18
15.03.1987 3.792 -6.526 1.179
16.03.1987 3.783 -6.524 1.178
17.03.1987 3.769 -6.522 1.177
18.03.1987 3.758 -6.519 1.176
19.03.1987 3.748 -6.516 1.175
20.03.1987 3.739 -6.514 1.174
21.03.1987 3.73 -6.511 1.173
22.03.1987 3.723 -6.51 1.171
23.03.1987 3.71 -6.509 1.17
24.03.1987 3.701 -6.507 1.17
25.03.1987 3.695 -6.505 1.169
26.03.1987 3.682 -6.504 1.168
27.03.1987 3.672 -6.501 1.167
28.03.1987 3.663 -6.5 1.166
29.03.1987 3.652 -6.499 1.165
30.03.1987 3.644 -6.496 1.164
31.03.1987 3.636 -6.493 1.163
01.04.1987 3.625 -6.492 1.163
02.04.1987 3.617 -6.489 1.161
03.04.1987 3.609 -6.488 1.16
04.04.1987 3.603 -6.487 1.158
05.04.1987 3.596 -6.485 1.157
06.04.1987 3.59 -6.484 1.156
07.04.1987 3.578 -6.482 1.155
08.04.1987 3.568 -6.481 1.154
09.04.1987 3.558 -6.479 1.153
10.04.1987 3.543 -6.477 1.152
11.04.1987 3.531 -6.476 1.151
12.04.1987 3.523 -6.473 1.15
13.04.1987 3.509 -6.471 1.149
14.04.1987 3.501 -6.47 1.148
15.04.1987 3.486 -6.468 1.147
16.04.1987 3.478 -6.466 1.146
17.04.1987 3.472 -6.465 1.145
18.04.1987 3.458 -6.463 1.144
19.04.1987 3.448 -6.46 1.143
20.04.1987 3.437 -6.458 1.142
21.04.1987 3.428 -6.456 1.142
22.04.1987 3.423 -6.454 1.14
23.04.1987 3.413 -6.452 1.139
24.04.1987 3.407 -6.45 1.138
25.04.1987 3.4 -6.448 1.137
26.04.1987 3.387 -6.446 1.136
27.04.1987 3.375 -6.444 1.135
28.04.1987 3.368 -6.443 1.135
29.04.1987 3.357 -6.441 1.134
30.04.1987 3.349 -6.44 1.133
01.05.1987 3.336 -6.437 1.131
02.05.1987 3.329 -6.435 1.131
03.05.1987 3.316 -6.434 1.13
04.05.1987 3.304 -6.431 1.129
05.05.1987 3.296 -6.429 1.128
06.05.1987 3.284 -6.427 1.127
07.05.1987 3.275 -6.426 1.126
08.05.1987 3.268 -6.425 1.125
09.05.1987 3.263 -6.424 1.124
10.05.1987 3.258 -6.423 1.123
11.05.1987 3.248 -6.42 1.122
12.05.1987 3.24 -6.418 1.121
13.05.1987 3.231 -6.416 1.12
14.05.1987 3.22 -6.414 1.119
15.05.1987 3.214 -6.412 1.119
16.05.1987 3.207 -6.41 1.118
17.05.1987 3.199 -6.408 1.117
18.05.1987 3.186 -6.406 1.116
19.05.1987 3.18 -6.404 1.116
20.05.1987 3.168 -6.402 1.115
21.05.1987 3.154 -6.399 1.114
22.05.1987 3.147 -6.397 1.112
23.05.1987 3.14 -6.395 1.111
24.05.1987 3.133 -6.393 1.11
25.05.1987 3.122 -6.392 1.109
26.05.1987 3.117 -6.39 1.109
27.05.1987 3.109 -6.388 1.107
28.05.1987 3.095 -6.387 1.106
29.05.1987 3.084 -6.385 1.105
30.05.1987 3.071 -6.383 1.104
31.05.1987 3.063 -6.381 1.103
01.06.1987 3.051 -6.38 1.102
02.06.1987 3.044 -6.379 1.101
03.06.1987 3.032 -6.377 1.1
04.06.1987 3.02 -6.376 1.099
05.06.1987 3.014 -6.374 1.098
06.06.1987 3.002 -6.372 1.096
07.06.1987 2.991 -6.37 1.095
08.06.1987 2.979 -6.367 1.094
09.06.1987 2.971 -6.366 1.093
10.06.1987 2.958 -6.364 1.092
11.06.1987 2.944 -6.362 1.091
12.06.1987 2.932 -6.36 1.09
13.06.1987 2.92 -6.358 1.089
14.06.1987 2.907 -6.357 1.088
15.06.1987 2.898 -6.355 1.087
16.06.1987 2.888 -6.355 1.086
17.06.1987 2.874 -6.353 1.084
18.06.1987 2.868 -6.351 1.083
19.06.1987 2.857 -6.348 1.083
20.06.1987 2.845 -6.346 1.082
21.06.1987 2.835 -6.344 1.08
22.06.1987 2.824 -6.343 1.079
23.06.1987 2.819 -6.342 1.078
24.06.1987 2.809 -6.339 1.077
25.06.1987 2.797 -6.337 1.076
26.06.1987 2.792 -6.335 1.075
27.06.1987 2.785 -6.334 1.074
28.06.1987 2.772 -6.332 1.073
29.06.1987 2.759 -6.33 1.072
30.06.1987 2.752 -6.33 1.071
01.07.1987 2.743 -6.328 1.07
02.07.1987 2.736 -6.327 1.069
03.07.1987 2.727 -6.325 1.068
04.07.1987 2.721 -6.323 1.067
05.07.1987 2.707 -6.321 1.066
06.07.1987 2.695 -6.319 1.065
07.07.1987 2.681 -6.316 1.064
08.07.1987 2.674 -6.315 1.063
09.07.1987 2.664 -6.314 1.062
10.07.1987 2.653 -6.313 1.06
11.07.1987 2.643 -6.311 1.059
12.07.1987 2.631 -6.311 1.058
13.07.1987 2.625 -6.309 1.057
14.07.1987 2.61 -6.306 1.056
15.07.1987 2.599 -6.304 1.055
16.07.1987 2.594 -6.303 1.054
17.07.1987 2.585 -6.302 1.053
18.07.1987 2.572 -6.3 1.052
19.07.1987 2.558 -6.299 1.051
20.07.1987 2.552 -6.297 1.049
21.07.1987 2.545 -6.296 1.048
22.07.1987 2.54 -6.294 1.047
23.07.1987 2.533 -6.292 1.046
24.07.1987 2.527 -6.29 1.045
25.07.1987 2.515 -6.287 1.044
26.07.1987 2.501 -6.286 1.043
27.07.1987 2.488 -6.284 1.042
28.07.1987 2.474 -6.282 1.041
29.07.1987 2.462 -6.282 1.04
30.07.1987 2.447 -6.28 1.038
31.07.1987 2.437 -6.278 1.038
01.08.1987 2.431 -6.276 1.037
02.08.1987 2.418 -6.274 1.036
03.08.1987 2.408 -6.273 1.035
04.08.1987 2.395 -6.271 1.034
05.08.1987 2.388 -6.268 1.033
06.08.1987 2.376 -6.267 1.031
07.08.1987 2.367 -6.265 1.031
08.08.1987 2.354 -6.264 1.03
09.08.1987 2.349 -6.263 1.028
10.08.1987 2.342 -6.261 1.028
11.08.1987 2.328 -6.259 1.026
12.08.1987 2.321 -6.258 1.026
13.08.1987 2.313 -6.257 1.025
14.08.1987 2.301 -6.254 1.024
15.08.1987 2.291 -6.252 1.023
16.08.1987 2.282 -6.251 1.022
17.08.1987 2.273 -6.248 1.02
18.08.1987 2.262 -6.246 1.02
19.08.1987 2.253 -6.245 1.019
20.08.1987 2.245 -6.243 1.018
21.08.1987 2.235 -6.241 1.017
22.08.1987 2.23 -6.239 1.016
23.08.1987 2.218 -6.237 1.015
24.08.1987 2.21 -6.236 1.014
25.08.1987 2.204 -6.234 1.013
26.08.1987 2.199 -6.232 1.012
27.08.1987 2.194 -6.23 1.012
28.08.1987 2.181 -6.228 1.011
29.08.1987 2.174 -6.226 1.009
30.08.1987 2.161 -6.225 1.009
31.08.1987 2.152 -6.223 1.007
01.09.1987 2.141 -6.221 1.006
02.09.1987 2.128 -6.218 1.006
03.09.1987 2.121 -6.217 1.004
04.09.1987 2.112 -6.215 1.003
05.09.1987 2.106 -6.213 1.003
06.09.1987 2.096 -6.211 1.002
07.09.1987 2.09 -6.209 1.001
08.09.1987 2.077 -6.208 1.0
09.09.1987 2.065 -6.207 0.999
10.09.1987 2.058 -6.206 0.998
11.09.1987 2.046 -6.205 0.997
12.09.1987 2.038 -6.204 0.996
13.09.1987 2.028 -6.203 0.995
14.09.1987 2.019 -6.201 0.994
15.09.1987 2.012 -6.2 0.993
16.09.1987 2.006 -6.198 0.992
17.09.1987 1.997 -6.197 0.991
18.09.1987 1.985 -6.196 0.99
19.09.1987 1.978 -6.195 0.989
20.09.1987 1.971 -6.194 0.988
21.09.1987 1.956 -6.193 0.987
22.09.1987 1.945 -6.191 0.986
23.09.1987 1.938 -6.189 0.984
24.09.1987 1.927 -6.187 0.983
25.09.1987 1.913 -6.186 0.982
26.09.1987 1.906 -6.186 0.981
27.09.1987 1.891 -6.183 0.98
28.09.1987 1.877 -6.182 0.978
29.09.1987 1.869 -6.18 0.978
30.09.1987 1.855 -6.178 0.977
01.10.1987 1.849 -6.177 0.976
02.10.1987 1.837 -6.176 0.975
03.10.1987 1.83 -6.174 0.974
04.10.1987 1.821 -6.171 0.973
05.10.1987 1.815 -6.169 0.972
06.10.1987 1.803 -6.167 0.971
07.10.1987 1.791 -6.165 0.97
08.10.1987 1.781 -6.164 0.968
09.10.1987 1.774 -6.163 0.968
10.10.1987 1.765 -6.162 0.966
11.10.1987 1.754 -6.16 0.966
12.10.1987 1.745 -6.158 0.965
13.10.1987 1.737 -6.157 0.964
14.10.1987 1.722 -6.156 0.963
15.10.1987 1.71 -6.154 0.962
16.10.1987 1.698 -6.152 0.961
17.10.1987 1.693 -6.15 0.96
18.10.1987 1.685 -6.149 0.96
19.10.1987 1.675 -6.147 0.959
20.10.1987 1.665 -6.146 0.958
21.10.1987 1.655 -6.143 0.957
22.10.1987 1.646 -6.142 0.956
23.10.1987 1.637 -6.141 0.954
24.10.1987 1.629 -6.139 0.953
25.10.1987 1.614 -6.137 0.952
26.10.1987 1.605 -6.136 0.951
27.10.1987 1.598 -6.135 0.95
28.10.1987 1.584 -6.133 0.95
29.10.1987 1.572 -6.131 0.948
30.10.1987 1.566 -6.13 0.947
31.10.1987 1.553 -6.129 0.946
01.11.1987 1.544 -6.128 0.945
02.11.1987 1.533 -6.127 0.944
03.11.1987 1.519 -6.126 0.943
04.11.1987 1.509 -6.125 0.943
05.11.1987 1.498 -6.123 0.942
06.11.1987 1.486 -6.122 0.941
07.11.1987 1.474 -6.12 0.94
08.11.1987 1.463 -6.118 0.939
09.11.1987 1.45 -6.117 0.938
10.11.1987 1.437 -6.116 0.937
11.11.1987 1.427 -6.114 0.936
12.11.1987 1.416 -6.113 0.935
13.11.1987 1.407 -6.111 0.934
14.11.1987 1.397 -6.11 0.933
15.11.1987 1.388 -6.108 0.933
16.11.1987 1.374 -6.106 0.931
17.11.1987 1.365 -6.105 0.931
18.11.1987 1.359 -6.103 0.929
19.11.1987 1.352 -6.102 0.929
20.11.1987 1.344 -6.101 0.928
21.11.1987 1.331 -6.1 0.927
22.11.1987 1.321 -6.099 0.926
23.11.1987 1.309 -6.098 0.925
24.11.1987 1.301 -6.096 0.925
25.11.1987 1.295 -6.094 0.924
26.11.1987 1.286 -6.092 0.923
27.11.1987 1.277 -6.091 0.921
28.11.1987 1.263 -6.089 0.92
29.11.1987 1.254 -6.088 0.919
30.11.1987 1.24 -6.087 0.918
01.12.1987 1.232 -6.085 0.917
02.12.1987 1.22 -6.083 0.916
03.12.1987 1.209 -6.081 0.915
04.12.1987 1.196 -6.08 0.914
05.12.1987 1.183 -6.078 0.913
06.12.1987 1.169 -6.077 0.912
07.12.1987 1.156 -6.076 0.911
08.12.1987 1.149 -6.075 0.91
09.12.1987 1.137 -6.074 0.909
10.12.1987 1.129 -6.072 0.908
11.12.1987 1.117 -6.07 0.907
12.12.1987 1.111 -6.069 0.907
13.12.1987 1.098 -6.067 0.905
14.12.1987 1.084 -6.066 0.904
15.12.1987 1.072 -6.065 0.903
16.12.1987 1.061 -6.064 0.902
17.12.1987 1.046 -6.062 0.9
18.12.1987 1.033 -6.061 0.899
19.12.1987 1.027 -6.06 0.898
20.12.1987 1.013 -6.058 0.897
21.12.1987 1.001 -6.057 0.896
22.12.1987 0.986 -6.055 0.895
23.12.1987 0.974 -6.052 0.894
24.12.1987 0.963 -6.051 0.893
25.12.1987 0.958 -6.049 0.893
26.12.1987 0.945 -6.047 0.892
27.12.1987 0.939 -6.045 0.891
28.12.1987 0.927 -6.044 0.89
29.12.1987 0.917 -6.042 0.89
30.12.1987 0.906 -6.041 0.889
31.12.1987 0.894 -6.038 0.888
01.01.1988 0.888 -6.037 0.888
02.01.1988 0.88 -6.035 0.887
03.01.1988 0.874 -6.033 0.886
04.01.1988 0.866 -6.032 0.885
05.01.1988 0.853 -6.03 0.884
06.01.1988 0.84 -6.029 0.883
07.01.1988 0.83 -6.027 0.882
08.01.1988 0.82 -6.026 0.881
09.01.1988 0.813 -6.025 0.88
10.01.1988 0.805 -6.023 0.879
11.01.1988 0.799 -6.022 0.878
12.01.1988 0.789 -6.02 0.878
13.01.1988 0.781 -6.017 0.876
14.01.1988 0.77 -6.016 0.876
15.01.1988 0.755 -6.014 0.875
16.01.1988 0.747 -6.013 0.874
17.01.1988 0.732 -6.012 0.873
18.01.1988 0.723 -6.011 0.872
19.01.1988 0.717 -6.01 0.871
20.01.1988 0.708 -6.009 0.87
21.01.1988 0.695 -6.008 0.869
22.01.1988 0.688 -6.007 0.868
23.01.1988 0.678 -6.005 0.867
24.01.1988 0.667 -6.004 0.866
25.01.1988 0.653 -6.003 0.865
26.01.1988 0.646 -6.002 0.864
27.01.1988 0.64 -6.001 0.863
28.01.1988 0.626 -6.0 0.862
29.01.1988 0.617 -5.998 0.86
30.01.1988 0.611 -5.997 0.86
31.01.1988 0.6 -5.995 0.859
01.02.1988 0.587 -5.993 0.858
02.02.1988 0.582 -5.991 0.857
03.02.1988 0.567 -5.989 0.856
04.02.1988 0.554 -5.987 0.855
05.02.1988 0.54 -5.986 0.854
06.02.1988 0.533 -5.984 0.853
07.02.1988 0.524 -5.983 0.852
08.02.1988 0.517 -5.981 0.85
09.02.1988 0.504 -5.98 0.85
10.02.1988 0.495 -5.979 0.848
11.02.1988 0.483 -5.977 0.848
12.02.1988 0.476 -5.976 0.846
13.02.1988 0.461 -5.975 0.845
14.02.1988 0.45 -5.974 0.844
15.02.1988 0.444 -5.972 0.843
16.02.1988 0.437 -5.971 0.842
17.02.1988 0.425 -5.97 0.842
18.02.1988 0.418 -5.968 0.841
19.02.1988 0.407 -5.967 0.84
20.02.1988 0.394 -5.965 0.839
21.02.1988 0.38 -5.964 0.838
22.02.1988 0.373 -5.963 0.836
23.02.1988 0.365 -5.961 0.835
24.02.1988 0.355 -5.96 0.835
25.02.1988 0.341 -5.959 0.834
26.02.1988 0.327 -5.956 0.833
27.02.1988 0.315 -5.955 0.832
28.02.1988 0.306 -5.953 0.83
29.02.1988 0.295 -5.952 0.83
01.03.1988 0.289 -5.951 0.828
02.03.1988 0.278 -5.95 0.827
03.03.1988 0.269 -5.948 0.827
04.03.1988 0.261 -5.947 0.825
05.03.1988 0.255 -5.946 0.824
06.03.1988 0.248 -5.944 0.824
07.03.1988 0.234 -5.943 0.822
08.03.1988 0.227 -5.941 0.821
09.03.1988 0.216 -5.939 0.82
10.03.1988 0.207 -5.937 0.82
11.03.1988 0.2 -5.936 0.819
12.03.1988 0.191 -5.934 0.818
13.03.1988 0.18 -5.933 0.817
14.03.1988 0.174 -5.931 0.816
15.03.1988 0.164 -5.93 0.815
16.03.1988 0.15 -5.929 0.814
17.03.1988 0.14 -5.928 0.814
18.03.1988 0.126 -5.926 0.813
19.03.1988 0.114 -5.925 0.811
20.03.1988 0.104 -5.924 0.81
21.03.1988 0.097 -5.922 0.809
22.03.1988 0.083 -5.921 0.808
23.03.1988 0.071 -5.918 0.807
24.03.1988 0.064 -5.918 0.806
25.03.1988 0.053 -5.916 0.805
26.03.1988 0.045 -5.914 0.804
27.03.1988 0.032 -5.913 0.803
28.03.1988 0.024 -5.912 0.801
29.03.1988 0.018 -5.91 0.8
30.03.1988 0.007 -5.909 0.799
31.03.1988 0.001 -5.908 0.798
