25.10.1982 5.634 -5.324 1.477
26.10.1982 5.627 -5.316 1.477
27.10.1982 5.622 -5.308 1.475
28.10.1982 5.612 -5.304 1.475
29.10.1982 5.6 -5.299 1.474
30.10.1982 5.592 -5.294 1.473
31.10.1982 5.582 -5.288 1.472
01.11.1982 5.577 -5.282 1.471
02.11.1982 5.567 -5.276 1.471
03.11.1982 5.562 -5.271 1.47
04.11.1982 5.557 -5.267 1.469
05.11.1982 5.551 -5.26 1.469
06.11.1982 5.537 -5.255 1.468
07.11.1982 5.525 -5.252 1.468
08.11.1982 5.518 -5.248 1.467
09.11.1982 5.504 -5.245 1.465
10.11.1982 5.493 -5.242 1.464
11.11.1982 5.48 -5.239 1.464
12.11.1982 5.47 -5.235 1.462
13.11.1982 5.461 -5.231 1.461
14.11.1982 5.453 -5.228 1.461
15.11.1982 5.44 -5.223 1.459
16.11.1982 5.426 -5.22 1.459
17.11.1982 5.412 -5.218 1.457
18.11.1982 5.397 -5.213 1.456
19.11.1982 5.39 -5.208 1.455
20.11.1982 5.384 -5.204 1.454
21.11.1982 5.373 -5.201 1.453
22.11.1982 5.366 -5.196 1.451
23.11.1982 5.359 -5.191 1.45
24.11.1982 5.346 -5.187 1.449
25.11.1982 5.336 -5.182 1.449
26.11.1982 5.33 -5.177 1.448
27.11.1982 5.321 -5.175 1.447
28.11.1982 5.306 -5.171 1.446
29.11.1982 5.294 -5.168 1.445
30.11.1982 5.289 -5.164 1.444
01.12.1982 5.281 -5.161 1.443
02.12.1982 5.273 -5.157 1.443
03.12.1982 5.258 -5.154 1.441
04.12.1982 5.252 -5.152 1.44
05.12.1982 5.244 -5.147 1.439
06.12.1982 5.238 -5.143 1.438
07.12.1982 5.228 -5.14 1.437
08.12.1982 5.221 -5.137 1.436
09.12.1982 5.208 -5.133 1.435
10.12.1982 5.195 -5.129 1.434
11.12.1982 5.189 -5.127 1.432
12.12.1982 5.179 -5.125 1.432
13.12.1982 5.17 -5.123 1.431
14.12.1982 5.16 -5.118 1.43
15.12.1982 5.145 -5.114 1.429
16.12.1982 5.131 -5.111 1.428
17.12.1982 5.125 -5.108 1.427
18.12.1982 5.113 -5.105 1.426
19.12.1982 5.106 -5.101 1.426
20.12.1982 5.095 -5.098 1.425
21.12.1982 5.088 -5.094 1.424
22.12.1982 5.076 -5.091 1.422
23.12.1982 5.064 -5.087 1.421
24.12.1982 5.055 -5.085 1.42
25.12.1982 5.042 -5.081 1.419
26.12.1982 5.033 -5.078 1.418
27.12.1982 5.018 -5.074 1.417
28.12.1982 5.008 -5.073 1.417
29.12.1982 4.993 -5.069 1.416
30.12.1982 4.987 -5.068 1.415
31.12.1982 4.977 -5.065 1.414
01.01.1983 4.969 -5.061 1.413
02.01.1983 4.96 -5.059 1.412
03.01.1983 4.95 -5.056 1.411
04.01.1983 4.944 -5.053 1.41
05.01.1983 4.931 -5.051 1.409
06.01.1983 4.92 -5.047 1.408
07.01.1983 4.905 -5.045 1.407
08.01.1983 4.892 -5.041 1.406
09.01.1983 4.884 -5.039 1.405
10.01.1983 4.876 -5.037 1.404
11.01.1983 4.867 -5.033 1.403
12.01.1983 4.854 -5.031 1.402
13.01.1983 4.843 -5.028 1.401
14.01.1983 4.836 -5.026 1.4
15.01.1983 4.827 -5.022 1.399
16.01.1983 4.817 -5.019 1.398
17.01.1983 4.808 -5.016 1.397
18.01.1983 4.801 -5.013 1.397
19.01.1983 4.788 -5.01 1.396
20.01.1983 4.774 -5.008 1.395
21.01.1983 4.759 -5.004 1.394
22.01.1983 4.746 -5.001 1.393
23.01.1983 4.736 -4.998 1.392
24.01.1983 4.728 -4.996 1.391
25.01.1983 4.713 -4.993 1.39
26.01.1983 4.698 -4.99 1.389
27.01.1983 4.685 -4.987 1.388
28.01.1983 4.674 -4.984 1.387
29.01.1983 4.665 -4.982 1.387
30.01.1983 4.655 -4.981 1.386
31.01.1983 4.644 -4.978 1.385
01.02.1983 4.63 -4.975 1.384
02.02.1983 4.624 -4.973 1.382
03.02.1983 4.611 -4.97 1.381
04.02.1983 4.605 -4.968 1.38
05.02.1983 4.591 -4.965 1.378
06.02.1983 4.586 -4.962 1.377
07.02.1983 4.579 -4.959 1.377
08.02.1983 4.569 -4.957 1.375
09.02.1983 4.554 -4.955 1.375
10.02.1983 4.549 -4.951 1.374
11.02.1983 4.542 -4.949 1.373
12.02.1983 4.534 -4.947 1.373
13.02.1983 4.525 -4.946 1.371
14.02.1983 4.513 -4.944 1.37
15.02.1983 4.499 -4.941 1.369
16.02.1983 4.488 -4.94 1.369
17.02.1983 4.473 -4.937 1.368
18.02.1983 4.463 -4.936 1.367
19.02.1983 4.457 -4.932 1.365
20.02.1983 4.444 -4.93 1.365
21.02.1983 4.432 -4.926 1.363
22.02.1983 4.423 -4.925 1.362
23.02.1983 4.408 -4.923 1.361
24.02.1983 4.394 -4.92 1.36
25.02.1983 4.383 -4.917 1.359
26.02.1983 4.375 -4.914 1.358
27.02.1983 4.366 -4.91 1.357
28.02.1983 4.356 -4.909 1.356
01.03.1983 4.348 -4.906 1.355
02.03.1983 4.342 -4.903 1.354
03.03.1983 4.337 -4.9 1.353
04.03.1983 4.322 -4.897 1.352
05.03.1983 4.316 -4.895 1.351
06.03.1983 4.306 -4.893 1.35
07.03.1983 4.296 -4.89 1.349
08.03.1983 4.283 -4.888 1.348
09.03.1983 4.272 -4.886 1.347
10.03.1983 4.259 -4.883 1.346
11.03.1983 4.245 -4.881 1.345
12.03.1983 4.233 -4.88 1.344
13.03.1983 4.221 -4.878 1.343
14.03.1983 4.211 -4.875 1.342
15.03.1983 4.198 -4.873 1.341
16.03.1983 4.183 -4.87 1.34
17.03.1983 4.17 -4.868 1.339
18.03.1983 4.164 -4.866 1.338
19.03.1983 4.153 -4.864 1.337
20.03.1983 4.141 -4.862 1.336
21.03.1983 4.132 -4.86 1.335
22.03.1983 4.124 -4.859 1.334
23.03.1983 4.112 -4.857 1.333
24.03.1983 4.101 -4.854 1.332
25.03.1983 4.092 -4.853 1.331
26.03.1983 4.081 -4.852 1.331
27.03.1983 4.076 -4.85 1.329
28.03.1983 4.068 -4.846 1.329
29.03.1983 4.053 -4.845 1.328
30.03.1983 4.043 -4.843 1.327
31.03.1983 4.032 -4.84 1.325
01.04.1983 4.027 -4.838 1.324
02.04.1983 4.019 -4.837 1.324
03.04.1983 4.01 -4.834 1.323
04.04.1983 3.996 -4.831 1.322
05.04.1983 3.99 -4.828 1.321
06.04.1983 3.981 -4.826 1.32
07.04.1983 3.967 -4.823 1.319
08.04.1983 3.954 -4.82 1.318
09.04.1983 3.946 -4.818 1.317
10.04.1983 3.938 -4.815 1.316
11.04.1983 3.929 -4.812 1.315
12.04.1983 3.921 -4.811 1.315
13.04.1983 3.908 -4.81 1.313
14.04.1983 3.901 -4.807 1.312
15.04.1983 3.892 -4.805 1.311
16.04.1983 3.878 -4.802 1.309
17.04.1983 3.87 -4.801 1.308
18.04.1983 3.862 -4.799 1.307
19.04.1983 3.852 -4.797 1.306
20.04.1983 3.837 -4.795 1.304
21.04.1983 3.831 -4.792 1.303
22.04.1983 3.823 -4.79 1.302
23.04.1983 3.809 -4.788 1.301
24.04.1983 3.803 -4.787 1.3
25.04.1983 3.789 -4.784 1.299
26.04.1983 3.778 -4.782 1.297
27.04.1983 3.768 -4.779 1.297
28.04.1983 3.76 -4.776 1.295
29.04.1983 3.754 -4.774 1.294
30.04.1983 3.747 -4.771 1.293
01.05.1983 3.735 -4.769 1.292
02.05.1983 3.721 -4.767 1.291
03.05.1983 3.707 -4.765 1.291
04.05.1983 3.694 -4.762 1.29
05.05.1983 3.683 -4.76 1.289
06.05.1983 3.668 -4.757 1.288
07.05.1983 3.654 -4.754 1.287
08.05.1983 3.647 -4.751 1.286
09.05.1983 3.64 -4.75 1.284
10.05.1983 3.629 -4.749 1.284
11.05.1983 3.621 -4.747 1.282
12.05.1983 3.615 -4.746 1.281
13.05.1983 3.603 -4.743 1.281
14.05.1983 3.589 -4.742 1.28
15.05.1983 3.578 -4.74 1.279
16.05.1983 3.571 -4.738 1.278
17.05.1983 3.556 -4.735 1.277
18.05.1983 3.544 -4.733 1.276
19.05.1983 3.532 -4.731 1.275
20.05.1983 3.521 -4.729 1.274
21.05.1983 3.512 -4.727 1.273
22.05.1983 3.501 -4.724 1.272
23.05.1983 3.488 -4.722 1.27
24.05.1983 3.478 -4.72 1.269
25.05.1983 3.465 -4.718 1.268
26.05.1983 3.452 -4.716 1.267
27.05.1983 3.446 -4.713 1.266
28.05.1983 3.44 -4.711 1.265
29.05.1983 3.427 -4.709 1.264
30.05.1983 3.422 -4.707 1.263
31.05.1983 3.416 -4.705 1.261
01.06.1983 3.406 -4.704 1.26
02.06.1983 3.399 -4.701 1.259
03.06.1983 3.387 -4.698 1.258
04.06.1983 3.376 -4.697 1.256
05.06.1983 3.368 -4.694 1.256
06.06.1983 3.359 -4.692 1.255
07.06.1983 3.346 -4.689 1.255
08.06.1983 3.337 -4.687 1.253
09.06.1983 3.329 -4.685 1.252
10.06.1983 3.314 -4.684 1.251
11.06.1983 3.307 -4.682 1.25
12.06.1983 3.293 -4.68 1.249
13.06.1983 3.287 -4.679 1.248
14.06.1983 3.282 -4.676 1.247
15.06.1983 3.276 -4.675 1.246
16.06.1983 3.271 -4.674 1.245
17.06.1983 3.265 -4.672 1.244
18.06.1983 3.258 -4.67 1.243
19.06.1983 3.248 -4.667 1.242
20.06.1983 3.238 -4.666 1.241
21.06.1983 3.226 -4.664 1.24
22.06.1983 3.216 -4.662 1.239
23.06.1983 3.202 -4.66 1.238
24.06.1983 3.19 -4.658 1.237
25.06.1983 3.18 -4.656 1.236
26.06.1983 3.166 -4.654 1.235
27.06.1983 3.157 -4.653 1.235
28.06.1983 3.149 -4.652 1.233
29.06.1983 3.141 -4.649 1.233
30.06.1983 3.126 -4.648 1.231
01.07.1983 3.113 -4.647 1.23
02.07.1983 3.106 -4.644 1.23
03.07.1983 3.095 -4.642 1.229
04.07.1983 3.082 -4.639 1.228
05.07.1983 3.075 -4.637 1.227
06.07.1983 3.067 -4.636 1.226
07.07.1983 3.055 -4.634 1.226
08.07.1983 3.048 -4.632 1.225
09.07.1983 3.034 -4.63 1.223
10.07.1983 3.027 -4.629 1.223
11.07.1983 3.018 -4.627 1.222
12.07.1983 3.01 -4.624 1.221
13.07.1983 3.004 -4.623 1.219
14.07.1983 2.994 -4.622 1.218
15.07.1983 2.988 -4.62 1.217
16.07.1983 2.982 -4.618 1.217
17.07.1983 2.976 -4.615 1.215
18.07.1983 2.961 -4.614 1.214
19.07.1983 2.952 -4.612 1.213
20.07.1983 2.942 -4.61 1.213
21.07.1983 2.929 -4.607 1.212
22.07.1983 2.919 -4.605 1.21
23.07.1983 2.91 -4.604 1.209
24.07.1983 2.904 -4.602 1.208
25.07.1983 2.889 -4.6 1.206
26.07.1983 2.879 -4.599 1.205
27.07.1983 2.867 -4.597 1.204
28.07.1983 2.856 -4.596 1.203
29.07.1983 2.842 -4.594 1.202
30.07.1983 2.834 -4.592 1.201
31.07.1983 2.824 -4.59 1.2
01.08.1983 2.811 -4.588 1.199
02.08.1983 2.796 -4.587 1.199
03.08.1983 2.789 -4.586 1.198
04.08.1983 2.783 -4.585 1.197
05.08.1983 2.77 -4.582 1.196
06.08.1983 2.76 -4.581 1.195
07.08.1983 2.749 -4.58 1.194
08.08.1983 2.735 -4.578 1.193
09.08.1983 2.722 -4.576 1.192
10.08.1983 2.714 -4.573 1.191
11.08.1983 2.706 -4.571 1.189
12.08.1983 2.693 -4.569 1.189
13.08.1983 2.685 -4.568 1.188
14.08.1983 2.676 -4.565 1.187
15.08.1983 2.664 -4.562 1.185
16.08.1983 2.655 -4.56 1.184
17.08.1983 2.645 -4.559 1.183
18.08.1983 2.637 -4.558 1.182
19.08.1983 2.629 -4.557 1.181
20.08.1983 2.615 -4.556 1.18
21.08.1983 2.6 -4.555 1.179
22.08.1983 2.594 -4.554 1.178
23.08.1983 2.585 -4.551 1.177
24.08.1983 2.571 -4.549 1.176
25.08.1983 2.559 -4.546 1.175
26.08.1983 2.548 -4.545 1.174
27.08.1983 2.534 -4.544 1.173
28.08.1983 2.526 -4.542 1.172
29.08.1983 2.52 -4.541 1.17
30.08.1983 2.511 -4.539 1.169
31.08.1983 2.497 -4.538 1.168
01.09.1983 2.484 -4.536 1.168
02.09.1983 2.474 -4.534 1.167
03.09.1983 2.463 -4.532 1.166
04.09.1983 2.456 -4.53 1.165
05.09.1983 2.445 -4.528 1.163
06.09.1983 2.432 -4.526 1.162
07.09.1983 2.426 -4.525 1.161
08.09.1983 2.413 -4.523 1.161
09.09.1983 2.405 -4.521 1.16
10.09.1983 2.392 -4.519 1.159
11.09.1983 2.385 -4.517 1.158
12.09.1983 2.375 -4.515 1.157
13.09.1983 2.364 -4.513 1.156
14.09.1983 2.353 -4.51 1.155
15.09.1983 2.344 -4.509 1.155
16.09.1983 2.336 -4.507 1.153
17.09.1983 2.323 -4.505 1.152
18.09.1983 2.311 -4.504 1.151
19.09.1983 2.296 -4.503 1.15
20.09.1983 2.287 -4.501 1.15
21.09.1983 2.278 -4.5 1.149
22.09.1983 2.272 -4.499 1.148
23.09.1983 2.258 -4.497 1.147
24.09.1983 2.248 -4.496 1.145
25.09.1983 2.235 -4.494 1.144
26.09.1983 2.224 -4.493 1.143
27.09.1983 2.213 -4.49 1.142
28.09.1983 2.205 -4.488 1.141
29.09.1983 2.195 -4.486 1.14
30.09.1983 2.188 -4.485 1.139
01.10.1983 2.176 -4.484 1.138
02.10.1983 2.162 -4.482 1.138
03.10.1983 2.148 -4.48 1.137
04.10.1983 2.139 -4.479 1.135
05.10.1983 2.133 -4.477 1.135
06.10.1983 2.125 -4.475 1.133
07.10.1983 2.114 -4.473 1.132
08.10.1983 2.108 -4.47 1.131
09.10.1983 2.095 -4.47 1.13
10.10.1983 2.082 -4.468 1.128
11.10.1983 2.074 -4.466 1.127
12.10.1983 2.064 -4.463 1.126
13.10.1983 2.055 -4.461 1.125
14.10.1983 2.047 -4.459 1.124
15.10.1983 2.034 -4.458 1.123
16.10.1983 2.021 -4.456 1.122
17.10.1983 2.008 -4.455 1.121
18.10.1983 2.001 -4.452 1.12
19.10.1983 1.992 -4.451 1.119
20.10.1983 1.986 -4.449 1.117
21.10.1983 1.977 -4.448 1.116
22.10.1983 1.966 -4.446 1.115
23.10.1983 1.953 -4.444 1.114
24.10.1983 1.945 -4.443 1.113
25.10.1983 1.932 -4.442 1.112
26.10.1983 1.926 -4.441 1.111
27.10.1983 1.915 -4.44 1.109
28.10.1983 1.906 -4.438 1.108
29.10.1983 1.898 -4.437 1.107
30.10.1983 1.89 -4.435 1.107
31.10.1983 1.878 -4.434 1.106
01.11.1983 1.866 -4.432 1.105
02.11.1983 1.859 -4.43 1.105
03.11.1983 1.851 -4.429 1.103
04.11.1983 1.844 -4.428 1.102
05.11.1983 1.834 -4.425 1.101
06.11.1983 1.82 -4.425 1.1
07.11.1983 1.811 -4.423 1.098
08.11.1983 1.804 -4.421 1.097
09.11.1983 1.794 -4.42 1.097
10.11.1983 1.785 -4.418 1.096
11.11.1983 1.776 -4.416 1.094
12.11.1983 1.766 -4.414 1.093
13.11.1983 1.757 -4.413 1.093
14.11.1983 1.744 -4.411 1.092
15.11.1983 1.732 -4.41 1.091
16.11.1983 1.721 -4.409 1.09
17.11.1983 1.708 -4.408 1.089
18.11.1983 1.7 -4.406 1.088
19.11.1983 1.695 -4.405 1.087
20.11.1983 1.683 -4.403 1.085
21.11.1983 1.671 -4.402 1.084
22.11.1983 1.665 -4.401 1.083
23.11.1983 1.653 -4.399 1.081
24.11.1983 1.645 -4.398 1.081
25.11.1983 1.637 -4.397 1.079
26.11.1983 1.629 -4.396 1.078
27.11.1983 1.618 -4.393 1.077
28.11.1983 1.604 -4.392 1.076
29.11.1983 1.596 -4.39 1.075
30.11.1983 1.589 -4.388 1.074
01.12.1983 1.58 -4.386 1.074
02.12.1983 1.568 -4.385 1.073
03.12.1983 1.554 -4.383 1.072
04.12.1983 1.544 -4.381 1.071
05.12.1983 1.538 -4.379 1.069
06.12.1983 1.531 -4.378 1.069
07.12.1983 1.517 -4.377 1.068
08.12.1983 1.511 -4.375 1.067
09.12.1983 1.497 -4.375 1.066
10.12.1983 1.491 -4.372 1.065
11.12.1983 1.482 -4.371 1.064
12.12.1983 1.475 -4.369 1.063
13.12.1983 1.463 -4.367 1.062
14.12.1983 1.451 -4.365 1.061
15.12.1983 1.438 -4.363 1.06
16.12.1983 1.423 -4.361 1.058
17.12.1983 1.412 -4.359 1.058
18.12.1983 1.398 -4.357 1.057
19.12.1983 1.385 -4.355 1.056
20.12.1983 1.376 -4.353 1.056
21.12.1983 1.363 -4.351 1.054
22.12.1983 1.354 -4.35 1.054
23.12.1983 1.342 -4.348 1.053
24.12.1983 1.332 -4.347 1.051
25.12.1983 1.324 -4.345 1.05
26.12.1983 1.315 -4.344 1.049
27.12.1983 1.301 -4.343 1.048
28.12.1983 1.292 -4.341 1.048
29.12.1983 1.281 -4.34 1.047
30.12.1983 1.267 -4.338 1.045
31.12.1983 1.256 -4.337 1.044
01.01.1984 1.251 -4.336 1.044
02.01.1984 1.24 -4.335 1.043
03.01.1984 1.23 -4.334 1.042
04.01.1984 1.218 -4.332 1.041
05.01.1984 1.204 -4.331 1.04
06.01.1984 1.192 -4.33 1.04
07.01.1984 1.184 -4.327 1.039
08.01.1984 1.171 -4.325 1.037
09.01.1984 1.164 -4.323 1.036
10.01.1984 1.152 -4.322 1.035
11.01.1984 1.146 -4.321 1.035
12.01.1984 1.138 -4.32 1.033
13.01.1984 1.124 -4.318 1.032
14.01.1984 1.111 -4.315 1.031
15.01.1984 1.102 -4.313 1.03
16.01.1984 1.095 -4.312 1.029
17.01.1984 1.087 -4.31 1.028
18.01.1984 1.079 -4.309 1.026
19.01.1984 1.065 -4.308 1.026
20.01.1984 1.055 -4.306 1.025
21.01.1984 1.045 -4.305 1.023
22.01.1984 1.036 -4.304 1.022
23.01.1984 1.022 -4.302 1.021
24.01.1984 1.008 -4.3 1.02
25.01.1984 0.996 -4.298 1.019
26.01.1984 0.987 -4.296 1.018
27.01.1984 0.974 -4.295 1.017
28.01.1984 0.966 -4.292 1.016
29.01.1984 0.959 -4.291 1.015
30.01.1984 0.949 -4.288 1.014
31.01.1984 0.936 -4.287 1.013
01.02.1984 0.924 -4.285 1.011
02.02.1984 0.91 -4.283 1.01
03.02.1984 0.898 -4.282 1.009
04.02.1984 0.887 -4.281 1.008
05.02.1984 0.872 -4.279 1.006
06.02.1984 0.862 -4.278 1.005
07.02.1984 0.851 -4.275 1.004
08.02.1984 0.839 -4.274 1.003
09.02.1984 0.826 -4.272 1.001
10.02.1984 0.814 -4.271 1.001
11.02.1984 0.804 -4.27 1.0
12.02.1984 0.793 -4.268 0.999
13.02.1984 0.783 -4.267 0.999
14.02.1984 0.772 -4.265 0.998
15.02.1984 0.766 -4.263 0.997
16.02.1984 0.755 -4.262 0.996
17.02.1984 0.748 -4.261 0.995
18.02.1984 0.739 -4.261 0.994
19.02.1984 0.732 -4.259 0.993
20.02.1984 0.726 -4.258 0.992
21.02.1984 0.714 -4.256 0.991
22.02.1984 0.704 -4.254 0.99
23.02.1984 0.696 -4.253 0.989
24.02.1984 0.686 -4.252 0.988
25.02.1984 0.675 -4.25 0.987
26.02.1984 0.66 -4.249 0.986
27.02.1984 0.651 -4.247 0.985
28.02.1984 0.64 -4.245 0.984
29.02.1984 0.63 -4.243 0.983
01.03.1984 0.624 -4.241 0.982
02.03.1984 0.615 -4.24 0.981
03.03.1984 0.607 -4.239 0.979
04.03.1984 0.596 -4.237 0.978
05.03.1984 0.583 -4.235 0.977
06.03.1984 0.57 -4.232 0.976
07.03.1984 0.564 -4.231 0.974
08.03.1984 0.551 -4.23 0.973
09.03.1984 0.542 -4.228 0.973
10.03.1984 0.529 -4.226 0.972
11.03.1984 0.518 -4.224 0.971
12.03.1984 0.508 -4.221 0.97
13.03.1984 0.501 -4.22 0.969
14.03.1984 0.495 -4.218 0.968
15.03.1984 0.486 -4.215 0.968
16.03.1984 0.479 -4.214 0.967
17.03.1984 0.466 -4.213 0.966
18.03.1984 0.458 -4.211 0.965
19.03.1984 0.444 -4.209 0.963
20.03.1984 0.433 -4.208 0.963
21.03.1984 0.427 -4.207 0.962
22.03.1984 0.416 -4.204 0.961
23.03.1984 0.407 -4.203 0.959
24.03.1984 0.402 -4.202 0.958
25.03.1984 0.396 -4.201 0.957
26.03.1984 0.382 -4.2 0.956
27.03.1984 0.369 -4.199 0.955
28.03.1984 0.359 -4.197 0.954
29.03.1984 0.35 -4.195 0.952
30.03.1984 0.337 -4.193 0.951
31.03.1984 0.331 -4.192 0.95
01.04.1984 0.325 -4.19 0.949
02.04.1984 0.313 -4.189 0.947
03.04.1984 0.304 -4.187 0.946
04.04.1984 0.295 -4.186 0.946
05.04.1984 0.283 -4.185 0.945
06.04.1984 0.274 -4.184 0.944
07.04.1984 0.26 -4.183 0.943
08.04.1984 0.253 -4.182 0.942
09.04.1984 0.244 -4.179 0.94
10.04.1984 0.231 -4.178 0.939
11.04.1984 0.224 -4.177 0.938
12.04.1984 0.211 -4.176 0.937
13.04.1984 0.198 -4.175 0.936
14.04.1984 0.186 -4.174 0.935
15.04.1984 0.179 -4.172 0.934
16.04.1984 0.174 -4.17 0.934
17.04.1984 0.163 -4.169 0.933
18.04.1984 0.153 -4.168 0.932
19.04.1984 0.142 -4.166 0.931
20.04.1984 0.131 -4.165 0.929
21.04.1984 0.118 -4.164 0.928
22.04.1984 0.107 -4.162 0.927
23.04.1984 0.093 -4.16 0.926
24.04.1984 0.081 -4.159 0.925
25.04.1984 0.071 -4.157 0.924
26.04.1984 0.06 -4.154 0.924
27.04.1984 0.051 -4.153 0.922
28.04.1984 0.044 -4.152 0.921
29.04.1984 0.037 -4.151 0.92
30.04.1984 0.03 -4.149 0.918
01.05.1984 0.015 -4.148 0.917
02.05.1984 0.005 -4.146 0.916
