07.07.1989 6.248 -5.973 1.434
08.07.1989 6.234 -5.964 1.433
09.07.1989 6.219 -5.959 1.432
10.07.1989 6.208 -5.949 1.431
11.07.1989 6.199 -5.941 1.43
12.07.1989 6.187 -5.934 1.43
13.07.1989 6.172 -5.929 1.429
14.07.1989 6.162 -5.925 1.428
15.07.1989 6.151 -5.917 1.427
16.07.1989 6.146 -5.911 1.426
17.07.1989 6.138 -5.906 1.424
18.07.1989 6.123 -5.902 1.424
19.07.1989 6.112 -5.895 1.422
20.07.1989 6.102 -5.889 1.422
21.07.1989 6.087 -5.885 1.421
22.07.1989 6.08 -5.881 1.42
23.07.1989 6.066 -5.878 1.419
24.07.1989 6.054 -5.873 1.418
25.07.1989 6.043 -5.871 1.417
26.07.1989 6.036 -5.868 1.416
27.07.1989 6.028 -5.866 1.415
28.07.1989 6.021 -5.863 1.414
29.07.1989 6.007 -5.86 1.414
30.07.1989 6.001 -5.855 1.413
31.07.1989 5.989 -5.851 1.412
01.08.1989 5.983 -5.849 1.411
02.08.1989 5.97 -5.844 1.41
03.08.1989 5.965 -5.842 1.41
04.08.1989 5.956 -5.836 1.408
05.08.1989 5.95 -5.834 1.408
06.08.1989 5.94 -5.832 1.406
07.08.1989 5.935 -5.829 1.406
08.08.1989 5.928 -5.824 1.404
09.08.1989 5.914 -5.82 1.404
10.08.1989 5.904 -5.818 1.402
11.08.1989 5.89 -5.816 1.401
12.08.1989 5.885 -5.812 1.4
13.08.1989 5.877 -5.808 1.399
14.08.1989 5.867 -5.806 1.398
15.08.1989 5.854 -5.804 1.397
16.08.1989 5.843 -5.802 1.397
17.08.1989 5.828 -5.798 1.395
18.08.1989 5.816 -5.794 1.394
19.08.1989 5.809 -5.79 1.393
20.08.1989 5.799 -5.786 1.392
21.08.1989 5.786 -5.783 1.39
22.08.1989 5.779 -5.78 1.389
23.08.1989 5.773 -5.777 1.388
24.08.1989 5.765 -5.775 1.387
25.08.1989 5.75 -5.772 1.386
26.08.1989 5.739 -5.768 1.385
27.08.1989 5.724 -5.766 1.385
28.08.1989 5.717 -5.764 1.384
29.08.1989 5.706 -5.761 1.383
30.08.1989 5.691 -5.758 1.382
31.08.1989 5.681 -5.753 1.381
01.09.1989 5.667 -5.749 1.38
02.09.1989 5.655 -5.747 1.379
03.09.1989 5.644 -5.744 1.378
04.09.1989 5.629 -5.742 1.377
05.09.1989 5.617 -5.739 1.376
06.09.1989 5.61 -5.735 1.375
07.09.1989 5.598 -5.731 1.374
08.09.1989 5.588 -5.729 1.373
09.09.1989 5.582 -5.726 1.371
10.09.1989 5.568 -5.723 1.37
11.09.1989 5.559 -5.72 1.37
12.09.1989 5.549 -5.719 1.369
13.09.1989 5.539 -5.715 1.368
14.09.1989 5.526 -5.713 1.366
15.09.1989 5.517 -5.709 1.365
16.09.1989 5.512 -5.708 1.364
17.09.1989 5.507 -5.706 1.364
18.09.1989 5.5 -5.703 1.362
19.09.1989 5.488 -5.7 1.362
20.09.1989 5.48 -5.698 1.361
21.09.1989 5.475 -5.694 1.36
22.09.1989 5.466 -5.692 1.359
23.09.1989 5.458 -5.689 1.358
24.09.1989 5.452 -5.688 1.357
25.09.1989 5.438 -5.685 1.356
26.09.1989 5.424 -5.682 1.355
27.09.1989 5.411 -5.678 1.354
28.09.1989 5.402 -5.675 1.353
29.09.1989 5.392 -5.672 1.352
30.09.1989 5.384 -5.668 1.351
01.10.1989 5.372 -5.665 1.349
02.10.1989 5.366 -5.663 1.348
03.10.1989 5.354 -5.661 1.347
04.10.1989 5.347 -5.658 1.347
05.10.1989 5.34 -5.655 1.345
06.10.1989 5.33 -5.653 1.344
07.10.1989 5.321 -5.649 1.343
08.10.1989 5.306 -5.645 1.342
09.10.1989 5.295 -5.642 1.341
10.10.1989 5.283 -5.639 1.34
11.10.1989 5.275 -5.635 1.339
12.10.1989 5.268 -5.633 1.338
13.10.1989 5.257 -5.631 1.337
14.10.1989 5.25 -5.627 1.336
15.10.1989 5.24 -5.626 1.334
16.10.1989 5.225 -5.624 1.333
17.10.1989 5.217 -5.622 1.332
18.10.1989 5.205 -5.619 1.332
19.10.1989 5.195 -5.616 1.331
20.10.1989 5.186 -5.613 1.329
21.10.1989 5.175 -5.61 1.328
22.10.1989 5.164 -5.609 1.327
23.10.1989 5.153 -5.607 1.326
24.10.1989 5.146 -5.604 1.325
25.10.1989 5.132 -5.602 1.323
26.10.1989 5.126 -5.599 1.323
27.10.1989 5.12 -5.597 1.322
28.10.1989 5.106 -5.594 1.32
29.10.1989 5.094 -5.591 1.32
30.10.1989 5.089 -5.588 1.319
31.10.1989 5.075 -5.584 1.318
01.11.1989 5.063 -5.583 1.317
02.11.1989 5.052 -5.582 1.317
03.11.1989 5.043 -5.578 1.315
04.11.1989 5.037 -5.575 1.314
05.11.1989 5.023 -5.572 1.313
06.11.1989 5.014 -5.568 1.312
07.11.1989 5.005 -5.567 1.311
08.11.1989 4.993 -5.565 1.31
09.11.1989 4.984 -5.563 1.309
10.11.1989 4.973 -5.561 1.308
11.11.1989 4.961 -5.559 1.307
12.11.1989 4.951 -5.557 1.306
13.11.1989 4.937 -5.555 1.305
14.11.1989 4.926 -5.552 1.304
15.11.1989 4.917 -5.55 1.303
16.11.1989 4.91 -5.547 1.302
17.11.1989 4.902 -5.544 1.301
18.11.1989 4.887 -5.542 1.301
19.11.1989 4.874 -5.538 1.3
20.11.1989 4.868 -5.536 1.299
21.11.1989 4.853 -5.534 1.297
22.11.1989 4.84 -5.531 1.296
23.11.1989 4.826 -5.529 1.295
24.11.1989 4.814 -5.527 1.294
25.11.1989 4.802 -5.526 1.293
26.11.1989 4.792 -5.523 1.292
27.11.1989 4.779 -5.521 1.29
28.11.1989 4.772 -5.519 1.289
29.11.1989 4.765 -5.517 1.288
30.11.1989 4.757 -5.514 1.287
01.12.1989 4.743 -5.512 1.286
02.12.1989 4.732 -5.511 1.285
03.12.1989 4.727 -5.508 1.284
04.12.1989 4.718 -5.505 1.283
05.12.1989 4.712 -5.503 1.281
06.12.1989 4.707 -5.502 1.28
07.12.1989 4.695 -5.5 1.279
08.12.1989 4.68 -5.499 1.278
09.12.1989 4.67 -5.497 1.277
10.12.1989 4.659 -5.495 1.276
11.12.1989 4.645 -5.492 1.275
12.12.1989 4.64 -5.491 1.275
13.12.1989 4.634 -5.488 1.273
14.12.1989 4.619 -5.487 1.272
15.12.1989 4.606 -5.485 1.271
16.12.1989 4.593 -5.484 1.271
17.12.1989 4.586 -5.482 1.27
18.12.1989 4.578 -5.48 1.269
19.12.1989 4.567 -5.477 1.268
20.12.1989 4.556 -5.476 1.266
21.12.1989 4.544 -5.474 1.265
22.12.1989 4.534 -5.471 1.264
23.12.1989 4.525 -5.469 1.263
24.12.1989 4.516 -5.467 1.262
25.12.1989 4.507 -5.465 1.261
26.12.1989 4.5 -5.463 1.26
27.12.1989 4.49 -5.461 1.259
28.12.1989 4.478 -5.459 1.258
29.12.1989 4.465 -5.456 1.258
30.12.1989 4.455 -5.454 1.257
31.12.1989 4.445 -5.45 1.255
01.01.1990 4.434 -5.448 1.254
02.01.1990 4.428 -5.446 1.254
03.01.1990 4.42 -5.445 1.253
04.01.1990 4.413 -5.443 1.251
05.01.1990 4.4 -5.44 1.251
06.01.1990 4.395 -5.437 1.25
07.01.1990 4.384 -5.436 1.249
08.01.1990 4.378 -5.434 1.248
09.01.1990 4.368 -5.431 1.246
10.01.1990 4.36 -5.428 1.246
11.01.1990 4.349 -5.425 1.244
12.01.1990 4.34 -5.424 1.243
13.01.1990 4.333 -5.422 1.242
14.01.1990 4.321 -5.419 1.241
15.01.1990 4.315 -5.418 1.24
16.01.1990 4.305 -5.415 1.24
17.01.1990 4.292 -5.414 1.239
18.01.1990 4.28 -5.413 1.238
19.01.1990 4.273 -5.411 1.238
20.01.1990 4.267 -5.408 1.236
21.01.1990 4.252 -5.405 1.235
22.01.1990 4.24 -5.403 1.234
23.01.1990 4.228 -5.401 1.232
24.01.1990 4.218 -5.399 1.231
25.01.1990 4.211 -5.397 1.23
26.01.1990 4.198 -5.395 1.23
27.01.1990 4.193 -5.392 1.229
28.01.1990 4.185 -5.39 1.227
29.01.1990 4.178 -5.389 1.227
30.01.1990 4.17 -5.386 1.225
31.01.1990 4.159 -5.385 1.224
01.02.1990 4.149 -5.383 1.223
02.02.1990 4.144 -5.381 1.222
03.02.1990 4.137 -5.378 1.221
04.02.1990 4.128 -5.376 1.22
05.02.1990 4.115 -5.374 1.22
06.02.1990 4.109 -5.372 1.219
07.02.1990 4.1 -5.37 1.218
08.02.1990 4.09 -5.367 1.216
09.02.1990 4.08 -5.365 1.215
10.02.1990 4.07 -5.362 1.214
11.02.1990 4.059 -5.361 1.213
12.02.1990 4.048 -5.358 1.212
13.02.1990 4.04 -5.356 1.211
14.02.1990 4.031 -5.354 1.21
15.02.1990 4.016 -5.351 1.21
16.02.1990 4.005 -5.35 1.208
17.02.1990 3.997 -5.347 1.207
18.02.1990 3.991 -5.346 1.207
19.02.1990 3.983 -5.344 1.205
20.02.1990 3.976 -5.342 1.204
21.02.1990 3.964 -5.34 1.204
22.02.1990 3.951 -5.338 1.203
23.02.1990 3.937 -5.336 1.202
24.02.1990 3.924 -5.334 1.201
25.02.1990 3.915 -5.331 1.2
26.02.1990 3.91 -5.33 1.198
27.02.1990 3.901 -5.327 1.198
28.02.1990 3.886 -5.325 1.196
01.03.1990 3.873 -5.324 1.195
02.03.1990 3.86 -5.322 1.194
03.03.1990 3.854 -5.321 1.193
04.03.1990 3.841 -5.32 1.192
05.03.1990 3.831 -5.319 1.19
06.03.1990 3.817 -5.318 1.19
07.03.1990 3.807 -5.315 1.189
08.03.1990 3.8 -5.314 1.188
09.03.1990 3.79 -5.313 1.187
10.03.1990 3.78 -5.311 1.186
11.03.1990 3.767 -5.308 1.185
12.03.1990 3.757 -5.306 1.184
13.03.1990 3.751 -5.304 1.183
14.03.1990 3.738 -5.302 1.182
15.03.1990 3.724 -5.301 1.181
16.03.1990 3.71 -5.299 1.18
17.03.1990 3.704 -5.297 1.179
18.03.1990 3.697 -5.296 1.177
19.03.1990 3.684 -5.294 1.176
20.03.1990 3.676 -5.291 1.175
21.03.1990 3.662 -5.289 1.174
22.03.1990 3.652 -5.287 1.173
23.03.1990 3.642 -5.284 1.172
24.03.1990 3.631 -5.281 1.171
25.03.1990 3.622 -5.279 1.17
26.03.1990 3.613 -5.276 1.169
27.03.1990 3.603 -5.275 1.169
28.03.1990 3.593 -5.273 1.168
29.03.1990 3.585 -5.271 1.166
30.03.1990 3.578 -5.27 1.165
31.03.1990 3.565 -5.268 1.164
01.04.1990 3.554 -5.266 1.164
02.04.1990 3.541 -5.265 1.162
03.04.1990 3.534 -5.263 1.161
04.04.1990 3.529 -5.262 1.16
05.04.1990 3.515 -5.261 1.159
06.04.1990 3.505 -5.258 1.158
07.04.1990 3.493 -5.256 1.156
08.04.1990 3.486 -5.254 1.155
09.04.1990 3.473 -5.252 1.154
10.04.1990 3.46 -5.251 1.152
11.04.1990 3.454 -5.249 1.152
12.04.1990 3.445 -5.248 1.15
13.04.1990 3.439 -5.247 1.149
14.04.1990 3.43 -5.245 1.149
15.04.1990 3.423 -5.242 1.148
16.04.1990 3.41 -5.241 1.147
17.04.1990 3.403 -5.238 1.146
18.04.1990 3.391 -5.237 1.145
19.04.1990 3.386 -5.234 1.143
20.04.1990 3.379 -5.233 1.143
21.04.1990 3.372 -5.231 1.142
22.04.1990 3.363 -5.23 1.14
23.04.1990 3.351 -5.227 1.139
24.04.1990 3.344 -5.226 1.138
25.04.1990 3.336 -5.224 1.137
26.04.1990 3.329 -5.224 1.137
27.04.1990 3.323 -5.222 1.136
28.04.1990 3.315 -5.22 1.135
29.04.1990 3.306 -5.218 1.134
30.04.1990 3.299 -5.217 1.133
01.05.1990 3.29 -5.216 1.132
02.05.1990 3.281 -5.214 1.131
03.05.1990 3.274 -5.212 1.13
04.05.1990 3.259 -5.21 1.129
05.05.1990 3.25 -5.209 1.129
06.05.1990 3.243 -5.206 1.127
07.05.1990 3.236 -5.204 1.126
08.05.1990 3.231 -5.202 1.125
09.05.1990 3.219 -5.201 1.123
10.05.1990 3.205 -5.2 1.123
11.05.1990 3.194 -5.199 1.122
12.05.1990 3.186 -5.197 1.12
13.05.1990 3.173 -5.195 1.119
14.05.1990 3.163 -5.192 1.118
15.05.1990 3.15 -5.19 1.117
16.05.1990 3.14 -5.189 1.116
17.05.1990 3.127 -5.186 1.115
18.05.1990 3.121 -5.184 1.114
19.05.1990 3.113 -5.182 1.113
20.05.1990 3.102 -5.179 1.112
21.05.1990 3.089 -5.177 1.111
22.05.1990 3.077 -5.176 1.11
23.05.1990 3.063 -5.175 1.109
24.05.1990 3.056 -5.172 1.108
25.05.1990 3.051 -5.171 1.107
26.05.1990 3.043 -5.169 1.106
27.05.1990 3.035 -5.168 1.105
28.05.1990 3.023 -5.166 1.104
29.05.1990 3.011 -5.165 1.103
30.05.1990 3.001 -5.163 1.102
31.05.1990 2.992 -5.16 1.101
01.06.1990 2.984 -5.159 1.1
02.06.1990 2.977 -5.157 1.098
03.06.1990 2.971 -5.155 1.098
04.06.1990 2.961 -5.153 1.097
05.06.1990 2.955 -5.151 1.096
06.06.1990 2.945 -5.149 1.095
07.06.1990 2.94 -5.147 1.095
08.06.1990 2.932 -5.145 1.094
09.06.1990 2.918 -5.142 1.093
10.06.1990 2.906 -5.14 1.092
11.06.1990 2.895 -5.138 1.091
12.06.1990 2.887 -5.136 1.09
13.06.1990 2.88 -5.135 1.089
14.06.1990 2.871 -5.133 1.088
15.06.1990 2.86 -5.132 1.087
16.06.1990 2.849 -5.13 1.086
17.06.1990 2.841 -5.128 1.085
18.06.1990 2.833 -5.127 1.084
19.06.1990 2.819 -5.126 1.083
20.06.1990 2.812 -5.125 1.083
21.06.1990 2.799 -5.123 1.082
22.06.1990 2.787 -5.12 1.081
23.06.1990 2.776 -5.119 1.08
24.06.1990 2.764 -5.118 1.079
25.06.1990 2.759 -5.116 1.078
26.06.1990 2.749 -5.114 1.077
27.06.1990 2.738 -5.112 1.076
28.06.1990 2.729 -5.11 1.074
29.06.1990 2.723 -5.108 1.073
30.06.1990 2.709 -5.106 1.072
01.07.1990 2.702 -5.104 1.072
02.07.1990 2.691 -5.103 1.07
03.07.1990 2.685 -5.102 1.07
04.07.1990 2.674 -5.1 1.069
05.07.1990 2.666 -5.098 1.067
06.07.1990 2.657 -5.097 1.067
07.07.1990 2.65 -5.096 1.066
08.07.1990 2.637 -5.094 1.065
09.07.1990 2.622 -5.093 1.063
10.07.1990 2.61 -5.091 1.063
11.07.1990 2.598 -5.09 1.062
12.07.1990 2.586 -5.088 1.061
13.07.1990 2.571 -5.087 1.06
14.07.1990 2.564 -5.085 1.059
15.07.1990 2.549 -5.083 1.058
16.07.1990 2.536 -5.081 1.057
17.07.1990 2.522 -5.08 1.056
18.07.1990 2.509 -5.077 1.055
19.07.1990 2.496 -5.076 1.054
20.07.1990 2.484 -5.075 1.053
21.07.1990 2.472 -5.072 1.052
22.07.1990 2.467 -5.07 1.051
23.07.1990 2.456 -5.068 1.05
24.07.1990 2.443 -5.066 1.049
25.07.1990 2.431 -5.065 1.048
26.07.1990 2.426 -5.064 1.047
27.07.1990 2.416 -5.062 1.045
28.07.1990 2.407 -5.059 1.044
29.07.1990 2.392 -5.058 1.043
30.07.1990 2.384 -5.056 1.042
31.07.1990 2.376 -5.055 1.041
01.08.1990 2.366 -5.054 1.04
02.08.1990 2.355 -5.052 1.039
03.08.1990 2.341 -5.051 1.038
04.08.1990 2.327 -5.049 1.037
05.08.1990 2.314 -5.046 1.036
06.08.1990 2.302 -5.045 1.035
07.08.1990 2.29 -5.043 1.034
08.08.1990 2.282 -5.042 1.033
09.08.1990 2.267 -5.04 1.032
10.08.1990 2.26 -5.038 1.031
11.08.1990 2.249 -5.037 1.029
12.08.1990 2.237 -5.035 1.029
13.08.1990 2.222 -5.034 1.028
14.08.1990 2.217 -5.031 1.027
15.08.1990 2.204 -5.03 1.025
16.08.1990 2.193 -5.027 1.025
17.08.1990 2.186 -5.026 1.023
18.08.1990 2.175 -5.024 1.023
19.08.1990 2.168 -5.023 1.022
20.08.1990 2.162 -5.021 1.021
21.08.1990 2.151 -5.02 1.02
22.08.1990 2.142 -5.019 1.019
23.08.1990 2.131 -5.018 1.019
24.08.1990 2.121 -5.016 1.018
25.08.1990 2.111 -5.015 1.017
26.08.1990 2.097 -5.014 1.016
27.08.1990 2.085 -5.012 1.015
28.08.1990 2.074 -5.01 1.014
29.08.1990 2.066 -5.009 1.013
30.08.1990 2.058 -5.008 1.012
31.08.1990 2.05 -5.006 1.01
01.09.1990 2.038 -5.005 1.01
02.09.1990 2.029 -5.003 1.008
03.09.1990 2.02 -5.001 1.007
04.09.1990 2.01 -5.0 1.006
05.09.1990 2.001 -4.998 1.004
06.09.1990 1.995 -4.997 1.003
07.09.1990 1.985 -4.995 1.002
08.09.1990 1.98 -4.993 1.001
09.09.1990 1.97 -4.992 1.0
10.09.1990 1.964 -4.99 0.999
11.09.1990 1.953 -4.988 0.998
12.09.1990 1.944 -4.986 0.996
13.09.1990 1.93 -4.985 0.996
14.09.1990 1.921 -4.984 0.995
15.09.1990 1.912 -4.982 0.993
16.09.1990 1.905 -4.98 0.993
17.09.1990 1.894 -4.979 0.992
18.09.1990 1.88 -4.978 0.991
19.09.1990 1.874 -4.977 0.99
20.09.1990 1.861 -4.975 0.989
21.09.1990 1.855 -4.973 0.987
22.09.1990 1.846 -4.972 0.987
23.09.1990 1.839 -4.97 0.985
24.09.1990 1.832 -4.968 0.984
25.09.1990 1.824 -4.966 0.983
26.09.1990 1.818 -4.964 0.982
27.09.1990 1.809 -4.962 0.982
28.09.1990 1.803 -4.961 0.981
29.09.1990 1.794 -4.96 0.98
30.09.1990 1.781 -4.957 0.979
01.10.1990 1.771 -4.956 0.979
02.10.1990 1.76 -4.955 0.978
03.10.1990 1.752 -4.953 0.977
04.10.1990 1.743 -4.951 0.975
05.10.1990 1.728 -4.949 0.974
06.10.1990 1.719 -4.947 0.973
07.10.1990 1.704 -4.946 0.971
08.10.1990 1.69 -4.944 0.971
09.10.1990 1.683 -4.943 0.97
10.10.1990 1.671 -4.941 0.969
11.10.1990 1.656 -4.939 0.968
12.10.1990 1.646 -4.937 0.967
13.10.1990 1.64 -4.935 0.965
14.10.1990 1.629 -4.933 0.964
15.10.1990 1.615 -4.932 0.963
16.10.1990 1.601 -4.93 0.962
17.10.1990 1.586 -4.929 0.96
18.10.1990 1.573 -4.927 0.959
19.10.1990 1.567 -4.925 0.959
20.10.1990 1.554 -4.924 0.958
21.10.1990 1.54 -4.923 0.957
22.10.1990 1.534 -4.921 0.955
23.10.1990 1.524 -4.919 0.955
24.10.1990 1.516 -4.918 0.953
25.10.1990 1.505 -4.916 0.953
26.10.1990 1.491 -4.914 0.951
27.10.1990 1.485 -4.912 0.95
28.10.1990 1.472 -4.91 0.949
29.10.1990 1.458 -4.907 0.948
30.10.1990 1.444 -4.906 0.947
31.10.1990 1.429 -4.905 0.945
01.11.1990 1.421 -4.903 0.945
02.11.1990 1.413 -4.902 0.943
03.11.1990 1.405 -4.9 0.942
04.11.1990 1.396 -4.898 0.941
05.11.1990 1.389 -4.897 0.94
06.11.1990 1.376 -4.896 0.939
07.11.1990 1.37 -4.894 0.938
08.11.1990 1.358 -4.893 0.937
09.11.1990 1.351 -4.892 0.936
10.11.1990 1.344 -4.89 0.934
11.11.1990 1.331 -4.889 0.933
12.11.1990 1.325 -4.887 0.932
13.11.1990 1.313 -4.885 0.931
14.11.1990 1.299 -4.883 0.93
15.11.1990 1.292 -4.881 0.93
16.11.1990 1.279 -4.879 0.928
17.11.1990 1.273 -4.877 0.928
18.11.1990 1.267 -4.876 0.927
19.11.1990 1.253 -4.875 0.925
20.11.1990 1.243 -4.874 0.925
21.11.1990 1.23 -4.872 0.924
22.11.1990 1.216 -4.87 0.923
23.11.1990 1.21 -4.868 0.923
24.11.1990 1.201 -4.867 0.922
25.11.1990 1.19 -4.867 0.922
26.11.1990 1.184 -4.866 0.921
27.11.1990 1.178 -4.864 0.92
28.11.1990 1.164 -4.861 0.92
29.11.1990 1.156 -4.86 0.918
30.11.1990 1.149 -4.859 0.917
01.12.1990 1.135 -4.858 0.916
02.12.1990 1.122 -4.857 0.915
03.12.1990 1.109 -4.855 0.914
04.12.1990 1.101 -4.854 0.913
05.12.1990 1.094 -4.852 0.912
06.12.1990 1.089 -4.85 0.911
07.12.1990 1.075 -4.849 0.911
08.12.1990 1.066 -4.847 0.91
09.12.1990 1.056 -4.845 0.909
10.12.1990 1.046 -4.844 0.907
11.12.1990 1.033 -4.843 0.907
12.12.1990 1.027 -4.842 0.906
13.12.1990 1.021 -4.84 0.905
14.12.1990 1.006 -4.84 0.904
15.12.1990 0.998 -4.837 0.903
16.12.1990 0.99 -4.836 0.902
17.12.1990 0.978 -4.835 0.902
18.12.1990 0.967 -4.834 0.901
19.12.1990 0.954 -4.832 0.9
20.12.1990 0.948 -4.831 0.898
21.12.1990 0.938 -4.83 0.897
22.12.1990 0.929 -4.827 0.897
23.12.1990 0.918 -4.826 0.896
24.12.1990 0.905 -4.824 0.895
25.12.1990 0.896 -4.823 0.895
26.12.1990 0.881 -4.821 0.893
27.12.1990 0.867 -4.819 0.892
28.12.1990 0.859 -4.818 0.891
29.12.1990 0.846 -4.817 0.89
30.12.1990 0.835 -4.815 0.889
31.12.1990 0.826 -4.814 0.888
01.01.1991 0.818 -4.813 0.887
02.01.1991 0.808 -4.811 0.886
03.01.1991 0.799 -4.809 0.886
04.01.1991 0.785 -4.807 0.885
05.01.1991 0.774 -4.805 0.884
06.01.1991 0.764 -4.803 0.884
07.01.1991 0.757 -4.801 0.882
08.01.1991 0.743 -4.8 0.882
09.01.1991 0.731 -4.798 0.881
10.01.1991 0.725 -4.796 0.879
11.01.1991 0.717 -4.795 0.878
12.01.1991 0.708 -4.794 0.877
13.01.1991 0.699 -4.792 0.876
14.01.1991 0.691 -4.791 0.875
15.01.1991 0.678 -4.79 0.874
16.01.1991 0.67 -4.788 0.874
17.01.1991 0.657 -4.787 0.872
18.01.1991 0.651 -4.785 0.872
19.01.1991 0.637 -4.783 0.871
20.01.1991 0.625 -4.781 0.87
21.01.1991 0.618 -4.78 0.869
22.01.1991 0.607 -4.778 0.868
23.01.1991 0.601 -4.776 0.868
24.01.1991 0.592 -4.774 0.867
25.01.1991 0.582 -4.773 0.866
26.01.1991 0.577 -4.773 0.865
27.01.1991 0.565 -4.772 0.864
28.01.1991 0.555 -4.77 0.862
29.01.1991 0.542 -4.768 0.862
30.01.1991 0.531 -4.767 0.861
31.01.1991 0.525 -4.765 0.86
01.02.1991 0.51 -4.763 0.859
02.02.1991 0.503 -4.761 0.858
03.02.1991 0.492 -4.76 0.857
04.02.1991 0.48 -4.759 0.856
05.02.1991 0.475 -4.757 0.855
06.02.1991 0.46 -4.755 0.854
07.02.1991 0.454 -4.753 0.853
08.02.1991 0.444 -4.751 0.852
09.02.1991 0.433 -4.75 0.851
10.02.1991 0.421 -4.748 0.85
11.02.1991 0.407 -4.746 0.849
12.02.1991 0.399 -4.744 0.848
13.02.1991 0.393 -4.743 0.847
14.02.1991 0.379 -4.741 0.846
15.02.1991 0.367 -4.739 0.845
16.02.1991 0.356 -4.738 0.844
17.02.1991 0.342 -4.737 0.843
18.02.1991 0.337 -4.736 0.842
19.02.1991 0.326 -4.734 0.841
20.02.1991 0.317 -4.732 0.84
21.02.1991 0.31 -4.731 0.839
22.02.1991 0.304 -4.73 0.838
23.02.1991 0.298 -4.728 0.837
24.02.1991 0.292 -4.727 0.837
25.02.1991 0.287 -4.726 0.836
26.02.1991 0.275 -4.724 0.835
27.02.1991 0.265 -4.722 0.834
28.02.1991 0.26 -4.721 0.832
01.03.1991 0.247 -4.72 0.831
02.03.1991 0.235 -4.719 0.831
03.03.1991 0.22 -4.717 0.83
04.03.1991 0.214 -4.716 0.828
05.03.1991 0.2 -4.714 0.828
06.03.1991 0.193 -4.713 0.827
07.03.1991 0.186 -4.712 0.826
08.03.1991 0.178 -4.71 0.825
09.03.1991 0.171 -4.708 0.824
10.03.1991 0.164 -4.706 0.823
11.03.1991 0.154 -4.704 0.822
12.03.1991 0.145 -4.703 0.821
13.03.1991 0.13 -4.701 0.82
14.03.1991 0.119 -4.699 0.819
15.03.1991 0.107 -4.698 0.818
16.03.1991 0.1 -4.697 0.817
17.03.1991 0.092 -4.696 0.816
18.03.1991 0.082 -4.694 0.815
19.03.1991 0.071 -4.692 0.814
20.03.1991 0.058 -4.691 0.813
21.03.1991 0.046 -4.689 0.811
22.03.1991 0.035 -4.687 0.81
23.03.1991 0.025 -4.685 0.809
24.03.1991 0.017 -4.684 0.808
25.03.1991 0.01 -4.682 0.807
26.03.1991 0.003 -4.68 0.806
