06.05.1995 6.097 -6.734 1.409
07.05.1995 6.086 -6.722 1.408
08.05.1995 6.078 -6.716 1.408
09.05.1995 6.069 -6.708 1.407
10.05.1995 6.06 -6.704 1.406
11.05.1995 6.054 -6.695 1.406
12.05.1995 6.044 -6.687 1.405
13.05.1995 6.035 -6.683 1.404
14.05.1995 6.028 -6.675 1.403
15.05.1995 6.022 -6.669 1.401
16.05.1995 6.007 -6.666 1.4
17.05.1995 6.002 -6.662 1.399
18.05.1995 5.989 -6.658 1.398
19.05.1995 5.978 -6.651 1.397
20.05.1995 5.971 -6.646 1.396
21.05.1995 5.958 -6.64 1.395
22.05.1995 5.948 -6.634 1.395
23.05.1995 5.938 -6.63 1.394
24.05.1995 5.929 -6.625 1.393
25.05.1995 5.917 -6.62 1.392
26.05.1995 5.904 -6.617 1.391
27.05.1995 5.899 -6.613 1.39
28.05.1995 5.89 -6.611 1.388
29.05.1995 5.88 -6.608 1.388
30.05.1995 5.87 -6.603 1.386
31.05.1995 5.856 -6.599 1.385
01.06.1995 5.845 -6.597 1.384
02.06.1995 5.836 -6.593 1.383
03.06.1995 5.828 -6.589 1.381
04.06.1995 5.822 -6.585 1.38
05.06.1995 5.81 -6.582 1.38
06.06.1995 5.796 -6.579 1.379
07.06.1995 5.785 -6.576 1.378
08.06.1995 5.77 -6.573 1.377
09.06.1995 5.764 -6.568 1.376
10.06.1995 5.758 -6.565 1.375
11.06.1995 5.75 -6.563 1.375
12.06.1995 5.736 -6.561 1.373
13.06.1995 5.724 -6.557 1.372
14.06.1995 5.712 -6.553 1.371
15.06.1995 5.699 -6.55 1.369
16.06.1995 5.691 -6.546 1.368
17.06.1995 5.681 -6.544 1.367
18.06.1995 5.668 -6.542 1.366
19.06.1995 5.657 -6.539 1.365
20.06.1995 5.65 -6.537 1.364
21.06.1995 5.64 -6.535 1.363
22.06.1995 5.633 -6.53 1.363
23.06.1995 5.626 -6.527 1.362
24.06.1995 5.618 -6.525 1.36
25.06.1995 5.609 -6.521 1.36
26.06.1995 5.603 -6.519 1.359
27.06.1995 5.589 -6.514 1.358
28.06.1995 5.582 -6.511 1.357
29.06.1995 5.576 -6.508 1.355
30.06.1995 5.562 -6.503 1.354
01.07.1995 5.549 -6.5 1.353
02.07.1995 5.537 -6.497 1.352
03.07.1995 5.525 -6.492 1.351
04.07.1995 5.515 -6.49 1.35
05.07.1995 5.505 -6.489 1.349
06.07.1995 5.491 -6.485 1.348
07.07.1995 5.478 -6.483 1.347
08.07.1995 5.471 -6.48 1.347
09.07.1995 5.461 -6.477 1.345
10.07.1995 5.449 -6.475 1.344
11.07.1995 5.442 -6.471 1.343
12.07.1995 5.427 -6.467 1.343
13.07.1995 5.421 -6.465 1.342
14.07.1995 5.408 -6.462 1.341
15.07.1995 5.398 -6.458 1.34
16.07.1995 5.392 -6.457 1.339
17.07.1995 5.382 -6.455 1.338
18.07.1995 5.375 -6.453 1.337
19.07.1995 5.362 -6.451 1.336
20.07.1995 5.35 -6.448 1.335
21.07.1995 5.335 -6.446 1.334
22.07.1995 5.328 -6.444 1.333
23.07.1995 5.322 -6.441 1.332
24.07.1995 5.316 -6.44 1.331
25.07.1995 5.308 -6.437 1.33
26.07.1995 5.293 -6.433 1.33
27.07.1995 5.284 -6.43 1.328
28.07.1995 5.278 -6.426 1.328
29.07.1995 5.273 -6.423 1.327
30.07.1995 5.265 -6.421 1.326
31.07.1995 5.258 -6.419 1.325
01.08.1995 5.253 -6.416 1.324
02.08.1995 5.245 -6.413 1.323
03.08.1995 5.232 -6.41 1.322
04.08.1995 5.22 -6.409 1.322
05.08.1995 5.208 -6.405 1.321
06.08.1995 5.202 -6.403 1.32
07.08.1995 5.192 -6.401 1.319
08.08.1995 5.184 -6.398 1.318
09.08.1995 5.174 -6.395 1.317
10.08.1995 5.161 -6.392 1.316
11.08.1995 5.156 -6.39 1.315
12.08.1995 5.142 -6.388 1.314
13.08.1995 5.137 -6.386 1.313
14.08.1995 5.122 -6.384 1.312
15.08.1995 5.108 -6.383 1.311
16.08.1995 5.095 -6.38 1.31
17.08.1995 5.086 -6.377 1.309
18.08.1995 5.072 -6.373 1.309
19.08.1995 5.059 -6.371 1.308
20.08.1995 5.052 -6.369 1.306
21.08.1995 5.042 -6.366 1.305
22.08.1995 5.036 -6.363 1.305
23.08.1995 5.026 -6.362 1.304
24.08.1995 5.018 -6.36 1.303
25.08.1995 5.013 -6.357 1.301
26.08.1995 5.008 -6.356 1.3
27.08.1995 4.995 -6.354 1.299
28.08.1995 4.986 -6.351 1.298
29.08.1995 4.974 -6.349 1.298
30.08.1995 4.96 -6.347 1.297
31.08.1995 4.947 -6.345 1.296
01.09.1995 4.939 -6.342 1.295
02.09.1995 4.926 -6.341 1.293
03.09.1995 4.916 -6.337 1.293
04.09.1995 4.907 -6.336 1.292
05.09.1995 4.893 -6.334 1.291
06.09.1995 4.88 -6.331 1.29
07.09.1995 4.872 -6.33 1.289
08.09.1995 4.863 -6.327 1.287
09.09.1995 4.857 -6.325 1.286
10.09.1995 4.845 -6.322 1.285
11.09.1995 4.836 -6.321 1.284
12.09.1995 4.829 -6.318 1.283
13.09.1995 4.815 -6.317 1.281
14.09.1995 4.804 -6.314 1.28
15.09.1995 4.791 -6.311 1.279
16.09.1995 4.784 -6.308 1.279
17.09.1995 4.771 -6.306 1.278
18.09.1995 4.763 -6.304 1.277
19.09.1995 4.753 -6.301 1.276
20.09.1995 4.738 -6.3 1.275
21.09.1995 4.725 -6.298 1.274
22.09.1995 4.713 -6.295 1.273
23.09.1995 4.703 -6.293 1.272
24.09.1995 4.692 -6.29 1.271
25.09.1995 4.684 -6.287 1.269
26.09.1995 4.673 -6.285 1.268
27.09.1995 4.666 -6.282 1.267
28.09.1995 4.656 -6.281 1.266
29.09.1995 4.646 -6.279 1.265
30.09.1995 4.637 -6.277 1.264
01.10.1995 4.623 -6.273 1.263
02.10.1995 4.616 -6.272 1.262
03.10.1995 4.604 -6.269 1.26
04.10.1995 4.592 -6.266 1.259
05.10.1995 4.581 -6.263 1.259
06.10.1995 4.568 -6.261 1.257
07.10.1995 4.555 -6.26 1.257
08.10.1995 4.548 -6.259 1.256
09.10.1995 4.535 -6.257 1.255
10.10.1995 4.528 -6.256 1.254
11.10.1995 4.514 -6.254 1.253
12.10.1995 4.5 -6.25 1.252
13.10.1995 4.493 -6.249 1.251
14.10.1995 4.483 -6.246 1.25
15.10.1995 4.477 -6.244 1.249
16.10.1995 4.465 -6.241 1.248
17.10.1995 4.454 -6.239 1.246
18.10.1995 4.444 -6.236 1.245
19.10.1995 4.431 -6.233 1.244
20.10.1995 4.422 -6.231 1.244
21.10.1995 4.412 -6.229 1.242
22.10.1995 4.406 -6.226 1.241
23.10.1995 4.391 -6.225 1.239
24.10.1995 4.383 -6.224 1.238
25.10.1995 4.369 -6.221 1.237
26.10.1995 4.363 -6.218 1.236
27.10.1995 4.35 -6.217 1.235
28.10.1995 4.343 -6.216 1.234
29.10.1995 4.333 -6.215 1.233
30.10.1995 4.321 -6.212 1.232
31.10.1995 4.309 -6.211 1.231
01.11.1995 4.303 -6.209 1.231
02.11.1995 4.293 -6.206 1.229
03.11.1995 4.284 -6.203 1.228
04.11.1995 4.275 -6.201 1.228
05.11.1995 4.262 -6.199 1.226
06.11.1995 4.252 -6.197 1.225
07.11.1995 4.238 -6.194 1.225
08.11.1995 4.225 -6.192 1.223
09.11.1995 4.213 -6.19 1.222
10.11.1995 4.207 -6.187 1.221
11.11.1995 4.202 -6.184 1.22
12.11.1995 4.188 -6.182 1.219
13.11.1995 4.183 -6.179 1.217
14.11.1995 4.175 -6.177 1.216
15.11.1995 4.164 -6.174 1.216
16.11.1995 4.154 -6.173 1.215
17.11.1995 4.147 -6.169 1.213
18.11.1995 4.135 -6.168 1.212
19.11.1995 4.124 -6.166 1.211
20.11.1995 4.114 -6.163 1.21
21.11.1995 4.101 -6.161 1.208
22.11.1995 4.089 -6.159 1.208
23.11.1995 4.077 -6.156 1.206
24.11.1995 4.068 -6.154 1.205
25.11.1995 4.062 -6.152 1.205
26.11.1995 4.052 -6.149 1.204
27.11.1995 4.041 -6.147 1.203
28.11.1995 4.03 -6.146 1.203
29.11.1995 4.024 -6.144 1.202
30.11.1995 4.018 -6.142 1.201
01.12.1995 4.007 -6.139 1.199
02.12.1995 4.002 -6.138 1.199
03.12.1995 3.987 -6.136 1.197
04.12.1995 3.976 -6.134 1.197
05.12.1995 3.97 -6.133 1.196
06.12.1995 3.958 -6.131 1.195
07.12.1995 3.943 -6.13 1.194
08.12.1995 3.931 -6.128 1.193
09.12.1995 3.919 -6.126 1.192
10.12.1995 3.907 -6.123 1.191
11.12.1995 3.893 -6.12 1.19
12.12.1995 3.888 -6.119 1.19
13.12.1995 3.875 -6.116 1.188
14.12.1995 3.864 -6.115 1.187
15.12.1995 3.857 -6.113 1.186
16.12.1995 3.848 -6.11 1.185
17.12.1995 3.842 -6.109 1.184
18.12.1995 3.83 -6.107 1.183
19.12.1995 3.817 -6.105 1.182
20.12.1995 3.803 -6.103 1.181
21.12.1995 3.794 -6.101 1.181
22.12.1995 3.786 -6.1 1.18
23.12.1995 3.779 -6.097 1.179
24.12.1995 3.77 -6.095 1.178
25.12.1995 3.756 -6.094 1.177
26.12.1995 3.744 -6.092 1.176
27.12.1995 3.733 -6.09 1.175
28.12.1995 3.72 -6.087 1.174
29.12.1995 3.71 -6.086 1.173
30.12.1995 3.701 -6.085 1.172
31.12.1995 3.693 -6.083 1.171
01.01.1996 3.681 -6.082 1.17
02.01.1996 3.674 -6.08 1.17
03.01.1996 3.66 -6.078 1.168
04.01.1996 3.651 -6.075 1.167
05.01.1996 3.641 -6.073 1.166
06.01.1996 3.629 -6.071 1.165
07.01.1996 3.618 -6.069 1.164
08.01.1996 3.61 -6.067 1.163
09.01.1996 3.6 -6.065 1.162
10.01.1996 3.585 -6.063 1.161
11.01.1996 3.576 -6.061 1.16
12.01.1996 3.571 -6.059 1.159
13.01.1996 3.563 -6.057 1.157
14.01.1996 3.555 -6.056 1.156
15.01.1996 3.549 -6.054 1.155
16.01.1996 3.543 -6.053 1.153
17.01.1996 3.532 -6.051 1.153
18.01.1996 3.523 -6.049 1.151
19.01.1996 3.514 -6.047 1.15
20.01.1996 3.508 -6.045 1.15
21.01.1996 3.5 -6.044 1.149
22.01.1996 3.487 -6.043 1.147
23.01.1996 3.476 -6.042 1.147
24.01.1996 3.47 -6.04 1.146
25.01.1996 3.459 -6.037 1.145
26.01.1996 3.45 -6.035 1.143
27.01.1996 3.44 -6.034 1.142
28.01.1996 3.429 -6.032 1.14
29.01.1996 3.421 -6.03 1.139
30.01.1996 3.416 -6.029 1.138
31.01.1996 3.409 -6.026 1.137
01.02.1996 3.396 -6.025 1.136
02.02.1996 3.383 -6.023 1.135
03.02.1996 3.369 -6.021 1.134
04.02.1996 3.361 -6.02 1.133
05.02.1996 3.351 -6.018 1.132
06.02.1996 3.337 -6.017 1.131
07.02.1996 3.324 -6.016 1.13
08.02.1996 3.314 -6.014 1.129
09.02.1996 3.301 -6.011 1.128
10.02.1996 3.286 -6.009 1.127
11.02.1996 3.274 -6.007 1.126
12.02.1996 3.268 -6.005 1.125
13.02.1996 3.258 -6.004 1.124
14.02.1996 3.248 -6.001 1.123
15.02.1996 3.243 -5.999 1.122
16.02.1996 3.235 -5.998 1.12
17.02.1996 3.225 -5.995 1.119
18.02.1996 3.216 -5.994 1.118
19.02.1996 3.21 -5.992 1.117
20.02.1996 3.204 -5.99 1.115
21.02.1996 3.195 -5.988 1.114
22.02.1996 3.187 -5.987 1.113
23.02.1996 3.176 -5.985 1.112
24.02.1996 3.171 -5.983 1.111
25.02.1996 3.159 -5.98 1.11
26.02.1996 3.151 -5.978 1.109
27.02.1996 3.14 -5.976 1.108
28.02.1996 3.129 -5.973 1.107
29.02.1996 3.12 -5.972 1.105
01.03.1996 3.108 -5.97 1.105
02.03.1996 3.1 -5.968 1.104
03.03.1996 3.092 -5.967 1.103
04.03.1996 3.083 -5.965 1.102
05.03.1996 3.069 -5.964 1.102
06.03.1996 3.063 -5.962 1.101
07.03.1996 3.048 -5.96 1.1
08.03.1996 3.034 -5.958 1.098
09.03.1996 3.022 -5.956 1.097
10.03.1996 3.008 -5.953 1.097
11.03.1996 3.002 -5.951 1.095
12.03.1996 2.996 -5.95 1.094
13.03.1996 2.984 -5.949 1.094
14.03.1996 2.971 -5.946 1.092
15.03.1996 2.959 -5.944 1.091
16.03.1996 2.95 -5.943 1.09
17.03.1996 2.937 -5.941 1.089
18.03.1996 2.932 -5.939 1.088
19.03.1996 2.919 -5.937 1.087
20.03.1996 2.906 -5.936 1.087
21.03.1996 2.893 -5.935 1.086
22.03.1996 2.883 -5.933 1.085
23.03.1996 2.873 -5.931 1.084
24.03.1996 2.865 -5.929 1.083
25.03.1996 2.852 -5.928 1.082
26.03.1996 2.84 -5.925 1.081
27.03.1996 2.827 -5.924 1.08
28.03.1996 2.82 -5.922 1.079
29.03.1996 2.806 -5.92 1.078
30.03.1996 2.797 -5.918 1.077
31.03.1996 2.789 -5.916 1.076
01.04.1996 2.778 -5.915 1.075
02.04.1996 2.77 -5.913 1.073
03.04.1996 2.762 -5.912 1.072
04.04.1996 2.749 -5.91 1.071
05.04.1996 2.738 -5.909 1.07
06.04.1996 2.726 -5.908 1.069
07.04.1996 2.714 -5.906 1.068
08.04.1996 2.706 -5.903 1.068
09.04.1996 2.695 -5.902 1.067
10.04.1996 2.688 -5.9 1.066
11.04.1996 2.683 -5.898 1.065
12.04.1996 2.678 -5.895 1.064
13.04.1996 2.669 -5.893 1.063
14.04.1996 2.661 -5.891 1.062
15.04.1996 2.647 -5.89 1.061
16.04.1996 2.641 -5.887 1.06
17.04.1996 2.634 -5.885 1.059
18.04.1996 2.625 -5.884 1.059
19.04.1996 2.615 -5.881 1.057
20.04.1996 2.601 -5.88 1.056
21.04.1996 2.588 -5.879 1.055
22.04.1996 2.578 -5.877 1.054
23.04.1996 2.57 -5.876 1.053
24.04.1996 2.564 -5.875 1.052
25.04.1996 2.558 -5.874 1.05
26.04.1996 2.547 -5.873 1.049
27.04.1996 2.535 -5.871 1.048
28.04.1996 2.527 -5.87 1.047
29.04.1996 2.514 -5.868 1.046
30.04.1996 2.508 -5.867 1.045
01.05.1996 2.503 -5.865 1.044
02.05.1996 2.489 -5.863 1.044
03.05.1996 2.476 -5.862 1.043
04.05.1996 2.468 -5.86 1.042
05.05.1996 2.46 -5.858 1.041
06.05.1996 2.452 -5.856 1.04
07.05.1996 2.438 -5.854 1.039
08.05.1996 2.428 -5.853 1.038
09.05.1996 2.418 -5.851 1.037
10.05.1996 2.41 -5.849 1.036
11.05.1996 2.404 -5.847 1.035
12.05.1996 2.389 -5.847 1.034
13.05.1996 2.377 -5.845 1.033
14.05.1996 2.371 -5.844 1.032
15.05.1996 2.364 -5.843 1.031
16.05.1996 2.352 -5.841 1.03
17.05.1996 2.337 -5.839 1.029
18.05.1996 2.329 -5.837 1.028
19.05.1996 2.32 -5.836 1.027
20.05.1996 2.313 -5.834 1.025
21.05.1996 2.302 -5.833 1.024
22.05.1996 2.291 -5.83 1.023
23.05.1996 2.283 -5.829 1.022
24.05.1996 2.275 -5.827 1.021
25.05.1996 2.269 -5.826 1.02
26.05.1996 2.257 -5.824 1.019
27.05.1996 2.244 -5.822 1.017
28.05.1996 2.23 -5.82 1.017
29.05.1996 2.221 -5.818 1.016
30.05.1996 2.208 -5.817 1.015
31.05.1996 2.203 -5.815 1.014
01.06.1996 2.192 -5.814 1.013
02.06.1996 2.18 -5.812 1.012
03.06.1996 2.171 -5.811 1.011
04.06.1996 2.161 -5.809 1.009
05.06.1996 2.148 -5.808 1.009
06.06.1996 2.141 -5.807 1.008
07.06.1996 2.129 -5.805 1.006
08.06.1996 2.116 -5.803 1.006
09.06.1996 2.108 -5.802 1.004
10.06.1996 2.097 -5.801 1.003
11.06.1996 2.084 -5.799 1.002
12.06.1996 2.073 -5.797 1.001
13.06.1996 2.067 -5.795 1.0
14.06.1996 2.058 -5.794 0.999
15.06.1996 2.046 -5.792 0.998
16.06.1996 2.036 -5.791 0.997
17.06.1996 2.027 -5.79 0.995
18.06.1996 2.018 -5.788 0.994
19.06.1996 2.006 -5.787 0.993
20.06.1996 2.0 -5.785 0.991
21.06.1996 1.987 -5.783 0.991
22.06.1996 1.982 -5.782 0.99
23.06.1996 1.972 -5.78 0.989
24.06.1996 1.962 -5.778 0.988
25.06.1996 1.947 -5.777 0.987
26.06.1996 1.932 -5.775 0.986
27.06.1996 1.927 -5.773 0.984
28.06.1996 1.917 -5.772 0.983
29.06.1996 1.904 -5.77 0.982
30.06.1996 1.898 -5.768 0.981
01.07.1996 1.892 -5.766 0.98
02.07.1996 1.885 -5.765 0.979
03.07.1996 1.874 -5.763 0.978
04.07.1996 1.863 -5.761 0.977
05.07.1996 1.856 -5.759 0.977
06.07.1996 1.841 -5.757 0.976
07.07.1996 1.832 -5.755 0.976
08.07.1996 1.821 -5.753 0.974
09.07.1996 1.814 -5.752 0.973
10.07.1996 1.8 -5.75 0.972
11.07.1996 1.794 -5.747 0.971
12.07.1996 1.783 -5.746 0.969
13.07.1996 1.769 -5.745 0.969
14.07.1996 1.761 -5.742 0.967
15.07.1996 1.754 -5.741 0.966
16.07.1996 1.742 -5.74 0.965
17.07.1996 1.729 -5.739 0.964
18.07.1996 1.723 -5.737 0.963
19.07.1996 1.717 -5.735 0.962
20.07.1996 1.709 -5.734 0.961
21.07.1996 1.695 -5.732 0.96
22.07.1996 1.684 -5.731 0.958
23.07.1996 1.673 -5.729 0.957
24.07.1996 1.66 -5.728 0.956
25.07.1996 1.646 -5.728 0.954
26.07.1996 1.637 -5.726 0.953
27.07.1996 1.626 -5.725 0.952
28.07.1996 1.615 -5.723 0.951
29.07.1996 1.602 -5.721 0.95
30.07.1996 1.589 -5.72 0.949
31.07.1996 1.576 -5.718 0.948
01.08.1996 1.563 -5.716 0.947
02.08.1996 1.549 -5.715 0.946
03.08.1996 1.536 -5.714 0.945
04.08.1996 1.525 -5.713 0.944
05.08.1996 1.517 -5.711 0.943
06.08.1996 1.505 -5.709 0.942
07.08.1996 1.499 -5.708 0.941
08.08.1996 1.494 -5.706 0.94
09.08.1996 1.486 -5.704 0.94
10.08.1996 1.472 -5.703 0.939
11.08.1996 1.461 -5.701 0.938
12.08.1996 1.451 -5.7 0.937
13.08.1996 1.441 -5.699 0.936
14.08.1996 1.435 -5.698 0.934
15.08.1996 1.425 -5.696 0.934
16.08.1996 1.416 -5.695 0.933
17.08.1996 1.404 -5.693 0.931
18.08.1996 1.39 -5.691 0.93
19.08.1996 1.377 -5.69 0.929
20.08.1996 1.368 -5.689 0.928
21.08.1996 1.355 -5.687 0.927
22.08.1996 1.343 -5.685 0.926
23.08.1996 1.336 -5.683 0.925
24.08.1996 1.321 -5.682 0.924
25.08.1996 1.309 -5.68 0.922
26.08.1996 1.296 -5.678 0.921
27.08.1996 1.287 -5.677 0.92
28.08.1996 1.277 -5.675 0.919
29.08.1996 1.268 -5.673 0.918
30.08.1996 1.258 -5.672 0.917
31.08.1996 1.247 -5.67 0.916
01.09.1996 1.234 -5.668 0.914
02.09.1996 1.227 -5.666 0.914
03.09.1996 1.218 -5.665 0.913
04.09.1996 1.208 -5.662 0.912
05.09.1996 1.197 -5.661 0.912
06.09.1996 1.185 -5.659 0.911
07.09.1996 1.173 -5.658 0.91
08.09.1996 1.162 -5.656 0.909
09.09.1996 1.15 -5.654 0.908
10.09.1996 1.144 -5.652 0.908
11.09.1996 1.135 -5.65 0.906
12.09.1996 1.127 -5.648 0.906
13.09.1996 1.118 -5.646 0.904
14.09.1996 1.112 -5.644 0.903
15.09.1996 1.104 -5.643 0.902
16.09.1996 1.097 -5.641 0.901
17.09.1996 1.089 -5.639 0.9
18.09.1996 1.077 -5.637 0.899
19.09.1996 1.069 -5.637 0.898
20.09.1996 1.064 -5.635 0.897
21.09.1996 1.054 -5.634 0.896
22.09.1996 1.04 -5.632 0.895
23.09.1996 1.034 -5.63 0.894
24.09.1996 1.021 -5.629 0.892
25.09.1996 1.006 -5.628 0.891
26.09.1996 0.999 -5.626 0.89
27.09.1996 0.987 -5.624 0.89
28.09.1996 0.979 -5.622 0.889
29.09.1996 0.974 -5.621 0.888
30.09.1996 0.965 -5.619 0.887
01.10.1996 0.952 -5.618 0.887
02.10.1996 0.938 -5.617 0.886
03.10.1996 0.927 -5.616 0.885
04.10.1996 0.918 -5.614 0.883
05.10.1996 0.904 -5.614 0.882
06.10.1996 0.895 -5.611 0.881
07.10.1996 0.889 -5.61 0.88
08.10.1996 0.877 -5.609 0.879
09.10.1996 0.864 -5.607 0.878
10.10.1996 0.855 -5.606 0.877
11.10.1996 0.841 -5.604 0.876
12.10.1996 0.835 -5.602 0.876
13.10.1996 0.83 -5.6 0.875
14.10.1996 0.819 -5.598 0.874
15.10.1996 0.805 -5.596 0.873
16.10.1996 0.793 -5.594 0.872
17.10.1996 0.788 -5.593 0.87
18.10.1996 0.78 -5.592 0.869
19.10.1996 0.772 -5.59 0.869
20.10.1996 0.76 -5.589 0.867
21.10.1996 0.749 -5.588 0.866
22.10.1996 0.738 -5.587 0.864
23.10.1996 0.733 -5.586 0.863
24.10.1996 0.727 -5.584 0.862
25.10.1996 0.713 -5.582 0.862
26.10.1996 0.703 -5.58 0.86
27.10.1996 0.689 -5.579 0.86
28.10.1996 0.68 -5.577 0.859
29.10.1996 0.666 -5.576 0.858
30.10.1996 0.655 -5.574 0.857
31.10.1996 0.642 -5.572 0.856
01.11.1996 0.631 -5.571 0.856
02.11.1996 0.621 -5.57 0.855
03.11.1996 0.615 -5.568 0.854
04.11.1996 0.604 -5.567 0.853
05.11.1996 0.593 -5.565 0.852
06.11.1996 0.583 -5.563 0.851
07.11.1996 0.577 -5.561 0.85
08.11.1996 0.563 -5.56 0.849
09.11.1996 0.549 -5.559 0.848
10.11.1996 0.538 -5.558 0.848
11.11.1996 0.525 -5.556 0.846
12.11.1996 0.511 -5.554 0.846
13.11.1996 0.5 -5.552 0.845
14.11.1996 0.485 -5.551 0.843
15.11.1996 0.473 -5.55 0.842
16.11.1996 0.465 -5.548 0.841
17.11.1996 0.458 -5.547 0.84
18.11.1996 0.447 -5.546 0.839
19.11.1996 0.436 -5.545 0.838
20.11.1996 0.428 -5.543 0.837
21.11.1996 0.418 -5.542 0.837
22.11.1996 0.405 -5.54 0.836
23.11.1996 0.393 -5.539 0.835
24.11.1996 0.382 -5.537 0.834
25.11.1996 0.373 -5.535 0.833
26.11.1996 0.361 -5.534 0.832
27.11.1996 0.353 -5.532 0.83
28.11.1996 0.347 -5.531 0.829
29.11.1996 0.333 -5.53 0.829
30.11.1996 0.322 -5.529 0.827
01.12.1996 0.309 -5.528 0.827
02.12.1996 0.294 -5.526 0.826
03.12.1996 0.28 -5.524 0.825
04.12.1996 0.266 -5.523 0.825
05.12.1996 0.254 -5.521 0.823
06.12.1996 0.245 -5.52 0.822
07.12.1996 0.232 -5.519 0.821
08.12.1996 0.224 -5.516 0.82
09.12.1996 0.211 -5.515 0.819
10.12.1996 0.197 -5.514 0.819
11.12.1996 0.187 -5.513 0.818
12.12.1996 0.174 -5.512 0.817
13.12.1996 0.159 -5.51 0.816
14.12.1996 0.15 -5.509 0.815
15.12.1996 0.142 -5.507 0.813
16.12.1996 0.136 -5.505 0.812
17.12.1996 0.123 -5.504 0.811
18.12.1996 0.117 -5.502 0.81
19.12.1996 0.107 -5.501 0.809
20.12.1996 0.1 -5.499 0.808
21.12.1996 0.094 -5.498 0.808
22.12.1996 0.081 -5.497 0.806
23.12.1996 0.07 -5.496 0.806
24.12.1996 0.059 -5.494 0.805
25.12.1996 0.051 -5.493 0.804
26.12.1996 0.04 -5.491 0.803
27.12.1996 0.031 -5.489 0.803
28.12.1996 0.023 -5.488 0.801
29.12.1996 0.013 -5.487 0.801
