21.06.1997 6.528 -5.67 1.428
22.06.1997 6.514 -5.661 1.427
23.06.1997 6.503 -5.651 1.426
24.06.1997 6.488 -5.645 1.425
25.06.1997 6.478 -5.636 1.424
26.06.1997 6.464 -5.63 1.423
27.06.1997 6.458 -5.625 1.422
28.06.1997 6.443 -5.617 1.42
29.06.1997 6.429 -5.61 1.419
30.06.1997 6.424 -5.607 1.419
01.07.1997 6.417 -5.601 1.418
02.07.1997 6.406 -5.596 1.417
03.07.1997 6.399 -5.592 1.415
04.07.1997 6.388 -5.59 1.414
05.07.1997 6.382 -5.585 1.413
06.07.1997 6.368 -5.581 1.412
07.07.1997 6.363 -5.578 1.41
08.07.1997 6.348 -5.574 1.41
09.07.1997 6.34 -5.57 1.409
10.07.1997 6.328 -5.565 1.408
11.07.1997 6.314 -5.559 1.407
12.07.1997 6.305 -5.557 1.406
13.07.1997 6.298 -5.552 1.405
14.07.1997 6.286 -5.546 1.404
15.07.1997 6.273 -5.543 1.403
16.07.1997 6.261 -5.539 1.402
17.07.1997 6.25 -5.537 1.401
18.07.1997 6.235 -5.535 1.4
19.07.1997 6.223 -5.53 1.399
20.07.1997 6.208 -5.527 1.398
21.07.1997 6.202 -5.525 1.396
22.07.1997 6.196 -5.52 1.396
23.07.1997 6.184 -5.517 1.395
24.07.1997 6.17 -5.514 1.394
25.07.1997 6.161 -5.51 1.393
26.07.1997 6.148 -5.505 1.393
27.07.1997 6.139 -5.501 1.392
28.07.1997 6.125 -5.497 1.39
29.07.1997 6.119 -5.492 1.389
30.07.1997 6.113 -5.489 1.387
31.07.1997 6.099 -5.486 1.386
01.08.1997 6.088 -5.482 1.385
02.08.1997 6.081 -5.477 1.384
03.08.1997 6.073 -5.473 1.383
04.08.1997 6.058 -5.472 1.382
05.08.1997 6.048 -5.468 1.38
06.08.1997 6.035 -5.465 1.38
07.08.1997 6.02 -5.461 1.378
08.08.1997 6.012 -5.46 1.377
09.08.1997 6.006 -5.456 1.376
10.08.1997 5.997 -5.454 1.376
11.08.1997 5.987 -5.45 1.375
12.08.1997 5.979 -5.448 1.374
13.08.1997 5.965 -5.444 1.373
14.08.1997 5.953 -5.44 1.371
15.08.1997 5.946 -5.436 1.371
16.08.1997 5.932 -5.434 1.369
17.08.1997 5.924 -5.431 1.369
18.08.1997 5.917 -5.428 1.368
19.08.1997 5.904 -5.426 1.367
20.08.1997 5.899 -5.422 1.366
21.08.1997 5.89 -5.419 1.365
22.08.1997 5.884 -5.414 1.364
23.08.1997 5.873 -5.411 1.363
24.08.1997 5.864 -5.407 1.362
25.08.1997 5.855 -5.406 1.361
26.08.1997 5.843 -5.403 1.36
27.08.1997 5.835 -5.399 1.359
28.08.1997 5.821 -5.397 1.358
29.08.1997 5.807 -5.395 1.357
30.08.1997 5.795 -5.391 1.356
31.08.1997 5.783 -5.39 1.356
01.09.1997 5.777 -5.386 1.355
02.09.1997 5.766 -5.382 1.354
03.09.1997 5.758 -5.379 1.353
04.09.1997 5.748 -5.376 1.352
05.09.1997 5.741 -5.372 1.351
06.09.1997 5.733 -5.368 1.35
07.09.1997 5.722 -5.367 1.349
08.09.1997 5.708 -5.363 1.349
09.09.1997 5.697 -5.36 1.348
10.09.1997 5.685 -5.357 1.346
11.09.1997 5.676 -5.355 1.345
12.09.1997 5.667 -5.353 1.344
13.09.1997 5.658 -5.352 1.343
14.09.1997 5.652 -5.35 1.342
15.09.1997 5.643 -5.348 1.34
16.09.1997 5.635 -5.345 1.34
17.09.1997 5.626 -5.342 1.338
18.09.1997 5.616 -5.34 1.337
19.09.1997 5.609 -5.337 1.336
20.09.1997 5.603 -5.336 1.335
21.09.1997 5.59 -5.334 1.334
22.09.1997 5.582 -5.33 1.333
23.09.1997 5.573 -5.328 1.332
24.09.1997 5.559 -5.324 1.331
25.09.1997 5.551 -5.322 1.33
26.09.1997 5.545 -5.319 1.33
27.09.1997 5.531 -5.316 1.329
28.09.1997 5.519 -5.313 1.328
29.09.1997 5.509 -5.31 1.327
30.09.1997 5.501 -5.307 1.326
01.10.1997 5.492 -5.303 1.325
02.10.1997 5.479 -5.3 1.324
03.10.1997 5.468 -5.298 1.323
04.10.1997 5.46 -5.295 1.322
05.10.1997 5.451 -5.292 1.321
06.10.1997 5.444 -5.288 1.32
07.10.1997 5.433 -5.286 1.319
08.10.1997 5.421 -5.282 1.318
09.10.1997 5.406 -5.28 1.317
10.10.1997 5.391 -5.277 1.316
11.10.1997 5.38 -5.275 1.315
12.10.1997 5.366 -5.271 1.314
13.10.1997 5.358 -5.268 1.313
14.10.1997 5.353 -5.265 1.312
15.10.1997 5.345 -5.263 1.311
16.10.1997 5.332 -5.261 1.31
17.10.1997 5.317 -5.26 1.309
18.10.1997 5.308 -5.257 1.309
19.10.1997 5.299 -5.254 1.308
20.10.1997 5.293 -5.252 1.307
21.10.1997 5.283 -5.249 1.306
22.10.1997 5.277 -5.248 1.304
23.10.1997 5.268 -5.246 1.303
24.10.1997 5.26 -5.242 1.303
25.10.1997 5.255 -5.239 1.302
26.10.1997 5.247 -5.236 1.3
27.10.1997 5.236 -5.234 1.299
28.10.1997 5.225 -5.233 1.298
29.10.1997 5.21 -5.23 1.298
30.10.1997 5.202 -5.229 1.297
31.10.1997 5.191 -5.227 1.295
01.11.1997 5.185 -5.225 1.294
02.11.1997 5.176 -5.223 1.293
03.11.1997 5.169 -5.222 1.292
04.11.1997 5.161 -5.221 1.291
05.11.1997 5.153 -5.219 1.29
06.11.1997 5.144 -5.217 1.289
07.11.1997 5.138 -5.216 1.288
08.11.1997 5.123 -5.214 1.287
09.11.1997 5.11 -5.211 1.286
10.11.1997 5.099 -5.21 1.286
11.11.1997 5.087 -5.207 1.284
12.11.1997 5.077 -5.204 1.283
13.11.1997 5.062 -5.202 1.282
14.11.1997 5.048 -5.199 1.282
15.11.1997 5.035 -5.196 1.281
16.11.1997 5.028 -5.192 1.28
17.11.1997 5.021 -5.19 1.279
18.11.1997 5.011 -5.188 1.278
19.11.1997 4.997 -5.187 1.277
20.11.1997 4.992 -5.184 1.276
21.11.1997 4.98 -5.183 1.274
22.11.1997 4.972 -5.181 1.273
23.11.1997 4.964 -5.179 1.273
24.11.1997 4.959 -5.176 1.271
25.11.1997 4.954 -5.174 1.27
26.11.1997 4.94 -5.17 1.269
27.11.1997 4.93 -5.168 1.269
28.11.1997 4.921 -5.166 1.267
29.11.1997 4.913 -5.165 1.266
30.11.1997 4.904 -5.163 1.265
01.12.1997 4.894 -5.16 1.263
02.12.1997 4.882 -5.158 1.262
03.12.1997 4.868 -5.155 1.262
04.12.1997 4.854 -5.154 1.26
05.12.1997 4.839 -5.151 1.259
06.12.1997 4.833 -5.149 1.259
07.12.1997 4.821 -5.148 1.258
08.12.1997 4.812 -5.146 1.257
09.12.1997 4.804 -5.143 1.257
10.12.1997 4.79 -5.141 1.255
11.12.1997 4.781 -5.138 1.254
12.12.1997 4.772 -5.135 1.254
13.12.1997 4.759 -5.133 1.253
14.12.1997 4.751 -5.131 1.251
15.12.1997 4.744 -5.128 1.25
16.12.1997 4.735 -5.126 1.25
17.12.1997 4.722 -5.124 1.249
18.12.1997 4.712 -5.122 1.248
19.12.1997 4.703 -5.12 1.247
20.12.1997 4.696 -5.117 1.245
21.12.1997 4.683 -5.115 1.244
22.12.1997 4.678 -5.112 1.243
23.12.1997 4.664 -5.111 1.242
24.12.1997 4.649 -5.108 1.241
25.12.1997 4.643 -5.106 1.24
26.12.1997 4.629 -5.105 1.239
27.12.1997 4.621 -5.103 1.237
28.12.1997 4.614 -5.102 1.237
29.12.1997 4.601 -5.099 1.236
30.12.1997 4.592 -5.096 1.235
31.12.1997 4.587 -5.095 1.234
01.01.1998 4.572 -5.094 1.233
02.01.1998 4.558 -5.092 1.232
03.01.1998 4.546 -5.09 1.231
04.01.1998 4.536 -5.087 1.23
05.01.1998 4.53 -5.086 1.229
06.01.1998 4.517 -5.084 1.228
07.01.1998 4.511 -5.081 1.227
08.01.1998 4.497 -5.08 1.226
09.01.1998 4.488 -5.078 1.224
10.01.1998 4.478 -5.076 1.224
11.01.1998 4.471 -5.074 1.223
12.01.1998 4.465 -5.072 1.222
13.01.1998 4.451 -5.069 1.221
14.01.1998 4.437 -5.066 1.22
15.01.1998 4.43 -5.065 1.219
16.01.1998 4.419 -5.063 1.219
17.01.1998 4.41 -5.062 1.218
18.01.1998 4.399 -5.059 1.217
19.01.1998 4.392 -5.057 1.216
20.01.1998 4.384 -5.054 1.214
21.01.1998 4.371 -5.052 1.213
22.01.1998 4.366 -5.049 1.212
23.01.1998 4.361 -5.047 1.211
24.01.1998 4.347 -5.044 1.21
25.01.1998 4.334 -5.042 1.209
26.01.1998 4.324 -5.039 1.209
27.01.1998 4.314 -5.038 1.208
28.01.1998 4.303 -5.035 1.207
29.01.1998 4.293 -5.033 1.206
30.01.1998 4.283 -5.032 1.204
31.01.1998 4.268 -5.029 1.203
01.02.1998 4.254 -5.027 1.202
02.02.1998 4.24 -5.025 1.201
03.02.1998 4.23 -5.022 1.201
04.02.1998 4.221 -5.021 1.2
05.02.1998 4.213 -5.02 1.199
06.02.1998 4.201 -5.017 1.198
07.02.1998 4.192 -5.015 1.197
08.02.1998 4.183 -5.012 1.196
09.02.1998 4.174 -5.01 1.196
10.02.1998 4.164 -5.008 1.195
11.02.1998 4.157 -5.007 1.193
12.02.1998 4.151 -5.005 1.193
13.02.1998 4.142 -5.003 1.192
14.02.1998 4.135 -5.002 1.191
15.02.1998 4.129 -5.0 1.19
16.02.1998 4.116 -4.997 1.189
17.02.1998 4.106 -4.995 1.187
18.02.1998 4.095 -4.993 1.186
19.02.1998 4.087 -4.991 1.185
20.02.1998 4.076 -4.989 1.184
21.02.1998 4.068 -4.988 1.183
22.02.1998 4.062 -4.985 1.182
23.02.1998 4.049 -4.984 1.181
24.02.1998 4.035 -4.982 1.18
25.02.1998 4.03 -4.981 1.179
26.02.1998 4.02 -4.979 1.178
27.02.1998 4.015 -4.977 1.176
28.02.1998 4.004 -4.974 1.175
01.03.1998 3.995 -4.973 1.175
02.03.1998 3.985 -4.97 1.173
03.03.1998 3.978 -4.967 1.172
04.03.1998 3.965 -4.966 1.172
05.03.1998 3.955 -4.964 1.171
06.03.1998 3.949 -4.963 1.169
07.03.1998 3.943 -4.961 1.168
08.03.1998 3.936 -4.959 1.168
09.03.1998 3.928 -4.957 1.167
10.03.1998 3.918 -4.955 1.165
11.03.1998 3.91 -4.952 1.164
12.03.1998 3.9 -4.95 1.163
13.03.1998 3.888 -4.948 1.162
14.03.1998 3.879 -4.947 1.161
15.03.1998 3.874 -4.945 1.16
16.03.1998 3.861 -4.942 1.16
17.03.1998 3.851 -4.941 1.159
18.03.1998 3.84 -4.939 1.158
19.03.1998 3.827 -4.938 1.157
20.03.1998 3.815 -4.936 1.156
21.03.1998 3.802 -4.934 1.156
22.03.1998 3.795 -4.933 1.155
23.03.1998 3.786 -4.93 1.154
24.03.1998 3.774 -4.928 1.152
25.03.1998 3.765 -4.927 1.151
26.03.1998 3.752 -4.926 1.15
27.03.1998 3.74 -4.923 1.149
28.03.1998 3.732 -4.921 1.147
29.03.1998 3.717 -4.92 1.146
30.03.1998 3.702 -4.918 1.145
31.03.1998 3.697 -4.915 1.144
01.04.1998 3.685 -4.913 1.143
02.04.1998 3.678 -4.912 1.142
03.04.1998 3.669 -4.91 1.14
04.04.1998 3.663 -4.908 1.14
05.04.1998 3.652 -4.906 1.139
06.04.1998 3.641 -4.905 1.138
07.04.1998 3.635 -4.903 1.137
08.04.1998 3.624 -4.901 1.136
09.04.1998 3.612 -4.898 1.135
10.04.1998 3.6 -4.897 1.134
11.04.1998 3.586 -4.895 1.132
12.04.1998 3.579 -4.893 1.132
13.04.1998 3.565 -4.892 1.131
14.04.1998 3.553 -4.89 1.13
15.04.1998 3.544 -4.888 1.129
16.04.1998 3.535 -4.887 1.128
17.04.1998 3.523 -4.885 1.127
18.04.1998 3.514 -4.883 1.126
19.04.1998 3.507 -4.881 1.124
20.04.1998 3.501 -4.88 1.123
21.04.1998 3.488 -4.878 1.122
22.04.1998 3.475 -4.876 1.121
23.04.1998 3.466 -4.875 1.12
24.04.1998 3.456 -4.873 1.119
25.04.1998 3.444 -4.872 1.118
26.04.1998 3.429 -4.87 1.117
27.04.1998 3.421 -4.868 1.116
28.04.1998 3.415 -4.867 1.115
29.04.1998 3.407 -4.864 1.114
30.04.1998 3.4 -4.862 1.113
01.05.1998 3.392 -4.86 1.112
02.05.1998 3.386 -4.859 1.111
03.05.1998 3.38 -4.856 1.109
04.05.1998 3.374 -4.854 1.108
05.05.1998 3.361 -4.852 1.107
06.05.1998 3.351 -4.85 1.105
07.05.1998 3.337 -4.849 1.104
08.05.1998 3.33 -4.847 1.103
09.05.1998 3.323 -4.846 1.102
10.05.1998 3.312 -4.845 1.102
11.05.1998 3.303 -4.843 1.1
12.05.1998 3.297 -4.841 1.099
13.05.1998 3.288 -4.839 1.098
14.05.1998 3.276 -4.837 1.097
15.05.1998 3.261 -4.834 1.096
16.05.1998 3.252 -4.832 1.095
17.05.1998 3.237 -4.83 1.094
18.05.1998 3.227 -4.828 1.092
19.05.1998 3.22 -4.826 1.091
20.05.1998 3.209 -4.825 1.09
21.05.1998 3.197 -4.824 1.089
22.05.1998 3.183 -4.822 1.087
23.05.1998 3.175 -4.821 1.086
24.05.1998 3.166 -4.819 1.085
25.05.1998 3.159 -4.818 1.084
26.05.1998 3.151 -4.817 1.083
27.05.1998 3.139 -4.816 1.082
28.05.1998 3.124 -4.814 1.081
29.05.1998 3.114 -4.812 1.08
30.05.1998 3.105 -4.81 1.078
31.05.1998 3.093 -4.807 1.077
01.06.1998 3.085 -4.806 1.076
02.06.1998 3.08 -4.804 1.075
03.06.1998 3.071 -4.802 1.074
04.06.1998 3.056 -4.8 1.073
05.06.1998 3.048 -4.799 1.072
06.06.1998 3.039 -4.797 1.07
07.06.1998 3.031 -4.796 1.069
08.06.1998 3.026 -4.795 1.069
09.06.1998 3.015 -4.793 1.068
10.06.1998 3.005 -4.791 1.067
11.06.1998 2.994 -4.789 1.066
12.06.1998 2.986 -4.787 1.065
13.06.1998 2.977 -4.786 1.064
14.06.1998 2.965 -4.784 1.063
15.06.1998 2.956 -4.782 1.062
16.06.1998 2.942 -4.78 1.061
17.06.1998 2.929 -4.778 1.059
18.06.1998 2.916 -4.777 1.058
19.06.1998 2.906 -4.775 1.058
20.06.1998 2.899 -4.774 1.057
21.06.1998 2.885 -4.772 1.056
22.06.1998 2.879 -4.771 1.055
23.06.1998 2.864 -4.768 1.054
24.06.1998 2.858 -4.767 1.053
25.06.1998 2.852 -4.765 1.052
26.06.1998 2.844 -4.762 1.051
27.06.1998 2.836 -4.761 1.05
28.06.1998 2.826 -4.759 1.049
29.06.1998 2.819 -4.758 1.048
30.06.1998 2.811 -4.755 1.047
01.07.1998 2.802 -4.754 1.046
02.07.1998 2.795 -4.752 1.045
03.07.1998 2.786 -4.75 1.044
04.07.1998 2.772 -4.748 1.043
05.07.1998 2.761 -4.747 1.042
06.07.1998 2.747 -4.745 1.042
07.07.1998 2.739 -4.743 1.04
08.07.1998 2.733 -4.742 1.039
09.07.1998 2.721 -4.741 1.038
10.07.1998 2.714 -4.739 1.037
11.07.1998 2.707 -4.736 1.036
12.07.1998 2.695 -4.734 1.035
13.07.1998 2.687 -4.733 1.034
14.07.1998 2.677 -4.732 1.033
15.07.1998 2.664 -4.73 1.032
16.07.1998 2.652 -4.728 1.031
17.07.1998 2.647 -4.726 1.029
18.07.1998 2.634 -4.724 1.029
19.07.1998 2.629 -4.722 1.028
20.07.1998 2.618 -4.72 1.026
21.07.1998 2.608 -4.718 1.025
22.07.1998 2.599 -4.715 1.024
23.07.1998 2.587 -4.713 1.023
24.07.1998 2.574 -4.711 1.021
25.07.1998 2.566 -4.709 1.02
26.07.1998 2.555 -4.708 1.019
27.07.1998 2.548 -4.706 1.018
28.07.1998 2.54 -4.704 1.017
29.07.1998 2.525 -4.703 1.016
30.07.1998 2.52 -4.701 1.015
31.07.1998 2.514 -4.7 1.014
01.08.1998 2.506 -4.699 1.013
02.08.1998 2.498 -4.696 1.012
03.08.1998 2.483 -4.694 1.011
04.08.1998 2.478 -4.693 1.01
05.08.1998 2.466 -4.691 1.009
06.08.1998 2.459 -4.69 1.008
07.08.1998 2.446 -4.688 1.007
08.08.1998 2.438 -4.686 1.006
09.08.1998 2.425 -4.683 1.005
10.08.1998 2.414 -4.682 1.004
11.08.1998 2.399 -4.68 1.004
12.08.1998 2.39 -4.679 1.002
13.08.1998 2.377 -4.678 1.001
14.08.1998 2.365 -4.676 1.0
15.08.1998 2.351 -4.673 0.998
16.08.1998 2.346 -4.672 0.998
17.08.1998 2.334 -4.671 0.996
18.08.1998 2.328 -4.669 0.995
19.08.1998 2.316 -4.666 0.994
20.08.1998 2.308 -4.665 0.993
21.08.1998 2.298 -4.664 0.992
22.08.1998 2.283 -4.663 0.991
23.08.1998 2.269 -4.662 0.99
24.08.1998 2.257 -4.66 0.989
25.08.1998 2.242 -4.658 0.988
26.08.1998 2.23 -4.656 0.987
27.08.1998 2.221 -4.654 0.986
28.08.1998 2.216 -4.654 0.985
29.08.1998 2.206 -4.651 0.984
30.08.1998 2.193 -4.649 0.982
31.08.1998 2.186 -4.647 0.982
01.09.1998 2.174 -4.646 0.98
02.09.1998 2.169 -4.644 0.979
03.09.1998 2.155 -4.642 0.978
04.09.1998 2.144 -4.641 0.977
05.09.1998 2.138 -4.64 0.976
06.09.1998 2.129 -4.638 0.975
07.09.1998 2.117 -4.636 0.974
08.09.1998 2.108 -4.635 0.973
09.09.1998 2.099 -4.633 0.972
10.09.1998 2.089 -4.632 0.971
11.09.1998 2.075 -4.631 0.97
12.09.1998 2.067 -4.629 0.97
13.09.1998 2.057 -4.627 0.968
14.09.1998 2.047 -4.626 0.967
15.09.1998 2.04 -4.625 0.967
16.09.1998 2.032 -4.624 0.966
17.09.1998 2.018 -4.622 0.965
18.09.1998 2.01 -4.621 0.964
19.09.1998 1.996 -4.62 0.963
20.09.1998 1.982 -4.618 0.962
21.09.1998 1.972 -4.617 0.961
22.09.1998 1.962 -4.616 0.96
23.09.1998 1.949 -4.614 0.959
24.09.1998 1.944 -4.612 0.958
25.09.1998 1.932 -4.611 0.958
26.09.1998 1.922 -4.61 0.956
27.09.1998 1.907 -4.609 0.956
28.09.1998 1.896 -4.608 0.955
29.09.1998 1.891 -4.606 0.953
30.09.1998 1.879 -4.604 0.952
01.10.1998 1.868 -4.604 0.951
02.10.1998 1.856 -4.602 0.95
03.10.1998 1.842 -4.601 0.949
04.10.1998 1.83 -4.599 0.948
05.10.1998 1.819 -4.598 0.947
06.10.1998 1.808 -4.596 0.947
07.10.1998 1.8 -4.594 0.945
08.10.1998 1.788 -4.593 0.944
09.10.1998 1.782 -4.591 0.943
10.10.1998 1.768 -4.589 0.942
11.10.1998 1.757 -4.587 0.942
12.10.1998 1.743 -4.585 0.941
13.10.1998 1.73 -4.584 0.94
14.10.1998 1.721 -4.582 0.939
15.10.1998 1.712 -4.58 0.938
16.10.1998 1.701 -4.579 0.937
17.10.1998 1.693 -4.578 0.936
18.10.1998 1.681 -4.576 0.934
19.10.1998 1.667 -4.575 0.934
20.10.1998 1.654 -4.572 0.932
21.10.1998 1.643 -4.572 0.932
22.10.1998 1.633 -4.569 0.931
23.10.1998 1.622 -4.568 0.93
24.10.1998 1.613 -4.566 0.929
25.10.1998 1.601 -4.564 0.928
26.10.1998 1.593 -4.563 0.927
27.10.1998 1.587 -4.562 0.926
28.10.1998 1.576 -4.561 0.925
29.10.1998 1.562 -4.559 0.924
30.10.1998 1.548 -4.558 0.923
31.10.1998 1.535 -4.556 0.922
01.11.1998 1.527 -4.555 0.921
02.11.1998 1.522 -4.554 0.919
03.11.1998 1.507 -4.552 0.919
04.11.1998 1.496 -4.551 0.918
05.11.1998 1.484 -4.549 0.917
06.11.1998 1.471 -4.547 0.916
07.11.1998 1.457 -4.546 0.915
08.11.1998 1.449 -4.545 0.914
09.11.1998 1.443 -4.543 0.913
10.11.1998 1.432 -4.541 0.911
11.11.1998 1.417 -4.539 0.911
12.11.1998 1.404 -4.537 0.909
13.11.1998 1.393 -4.536 0.908
14.11.1998 1.382 -4.534 0.907
15.11.1998 1.369 -4.532 0.906
16.11.1998 1.363 -4.53 0.905
17.11.1998 1.352 -4.528 0.905
18.11.1998 1.346 -4.526 0.904
19.11.1998 1.341 -4.525 0.903
20.11.1998 1.326 -4.523 0.902
21.11.1998 1.319 -4.522 0.902
22.11.1998 1.312 -4.52 0.901
23.11.1998 1.298 -4.518 0.9
24.11.1998 1.284 -4.517 0.899
25.11.1998 1.276 -4.516 0.897
26.11.1998 1.271 -4.514 0.896
27.11.1998 1.259 -4.513 0.895
28.11.1998 1.247 -4.512 0.894
29.11.1998 1.239 -4.511 0.893
30.11.1998 1.23 -4.509 0.893
01.12.1998 1.216 -4.508 0.892
02.12.1998 1.209 -4.507 0.891
03.12.1998 1.195 -4.504 0.89
04.12.1998 1.189 -4.503 0.889
05.12.1998 1.18 -4.502 0.888
06.12.1998 1.166 -4.5 0.887
07.12.1998 1.158 -4.499 0.887
08.12.1998 1.148 -4.498 0.885
09.12.1998 1.135 -4.496 0.884
10.12.1998 1.129 -4.494 0.883
11.12.1998 1.117 -4.493 0.882
12.12.1998 1.103 -4.492 0.88
13.12.1998 1.09 -4.49 0.879
14.12.1998 1.076 -4.489 0.878
15.12.1998 1.063 -4.488 0.877
16.12.1998 1.053 -4.486 0.876
17.12.1998 1.041 -4.485 0.876
18.12.1998 1.028 -4.483 0.874
19.12.1998 1.016 -4.482 0.873
20.12.1998 1.01 -4.48 0.872
21.12.1998 1.002 -4.479 0.871
22.12.1998 0.993 -4.478 0.87
23.12.1998 0.981 -4.477 0.869
24.12.1998 0.968 -4.475 0.868
25.12.1998 0.955 -4.473 0.867
26.12.1998 0.947 -4.471 0.866
27.12.1998 0.942 -4.469 0.865
28.12.1998 0.935 -4.468 0.865
29.12.1998 0.923 -4.466 0.864
30.12.1998 0.91 -4.464 0.862
31.12.1998 0.897 -4.463 0.861
01.01.1999 0.887 -4.461 0.86
02.01.1999 0.878 -4.46 0.859
03.01.1999 0.868 -4.459 0.858
04.01.1999 0.862 -4.458 0.857
05.01.1999 0.851 -4.457 0.856
06.01.1999 0.843 -4.456 0.856
07.01.1999 0.829 -4.455 0.855
08.01.1999 0.823 -4.453 0.854
09.01.1999 0.813 -4.451 0.852
10.01.1999 0.8 -4.449 0.851
11.01.1999 0.791 -4.448 0.849
12.01.1999 0.78 -4.448 0.848
13.01.1999 0.772 -4.446 0.847
14.01.1999 0.761 -4.444 0.847
15.01.1999 0.75 -4.442 0.845
16.01.1999 0.743 -4.441 0.844
17.01.1999 0.735 -4.439 0.844
18.01.1999 0.73 -4.438 0.843
19.01.1999 0.721 -4.436 0.842
20.01.1999 0.709 -4.434 0.841
21.01.1999 0.703 -4.432 0.84
22.01.1999 0.688 -4.43 0.84
23.01.1999 0.68 -4.429 0.839
24.01.1999 0.671 -4.427 0.838
25.01.1999 0.664 -4.425 0.837
26.01.1999 0.652 -4.424 0.837
27.01.1999 0.639 -4.423 0.836
28.01.1999 0.631 -4.423 0.835
29.01.1999 0.619 -4.421 0.834
30.01.1999 0.614 -4.419 0.833
31.01.1999 0.605 -4.418 0.832
01.02.1999 0.596 -4.417 0.83
02.02.1999 0.583 -4.415 0.829
03.02.1999 0.569 -4.414 0.828
04.02.1999 0.562 -4.412 0.827
05.02.1999 0.556 -4.41 0.826
06.02.1999 0.541 -4.408 0.824
07.02.1999 0.534 -4.407 0.824
08.02.1999 0.519 -4.406 0.822
09.02.1999 0.507 -4.404 0.821
10.02.1999 0.498 -4.404 0.82
11.02.1999 0.49 -4.402 0.819
12.02.1999 0.476 -4.399 0.818
13.02.1999 0.463 -4.398 0.817
14.02.1999 0.455 -4.397 0.816
15.02.1999 0.449 -4.396 0.815
16.02.1999 0.442 -4.394 0.814
17.02.1999 0.433 -4.393 0.813
18.02.1999 0.42 -4.391 0.813
19.02.1999 0.405 -4.39 0.812
20.02.1999 0.398 -4.388 0.811
21.02.1999 0.386 -4.386 0.81
22.02.1999 0.378 -4.384 0.809
23.02.1999 0.363 -4.382 0.808
24.02.1999 0.357 -4.381 0.807
25.02.1999 0.345 -4.38 0.806
26.02.1999 0.33 -4.379 0.805
27.02.1999 0.32 -4.377 0.805
28.02.1999 0.308 -4.376 0.803
01.03.1999 0.303 -4.374 0.803
02.03.1999 0.289 -4.372 0.802
03.03.1999 0.279 -4.37 0.801
04.03.1999 0.266 -4.369 0.8
05.03.1999 0.26 -4.367 0.799
06.03.1999 0.246 -4.365 0.798
07.03.1999 0.237 -4.363 0.798
08.03.1999 0.225 -4.361 0.797
09.03.1999 0.212 -4.36 0.796
10.03.1999 0.205 -4.358 0.794
11.03.1999 0.199 -4.357 0.793
12.03.1999 0.186 -4.356 0.793
13.03.1999 0.173 -4.354 0.792
14.03.1999 0.159 -4.352 0.791
15.03.1999 0.145 -4.35 0.789
16.03.1999 0.137 -4.349 0.788
17.03.1999 0.128 -4.347 0.787
18.03.1999 0.115 -4.346 0.785
19.03.1999 0.109 -4.345 0.784
20.03.1999 0.101 -4.344 0.783
21.03.1999 0.088 -4.343 0.782
22.03.1999 0.077 -4.343 0.78
23.03.1999 0.065 -4.342 0.78
24.03.1999 0.052 -4.34 0.779
25.03.1999 0.039 -4.339 0.777
26.03.1999 0.025 -4.337 0.776
27.03.1999 0.018 -4.335 0.775
28.03.1999 0.009 -4.334 0.774
