18.04.1982 6.833 -7.681 1.47
19.04.1982 6.823 -7.669 1.47
20.04.1982 6.818 -7.664 1.469
21.04.1982 6.803 -7.658 1.468
22.04.1982 6.79 -7.648 1.466
23.04.1982 6.781 -7.642 1.465
24.04.1982 6.768 -7.639 1.464
25.04.1982 6.757 -7.634 1.463
26.04.1982 6.742 -7.629 1.463
27.04.1982 6.735 -7.624 1.461
28.04.1982 6.721 -7.618 1.461
29.04.1982 6.711 -7.612 1.46
30.04.1982 6.699 -7.609 1.459
01.05.1982 6.689 -7.606 1.457
02.05.1982 6.679 -7.602 1.457
03.05.1982 6.668 -7.596 1.456
04.05.1982 6.66 -7.592 1.455
05.05.1982 6.65 -7.588 1.454
06.05.1982 6.639 -7.584 1.453
07.05.1982 6.634 -7.582 1.452
08.05.1982 6.623 -7.578 1.452
09.05.1982 6.613 -7.573 1.451
10.05.1982 6.602 -7.569 1.45
11.05.1982 6.589 -7.564 1.449
12.05.1982 6.579 -7.559 1.448
13.05.1982 6.57 -7.557 1.447
14.05.1982 6.558 -7.554 1.446
15.05.1982 6.545 -7.549 1.445
16.05.1982 6.532 -7.544 1.444
17.05.1982 6.518 -7.541 1.443
18.05.1982 6.509 -7.539 1.442
19.05.1982 6.499 -7.536 1.441
20.05.1982 6.488 -7.533 1.439
21.05.1982 6.473 -7.531 1.439
22.05.1982 6.462 -7.528 1.438
23.05.1982 6.455 -7.525 1.437
24.05.1982 6.446 -7.521 1.437
25.05.1982 6.441 -7.518 1.436
26.05.1982 6.43 -7.514 1.435
27.05.1982 6.423 -7.512 1.433
28.05.1982 6.417 -7.509 1.432
29.05.1982 6.41 -7.507 1.431
30.05.1982 6.396 -7.503 1.43
31.05.1982 6.387 -7.5 1.429
01.06.1982 6.377 -7.497 1.428
02.06.1982 6.364 -7.495 1.427
03.06.1982 6.351 -7.491 1.426
04.06.1982 6.34 -7.487 1.425
05.06.1982 6.332 -7.485 1.423
06.06.1982 6.32 -7.48 1.423
07.06.1982 6.307 -7.476 1.422
08.06.1982 6.299 -7.475 1.42
09.06.1982 6.289 -7.473 1.42
10.06.1982 6.279 -7.47 1.419
11.06.1982 6.272 -7.469 1.418
12.06.1982 6.264 -7.466 1.418
13.06.1982 6.254 -7.464 1.417
14.06.1982 6.242 -7.461 1.416
15.06.1982 6.235 -7.459 1.415
16.06.1982 6.224 -7.456 1.414
17.06.1982 6.21 -7.454 1.412
18.06.1982 6.197 -7.45 1.411
19.06.1982 6.187 -7.449 1.41
20.06.1982 6.179 -7.445 1.409
21.06.1982 6.164 -7.441 1.408
22.06.1982 6.152 -7.437 1.407
23.06.1982 6.141 -7.434 1.406
24.06.1982 6.133 -7.432 1.405
25.06.1982 6.121 -7.428 1.404
26.06.1982 6.112 -7.427 1.402
27.06.1982 6.099 -7.424 1.401
28.06.1982 6.084 -7.422 1.4
29.06.1982 6.071 -7.421 1.399
30.06.1982 6.062 -7.419 1.398
01.07.1982 6.052 -7.417 1.398
02.07.1982 6.045 -7.414 1.397
03.07.1982 6.038 -7.41 1.396
04.07.1982 6.032 -7.408 1.395
05.07.1982 6.026 -7.406 1.394
06.07.1982 6.021 -7.402 1.393
07.07.1982 6.009 -7.399 1.392
08.07.1982 5.995 -7.396 1.391
09.07.1982 5.986 -7.393 1.39
10.07.1982 5.979 -7.389 1.389
11.07.1982 5.972 -7.387 1.388
12.07.1982 5.962 -7.384 1.387
13.07.1982 5.952 -7.381 1.386
14.07.1982 5.945 -7.377 1.385
15.07.1982 5.935 -7.375 1.384
16.07.1982 5.928 -7.372 1.383
17.07.1982 5.921 -7.371 1.381
18.07.1982 5.91 -7.368 1.38
19.07.1982 5.902 -7.365 1.379
20.07.1982 5.889 -7.363 1.379
21.07.1982 5.879 -7.361 1.377
22.07.1982 5.87 -7.358 1.376
23.07.1982 5.862 -7.356 1.376
24.07.1982 5.852 -7.354 1.375
25.07.1982 5.841 -7.351 1.374
26.07.1982 5.826 -7.348 1.374
27.07.1982 5.82 -7.346 1.373
28.07.1982 5.805 -7.343 1.372
29.07.1982 5.792 -7.342 1.371
30.07.1982 5.784 -7.338 1.37
31.07.1982 5.77 -7.335 1.37
01.08.1982 5.765 -7.333 1.369
02.08.1982 5.753 -7.331 1.368
03.08.1982 5.744 -7.33 1.367
04.08.1982 5.739 -7.327 1.366
05.08.1982 5.734 -7.323 1.366
06.08.1982 5.726 -7.32 1.365
07.08.1982 5.72 -7.318 1.364
08.08.1982 5.71 -7.315 1.362
09.08.1982 5.697 -7.313 1.361
10.08.1982 5.692 -7.31 1.36
11.08.1982 5.678 -7.307 1.359
12.08.1982 5.666 -7.303 1.358
13.08.1982 5.655 -7.3 1.357
14.08.1982 5.642 -7.296 1.357
15.08.1982 5.628 -7.294 1.356
16.08.1982 5.618 -7.291 1.355
17.08.1982 5.608 -7.288 1.354
18.08.1982 5.6 -7.284 1.354
19.08.1982 5.594 -7.282 1.353
20.08.1982 5.588 -7.28 1.352
21.08.1982 5.575 -7.277 1.352
22.08.1982 5.561 -7.275 1.351
23.08.1982 5.555 -7.272 1.35
24.08.1982 5.54 -7.27 1.348
25.08.1982 5.526 -7.268 1.347
26.08.1982 5.514 -7.266 1.346
27.08.1982 5.502 -7.265 1.344
28.08.1982 5.488 -7.263 1.343
29.08.1982 5.483 -7.261 1.341
30.08.1982 5.474 -7.258 1.341
31.08.1982 5.467 -7.256 1.34
01.09.1982 5.458 -7.255 1.339
02.09.1982 5.449 -7.252 1.338
03.09.1982 5.437 -7.251 1.337
04.09.1982 5.423 -7.248 1.335
05.09.1982 5.413 -7.245 1.334
06.09.1982 5.407 -7.244 1.333
07.09.1982 5.401 -7.241 1.333
08.09.1982 5.394 -7.238 1.332
09.09.1982 5.384 -7.235 1.331
10.09.1982 5.372 -7.233 1.33
11.09.1982 5.364 -7.23 1.329
12.09.1982 5.35 -7.229 1.329
13.09.1982 5.344 -7.226 1.327
14.09.1982 5.332 -7.224 1.326
15.09.1982 5.32 -7.223 1.324
16.09.1982 5.312 -7.221 1.323
17.09.1982 5.304 -7.22 1.322
18.09.1982 5.292 -7.217 1.321
19.09.1982 5.278 -7.214 1.32
20.09.1982 5.264 -7.211 1.319
21.09.1982 5.254 -7.208 1.317
22.09.1982 5.247 -7.205 1.316
23.09.1982 5.236 -7.204 1.315
24.09.1982 5.231 -7.201 1.315
25.09.1982 5.225 -7.199 1.313
26.09.1982 5.211 -7.196 1.312
27.09.1982 5.204 -7.194 1.311
28.09.1982 5.196 -7.19 1.31
29.09.1982 5.188 -7.188 1.309
30.09.1982 5.176 -7.186 1.308
01.10.1982 5.167 -7.184 1.307
02.10.1982 5.161 -7.181 1.306
03.10.1982 5.148 -7.179 1.305
04.10.1982 5.135 -7.177 1.304
05.10.1982 5.13 -7.175 1.303
06.10.1982 5.117 -7.172 1.302
07.10.1982 5.107 -7.17 1.302
08.10.1982 5.098 -7.167 1.3
09.10.1982 5.09 -7.166 1.299
10.10.1982 5.083 -7.164 1.299
11.10.1982 5.074 -7.161 1.298
12.10.1982 5.062 -7.16 1.297
13.10.1982 5.048 -7.158 1.296
14.10.1982 5.04 -7.155 1.296
15.10.1982 5.029 -7.153 1.295
16.10.1982 5.021 -7.151 1.294
17.10.1982 5.011 -7.148 1.294
18.10.1982 5.001 -7.146 1.293
19.10.1982 4.995 -7.144 1.292
20.10.1982 4.982 -7.142 1.291
21.10.1982 4.973 -7.139 1.29
22.10.1982 4.959 -7.138 1.289
23.10.1982 4.949 -7.136 1.288
24.10.1982 4.939 -7.134 1.287
25.10.1982 4.925 -7.132 1.286
26.10.1982 4.913 -7.13 1.285
27.10.1982 4.898 -7.127 1.284
28.10.1982 4.885 -7.125 1.283
29.10.1982 4.879 -7.124 1.282
30.10.1982 4.87 -7.122 1.281
31.10.1982 4.86 -7.12 1.281
01.11.1982 4.846 -7.118 1.28
02.11.1982 4.836 -7.117 1.279
03.11.1982 4.828 -7.115 1.277
04.11.1982 4.819 -7.113 1.276
05.11.1982 4.806 -7.112 1.275
06.11.1982 4.798 -7.11 1.274
07.11.1982 4.789 -7.107 1.273
08.11.1982 4.782 -7.106 1.272
09.11.1982 4.767 -7.103 1.271
10.11.1982 4.758 -7.1 1.269
11.11.1982 4.746 -7.098 1.269
12.11.1982 4.731 -7.095 1.268
13.11.1982 4.725 -7.094 1.266
14.11.1982 4.716 -7.092 1.266
15.11.1982 4.709 -7.091 1.265
16.11.1982 4.699 -7.089 1.264
17.11.1982 4.693 -7.087 1.263
18.11.1982 4.682 -7.084 1.262
19.11.1982 4.674 -7.082 1.261
20.11.1982 4.662 -7.079 1.26
21.11.1982 4.654 -7.077 1.259
22.11.1982 4.64 -7.074 1.258
23.11.1982 4.631 -7.072 1.256
24.11.1982 4.625 -7.07 1.255
25.11.1982 4.616 -7.069 1.255
26.11.1982 4.611 -7.066 1.253
27.11.1982 4.597 -7.063 1.252
28.11.1982 4.588 -7.061 1.252
29.11.1982 4.579 -7.058 1.25
30.11.1982 4.568 -7.056 1.249
01.12.1982 4.562 -7.053 1.249
02.12.1982 4.548 -7.052 1.248
03.12.1982 4.54 -7.051 1.246
04.12.1982 4.53 -7.048 1.246
05.12.1982 4.523 -7.045 1.245
06.12.1982 4.51 -7.044 1.244
07.12.1982 4.498 -7.042 1.243
08.12.1982 4.492 -7.04 1.242
09.12.1982 4.486 -7.039 1.241
10.12.1982 4.478 -7.037 1.24
11.12.1982 4.463 -7.035 1.239
12.12.1982 4.456 -7.033 1.238
13.12.1982 4.443 -7.03 1.238
14.12.1982 4.432 -7.027 1.237
15.12.1982 4.419 -7.026 1.235
16.12.1982 4.41 -7.025 1.234
17.12.1982 4.403 -7.022 1.233
18.12.1982 4.395 -7.02 1.232
19.12.1982 4.385 -7.019 1.231
20.12.1982 4.377 -7.016 1.23
21.12.1982 4.366 -7.014 1.229
22.12.1982 4.355 -7.012 1.228
23.12.1982 4.343 -7.009 1.227
24.12.1982 4.337 -7.008 1.226
25.12.1982 4.327 -7.007 1.224
26.12.1982 4.317 -7.006 1.223
27.12.1982 4.309 -7.003 1.222
28.12.1982 4.298 -7.001 1.222
29.12.1982 4.288 -6.999 1.22
30.12.1982 4.276 -6.997 1.219
31.12.1982 4.266 -6.995 1.218
01.01.1983 4.261 -6.994 1.217
02.01.1983 4.253 -6.992 1.216
03.01.1983 4.246 -6.99 1.214
04.01.1983 4.233 -6.989 1.214
05.01.1983 4.227 -6.987 1.213
06.01.1983 4.219 -6.986 1.212
07.01.1983 4.209 -6.984 1.211
08.01.1983 4.201 -6.983 1.21
09.01.1983 4.191 -6.981 1.208
10.01.1983 4.177 -6.979 1.207
11.01.1983 4.172 -6.976 1.206
12.01.1983 4.165 -6.974 1.205
13.01.1983 4.151 -6.973 1.204
14.01.1983 4.138 -6.97 1.204
15.01.1983 4.124 -6.968 1.203
16.01.1983 4.116 -6.966 1.202
17.01.1983 4.103 -6.963 1.201
18.01.1983 4.094 -6.961 1.199
19.01.1983 4.084 -6.959 1.198
20.01.1983 4.071 -6.956 1.197
21.01.1983 4.057 -6.955 1.197
22.01.1983 4.048 -6.953 1.196
23.01.1983 4.04 -6.951 1.195
24.01.1983 4.028 -6.949 1.193
25.01.1983 4.014 -6.948 1.193
26.01.1983 4.004 -6.945 1.191
27.01.1983 3.992 -6.944 1.191
28.01.1983 3.98 -6.942 1.19
29.01.1983 3.968 -6.94 1.188
30.01.1983 3.955 -6.939 1.187
31.01.1983 3.95 -6.937 1.186
01.02.1983 3.945 -6.935 1.186
02.02.1983 3.937 -6.934 1.185
03.02.1983 3.928 -6.932 1.183
04.02.1983 3.917 -6.93 1.182
05.02.1983 3.91 -6.929 1.181
06.02.1983 3.902 -6.928 1.18
07.02.1983 3.895 -6.926 1.179
08.02.1983 3.881 -6.925 1.177
09.02.1983 3.867 -6.924 1.177
10.02.1983 3.858 -6.921 1.175
11.02.1983 3.851 -6.919 1.174
12.02.1983 3.84 -6.918 1.173
13.02.1983 3.825 -6.916 1.171
14.02.1983 3.814 -6.915 1.171
15.02.1983 3.807 -6.914 1.17
16.02.1983 3.8 -6.913 1.169
17.02.1983 3.794 -6.911 1.168
18.02.1983 3.779 -6.91 1.167
19.02.1983 3.77 -6.909 1.166
20.02.1983 3.758 -6.907 1.165
21.02.1983 3.748 -6.905 1.163
22.02.1983 3.734 -6.903 1.162
23.02.1983 3.722 -6.901 1.161
24.02.1983 3.712 -6.899 1.161
25.02.1983 3.701 -6.898 1.16
26.02.1983 3.69 -6.896 1.159
27.02.1983 3.683 -6.894 1.158
28.02.1983 3.671 -6.892 1.157
01.03.1983 3.661 -6.891 1.156
02.03.1983 3.654 -6.89 1.154
03.03.1983 3.646 -6.887 1.153
04.03.1983 3.633 -6.886 1.152
05.03.1983 3.619 -6.885 1.151
06.03.1983 3.609 -6.883 1.15
07.03.1983 3.602 -6.882 1.149
08.03.1983 3.587 -6.88 1.149
09.03.1983 3.574 -6.877 1.147
10.03.1983 3.559 -6.876 1.147
11.03.1983 3.551 -6.874 1.145
12.03.1983 3.545 -6.872 1.144
13.03.1983 3.532 -6.87 1.144
14.03.1983 3.517 -6.869 1.142
15.03.1983 3.503 -6.868 1.141
16.03.1983 3.491 -6.866 1.139
17.03.1983 3.483 -6.864 1.139
18.03.1983 3.476 -6.862 1.137
19.03.1983 3.466 -6.86 1.136
20.03.1983 3.452 -6.859 1.135
21.03.1983 3.44 -6.857 1.134
22.03.1983 3.428 -6.855 1.133
23.03.1983 3.418 -6.852 1.132
24.03.1983 3.413 -6.85 1.131
25.03.1983 3.407 -6.849 1.131
26.03.1983 3.398 -6.846 1.13
27.03.1983 3.385 -6.845 1.129
28.03.1983 3.371 -6.842 1.128
29.03.1983 3.357 -6.84 1.127
30.03.1983 3.349 -6.838 1.126
31.03.1983 3.336 -6.835 1.125
01.04.1983 3.325 -6.833 1.123
02.04.1983 3.312 -6.832 1.123
03.04.1983 3.301 -6.831 1.122
04.04.1983 3.29 -6.83 1.121
05.04.1983 3.277 -6.828 1.12
06.04.1983 3.262 -6.827 1.119
07.04.1983 3.252 -6.826 1.118
08.04.1983 3.241 -6.824 1.117
09.04.1983 3.232 -6.821 1.116
10.04.1983 3.223 -6.819 1.115
11.04.1983 3.212 -6.816 1.114
12.04.1983 3.198 -6.814 1.113
13.04.1983 3.187 -6.812 1.112
14.04.1983 3.179 -6.811 1.111
15.04.1983 3.165 -6.809 1.11
16.04.1983 3.159 -6.808 1.109
17.04.1983 3.152 -6.806 1.108
18.04.1983 3.143 -6.804 1.106
19.04.1983 3.128 -6.802 1.106
20.04.1983 3.123 -6.801 1.105
21.04.1983 3.113 -6.799 1.104
22.04.1983 3.1 -6.797 1.104
23.04.1983 3.093 -6.795 1.102
24.04.1983 3.084 -6.794 1.101
25.04.1983 3.071 -6.792 1.1
26.04.1983 3.064 -6.79 1.099
27.04.1983 3.056 -6.788 1.098
28.04.1983 3.042 -6.786 1.097
29.04.1983 3.033 -6.784 1.097
30.04.1983 3.019 -6.782 1.095
01.05.1983 3.006 -6.781 1.094
02.05.1983 2.994 -6.779 1.093
03.05.1983 2.984 -6.778 1.092
04.05.1983 2.971 -6.776 1.091
05.05.1983 2.964 -6.773 1.09
06.05.1983 2.953 -6.772 1.089
07.05.1983 2.938 -6.771 1.089
08.05.1983 2.925 -6.77 1.088
09.05.1983 2.917 -6.768 1.086
10.05.1983 2.911 -6.766 1.086
11.05.1983 2.9 -6.764 1.085
12.05.1983 2.894 -6.762 1.084
13.05.1983 2.889 -6.76 1.083
14.05.1983 2.882 -6.758 1.081
15.05.1983 2.873 -6.757 1.081
16.05.1983 2.864 -6.755 1.08
17.05.1983 2.851 -6.754 1.079
18.05.1983 2.839 -6.752 1.077
19.05.1983 2.83 -6.75 1.077
20.05.1983 2.824 -6.748 1.075
21.05.1983 2.814 -6.746 1.074
22.05.1983 2.802 -6.745 1.073
23.05.1983 2.787 -6.744 1.073
24.05.1983 2.781 -6.742 1.072
25.05.1983 2.768 -6.74 1.071
26.05.1983 2.759 -6.739 1.07
27.05.1983 2.754 -6.738 1.069
28.05.1983 2.739 -6.735 1.068
29.05.1983 2.73 -6.734 1.068
30.05.1983 2.721 -6.733 1.067
31.05.1983 2.715 -6.73 1.066
01.06.1983 2.706 -6.729 1.065
02.06.1983 2.699 -6.727 1.064
03.06.1983 2.69 -6.726 1.063
04.06.1983 2.677 -6.724 1.061
05.06.1983 2.664 -6.722 1.061
06.06.1983 2.649 -6.719 1.06
07.06.1983 2.639 -6.717 1.06
08.06.1983 2.629 -6.716 1.058
09.06.1983 2.621 -6.715 1.058
10.06.1983 2.609 -6.713 1.057
11.06.1983 2.599 -6.711 1.056
12.06.1983 2.585 -6.71 1.055
13.06.1983 2.572 -6.709 1.054
14.06.1983 2.563 -6.706 1.053
15.06.1983 2.556 -6.705 1.052
16.06.1983 2.545 -6.703 1.051
17.06.1983 2.533 -6.701 1.05
18.06.1983 2.523 -6.699 1.048
19.06.1983 2.509 -6.697 1.047
20.06.1983 2.495 -6.696 1.047
21.06.1983 2.485 -6.695 1.046
22.06.1983 2.473 -6.694 1.045
23.06.1983 2.466 -6.691 1.044
24.06.1983 2.457 -6.69 1.043
25.06.1983 2.449 -6.689 1.042
26.06.1983 2.439 -6.687 1.041
27.06.1983 2.425 -6.685 1.04
28.06.1983 2.412 -6.683 1.039
29.06.1983 2.405 -6.682 1.038
30.06.1983 2.395 -6.681 1.037
01.07.1983 2.386 -6.679 1.036
02.07.1983 2.378 -6.677 1.035
03.07.1983 2.373 -6.676 1.034
04.07.1983 2.358 -6.674 1.033
05.07.1983 2.352 -6.672 1.032
06.07.1983 2.342 -6.67 1.031
07.07.1983 2.333 -6.669 1.03
08.07.1983 2.322 -6.667 1.029
09.07.1983 2.311 -6.666 1.028
10.07.1983 2.297 -6.664 1.027
11.07.1983 2.289 -6.662 1.026
12.07.1983 2.277 -6.661 1.025
13.07.1983 2.271 -6.66 1.023
14.07.1983 2.263 -6.658 1.022
15.07.1983 2.254 -6.657 1.021
16.07.1983 2.241 -6.656 1.021
17.07.1983 2.236 -6.655 1.02
18.07.1983 2.23 -6.654 1.019
19.07.1983 2.216 -6.652 1.018
20.07.1983 2.209 -6.65 1.017
21.07.1983 2.198 -6.648 1.016
22.07.1983 2.187 -6.647 1.015
23.07.1983 2.174 -6.645 1.014
24.07.1983 2.168 -6.643 1.013
25.07.1983 2.162 -6.641 1.012
26.07.1983 2.155 -6.639 1.01
27.07.1983 2.14 -6.637 1.01
28.07.1983 2.132 -6.635 1.009
29.07.1983 2.118 -6.632 1.008
30.07.1983 2.106 -6.63 1.007
31.07.1983 2.096 -6.629 1.006
01.08.1983 2.088 -6.628 1.005
02.08.1983 2.075 -6.626 1.004
03.08.1983 2.062 -6.625 1.003
04.08.1983 2.047 -6.623 1.002
05.08.1983 2.034 -6.622 1.001
06.08.1983 2.026 -6.62 1.0
07.08.1983 2.012 -6.618 0.999
08.08.1983 1.998 -6.616 0.998
09.08.1983 1.986 -6.614 0.997
10.08.1983 1.972 -6.612 0.996
11.08.1983 1.962 -6.611 0.995
12.08.1983 1.952 -6.609 0.994
13.08.1983 1.941 -6.608 0.993
14.08.1983 1.926 -6.605 0.992
15.08.1983 1.914 -6.605 0.991
16.08.1983 1.905 -6.603 0.99
17.08.1983 1.896 -6.601 0.988
18.08.1983 1.883 -6.599 0.988
19.08.1983 1.874 -6.597 0.987
20.08.1983 1.866 -6.594 0.986
21.08.1983 1.859 -6.593 0.985
22.08.1983 1.847 -6.591 0.983
23.08.1983 1.842 -6.589 0.982
24.08.1983 1.836 -6.587 0.981
25.08.1983 1.83 -6.585 0.98
26.08.1983 1.823 -6.583 0.979
27.08.1983 1.814 -6.581 0.979
28.08.1983 1.8 -6.579 0.978
29.08.1983 1.794 -6.578 0.977
30.08.1983 1.786 -6.577 0.976
31.08.1983 1.775 -6.575 0.975
01.09.1983 1.766 -6.573 0.973
02.09.1983 1.759 -6.571 0.972
03.09.1983 1.748 -6.57 0.971
04.09.1983 1.74 -6.568 0.969
05.09.1983 1.734 -6.566 0.968
06.09.1983 1.72 -6.565 0.967
07.09.1983 1.711 -6.563 0.966
08.09.1983 1.705 -6.561 0.966
09.09.1983 1.7 -6.56 0.965
10.09.1983 1.694 -6.559 0.963
11.09.1983 1.683 -6.557 0.963
12.09.1983 1.674 -6.555 0.962
13.09.1983 1.663 -6.554 0.961
14.09.1983 1.651 -6.553 0.959
15.09.1983 1.641 -6.552 0.959
16.09.1983 1.635 -6.55 0.957
17.09.1983 1.624 -6.549 0.957
18.09.1983 1.618 -6.547 0.956
19.09.1983 1.603 -6.546 0.955
20.09.1983 1.592 -6.545 0.954
21.09.1983 1.582 -6.543 0.953
22.09.1983 1.575 -6.541 0.952
23.09.1983 1.566 -6.54 0.951
24.09.1983 1.555 -6.538 0.95
25.09.1983 1.543 -6.536 0.949
26.09.1983 1.53 -6.535 0.948
27.09.1983 1.522 -6.533 0.947
28.09.1983 1.51 -6.531 0.946
29.09.1983 1.502 -6.53 0.945
30.09.1983 1.488 -6.529 0.944
01.10.1983 1.482 -6.528 0.944
02.10.1983 1.471 -6.526 0.943
03.10.1983 1.461 -6.524 0.942
04.10.1983 1.447 -6.523 0.941
05.10.1983 1.432 -6.521 0.94
06.10.1983 1.427 -6.519 0.939
07.10.1983 1.412 -6.519 0.938
08.10.1983 1.399 -6.517 0.937
09.10.1983 1.386 -6.516 0.936
10.10.1983 1.376 -6.515 0.935
11.10.1983 1.368 -6.514 0.934
12.10.1983 1.36 -6.512 0.933
13.10.1983 1.353 -6.511 0.932
14.10.1983 1.339 -6.509 0.931
15.10.1983 1.331 -6.508 0.93
16.10.1983 1.323 -6.507 0.929
17.10.1983 1.316 -6.505 0.927
18.10.1983 1.308 -6.504 0.927
19.10.1983 1.293 -6.502 0.926
20.10.1983 1.278 -6.5 0.925
21.10.1983 1.269 -6.499 0.923
22.10.1983 1.257 -6.497 0.923
23.10.1983 1.244 -6.495 0.922
24.10.1983 1.234 -6.494 0.922
25.10.1983 1.22 -6.493 0.92
26.10.1983 1.214 -6.491 0.92
27.10.1983 1.204 -6.489 0.919
28.10.1983 1.192 -6.488 0.919
29.10.1983 1.183 -6.486 0.918
30.10.1983 1.169 -6.485 0.917
31.10.1983 1.162 -6.484 0.916
01.11.1983 1.154 -6.483 0.915
02.11.1983 1.149 -6.481 0.914
03.11.1983 1.134 -6.479 0.913
04.11.1983 1.128 -6.478 0.912
05.11.1983 1.119 -6.477 0.912
06.11.1983 1.11 -6.476 0.911
07.11.1983 1.102 -6.474 0.911
08.11.1983 1.09 -6.473 0.909
09.11.1983 1.08 -6.471 0.908
10.11.1983 1.075 -6.469 0.907
11.11.1983 1.067 -6.468 0.906
12.11.1983 1.053 -6.467 0.905
13.11.1983 1.042 -6.465 0.903
14.11.1983 1.033 -6.463 0.902
15.11.1983 1.018 -6.461 0.901
16.11.1983 1.01 -6.46 0.9
17.11.1983 0.998 -6.459 0.899
18.11.1983 0.985 -6.457 0.898
19.11.1983 0.971 -6.456 0.896
20.11.1983 0.962 -6.455 0.896
21.11.1983 0.953 -6.454 0.895
22.11.1983 0.94 -6.453 0.893
23.11.1983 0.934 -6.452 0.892
24.11.1983 0.919 -6.45 0.891
25.11.1983 0.913 -6.449 0.89
26.11.1983 0.902 -6.447 0.889
27.11.1983 0.896 -6.446 0.888
28.11.1983 0.889 -6.444 0.887
29.11.1983 0.876 -6.442 0.886
30.11.1983 0.866 -6.44 0.885
01.12.1983 0.854 -6.44 0.884
02.12.1983 0.84 -6.438 0.883
03.12.1983 0.827 -6.437 0.882
04.12.1983 0.819 -6.436 0.881
05.12.1983 0.809 -6.434 0.881
06.12.1983 0.801 -6.433 0.879
07.12.1983 0.789 -6.432 0.878
08.12.1983 0.783 -6.431 0.877
09.12.1983 0.776 -6.429 0.876
10.12.1983 0.766 -6.427 0.875
11.12.1983 0.76 -6.425 0.874
12.12.1983 0.748 -6.423 0.873
13.12.1983 0.738 -6.422 0.872
14.12.1983 0.725 -6.42 0.871
15.12.1983 0.711 -6.418 0.869
16.12.1983 0.703 -6.416 0.868
17.12.1983 0.697 -6.414 0.867
18.12.1983 0.683 -6.413 0.867
19.12.1983 0.671 -6.412 0.866
20.12.1983 0.665 -6.411 0.865
21.12.1983 0.657 -6.409 0.864
22.12.1983 0.647 -6.407 0.863
23.12.1983 0.634 -6.405 0.862
24.12.1983 0.629 -6.403 0.861
25.12.1983 0.623 -6.401 0.86
26.12.1983 0.612 -6.4 0.859
27.12.1983 0.607 -6.399 0.858
28.12.1983 0.594 -6.397 0.857
29.12.1983 0.588 -6.395 0.856
30.12.1983 0.574 -6.393 0.854
31.12.1983 0.567 -6.392 0.853
01.01.1984 0.553 -6.391 0.853
02.01.1984 0.543 -6.389 0.852
03.01.1984 0.53 -6.388 0.851
04.01.1984 0.521 -6.387 0.85
05.01.1984 0.515 -6.385 0.849
06.01.1984 0.501 -6.384 0.848
07.01.1984 0.494 -6.382 0.846
08.01.1984 0.479 -6.381 0.846
09.01.1984 0.471 -6.379 0.845
10.01.1984 0.464 -6.377 0.844
11.01.1984 0.453 -6.376 0.843
12.01.1984 0.448 -6.374 0.842
13.01.1984 0.434 -6.372 0.842
14.01.1984 0.421 -6.37 0.84
15.01.1984 0.41 -6.369 0.839
16.01.1984 0.403 -6.367 0.839
17.01.1984 0.393 -6.366 0.838
18.01.1984 0.387 -6.365 0.837
19.01.1984 0.376 -6.363 0.837
20.01.1984 0.363 -6.362 0.836
21.01.1984 0.349 -6.361 0.835
22.01.1984 0.342 -6.36 0.833
23.01.1984 0.336 -6.359 0.832
24.01.1984 0.326 -6.358 0.831
25.01.1984 0.315 -6.356 0.83
26.01.1984 0.302 -6.354 0.83
27.01.1984 0.29 -6.353 0.829
28.01.1984 0.279 -6.352 0.827
29.01.1984 0.264 -6.35 0.826
30.01.1984 0.253 -6.349 0.825
31.01.1984 0.243 -6.348 0.824
01.02.1984 0.232 -6.346 0.823
02.02.1984 0.218 -6.345 0.821
03.02.1984 0.209 -6.343 0.82
04.02.1984 0.197 -6.341 0.818
05.02.1984 0.189 -6.339 0.818
06.02.1984 0.175 -6.338 0.817
07.02.1984 0.169 -6.337 0.815
08.02.1984 0.158 -6.336 0.814
09.02.1984 0.146 -6.335 0.813
10.02.1984 0.137 -6.334 0.812
11.02.1984 0.123 -6.333 0.811
12.02.1984 0.112 -6.331 0.81
13.02.1984 0.097 -6.329 0.809
14.02.1984 0.089 -6.328 0.808
15.02.1984 0.079 -6.326 0.807
16.02.1984 0.072 -6.324 0.806
17.02.1984 0.063 -6.323 0.805
18.02.1984 0.055 -6.321 0.804
19.02.1984 0.048 -6.32 0.803
20.02.1984 0.035 -6.319 0.803
21.02.1984 0.021 -6.318 0.802
22.02.1984 0.015 -6.316 0.802
23.02.1984 0.008 -6.315 0.8
