23.05.1991 5.663 -6.352 1.33
24.05.1991 5.654 -6.34 1.329
25.05.1991 5.64 -6.328 1.328
26.05.1991 5.633 -6.322 1.327
27.05.1991 5.62 -6.317 1.326
28.05.1991 5.606 -6.309 1.325
29.05.1991 5.597 -6.305 1.323
30.05.1991 5.59 -6.301 1.323
31.05.1991 5.576 -6.295 1.322
01.06.1991 5.563 -6.291 1.321
02.06.1991 5.557 -6.286 1.32
03.06.1991 5.548 -6.282 1.319
04.06.1991 5.541 -6.277 1.318
05.06.1991 5.53 -6.27 1.317
06.06.1991 5.517 -6.265 1.317
07.06.1991 5.51 -6.26 1.316
08.06.1991 5.501 -6.254 1.314
09.06.1991 5.493 -6.249 1.313
10.06.1991 5.487 -6.243 1.312
11.06.1991 5.476 -6.24 1.311
12.06.1991 5.467 -6.236 1.31
13.06.1991 5.458 -6.231 1.309
14.06.1991 5.447 -6.227 1.307
15.06.1991 5.439 -6.224 1.306
16.06.1991 5.432 -6.219 1.305
17.06.1991 5.424 -6.215 1.305
18.06.1991 5.418 -6.212 1.304
19.06.1991 5.405 -6.208 1.303
20.06.1991 5.394 -6.203 1.302
21.06.1991 5.382 -6.2 1.3
22.06.1991 5.369 -6.198 1.299
23.06.1991 5.36 -6.194 1.299
24.06.1991 5.345 -6.19 1.298
25.06.1991 5.34 -6.187 1.297
26.06.1991 5.33 -6.183 1.296
27.06.1991 5.325 -6.181 1.296
28.06.1991 5.315 -6.179 1.295
29.06.1991 5.306 -6.176 1.294
30.06.1991 5.3 -6.174 1.293
01.07.1991 5.286 -6.171 1.291
02.07.1991 5.28 -6.166 1.29
03.07.1991 5.274 -6.163 1.289
04.07.1991 5.26 -6.16 1.287
05.07.1991 5.252 -6.158 1.286
06.07.1991 5.243 -6.154 1.285
07.07.1991 5.237 -6.152 1.284
08.07.1991 5.231 -6.148 1.283
09.07.1991 5.224 -6.144 1.282
10.07.1991 5.211 -6.14 1.281
11.07.1991 5.204 -6.135 1.28
12.07.1991 5.194 -6.131 1.279
13.07.1991 5.184 -6.129 1.278
14.07.1991 5.173 -6.125 1.277
15.07.1991 5.159 -6.123 1.277
16.07.1991 5.148 -6.119 1.276
17.07.1991 5.136 -6.116 1.275
18.07.1991 5.13 -6.114 1.274
19.07.1991 5.123 -6.111 1.273
20.07.1991 5.11 -6.107 1.272
21.07.1991 5.095 -6.104 1.271
22.07.1991 5.082 -6.102 1.269
23.07.1991 5.069 -6.101 1.268
24.07.1991 5.062 -6.096 1.267
25.07.1991 5.051 -6.093 1.266
26.07.1991 5.045 -6.089 1.265
27.07.1991 5.037 -6.088 1.264
28.07.1991 5.022 -6.084 1.263
29.07.1991 5.01 -6.082 1.262
30.07.1991 4.998 -6.078 1.262
31.07.1991 4.985 -6.075 1.261
01.08.1991 4.978 -6.072 1.26
02.08.1991 4.97 -6.07 1.258
03.08.1991 4.962 -6.067 1.257
04.08.1991 4.955 -6.064 1.257
05.08.1991 4.942 -6.061 1.255
06.08.1991 4.931 -6.06 1.255
07.08.1991 4.922 -6.057 1.253
08.08.1991 4.908 -6.054 1.253
09.08.1991 4.895 -6.051 1.252
10.08.1991 4.884 -6.049 1.251
11.08.1991 4.875 -6.047 1.25
12.08.1991 4.866 -6.046 1.249
13.08.1991 4.859 -6.043 1.248
14.08.1991 4.846 -6.041 1.247
15.08.1991 4.832 -6.039 1.246
16.08.1991 4.818 -6.036 1.245
17.08.1991 4.809 -6.033 1.245
18.08.1991 4.797 -6.03 1.243
19.08.1991 4.788 -6.026 1.242
20.08.1991 4.775 -6.023 1.241
21.08.1991 4.766 -6.019 1.24
22.08.1991 4.752 -6.017 1.239
23.08.1991 4.747 -6.013 1.238
24.08.1991 4.741 -6.01 1.237
25.08.1991 4.728 -6.007 1.235
26.08.1991 4.717 -6.004 1.235
27.08.1991 4.704 -6.001 1.234
28.08.1991 4.69 -5.999 1.232
29.08.1991 4.681 -5.997 1.232
30.08.1991 4.667 -5.994 1.231
31.08.1991 4.659 -5.993 1.23
01.09.1991 4.65 -5.991 1.229
02.09.1991 4.644 -5.989 1.227
03.09.1991 4.634 -5.986 1.227
04.09.1991 4.623 -5.984 1.226
05.09.1991 4.614 -5.98 1.225
06.09.1991 4.605 -5.979 1.224
07.09.1991 4.592 -5.977 1.223
08.09.1991 4.581 -5.973 1.223
09.09.1991 4.567 -5.971 1.222
10.09.1991 4.552 -5.969 1.221
11.09.1991 4.541 -5.966 1.22
12.09.1991 4.526 -5.963 1.219
13.09.1991 4.518 -5.96 1.219
14.09.1991 4.508 -5.958 1.217
15.09.1991 4.5 -5.957 1.216
16.09.1991 4.486 -5.954 1.215
17.09.1991 4.48 -5.952 1.215
18.09.1991 4.474 -5.949 1.214
19.09.1991 4.466 -5.946 1.214
20.09.1991 4.454 -5.945 1.213
21.09.1991 4.44 -5.942 1.212
22.09.1991 4.431 -5.941 1.21
23.09.1991 4.424 -5.938 1.21
24.09.1991 4.417 -5.935 1.208
25.09.1991 4.41 -5.932 1.207
26.09.1991 4.403 -5.93 1.206
27.09.1991 4.393 -5.928 1.205
28.09.1991 4.378 -5.925 1.204
29.09.1991 4.367 -5.923 1.202
30.09.1991 4.362 -5.921 1.202
01.10.1991 4.351 -5.919 1.201
02.10.1991 4.345 -5.917 1.2
03.10.1991 4.334 -5.915 1.199
04.10.1991 4.326 -5.912 1.199
05.10.1991 4.318 -5.909 1.197
06.10.1991 4.306 -5.906 1.196
07.10.1991 4.292 -5.905 1.195
08.10.1991 4.286 -5.903 1.194
09.10.1991 4.275 -5.902 1.193
10.10.1991 4.26 -5.9 1.192
11.10.1991 4.246 -5.898 1.191
12.10.1991 4.237 -5.897 1.19
13.10.1991 4.228 -5.894 1.189
14.10.1991 4.22 -5.892 1.188
15.10.1991 4.212 -5.889 1.188
16.10.1991 4.203 -5.887 1.187
17.10.1991 4.191 -5.886 1.185
18.10.1991 4.178 -5.884 1.185
19.10.1991 4.169 -5.881 1.184
20.10.1991 4.158 -5.877 1.182
21.10.1991 4.152 -5.875 1.181
22.10.1991 4.141 -5.874 1.18
23.10.1991 4.131 -5.873 1.179
24.10.1991 4.118 -5.87 1.178
25.10.1991 4.11 -5.867 1.177
26.10.1991 4.1 -5.865 1.176
27.10.1991 4.094 -5.863 1.175
28.10.1991 4.081 -5.861 1.174
29.10.1991 4.074 -5.859 1.173
30.10.1991 4.065 -5.857 1.172
31.10.1991 4.053 -5.855 1.171
01.11.1991 4.041 -5.852 1.17
02.11.1991 4.032 -5.851 1.169
03.11.1991 4.023 -5.847 1.168
04.11.1991 4.017 -5.845 1.167
05.11.1991 4.009 -5.842 1.165
06.11.1991 3.996 -5.839 1.164
07.11.1991 3.982 -5.838 1.163
08.11.1991 3.971 -5.836 1.162
09.11.1991 3.965 -5.835 1.161
10.11.1991 3.958 -5.832 1.16
11.11.1991 3.95 -5.831 1.159
12.11.1991 3.944 -5.828 1.158
13.11.1991 3.929 -5.827 1.157
14.11.1991 3.923 -5.825 1.157
15.11.1991 3.91 -5.824 1.156
16.11.1991 3.896 -5.821 1.155
17.11.1991 3.886 -5.819 1.154
18.11.1991 3.879 -5.816 1.153
19.11.1991 3.873 -5.814 1.152
20.11.1991 3.866 -5.811 1.151
21.11.1991 3.859 -5.81 1.15
22.11.1991 3.853 -5.807 1.148
23.11.1991 3.843 -5.805 1.147
24.11.1991 3.835 -5.804 1.146
25.11.1991 3.829 -5.801 1.145
26.11.1991 3.814 -5.798 1.144
27.11.1991 3.802 -5.796 1.142
28.11.1991 3.788 -5.793 1.142
29.11.1991 3.776 -5.79 1.141
30.11.1991 3.766 -5.788 1.14
01.12.1991 3.759 -5.787 1.139
02.12.1991 3.748 -5.785 1.137
03.12.1991 3.736 -5.782 1.137
04.12.1991 3.721 -5.78 1.135
05.12.1991 3.709 -5.778 1.135
06.12.1991 3.697 -5.777 1.134
07.12.1991 3.684 -5.775 1.133
08.12.1991 3.673 -5.773 1.132
09.12.1991 3.66 -5.771 1.131
10.12.1991 3.652 -5.768 1.13
11.12.1991 3.641 -5.767 1.129
12.12.1991 3.633 -5.765 1.127
13.12.1991 3.625 -5.763 1.126
14.12.1991 3.613 -5.762 1.125
15.12.1991 3.601 -5.759 1.124
16.12.1991 3.595 -5.758 1.124
17.12.1991 3.587 -5.755 1.123
18.12.1991 3.582 -5.753 1.122
19.12.1991 3.577 -5.75 1.121
20.12.1991 3.567 -5.748 1.12
21.12.1991 3.554 -5.746 1.119
22.12.1991 3.544 -5.743 1.118
23.12.1991 3.533 -5.742 1.117
24.12.1991 3.519 -5.739 1.116
25.12.1991 3.513 -5.737 1.114
26.12.1991 3.503 -5.735 1.113
27.12.1991 3.491 -5.734 1.112
28.12.1991 3.482 -5.732 1.111
29.12.1991 3.467 -5.73 1.11
30.12.1991 3.453 -5.728 1.109
31.12.1991 3.439 -5.726 1.108
01.01.1992 3.43 -5.723 1.107
02.01.1992 3.42 -5.72 1.105
03.01.1992 3.405 -5.718 1.105
04.01.1992 3.392 -5.715 1.104
05.01.1992 3.379 -5.714 1.103
06.01.1992 3.374 -5.713 1.102
07.01.1992 3.368 -5.711 1.1
08.01.1992 3.362 -5.709 1.099
09.01.1992 3.349 -5.708 1.098
10.01.1992 3.341 -5.706 1.097
11.01.1992 3.328 -5.704 1.096
12.01.1992 3.321 -5.701 1.095
13.01.1992 3.309 -5.699 1.095
14.01.1992 3.296 -5.698 1.094
15.01.1992 3.288 -5.697 1.093
16.01.1992 3.28 -5.696 1.093
17.01.1992 3.27 -5.694 1.092
18.01.1992 3.256 -5.692 1.091
19.01.1992 3.246 -5.691 1.09
20.01.1992 3.238 -5.689 1.089
21.01.1992 3.224 -5.688 1.088
22.01.1992 3.218 -5.685 1.086
23.01.1992 3.206 -5.682 1.085
24.01.1992 3.191 -5.681 1.084
25.01.1992 3.182 -5.679 1.083
26.01.1992 3.174 -5.678 1.082
27.01.1992 3.167 -5.676 1.082
28.01.1992 3.16 -5.674 1.08
29.01.1992 3.15 -5.672 1.08
30.01.1992 3.136 -5.67 1.079
31.01.1992 3.126 -5.668 1.078
01.02.1992 3.111 -5.665 1.077
02.02.1992 3.1 -5.663 1.076
03.02.1992 3.09 -5.662 1.075
04.02.1992 3.08 -5.659 1.074
05.02.1992 3.069 -5.657 1.073
06.02.1992 3.059 -5.656 1.072
07.02.1992 3.048 -5.654 1.071
08.02.1992 3.038 -5.652 1.07
09.02.1992 3.025 -5.651 1.069
10.02.1992 3.013 -5.649 1.067
11.02.1992 3.005 -5.647 1.067
12.02.1992 2.991 -5.645 1.066
13.02.1992 2.979 -5.644 1.065
14.02.1992 2.973 -5.641 1.064
15.02.1992 2.966 -5.639 1.063
16.02.1992 2.957 -5.637 1.062
17.02.1992 2.951 -5.635 1.061
18.02.1992 2.939 -5.633 1.06
19.02.1992 2.933 -5.631 1.059
20.02.1992 2.927 -5.629 1.058
21.02.1992 2.918 -5.627 1.057
22.02.1992 2.904 -5.625 1.056
23.02.1992 2.897 -5.622 1.055
24.02.1992 2.884 -5.62 1.054
25.02.1992 2.87 -5.618 1.053
26.02.1992 2.859 -5.616 1.052
27.02.1992 2.849 -5.614 1.052
28.02.1992 2.844 -5.613 1.051
29.02.1992 2.833 -5.61 1.05
01.03.1992 2.82 -5.608 1.049
02.03.1992 2.813 -5.606 1.048
03.03.1992 2.806 -5.605 1.047
04.03.1992 2.794 -5.604 1.045
05.03.1992 2.78 -5.603 1.044
06.03.1992 2.769 -5.601 1.044
07.03.1992 2.762 -5.6 1.043
08.03.1992 2.75 -5.598 1.041
09.03.1992 2.739 -5.596 1.04
10.03.1992 2.729 -5.593 1.039
11.03.1992 2.715 -5.592 1.038
12.03.1992 2.704 -5.59 1.037
13.03.1992 2.698 -5.588 1.036
14.03.1992 2.69 -5.586 1.035
15.03.1992 2.678 -5.584 1.033
16.03.1992 2.672 -5.582 1.032
17.03.1992 2.662 -5.581 1.031
18.03.1992 2.652 -5.58 1.03
19.03.1992 2.642 -5.577 1.028
20.03.1992 2.63 -5.576 1.028
21.03.1992 2.617 -5.574 1.026
22.03.1992 2.603 -5.571 1.025
23.03.1992 2.59 -5.569 1.024
24.03.1992 2.58 -5.566 1.023
25.03.1992 2.572 -5.564 1.022
26.03.1992 2.562 -5.563 1.021
27.03.1992 2.556 -5.562 1.02
28.03.1992 2.547 -5.561 1.019
29.03.1992 2.54 -5.559 1.018
30.03.1992 2.533 -5.556 1.017
31.03.1992 2.521 -5.555 1.016
01.04.1992 2.514 -5.552 1.014
02.04.1992 2.503 -5.551 1.014
03.04.1992 2.493 -5.55 1.013
04.04.1992 2.486 -5.549 1.012
05.04.1992 2.474 -5.546 1.011
06.04.1992 2.464 -5.545 1.01
07.04.1992 2.453 -5.543 1.01
08.04.1992 2.438 -5.541 1.009
09.04.1992 2.424 -5.539 1.008
10.04.1992 2.41 -5.537 1.007
11.04.1992 2.403 -5.535 1.007
12.04.1992 2.391 -5.533 1.005
13.04.1992 2.383 -5.532 1.005
14.04.1992 2.371 -5.53 1.004
15.04.1992 2.358 -5.528 1.002
16.04.1992 2.351 -5.527 1.002
17.04.1992 2.337 -5.525 1.0
18.04.1992 2.332 -5.523 0.999
19.04.1992 2.324 -5.522 0.999
20.04.1992 2.315 -5.521 0.998
21.04.1992 2.309 -5.52 0.997
22.04.1992 2.295 -5.518 0.996
23.04.1992 2.288 -5.517 0.995
24.04.1992 2.279 -5.515 0.994
25.04.1992 2.27 -5.513 0.993
26.04.1992 2.262 -5.512 0.992
27.04.1992 2.254 -5.511 0.991
28.04.1992 2.245 -5.509 0.99
29.04.1992 2.232 -5.507 0.989
30.04.1992 2.225 -5.505 0.988
01.05.1992 2.211 -5.502 0.987
02.05.1992 2.197 -5.501 0.986
03.05.1992 2.188 -5.5 0.985
04.05.1992 2.177 -5.499 0.984
05.05.1992 2.167 -5.497 0.983
06.05.1992 2.157 -5.495 0.982
07.05.1992 2.148 -5.493 0.981
08.05.1992 2.137 -5.491 0.98
09.05.1992 2.123 -5.489 0.979
10.05.1992 2.113 -5.488 0.978
11.05.1992 2.108 -5.486 0.977
12.05.1992 2.101 -5.484 0.976
13.05.1992 2.096 -5.483 0.975
14.05.1992 2.085 -5.481 0.974
15.05.1992 2.074 -5.479 0.973
16.05.1992 2.066 -5.477 0.972
17.05.1992 2.061 -5.475 0.971
18.05.1992 2.055 -5.474 0.97
19.05.1992 2.05 -5.472 0.969
20.05.1992 2.042 -5.471 0.968
21.05.1992 2.037 -5.47 0.967
22.05.1992 2.029 -5.468 0.967
23.05.1992 2.021 -5.467 0.966
24.05.1992 2.01 -5.465 0.964
25.05.1992 1.995 -5.463 0.964
26.05.1992 1.989 -5.46 0.963
27.05.1992 1.984 -5.458 0.962
28.05.1992 1.975 -5.456 0.961
29.05.1992 1.968 -5.455 0.96
30.05.1992 1.958 -5.454 0.959
31.05.1992 1.951 -5.453 0.959
01.06.1992 1.946 -5.451 0.957
02.06.1992 1.94 -5.449 0.956
03.06.1992 1.928 -5.447 0.955
04.06.1992 1.914 -5.445 0.954
05.06.1992 1.908 -5.444 0.953
06.06.1992 1.899 -5.443 0.952
07.06.1992 1.887 -5.44 0.952
08.06.1992 1.878 -5.439 0.951
09.06.1992 1.865 -5.438 0.95
10.06.1992 1.859 -5.436 0.948
11.06.1992 1.847 -5.435 0.947
12.06.1992 1.841 -5.434 0.947
13.06.1992 1.831 -5.431 0.946
14.06.1992 1.816 -5.43 0.945
15.06.1992 1.802 -5.427 0.944
16.06.1992 1.794 -5.426 0.943
17.06.1992 1.787 -5.425 0.942
18.06.1992 1.781 -5.422 0.941
19.06.1992 1.773 -5.42 0.939
20.06.1992 1.758 -5.419 0.938
21.06.1992 1.752 -5.418 0.937
22.06.1992 1.739 -5.416 0.936
23.06.1992 1.731 -5.414 0.936
24.06.1992 1.721 -5.413 0.934
25.06.1992 1.706 -5.412 0.933
26.06.1992 1.698 -5.411 0.932
27.06.1992 1.684 -5.41 0.931
28.06.1992 1.669 -5.408 0.93
29.06.1992 1.662 -5.406 0.93
30.06.1992 1.656 -5.405 0.928
01.07.1992 1.643 -5.404 0.928
02.07.1992 1.636 -5.403 0.926
03.07.1992 1.623 -5.4 0.925
04.07.1992 1.61 -5.399 0.924
05.07.1992 1.598 -5.396 0.923
06.07.1992 1.589 -5.395 0.922
07.07.1992 1.579 -5.392 0.921
08.07.1992 1.568 -5.39 0.92
09.07.1992 1.557 -5.389 0.919
10.07.1992 1.551 -5.387 0.917
11.07.1992 1.543 -5.386 0.917
12.07.1992 1.536 -5.384 0.915
13.07.1992 1.531 -5.382 0.914
14.07.1992 1.517 -5.38 0.913
15.07.1992 1.503 -5.379 0.913
16.07.1992 1.489 -5.377 0.912
17.07.1992 1.478 -5.376 0.911
18.07.1992 1.47 -5.373 0.91
19.07.1992 1.461 -5.372 0.909
20.07.1992 1.454 -5.37 0.908
21.07.1992 1.44 -5.369 0.908
22.07.1992 1.434 -5.367 0.907
23.07.1992 1.421 -5.366 0.906
24.07.1992 1.415 -5.365 0.905
25.07.1992 1.403 -5.363 0.904
26.07.1992 1.391 -5.361 0.904
27.07.1992 1.376 -5.359 0.903
28.07.1992 1.367 -5.357 0.902
29.07.1992 1.353 -5.356 0.901
30.07.1992 1.343 -5.355 0.9
31.07.1992 1.338 -5.354 0.899
01.08.1992 1.33 -5.352 0.898
02.08.1992 1.317 -5.351 0.897
03.08.1992 1.309 -5.349 0.896
04.08.1992 1.295 -5.347 0.895
05.08.1992 1.287 -5.346 0.895
06.08.1992 1.28 -5.345 0.894
07.08.1992 1.266 -5.343 0.892
08.08.1992 1.251 -5.34 0.892
09.08.1992 1.245 -5.338 0.891
10.08.1992 1.232 -5.337 0.89
11.08.1992 1.221 -5.335 0.89
12.08.1992 1.215 -5.333 0.889
13.08.1992 1.201 -5.331 0.887
14.08.1992 1.189 -5.329 0.886
15.08.1992 1.184 -5.328 0.885
16.08.1992 1.173 -5.326 0.884
17.08.1992 1.166 -5.323 0.883
18.08.1992 1.159 -5.322 0.882
19.08.1992 1.145 -5.321 0.881
20.08.1992 1.134 -5.319 0.88
21.08.1992 1.127 -5.317 0.879
22.08.1992 1.117 -5.315 0.878
23.08.1992 1.11 -5.313 0.877
24.08.1992 1.101 -5.311 0.876
25.08.1992 1.094 -5.309 0.875
26.08.1992 1.089 -5.308 0.874
27.08.1992 1.078 -5.306 0.873
28.08.1992 1.065 -5.305 0.872
29.08.1992 1.055 -5.304 0.871
30.08.1992 1.041 -5.303 0.87
31.08.1992 1.031 -5.301 0.869
01.09.1992 1.018 -5.299 0.868
02.09.1992 1.006 -5.297 0.867
03.09.1992 0.992 -5.295 0.866
04.09.1992 0.978 -5.293 0.865
05.09.1992 0.969 -5.291 0.864
06.09.1992 0.96 -5.29 0.863
07.09.1992 0.95 -5.289 0.862
08.09.1992 0.935 -5.287 0.861
09.09.1992 0.927 -5.286 0.859
10.09.1992 0.918 -5.285 0.859
11.09.1992 0.908 -5.283 0.858
12.09.1992 0.896 -5.281 0.857
13.09.1992 0.885 -5.28 0.856
14.09.1992 0.878 -5.278 0.855
15.09.1992 0.867 -5.277 0.854
16.09.1992 0.858 -5.275 0.853
17.09.1992 0.85 -5.274 0.852
18.09.1992 0.84 -5.273 0.85
19.09.1992 0.835 -5.272 0.85
20.09.1992 0.821 -5.271 0.848
21.09.1992 0.813 -5.269 0.847
22.09.1992 0.802 -5.267 0.847
23.09.1992 0.796 -5.265 0.846
24.09.1992 0.787 -5.264 0.845
25.09.1992 0.777 -5.263 0.844
26.09.1992 0.764 -5.262 0.843
27.09.1992 0.75 -5.26 0.842
28.09.1992 0.738 -5.258 0.842
29.09.1992 0.724 -5.255 0.841
30.09.1992 0.714 -5.254 0.839
01.10.1992 0.708 -5.252 0.838
02.10.1992 0.7 -5.251 0.837
03.10.1992 0.695 -5.249 0.837
04.10.1992 0.682 -5.246 0.836
05.10.1992 0.669 -5.245 0.835
06.10.1992 0.663 -5.244 0.834
07.10.1992 0.658 -5.242 0.833
08.10.1992 0.645 -5.24 0.832
09.10.1992 0.634 -5.238 0.831
10.10.1992 0.626 -5.237 0.83
11.10.1992 0.617 -5.236 0.829
12.10.1992 0.608 -5.233 0.828
13.10.1992 0.599 -5.232 0.827
14.10.1992 0.584 -5.231 0.827
15.10.1992 0.57 -5.23 0.826
16.10.1992 0.557 -5.228 0.826
17.10.1992 0.552 -5.226 0.824
18.10.1992 0.545 -5.225 0.823
19.10.1992 0.537 -5.224 0.822
20.10.1992 0.525 -5.222 0.82
21.10.1992 0.511 -5.22 0.819
22.10.1992 0.506 -5.217 0.818
23.10.1992 0.495 -5.216 0.816
24.10.1992 0.481 -5.214 0.815
25.10.1992 0.47 -5.212 0.814
26.10.1992 0.458 -5.211 0.814
27.10.1992 0.453 -5.21 0.813
28.10.1992 0.44 -5.21 0.812
29.10.1992 0.433 -5.208 0.811
30.10.1992 0.42 -5.206 0.81
31.10.1992 0.412 -5.205 0.809
01.11.1992 0.406 -5.204 0.808
02.11.1992 0.391 -5.203 0.807
03.11.1992 0.386 -5.201 0.807
04.11.1992 0.38 -5.199 0.806
05.11.1992 0.371 -5.197 0.805
06.11.1992 0.364 -5.194 0.804
07.11.1992 0.353 -5.192 0.803
08.11.1992 0.343 -5.191 0.802
09.11.1992 0.335 -5.189 0.801
10.11.1992 0.328 -5.188 0.8
11.11.1992 0.319 -5.186 0.799
12.11.1992 0.304 -5.185 0.798
13.11.1992 0.294 -5.183 0.797
14.11.1992 0.288 -5.182 0.796
15.11.1992 0.28 -5.18 0.795
16.11.1992 0.268 -5.178 0.794
17.11.1992 0.259 -5.176 0.793
18.11.1992 0.252 -5.175 0.792
19.11.1992 0.247 -5.173 0.792
20.11.1992 0.233 -5.171 0.79
21.11.1992 0.228 -5.169 0.789
22.11.1992 0.22 -5.167 0.788
23.11.1992 0.213 -5.165 0.787
24.11.1992 0.199 -5.164 0.786
25.11.1992 0.189 -5.163 0.786
26.11.1992 0.176 -5.162 0.785
27.11.1992 0.161 -5.16 0.784
28.11.1992 0.155 -5.16 0.783
29.11.1992 0.144 -5.157 0.782
30.11.1992 0.132 -5.156 0.781
01.12.1992 0.125 -5.155 0.779
02.12.1992 0.111 -5.153 0.779
03.12.1992 0.1 -5.151 0.777
04.12.1992 0.09 -5.15 0.776
05.12.1992 0.08 -5.149 0.775
06.12.1992 0.066 -5.149 0.774
07.12.1992 0.06 -5.148 0.772
08.12.1992 0.049 -5.146 0.771
09.12.1992 0.043 -5.145 0.77
10.12.1992 0.032 -5.144 0.769
11.12.1992 0.02 -5.143 0.768
12.12.1992 0.01 -5.142 0.767
