19.09.1996 5.244 -5.614 1.335
20.09.1996 5.239 -5.607 1.334
21.09.1996 5.23 -5.599 1.333
22.09.1996 5.224 -5.59 1.332
23.09.1996 5.215 -5.58 1.331
24.09.1996 5.203 -5.573 1.33
25.09.1996 5.191 -5.568 1.329
26.09.1996 5.178 -5.563 1.328
27.09.1996 5.173 -5.555 1.327
28.09.1996 5.166 -5.552 1.326
29.09.1996 5.153 -5.546 1.325
30.09.1996 5.139 -5.541 1.324
01.10.1996 5.124 -5.538 1.322
02.10.1996 5.116 -5.533 1.322
03.10.1996 5.107 -5.526 1.32
04.10.1996 5.098 -5.521 1.319
05.10.1996 5.085 -5.515 1.319
06.10.1996 5.071 -5.51 1.317
07.10.1996 5.062 -5.506 1.317
08.10.1996 5.049 -5.5 1.315
09.10.1996 5.037 -5.495 1.315
10.10.1996 5.025 -5.489 1.313
11.10.1996 5.011 -5.485 1.313
12.10.1996 4.997 -5.48 1.311
13.10.1996 4.986 -5.475 1.31
14.10.1996 4.976 -5.472 1.309
15.10.1996 4.969 -5.469 1.308
16.10.1996 4.957 -5.465 1.307
17.10.1996 4.949 -5.46 1.306
18.10.1996 4.936 -5.457 1.305
19.10.1996 4.923 -5.454 1.303
20.10.1996 4.911 -5.449 1.302
21.10.1996 4.905 -5.445 1.301
22.10.1996 4.892 -5.443 1.3
23.10.1996 4.883 -5.439 1.299
24.10.1996 4.874 -5.436 1.298
25.10.1996 4.861 -5.432 1.297
26.10.1996 4.855 -5.428 1.296
27.10.1996 4.85 -5.423 1.295
28.10.1996 4.835 -5.42 1.294
29.10.1996 4.83 -5.416 1.293
30.10.1996 4.824 -5.413 1.292
31.10.1996 4.811 -5.409 1.291
01.11.1996 4.799 -5.405 1.291
02.11.1996 4.794 -5.401 1.29
03.11.1996 4.785 -5.396 1.289
04.11.1996 4.77 -5.393 1.287
05.11.1996 4.757 -5.39 1.286
06.11.1996 4.746 -5.387 1.285
07.11.1996 4.738 -5.383 1.284
08.11.1996 4.725 -5.381 1.284
09.11.1996 4.715 -5.378 1.283
10.11.1996 4.705 -5.375 1.282
11.11.1996 4.692 -5.372 1.281
12.11.1996 4.687 -5.368 1.28
13.11.1996 4.672 -5.365 1.278
14.11.1996 4.665 -5.363 1.278
15.11.1996 4.658 -5.36 1.277
16.11.1996 4.644 -5.358 1.276
17.11.1996 4.635 -5.355 1.275
18.11.1996 4.628 -5.353 1.275
19.11.1996 4.616 -5.349 1.274
20.11.1996 4.607 -5.346 1.273
21.11.1996 4.597 -5.343 1.272
22.11.1996 4.591 -5.34 1.271
23.11.1996 4.584 -5.336 1.27
24.11.1996 4.575 -5.333 1.269
25.11.1996 4.564 -5.329 1.267
26.11.1996 4.558 -5.327 1.267
27.11.1996 4.546 -5.323 1.265
28.11.1996 4.535 -5.321 1.264
29.11.1996 4.523 -5.318 1.263
30.11.1996 4.512 -5.316 1.262
01.12.1996 4.503 -5.313 1.26
02.12.1996 4.496 -5.31 1.259
03.12.1996 4.486 -5.308 1.258
04.12.1996 4.477 -5.305 1.257
05.12.1996 4.467 -5.302 1.256
06.12.1996 4.454 -5.299 1.255
07.12.1996 4.44 -5.297 1.255
08.12.1996 4.426 -5.293 1.254
09.12.1996 4.418 -5.29 1.253
10.12.1996 4.405 -5.287 1.251
11.12.1996 4.392 -5.283 1.25
12.12.1996 4.382 -5.281 1.249
13.12.1996 4.377 -5.279 1.247
14.12.1996 4.364 -5.277 1.246
15.12.1996 4.357 -5.274 1.245
16.12.1996 4.344 -5.27 1.245
17.12.1996 4.338 -5.266 1.243
18.12.1996 4.327 -5.262 1.242
19.12.1996 4.317 -5.259 1.241
20.12.1996 4.307 -5.256 1.24
21.12.1996 4.293 -5.253 1.239
22.12.1996 4.282 -5.249 1.238
23.12.1996 4.27 -5.247 1.236
24.12.1996 4.259 -5.243 1.235
25.12.1996 4.251 -5.241 1.234
26.12.1996 4.243 -5.239 1.233
27.12.1996 4.236 -5.236 1.232
28.12.1996 4.223 -5.232 1.231
29.12.1996 4.214 -5.229 1.23
30.12.1996 4.202 -5.227 1.229
31.12.1996 4.193 -5.223 1.228
01.01.1997 4.181 -5.222 1.227
02.01.1997 4.172 -5.22 1.226
03.01.1997 4.166 -5.219 1.225
04.01.1997 4.152 -5.218 1.224
05.01.1997 4.146 -5.215 1.223
06.01.1997 4.136 -5.212 1.222
07.01.1997 4.127 -5.21 1.221
08.01.1997 4.112 -5.208 1.219
09.01.1997 4.103 -5.206 1.218
10.01.1997 4.093 -5.204 1.218
11.01.1997 4.079 -5.201 1.216
12.01.1997 4.069 -5.198 1.215
13.01.1997 4.055 -5.197 1.214
14.01.1997 4.042 -5.194 1.213
15.01.1997 4.036 -5.191 1.212
16.01.1997 4.022 -5.19 1.211
17.01.1997 4.014 -5.188 1.21
18.01.1997 4.006 -5.186 1.209
19.01.1997 3.998 -5.184 1.208
20.01.1997 3.991 -5.182 1.207
21.01.1997 3.976 -5.18 1.207
22.01.1997 3.966 -5.178 1.206
23.01.1997 3.952 -5.176 1.205
24.01.1997 3.941 -5.174 1.204
25.01.1997 3.929 -5.171 1.203
26.01.1997 3.921 -5.168 1.202
27.01.1997 3.909 -5.165 1.201
28.01.1997 3.902 -5.163 1.2
29.01.1997 3.894 -5.161 1.199
30.01.1997 3.879 -5.158 1.198
31.01.1997 3.871 -5.156 1.198
01.02.1997 3.861 -5.154 1.197
02.02.1997 3.854 -5.153 1.196
03.02.1997 3.843 -5.151 1.195
04.02.1997 3.832 -5.148 1.194
05.02.1997 3.825 -5.146 1.192
06.02.1997 3.815 -5.143 1.191
07.02.1997 3.804 -5.14 1.19
08.02.1997 3.795 -5.138 1.189
09.02.1997 3.786 -5.137 1.188
10.02.1997 3.778 -5.136 1.187
11.02.1997 3.763 -5.134 1.186
12.02.1997 3.75 -5.132 1.185
13.02.1997 3.741 -5.129 1.184
14.02.1997 3.732 -5.127 1.183
15.02.1997 3.718 -5.124 1.182
16.02.1997 3.71 -5.122 1.181
17.02.1997 3.697 -5.121 1.18
18.02.1997 3.685 -5.118 1.18
19.02.1997 3.675 -5.117 1.178
20.02.1997 3.669 -5.114 1.178
21.02.1997 3.663 -5.112 1.177
22.02.1997 3.656 -5.108 1.175
23.02.1997 3.644 -5.106 1.174
24.02.1997 3.632 -5.103 1.173
25.02.1997 3.619 -5.1 1.172
26.02.1997 3.606 -5.098 1.171
27.02.1997 3.594 -5.095 1.17
28.02.1997 3.581 -5.093 1.169
01.03.1997 3.57 -5.092 1.168
02.03.1997 3.561 -5.09 1.167
03.03.1997 3.552 -5.088 1.166
04.03.1997 3.54 -5.086 1.165
05.03.1997 3.527 -5.084 1.164
06.03.1997 3.513 -5.081 1.163
07.03.1997 3.501 -5.08 1.162
08.03.1997 3.486 -5.077 1.161
09.03.1997 3.48 -5.074 1.16
10.03.1997 3.474 -5.071 1.159
11.03.1997 3.46 -5.069 1.158
12.03.1997 3.45 -5.068 1.157
13.03.1997 3.441 -5.067 1.156
14.03.1997 3.428 -5.064 1.155
15.03.1997 3.422 -5.063 1.154
16.03.1997 3.409 -5.061 1.154
17.03.1997 3.403 -5.059 1.153
18.03.1997 3.397 -5.058 1.152
19.03.1997 3.39 -5.056 1.151
20.03.1997 3.384 -5.054 1.15
21.03.1997 3.374 -5.051 1.15
22.03.1997 3.369 -5.05 1.149
23.03.1997 3.355 -5.047 1.147
24.03.1997 3.345 -5.044 1.146
25.03.1997 3.33 -5.043 1.145
26.03.1997 3.32 -5.042 1.144
27.03.1997 3.306 -5.041 1.143
28.03.1997 3.299 -5.039 1.142
29.03.1997 3.286 -5.038 1.141
30.03.1997 3.278 -5.036 1.14
31.03.1997 3.264 -5.035 1.139
01.04.1997 3.258 -5.033 1.138
02.04.1997 3.245 -5.031 1.137
03.04.1997 3.232 -5.028 1.135
04.04.1997 3.226 -5.026 1.135
05.04.1997 3.214 -5.025 1.134
06.04.1997 3.206 -5.023 1.132
07.04.1997 3.196 -5.021 1.131
08.04.1997 3.181 -5.018 1.13
09.04.1997 3.175 -5.016 1.129
10.04.1997 3.162 -5.013 1.128
11.04.1997 3.153 -5.011 1.128
12.04.1997 3.146 -5.008 1.127
13.04.1997 3.138 -5.006 1.126
14.04.1997 3.128 -5.004 1.125
15.04.1997 3.119 -5.001 1.124
16.04.1997 3.114 -4.999 1.123
17.04.1997 3.101 -4.996 1.122
18.04.1997 3.094 -4.994 1.122
19.04.1997 3.088 -4.993 1.121
20.04.1997 3.082 -4.991 1.12
21.04.1997 3.07 -4.99 1.119
22.04.1997 3.061 -4.988 1.118
23.04.1997 3.055 -4.986 1.118
24.04.1997 3.045 -4.983 1.116
25.04.1997 3.037 -4.981 1.116
26.04.1997 3.028 -4.98 1.114
27.04.1997 3.02 -4.978 1.113
28.04.1997 3.005 -4.978 1.112
29.04.1997 3.0 -4.975 1.111
30.04.1997 2.988 -4.973 1.11
01.05.1997 2.981 -4.972 1.109
02.05.1997 2.969 -4.97 1.108
03.05.1997 2.956 -4.969 1.106
04.05.1997 2.945 -4.967 1.105
05.05.1997 2.937 -4.965 1.104
06.05.1997 2.928 -4.964 1.103
07.05.1997 2.916 -4.963 1.102
08.05.1997 2.901 -4.96 1.1
09.05.1997 2.893 -4.959 1.099
10.05.1997 2.883 -4.957 1.098
11.05.1997 2.871 -4.955 1.097
12.05.1997 2.859 -4.952 1.096
13.05.1997 2.849 -4.949 1.095
14.05.1997 2.844 -4.946 1.094
15.05.1997 2.834 -4.944 1.093
16.05.1997 2.821 -4.942 1.092
17.05.1997 2.811 -4.941 1.091
18.05.1997 2.798 -4.939 1.089
19.05.1997 2.785 -4.936 1.088
20.05.1997 2.775 -4.935 1.087
21.05.1997 2.762 -4.933 1.086
22.05.1997 2.752 -4.932 1.085
23.05.1997 2.747 -4.929 1.084
24.05.1997 2.736 -4.928 1.082
25.05.1997 2.73 -4.926 1.082
26.05.1997 2.724 -4.925 1.08
27.05.1997 2.715 -4.923 1.08
28.05.1997 2.705 -4.921 1.079
29.05.1997 2.699 -4.92 1.078
30.05.1997 2.686 -4.917 1.077
31.05.1997 2.68 -4.916 1.076
01.06.1997 2.669 -4.914 1.075
02.06.1997 2.662 -4.913 1.074
03.06.1997 2.656 -4.912 1.073
04.06.1997 2.65 -4.91 1.072
05.06.1997 2.643 -4.907 1.071
06.06.1997 2.633 -4.906 1.07
07.06.1997 2.622 -4.905 1.069
08.06.1997 2.608 -4.903 1.069
09.06.1997 2.599 -4.9 1.067
10.06.1997 2.586 -4.899 1.066
11.06.1997 2.58 -4.897 1.065
12.06.1997 2.566 -4.894 1.065
13.06.1997 2.555 -4.892 1.064
14.06.1997 2.547 -4.89 1.062
15.06.1997 2.541 -4.889 1.061
16.06.1997 2.535 -4.888 1.06
17.06.1997 2.527 -4.887 1.059
18.06.1997 2.513 -4.884 1.058
19.06.1997 2.505 -4.882 1.058
20.06.1997 2.492 -4.881 1.057
21.06.1997 2.484 -4.879 1.056
22.06.1997 2.474 -4.877 1.055
23.06.1997 2.466 -4.876 1.055
24.06.1997 2.457 -4.874 1.054
25.06.1997 2.445 -4.871 1.053
26.06.1997 2.432 -4.87 1.052
27.06.1997 2.426 -4.867 1.051
28.06.1997 2.417 -4.866 1.05
29.06.1997 2.408 -4.864 1.048
30.06.1997 2.398 -4.862 1.047
01.07.1997 2.383 -4.861 1.047
02.07.1997 2.377 -4.86 1.046
03.07.1997 2.364 -4.858 1.044
04.07.1997 2.355 -4.856 1.043
05.07.1997 2.344 -4.854 1.043
06.07.1997 2.334 -4.851 1.042
07.07.1997 2.321 -4.849 1.041
08.07.1997 2.307 -4.847 1.04
09.07.1997 2.3 -4.846 1.038
10.07.1997 2.291 -4.844 1.038
11.07.1997 2.285 -4.842 1.036
12.07.1997 2.275 -4.841 1.035
13.07.1997 2.264 -4.839 1.034
14.07.1997 2.258 -4.837 1.033
15.07.1997 2.246 -4.835 1.032
16.07.1997 2.234 -4.834 1.031
17.07.1997 2.227 -4.832 1.03
18.07.1997 2.214 -4.83 1.029
19.07.1997 2.204 -4.829 1.028
20.07.1997 2.194 -4.827 1.027
21.07.1997 2.181 -4.825 1.026
22.07.1997 2.175 -4.823 1.025
23.07.1997 2.167 -4.821 1.024
24.07.1997 2.153 -4.82 1.023
25.07.1997 2.141 -4.819 1.022
26.07.1997 2.129 -4.817 1.021
27.07.1997 2.123 -4.816 1.02
28.07.1997 2.11 -4.814 1.019
29.07.1997 2.104 -4.813 1.019
30.07.1997 2.093 -4.811 1.018
31.07.1997 2.083 -4.81 1.017
01.08.1997 2.068 -4.807 1.017
02.08.1997 2.061 -4.806 1.016
03.08.1997 2.053 -4.804 1.014
04.08.1997 2.047 -4.801 1.013
05.08.1997 2.032 -4.799 1.012
06.08.1997 2.027 -4.798 1.011
07.08.1997 2.019 -4.796 1.01
08.08.1997 2.01 -4.794 1.009
09.08.1997 1.998 -4.793 1.009
10.08.1997 1.989 -4.791 1.007
11.08.1997 1.978 -4.79 1.006
12.08.1997 1.969 -4.788 1.006
13.08.1997 1.956 -4.787 1.005
14.08.1997 1.946 -4.785 1.004
15.08.1997 1.932 -4.783 1.002
16.08.1997 1.923 -4.782 1.001
17.08.1997 1.916 -4.781 1.001
18.08.1997 1.905 -4.779 1.0
19.08.1997 1.898 -4.777 0.999
20.08.1997 1.887 -4.775 0.998
21.08.1997 1.879 -4.774 0.997
22.08.1997 1.866 -4.772 0.995
23.08.1997 1.853 -4.77 0.995
24.08.1997 1.839 -4.769 0.993
25.08.1997 1.833 -4.766 0.992
26.08.1997 1.823 -4.764 0.991
27.08.1997 1.812 -4.762 0.99
28.08.1997 1.805 -4.76 0.989
29.08.1997 1.798 -4.759 0.988
30.08.1997 1.787 -4.757 0.988
31.08.1997 1.778 -4.755 0.987
01.09.1997 1.764 -4.753 0.986
02.09.1997 1.756 -4.751 0.985
03.09.1997 1.748 -4.75 0.984
04.09.1997 1.733 -4.749 0.983
05.09.1997 1.72 -4.747 0.981
06.09.1997 1.707 -4.745 0.981
07.09.1997 1.7 -4.742 0.98
08.09.1997 1.689 -4.741 0.979
09.09.1997 1.682 -4.739 0.979
10.09.1997 1.675 -4.737 0.977
11.09.1997 1.669 -4.736 0.977
12.09.1997 1.655 -4.734 0.975
13.09.1997 1.649 -4.732 0.975
14.09.1997 1.642 -4.73 0.973
15.09.1997 1.636 -4.728 0.972
16.09.1997 1.629 -4.726 0.971
17.09.1997 1.621 -4.724 0.97
18.09.1997 1.612 -4.722 0.969
19.09.1997 1.606 -4.72 0.968
20.09.1997 1.592 -4.718 0.967
21.09.1997 1.583 -4.716 0.966
22.09.1997 1.572 -4.714 0.965
23.09.1997 1.559 -4.713 0.964
24.09.1997 1.546 -4.711 0.963
25.09.1997 1.539 -4.71 0.963
26.09.1997 1.533 -4.708 0.962
27.09.1997 1.519 -4.706 0.961
28.09.1997 1.513 -4.704 0.959
29.09.1997 1.507 -4.703 0.959
30.09.1997 1.494 -4.701 0.957
01.10.1997 1.483 -4.7 0.956
02.10.1997 1.475 -4.698 0.956
03.10.1997 1.469 -4.696 0.955
04.10.1997 1.455 -4.694 0.954
05.10.1997 1.446 -4.693 0.954
06.10.1997 1.439 -4.692 0.953
07.10.1997 1.434 -4.69 0.952
08.10.1997 1.423 -4.689 0.951
09.10.1997 1.412 -4.687 0.95
10.10.1997 1.399 -4.685 0.949
11.10.1997 1.387 -4.683 0.948
12.10.1997 1.373 -4.681 0.947
13.10.1997 1.367 -4.679 0.946
14.10.1997 1.354 -4.677 0.944
15.10.1997 1.343 -4.676 0.943
16.10.1997 1.335 -4.675 0.942
17.10.1997 1.329 -4.673 0.941
18.10.1997 1.322 -4.671 0.94
19.10.1997 1.311 -4.67 0.939
20.10.1997 1.3 -4.668 0.938
21.10.1997 1.289 -4.666 0.937
22.10.1997 1.28 -4.665 0.936
23.10.1997 1.27 -4.664 0.935
24.10.1997 1.257 -4.662 0.935
25.10.1997 1.245 -4.661 0.933
26.10.1997 1.233 -4.66 0.932
27.10.1997 1.218 -4.659 0.931
28.10.1997 1.213 -4.657 0.931
29.10.1997 1.203 -4.655 0.929
30.10.1997 1.191 -4.654 0.928
31.10.1997 1.184 -4.653 0.927
01.11.1997 1.172 -4.652 0.926
02.11.1997 1.163 -4.65 0.925
03.11.1997 1.155 -4.648 0.924
04.11.1997 1.148 -4.646 0.922
05.11.1997 1.137 -4.644 0.921
06.11.1997 1.124 -4.642 0.92
07.11.1997 1.116 -4.64 0.919
08.11.1997 1.104 -4.639 0.918
09.11.1997 1.097 -4.638 0.917
10.11.1997 1.09 -4.636 0.916
11.11.1997 1.079 -4.635 0.916
12.11.1997 1.066 -4.634 0.915
13.11.1997 1.051 -4.632 0.914
14.11.1997 1.043 -4.63 0.913
15.11.1997 1.037 -4.628 0.912
16.11.1997 1.028 -4.627 0.911
17.11.1997 1.018 -4.625 0.91
18.11.1997 1.006 -4.623 0.91
19.11.1997 0.993 -4.621 0.908
20.11.1997 0.986 -4.62 0.908
21.11.1997 0.971 -4.618 0.907
22.11.1997 0.964 -4.616 0.906
23.11.1997 0.954 -4.614 0.904
24.11.1997 0.949 -4.612 0.903
25.11.1997 0.937 -4.61 0.902
26.11.1997 0.923 -4.608 0.901
27.11.1997 0.913 -4.607 0.9
28.11.1997 0.9 -4.606 0.899
29.11.1997 0.892 -4.603 0.898
30.11.1997 0.881 -4.601 0.897
01.12.1997 0.873 -4.6 0.896
02.12.1997 0.86 -4.598 0.895
03.12.1997 0.849 -4.597 0.894
04.12.1997 0.836 -4.596 0.894
05.12.1997 0.822 -4.595 0.893
06.12.1997 0.813 -4.594 0.892
07.12.1997 0.801 -4.593 0.892
08.12.1997 0.787 -4.591 0.89
09.12.1997 0.781 -4.59 0.889
10.12.1997 0.767 -4.589 0.888
11.12.1997 0.757 -4.586 0.887
12.12.1997 0.747 -4.584 0.885
13.12.1997 0.733 -4.582 0.884
14.12.1997 0.719 -4.581 0.883
15.12.1997 0.706 -4.578 0.882
16.12.1997 0.7 -4.576 0.881
17.12.1997 0.693 -4.575 0.88
18.12.1997 0.68 -4.573 0.879
19.12.1997 0.673 -4.572 0.879
20.12.1997 0.659 -4.57 0.878
21.12.1997 0.65 -4.569 0.877
22.12.1997 0.635 -4.567 0.876
23.12.1997 0.621 -4.566 0.875
24.12.1997 0.615 -4.564 0.874
25.12.1997 0.602 -4.562 0.873
26.12.1997 0.595 -4.56 0.872
27.12.1997 0.587 -4.558 0.871
28.12.1997 0.578 -4.556 0.87
29.12.1997 0.573 -4.555 0.869
30.12.1997 0.568 -4.553 0.868
31.12.1997 0.555 -4.552 0.867
01.01.1998 0.541 -4.551 0.867
02.01.1998 0.53 -4.549 0.866
03.01.1998 0.523 -4.548 0.864
04.01.1998 0.517 -4.547 0.863
05.01.1998 0.511 -4.544 0.862
06.01.1998 0.5 -4.542 0.861
07.01.1998 0.493 -4.54 0.86
08.01.1998 0.48 -4.539 0.858
09.01.1998 0.466 -4.536 0.858
10.01.1998 0.459 -4.535 0.856
11.01.1998 0.452 -4.534 0.856
12.01.1998 0.443 -4.532 0.854
13.01.1998 0.433 -4.53 0.853
14.01.1998 0.42 -4.529 0.852
15.01.1998 0.412 -4.527 0.851
16.01.1998 0.407 -4.526 0.85
17.01.1998 0.393 -4.524 0.849
18.01.1998 0.384 -4.523 0.848
19.01.1998 0.371 -4.522 0.847
20.01.1998 0.357 -4.52 0.846
21.01.1998 0.35 -4.518 0.844
22.01.1998 0.341 -4.517 0.844
23.01.1998 0.331 -4.515 0.843
24.01.1998 0.317 -4.514 0.841
25.01.1998 0.307 -4.513 0.84
26.01.1998 0.299 -4.512 0.839
27.01.1998 0.293 -4.511 0.837
28.01.1998 0.281 -4.508 0.837
29.01.1998 0.272 -4.507 0.836
30.01.1998 0.258 -4.506 0.834
31.01.1998 0.25 -4.505 0.833
01.02.1998 0.241 -4.503 0.832
02.02.1998 0.231 -4.501 0.831
03.02.1998 0.225 -4.499 0.831
04.02.1998 0.219 -4.497 0.83
05.02.1998 0.207 -4.495 0.829
06.02.1998 0.198 -4.494 0.828
07.02.1998 0.188 -4.493 0.827
08.02.1998 0.176 -4.492 0.826
09.02.1998 0.166 -4.49 0.826
10.02.1998 0.161 -4.489 0.825
11.02.1998 0.148 -4.488 0.824
12.02.1998 0.134 -4.486 0.823
13.02.1998 0.123 -4.484 0.823
14.02.1998 0.111 -4.481 0.822
15.02.1998 0.098 -4.48 0.821
16.02.1998 0.09 -4.478 0.82
17.02.1998 0.08 -4.477 0.819
18.02.1998 0.069 -4.475 0.818
19.02.1998 0.054 -4.474 0.817
20.02.1998 0.04 -4.472 0.817
21.02.1998 0.025 -4.471 0.816
22.02.1998 0.017 -4.47 0.815
23.02.1998 0.002 -4.469 0.813
