12.08.1986 5.233 -5.237 1.36
13.08.1986 5.226 -5.226 1.359
14.08.1986 5.22 -5.218 1.358
15.08.1986 5.209 -5.208 1.357
16.08.1986 5.203 -5.203 1.356
17.08.1986 5.197 -5.195 1.355
18.08.1986 5.184 -5.191 1.353
19.08.1986 5.173 -5.186 1.352
20.08.1986 5.161 -5.178 1.351
21.08.1986 5.147 -5.171 1.35
22.08.1986 5.139 -5.164 1.348
23.08.1986 5.129 -5.158 1.348
24.08.1986 5.119 -5.154 1.347
25.08.1986 5.111 -5.148 1.346
26.08.1986 5.103 -5.143 1.345
27.08.1986 5.094 -5.14 1.343
28.08.1986 5.079 -5.137 1.342
29.08.1986 5.065 -5.132 1.341
30.08.1986 5.058 -5.13 1.339
31.08.1986 5.05 -5.127 1.338
01.09.1986 5.04 -5.122 1.338
02.09.1986 5.034 -5.118 1.336
03.09.1986 5.024 -5.115 1.336
04.09.1986 5.013 -5.11 1.335
05.09.1986 5.0 -5.106 1.334
06.09.1986 4.991 -5.104 1.333
07.09.1986 4.984 -5.101 1.332
08.09.1986 4.978 -5.095 1.331
09.09.1986 4.967 -5.09 1.33
10.09.1986 4.957 -5.086 1.329
11.09.1986 4.95 -5.082 1.329
12.09.1986 4.935 -5.077 1.328
13.09.1986 4.923 -5.075 1.327
14.09.1986 4.916 -5.071 1.326
15.09.1986 4.907 -5.068 1.325
16.09.1986 4.898 -5.064 1.324
17.09.1986 4.888 -5.061 1.322
18.09.1986 4.876 -5.057 1.322
19.09.1986 4.866 -5.056 1.321
20.09.1986 4.858 -5.053 1.32
21.09.1986 4.846 -5.051 1.319
22.09.1986 4.836 -5.047 1.318
23.09.1986 4.83 -5.043 1.317
24.09.1986 4.822 -5.041 1.316
25.09.1986 4.813 -5.036 1.315
26.09.1986 4.801 -5.032 1.314
27.09.1986 4.787 -5.029 1.313
28.09.1986 4.777 -5.026 1.312
29.09.1986 4.765 -5.023 1.311
30.09.1986 4.75 -5.02 1.31
01.10.1986 4.737 -5.016 1.308
02.10.1986 4.73 -5.012 1.308
03.10.1986 4.722 -5.01 1.307
04.10.1986 4.715 -5.007 1.306
05.10.1986 4.701 -5.002 1.305
06.10.1986 4.693 -4.999 1.304
07.10.1986 4.681 -4.995 1.302
08.10.1986 4.676 -4.991 1.301
09.10.1986 4.67 -4.99 1.3
10.10.1986 4.66 -4.988 1.3
11.10.1986 4.652 -4.984 1.299
12.10.1986 4.643 -4.982 1.298
13.10.1986 4.635 -4.979 1.297
14.10.1986 4.627 -4.977 1.296
15.10.1986 4.616 -4.975 1.295
16.10.1986 4.609 -4.971 1.294
17.10.1986 4.601 -4.968 1.292
18.10.1986 4.587 -4.965 1.291
19.10.1986 4.572 -4.963 1.29
20.10.1986 4.56 -4.96 1.289
21.10.1986 4.554 -4.956 1.288
22.10.1986 4.546 -4.952 1.287
23.10.1986 4.534 -4.95 1.286
24.10.1986 4.521 -4.947 1.285
25.10.1986 4.509 -4.944 1.284
26.10.1986 4.502 -4.941 1.283
27.10.1986 4.488 -4.94 1.282
28.10.1986 4.477 -4.938 1.281
29.10.1986 4.466 -4.936 1.28
30.10.1986 4.454 -4.932 1.279
31.10.1986 4.445 -4.928 1.278
01.11.1986 4.439 -4.925 1.277
02.11.1986 4.425 -4.922 1.276
03.11.1986 4.411 -4.919 1.275
04.11.1986 4.398 -4.917 1.274
05.11.1986 4.385 -4.915 1.273
06.11.1986 4.375 -4.914 1.272
07.11.1986 4.363 -4.911 1.271
08.11.1986 4.355 -4.908 1.27
09.11.1986 4.346 -4.905 1.27
10.11.1986 4.337 -4.904 1.269
11.11.1986 4.326 -4.9 1.268
12.11.1986 4.311 -4.898 1.267
13.11.1986 4.303 -4.896 1.266
14.11.1986 4.293 -4.893 1.265
15.11.1986 4.283 -4.891 1.264
16.11.1986 4.27 -4.888 1.263
17.11.1986 4.258 -4.885 1.262
18.11.1986 4.246 -4.883 1.26
19.11.1986 4.241 -4.882 1.26
20.11.1986 4.229 -4.879 1.258
21.11.1986 4.221 -4.875 1.258
22.11.1986 4.207 -4.872 1.257
23.11.1986 4.199 -4.869 1.256
24.11.1986 4.189 -4.868 1.256
25.11.1986 4.174 -4.865 1.255
26.11.1986 4.168 -4.863 1.254
27.11.1986 4.153 -4.861 1.253
28.11.1986 4.146 -4.858 1.252
29.11.1986 4.139 -4.855 1.251
30.11.1986 4.131 -4.852 1.25
01.12.1986 4.116 -4.848 1.249
02.12.1986 4.109 -4.846 1.248
03.12.1986 4.097 -4.845 1.247
04.12.1986 4.088 -4.843 1.245
05.12.1986 4.081 -4.84 1.245
06.12.1986 4.074 -4.837 1.243
07.12.1986 4.059 -4.836 1.243
08.12.1986 4.049 -4.832 1.241
09.12.1986 4.042 -4.831 1.241
10.12.1986 4.028 -4.828 1.239
11.12.1986 4.016 -4.824 1.239
12.12.1986 4.011 -4.821 1.237
13.12.1986 4.003 -4.819 1.236
14.12.1986 3.996 -4.816 1.235
15.12.1986 3.987 -4.814 1.234
16.12.1986 3.981 -4.811 1.233
17.12.1986 3.968 -4.808 1.233
18.12.1986 3.954 -4.806 1.231
19.12.1986 3.946 -4.805 1.23
20.12.1986 3.931 -4.802 1.229
21.12.1986 3.921 -4.8 1.229
22.12.1986 3.912 -4.797 1.227
23.12.1986 3.906 -4.796 1.227
24.12.1986 3.894 -4.792 1.225
25.12.1986 3.883 -4.79 1.224
26.12.1986 3.868 -4.787 1.223
27.12.1986 3.862 -4.785 1.222
28.12.1986 3.849 -4.782 1.221
29.12.1986 3.842 -4.779 1.22
30.12.1986 3.829 -4.776 1.219
31.12.1986 3.819 -4.774 1.219
01.01.1987 3.814 -4.771 1.218
02.01.1987 3.805 -4.77 1.217
03.01.1987 3.79 -4.767 1.217
04.01.1987 3.781 -4.764 1.215
05.01.1987 3.767 -4.761 1.214
06.01.1987 3.757 -4.759 1.213
07.01.1987 3.75 -4.758 1.212
08.01.1987 3.74 -4.755 1.211
09.01.1987 3.733 -4.752 1.21
10.01.1987 3.727 -4.75 1.209
11.01.1987 3.718 -4.747 1.208
12.01.1987 3.705 -4.745 1.207
13.01.1987 3.695 -4.744 1.206
14.01.1987 3.686 -4.742 1.205
15.01.1987 3.678 -4.739 1.204
16.01.1987 3.669 -4.737 1.202
17.01.1987 3.655 -4.734 1.201
18.01.1987 3.647 -4.732 1.2
19.01.1987 3.634 -4.729 1.199
20.01.1987 3.629 -4.727 1.198
21.01.1987 3.617 -4.725 1.197
22.01.1987 3.609 -4.723 1.196
23.01.1987 3.595 -4.722 1.196
24.01.1987 3.589 -4.719 1.195
25.01.1987 3.581 -4.716 1.194
26.01.1987 3.571 -4.713 1.193
27.01.1987 3.558 -4.711 1.192
28.01.1987 3.543 -4.709 1.192
29.01.1987 3.531 -4.706 1.19
30.01.1987 3.52 -4.704 1.189
31.01.1987 3.511 -4.701 1.188
01.02.1987 3.505 -4.698 1.186
02.02.1987 3.492 -4.697 1.185
03.02.1987 3.486 -4.694 1.185
04.02.1987 3.477 -4.691 1.184
05.02.1987 3.467 -4.689 1.183
06.02.1987 3.462 -4.687 1.182
07.02.1987 3.448 -4.685 1.181
08.02.1987 3.436 -4.683 1.18
09.02.1987 3.426 -4.68 1.179
10.02.1987 3.414 -4.678 1.178
11.02.1987 3.401 -4.675 1.176
12.02.1987 3.395 -4.673 1.175
13.02.1987 3.384 -4.671 1.175
14.02.1987 3.372 -4.669 1.174
15.02.1987 3.358 -4.666 1.173
16.02.1987 3.343 -4.664 1.172
17.02.1987 3.338 -4.662 1.171
18.02.1987 3.328 -4.661 1.171
19.02.1987 3.32 -4.659 1.17
20.02.1987 3.308 -4.657 1.169
21.02.1987 3.298 -4.655 1.168
22.02.1987 3.291 -4.652 1.167
23.02.1987 3.281 -4.65 1.166
24.02.1987 3.275 -4.648 1.165
25.02.1987 3.265 -4.647 1.163
26.02.1987 3.257 -4.645 1.162
27.02.1987 3.247 -4.644 1.162
28.02.1987 3.232 -4.641 1.161
01.03.1987 3.227 -4.638 1.16
02.03.1987 3.219 -4.636 1.159
03.03.1987 3.205 -4.634 1.158
04.03.1987 3.192 -4.633 1.157
05.03.1987 3.177 -4.63 1.156
06.03.1987 3.164 -4.629 1.155
07.03.1987 3.158 -4.627 1.154
08.03.1987 3.144 -4.625 1.153
09.03.1987 3.137 -4.624 1.152
10.03.1987 3.129 -4.622 1.151
11.03.1987 3.117 -4.621 1.15
12.03.1987 3.111 -4.618 1.148
13.03.1987 3.105 -4.617 1.147
14.03.1987 3.096 -4.615 1.147
15.03.1987 3.081 -4.614 1.146
16.03.1987 3.072 -4.613 1.145
17.03.1987 3.058 -4.611 1.145
18.03.1987 3.051 -4.609 1.144
19.03.1987 3.039 -4.607 1.143
20.03.1987 3.029 -4.606 1.142
21.03.1987 3.019 -4.605 1.141
22.03.1987 3.006 -4.603 1.14
23.03.1987 2.998 -4.6 1.139
24.03.1987 2.984 -4.597 1.138
25.03.1987 2.969 -4.595 1.137
26.03.1987 2.957 -4.593 1.136
27.03.1987 2.943 -4.592 1.135
28.03.1987 2.936 -4.589 1.134
29.03.1987 2.925 -4.587 1.132
30.03.1987 2.912 -4.585 1.131
31.03.1987 2.904 -4.582 1.13
01.04.1987 2.893 -4.581 1.129
02.04.1987 2.885 -4.579 1.128
03.04.1987 2.875 -4.577 1.127
04.04.1987 2.861 -4.575 1.126
05.04.1987 2.856 -4.574 1.125
06.04.1987 2.842 -4.572 1.124
07.04.1987 2.835 -4.571 1.123
08.04.1987 2.825 -4.57 1.121
09.04.1987 2.81 -4.568 1.12
10.04.1987 2.803 -4.567 1.12
11.04.1987 2.791 -4.566 1.119
12.04.1987 2.783 -4.564 1.118
13.04.1987 2.776 -4.563 1.117
14.04.1987 2.763 -4.561 1.116
15.04.1987 2.757 -4.558 1.115
16.04.1987 2.748 -4.557 1.114
17.04.1987 2.734 -4.554 1.113
18.04.1987 2.725 -4.553 1.112
19.04.1987 2.715 -4.552 1.111
20.04.1987 2.701 -4.551 1.11
21.04.1987 2.693 -4.549 1.11
22.04.1987 2.68 -4.548 1.109
23.04.1987 2.667 -4.547 1.108
24.04.1987 2.653 -4.544 1.107
25.04.1987 2.64 -4.542 1.106
26.04.1987 2.632 -4.54 1.105
27.04.1987 2.622 -4.538 1.104
28.04.1987 2.611 -4.536 1.103
29.04.1987 2.6 -4.534 1.102
30.04.1987 2.588 -4.533 1.1
01.05.1987 2.58 -4.531 1.099
02.05.1987 2.57 -4.53 1.098
03.05.1987 2.556 -4.527 1.097
04.05.1987 2.542 -4.524 1.096
05.05.1987 2.535 -4.523 1.095
06.05.1987 2.523 -4.522 1.094
07.05.1987 2.516 -4.52 1.093
08.05.1987 2.502 -4.519 1.093
09.05.1987 2.496 -4.517 1.091
10.05.1987 2.482 -4.516 1.09
11.05.1987 2.469 -4.515 1.09
12.05.1987 2.46 -4.514 1.089
13.05.1987 2.446 -4.511 1.088
14.05.1987 2.437 -4.51 1.087
15.05.1987 2.427 -4.508 1.086
16.05.1987 2.418 -4.505 1.085
17.05.1987 2.41 -4.504 1.084
18.05.1987 2.403 -4.502 1.083
19.05.1987 2.392 -4.5 1.082
20.05.1987 2.385 -4.498 1.08
21.05.1987 2.371 -4.495 1.079
22.05.1987 2.365 -4.494 1.078
23.05.1987 2.35 -4.493 1.077
24.05.1987 2.339 -4.491 1.076
25.05.1987 2.332 -4.489 1.074
26.05.1987 2.326 -4.487 1.073
27.05.1987 2.317 -4.486 1.072
28.05.1987 2.303 -4.485 1.071
29.05.1987 2.293 -4.483 1.07
30.05.1987 2.283 -4.48 1.069
31.05.1987 2.272 -4.479 1.067
01.06.1987 2.265 -4.477 1.067
02.06.1987 2.258 -4.475 1.066
03.06.1987 2.248 -4.473 1.065
04.06.1987 2.243 -4.47 1.064
05.06.1987 2.229 -4.469 1.063
06.06.1987 2.219 -4.466 1.062
07.06.1987 2.207 -4.465 1.061
08.06.1987 2.194 -4.463 1.06
09.06.1987 2.184 -4.461 1.058
10.06.1987 2.171 -4.459 1.057
11.06.1987 2.166 -4.457 1.056
12.06.1987 2.158 -4.455 1.055
13.06.1987 2.144 -4.453 1.054
14.06.1987 2.138 -4.452 1.053
15.06.1987 2.128 -4.45 1.052
16.06.1987 2.121 -4.449 1.051
17.06.1987 2.107 -4.446 1.05
18.06.1987 2.1 -4.445 1.05
19.06.1987 2.086 -4.444 1.049
20.06.1987 2.079 -4.443 1.049
21.06.1987 2.068 -4.441 1.047
22.06.1987 2.054 -4.438 1.046
23.06.1987 2.047 -4.437 1.045
24.06.1987 2.037 -4.435 1.044
25.06.1987 2.032 -4.433 1.042
26.06.1987 2.024 -4.432 1.041
27.06.1987 2.018 -4.43 1.04
28.06.1987 2.005 -4.429 1.039
29.06.1987 1.994 -4.427 1.039
30.06.1987 1.979 -4.425 1.038
01.07.1987 1.973 -4.424 1.037
02.07.1987 1.958 -4.423 1.036
03.07.1987 1.948 -4.421 1.036
04.07.1987 1.934 -4.419 1.035
05.07.1987 1.926 -4.417 1.034
06.07.1987 1.914 -4.416 1.032
07.07.1987 1.909 -4.415 1.031
08.07.1987 1.899 -4.414 1.031
09.07.1987 1.885 -4.412 1.03
10.07.1987 1.876 -4.411 1.029
11.07.1987 1.867 -4.408 1.028
12.07.1987 1.862 -4.407 1.027
13.07.1987 1.848 -4.406 1.026
14.07.1987 1.84 -4.404 1.025
15.07.1987 1.827 -4.403 1.024
16.07.1987 1.813 -4.401 1.024
17.07.1987 1.798 -4.4 1.022
18.07.1987 1.787 -4.398 1.022
19.07.1987 1.778 -4.397 1.021
20.07.1987 1.766 -4.396 1.019
21.07.1987 1.752 -4.393 1.018
22.07.1987 1.738 -4.391 1.017
23.07.1987 1.73 -4.389 1.016
24.07.1987 1.72 -4.387 1.015
25.07.1987 1.705 -4.384 1.014
26.07.1987 1.694 -4.382 1.013
27.07.1987 1.68 -4.38 1.012
28.07.1987 1.669 -4.378 1.011
29.07.1987 1.663 -4.376 1.01
30.07.1987 1.653 -4.375 1.009
31.07.1987 1.638 -4.374 1.008
01.08.1987 1.629 -4.373 1.007
02.08.1987 1.619 -4.371 1.006
03.08.1987 1.61 -4.37 1.005
04.08.1987 1.604 -4.369 1.004
05.08.1987 1.595 -4.368 1.003
06.08.1987 1.588 -4.366 1.002
07.08.1987 1.583 -4.364 1.001
08.08.1987 1.568 -4.362 1.001
09.08.1987 1.557 -4.36 1.0
10.08.1987 1.552 -4.358 0.999
11.08.1987 1.544 -4.356 0.999
12.08.1987 1.537 -4.354 0.997
13.08.1987 1.531 -4.353 0.996
14.08.1987 1.518 -4.351 0.995
15.08.1987 1.504 -4.35 0.994
16.08.1987 1.491 -4.348 0.993
17.08.1987 1.481 -4.347 0.993
18.08.1987 1.469 -4.345 0.991
19.08.1987 1.456 -4.343 0.991
20.08.1987 1.45 -4.341 0.99
21.08.1987 1.436 -4.34 0.989
22.08.1987 1.425 -4.338 0.988
23.08.1987 1.414 -4.337 0.988
24.08.1987 1.407 -4.336 0.986
25.08.1987 1.397 -4.334 0.985
26.08.1987 1.387 -4.333 0.984
27.08.1987 1.38 -4.331 0.983
28.08.1987 1.369 -4.33 0.982
29.08.1987 1.358 -4.329 0.981
30.08.1987 1.351 -4.327 0.98
31.08.1987 1.338 -4.325 0.979
01.09.1987 1.323 -4.323 0.977
02.09.1987 1.318 -4.322 0.976
03.09.1987 1.304 -4.32 0.976
04.09.1987 1.292 -4.318 0.975
05.09.1987 1.284 -4.317 0.974
06.09.1987 1.273 -4.316 0.972
07.09.1987 1.263 -4.315 0.972
08.09.1987 1.255 -4.314 0.971
09.09.1987 1.246 -4.311 0.97
10.09.1987 1.234 -4.309 0.969
11.09.1987 1.221 -4.308 0.968
12.09.1987 1.209 -4.306 0.967
13.09.1987 1.198 -4.305 0.966
14.09.1987 1.183 -4.302 0.965
15.09.1987 1.169 -4.301 0.963
16.09.1987 1.158 -4.299 0.962
17.09.1987 1.146 -4.298 0.961
18.09.1987 1.133 -4.296 0.96
19.09.1987 1.126 -4.294 0.959
20.09.1987 1.113 -4.292 0.958
21.09.1987 1.104 -4.291 0.957
22.09.1987 1.097 -4.29 0.956
23.09.1987 1.083 -4.287 0.955
24.09.1987 1.068 -4.286 0.954
25.09.1987 1.062 -4.283 0.953
26.09.1987 1.052 -4.282 0.952
27.09.1987 1.038 -4.281 0.951
28.09.1987 1.027 -4.279 0.95
29.09.1987 1.015 -4.277 0.949
30.09.1987 1.009 -4.276 0.949
01.10.1987 0.996 -4.274 0.948
02.10.1987 0.986 -4.273 0.946
03.10.1987 0.976 -4.271 0.945
04.10.1987 0.969 -4.27 0.944
05.10.1987 0.963 -4.268 0.943
06.10.1987 0.952 -4.266 0.941
07.10.1987 0.938 -4.263 0.94
08.10.1987 0.93 -4.262 0.939
09.10.1987 0.917 -4.261 0.938
10.10.1987 0.907 -4.258 0.937
11.10.1987 0.898 -4.256 0.936
12.10.1987 0.885 -4.255 0.935
13.10.1987 0.876 -4.253 0.934
14.10.1987 0.865 -4.251 0.934
15.10.1987 0.85 -4.25 0.933
16.10.1987 0.836 -4.248 0.932
17.10.1987 0.824 -4.246 0.931
18.10.1987 0.816 -4.244 0.929
19.10.1987 0.805 -4.243 0.928
20.10.1987 0.79 -4.241 0.927
21.10.1987 0.778 -4.239 0.926
22.10.1987 0.768 -4.237 0.925
23.10.1987 0.761 -4.235 0.923
24.10.1987 0.753 -4.232 0.923
25.10.1987 0.741 -4.23 0.922
26.10.1987 0.733 -4.229 0.92
27.10.1987 0.728 -4.228 0.92
28.10.1987 0.721 -4.226 0.919
29.10.1987 0.709 -4.224 0.917
30.10.1987 0.7 -4.223 0.916
31.10.1987 0.687 -4.222 0.915
01.11.1987 0.677 -4.22 0.915
02.11.1987 0.671 -4.218 0.913
03.11.1987 0.665 -4.216 0.912
04.11.1987 0.658 -4.214 0.911
05.11.1987 0.644 -4.212 0.91
06.11.1987 0.633 -4.21 0.909
07.11.1987 0.627 -4.209 0.908
08.11.1987 0.614 -4.207 0.907
09.11.1987 0.601 -4.205 0.905
10.11.1987 0.593 -4.204 0.904
11.11.1987 0.58 -4.203 0.903
12.11.1987 0.57 -4.202 0.902
13.11.1987 0.558 -4.201 0.9
14.11.1987 0.553 -4.199 0.899
15.11.1987 0.543 -4.197 0.898
16.11.1987 0.531 -4.196 0.897
17.11.1987 0.522 -4.194 0.897
18.11.1987 0.51 -4.192 0.895
19.11.1987 0.503 -4.191 0.895
20.11.1987 0.49 -4.19 0.894
21.11.1987 0.485 -4.189 0.893
22.11.1987 0.474 -4.188 0.892
23.11.1987 0.468 -4.186 0.891
24.11.1987 0.456 -4.184 0.89
25.11.1987 0.446 -4.183 0.889
26.11.1987 0.439 -4.181 0.888
27.11.1987 0.427 -4.179 0.887
28.11.1987 0.42 -4.178 0.886
29.11.1987 0.406 -4.177 0.885
30.11.1987 0.395 -4.175 0.884
01.12.1987 0.39 -4.174 0.884
02.12.1987 0.385 -4.173 0.883
03.12.1987 0.371 -4.171 0.882
04.12.1987 0.365 -4.17 0.881
05.12.1987 0.355 -4.169 0.88
06.12.1987 0.344 -4.167 0.879
07.12.1987 0.336 -4.166 0.878
08.12.1987 0.327 -4.164 0.877
09.12.1987 0.316 -4.162 0.876
10.12.1987 0.309 -4.16 0.875
11.12.1987 0.304 -4.158 0.874
12.12.1987 0.297 -4.156 0.873
13.12.1987 0.283 -4.155 0.872
14.12.1987 0.272 -4.153 0.871
15.12.1987 0.261 -4.151 0.87
16.12.1987 0.253 -4.15 0.869
17.12.1987 0.241 -4.148 0.868
18.12.1987 0.228 -4.147 0.867
19.12.1987 0.219 -4.146 0.866
20.12.1987 0.211 -4.143 0.865
21.12.1987 0.198 -4.141 0.864
22.12.1987 0.188 -4.14 0.863
23.12.1987 0.176 -4.138 0.861
24.12.1987 0.165 -4.137 0.861
25.12.1987 0.158 -4.136 0.86
26.12.1987 0.144 -4.135 0.859
27.12.1987 0.138 -4.133 0.858
28.12.1987 0.123 -4.132 0.857
29.12.1987 0.116 -4.13 0.857
30.12.1987 0.104 -4.128 0.856
31.12.1987 0.094 -4.127 0.855
01.01.1988 0.088 -4.126 0.854
02.01.1988 0.076 -4.124 0.853
03.01.1988 0.069 -4.123 0.852
04.01.1988 0.057 -4.122 0.851
05.01.1988 0.045 -4.12 0.849
06.01.1988 0.033 -4.119 0.849
07.01.1988 0.024 -4.118 0.848
08.01.1988 0.011 -4.116 0.847
09.01.1988 0.001 -4.115 0.846
