23.01.1993 6.144 -5.121 1.315
24.01.1993 6.134 -5.111 1.314
25.01.1993 6.124 -5.103 1.313
26.01.1993 6.117 -5.093 1.313
27.01.1993 6.111 -5.083 1.312
28.01.1993 6.105 -5.075 1.311
29.01.1993 6.092 -5.07 1.31
30.01.1993 6.087 -5.066 1.309
31.01.1993 6.078 -5.058 1.309
01.02.1993 6.067 -5.052 1.308
02.02.1993 6.055 -5.045 1.306
03.02.1993 6.046 -5.04 1.305
04.02.1993 6.033 -5.035 1.304
05.02.1993 6.02 -5.03 1.303
06.02.1993 6.008 -5.026 1.303
07.02.1993 5.998 -5.022 1.301
08.02.1993 5.989 -5.019 1.3
09.02.1993 5.977 -5.015 1.299
10.02.1993 5.966 -5.01 1.299
11.02.1993 5.961 -5.005 1.298
12.02.1993 5.947 -5.002 1.296
13.02.1993 5.94 -4.997 1.296
14.02.1993 5.927 -4.992 1.295
15.02.1993 5.92 -4.988 1.294
16.02.1993 5.911 -4.984 1.292
17.02.1993 5.901 -4.981 1.291
18.02.1993 5.891 -4.976 1.29
19.02.1993 5.877 -4.97 1.289
20.02.1993 5.865 -4.968 1.289
21.02.1993 5.852 -4.964 1.287
22.02.1993 5.839 -4.961 1.286
23.02.1993 5.831 -4.959 1.285
24.02.1993 5.822 -4.955 1.284
25.02.1993 5.81 -4.95 1.283
26.02.1993 5.799 -4.948 1.282
27.02.1993 5.786 -4.946 1.28
28.02.1993 5.775 -4.941 1.279
01.03.1993 5.761 -4.937 1.278
02.03.1993 5.751 -4.932 1.277
03.03.1993 5.745 -4.928 1.276
04.03.1993 5.731 -4.926 1.275
05.03.1993 5.721 -4.923 1.274
06.03.1993 5.707 -4.92 1.274
07.03.1993 5.701 -4.917 1.273
08.03.1993 5.688 -4.912 1.272
09.03.1993 5.679 -4.909 1.271
10.03.1993 5.669 -4.907 1.27
11.03.1993 5.654 -4.903 1.269
12.03.1993 5.642 -4.901 1.268
13.03.1993 5.635 -4.9 1.267
14.03.1993 5.624 -4.896 1.266
15.03.1993 5.613 -4.895 1.265
16.03.1993 5.604 -4.891 1.264
17.03.1993 5.597 -4.889 1.263
18.03.1993 5.582 -4.885 1.262
19.03.1993 5.576 -4.883 1.262
20.03.1993 5.561 -4.88 1.26
21.03.1993 5.551 -4.877 1.26
22.03.1993 5.545 -4.875 1.258
23.03.1993 5.536 -4.872 1.257
24.03.1993 5.529 -4.869 1.257
25.03.1993 5.517 -4.868 1.255
26.03.1993 5.51 -4.864 1.254
27.03.1993 5.495 -4.86 1.252
28.03.1993 5.483 -4.857 1.252
29.03.1993 5.469 -4.853 1.25
30.03.1993 5.456 -4.849 1.249
31.03.1993 5.446 -4.846 1.249
01.04.1993 5.437 -4.842 1.248
02.04.1993 5.425 -4.84 1.246
03.04.1993 5.417 -4.837 1.245
04.04.1993 5.409 -4.835 1.244
05.04.1993 5.399 -4.833 1.244
06.04.1993 5.386 -4.83 1.242
07.04.1993 5.376 -4.827 1.241
08.04.1993 5.362 -4.826 1.24
09.04.1993 5.35 -4.823 1.239
10.04.1993 5.344 -4.82 1.238
11.04.1993 5.335 -4.816 1.237
12.04.1993 5.321 -4.813 1.236
13.04.1993 5.31 -4.809 1.236
14.04.1993 5.304 -4.806 1.234
15.04.1993 5.293 -4.804 1.233
16.04.1993 5.285 -4.8 1.232
17.04.1993 5.271 -4.799 1.231
18.04.1993 5.257 -4.795 1.23
19.04.1993 5.251 -4.793 1.229
20.04.1993 5.241 -4.79 1.228
21.04.1993 5.231 -4.786 1.227
22.04.1993 5.225 -4.783 1.226
23.04.1993 5.211 -4.78 1.225
24.04.1993 5.203 -4.776 1.224
25.04.1993 5.193 -4.774 1.224
26.04.1993 5.179 -4.772 1.222
27.04.1993 5.168 -4.77 1.222
28.04.1993 5.155 -4.767 1.221
29.04.1993 5.146 -4.764 1.22
30.04.1993 5.134 -4.762 1.218
01.05.1993 5.126 -4.76 1.218
02.05.1993 5.113 -4.757 1.217
03.05.1993 5.107 -4.754 1.215
04.05.1993 5.101 -4.751 1.214
05.05.1993 5.091 -4.747 1.213
06.05.1993 5.083 -4.744 1.212
07.05.1993 5.076 -4.741 1.211
08.05.1993 5.064 -4.738 1.21
09.05.1993 5.053 -4.737 1.209
10.05.1993 5.045 -4.735 1.207
11.05.1993 5.038 -4.733 1.207
12.05.1993 5.029 -4.732 1.205
13.05.1993 5.017 -4.73 1.205
14.05.1993 5.009 -4.728 1.204
15.05.1993 4.998 -4.725 1.203
16.05.1993 4.986 -4.723 1.203
17.05.1993 4.979 -4.721 1.202
18.05.1993 4.971 -4.719 1.201
19.05.1993 4.966 -4.717 1.2
20.05.1993 4.958 -4.714 1.199
21.05.1993 4.949 -4.712 1.198
22.05.1993 4.934 -4.711 1.197
23.05.1993 4.921 -4.707 1.197
24.05.1993 4.912 -4.704 1.196
25.05.1993 4.902 -4.702 1.194
26.05.1993 4.891 -4.699 1.193
27.05.1993 4.884 -4.696 1.192
28.05.1993 4.869 -4.694 1.19
29.05.1993 4.86 -4.691 1.19
30.05.1993 4.849 -4.689 1.188
31.05.1993 4.841 -4.688 1.187
01.06.1993 4.827 -4.685 1.186
02.06.1993 4.817 -4.682 1.186
03.06.1993 4.803 -4.678 1.185
04.06.1993 4.79 -4.675 1.184
05.06.1993 4.778 -4.673 1.183
06.06.1993 4.767 -4.671 1.182
07.06.1993 4.757 -4.669 1.181
08.06.1993 4.745 -4.667 1.18
09.06.1993 4.731 -4.664 1.179
10.06.1993 4.719 -4.663 1.178
11.06.1993 4.71 -4.661 1.177
12.06.1993 4.699 -4.659 1.175
13.06.1993 4.69 -4.657 1.174
14.06.1993 4.684 -4.654 1.173
15.06.1993 4.678 -4.652 1.172
16.06.1993 4.664 -4.65 1.171
17.06.1993 4.651 -4.647 1.17
18.06.1993 4.645 -4.644 1.169
19.06.1993 4.634 -4.641 1.168
20.06.1993 4.626 -4.64 1.167
21.06.1993 4.618 -4.639 1.165
22.06.1993 4.611 -4.637 1.164
23.06.1993 4.597 -4.634 1.163
24.06.1993 4.592 -4.632 1.163
25.06.1993 4.584 -4.629 1.162
26.06.1993 4.576 -4.627 1.161
27.06.1993 4.567 -4.624 1.16
28.06.1993 4.552 -4.621 1.159
29.06.1993 4.538 -4.618 1.157
30.06.1993 4.527 -4.617 1.157
01.07.1993 4.521 -4.614 1.156
02.07.1993 4.515 -4.612 1.155
03.07.1993 4.502 -4.609 1.154
04.07.1993 4.488 -4.608 1.154
05.07.1993 4.479 -4.606 1.152
06.07.1993 4.466 -4.603 1.151
07.07.1993 4.459 -4.6 1.15
08.07.1993 4.452 -4.599 1.149
09.07.1993 4.443 -4.596 1.149
10.07.1993 4.436 -4.594 1.148
11.07.1993 4.429 -4.591 1.147
12.07.1993 4.414 -4.59 1.145
13.07.1993 4.408 -4.588 1.145
14.07.1993 4.396 -4.586 1.144
15.07.1993 4.388 -4.583 1.142
16.07.1993 4.373 -4.581 1.141
17.07.1993 4.359 -4.579 1.14
18.07.1993 4.346 -4.577 1.139
19.07.1993 4.339 -4.574 1.138
20.07.1993 4.329 -4.573 1.137
21.07.1993 4.315 -4.57 1.135
22.07.1993 4.306 -4.567 1.134
23.07.1993 4.292 -4.564 1.133
24.07.1993 4.278 -4.562 1.132
25.07.1993 4.268 -4.561 1.132
26.07.1993 4.254 -4.56 1.13
27.07.1993 4.247 -4.558 1.13
28.07.1993 4.237 -4.555 1.129
29.07.1993 4.229 -4.552 1.128
30.07.1993 4.223 -4.549 1.127
31.07.1993 4.215 -4.548 1.126
01.08.1993 4.208 -4.546 1.125
02.08.1993 4.197 -4.544 1.124
03.08.1993 4.19 -4.541 1.123
04.08.1993 4.183 -4.539 1.122
05.08.1993 4.17 -4.538 1.121
06.08.1993 4.156 -4.536 1.12
07.08.1993 4.145 -4.533 1.119
08.08.1993 4.135 -4.53 1.118
09.08.1993 4.121 -4.529 1.117
10.08.1993 4.114 -4.527 1.116
11.08.1993 4.105 -4.525 1.115
12.08.1993 4.096 -4.523 1.113
13.08.1993 4.084 -4.522 1.112
14.08.1993 4.069 -4.519 1.111
15.08.1993 4.062 -4.517 1.11
16.08.1993 4.05 -4.515 1.109
17.08.1993 4.044 -4.513 1.109
18.08.1993 4.031 -4.511 1.108
19.08.1993 4.025 -4.51 1.107
20.08.1993 4.02 -4.508 1.105
21.08.1993 4.007 -4.505 1.104
22.08.1993 4.001 -4.502 1.103
23.08.1993 3.993 -4.5 1.102
24.08.1993 3.982 -4.498 1.101
25.08.1993 3.972 -4.496 1.1
26.08.1993 3.963 -4.493 1.099
27.08.1993 3.955 -4.492 1.098
28.08.1993 3.944 -4.489 1.097
29.08.1993 3.939 -4.487 1.096
30.08.1993 3.93 -4.486 1.095
31.08.1993 3.916 -4.484 1.094
01.09.1993 3.901 -4.482 1.094
02.09.1993 3.888 -4.479 1.093
03.09.1993 3.878 -4.476 1.091
04.09.1993 3.865 -4.474 1.09
05.09.1993 3.859 -4.472 1.089
06.09.1993 3.847 -4.469 1.089
07.09.1993 3.84 -4.467 1.088
08.09.1993 3.825 -4.464 1.087
09.09.1993 3.814 -4.463 1.086
10.09.1993 3.805 -4.462 1.085
11.09.1993 3.799 -4.46 1.084
12.09.1993 3.787 -4.459 1.083
13.09.1993 3.781 -4.456 1.082
14.09.1993 3.769 -4.455 1.081
15.09.1993 3.761 -4.453 1.081
16.09.1993 3.751 -4.452 1.08
17.09.1993 3.745 -4.45 1.079
18.09.1993 3.734 -4.448 1.078
19.09.1993 3.721 -4.446 1.076
20.09.1993 3.711 -4.444 1.076
21.09.1993 3.706 -4.441 1.075
22.09.1993 3.7 -4.439 1.074
23.09.1993 3.688 -4.437 1.072
24.09.1993 3.679 -4.434 1.071
25.09.1993 3.672 -4.432 1.07
26.09.1993 3.657 -4.431 1.069
27.09.1993 3.651 -4.428 1.068
28.09.1993 3.64 -4.427 1.067
29.09.1993 3.629 -4.425 1.066
30.09.1993 3.622 -4.423 1.065
01.10.1993 3.614 -4.421 1.064
02.10.1993 3.609 -4.419 1.063
03.10.1993 3.603 -4.417 1.062
04.10.1993 3.593 -4.414 1.06
05.10.1993 3.587 -4.412 1.059
06.10.1993 3.579 -4.411 1.059
07.10.1993 3.57 -4.409 1.058
08.10.1993 3.556 -4.407 1.057
09.10.1993 3.542 -4.405 1.056
10.10.1993 3.533 -4.402 1.055
11.10.1993 3.524 -4.4 1.053
12.10.1993 3.511 -4.399 1.052
13.10.1993 3.504 -4.397 1.051
14.10.1993 3.492 -4.395 1.05
15.10.1993 3.479 -4.394 1.049
16.10.1993 3.466 -4.392 1.048
17.10.1993 3.459 -4.391 1.047
18.10.1993 3.451 -4.389 1.046
19.10.1993 3.438 -4.386 1.045
20.10.1993 3.432 -4.384 1.044
21.10.1993 3.426 -4.383 1.043
22.10.1993 3.415 -4.381 1.042
23.10.1993 3.402 -4.381 1.041
24.10.1993 3.387 -4.379 1.04
25.10.1993 3.376 -4.376 1.038
26.10.1993 3.369 -4.375 1.037
27.10.1993 3.361 -4.373 1.036
28.10.1993 3.347 -4.372 1.036
29.10.1993 3.333 -4.371 1.035
30.10.1993 3.327 -4.368 1.034
31.10.1993 3.315 -4.366 1.032
01.11.1993 3.301 -4.365 1.031
02.11.1993 3.287 -4.364 1.03
03.11.1993 3.275 -4.361 1.029
04.11.1993 3.269 -4.36 1.028
05.11.1993 3.261 -4.358 1.027
06.11.1993 3.251 -4.356 1.027
07.11.1993 3.244 -4.355 1.025
08.11.1993 3.238 -4.352 1.024
09.11.1993 3.23 -4.35 1.023
10.11.1993 3.218 -4.348 1.022
11.11.1993 3.211 -4.346 1.021
12.11.1993 3.201 -4.344 1.02
13.11.1993 3.196 -4.341 1.019
14.11.1993 3.189 -4.339 1.018
15.11.1993 3.177 -4.338 1.017
16.11.1993 3.171 -4.335 1.016
17.11.1993 3.166 -4.334 1.015
18.11.1993 3.152 -4.332 1.014
19.11.1993 3.142 -4.33 1.013
20.11.1993 3.136 -4.327 1.013
21.11.1993 3.123 -4.325 1.011
22.11.1993 3.113 -4.323 1.01
23.11.1993 3.1 -4.322 1.01
24.11.1993 3.087 -4.321 1.009
25.11.1993 3.076 -4.32 1.008
26.11.1993 3.065 -4.317 1.006
27.11.1993 3.05 -4.316 1.006
28.11.1993 3.044 -4.313 1.005
29.11.1993 3.034 -4.312 1.003
30.11.1993 3.029 -4.31 1.002
01.12.1993 3.023 -4.309 1.001
02.12.1993 3.016 -4.307 1.0
03.12.1993 3.002 -4.306 0.999
04.12.1993 2.993 -4.305 0.998
05.12.1993 2.984 -4.303 0.996
06.12.1993 2.972 -4.301 0.995
07.12.1993 2.966 -4.299 0.994
08.12.1993 2.959 -4.297 0.993
09.12.1993 2.945 -4.296 0.992
10.12.1993 2.939 -4.294 0.991
11.12.1993 2.925 -4.292 0.99
12.12.1993 2.912 -4.29 0.989
13.12.1993 2.902 -4.288 0.988
14.12.1993 2.89 -4.286 0.987
15.12.1993 2.88 -4.284 0.986
16.12.1993 2.873 -4.283 0.984
17.12.1993 2.864 -4.282 0.983
18.12.1993 2.856 -4.281 0.982
19.12.1993 2.843 -4.28 0.981
20.12.1993 2.833 -4.278 0.979
21.12.1993 2.823 -4.276 0.979
22.12.1993 2.811 -4.275 0.977
23.12.1993 2.799 -4.273 0.976
24.12.1993 2.794 -4.272 0.975
25.12.1993 2.782 -4.269 0.974
26.12.1993 2.769 -4.268 0.973
27.12.1993 2.755 -4.266 0.972
28.12.1993 2.74 -4.264 0.971
29.12.1993 2.733 -4.263 0.969
30.12.1993 2.725 -4.26 0.968
31.12.1993 2.72 -4.259 0.967
01.01.1994 2.708 -4.257 0.966
02.01.1994 2.703 -4.254 0.965
03.01.1994 2.693 -4.253 0.964
04.01.1994 2.682 -4.251 0.963
05.01.1994 2.674 -4.249 0.962
06.01.1994 2.666 -4.247 0.961
07.01.1994 2.655 -4.245 0.959
08.01.1994 2.643 -4.242 0.958
09.01.1994 2.628 -4.241 0.958
10.01.1994 2.614 -4.239 0.957
11.01.1994 2.605 -4.237 0.956
12.01.1994 2.59 -4.236 0.955
13.01.1994 2.581 -4.234 0.954
14.01.1994 2.574 -4.231 0.952
15.01.1994 2.561 -4.23 0.951
16.01.1994 2.551 -4.229 0.95
17.01.1994 2.545 -4.228 0.949
18.01.1994 2.538 -4.226 0.949
19.01.1994 2.525 -4.224 0.948
20.01.1994 2.51 -4.222 0.947
21.01.1994 2.496 -4.22 0.946
22.01.1994 2.485 -4.219 0.945
23.01.1994 2.471 -4.218 0.944
24.01.1994 2.462 -4.216 0.942
25.01.1994 2.45 -4.213 0.942
26.01.1994 2.438 -4.211 0.941
27.01.1994 2.424 -4.21 0.94
28.01.1994 2.412 -4.208 0.938
29.01.1994 2.397 -4.206 0.938
30.01.1994 2.392 -4.204 0.937
31.01.1994 2.38 -4.203 0.936
01.02.1994 2.367 -4.202 0.935
02.02.1994 2.359 -4.201 0.934
03.02.1994 2.346 -4.2 0.933
04.02.1994 2.335 -4.199 0.932
05.02.1994 2.326 -4.196 0.931
06.02.1994 2.311 -4.194 0.93
07.02.1994 2.299 -4.193 0.929
08.02.1994 2.29 -4.192 0.928
09.02.1994 2.277 -4.191 0.927
10.02.1994 2.27 -4.189 0.926
11.02.1994 2.255 -4.188 0.925
12.02.1994 2.246 -4.187 0.924
13.02.1994 2.235 -4.185 0.923
14.02.1994 2.222 -4.184 0.922
15.02.1994 2.216 -4.182 0.921
16.02.1994 2.202 -4.18 0.92
17.02.1994 2.195 -4.178 0.919
18.02.1994 2.184 -4.177 0.918
19.02.1994 2.177 -4.175 0.917
20.02.1994 2.172 -4.173 0.916
21.02.1994 2.163 -4.172 0.915
22.02.1994 2.151 -4.17 0.915
23.02.1994 2.14 -4.169 0.914
24.02.1994 2.129 -4.168 0.913
25.02.1994 2.123 -4.166 0.912
26.02.1994 2.117 -4.164 0.911
27.02.1994 2.11 -4.162 0.91
28.02.1994 2.097 -4.16 0.909
01.03.1994 2.09 -4.158 0.908
02.03.1994 2.082 -4.156 0.907
03.03.1994 2.075 -4.155 0.906
04.03.1994 2.063 -4.153 0.905
05.03.1994 2.052 -4.151 0.904
06.03.1994 2.041 -4.15 0.903
07.03.1994 2.036 -4.148 0.902
08.03.1994 2.026 -4.146 0.901
09.03.1994 2.017 -4.145 0.9
10.03.1994 2.01 -4.144 0.899
11.03.1994 2.005 -4.143 0.899
12.03.1994 1.994 -4.141 0.898
13.03.1994 1.979 -4.14 0.896
14.03.1994 1.969 -4.139 0.895
15.03.1994 1.959 -4.137 0.895
16.03.1994 1.952 -4.136 0.893
17.03.1994 1.939 -4.134 0.892
18.03.1994 1.929 -4.133 0.891
19.03.1994 1.919 -4.132 0.89
20.03.1994 1.906 -4.13 0.889
21.03.1994 1.897 -4.129 0.888
22.03.1994 1.884 -4.127 0.887
23.03.1994 1.876 -4.124 0.885
24.03.1994 1.868 -4.122 0.884
25.03.1994 1.861 -4.12 0.883
26.03.1994 1.853 -4.118 0.882
27.03.1994 1.844 -4.116 0.881
28.03.1994 1.831 -4.115 0.88
29.03.1994 1.825 -4.113 0.879
30.03.1994 1.818 -4.112 0.878
31.03.1994 1.812 -4.111 0.877
01.04.1994 1.805 -4.11 0.876
02.04.1994 1.791 -4.108 0.875
03.04.1994 1.781 -4.107 0.874
04.04.1994 1.775 -4.105 0.873
05.04.1994 1.767 -4.104 0.871
06.04.1994 1.761 -4.102 0.87
07.04.1994 1.751 -4.101 0.869
08.04.1994 1.742 -4.1 0.868
09.04.1994 1.735 -4.099 0.867
10.04.1994 1.725 -4.098 0.866
11.04.1994 1.719 -4.096 0.865
12.04.1994 1.714 -4.094 0.864
13.04.1994 1.701 -4.093 0.863
14.04.1994 1.69 -4.091 0.861
15.04.1994 1.677 -4.089 0.861
16.04.1994 1.663 -4.087 0.86
17.04.1994 1.654 -4.086 0.859
18.04.1994 1.646 -4.085 0.858
19.04.1994 1.636 -4.083 0.857
20.04.1994 1.631 -4.082 0.856
21.04.1994 1.622 -4.081 0.855
22.04.1994 1.607 -4.079 0.854
23.04.1994 1.594 -4.077 0.853
24.04.1994 1.584 -4.075 0.852
25.04.1994 1.577 -4.074 0.85
26.04.1994 1.567 -4.072 0.849
27.04.1994 1.56 -4.07 0.848
28.04.1994 1.545 -4.069 0.847
29.04.1994 1.54 -4.068 0.846
30.04.1994 1.525 -4.066 0.846
01.05.1994 1.513 -4.065 0.845
02.05.1994 1.5 -4.064 0.844
03.05.1994 1.49 -4.062 0.843
04.05.1994 1.482 -4.061 0.841
05.05.1994 1.476 -4.06 0.84
06.05.1994 1.463 -4.058 0.839
07.05.1994 1.454 -4.057 0.837
08.05.1994 1.449 -4.055 0.837
09.05.1994 1.434 -4.054 0.836
10.05.1994 1.428 -4.053 0.835
11.05.1994 1.414 -4.051 0.834
12.05.1994 1.409 -4.049 0.833
13.05.1994 1.399 -4.047 0.832
14.05.1994 1.393 -4.046 0.831
15.05.1994 1.38 -4.044 0.83
16.05.1994 1.375 -4.043 0.829
17.05.1994 1.36 -4.041 0.828
18.05.1994 1.35 -4.039 0.827
19.05.1994 1.338 -4.036 0.826
20.05.1994 1.329 -4.036 0.825
21.05.1994 1.317 -4.033 0.824
22.05.1994 1.305 -4.031 0.823
23.05.1994 1.298 -4.029 0.822
24.05.1994 1.286 -4.027 0.821
25.05.1994 1.273 -4.025 0.82
26.05.1994 1.262 -4.023 0.819
27.05.1994 1.255 -4.021 0.818
28.05.1994 1.246 -4.019 0.817
29.05.1994 1.232 -4.018 0.816
30.05.1994 1.226 -4.017 0.815
31.05.1994 1.212 -4.016 0.814
01.06.1994 1.199 -4.015 0.814
02.06.1994 1.188 -4.014 0.812
03.06.1994 1.173 -4.012 0.811
04.06.1994 1.161 -4.011 0.81
05.06.1994 1.155 -4.01 0.81
06.06.1994 1.148 -4.009 0.808
07.06.1994 1.136 -4.007 0.808
08.06.1994 1.123 -4.005 0.806
09.06.1994 1.11 -4.004 0.805
10.06.1994 1.102 -4.002 0.805
11.06.1994 1.093 -4.001 0.804
12.06.1994 1.084 -4.0 0.803
13.06.1994 1.073 -3.998 0.802
14.06.1994 1.068 -3.997 0.801
15.06.1994 1.053 -3.994 0.8
16.06.1994 1.045 -3.992 0.799
17.06.1994 1.032 -3.991 0.799
18.06.1994 1.022 -3.989 0.798
19.06.1994 1.016 -3.987 0.797
20.06.1994 1.005 -3.986 0.796
21.06.1994 0.996 -3.984 0.795
22.06.1994 0.984 -3.983 0.794
23.06.1994 0.975 -3.981 0.793
24.06.1994 0.969 -3.979 0.792
25.06.1994 0.959 -3.978 0.792
26.06.1994 0.947 -3.976 0.79
27.06.1994 0.941 -3.974 0.789
28.06.1994 0.927 -3.972 0.788
29.06.1994 0.915 -3.971 0.787
30.06.1994 0.906 -3.97 0.786
01.07.1994 0.901 -3.968 0.786
02.07.1994 0.891 -3.967 0.784
03.07.1994 0.881 -3.965 0.783
04.07.1994 0.875 -3.964 0.783
05.07.1994 0.864 -3.963 0.782
06.07.1994 0.855 -3.961 0.78
07.07.1994 0.846 -3.96 0.78
08.07.1994 0.836 -3.958 0.779
09.07.1994 0.831 -3.957 0.777
10.07.1994 0.822 -3.955 0.776
11.07.1994 0.813 -3.954 0.775
12.07.1994 0.808 -3.953 0.773
13.07.1994 0.801 -3.952 0.773
14.07.1994 0.794 -3.95 0.772
15.07.1994 0.787 -3.947 0.771
16.07.1994 0.774 -3.945 0.77
17.07.1994 0.766 -3.943 0.769
18.07.1994 0.755 -3.942 0.767
19.07.1994 0.747 -3.94 0.766
20.07.1994 0.738 -3.938 0.765
21.07.1994 0.725 -3.937 0.764
22.07.1994 0.717 -3.936 0.764
23.07.1994 0.712 -3.935 0.763
24.07.1994 0.702 -3.933 0.761
25.07.1994 0.692 -3.932 0.76
26.07.1994 0.677 -3.931 0.759
27.07.1994 0.667 -3.929 0.758
28.07.1994 0.655 -3.928 0.757
29.07.1994 0.643 -3.926 0.756
30.07.1994 0.628 -3.924 0.755
31.07.1994 0.616 -3.922 0.754
01.08.1994 0.61 -3.921 0.753
02.08.1994 0.598 -3.92 0.752
03.08.1994 0.585 -3.918 0.751
04.08.1994 0.576 -3.917 0.75
05.08.1994 0.568 -3.916 0.749
06.08.1994 0.555 -3.914 0.748
07.08.1994 0.546 -3.913 0.747
08.08.1994 0.538 -3.912 0.746
09.08.1994 0.523 -3.911 0.744
10.08.1994 0.517 -3.91 0.743
11.08.1994 0.503 -3.907 0.742
12.08.1994 0.49 -3.905 0.741
13.08.1994 0.476 -3.904 0.739
14.08.1994 0.467 -3.901 0.738
15.08.1994 0.46 -3.9 0.737
16.08.1994 0.454 -3.899 0.736
17.08.1994 0.44 -3.897 0.735
18.08.1994 0.433 -3.896 0.734
19.08.1994 0.425 -3.894 0.733
20.08.1994 0.411 -3.892 0.731
21.08.1994 0.397 -3.89 0.731
22.08.1994 0.386 -3.888 0.73
23.08.1994 0.374 -3.887 0.729
24.08.1994 0.365 -3.886 0.728
25.08.1994 0.354 -3.885 0.727
26.08.1994 0.342 -3.884 0.726
27.08.1994 0.332 -3.883 0.725
28.08.1994 0.325 -3.881 0.724
29.08.1994 0.319 -3.88 0.724
30.08.1994 0.304 -3.879 0.723
31.08.1994 0.293 -3.877 0.721
01.09.1994 0.287 -3.876 0.721
02.09.1994 0.272 -3.874 0.719
03.09.1994 0.258 -3.873 0.718
04.09.1994 0.25 -3.872 0.717
05.09.1994 0.243 -3.87 0.717
06.09.1994 0.235 -3.868 0.716
07.09.1994 0.229 -3.866 0.715
08.09.1994 0.221 -3.865 0.714
09.09.1994 0.209 -3.864 0.713
10.09.1994 0.198 -3.862 0.712
11.09.1994 0.185 -3.861 0.711
12.09.1994 0.174 -3.86 0.71
13.09.1994 0.169 -3.858 0.709
14.09.1994 0.162 -3.857 0.709
15.09.1994 0.148 -3.855 0.708
16.09.1994 0.138 -3.854 0.707
17.09.1994 0.124 -3.853 0.706
18.09.1994 0.115 -3.851 0.705
19.09.1994 0.11 -3.85 0.704
20.09.1994 0.102 -3.849 0.704
21.09.1994 0.093 -3.848 0.703
22.09.1994 0.079 -3.847 0.702
23.09.1994 0.069 -3.846 0.701
24.09.1994 0.06 -3.845 0.7
25.09.1994 0.047 -3.843 0.699
26.09.1994 0.039 -3.842 0.698
27.09.1994 0.028 -3.841 0.697
28.09.1994 0.019 -3.839 0.696
29.09.1994 0.007 -3.838 0.696
