99.0
81.0
111.0
64.0
99.0
28.0
101.0
97.0
33.0
94.0
25.0
27.0
46.0
27.0
104.0
75.0
76.0
122.0
68.0
58.0
121.0
50.0
46.0
66.0
66.0
102.0
55.0
114.0
55.0
32.0
85.0
25.0
108.0
79.0
43.0
25.0
44.0
44.0
26.0
85.0
110.0
76.0
37.0
74.0
24.0
45.0
92.0
100.0
37.0
82.0
103.0
38.0
42.0
60.0
48.0
39.0
78.0
67.0
35.0
47.0
88.0
75.0
39.0
86.0
96.0
96.0
118.0
58.0
112.0
51.0
52.0
87.0
95.0
44.0
108.0
95.0
76.0
56.0
83.0
103.0
44.0
110.0
47.0
33.0
93.0
76.0
102.0
69.0
75.0
71.0
70.0
117.0
98.0
88.0
80.0
51.0
51.0
33.0
109.0
36.0
81.0
86.0
31.0
43.0
41.0
72.0
106.0
93.0
71.0
68.0
103.0
96.0
62.0
117.0
76.0
104.0
23.0
92.0
103.0
33.0
53.0
110.0
85.0
52.0
54.0
60.0
92.0
36.0
48.0
115.0
32.0
29.0
33.0
109.0
115.0
70.0
107.0
35.0
40.0
116.0
114.0
103.0
121.0
74.0
69.0
68.0
60.0
74.0
56.0
87.0
60.0
49.0
46.0
71.0
33.0
90.0
30.0
76.0
85.0
43.0
120.0
54.0
45.0
105.0
71.0
106.0
87.0
43.0
31.0
89.0
68.0
58.0
42.0
54.0
29.0
107.0
84.0
49.0
107.0
33.0
95.0
50.0
104.0
110.0
86.0
90.0
99.0
101.0
95.0
103.0
41.0
78.0
83.0
114.0
52.0
72.0
53.0
30.0
96.0
44.0
34.0
121.0
104.0
73.0
69.0
96.0
84.0
81.0
67.0
39.0
93.0
84.0
122.0
59.0
111.0
43.0
57.0
50.0
60.0
36.0
115.0
41.0
30.0
110.0
84.0
90.0
108.0
35.0
91.0
46.0
113.0
26.0
31.0
91.0
102.0
70.0
26.0
34.0
55.0
31.0
23.0
83.0
55.0
107.0
121.0
83.0
39.0
86.0
89.0
122.0
60.0
42.0
63.0
53.0
105.0
75.0
122.0
94.0
69.0
81.0
118.0
105.0
68.0
66.0
118.0
35.0
108.0
83.0
112.0
66.0
45.0
88.0
73.0
59.0
104.0
40.0
102.0
38.0
25.0
80.0
78.0
90.0
94.0
59.0
47.0
56.0
32.0
98.0
108.0
94.0
77.0
59.0
48.0
55.0
57.0
26.0
45.0
92.0
52.0
100.0
56.0
118.0
39.0
73.0
85.0
59.0
94.0
36.0
105.0
53.0
67.0
79.0
93.0
27.0
39.0
82.0
49.0
63.0
27.0
118.0
40.0
76.0
68.0
61.0
39.0
33.0
108.0
117.0
27.0
106.0
75.0
90.0
60.0
23.0
73.0
41.0
83.0
27.0
69.0
31.0
75.0
86.0
96.0
68.0
74.0
40.0
46.0
27.0
80.0
61.0
74.0
40.0
114.0
32.0
50.0
92.0
86.0
29.0
69.0
33.0
113.0
60.0
112.0
82.0
54.0
113.0
88.0
108.0
42.0
28.0
90.0
24.0
68.0
95.0
65.0
76.0
68.0
92.0
32.0
122.0
56.0
36.0
51.0
60.0
111.0
65.0
71.0
62.0
98.0
93.0
61.0
102.0
113.0
112.0
84.0
73.0
77.0
86.0
64.0
109.0
23.0
62.0
107.0
110.0
23.0
53.0
77.0
69.0
98.0
81.0
45.0
115.0
26.0
115.0
122.0
95.0
93.0
106.0
70.0
118.0
102.0
44.0
67.0
106.0
105.0
66.0
94.0
56.0
72.0
60.0
99.0
81.0
71.0
102.0
121.0
61.0
108.0
64.0
53.0
46.0
70.0
57.0
81.0
86.0
92.0
65.0
81.0
33.0
41.0
30.0
104.0
45.0
84.0
118.0
88.0
62.0
79.0
52.0
51.0
39.0
84.0
76.0
40.0
121.0
36.0
88.0
84.0
68.0
122.0
49.0
58.0
65.0
31.0
86.0
97.0
89.0
85.0
33.0
104.0
55.0
122.0
46.0
37.0
71.0
39.0
105.0
121.0
56.0
77.0
33.0
66.0
76.0
57.0
88.0
112.0
90.0
54.0
106.0
114.0
65.0
67.0
45.0
100.0
101.0
34.0
120.0
85.0
79.0
82.0
91.0
118.0
92.0
38.0
109.0
35.0
75.0
30.0
90.0
111.0
60.0
39.0
45.0
121.0
98.0
93.0
108.0
78.0
53.0
33.0
102.0
110.0
39.0
98.0
69.0
85.0
74.0
120.0
30.0
105.0
77.0
87.0
66.0
71.0
73.0
121.0
62.0
86.0
92.0
80.0
111.0
40.0
103.0
85.0
110.0
115.0
85.0
89.0
79.0
91.0
105.0
82.0
61.0
83.0
65.0
38.0
69.0
101.0
37.0
77.0
100.0
68.0
40.0
28.0
61.0
32.0
91.0
122.0
106.0
25.0
35.0
105.0
29.0
122.0
103.0
79.0
75.0
69.0
57.0
34.0
81.0
33.0
56.0
120.0
121.0
35.0
28.0
83.0
51.0
117.0
48.0
41.0
89.0
71.0
80.0
118.0
67.0
68.0
49.0
81.0
49.0
65.0
122.0
89.0
38.0
65.0
23.0
38.0
32.0
100.0
63.0
53.0
69.0
53.0
101.0
39.0
28.0
114.0
103.0
85.0
71.0
121.0
106.0
30.0
110.0
47.0
75.0
106.0
59.0
36.0
101.0
103.0
24.0
47.0
117.0
49.0
63.0
44.0
26.0
70.0
41.0
62.0
76.0
77.0
49.0
78.0
62.0
51.0
91.0
42.0
114.0
45.0
30.0
53.0
95.0
46.0
95.0
34.0
25.0
79.0
24.0
117.0
82.0
108.0
114.0
97.0
72.0
116.0
61.0
89.0
111.0
43.0
57.0
49.0
39.0
44.0
76.0
28.0
70.0
110.0
61.0
35.0
118.0
114.0
26.0
70.0
82.0
100.0
66.0
47.0
51.0
29.0
62.0
48.0
72.0
24.0
83.0
60.0
25.0
32.0
23.0
49.0
86.0
77.0
57.0
68.0
64.0
99.0
102.0
49.0
94.0
45.0
106.0
57.0
52.0
88.0
41.0
63.0
75.0
43.0
104.0
35.0
61.0
43.0
70.0
121.0
44.0
103.0
46.0
84.0
81.0
72.0
122.0
93.0
119.0
74.0
67.0
57.0
93.0
75.0
99.0
23.0
98.0
89.0
97.0
58.0
72.0
71.0
97.0
82.0
51.0
35.0
54.0
66.0
120.0
52.0
29.0
105.0
29.0
83.0
29.0
120.0
37.0
70.0
85.0
106.0
65.0
28.0
36.0
78.0
99.0
97.0
33.0
65.0
57.0
83.0
116.0
46.0
35.0
81.0
56.0
25.0
82.0
117.0
34.0
121.0
92.0
105.0
51.0
32.0
117.0
24.0
114.0
114.0
113.0
76.0
88.0
86.0
30.0
103.0
43.0
41.0
79.0
112.0
85.0
94.0
69.0
48.0
85.0
78.0
122.0
36.0
108.0
104.0
52.0
86.0
64.0
61.0
55.0
57.0
64.0
35.0
52.0
86.0
62.0
23.0
89.0
88.0
30.0
54.0
51.0
80.0
54.0
58.0
52.0
39.0
106.0
77.0
65.0
93.0
103.0
61.0
115.0
66.0
94.0
68.0
58.0
65.0
50.0
24.0
109.0
66.0
117.0
85.0
77.0
32.0
58.0
90.0
93.0
70.0
35.0
114.0
109.0
111.0
103.0
107.0
80.0
29.0
61.0
105.0
99.0
47.0
57.0
103.0
71.0
49.0
62.0
81.0
42.0
112.0
31.0
107.0
106.0
32.0
110.0
95.0
89.0
117.0
53.0
47.0
69.0
36.0
57.0
73.0
86.0
120.0
37.0
39.0
80.0
100.0
54.0
41.0
98.0
91.0
62.0
97.0
81.0
72.0
107.0
88.0
97.0
91.0
94.0
121.0
27.0
91.0
100.0
47.0
111.0
122.0
80.0
68.0
40.0
97.0
65.0
117.0
99.0
119.0
47.0
88.0
34.0
109.0
98.0
64.0
102.0
57.0
122.0
86.0
26.0
114.0
107.0
93.0
108.0
32.0
82.0
55.0
102.0
79.0
25.0
87.0
106.0
32.0
116.0
33.0
65.0
97.0
54.0
113.0
94.0
70.0
95.0
42.0
113.0
80.0
54.0
47.0
94.0
70.0
47.0
28.0
36.0
38.0
30.0
107.0
86.0
110.0
30.0
122.0
108.0
43.0
90.0
24.0
50.0
79.0
42.0
37.0
114.0
116.0
111.0
100.0
67.0
61.0
29.0
43.0
103.0
34.0
78.0
31.0
30.0
92.0
120.0
75.0
64.0
73.0
74.0
33.0
90.0
25.0
77.0
57.0
107.0
115.0
71.0
113.0
54.0
107.0
99.0
53.0
84.0
75.0
25.0
74.0
71.0
119.0
95.0
113.0
34.0
57.0
61.0
101.0
86.0
100.0
75.0
99.0
26.0
44.0
89.0
51.0
118.0
62.0
87.0
86.0
31.0
38.0
40.0
70.0
32.0
68.0
67.0
111.0
75.0
98.0
56.0
120.0
86.0
99.0
36.0
63.0
91.0
69.0
103.0
27.0
40.0
23.0
61.0
73.0
60.0
105.0
92.0
81.0
91.0
64.0
32.0
120.0
36.0
26.0
63.0
63.0
118.0
121.0
37.0
83.0
94.0
97.0
78.0
120.0
113.0
36.0
110.0
110.0
61.0
37.0
52.0
69.0
114.0
88.0
45.0
103.0
104.0
54.0
45.0
107.0
35.0
37.0
82.0
34.0
41.0
88.0
57.0
104.0
65.0
119.0
76.0
64.0
48.0
64.0
67.0
27.0
97.0
56.0
90.0
85.0
69.0
63.0
107.0
104.0
26.0
104.0
61.0
121.0
100.0
49.0
96.0
119.0
45.0
28.0
24.0
120.0
39.0
106.0
33.0
78.0
53.0
91.0
57.0
23.0
31.0
31.0
60.0
50.0
121.0
30.0
66.0
121.0
32.0
45.0
89.0
100.0
91.0
41.0
76.0
56.0
61.0
70.0
49.0
87.0
32.0
71.0
86.0
59.0
98.0
24.0
121.0
32.0
115.0
114.0
87.0
34.0
60.0
112.0
68.0
112.0
28.0
120.0
79.0
42.0
65.0
74.0
92.0
42.0
24.0
62.0
55.0
54.0
122.0
76.0
72.0
105.0
58.0
103.0
44.0
36.0
119.0
120.0
104.0
109.0
23.0
53.0
59.0
61.0
100.0
65.0
90.0
67.0
113.0
55.0
27.0
116.0
74.0
81.0
80.0
51.0
111.0
34.0
114.0
89.0
44.0
88.0
72.0
106.0
101.0
37.0
62.0
57.0
86.0
73.0
83.0
98.0
80.0
109.0
109.0
90.0
69.0
118.0
51.0
73.0
58.0
64.0
85.0
121.0
49.0
73.0
87.0
37.0
35.0
23.0
98.0
118.0
40.0
101.0
53.0
56.0
71.0
91.0
108.0
56.0
99.0
120.0
88.0
85.0
72.0
77.0
76.0
111.0
74.0
57.0
111.0
90.0
57.0
112.0
48.0
97.0
87.0
94.0
97.0
82.0
38.0
26.0
24.0
93.0
29.0
97.0
26.0
34.0
99.0
28.0
111.0
58.0
37.0
64.0
35.0
86.0
25.0
120.0
105.0
86.0
85.0
63.0
88.0
28.0
71.0
58.0
82.0
46.0
98.0
111.0
81.0
77.0
122.0
43.0
73.0
77.0
105.0
104.0
107.0
62.0
41.0
111.0
66.0
85.0
108.0
95.0
49.0
35.0
57.0
119.0
58.0
113.0
32.0
27.0
121.0
44.0
92.0
76.0
75.0
41.0
99.0
110.0
25.0
28.0
101.0
57.0
112.0
99.0
120.0
45.0
113.0
31.0
97.0
25.0
79.0
32.0
37.0
45.0
104.0
34.0
95.0
23.0
45.0
32.0
62.0
77.0
86.0
36.0
70.0
39.0
39.0
92.0
115.0
45.0
60.0
117.0
106.0
97.0
30.0
33.0
38.0
35.0
99.0
37.0
55.0
44.0
109.0
111.0
29.0
105.0
110.0
113.0
25.0
94.0
108.0
40.0
93.0
68.0
48.0
67.0
90.0
83.0
70.0
30.0
110.0
86.0
122.0
116.0
107.0
82.0
119.0
55.0
66.0
99.0
106.0
74.0
43.0
111.0
71.0
42.0
60.0
95.0
31.0
45.0
76.0
62.0
30.0
93.0
84.0
50.0
49.0
115.0
48.0
78.0
117.0
78.0
68.0
37.0
30.0
82.0
32.0
85.0
62.0
41.0
37.0
104.0
25.0
65.0
117.0
32.0
93.0
54.0
91.0
111.0
106.0
83.0
114.0
82.0
52.0
69.0
49.0
84.0
74.0
81.0
52.0
85.0
110.0
44.0
79.0
53.0
59.0
101.0
43.0
90.0
30.0
116.0
44.0
57.0
30.0
48.0
115.0
31.0
62.0
50.0
63.0
98.0
49.0
120.0
82.0
105.0
41.0
73.0
94.0
78.0
76.0
51.0
120.0
38.0
85.0
53.0
110.0
31.0
49.0
59.0
60.0
110.0
70.0
118.0
39.0
30.0
77.0
118.0
108.0
85.0
40.0
81.0
73.0
117.0
50.0
116.0
76.0
65.0
72.0
51.0
97.0
49.0
114.0
115.0
81.0
111.0
64.0
86.0
117.0
49.0
114.0
48.0
65.0
69.0
59.0
92.0
32.0
32.0
103.0
24.0
110.0
88.0
57.0
114.0
45.0
88.0
59.0
93.0
98.0
33.0
48.0
64.0
89.0
113.0
79.0
82.0
62.0
104.0
101.0
77.0
53.0
59.0
31.0
121.0
110.0
56.0
55.0
40.0
78.0
43.0
68.0
39.0
89.0
82.0
119.0
67.0
78.0
62.0
119.0
117.0
71.0
25.0
68.0
69.0
57.0
114.0
33.0
64.0
93.0
63.0
68.0
24.0
80.0
33.0
110.0
88.0
111.0
42.0
74.0
55.0
109.0
122.0
77.0
113.0
87.0
106.0
41.0
47.0
110.0
34.0
50.0
73.0
117.0
60.0
38.0
107.0
76.0
51.0
25.0
76.0
111.0
80.0
24.0
23.0
51.0
85.0
71.0
79.0
36.0
67.0
51.0
63.0
35.0
115.0
35.0
65.0
108.0
28.0
36.0
65.0
109.0
26.0
82.0
64.0
61.0
85.0
28.0
94.0
54.0
110.0
54.0
32.0
82.0
72.0
82.0
77.0
104.0
65.0
37.0
51.0
23.0
86.0
27.0
94.0
44.0
108.0
109.0
37.0
87.0
95.0
30.0
24.0
79.0
86.0
85.0
78.0
70.0
78.0
98.0
47.0
62.0
48.0
95.0
86.0
36.0
59.0
45.0
28.0
48.0
57.0
27.0
25.0
60.0
103.0
121.0
120.0
122.0
64.0
31.0
37.0
37.0
43.0
92.0
87.0
93.0
43.0
23.0
90.0
56.0
65.0
107.0
121.0
49.0
83.0
64.0
87.0
102.0
76.0
64.0
41.0
85.0
114.0
108.0
39.0
110.0
114.0
30.0
122.0
99.0
84.0
50.0
76.0
25.0
55.0
52.0
111.0
79.0
101.0
68.0
39.0
40.0
56.0
96.0
58.0
80.0
95.0
63.0
104.0
73.0
37.0
114.0
102.0
61.0
88.0
59.0
31.0
63.0
118.0
41.0
116.0
121.0
96.0
58.0
92.0
47.0
84.0
55.0
118.0
36.0
90.0
82.0
41.0
107.0
29.0
108.0
110.0
80.0
32.0
112.0
74.0
97.0
102.0
24.0
31.0
86.0
76.0
96.0
71.0
118.0
53.0
47.0
112.0
80.0
43.0
92.0
93.0
108.0
36.0
79.0
57.0
25.0
58.0
50.0
64.0
48.0
34.0
60.0
98.0
79.0
87.0
73.0
67.0
121.0
116.0
27.0
60.0
105.0
47.0
111.0
72.0
75.0
28.0
43.0
105.0
122.0
115.0
84.0
116.0
87.0
57.0
119.0
23.0
49.0
91.0
74.0
38.0
103.0
59.0
83.0
25.0
38.0
115.0
54.0
82.0
107.0
100.0
46.0
26.0
97.0
91.0
57.0
53.0
59.0
103.0
83.0
79.0
108.0
46.0
84.0
103.0
28.0
59.0
76.0
27.0
104.0
90.0
69.0
55.0
108.0
122.0
44.0
105.0
92.0
121.0
40.0
54.0
120.0
121.0
115.0
88.0
37.0
107.0
49.0
24.0
76.0
48.0
96.0
112.0
121.0
85.0
89.0
70.0
82.0
57.0
120.0
100.0
23.0
115.0
66.0
117.0
107.0
113.0
28.0
45.0
55.0
89.0
121.0
106.0
79.0
58.0
112.0
55.0
80.0
114.0
47.0
116.0
44.0
107.0
105.0
74.0
121.0
92.0
41.0
31.0
100.0
109.0
116.0
27.0
79.0
115.0
26.0
114.0
35.0
57.0
66.0
58.0
42.0
82.0
90.0
31.0
88.0
24.0
69.0
49.0
51.0
94.0
64.0
33.0
68.0
44.0
115.0
55.0
61.0
52.0
52.0
30.0
89.0
115.0
77.0
73.0
78.0
90.0
89.0
54.0
61.0
33.0
116.0
27.0
112.0
55.0
88.0
49.0
70.0
97.0
79.0
24.0
94.0
58.0
41.0
48.0
66.0
96.0
39.0
108.0
75.0
71.0
94.0
106.0
90.0
75.0
102.0
99.0
113.0
56.0
100.0
41.0
115.0
100.0
68.0
99.0
121.0
84.0
79.0
61.0
67.0
100.0
98.0
28.0
66.0
119.0
89.0
92.0
110.0
24.0
66.0
24.0
60.0
66.0
51.0
67.0
119.0
52.0
101.0
86.0
23.0
49.0
102.0
121.0
75.0
93.0
54.0
32.0
57.0
34.0
64.0
61.0
73.0
57.0
116.0
75.0
83.0
59.0
94.0
101.0
26.0
110.0
54.0
81.0
115.0
64.0
75.0
121.0
24.0
63.0
101.0
74.0
49.0
72.0
102.0
118.0
65.0
66.0
43.0
87.0
23.0
23.0
63.0
23.0
63.0
38.0
115.0
118.0
86.0
28.0
24.0
26.0
73.0
94.0
75.0
119.0
120.0
91.0
94.0
69.0
104.0
100.0
108.0
40.0
66.0
100.0
37.0
95.0
96.0
61.0
71.0
118.0
38.0
121.0
75.0
55.0
95.0
64.0
34.0
73.0
37.0
81.0
101.0
26.0
55.0
90.0
49.0
105.0
67.0
67.0
116.0
46.0
57.0
33.0
79.0
106.0
98.0
37.0
115.0
64.0
91.0
92.0
114.0
57.0
48.0
119.0
111.0
110.0
121.0
59.0
62.0
26.0
27.0
48.0
107.0
25.0
35.0
74.0
78.0
82.0
28.0
122.0
99.0
28.0
34.0
119.0
83.0
108.0
46.0
64.0
50.0
120.0
40.0
25.0
94.0
47.0
98.0
119.0
109.0
45.0
63.0
87.0
110.0
24.0
122.0
59.0
111.0
37.0
41.0
108.0
36.0
57.0
66.0
54.0
32.0
60.0
25.0
40.0
65.0
44.0
97.0
94.0
70.0
86.0
83.0
89.0
93.0
57.0
101.0
117.0
29.0
82.0
27.0
94.0
111.0
60.0
69.0
36.0
68.0
38.0
105.0
97.0
60.0
59.0
59.0
103.0
81.0
30.0
77.0
47.0
93.0
116.0
54.0
56.0
74.0
24.0
76.0
68.0
51.0
115.0
116.0
114.0
80.0
120.0
107.0
87.0
63.0
48.0
88.0
103.0
63.0
112.0
51.0
88.0
121.0
104.0
81.0
104.0
68.0
96.0
119.0
42.0
34.0
78.0
97.0
27.0
106.0
104.0
52.0
97.0
89.0
67.0
104.0
23.0
24.0
90.0
107.0
84.0
37.0
94.0
109.0
26.0
28.0
64.0
70.0
44.0
41.0
36.0
90.0
34.0
121.0
113.0
108.0
46.0
31.0
115.0
90.0
49.0
78.0
79.0
40.0
105.0
25.0
43.0
38.0
23.0
38.0
70.0
26.0
109.0
24.0
103.0
67.0
106.0
110.0
46.0
94.0
49.0
114.0
34.0
86.0
53.0
90.0
58.0
38.0
55.0
108.0
43.0
117.0
36.0
68.0
107.0
120.0
34.0
42.0
117.0
58.0
61.0
32.0
76.0
66.0
30.0
117.0
60.0
116.0
57.0
72.0
76.0
72.0
51.0
98.0
48.0
32.0
107.0
119.0
48.0
82.0
118.0
99.0
43.0
71.0
64.0
92.0
89.0
30.0
108.0
28.0
94.0
62.0
115.0
41.0
122.0
82.0
61.0
78.0
78.0
62.0
90.0
51.0
27.0
79.0
121.0
99.0
78.0
45.0
105.0
76.0
88.0
53.0
31.0
64.0
101.0
80.0
85.0
46.0
79.0
61.0
36.0
97.0
103.0
69.0
121.0
114.0
119.0
49.0
95.0
42.0
78.0
58.0
46.0
60.0
61.0
52.0
41.0
114.0
66.0
71.0
86.0
25.0
78.0
114.0
46.0
115.0
103.0
67.0
110.0
75.0
45.0
100.0
101.0
24.0
91.0
43.0
65.0
77.0
120.0
92.0
46.0
86.0
37.0
28.0
114.0
68.0
33.0
100.0
120.0
100.0
117.0
45.0
101.0
38.0
75.0
112.0
96.0
103.0
86.0
112.0
28.0
72.0
117.0
103.0
122.0
89.0
71.0
91.0
112.0
38.0
112.0
68.0
43.0
40.0
37.0
107.0
54.0
49.0
117.0
61.0
63.0
35.0
39.0
29.0
99.0
107.0
117.0
103.0
76.0
101.0
32.0
108.0
41.0
108.0
80.0
72.0
53.0
34.0
73.0
103.0
47.0
89.0
108.0
99.0
78.0
54.0
49.0
64.0
62.0
71.0
31.0
52.0
46.0
118.0
40.0
26.0
95.0
97.0
72.0
34.0
64.0
57.0
60.0
98.0
43.0
66.0
43.0
32.0
101.0
46.0
84.0
28.0
100.0
29.0
93.0
72.0
78.0
80.0
82.0
23.0
96.0
66.0
106.0
37.0
112.0
89.0
122.0
120.0
72.0
95.0
41.0
100.0
82.0
122.0
82.0
114.0
62.0
27.0
60.0
84.0
112.0
76.0
35.0
48.0
25.0
73.0
92.0
28.0
85.0
24.0
30.0
75.0
74.0
39.0
105.0
101.0
84.0
83.0
122.0
53.0
91.0
25.0
44.0
28.0
30.0
109.0
25.0
75.0
94.0
53.0
76.0
89.0
69.0
44.0
63.0
49.0
43.0
121.0
84.0
65.0
38.0
105.0
85.0
103.0
47.0
35.0
117.0
40.0
78.0
38.0
72.0
52.0
29.0
27.0
65.0
85.0
39.0
39.0
63.0
39.0
119.0
60.0
116.0
88.0
23.0
27.0
86.0
119.0
62.0
89.0
60.0
110.0
82.0
47.0
56.0
59.0
27.0
57.0
96.0
103.0
63.0
112.0
85.0
105.0
29.0
72.0
71.0
94.0
64.0
59.0
34.0
61.0
99.0
71.0
53.0
98.0
106.0
93.0
120.0
106.0
119.0
66.0
87.0
73.0
62.0
80.0
99.0
116.0
24.0
113.0
112.0
41.0
63.0
56.0
53.0
80.0
71.0
86.0
97.0
97.0
41.0
122.0
36.0
36.0
59.0
116.0
69.0
104.0
97.0
36.0
43.0
76.0
121.0
112.0
115.0
103.0
69.0
40.0
28.0
77.0
116.0
48.0
67.0
117.0
50.0
57.0
68.0
64.0
30.0
28.0
76.0
84.0
41.0
98.0
92.0
107.0
28.0
104.0
75.0
29.0
111.0
94.0
121.0
117.0
32.0
42.0
69.0
48.0
63.0
68.0
26.0
104.0
117.0
99.0
121.0
55.0
35.0
114.0
65.0
97.0
52.0
92.0
92.0
112.0
45.0
51.0
45.0
104.0
44.0
89.0
93.0
103.0
55.0
102.0
82.0
115.0
62.0
122.0
90.0
25.0
24.0
72.0
58.0
41.0
88.0
53.0
46.0
42.0
78.0
48.0
24.0
113.0
113.0
43.0
40.0
29.0
66.0
51.0
64.0
68.0
48.0
120.0
95.0
113.0
32.0
38.0
24.0
51.0
97.0
55.0
54.0
103.0
48.0
61.0
106.0
48.0
80.0
94.0
93.0
49.0
35.0
99.0
112.0
52.0
104.0
38.0
121.0
107.0
30.0
109.0
26.0
26.0
69.0
77.0
58.0
88.0
72.0
87.0
71.0
111.0
63.0
100.0
41.0
76.0
35.0
65.0
60.0
76.0
97.0
30.0
98.0
60.0
97.0
49.0
116.0
109.0
96.0
64.0
88.0
73.0
69.0
114.0
64.0
98.0
48.0
66.0
122.0
108.0
80.0
87.0
119.0
30.0
93.0
31.0
91.0
28.0
57.0
25.0
62.0
115.0
79.0
23.0
62.0
91.0
107.0
105.0
37.0
71.0
117.0
76.0
76.0
34.0
50.0
34.0
67.0
56.0
111.0
52.0
91.0
80.0
33.0
119.0
76.0
120.0
93.0
108.0
40.0
71.0
119.0
112.0
111.0
58.0
88.0
105.0
73.0
75.0
56.0
95.0
74.0
52.0
96.0
95.0
107.0
24.0
40.0
83.0
93.0
115.0
122.0
109.0
53.0
111.0
79.0
47.0
111.0
117.0
98.0
67.0
114.0
52.0
51.0
62.0
62.0
60.0
77.0
86.0
101.0
23.0
110.0
107.0
24.0
57.0
85.0
40.0
78.0
