99.0   742871.6033254291
81.0   550660.0945571526
111.0   613096.7757392682
64.0   278965.81475229334
99.0   612248.3905082127
28.0   98728.7849791706
101.0   567704.4736304728
97.0   543559.5165420898
33.0   120170.11231520888
94.0   425430.0407457287
25.0   131160.23224642884
27.0   93068.40110623359
46.0   115669.81409356624
27.0   114482.15558277747
104.0   480438.2710012458
75.0   529251.1566134469
76.0   448022.26514913846
122.0   643571.6477851339
68.0   386449.9550305357
58.0   145948.68302207143
121.0   423152.46562277037
50.0   247623.19271727165
46.0   193922.28594088554
66.0   145975.53369963812
66.0   420013.8197138675
102.0   594505.895478114
55.0   299516.08783890464
114.0   619352.1643356123
55.0   155765.78508981335
32.0   120105.50926755712
85.0   386817.6127195485
25.0   178168.4511966514
108.0   732079.3854249769
79.0   408432.6147864503
43.0   189569.35407592982
25.0   104894.53122690227
44.0   254210.27660784844
44.0   251706.3643063594
26.0   120579.6236782684
85.0   515976.28752205014
110.0   541289.6337359981
76.0   292197.7780866015
37.0   135875.47563447026
74.0   453852.8947903939
24.0   92218.66625452763
45.0   274251.3975509312
92.0   387350.24785381113
100.0   708094.2934003666
37.0   132676.50473479732
82.0   550826.7121821922
103.0   264355.6844113794
38.0   173969.67659127072
42.0   147533.43612614094
60.0   329805.46026853495
48.0   194732.44480217368
39.0   267114.9695089964
78.0   294626.7541846674
67.0   315328.1410295257
35.0   99715.18500651963
47.0   150955.6908226375
88.0   446196.15499375504
75.0   367625.390717561
39.0   172325.86366650063
86.0   249397.3050230619
96.0   349119.5463341601
96.0   457377.49516580254
118.0   581545.1107775884
58.0   203585.61337244496
112.0   298316.66721051367
51.0   271591.70307391003
52.0   330459.11890596856
87.0   446091.71057539986
95.0   574412.4157688802
44.0   225513.34311667515
108.0   508355.81945893995
95.0   615675.7288769161
76.0   168931.02569796552
56.0   167959.19327020558
83.0   343824.05187092134
103.0   237964.67004399843
44.0   231236.27174216945
110.0   290864.87408575113
47.0   188251.612549623
33.0   119467.61859272969
93.0   678459.8123064864
76.0   380778.3134473972
102.0   650190.3122860645
69.0   443434.56938703463
75.0   315824.1653653607
71.0   497580.4786780526
70.0   312667.33482489234
117.0   410174.4694522147
98.0   199076.50899126512
88.0   336487.1217979313
80.0   438250.91890122247
51.0   290052.9445243289
51.0   241277.5548003059
33.0   225087.25990935825
109.0   310081.8391237367
36.0   119322.40365343259
81.0   520400.5702013826
86.0   520574.3009659164
31.0   123111.91593381432
43.0   276122.80055262597
41.0   101438.60218749417
72.0   273708.6537535023
106.0   291306.93335570465
93.0   436426.753404481
71.0   237056.63313451607
68.0   245257.6544983373
103.0   451461.54337229254
96.0   433920.2714034211
62.0   181202.1999765248
117.0   754900.2837749079
76.0   417810.76326644555
104.0   760659.7243877137
23.0   118359.2926613086
92.0   504311.3921341828
103.0   361027.8572839896
33.0   164496.6501209318
53.0   225031.9670899759
110.0   605608.8654289149
85.0   333246.56587967154
52.0   230792.9903838584
54.0   275562.64138113445
60.0   311330.1580340307
92.0   356588.15972929733
36.0   159956.10907388988
48.0   364830.1121768394
115.0   740690.4239059658
32.0   69763.90832462122
29.0   130130.54357387341
33.0   134929.8197310561
109.0   572178.9635766632
115.0   403997.31130237516
70.0   428944.03676797735
107.0   655116.7538949052
35.0   124841.62319264642
40.0   187716.64918231484
116.0   555485.7824814715
114.0   550403.9891966326
103.0   793585.4097457057
121.0   576058.16421309
74.0   207928.56026637246
69.0   337417.3659459921
68.0   284266.2010196871
60.0   190534.4331623638
74.0   458613.124128677
56.0   173920.58310658913
87.0   331211.77300247323
60.0   296738.2211710734
49.0   213604.36456973458
46.0   185648.2701486924
71.0   373912.95381414174
33.0   84058.5823775328
90.0   359302.6366438194
30.0   87368.8043561976
76.0   300508.10741022264
85.0   253565.87897165804
43.0   155722.7148853108
120.0   292903.7974819251
54.0   116088.76002623473
45.0   259160.0954955019
105.0   664213.6547977006
71.0   252772.18199135695
106.0   422163.29225449485
87.0   501096.16090805916
43.0   253630.1584202482
31.0   177470.01740093404
89.0   241445.71568738588
68.0   286657.9351620306
58.0   351914.23119344993
42.0   179212.16059066108
54.0   207080.44305128415
29.0   156386.04006697837
107.0   369967.52561984234
84.0   340097.09399481077
49.0   215343.66670221213
107.0   500132.2262524993
33.0   136257.74805090317
95.0   274718.5334456771
50.0   294565.84924954263
104.0   225035.89583515562
110.0   313226.1793521169
86.0   326019.0947438295
90.0   433499.9187687769
99.0   396595.60275473905
101.0   647477.4835437232
95.0   627501.9953525284
103.0   662935.7570135572
41.0   174138.59275638778
78.0   494301.05545604695
83.0   291413.58127452014
114.0   497231.24253586313
52.0   368933.76591495203
72.0   406350.04823960405
53.0   185927.35833828573
30.0   120793.78858994394
96.0   576001.1192533334
44.0   227710.43517133946
34.0   247739.7785530089
121.0   458573.14671455655
104.0   674396.2561790937
73.0   384359.11399803264
69.0   257534.2458237971
96.0   360403.54731153435
84.0   592713.7592989639
81.0   253537.6075561874
67.0   252814.8246166655
39.0   130454.6482192316
93.0   490804.3677970091
84.0   349783.02394200244
122.0   451719.0503125246
59.0   162617.54764635107
111.0   636288.7148713062
43.0   172214.45196459873
57.0   259751.56250266763
50.0   268064.2105531812
60.0   262684.95954437816
36.0   181143.49603424873
115.0   407964.0281536537
41.0   67236.8314769335
30.0   132636.32913862338
110.0   543657.6933562943
84.0   421405.52794147155
90.0   350000.17494781374
108.0   443724.35139593686
35.0   215182.78768561932
91.0   499476.17216064996
46.0   264783.0630301229
113.0   472386.33422163007
26.0   112387.54140320042
31.0   112311.8411776618
91.0   335447.859763832
102.0   240864.49329446926
70.0   165116.92065018433
26.0   130253.36350104715
34.0   177394.96557249888
55.0   200296.28626445125
31.0   135227.82773072898
23.0   162407.37739853162
83.0   336588.53470685356
55.0   197198.4629824066
107.0   448360.6222915998
121.0   501595.30586995615
83.0   425420.08318387816
39.0   210836.35071650517
86.0   256312.1045665221
89.0   489679.3667325429
122.0   707883.1567352884
60.0   198001.12921781902
42.0   231290.4529758278
63.0   186800.1314570067
53.0   394435.42703976214
105.0   461192.08688856877
75.0   234750.00154245185
122.0   582397.9417443015
94.0   542745.1898446564
69.0   326372.22403665143
81.0   570231.3116071391
118.0   571781.1697354111
105.0   484431.251069925
68.0   258142.35076355728
66.0   383568.42080499587
118.0   314262.36304527585
35.0   151501.35133687666
108.0   529986.5510323049
83.0   412816.7215907029
112.0   326338.0186562632
66.0   447431.75392809353
45.0   173748.4744711996
88.0   209976.23070352085
73.0   397931.13095509924
59.0   281744.1543477291
104.0   478887.48422413383
40.0   276172.2663245722
102.0   379868.64233615226
38.0   193684.45258219083
25.0   138355.29034143934
80.0   550790.6451593973
78.0   306206.5522096232
90.0   414395.5978769994
94.0   475627.14255961805
59.0   268596.08113069256
47.0   223533.43022598673
56.0   197312.8169332054
32.0   156143.68348662424
98.0   327191.2338683751
108.0   512111.2971909553
94.0   254123.2011233434
77.0   320267.61077229667
59.0   253312.6875687476
48.0   196625.48327910126
55.0   291468.602041817
57.0   247629.35366913868
26.0   145434.0776019767
45.0   230330.2231670787
92.0   243061.62325082844
52.0   304677.5066850751
100.0   405538.513934746
56.0   195561.08351291242
118.0   666235.2717849418
39.0   86310.38839408102
73.0   382570.48899073066
85.0   312406.41823110386
59.0   245221.34011843574
94.0   603446.3696591144
36.0   217163.03612807018
105.0   457204.082221586
53.0   193649.00384960705
67.0   134257.61246041028
79.0   396953.3826099487
93.0   480832.2686138508
27.0   82974.25555627873
39.0   142211.9533745244
82.0   231988.2413223881
49.0   243260.10529276723
63.0   385386.5947795962
27.0   97115.62511304277
118.0   456973.69736273383
40.0   173520.1256047521
76.0   308459.46733527933
68.0   321066.5131394394
61.0   342361.1853765804
39.0   280407.3938833745
33.0   138512.03138719636
108.0   685216.4629992526
117.0   724000.4167118958
27.0   100275.88892353879
106.0   719105.1403364163
75.0   478202.5712367818
90.0   298860.8107697167
60.0   237324.86382424933
23.0   138896.80061093392
73.0   294256.4759611029
41.0   107904.87587636473
83.0   263495.49546699796
27.0   110577.67698580997
69.0   509571.3649938424
31.0   121066.4766410376
75.0   486757.66517062363
86.0   521865.2515390791
96.0   439713.45578194846
68.0   381180.5251555897
74.0   194492.67313725577
40.0   199508.5902859287
46.0   241260.3646489704
27.0   96423.02845407376
80.0   217791.8305346197
61.0   303056.1342380201
74.0   497262.8367530802
40.0   133045.51214588646
114.0   579192.8684636629
32.0   106476.13083383213
50.0   179745.2630865757
92.0   403260.19366068515
86.0   343145.532902719
29.0   96963.55135096013
69.0   222432.06740030862
33.0   153855.8445350625
113.0   668348.1337708043
60.0   263237.30240767996
112.0   710643.7057769275
82.0   279268.46946931427
54.0   101625.52721620178
113.0   424225.04371422064
88.0   270742.45042805746
108.0   461009.6109120761
42.0   250953.74220566836
28.0   70675.99397058033
90.0   374640.9202197312
24.0   125688.15823806598
68.0   321571.4705584037
95.0   532533.6477463546
65.0   334998.4268464421
76.0   281583.64084805077
68.0   314016.28109499987
92.0   282000.33872879256
32.0   169045.96422183907
122.0   452325.8108861348
56.0   249129.36910154542
36.0   250913.6917763276
51.0   180097.61805266593
60.0   294050.29554106516
111.0   604827.563122817
65.0   347041.9535670937
71.0   219904.27937819134
62.0   144727.98942749322
98.0   406013.5623384196
93.0   237521.5439254606
61.0   225064.51294663773
102.0   451875.79566744843
113.0   672223.6964945117
112.0   666757.8804974846
84.0   492187.2198266893
73.0   423536.58212684555
77.0   419445.97782180354
86.0   180085.3950506545
64.0   313445.6172503551
109.0   329033.3730697587
23.0   146848.18707261645
62.0   376205.06473596103
107.0   496110.3236098247
110.0   498367.09259827866
23.0   97169.93677281168
53.0   198296.27873924843
77.0   265035.0792279183
69.0   238822.88312352396
98.0   563587.5889923635
81.0   360821.7705564721
45.0   131785.49364732776
115.0   748996.6707738528
26.0   136517.31805186332
115.0   501080.2057228934
122.0   618855.9723185677
95.0   288753.7699476899
93.0   345070.9116412789
106.0   370120.1761835769
70.0   272638.6478004654
118.0   675393.485792812
102.0   477241.63125024835
44.0   174633.72417000175
67.0   328295.8554829104
106.0   513903.21222535224
105.0   341262.2559585642
66.0   272100.3543499119
94.0   399002.64258594444
56.0   275635.6138437507
72.0   244706.40715784213
60.0   360457.4468738482
99.0   301761.73176620324
81.0   380702.1701503711
71.0   427808.29483546596
102.0   278924.35414574353
121.0   524985.1839147786
61.0   419235.57826278714
108.0   378940.43697483087
64.0   288439.0905007441
53.0   347480.7785070818
46.0   159469.7448999829
70.0   336972.68669971713
57.0   366187.3189323389
81.0   518559.46250562195
86.0   371195.77699735964
92.0   448085.622917455
65.0   355874.4487354323
81.0   322168.636826341
33.0   194879.55348251716
41.0   126322.41958811469
30.0   125003.13456817833
104.0   536719.9599699487
45.0   177849.43941676052
84.0   376576.9383618107
118.0   528449.8897615505
88.0   375245.07734817883
62.0   383706.5609002732
79.0   342837.4578394485
52.0   384667.1260938333
51.0   242323.89254127213
39.0   96869.52441312805
84.0   408063.85134845204
76.0   189591.67967631956
40.0   208792.13373261047
121.0   526295.2548791651
36.0   203190.2057611804
88.0   433449.1967740952
84.0   510418.3257278219
68.0   250844.44987425578
122.0   911817.4610278836
49.0   255067.8657841432
58.0   181130.23677497366
65.0   336012.36869089724
31.0   203290.4778807388
86.0   449389.6094832182
97.0   245879.33580147024
89.0   468962.4750286942
85.0   340197.2811127772
33.0   191320.73561115973
104.0   578827.7137121424
55.0   236673.26165555714
122.0   457929.0065485735
46.0   190038.47876008568
37.0   160745.96059531128
71.0   119193.889326133
39.0   234360.7383786506
105.0   627273.5264467095
121.0   433914.75852889084
56.0   316182.7757305941
77.0   281605.1415709392
33.0   94861.36063923548
66.0   294846.69071657705
76.0   272498.29152755527
57.0   174733.67725709704
88.0   440747.46181244135
112.0   369837.2977634638
90.0   187668.44974187532
54.0   222819.93037750953
106.0   436171.9860616354
114.0   492077.2151540666
65.0   290145.8408283656
67.0   310265.47937546857
45.0   223492.93121000947
100.0   533922.774456923
101.0   528835.74195055
34.0   185724.3256969407
120.0   561269.6290931901
85.0   453480.76124970143
79.0   305729.28607328027
82.0   538554.4663324205
91.0   484139.6501306805
118.0   508260.19290803524
92.0   514371.1161159565
38.0   213239.01420717555
109.0   368082.0429170456
35.0   148691.7551156606
75.0   325709.39017100184
30.0   106449.66848976654
90.0   504246.63064954925
111.0   384814.74953218905
60.0   263441.5234704579
39.0   186750.56443676684
45.0   239577.94314480748
121.0   651557.8910059918
98.0   315071.93833333394
93.0   239597.7542609706
108.0   752641.8869496625
78.0   377102.0350801088
53.0   214200.39881273237
33.0   98305.28389405605
102.0   751569.4766786562
110.0   789486.9130144728
39.0   261225.41577947323
98.0   516036.8538255771
69.0   222138.2888900724
85.0   339506.5379294513
74.0   260161.70030054098
120.0   890805.6364535667
30.0   200966.75491942573
105.0   498530.4153526766
77.0   435169.93374544405
87.0   456558.9860780318
66.0   240234.62478785482
71.0   204990.71536108098
73.0   282283.6837571919
121.0   752033.991484
62.0   154863.11932481657
86.0   299022.0510281062
92.0   388427.1040105677
80.0   479292.2146618264
111.0   246664.77286947268
40.0   126529.78821645853
103.0   504794.81541484396
85.0   465102.2209555174
110.0   546898.1015506864
115.0   426145.5718508312
85.0   451958.6367022246
89.0   500801.6390383874
79.0   488258.3869868547
91.0   233516.58956895483
105.0   601488.3125167434
82.0   463865.94684761384
61.0   259511.85746601413
83.0   367855.80174014065
65.0   300889.5846582779
38.0   174189.84659972225
69.0   343841.45484584826
101.0   523859.9333134447
37.0   164032.28959337575
77.0   428485.8461118519
100.0   458458.75209925097
68.0   203982.20731561095
40.0   168531.39300038197
28.0   145384.7731418168
61.0   248288.88948023893
32.0   115921.95670244668
91.0   552865.8322514405
122.0   301460.3302833769
106.0   522326.40576014074
25.0   121941.9000683024
35.0   153771.9636493254
105.0   426712.3148036661
29.0   192181.22944782017
122.0   330729.36742376565
103.0   302219.49610265356
79.0   335911.08564701985
75.0   322633.0760977716
69.0   411221.53918375174
57.0   180983.93018214477
34.0   198122.82179000237
81.0   175534.48230828953
33.0   228257.17930568705
56.0   358154.9916698607
120.0   678884.7147307656
121.0   504330.9611605515
35.0   72870.04569023958
28.0   143721.80403408685
83.0   274446.5712781773
51.0   288890.68082529743
117.0   690454.6668531712
48.0   218842.8783374444
41.0   276321.45339509216
89.0   369376.4863373993
71.0   526994.9320066901
80.0   437413.9661500212
118.0   637658.2476311752
67.0   310453.71329673997
68.0   231528.19305833147
49.0   172745.33598121037
81.0   136007.20494002043
49.0   377372.7935777313
65.0   369740.66923388554
122.0   441153.96924631094
89.0   384436.8113607694
38.0   149254.34692432676
65.0   205272.3976104364
23.0   122636.80148744397
38.0   161458.15153232365
32.0   145138.09261685185
100.0   523169.31210820307
63.0   234867.55425414347
53.0   315608.23040922143
69.0   404258.88406560954
53.0   285097.1420856914
101.0   480829.45443947817
39.0   254564.3183486983
28.0   119446.2148763066
114.0   442108.02181851334
103.0   784886.642427452
85.0   289873.2670993554
71.0   359269.37532585685
121.0   533374.8587414179
106.0   491050.5036055973
30.0   195374.38493591742
110.0   338123.57493244903
47.0   89303.84989972436
75.0   196592.83867432954
106.0   627144.1687745844
59.0   206260.7442693807
36.0   144568.6065582481
101.0   242679.83807755404
103.0   478356.615234488
24.0   114658.99488118423
47.0   191901.40087036465
117.0   490487.95306569245
49.0   140493.27186011162
63.0   311551.0278705694
44.0   218101.72838468757
26.0   122616.41207946069
70.0   183438.31455153716
41.0   193215.95075923105
62.0   365709.2883338467
76.0   354872.3524575554
77.0   464661.60294524085
49.0   158636.494349961
78.0   338370.8978535984
62.0   149634.90432974664
51.0   145041.68656004532
91.0   407269.5384282355
42.0   139035.7937562262
114.0   502762.7741233663
45.0   132636.36636008037
30.0   59878.959329436875
53.0   295648.1115673589
95.0   350293.79727058666
46.0   270290.6436175102
95.0   410736.00113166653
34.0   226488.07171935626
25.0   159386.1657977362
79.0   191797.21868748724
24.0   78310.6236716691
117.0   608120.2391726642
82.0   344656.58243742946
108.0   426824.3696697786
114.0   717796.9489026776
97.0   240075.25866935702
72.0   347447.2219915761
116.0   646135.2630731921
61.0   385485.245092097
89.0   507051.4498688575
111.0   619376.643855577
43.0   194659.577891041
57.0   295046.2141518238
49.0   140876.1054789484
39.0   226651.2469695544
44.0   142449.62300252216
76.0   300761.5641467844
28.0   177650.32280201925
70.0   471144.602442174
110.0   551895.3663085927
61.0   172223.13962902315
35.0   177744.94342838478
118.0   478954.77266787004
114.0   226587.58969197198
26.0   143382.4448715796
70.0   273387.12188385625
82.0   346034.3883261524
100.0   432942.39487555774
66.0   127249.2771834973
47.0   85693.79761862387
51.0   212602.96084464504
29.0   109121.34021871602
62.0   370140.7083020748
48.0   277499.02068437735
72.0   321788.4571777988
24.0   61552.16678106675
83.0   575261.6021606557
60.0   310088.06565625157
25.0   107150.31252637274
32.0   130013.10955080968
23.0   81981.04528796097
49.0   189825.20886949086
86.0   255178.60460618124
77.0   125422.77826429658
57.0   354764.3862896472
68.0   403148.08114303934
64.0   211855.7331256862
99.0   672809.5851412048
102.0   518596.8779000151
49.0   351760.1027491957
94.0   653750.7849435939
45.0   167990.43764142168
106.0   309116.6976680981
57.0   232735.218723922
52.0   165441.65690315925
88.0   409316.2136328491
41.0   175490.41154807783
63.0   225391.0049895531
75.0   265592.14182418527
43.0   125741.15125705513
104.0   346249.3428314132
35.0   188717.4128997883
61.0   111713.68199212258
43.0   301005.9874233871
70.0   280853.11941076495
121.0   486138.58996279683
44.0   184039.69249180067
103.0   526098.1264704192
46.0   273175.0130125987
84.0   590825.7863240853
81.0   324747.11446088366
72.0   394132.84583605384
122.0   616954.6146840221
93.0   323665.62321208493
119.0   538591.8737753388
74.0   195087.75112891675
67.0   313083.2292217331
57.0   254063.77809127336
93.0   683251.5277214805
75.0   312309.3675666789
99.0   338216.55065112555
23.0   73635.763104226
98.0   451576.4844957486
89.0   336207.4055364771
97.0   557536.1607438313
58.0   234201.7559722255
72.0   257355.54883523117
71.0   448509.61931495124
97.0   357714.7442508151
82.0   459977.2190157038
51.0   204844.5420696359
35.0   140980.90067608468
54.0   193773.7380075778
66.0   217402.80472585317
120.0   818825.8552532746
52.0   240233.8374932309
29.0   166327.0510233833
105.0   522421.0466761072
29.0   115622.00410819326
83.0   328550.7448978537
29.0   101759.62874440366
120.0   829597.5399516774
37.0   199946.08790480663
70.0   331516.4026907412
85.0   203920.60090329094
106.0   563958.3631859985
65.0   251262.1037958583
28.0   175856.3892792916
36.0   161512.42114584596
78.0   429060.293474542
99.0   372498.2594404557
97.0   215880.81972849174
33.0   185939.65491438608
65.0   303269.85111625027
57.0   364488.3697748851
83.0   314723.09028523834
116.0   419884.92971188604
46.0   166523.87501999707
35.0   209307.57601002033
81.0   357663.9866873692
56.0   257451.06797140086
25.0   125182.51522511523
82.0   411134.62865068327
117.0   850995.0286466522
34.0   211067.88730012276
121.0   671568.8009550632
92.0   261142.76308257013
105.0   683940.6162760556
51.0   173938.55850424257
32.0   140305.8348460692
117.0   409402.0652307122
24.0   79983.47901820479
114.0   373372.6296995082
114.0   576144.6059364591
113.0   717283.9824440215
76.0   334025.36787251494
88.0   661777.3532415524
86.0   295044.3712324166
30.0   93327.457322855
103.0   505871.6121900758
43.0   203105.88224431028
41.0   212393.6077522834
79.0   514459.2553141211
112.0   626185.6338898479
85.0   602015.5040481478
94.0   242811.50467490137
69.0   272807.93934382615
48.0   242837.37492894093
85.0   379598.4575236678
78.0   297306.213141785
122.0   847122.3877415982
36.0   196652.85664888477
108.0   483128.0065782741
104.0   595631.2023411184
52.0   184983.12807744482
86.0   221776.6349935467
64.0   330191.31473886926
61.0   426718.8875716242
55.0   117690.34199561534
57.0   273201.9637330596
64.0   361018.2876988203
35.0   115686.28252290982
52.0   207793.50174475243
86.0   521002.20234209026
62.0   324279.83745449485
23.0   136760.1566502821
89.0   458763.63877758576
88.0   506327.47368465515
30.0   148985.723611562
54.0   287691.636150544
51.0   184625.61452931716
80.0   269302.79038754915
54.0   244319.67164700056
58.0   298467.89637921925
52.0   182596.80078545227
39.0   173091.9090885863
106.0   695699.51988498
77.0   487663.1879160921
65.0   223148.28862282596
93.0   586054.1411666021
103.0   435611.82167865045
61.0   293590.85188648535
115.0   641083.9790894045
66.0   321344.85015130945
94.0   387961.75382134016
68.0   276611.9166959166
58.0   248414.49246588798
65.0   157219.7087787487
50.0   173720.6281049277
24.0   123799.3526204599
109.0   346329.2374490023
66.0   255239.9112090193
117.0   390211.68989234674
85.0   334800.95669464587
77.0   425551.56686101016
32.0   104518.5200248704
58.0   256515.2040147996
90.0   331097.27881592157
93.0   416455.0407851266
70.0   341901.73540481855
35.0   256681.23354476894
114.0   352285.2265726466
109.0   498494.4385275986
111.0   344122.15727626387
103.0   447209.92319973017
107.0   467611.1521302275
80.0   467447.54943693697
29.0   128344.55498575729
61.0   216895.8152306806
105.0   330991.4960449527
99.0   683265.0827669842
47.0   252530.72864903221
57.0   222820.6639285998
103.0   567632.7455884225
71.0   429447.6175856167
49.0   343599.3710220195
62.0   244302.0668311524
81.0   344124.6842452839
42.0   145584.17194160933
112.0   582843.0959242653
31.0   158769.45914298535
107.0   688721.01613553
106.0   468637.3491096315
32.0   123165.48401895944
110.0   301383.88627512293
95.0   644164.9008010004
89.0   462109.5345970143
117.0   378453.01372363657
53.0   346292.2126456918
47.0   169007.34832089551
69.0   443546.34813514346
36.0   132670.099884243
57.0   156931.55461141342
73.0   344150.96410627314
86.0   346654.08370985993
120.0   476153.63342366915
37.0   179855.5775771584
39.0   122020.1812419939
80.0   368664.54202132125
100.0   389883.23564292863
54.0   289919.72569899017
41.0   104102.79344742231
98.0   303340.2827194477
91.0   556116.9410322589
62.0   386276.7183650745
97.0   300073.8441405977
81.0   386650.9937978206
72.0   384556.29001695896
107.0   368482.11094406905
88.0   428140.4218840508
97.0   372483.0700993038
91.0   374068.3703055111
94.0   515850.4845091738
121.0   521525.73950619187
27.0   100493.00014376953
91.0   252940.53340550396
100.0   360445.07712400315
47.0   231620.4267910979
111.0   487293.4677673157
122.0   648607.4130503379
80.0   422562.10137350304
68.0   361912.16017572227
40.0   148318.87782258267
97.0   495468.80433147587
65.0   394213.85011501214
117.0   464182.4705641968
99.0   705047.5268378569
119.0   487433.02116841514
47.0   263801.79760513874
88.0   383619.76504905877
34.0   95131.05741517927
109.0   336432.3257138526
98.0   493511.74852775934
64.0   247861.7161881874
102.0   544679.2186944713
57.0   368333.9197998805
122.0   539687.8688334108
86.0   594673.9811446851
26.0   104971.53637297335
114.0   447125.19444967207
107.0   343120.81832486816
93.0   270161.98308200145
108.0   352657.49514636205
32.0   105347.05562153988
82.0   231088.38839861235
55.0   274216.7893223734
102.0   269797.43477712694
79.0   243901.6543180603
25.0   116860.71607907003
87.0   470844.1091004148
106.0   350603.051781975
32.0   159724.72207202885
116.0   526361.540678421
33.0   114641.15009821071
65.0   365827.2722800676
97.0   451621.3265370564
54.0   217325.05773821776
113.0   734902.980963606
94.0   413983.69243559835
70.0   257719.27264652288
95.0   632184.29649047
42.0   253337.89003888506
113.0   783850.7521056702
80.0   298379.10519480077
54.0   306619.0156029283
47.0   197882.12227976814
94.0   387874.5014436507
70.0   182294.81008431278
47.0   144463.947420402
28.0   68258.46224685227
36.0   83917.05888172549
38.0   200648.165395646
30.0   119996.31368941715
107.0   574265.3082621482
86.0   535165.9400898734
110.0   255412.95515994623
30.0   143995.71815013996
122.0   670124.8149874961
108.0   368034.2706115103
43.0   149203.38166599342
90.0   391655.07392238517
24.0   141456.62959929084
50.0   249569.01175246245
79.0   248768.88054015138
42.0   163528.85720347572
37.0   91801.79890088688
114.0   807067.1963523196
116.0   351686.67474934505
111.0   479381.89263811876
100.0   488282.4631324052
67.0   265095.55523230176
61.0   211183.33042543646
29.0   104826.76121465363
43.0   134283.05725202517
103.0   626271.4529399113
34.0   143211.7938104216
78.0   261449.52271655694
31.0   212125.520472097
30.0   113229.5331819322
92.0   519740.79735182755
120.0   630423.874833545
75.0   471302.1642579399
64.0   213134.61734617158
73.0   308344.2574559998
74.0   484844.49041639734
33.0   176483.48105368947
90.0   500992.89491549536
25.0   104723.81294149786
77.0   382193.2928745914
57.0   226985.39374363728
107.0   554702.0287021891
115.0   607161.793104089
71.0   369478.6624957423
113.0   701062.9500285689
54.0   216269.89742023734
107.0   376833.0736063165
99.0   438115.9594034873
53.0   330488.26355724706
84.0   325676.03319560626
75.0   411074.47963777755
25.0   130020.24630438737
74.0   301156.98078754655
71.0   245464.24915196453
119.0   434664.8715154839
95.0   551020.2615195761
113.0   456270.60881176026
34.0   126614.2259502489
57.0   421316.1297615061
61.0   179443.2778018757
101.0   444865.6705913265
86.0   482464.1239271629
100.0   579906.6986842458
75.0   210044.23263591123
99.0   491784.725551427
26.0   143162.4442799107
44.0   200203.25744327618
89.0   356424.46680408635
51.0   330463.24345043383
118.0   646317.8429310328
62.0   247526.94669214374
87.0   210637.96205310078
86.0   297148.5584149918
31.0   130823.14882966585
38.0   107008.39118950986
40.0   234161.8139680884
70.0   246454.06138337284
32.0   82223.1071069252
68.0   451742.2357042025
67.0   227280.64525303437
111.0   689017.7515103947
75.0   261294.94750504417
98.0   568080.8098762926
56.0   279399.1238368734
120.0   750737.0171160528
86.0   356240.70190446044
99.0   338817.99054944795
36.0   145929.83126522132
63.0   256433.49449210902
91.0   489173.26555139746
69.0   365447.69048731215
103.0   417011.0786549787
27.0   181748.88065877784
40.0   201198.2584403819
23.0   172978.2602058074
61.0   126252.97239781696
73.0   346021.76129968336
60.0   191805.07609835232
105.0   363915.4520179542
92.0   362537.11141698516
81.0   201200.51152089995
91.0   435733.0990629932
64.0   174319.52296599094
32.0   200255.29330835977
120.0   359861.7397211248
36.0   200747.22623391004
26.0   129826.19716797367
63.0   409876.6260577533
63.0   366923.01865222683
118.0   547024.7166291635
121.0   376046.4071503341
37.0   153605.912097663
83.0   197285.78102284195
94.0   508736.0370517649
97.0   562510.1710596221
78.0   246351.67180160922
120.0   655017.5067714473
113.0   580890.8801463571
36.0   257174.97689661852
110.0   219781.5952550235
110.0   375473.97397935344
61.0   143153.10693083523
37.0   178114.320995105
52.0   210991.76770768242
69.0   241546.53262656016
114.0   645369.9516715104
88.0   279816.0334250242
45.0   283111.4509012175
103.0   718147.2226854572
104.0   300603.13108734234
54.0   271474.10976398835
45.0   205087.29887172036
107.0   650083.4344908751
35.0   182993.40201399627
37.0   184592.79581697413
82.0   429068.73459143174
34.0   133349.61435508792
41.0   231878.39529949584
88.0   336815.74011958943
57.0   256613.0503312669
104.0   661857.8644877876
65.0   243018.5044118836
119.0   430099.1523380791
76.0   345418.6829883245
64.0   222375.6813970774
48.0   157687.8701600621
64.0   212411.3909729485
67.0   384735.34696451854
27.0   160545.764005239
97.0   488356.10093817615
56.0   140264.07421846557
90.0   410015.80128020036
85.0   404117.6796931683
69.0   383891.0087676954
63.0   238670.3089699279
107.0   506464.1377724579
104.0   443505.59313452255
26.0   166612.8877766873
104.0   608353.0744814584
61.0   291739.2970058457
121.0   729836.5191412554
100.0   329547.9850709806
49.0   268097.74472993414
96.0   397729.16348575865
119.0   641584.8591391181
45.0   194882.68334358785
28.0   169521.8360024488
24.0   112706.5665929968
120.0   599364.7024872401
39.0   227060.40309954048
106.0   554135.1703518085
33.0   71467.65909041234
78.0   454182.3991173201
53.0   227997.93187114212
91.0   547359.6262498199
57.0   216939.79580979943
23.0   139478.34423044426
31.0   183051.2243520146
31.0   106859.06042814806
60.0   241032.34968750857
50.0   235003.55537977343
121.0   327342.22933438286
30.0   113146.1921613002
66.0   388641.99538816273
121.0   566161.0874043918
32.0   196574.23228625863
45.0   145220.8199748891
89.0   274698.57537446497
100.0   463093.47772860236
91.0   423911.16480527696
41.0   254805.45388289916
76.0   267675.66796358296
56.0   282164.99100152403
61.0   354071.1675227792
70.0   334306.155328701
49.0   183659.89900116186
87.0   359692.3846364289
32.0   78463.57672969383
71.0   290453.61621814733
86.0   302882.2367406734
59.0   258007.6623340496
98.0   343393.92282352824
24.0   146917.87041675654
121.0   457738.5981481425
32.0   109083.07935062352
115.0   608136.0693232812
114.0   755664.6344416663
87.0   359559.0931349234
34.0   152196.7595684352
60.0   358244.8444034785
112.0   425513.5134989275
68.0   297054.2446392986
112.0   723169.1053097593
28.0   65874.59741179239
120.0   477399.3659743098
79.0   511513.6231325002
42.0   164069.1972631259
65.0   440960.6980793822
74.0   278587.14669886127
92.0   548313.8080966781
42.0   147982.25538952925
24.0   154549.35052682742
62.0   347342.6609160597
55.0   249837.26324028365
54.0   331100.1818461028
122.0   755880.0884943419
76.0   239083.22555922566
72.0   209278.5330199619
105.0   261197.60278054507
58.0   329383.0849005891
103.0   245925.65135173418
44.0   283898.78270102234
36.0   239235.30156053696
119.0   748103.0155184419
120.0   322417.892587897
104.0   408961.25897568394
109.0   588972.8186056492
23.0   119275.8156195001
53.0   196994.0532876059
59.0   154181.019410596
61.0   152888.8571128048
100.0   309760.93298135296
65.0   339281.3096408462
90.0   594869.0736098897
67.0   275588.19666264695
113.0   619636.9210472113
55.0   128410.6255911765
27.0   167050.5696401403
116.0   431462.27557574946
74.0   307945.08987223584
81.0   439957.63128753396
80.0   425483.3302110473
51.0   231939.95306825478
111.0   637423.9184992642
34.0   171041.92559406676
114.0   475866.0190223123
89.0   648014.7402147658
44.0   241561.26900984126
88.0   548296.6324656769
72.0   480505.79537217156
106.0   674372.8877752764
101.0   651052.8723260962
37.0   160043.45496674252
62.0   242783.39003950165
57.0   383996.8240568813
86.0   401667.7282540867
73.0   317315.47235520795
83.0   209882.69177307838
98.0   614700.877206758
80.0   519515.2679102047
109.0   399082.09579464357
109.0   333178.53644218546
90.0   353086.6586714111
69.0   291763.2403065815
118.0   810456.9343299677
51.0   196313.23375357583
73.0   257123.85048379272
58.0   344303.85385176947
64.0   346003.7519630386
85.0   357327.23853855336
121.0   557069.368421799
49.0   181667.36290985678
73.0   171283.3679976386
87.0   169414.27846285602
37.0   144881.9521859616
35.0   140171.13149411767
23.0   95934.48374134494
98.0   444722.4691850562
118.0   606035.5530122794
40.0   86235.77413286666
101.0   192131.24557674158
53.0   176534.77973800045
56.0   240492.2503843514
71.0   209368.60696885918
91.0   510786.477711818
108.0   474213.9397149299
56.0   153139.8793296424
99.0   326970.09993661696
120.0   550545.3175228119
88.0   364398.21031215065
85.0   307643.09410694794
72.0   294600.31475758593
77.0   335350.3107480341
76.0   189409.5377480972
111.0   439917.0445393901
74.0   295726.9201944406
57.0   266539.74421298236
111.0   284939.8216222993
90.0   538703.6267545152
57.0   353865.09034498595
112.0   773491.2537226692
48.0   223431.44547677765
97.0   375080.96661092
87.0   488956.9384311247
94.0   248515.6686460348
97.0   369446.8061649809
82.0   357802.72966416064
38.0   91213.60829549021
26.0   93782.415642444
24.0   142757.63931977347
93.0   429545.81865955744
29.0   184238.09579327353
97.0   141642.3046665128
26.0   82178.94038186572
34.0   232701.89613471672
99.0   519616.8393251195
28.0   82364.53256958089
111.0   734142.7263914177
58.0   300371.4244306378
37.0   236283.39102149082
64.0   309281.1295359897
35.0   132543.94470852579
86.0   587880.5479630851
25.0   133731.30831423326
120.0   385425.5416749971
105.0   580424.3261002596
86.0   356451.83879895764
85.0   552208.3968264676
63.0   243756.022577726
88.0   573050.7103120165
28.0   185234.51061101985
71.0   385296.68430156336
58.0   237331.1339246864
82.0   337754.690817847
46.0   212796.7673546362
98.0   423975.2782496927
111.0   769914.0085662217
81.0   607697.5997539173
77.0   340622.72791784344
122.0   364303.8441785041
43.0   288702.65493985836
73.0   180450.66279631646
77.0   352748.7592551665
105.0   240521.9865092314
104.0   333493.81252433965
107.0   429323.43390519085
62.0   303058.8213346906
41.0   207786.280627917
111.0   613739.2546691927
66.0   225632.5941907985
85.0   520403.8204777711
108.0   497615.3781913163
95.0   589099.0098331601
49.0   219116.15450719555
35.0   168890.95946662212
57.0   179931.24382896762
119.0   809010.1589222803
58.0   236273.48074690378
113.0   459807.7505826773
32.0   140531.99173386092
27.0   153172.44251340945
121.0   600567.9102654341
44.0   287296.16428390186
92.0   400307.26869329077
76.0   377211.2116075841
75.0   395183.6767956551
41.0   181212.3971777863
99.0   297203.49931660446
110.0   781823.7085171856
25.0   132864.0907342281
28.0   130273.86637281808
101.0   449498.83158070623
57.0   309417.33027223643
112.0   468700.3904832708
99.0   448349.8992683798
120.0   772394.0025699247
45.0   169597.58180162136
113.0   494795.07952512085
31.0   162344.22014197567
97.0   385924.89932915464
25.0   140700.0196278412
79.0   238824.55511944648
32.0   116519.18297074459
37.0   242803.3404870855
45.0   239790.55934686272
104.0   584061.9165796845
34.0   44404.283090784236
95.0   599503.805946758
23.0   55750.276686784266
45.0   261604.3774814914
32.0   161518.67718005425
62.0   406651.71993457637
77.0   207186.09908653132
86.0   360494.1031215367
36.0   226613.22027276742
70.0   468381.0928587218
39.0   156101.95690593327
39.0   184346.803081437
92.0   413475.03939779697
115.0   431144.63781902404
45.0   214519.89588426406
60.0   444068.8453274055
117.0   485253.82230635127
106.0   599813.2425477287
97.0   473886.6391796247
30.0   214175.64345837597
33.0   177263.95834772612
38.0   116752.22489952948
35.0   198248.16862632363
99.0   618339.0954217128
37.0   145521.6834559619
55.0   359837.6233190695
44.0   224288.08746070816
109.0   599696.8527730661
111.0   229366.70644588553
29.0   110270.28685047569
105.0   512735.5627453399
110.0   524360.7658634013
113.0   477444.6481603451
25.0   86938.23848360992
94.0   483933.9315651734
108.0   442516.03287390363
40.0   185678.5954499723
93.0   226695.16731072753
68.0   349375.77888986253
48.0   313515.92943257774
67.0   338765.01148326276
90.0   590931.4342748359
83.0   395616.96451325854
70.0   366782.3573137824
30.0   165208.11555516633
110.0   661036.9202159622
86.0   513281.6306345345
122.0   578951.4025396815
116.0   546970.4513701162
107.0   443103.8172506738
82.0   598544.8264340622
119.0   299137.4993623195
55.0   250436.1159280033
66.0   237171.65939726765
99.0   474788.9533542629
106.0   442819.67176989996
74.0   197415.35634914722
43.0   270290.36156183085
111.0   461846.8709630491
71.0   352479.0347426191
42.0   188641.02795052147
60.0   324165.2127457398
95.0   617394.9413162597
31.0   165099.77493002472
45.0   310609.2564885714
76.0   199005.8675442422
62.0   411164.16695675167
30.0   89525.59185028779
93.0   449604.90354501194
84.0   192350.32741943537
50.0   210637.58117882258
49.0   297572.8741611507
115.0   313062.53321993275
48.0   149581.8853210316
78.0   398461.1801588014
117.0   516814.93067636644
78.0   361034.16553175054
68.0   424809.9321161369
37.0   235007.4890185652
30.0   121301.32598519056
82.0   422628.3225526817
32.0   129325.28493994601
85.0   449681.56734058686
62.0   283251.77425728325
41.0   155105.51917868108
37.0   124707.73626958526
104.0   530308.2187539673
25.0   120591.75091726305
65.0   297007.0223535275
117.0   432857.5902298167
32.0   178718.9791978439
93.0   337221.0571839435
54.0   390543.917519013
91.0   218075.73042281478
111.0   184004.41296248228
106.0   453818.63585673436
83.0   290828.05620214954
114.0   544786.8744140139
82.0   404207.25086360186
52.0   133364.3507331236
69.0   466586.61425735155
49.0   214235.12997499947
84.0   284014.00686468446
74.0   399541.56454074784
81.0   293125.22755250806
52.0   366126.789155151
85.0   536092.7327235029
110.0   494787.6945268438
44.0   120582.05940581477
79.0   397450.8108708404
53.0   268084.1909648834
59.0   199674.10317223347
101.0   249816.11139489265
43.0   151940.62947567395
90.0   479684.6664189051
30.0   134181.27192176678
116.0   342976.9542269109
44.0   235922.10854061675
57.0   213076.89047688578
30.0   160963.71913372236
48.0   173761.35957204434
115.0   599642.0691779279
31.0   174084.85703483887
62.0   287530.9938618686
50.0   202288.35073882152
63.0   288354.7510387011
98.0   419929.84989892814
49.0   232952.89141664325
120.0   775419.2799326113
82.0   462907.74792332563
105.0   738930.892813575
41.0   202552.4764567484
73.0   224649.93576294827
94.0   402646.50562350557
78.0   304435.08802233153
76.0   387170.3243210118
51.0   300606.9446507363
120.0   483387.8566300528
38.0   199833.962978957
85.0   210185.89387669007
53.0   184071.11482698252
110.0   468717.2165205043
31.0   126037.44946724069
49.0   182733.1562553567
59.0   317381.96237675875
60.0   111763.20635884797
110.0   475130.9762094621
70.0   220928.59823513342
118.0   490097.10901994316
39.0   172938.16297794002
30.0   181577.6647577976
77.0   388341.9011037265
118.0   358517.6770023167
108.0   816222.127240318
85.0   532318.9083910991
40.0   210751.47647658506
81.0   477674.00219339516
73.0   508040.81240513077
117.0   584192.5002594464
50.0   148035.2430009004
116.0   578499.4249716983
76.0   253232.81722582452
65.0   206888.73285413347
72.0   366609.2693115073
51.0   113117.14835170224
97.0   353473.8190553863
49.0   169272.6566057182
114.0   442676.8332866726
115.0   433164.97773006366
81.0   350504.93038196105
111.0   797075.7973088124
64.0   253249.32682580873
86.0   269963.23083946673
117.0   529883.0796709632
49.0   230912.7987114663
114.0   695897.9311442622
48.0   188771.26100748926
65.0   190629.49588680285
69.0   233103.28866276512
59.0   156808.28038724998
92.0   314173.4968176763
32.0   137359.5608796659
32.0   129092.02845767837
103.0   231881.80968032766
24.0   99525.5442025112
110.0   369197.9075673502
88.0   385214.8474573455
57.0   261427.4779627485
114.0   589039.0420316804
45.0   216202.17863809006
88.0   462992.73294028454
59.0   370808.62195485574
93.0   289215.54940481787
98.0   594139.7416810609
33.0   208870.1212302269
48.0   306192.6361592037
64.0   385578.1403106073
89.0   307243.89953104744
113.0   515708.7006431415
79.0   306014.32300879445
82.0   475535.7712190511
62.0   206785.4299077719
104.0   444831.9094321229
101.0   429242.38538946456
77.0   450151.10938910756
53.0   239480.63797643807
59.0   169468.18606136716
31.0   183440.59179259132
121.0   433132.5444582159
110.0   671465.1242539289
56.0   429741.69920533546
55.0   215213.54514799616
40.0   139384.62480156275
78.0   233102.62866894953
43.0   118801.72574537601
68.0   327377.03620625316
39.0   216135.87184695757
89.0   508134.6323453805
82.0   621812.6863602333
119.0   516899.4018729061
67.0   346979.1016435549
78.0   292510.6812129407
62.0   436326.37634196854
119.0   449478.7896116257
117.0   553332.6009375615
71.0   367392.08365578094
25.0   109373.43664150669
68.0   247325.61901548243
69.0   332753.4724035335
57.0   287262.981872987
114.0   306902.425528089
33.0   115539.47264990343
64.0   209833.87143493767
93.0   245556.45884543477
63.0   213964.6881046632
68.0   230373.79651217337
24.0   81907.84833816033
80.0   323802.6685294312
33.0   234548.21656594056
110.0   463421.2235744071
88.0   426491.1976475191
111.0   521369.97804859845
42.0   147026.07998045167
74.0   241513.0377660445
55.0   326306.4411253132
109.0   281343.95289710036
122.0   547457.4184337425
77.0   267234.62020929105
113.0   596478.6056000793
87.0   379472.0809034065
106.0   412096.311923268
41.0   216869.17141701424
47.0   261850.0659911057
110.0   607080.5097449049
34.0   230927.4850382366
50.0   153474.68819738695
73.0   305200.23919865786
117.0   383641.66626101907
60.0   265544.1847830822
38.0   236490.19112263795
107.0   220914.6186351453
76.0   439083.19820274384
51.0   343347.08223401936
25.0   114655.14741577202
76.0   505251.2506898896
111.0   538201.7197253215
80.0   341199.29478679464
24.0   57901.31331471929
23.0   107082.34149311057
51.0   171232.00522764766
85.0   306047.7552886091
71.0   272848.0591660203
79.0   206076.72079290418
36.0   126640.08863898428
67.0   242652.02678302204
51.0   140541.63066986273
63.0   272883.0959112178
35.0   165151.5530951996
115.0   390197.7985965316
35.0   133251.92561665009
65.0   359067.02553593705
108.0   459354.2427942162
28.0   134208.06491896298
36.0   90690.08673410838
65.0   468052.1640865071
109.0   480979.9037373261
26.0   95767.33150594271
82.0   571080.4650620999
64.0   323218.19898968126
61.0   281186.3131713446
85.0   411872.5128939095
28.0   105665.05360964868
94.0   569279.6062319455
54.0   257705.348977489
110.0   401962.9944701726
54.0   201297.7488691478
32.0   121048.62834470451
82.0   319454.9777316625
72.0   195639.80371025918
82.0   428362.3903166441
77.0   267349.4087023118
104.0   232772.25620139463
65.0   181560.51693578914
37.0   217821.85495756255
51.0   177957.57295010833
23.0   93638.7770328099
86.0   401899.12939878274
27.0   136501.45342992223
94.0   281938.5791630032
44.0   249272.7775669439
108.0   643211.0791874288
109.0   575126.9983245233
37.0   207480.23167882394
87.0   510672.7791877739
95.0   358042.8624653551
30.0   125385.11071493062
24.0   158963.8098406052
79.0   211149.46458840542
86.0   509326.2774968696
85.0   218491.09347526584
78.0   214999.7885261253
70.0   392132.4500465031
78.0   265993.95198051585
98.0   570649.1521399069
47.0   182916.40050780677
62.0   182139.8347001605
48.0   228250.71938320546
95.0   517686.63462744793
86.0   246130.45856095236
36.0   141627.19369812217
59.0   326251.13421879144
45.0   201795.53145382126
28.0   100961.49606942708
48.0   297205.8395860369
57.0   198839.7616818856
27.0   98415.15762657211
25.0   112259.56104309113
60.0   184555.31156568945
103.0   493044.7647389123
121.0   814627.329574927
120.0   509566.37636526657
122.0   601810.0196299996
64.0   242560.36113508383
31.0   139375.17341288237
37.0   146586.73984687938
37.0   187329.62603818878
43.0   139915.07090456493
92.0   513118.20975771564
87.0   333882.11440522363
93.0   712134.2505409798
43.0   185304.57166707068
23.0   117226.83735460011
90.0   253912.26761581143
56.0   250641.76365669398
65.0   214729.37463374747
107.0   605893.2802046603
121.0   382347.9047647429
49.0   229543.80566340513
83.0   298489.39976843016
64.0   342554.13778170774
87.0   261887.50185256472
102.0   243187.8920472738
76.0   305464.1232492669
64.0   333714.2833438088
41.0   120714.59668074753
85.0   246788.72328388278
114.0   387856.83688629384
108.0   304511.2080896688
39.0   153068.4639534856
110.0   499356.6754861893
114.0   455848.4243545755
30.0   124419.28116815229
122.0   546141.5709305371
99.0   344511.1143598947
84.0   425174.6023106439
50.0   235566.40080083144
76.0   378126.80631111306
25.0   156940.09654339205
55.0   130399.57888935159
52.0   306343.2399729923
111.0   296449.3043403279
79.0   210519.78435053534
101.0   399646.84183337406
68.0   243166.27625690025
39.0   138031.62730493728
40.0   134148.41446274746
56.0   226957.34561673834
96.0   226193.08255861845
58.0   348557.96728736244
80.0   317507.5029840528
95.0   319652.09296153416
63.0   193308.98342744468
104.0   540938.4210287229
73.0   243045.9966365721
37.0   213327.48710760957
114.0   601443.1152190738
102.0   512966.26088649983
61.0   244222.2676792371
88.0   296409.86161702493
59.0   302410.96751789376
31.0   112416.71107587466
63.0   156081.60024331894
118.0   310878.7741931007
41.0   236000.5309744814
116.0   686179.1599288727
121.0   330706.58126397076
96.0   299039.0038856059
58.0   222693.22522796778
92.0   430919.598360237
47.0   244524.5289550023
84.0   305546.47760389495
55.0   207471.87295995228
118.0   527280.6060530639
36.0   115060.8512766688
90.0   554197.4052563048
82.0   409137.22105306946
41.0   188398.98276188437
107.0   293001.1874699101
29.0   74428.00964023662
108.0   726098.6429773959
110.0   615604.2866869962
80.0   349466.93791145086
32.0   61200.43676308051
112.0   407549.16077829705
74.0   471913.09152764466
97.0   625019.6727292724
102.0   333073.080549417
24.0   161838.0690895566
31.0   144077.07075514444
86.0   473327.88320268405
76.0   266819.4276460173
96.0   342352.1358481002
71.0   361052.7117909128
118.0   370173.2854542347
53.0   226589.2159187348
47.0   273109.90484892135
112.0   232963.96641761714
80.0   504249.5024785232
43.0   175345.573492768
92.0   606722.6546360335
93.0   659134.2709561319
108.0   409331.521484307
36.0   80242.15922240901
79.0   186108.05640847873
57.0   227384.9594953323
25.0   135404.44128146433
58.0   288368.6267458608
50.0   200329.07377166935
64.0   221619.4426648081
48.0   212957.63787099585
34.0   179435.95130520346
60.0   224306.7730753497
98.0   265605.63883287157
79.0   404675.86531788006
87.0   422660.74262390967
73.0   307191.534534798
67.0   223344.68221396054
121.0   479438.40582369117
116.0   548510.9862173939
27.0   79934.52878829572
60.0   382260.29359673866
105.0   422169.8420555383
47.0   164675.18057365893
111.0   384672.44741121685
72.0   296672.47669641295
75.0   367364.1933215722
28.0   91477.70950531242
43.0   154477.37733074668
105.0   458207.54395193735
122.0   666066.6552950727
115.0   567431.4937599048
84.0   528762.2709864746
116.0   424736.30008213414
87.0   521177.85340819374
57.0   241140.46354308058
119.0   438196.99709557457
23.0   129597.74456233963
49.0   140275.75576501057
91.0   336545.42319883447
74.0   373772.2770687746
38.0   278742.47228497633
103.0   567945.8430425553
59.0   157171.30805834744
83.0   235668.58102735347
25.0   133611.52209318627
38.0   85103.81341383314
115.0   668280.7765852604
54.0   259760.952895672
82.0   166030.23497194127
107.0   372589.52100502106
100.0   317497.35296789143
46.0   142255.49043419966
26.0   70732.86925874618
97.0   452195.6647961419
91.0   382158.952197964
57.0   289131.8408776139
53.0   285001.5320539189
59.0   196947.28161419276
103.0   323301.630858647
83.0   313193.9535249003
79.0   229688.64075887055
108.0   281534.9530045719
46.0   174991.57098048372
84.0   404001.2863054217
103.0   415966.7752267797
28.0   109727.62978179383
59.0   288773.3748779519
76.0   428900.08772337716
27.0   142119.8147562067
104.0   231584.64166719696
90.0   395336.1208508658
69.0   390451.06185918243
55.0   338789.0925608174
108.0   390952.0458568211
122.0   905811.1698124942
44.0   290323.7364375977
105.0   379481.651519941
92.0   257290.47610129407
121.0   269422.561490908
40.0   148475.58847887375
54.0   276099.3647648227
120.0   714456.2797345396
121.0   783993.3064738124
115.0   643479.128744645
88.0   376735.5723455139
37.0   63211.35948765165
107.0   365536.91672868765
49.0   186454.5458395991
24.0   151234.10417352407
76.0   402751.50143541675
48.0   257548.2135164786
96.0   598860.9275408168
112.0   683220.5679062775
121.0   529479.1126250986
85.0   512627.27112813183
89.0   676603.474285496
70.0   296504.25152992614
82.0   318712.78194559884
57.0   165489.32334818132
120.0   754503.0956250185
100.0   323911.6276526593
23.0   118693.31375661849
115.0   579035.0744986635
66.0   346586.22155713633
117.0   472601.4287650044
107.0   527029.6592037241
113.0   228735.2822729248
28.0   115803.83817219757
45.0   149042.676678956
55.0   286517.7818527268
89.0   355497.53473183606
121.0   426765.38334785815
106.0   200190.5701862204
79.0   226765.4883395914
58.0   241168.36436610273
112.0   430356.42079520767
55.0   216934.18413855336
80.0   526346.7533661338
114.0   552664.5509550603
47.0   231862.52426690576
116.0   566420.3901091584
44.0   163022.30021666698
107.0   359360.29176266154
105.0   388292.878724754
74.0   447422.83250056603
121.0   776588.1862447048
92.0   555268.8639495953
41.0   196083.1756345578
31.0   160797.78376307932
100.0   422562.30271828396
109.0   794726.4121555309
116.0   265123.6948551293
27.0   106560.22788665596
79.0   188186.78254445823
115.0   511513.96756336966
26.0   141752.03624298683
114.0   613253.5609718342
35.0   102040.40064301771
57.0   245932.74319839146
66.0   137278.70537329008
58.0   241247.9081616425
42.0   148039.83912823992
82.0   486636.1259199297
90.0   364565.87103525305
31.0   122921.29405852467
88.0   572130.7211293166
24.0   115285.86317653842
69.0   416628.21778413636
49.0   155846.4341614393
51.0   256447.99202980608
94.0   437061.5766165772
64.0   312358.50167092605
33.0   173751.65307938075
68.0   266223.3206189435
44.0   195708.84667414488
115.0   733219.067671397
55.0   83214.7696479362
61.0   256563.06187095417
52.0   164311.48989950801
52.0   210624.9563043159
30.0   123240.04532030014
89.0   331194.1608273526
115.0   728521.6414906444
77.0   511715.0255674591
73.0   294669.0260212174
78.0   434557.71665444225
90.0   345022.10701264197
89.0   405559.72219287284
54.0   362132.94797132874
61.0   174403.48777377894
33.0   185760.4601588971
116.0   621006.5222125516
27.0   127338.76278393652
112.0   525852.4178992115
55.0   212529.02133787062
88.0   446347.02982620534
49.0   278030.0825594116
70.0   272363.12395982683
97.0   315562.0182682255
79.0   248522.95972028913
24.0   86758.97712930075
94.0   299721.2386637056
58.0   227937.63942543522
41.0   169118.9179948233
48.0   275087.3093752882
66.0   218278.617179962
96.0   703550.9220953117
39.0   246660.08555524526
108.0   253694.46062329985
75.0   233755.6606429073
71.0   511069.1951083872
94.0   382713.12351562036
106.0   296557.2551391198
90.0   532586.6923466716
75.0   497874.7833457129
102.0   491109.6333130032
99.0   654838.3903899858
113.0   656279.294242173
56.0   157816.032996846
100.0   458603.3875180923
41.0   151146.79267570583
115.0   864484.4854678669
100.0   701007.6465593191
68.0   376083.7788160834
99.0   226923.72066681477
121.0   644352.6752354925
84.0   399387.66217499686
79.0   238839.03202103588
61.0   393729.91681809636
67.0   449945.39933532017
100.0   300412.67795243225
98.0   622596.7253176364
28.0   171280.5734870069
66.0   202350.12580020414
119.0   650962.2246473499
89.0   417851.50302663
92.0   418388.34197525354
110.0   456467.7231221688
24.0   94967.2909915381
66.0   215581.5962016824
24.0   73952.46288062353
60.0   442270.11473092553
66.0   309760.4264684002
51.0   282816.7109824165
67.0   119015.47740875262
119.0   452631.5802713314
52.0   134530.56680288515
101.0   441179.1844209218
86.0   402118.95275202865
23.0   52057.13368602815
49.0   316989.016311651
102.0   422025.3077802252
121.0   560237.6546988013
75.0   360312.6546374859
93.0   384279.95244156517
54.0   393464.3416998194
32.0   110836.12591541166
57.0   378550.4501498646
34.0   172320.12874696564
64.0   449557.65239755635
61.0   216158.50828511314
73.0   416917.94713657
57.0   326656.79530848
116.0   273590.93547653005
75.0   339706.5945732893
83.0   608707.8737316829
59.0   373004.0867878156
94.0   346983.6607420297
101.0   653616.7048164599
26.0   109730.41260904347
110.0   579885.6779002674
54.0   315663.76371078315
81.0   150396.56385667273
115.0   628825.6627633584
64.0   248574.0217866894
75.0   337224.1982722328
121.0   621804.6977006141
24.0   145459.4710510643
63.0   228828.22020201865
101.0   645138.2128352077
74.0   205759.03790100676
49.0   263242.43347610935
72.0   297458.83547005896
102.0   371102.25366552867
118.0   715178.3126306972
65.0   164302.59968739768
66.0   494798.28287388384
43.0   146389.50736053422
87.0   521719.26062056766
23.0   72668.64365225636
23.0   140578.6195783326
63.0   321759.64462201874
23.0   94797.76760352465
63.0   374120.3242593562
38.0   168080.92805217084
115.0   446793.37549124897
118.0   456796.4342698367
86.0   368160.38919497974
28.0   153307.49206986732
24.0   136724.8528709906
26.0   137100.938411673
73.0   502627.96171342634
94.0   237706.0217457433
75.0   284976.6283167562
119.0   362108.2326405874
120.0   386539.7668255108
91.0   315692.4197684887
94.0   597616.4107155919
69.0   306906.8030614428
104.0   562356.1302590099
100.0   701244.8624641921
108.0   684857.5483894976
40.0   243869.80802506523
66.0   233096.7142613746
100.0   618812.1007130784
37.0   212557.1432429292
95.0   539895.0584043348
96.0   583345.1926152636
61.0   323398.80549832183
71.0   417468.0734120462
118.0   484433.92474392505
38.0   232147.972265375
121.0   618110.4186485813
75.0   250291.99311317017
55.0   261931.96571471458
95.0   348584.02754152316
64.0   326267.47354768205
34.0   226796.57790223288
73.0   267943.3670604566
37.0   189483.77610430866
81.0   283500.1442135596
101.0   320939.77744890016
26.0   99689.06237972854
55.0   115337.5037159271
90.0   373714.50715730566
49.0   218494.80665325985
105.0   418461.88503906154
67.0   133597.74593512458
67.0   175017.21448731315
116.0   552718.4408761244
46.0   159966.10059092543
57.0   167490.59354576503
33.0   116785.33163069811
79.0   320659.88864153856
106.0   529170.5983793221
98.0   351957.45928130584
37.0   216105.31344763646
115.0   513487.2747635725
64.0   236571.1401896441
91.0   325170.7805851013
92.0   303198.20700687775
114.0   451884.16817073367
57.0   403762.86580112035
48.0   215283.5530473853
119.0   409512.38935847045
111.0   643309.8556041118
110.0   660284.2129185556
121.0   577933.1350797539
59.0   187798.74834482817
62.0   243732.4596262171
26.0   42343.03614707171
27.0   98164.99681154035
48.0   152845.61549780256
107.0   624325.3959019226
25.0   112898.22131756427
35.0   172823.04383035126
74.0   289401.05323520355
78.0   348058.459190849
82.0   335022.8663647526
28.0   115077.24213155179
122.0   257163.85089327313
99.0   571084.721582738
28.0   170008.10698765077
34.0   190110.70939472277
119.0   331568.60211382614
83.0   432679.0267655295
108.0   495540.49506211217
46.0   285024.7218199499
64.0   275991.949526667
50.0   251707.99150366263
120.0   605211.12994986
40.0   277410.203653105
25.0   143309.93889758896
94.0   570338.9095419431
47.0   217847.5333400135
98.0   254371.87405834536
119.0   477525.722314231
109.0   518776.36809786625
45.0   120490.43669239274
63.0   298534.2739722248
87.0   191433.5706117832
110.0   567790.6716546052
24.0   101688.86978334376
122.0   850476.5078147812
59.0   411350.3082174629
111.0   575201.1080867442
37.0   175368.68196545503
41.0   235736.76864570042
108.0   297067.60751056875
36.0   175382.759048403
57.0   201985.5468912808
66.0   414292.7567119922
54.0   275026.5427108397
32.0   97655.33146450896
60.0   343867.4631389643
25.0   136674.35480147062
40.0   175278.79900966384
65.0   419002.2240706803
44.0   248584.08157285393
97.0   604631.2015209366
94.0   320384.28760205786
70.0   324640.0188851254
86.0   263439.7946448899
83.0   532076.9240072375
89.0   574423.4569919225
93.0   283129.51914739626
57.0   222854.35880789434
101.0   382388.8789185883
117.0   367540.1699605653
29.0   148506.97398227276
82.0   390496.5976779565
27.0   151210.62220240853
94.0   447225.81495144527
111.0   717601.691124142
60.0   162118.8901044038
69.0   428454.86334572546
36.0   241458.59106727637
68.0   253388.97864678391
38.0   262382.49914122396
105.0   475318.55216062476
97.0   355765.7841679015
60.0   236220.47792341674
59.0   250861.83652365126
59.0   150172.19787739275
103.0   322770.353305832
81.0   498905.9953732244
30.0   66491.92509953053
77.0   267088.47780705756
47.0   271474.64296759135
93.0   656629.1564876192
116.0   755961.7988658445
54.0   276156.20215702103
56.0   328703.05482734315
74.0   410835.3968642875
24.0   130618.65469780107
76.0   556250.4839527444
68.0   241159.16616820553
51.0   310375.7999643678
115.0   773011.7315665883
116.0   394041.59379281884
114.0   596488.1702044246
80.0   352373.6414829936
120.0   873262.0563582808
107.0   437234.47234652506
87.0   349117.4843075128
63.0   144786.76817616014
48.0   297493.18784077547
88.0   493038.73614284315
103.0   550744.313858565
63.0   392272.91875320725
112.0   219789.12345849088
51.0   214430.78664007754
88.0   375536.07280573406
121.0   554317.7489529842
104.0   516917.7319620432
81.0   410228.26480050536
104.0   589763.811141418
68.0   422337.3009722031
96.0   480749.4897549551
119.0   626007.5520536961
42.0   132314.44298244544
34.0   239552.42888970464
78.0   483127.273629639
97.0   516041.2559127569
27.0   148940.91079359228
106.0   373842.05552838295
104.0   613639.5039982554
52.0   227625.95818840826
97.0   433217.5723375856
89.0   470205.7751452047
67.0   306443.78038309736
104.0   331429.8865562695
23.0   82744.6496340418
24.0   154011.33471149267
90.0   604359.8073541819
107.0   493453.3762210714
84.0   307503.86260208377
37.0   159236.24100748493
94.0   496353.96866149874
109.0   222807.75559451585
26.0   75903.97588810766
28.0   103953.06349090836
64.0   297550.0111027833
70.0   420834.2564582112
44.0   114418.9286394395
41.0   172650.2183890242
36.0   84672.83349663146
90.0   357458.46194919624
34.0   184370.50054881352
121.0   334784.8889469203
113.0   372094.2349588781
108.0   454953.22796107014
46.0   161025.41799225105
31.0   76586.93349505826
115.0   532612.1835709583
90.0   399882.681126395
49.0   194643.96478260693
78.0   519672.58270951035
79.0   287468.11296838167
40.0   156490.8707987579
105.0   359886.1437500905
25.0   79802.47359453456
43.0   160635.29930775668
38.0   242541.94333640387
23.0   154073.41133558055
38.0   154410.07630479996
70.0   363156.00738404185
26.0   111198.89536551497
109.0   425506.3936412609
24.0   143693.46297208968
103.0   504371.70050862845
67.0   319802.5229269471
106.0   540312.639687953
110.0   767595.8788207847
46.0   156266.84379951571
94.0   561261.4864480922
49.0   234141.48156059525
114.0   535872.7390291274
34.0   129847.66530473216
86.0   485374.89438296645
53.0   292041.5896291421
90.0   592706.5762619864
58.0   226777.04126799267
38.0   212155.68392153
55.0   171237.3413543794
108.0   671509.8935972984
43.0   242931.45637593922
117.0   786872.8495312092
36.0   231840.67268792278
68.0   404123.86512147426
107.0   516138.5395798643
120.0   470643.5722736703
34.0   120302.84196744747
42.0   56580.95766484365
117.0   303259.0650727252
58.0   254692.37117378155
61.0   284710.75111331086
32.0   182705.74436758185
76.0   340255.0658856811
66.0   284636.11286789255
30.0   166035.18706404162
117.0   525373.8636615319
60.0   312661.45738586993
116.0   423851.6297336591
57.0   295854.0098276917
72.0   201820.3657420762
76.0   296352.10740016954
72.0   338967.60957552533
51.0   262763.81174037466
98.0   513851.0274767266
48.0   197446.11258841865
32.0   180923.50597481674
107.0   422652.0448590343
119.0   828989.742073318
48.0   161073.35840171954
82.0   564011.1559225622
118.0   327610.9692254705
99.0   512496.58401708986
43.0   122286.42374540283
71.0   449616.30407830083
64.0   215234.66492384093
92.0   208684.3837446617
89.0   445969.566615949
30.0   170689.27123513978
108.0   487929.5691065801
28.0   119277.0478566316
94.0   279895.36869640095
62.0   419854.8307794232
115.0   487683.1411900575
41.0   207414.86578146374
122.0   521461.1255837065
82.0   407845.34868567856
61.0   306731.20639323187
78.0   444200.7434245568
78.0   325158.02551803377
62.0   229493.37957086286
90.0   399338.5788895134
51.0   234717.13102585843
27.0   116958.87948892337
79.0   262337.5072311063
121.0   471940.27953808644
99.0   713719.9854090239
78.0   541216.3338923531
45.0   183091.40789167254
105.0   347994.2948158951
76.0   407782.75624902314
88.0   584275.1749260151
53.0   211418.11386286758
31.0   88415.19723656059
64.0   106815.98191997058
101.0   377114.86284702463
80.0   355314.30157454
85.0   558516.6839278223
46.0   211989.80125957966
79.0   273632.8370844956
61.0   353230.9759978592
36.0   151621.94612205768
97.0   542446.4192648897
103.0   396600.0071293263
69.0   247891.5726975137
121.0   798195.9404383907
114.0   719721.7355110646
119.0   640577.1788107819
49.0   346242.25507932546
95.0   616231.0053646544
42.0   264913.94057126174
78.0   421282.97905522684
58.0   293217.2521113154
46.0   216973.16958011064
60.0   365079.2466126615
61.0   265645.7314345712
52.0   105900.31532693192
41.0   209395.7287073498
114.0   678106.584743634
66.0   254957.5230778769
71.0   314885.01412528125
86.0   604611.3310533555
25.0   60778.67989329891
78.0   514052.6867200599
114.0   687646.8845397695
46.0   191340.3165033469
115.0   547052.9624179837
103.0   271247.737516997
67.0   388428.24356613006
110.0   462610.7586374679
75.0   313926.29016061453
45.0   169078.36975800685
100.0   701912.890028432
101.0   430617.1490375379
24.0   123852.57128551856
91.0   495467.1788007799
43.0   127075.49019853267
65.0   281605.92231225147
77.0   227236.6520309001
120.0   501542.5030972518
92.0   456560.48270161025
46.0   223160.04048036606
86.0   335205.21862197574
37.0   146596.7644706967
28.0   85416.78742074654
114.0   506034.017060861
68.0   283738.3586060174
33.0   200010.0796624029
100.0   347228.8339542665
120.0   672686.5866794712
100.0   377912.8985343008
117.0   662094.1505585475
45.0   195360.2113009514
101.0   533927.5868904294
38.0   90025.94739581845
75.0   447611.9828759544
112.0   401732.4212884028
96.0   244710.12041041243
103.0   483318.7206632786
86.0   418417.7472571538
112.0   539999.0301784542
28.0   103328.60888875925
72.0   205022.68928416623
117.0   247871.55727059825
103.0   762849.7971269465
122.0   640452.3902428676
89.0   391485.18709591695
71.0   304031.0076445714
91.0   369178.25809938903
112.0   375630.5332149455
38.0   172156.75884292432
112.0   428839.8793387244
68.0   317284.855406012
43.0   186658.03440552024
40.0   170885.0251453507
37.0   114752.50063388159
107.0   411946.86258725845
54.0   156367.5032070951
49.0   293459.83935591683
117.0   485234.7749639585
61.0   370769.85197671753
63.0   406950.44382219453
35.0   107403.96713730229
39.0   232108.7461078001
29.0   155113.81536777437
99.0   511466.36301969684
107.0   598443.5648277217
117.0   641351.5657731505
103.0   385836.2473978187
76.0   164998.57272879165
101.0   477307.325537353
32.0   177324.6117630275
108.0   393592.78603409143
41.0   211520.37628553016
108.0   466391.72083686537
80.0   347977.19190955814
72.0   337886.5773149892
53.0   216772.10985722646
34.0   171931.64567347447
73.0   488685.3635192992
103.0   539994.7281345712
47.0   318704.12670190097
89.0   382530.18043370603
108.0   399194.31486937765
99.0   333291.7316253042
78.0   385434.55875150964
54.0   150288.17019326647
49.0   187271.52798086038
64.0   455473.41700242413
62.0   310273.89334228024
71.0   482696.4154087274
31.0   140788.639174153
52.0   292030.1509230528
46.0   243053.83135771408
118.0   327155.5904801118
40.0   202410.71513861453
26.0   161002.56935954923
95.0   337755.28887918463
97.0   280348.02956001466
72.0   337855.9502260693
34.0   107527.78201680079
64.0   288588.39643482136
57.0   210580.04342918488
60.0   263005.69653117727
98.0   217760.04541598924
43.0   199043.42247605923
66.0   347254.6927699308
43.0   125979.07861000445
32.0   180462.3329153849
101.0   318254.04073071346
46.0   111283.5736869744
84.0   459444.73715788254
28.0   101833.14988634615
100.0   352642.0379608302
29.0   206841.8420031282
93.0   316760.3852047568
72.0   300322.2163806318
78.0   325223.46691065637
80.0   371278.4613996027
82.0   349382.40409901657
23.0   109368.85660451437
96.0   460847.7260392304
66.0   418968.57525413495
106.0   457433.70599325973
37.0   184474.12464501688
112.0   456488.41928423854
89.0   568213.0179444058
122.0   188375.67177490357
120.0   369491.9982600844
72.0   386501.16511438944
95.0   584153.315063408
41.0   143504.11100016444
100.0   368799.47696276946
82.0   361193.4246366533
122.0   557105.6954705366
82.0   436115.4793607925
114.0   491401.78427385876
62.0   298789.3154804014
27.0   157213.9213091563
60.0   296902.27973414486
84.0   482655.9413603423
112.0   692222.218987295
76.0   281345.30261587194
35.0   242414.2925422705
48.0   246091.18170935597
25.0   170509.29707988078
73.0   562244.9538525876
92.0   512450.24502348935
28.0   159100.7572955113
85.0   442131.16700857994
24.0   99049.25252167128
30.0   149879.2556851617
75.0   287239.49886143283
74.0   387172.1229564554
39.0   263798.1657131272
105.0   281366.41541711095
101.0   490730.3665490659
84.0   445763.5680486865
83.0   303798.3880603636
122.0   829477.6390916384
53.0   251691.44605013236
91.0   480226.10600851645
25.0   147194.1321336179
44.0   254520.9035345176
28.0   204585.93376191793
30.0   113238.17406881507
109.0   758813.9508756918
25.0   137072.72443170327
75.0   318866.6268650389
94.0   516197.3913927112
53.0   375605.0817656977
76.0   314693.5266865769
89.0   522314.5920461029
69.0   514006.5544867664
44.0   233682.37898551233
63.0   196062.90968227223
49.0   186210.16091275643
43.0   278973.8690270986
121.0   627447.4334112188
84.0   250488.93310679827
65.0   252227.08012224958
38.0   183473.58759158742
105.0   738895.122903849
85.0   610800.5236154092
103.0   610328.8163572785
47.0   290135.20251166204
35.0   156546.78805705704
117.0   315287.2393898523
40.0   106291.62731828225
78.0   355840.84422786656
38.0   226385.16245607447
72.0   278390.94161592814
52.0   334744.29152704193
29.0   113581.85686449848
27.0   138201.57626515042
65.0   304522.7821998244
85.0   317802.04032400606
39.0   69024.96129677292
39.0   182193.79942316498
63.0   221840.2842063565
39.0   149429.5427245283
119.0   693719.1164432567
60.0   175441.47113995047
116.0   544679.6815141364
88.0   540362.7690022779
23.0   105580.06365650728
27.0   65306.28181532807
86.0   133501.72592544
119.0   700828.8557828859
62.0   253812.67638447377
89.0   309708.00502864766
60.0   308003.40506764245
110.0   561344.0546872598
82.0   402552.12764927815
47.0   296422.7799218246
56.0   287337.16585045005
59.0   172658.30453180222
27.0   109660.47053297142
57.0   163380.91003785428
96.0   376113.3814359297
103.0   683439.2761041403
63.0   297229.7551013303
112.0   239341.23971319606
85.0   354249.062923295
105.0   433141.55526249635
29.0   104018.11093404102
72.0   316690.05682956666
71.0   218447.16319014074
94.0   477022.09869506775
64.0   263724.981142017
59.0   314930.2293028042
34.0   139101.93197870618
61.0   341176.82614410855
99.0   353190.195431052
71.0   265853.2654478433
53.0   328829.5818603321
98.0   592804.5114383707
106.0   302378.7572410754
93.0   561437.9069206046
120.0   344022.3126625526
106.0   631089.7035298437
119.0   605979.2738232671
66.0   133116.04166945646
87.0   427715.0856237307
73.0   178835.03270434562
62.0   293493.61186821724
80.0   303514.9481741281
99.0   558062.5139001108
116.0   375615.1162623589
24.0   83893.8148537735
113.0   337777.8205814901
112.0   525324.4234342002
41.0   159549.80105045397
63.0   215674.90391211782
56.0   166598.14589881158
53.0   203262.59558563074
80.0   197123.12136805605
71.0   329061.91843025514
86.0   525254.1859992011
97.0   407571.96571919334
97.0   577120.8353681107
41.0   158527.86358428138
122.0   470832.6213505979
36.0   221265.4769149807
36.0   208453.81370016636
59.0   334145.5654951413
116.0   869708.5007790823
69.0   250252.67485441748
104.0   586087.7663095058
97.0   502599.09657329385
36.0   274571.7854028188
43.0   311763.0126473631
76.0   402682.26035362494
121.0   628220.1983004906
112.0   651458.4148406244
115.0   376364.650436931
103.0   492447.1767921685
69.0   352117.6451127993
40.0   162791.77875545772
28.0   145313.66530206238
77.0   253134.54860255375
116.0   487416.9702477939
48.0   201724.05373774839
67.0   252888.18516953223
117.0   604281.6372354708
50.0   255356.82940100526
57.0   141536.48854086208
68.0   149032.55443228083
64.0   205440.35128788862
30.0   160588.47459141474
28.0   113644.10574136606
76.0   365472.3492996242
84.0   386229.59302584926
41.0   175613.56628430277
98.0   431694.3123355136
92.0   702597.4122599864
107.0   403458.4237433971
28.0   160848.89375599485
104.0   450859.2171085828
75.0   268121.0063045289
29.0   118115.6101342092
111.0   367042.829586621
94.0   375521.4901109602
121.0   719571.1458674208
117.0   602517.1332923423
32.0   149578.70400246553
42.0   268165.98926123156
69.0   416722.36103427346
48.0   171609.7825395194
63.0   352863.5158362875
68.0   312625.6518537367
26.0   185081.34001080913
104.0   320280.65913462697
117.0   484874.41524348117
99.0   494562.2576445008
121.0   666437.7493828497
55.0   240281.80679465568
35.0   144246.42821797772
114.0   502150.8925666346
65.0   160913.40250882966
97.0   495033.4884650861
52.0   258253.7421613591
92.0   479926.2938753862
92.0   630758.4275418501
112.0   452912.70395604597
45.0   300745.27297259355
51.0   311111.14420547837
45.0   207457.7817064858
104.0   359113.8864746847
44.0   184211.49029120008
89.0   345385.22937532933
93.0   529582.6637189437
103.0   501929.0459404755
55.0   319260.3727489289
102.0   455988.5853325039
82.0   314067.6421042509
115.0   596851.0749307274
62.0   305037.1881186588
122.0   738818.3077614818
90.0   218114.15799852484
25.0   58079.692361319074
24.0   95352.04641132103
72.0   489278.7883924181
58.0   350178.7566519226
41.0   256917.99909573185
88.0   344525.5412740813
53.0   156748.10922675315
46.0   109309.62241152841
42.0   124422.82077712752
78.0   463413.69072724687
48.0   164444.08946917002
24.0   97902.8041332834
113.0   691969.7658264391
113.0   640304.5540469333
43.0   147582.5040383213
40.0   229648.5601606491
29.0   80723.38480438346
66.0   301871.4116398936
51.0   205386.3250773991
64.0   413642.74380575
68.0   270623.15699368314
48.0   279423.6485546545
120.0   578917.3747898572
95.0   318319.3296673481
113.0   391679.13481717266
32.0   131074.7873444721
38.0   189139.53809856396
24.0   89087.48024789094
51.0   253795.14101815215
97.0   468872.18521999574
55.0   97158.66239485182
54.0   252856.514126036
103.0   600121.2382499381
48.0   178407.98778391612
61.0   274815.3101509862
106.0   416054.4549412926
48.0   253827.407995648
80.0   195836.9771660836
94.0   394737.58000989514
93.0   474433.84945204295
49.0   262603.57540214615
35.0   173954.08638949122
99.0   357730.4183272569
112.0   528149.5804529855
52.0   192846.8302481267
104.0   517382.0608214524
38.0   162127.0015889376
121.0   730779.6431192167
107.0   326182.6525245115
30.0   165744.00910600027
109.0   613789.9778031333
26.0   116170.37964344416
26.0   151697.01492905355
69.0   291249.01527414593
77.0   317220.88050408213
58.0   161468.14198809836
88.0   386045.16219598876
72.0   393105.4653467114
87.0   237445.9666740756
71.0   457280.5123440269
111.0   547647.625115549
63.0   418360.8345274894
100.0   560854.8285485214
41.0   229638.5188410893
76.0   194959.31039077832
35.0   190262.97574250572
65.0   107356.62865774849
60.0   314383.66323972243
76.0   271031.86319836054
97.0   449494.0671250345
30.0   211094.58823738346
98.0   341873.47713765095
60.0   265800.687362924
97.0   237464.3736510306
49.0   133725.05294057095
116.0   332168.47803995723
109.0   569244.4769721162
96.0   492637.4119176367
64.0   404053.4926053562
88.0   458273.126424661
73.0   236342.32164569164
69.0   284164.52487990446
114.0   736701.9165622456
64.0   288042.2426927228
98.0   698737.6723618216
48.0   331770.6229145119
66.0   435933.60611827835
122.0   379815.10572287836
108.0   397531.1647993616
80.0   445670.0182623793
87.0   541329.8928694174
119.0   417054.1855389276
30.0   111066.80726536173
93.0   500023.6703045832
31.0   71214.91309103534
91.0   431110.8237413557
28.0   148467.5229399074
57.0   290657.1294049734
25.0   64216.98527700856
62.0   229576.11622907847
115.0   456663.23582338355
79.0   184443.52139539877
23.0   132419.64065399964
62.0   257411.69110620915
91.0   515439.4765577865
107.0   606165.1431181594
105.0   485338.15831204446
37.0   203211.20176752514
71.0   266555.26073140884
117.0   746123.6555703637
76.0   391812.43488058983
76.0   239515.71483929295
34.0   190348.73509202604
50.0   249497.87589601532
34.0   118644.18161497057
67.0   310582.5048017037
56.0   126344.40593180711
111.0   708432.4824041736
52.0   268716.1333601229
91.0   293117.448611895
80.0   323128.02638924366
33.0   109388.35777465928
119.0   463255.63760738407
76.0   410745.0903988333
120.0   458941.2231181293
93.0   362689.64720929123
108.0   727245.1657766575
40.0   202998.95134358894
71.0   285337.6245902415
119.0   393306.2829299607
112.0   319141.26188510074
111.0   552130.4545298405
58.0   235636.5587678366
88.0   465021.4657720868
105.0   337688.3212652507
73.0   386636.47577827284
75.0   383218.8390138254
56.0   137786.0505388401
95.0   403517.98938365025
74.0   300331.560300834
52.0   129436.67938081188
96.0   571100.0299239258
95.0   544321.1008400187
107.0   403305.05806764046
24.0   132469.61971932845
40.0   155235.04534345196
83.0   520159.7096478505
93.0   264644.4225999276
115.0   626977.1385302416
122.0   780584.6171559507
109.0   704203.8691677924
53.0   221719.33472526906
111.0   814794.2972155517
79.0   355529.3615787993
47.0   169591.93965184942
111.0   686378.5125547429
117.0   885755.5354604707
98.0   351484.54903446225
67.0   254161.31980345203
114.0   512402.84635384165
52.0   169964.76249497625
51.0   263558.2226904654
62.0   195431.6503113418
62.0   261663.07536577445
60.0   221926.6393413224
77.0   439111.0010814054
86.0   380888.6860064859
101.0   374559.3626971497
23.0   107391.59063407243
110.0   618980.2576329446
107.0   404226.47671873175
24.0   96510.98209720655
57.0   233770.34733410313
85.0   397680.77751291066
40.0   303652.6199569628
78.0   360554.62639779074
