742871.6033254291
550660.0945571526
613096.7757392682
278965.81475229334
612248.3905082127
98728.7849791706
567704.4736304728
543559.5165420898
120170.11231520888
425430.0407457287
131160.23224642884
93068.40110623359
115669.81409356624
114482.15558277747
480438.2710012458
529251.1566134469
448022.26514913846
643571.6477851339
386449.9550305357
145948.68302207143
423152.46562277037
247623.19271727165
193922.28594088554
145975.53369963812
420013.8197138675
594505.895478114
299516.08783890464
619352.1643356123
155765.78508981335
120105.50926755712
386817.6127195485
178168.4511966514
732079.3854249769
408432.6147864503
189569.35407592982
104894.53122690227
254210.27660784844
251706.3643063594
120579.6236782684
515976.28752205014
541289.6337359981
292197.7780866015
135875.47563447026
453852.8947903939
92218.66625452763
274251.3975509312
387350.24785381113
708094.2934003666
132676.50473479732
550826.7121821922
264355.6844113794
173969.67659127072
147533.43612614094
329805.46026853495
194732.44480217368
267114.9695089964
294626.7541846674
315328.1410295257
99715.18500651963
150955.6908226375
446196.15499375504
367625.390717561
172325.86366650063
249397.3050230619
349119.5463341601
457377.49516580254
581545.1107775884
203585.61337244496
298316.66721051367
271591.70307391003
330459.11890596856
446091.71057539986
574412.4157688802
225513.34311667515
508355.81945893995
615675.7288769161
168931.02569796552
167959.19327020558
343824.05187092134
237964.67004399843
231236.27174216945
290864.87408575113
188251.612549623
119467.61859272969
678459.8123064864
380778.3134473972
650190.3122860645
443434.56938703463
315824.1653653607
497580.4786780526
312667.33482489234
410174.4694522147
199076.50899126512
336487.1217979313
438250.91890122247
290052.9445243289
241277.5548003059
225087.25990935825
310081.8391237367
119322.40365343259
520400.5702013826
520574.3009659164
123111.91593381432
276122.80055262597
101438.60218749417
273708.6537535023
291306.93335570465
436426.753404481
237056.63313451607
245257.6544983373
451461.54337229254
433920.2714034211
181202.1999765248
754900.2837749079
417810.76326644555
760659.7243877137
118359.2926613086
504311.3921341828
361027.8572839896
164496.6501209318
225031.9670899759
605608.8654289149
333246.56587967154
230792.9903838584
275562.64138113445
311330.1580340307
356588.15972929733
159956.10907388988
364830.1121768394
740690.4239059658
69763.90832462122
130130.54357387341
134929.8197310561
572178.9635766632
403997.31130237516
428944.03676797735
655116.7538949052
124841.62319264642
187716.64918231484
555485.7824814715
550403.9891966326
793585.4097457057
576058.16421309
207928.56026637246
337417.3659459921
284266.2010196871
190534.4331623638
458613.124128677
173920.58310658913
331211.77300247323
296738.2211710734
213604.36456973458
185648.2701486924
373912.95381414174
84058.5823775328
359302.6366438194
87368.8043561976
300508.10741022264
253565.87897165804
155722.7148853108
292903.7974819251
116088.76002623473
259160.0954955019
664213.6547977006
252772.18199135695
422163.29225449485
501096.16090805916
253630.1584202482
177470.01740093404
241445.71568738588
286657.9351620306
351914.23119344993
179212.16059066108
207080.44305128415
156386.04006697837
369967.52561984234
340097.09399481077
215343.66670221213
500132.2262524993
136257.74805090317
274718.5334456771
294565.84924954263
225035.89583515562
313226.1793521169
326019.0947438295
433499.9187687769
396595.60275473905
647477.4835437232
627501.9953525284
662935.7570135572
174138.59275638778
494301.05545604695
291413.58127452014
497231.24253586313
368933.76591495203
406350.04823960405
185927.35833828573
120793.78858994394
576001.1192533334
227710.43517133946
247739.7785530089
458573.14671455655
674396.2561790937
384359.11399803264
257534.2458237971
360403.54731153435
592713.7592989639
253537.6075561874
252814.8246166655
130454.6482192316
490804.3677970091
349783.02394200244
451719.0503125246
162617.54764635107
636288.7148713062
172214.45196459873
259751.56250266763
268064.2105531812
262684.95954437816
181143.49603424873
407964.0281536537
67236.8314769335
132636.32913862338
543657.6933562943
421405.52794147155
350000.17494781374
443724.35139593686
215182.78768561932
499476.17216064996
264783.0630301229
472386.33422163007
112387.54140320042
112311.8411776618
335447.859763832
240864.49329446926
165116.92065018433
130253.36350104715
177394.96557249888
200296.28626445125
135227.82773072898
162407.37739853162
336588.53470685356
197198.4629824066
448360.6222915998
501595.30586995615
425420.08318387816
210836.35071650517
256312.1045665221
489679.3667325429
707883.1567352884
198001.12921781902
231290.4529758278
186800.1314570067
394435.42703976214
461192.08688856877
234750.00154245185
582397.9417443015
542745.1898446564
326372.22403665143
570231.3116071391
571781.1697354111
484431.251069925
258142.35076355728
383568.42080499587
314262.36304527585
151501.35133687666
529986.5510323049
412816.7215907029
326338.0186562632
447431.75392809353
173748.4744711996
209976.23070352085
397931.13095509924
281744.1543477291
478887.48422413383
276172.2663245722
379868.64233615226
193684.45258219083
138355.29034143934
550790.6451593973
306206.5522096232
414395.5978769994
475627.14255961805
268596.08113069256
223533.43022598673
197312.8169332054
156143.68348662424
327191.2338683751
512111.2971909553
254123.2011233434
320267.61077229667
253312.6875687476
196625.48327910126
291468.602041817
247629.35366913868
145434.0776019767
230330.2231670787
243061.62325082844
304677.5066850751
405538.513934746
195561.08351291242
666235.2717849418
86310.38839408102
382570.48899073066
312406.41823110386
245221.34011843574
603446.3696591144
217163.03612807018
457204.082221586
193649.00384960705
134257.61246041028
396953.3826099487
480832.2686138508
82974.25555627873
142211.9533745244
231988.2413223881
243260.10529276723
385386.5947795962
97115.62511304277
456973.69736273383
173520.1256047521
308459.46733527933
321066.5131394394
342361.1853765804
280407.3938833745
138512.03138719636
685216.4629992526
724000.4167118958
100275.88892353879
719105.1403364163
478202.5712367818
298860.8107697167
237324.86382424933
138896.80061093392
294256.4759611029
107904.87587636473
263495.49546699796
110577.67698580997
509571.3649938424
121066.4766410376
486757.66517062363
521865.2515390791
439713.45578194846
381180.5251555897
194492.67313725577
199508.5902859287
241260.3646489704
96423.02845407376
217791.8305346197
303056.1342380201
497262.8367530802
133045.51214588646
579192.8684636629
106476.13083383213
179745.2630865757
403260.19366068515
343145.532902719
96963.55135096013
222432.06740030862
153855.8445350625
668348.1337708043
263237.30240767996
710643.7057769275
279268.46946931427
101625.52721620178
424225.04371422064
270742.45042805746
461009.6109120761
250953.74220566836
70675.99397058033
374640.9202197312
125688.15823806598
321571.4705584037
532533.6477463546
334998.4268464421
281583.64084805077
314016.28109499987
282000.33872879256
169045.96422183907
452325.8108861348
249129.36910154542
250913.6917763276
180097.61805266593
294050.29554106516
604827.563122817
347041.9535670937
219904.27937819134
144727.98942749322
406013.5623384196
237521.5439254606
225064.51294663773
451875.79566744843
672223.6964945117
666757.8804974846
492187.2198266893
423536.58212684555
419445.97782180354
180085.3950506545
313445.6172503551
329033.3730697587
146848.18707261645
376205.06473596103
496110.3236098247
498367.09259827866
97169.93677281168
198296.27873924843
265035.0792279183
238822.88312352396
563587.5889923635
360821.7705564721
131785.49364732776
748996.6707738528
136517.31805186332
501080.2057228934
618855.9723185677
288753.7699476899
345070.9116412789
370120.1761835769
272638.6478004654
675393.485792812
477241.63125024835
174633.72417000175
328295.8554829104
513903.21222535224
341262.2559585642
272100.3543499119
399002.64258594444
275635.6138437507
244706.40715784213
360457.4468738482
301761.73176620324
380702.1701503711
427808.29483546596
278924.35414574353
524985.1839147786
419235.57826278714
378940.43697483087
288439.0905007441
347480.7785070818
159469.7448999829
336972.68669971713
366187.3189323389
518559.46250562195
371195.77699735964
448085.622917455
355874.4487354323
322168.636826341
194879.55348251716
126322.41958811469
125003.13456817833
536719.9599699487
177849.43941676052
376576.9383618107
528449.8897615505
375245.07734817883
383706.5609002732
342837.4578394485
384667.1260938333
242323.89254127213
96869.52441312805
408063.85134845204
189591.67967631956
208792.13373261047
526295.2548791651
203190.2057611804
433449.1967740952
510418.3257278219
250844.44987425578
911817.4610278836
255067.8657841432
181130.23677497366
336012.36869089724
203290.4778807388
449389.6094832182
245879.33580147024
468962.4750286942
340197.2811127772
191320.73561115973
578827.7137121424
236673.26165555714
457929.0065485735
190038.47876008568
160745.96059531128
119193.889326133
234360.7383786506
627273.5264467095
433914.75852889084
316182.7757305941
281605.1415709392
94861.36063923548
294846.69071657705
272498.29152755527
174733.67725709704
440747.46181244135
369837.2977634638
187668.44974187532
222819.93037750953
436171.9860616354
492077.2151540666
290145.8408283656
310265.47937546857
223492.93121000947
533922.774456923
528835.74195055
185724.3256969407
561269.6290931901
453480.76124970143
305729.28607328027
538554.4663324205
484139.6501306805
508260.19290803524
514371.1161159565
213239.01420717555
368082.0429170456
148691.7551156606
325709.39017100184
106449.66848976654
504246.63064954925
384814.74953218905
263441.5234704579
186750.56443676684
239577.94314480748
651557.8910059918
315071.93833333394
239597.7542609706
752641.8869496625
377102.0350801088
214200.39881273237
98305.28389405605
751569.4766786562
789486.9130144728
261225.41577947323
516036.8538255771
222138.2888900724
339506.5379294513
260161.70030054098
890805.6364535667
200966.75491942573
498530.4153526766
435169.93374544405
456558.9860780318
240234.62478785482
204990.71536108098
282283.6837571919
752033.991484
154863.11932481657
299022.0510281062
388427.1040105677
479292.2146618264
246664.77286947268
126529.78821645853
504794.81541484396
465102.2209555174
546898.1015506864
426145.5718508312
451958.6367022246
500801.6390383874
488258.3869868547
233516.58956895483
601488.3125167434
463865.94684761384
259511.85746601413
367855.80174014065
300889.5846582779
174189.84659972225
343841.45484584826
523859.9333134447
164032.28959337575
428485.8461118519
458458.75209925097
203982.20731561095
168531.39300038197
145384.7731418168
248288.88948023893
115921.95670244668
552865.8322514405
301460.3302833769
522326.40576014074
121941.9000683024
153771.9636493254
426712.3148036661
192181.22944782017
330729.36742376565
302219.49610265356
335911.08564701985
322633.0760977716
411221.53918375174
180983.93018214477
198122.82179000237
175534.48230828953
228257.17930568705
358154.9916698607
678884.7147307656
504330.9611605515
72870.04569023958
143721.80403408685
274446.5712781773
288890.68082529743
690454.6668531712
218842.8783374444
276321.45339509216
369376.4863373993
526994.9320066901
437413.9661500212
637658.2476311752
310453.71329673997
231528.19305833147
172745.33598121037
136007.20494002043
377372.7935777313
369740.66923388554
441153.96924631094
384436.8113607694
149254.34692432676
205272.3976104364
122636.80148744397
161458.15153232365
145138.09261685185
523169.31210820307
234867.55425414347
315608.23040922143
404258.88406560954
285097.1420856914
480829.45443947817
254564.3183486983
119446.2148763066
442108.02181851334
784886.642427452
289873.2670993554
359269.37532585685
533374.8587414179
491050.5036055973
195374.38493591742
338123.57493244903
89303.84989972436
196592.83867432954
627144.1687745844
206260.7442693807
144568.6065582481
242679.83807755404
478356.615234488
114658.99488118423
191901.40087036465
490487.95306569245
140493.27186011162
311551.0278705694
218101.72838468757
122616.41207946069
183438.31455153716
193215.95075923105
365709.2883338467
354872.3524575554
464661.60294524085
158636.494349961
338370.8978535984
149634.90432974664
145041.68656004532
407269.5384282355
139035.7937562262
502762.7741233663
132636.36636008037
59878.959329436875
295648.1115673589
350293.79727058666
270290.6436175102
410736.00113166653
226488.07171935626
159386.1657977362
191797.21868748724
78310.6236716691
608120.2391726642
344656.58243742946
426824.3696697786
717796.9489026776
240075.25866935702
347447.2219915761
646135.2630731921
385485.245092097
507051.4498688575
619376.643855577
194659.577891041
295046.2141518238
140876.1054789484
226651.2469695544
142449.62300252216
300761.5641467844
177650.32280201925
471144.602442174
551895.3663085927
172223.13962902315
177744.94342838478
478954.77266787004
226587.58969197198
143382.4448715796
273387.12188385625
346034.3883261524
432942.39487555774
127249.2771834973
85693.79761862387
212602.96084464504
109121.34021871602
370140.7083020748
277499.02068437735
321788.4571777988
61552.16678106675
575261.6021606557
310088.06565625157
107150.31252637274
130013.10955080968
81981.04528796097
189825.20886949086
255178.60460618124
125422.77826429658
354764.3862896472
403148.08114303934
211855.7331256862
672809.5851412048
518596.8779000151
351760.1027491957
653750.7849435939
167990.43764142168
309116.6976680981
232735.218723922
165441.65690315925
409316.2136328491
175490.41154807783
225391.0049895531
265592.14182418527
125741.15125705513
346249.3428314132
188717.4128997883
111713.68199212258
301005.9874233871
280853.11941076495
486138.58996279683
184039.69249180067
526098.1264704192
273175.0130125987
590825.7863240853
324747.11446088366
394132.84583605384
616954.6146840221
323665.62321208493
538591.8737753388
195087.75112891675
313083.2292217331
254063.77809127336
683251.5277214805
312309.3675666789
338216.55065112555
73635.763104226
451576.4844957486
336207.4055364771
557536.1607438313
234201.7559722255
257355.54883523117
448509.61931495124
357714.7442508151
459977.2190157038
204844.5420696359
140980.90067608468
193773.7380075778
217402.80472585317
818825.8552532746
240233.8374932309
166327.0510233833
522421.0466761072
115622.00410819326
328550.7448978537
101759.62874440366
829597.5399516774
199946.08790480663
331516.4026907412
203920.60090329094
563958.3631859985
251262.1037958583
175856.3892792916
161512.42114584596
429060.293474542
372498.2594404557
215880.81972849174
185939.65491438608
303269.85111625027
364488.3697748851
314723.09028523834
419884.92971188604
166523.87501999707
209307.57601002033
357663.9866873692
257451.06797140086
125182.51522511523
411134.62865068327
850995.0286466522
211067.88730012276
671568.8009550632
261142.76308257013
683940.6162760556
173938.55850424257
140305.8348460692
409402.0652307122
79983.47901820479
373372.6296995082
576144.6059364591
717283.9824440215
334025.36787251494
661777.3532415524
295044.3712324166
93327.457322855
505871.6121900758
203105.88224431028
212393.6077522834
514459.2553141211
626185.6338898479
602015.5040481478
242811.50467490137
272807.93934382615
242837.37492894093
379598.4575236678
297306.213141785
847122.3877415982
196652.85664888477
483128.0065782741
595631.2023411184
184983.12807744482
221776.6349935467
330191.31473886926
426718.8875716242
117690.34199561534
273201.9637330596
361018.2876988203
115686.28252290982
207793.50174475243
521002.20234209026
324279.83745449485
136760.1566502821
458763.63877758576
506327.47368465515
148985.723611562
287691.636150544
184625.61452931716
269302.79038754915
244319.67164700056
298467.89637921925
182596.80078545227
173091.9090885863
695699.51988498
487663.1879160921
223148.28862282596
586054.1411666021
435611.82167865045
293590.85188648535
641083.9790894045
321344.85015130945
387961.75382134016
276611.9166959166
248414.49246588798
157219.7087787487
173720.6281049277
123799.3526204599
346329.2374490023
255239.9112090193
390211.68989234674
334800.95669464587
425551.56686101016
104518.5200248704
256515.2040147996
331097.27881592157
416455.0407851266
341901.73540481855
256681.23354476894
352285.2265726466
498494.4385275986
344122.15727626387
447209.92319973017
467611.1521302275
467447.54943693697
128344.55498575729
216895.8152306806
330991.4960449527
683265.0827669842
252530.72864903221
222820.6639285998
567632.7455884225
429447.6175856167
343599.3710220195
244302.0668311524
344124.6842452839
145584.17194160933
582843.0959242653
158769.45914298535
688721.01613553
468637.3491096315
123165.48401895944
301383.88627512293
644164.9008010004
462109.5345970143
378453.01372363657
346292.2126456918
169007.34832089551
443546.34813514346
132670.099884243
156931.55461141342
344150.96410627314
346654.08370985993
476153.63342366915
179855.5775771584
122020.1812419939
368664.54202132125
389883.23564292863
289919.72569899017
104102.79344742231
303340.2827194477
556116.9410322589
386276.7183650745
300073.8441405977
386650.9937978206
384556.29001695896
368482.11094406905
428140.4218840508
372483.0700993038
374068.3703055111
515850.4845091738
521525.73950619187
100493.00014376953
252940.53340550396
360445.07712400315
231620.4267910979
487293.4677673157
648607.4130503379
422562.10137350304
361912.16017572227
148318.87782258267
495468.80433147587
394213.85011501214
464182.4705641968
705047.5268378569
487433.02116841514
263801.79760513874
383619.76504905877
95131.05741517927
336432.3257138526
493511.74852775934
247861.7161881874
544679.2186944713
368333.9197998805
539687.8688334108
594673.9811446851
104971.53637297335
447125.19444967207
343120.81832486816
270161.98308200145
352657.49514636205
105347.05562153988
231088.38839861235
274216.7893223734
269797.43477712694
243901.6543180603
116860.71607907003
470844.1091004148
350603.051781975
159724.72207202885
526361.540678421
114641.15009821071
365827.2722800676
451621.3265370564
217325.05773821776
734902.980963606
413983.69243559835
257719.27264652288
632184.29649047
253337.89003888506
783850.7521056702
298379.10519480077
306619.0156029283
197882.12227976814
387874.5014436507
182294.81008431278
144463.947420402
68258.46224685227
83917.05888172549
200648.165395646
119996.31368941715
574265.3082621482
535165.9400898734
255412.95515994623
143995.71815013996
670124.8149874961
368034.2706115103
149203.38166599342
391655.07392238517
141456.62959929084
249569.01175246245
248768.88054015138
163528.85720347572
91801.79890088688
807067.1963523196
351686.67474934505
479381.89263811876
488282.4631324052
265095.55523230176
211183.33042543646
104826.76121465363
134283.05725202517
626271.4529399113
143211.7938104216
261449.52271655694
212125.520472097
113229.5331819322
519740.79735182755
630423.874833545
471302.1642579399
213134.61734617158
308344.2574559998
484844.49041639734
176483.48105368947
500992.89491549536
104723.81294149786
382193.2928745914
226985.39374363728
554702.0287021891
607161.793104089
369478.6624957423
701062.9500285689
216269.89742023734
376833.0736063165
438115.9594034873
330488.26355724706
325676.03319560626
411074.47963777755
130020.24630438737
301156.98078754655
245464.24915196453
434664.8715154839
551020.2615195761
456270.60881176026
126614.2259502489
421316.1297615061
179443.2778018757
444865.6705913265
482464.1239271629
579906.6986842458
210044.23263591123
491784.725551427
143162.4442799107
200203.25744327618
356424.46680408635
330463.24345043383
646317.8429310328
247526.94669214374
210637.96205310078
297148.5584149918
130823.14882966585
107008.39118950986
234161.8139680884
246454.06138337284
82223.1071069252
451742.2357042025
227280.64525303437
689017.7515103947
261294.94750504417
568080.8098762926
279399.1238368734
750737.0171160528
356240.70190446044
338817.99054944795
145929.83126522132
256433.49449210902
489173.26555139746
365447.69048731215
417011.0786549787
181748.88065877784
201198.2584403819
172978.2602058074
126252.97239781696
346021.76129968336
191805.07609835232
363915.4520179542
362537.11141698516
201200.51152089995
435733.0990629932
174319.52296599094
200255.29330835977
359861.7397211248
200747.22623391004
129826.19716797367
409876.6260577533
366923.01865222683
547024.7166291635
376046.4071503341
153605.912097663
197285.78102284195
508736.0370517649
562510.1710596221
246351.67180160922
655017.5067714473
580890.8801463571
257174.97689661852
219781.5952550235
375473.97397935344
143153.10693083523
178114.320995105
210991.76770768242
241546.53262656016
645369.9516715104
279816.0334250242
283111.4509012175
718147.2226854572
300603.13108734234
271474.10976398835
205087.29887172036
650083.4344908751
182993.40201399627
184592.79581697413
429068.73459143174
133349.61435508792
231878.39529949584
336815.74011958943
256613.0503312669
661857.8644877876
243018.5044118836
430099.1523380791
345418.6829883245
222375.6813970774
157687.8701600621
212411.3909729485
384735.34696451854
160545.764005239
488356.10093817615
140264.07421846557
410015.80128020036
404117.6796931683
383891.0087676954
238670.3089699279
506464.1377724579
443505.59313452255
166612.8877766873
608353.0744814584
291739.2970058457
729836.5191412554
329547.9850709806
268097.74472993414
397729.16348575865
641584.8591391181
194882.68334358785
169521.8360024488
112706.5665929968
599364.7024872401
227060.40309954048
554135.1703518085
71467.65909041234
454182.3991173201
227997.93187114212
547359.6262498199
216939.79580979943
139478.34423044426
183051.2243520146
106859.06042814806
241032.34968750857
235003.55537977343
327342.22933438286
113146.1921613002
388641.99538816273
566161.0874043918
196574.23228625863
145220.8199748891
274698.57537446497
463093.47772860236
423911.16480527696
254805.45388289916
267675.66796358296
282164.99100152403
354071.1675227792
334306.155328701
183659.89900116186
359692.3846364289
78463.57672969383
290453.61621814733
302882.2367406734
258007.6623340496
343393.92282352824
146917.87041675654
457738.5981481425
109083.07935062352
608136.0693232812
755664.6344416663
359559.0931349234
152196.7595684352
358244.8444034785
425513.5134989275
297054.2446392986
723169.1053097593
65874.59741179239
477399.3659743098
511513.6231325002
164069.1972631259
440960.6980793822
278587.14669886127
548313.8080966781
147982.25538952925
154549.35052682742
347342.6609160597
249837.26324028365
331100.1818461028
755880.0884943419
239083.22555922566
209278.5330199619
261197.60278054507
329383.0849005891
245925.65135173418
283898.78270102234
239235.30156053696
748103.0155184419
322417.892587897
408961.25897568394
588972.8186056492
119275.8156195001
196994.0532876059
154181.019410596
152888.8571128048
309760.93298135296
339281.3096408462
594869.0736098897
275588.19666264695
619636.9210472113
128410.6255911765
167050.5696401403
431462.27557574946
307945.08987223584
439957.63128753396
425483.3302110473
231939.95306825478
637423.9184992642
171041.92559406676
475866.0190223123
648014.7402147658
241561.26900984126
548296.6324656769
480505.79537217156
674372.8877752764
651052.8723260962
160043.45496674252
242783.39003950165
383996.8240568813
401667.7282540867
317315.47235520795
209882.69177307838
614700.877206758
519515.2679102047
399082.09579464357
333178.53644218546
353086.6586714111
291763.2403065815
810456.9343299677
196313.23375357583
257123.85048379272
344303.85385176947
346003.7519630386
357327.23853855336
557069.368421799
181667.36290985678
171283.3679976386
169414.27846285602
144881.9521859616
140171.13149411767
95934.48374134494
444722.4691850562
606035.5530122794
86235.77413286666
192131.24557674158
176534.77973800045
240492.2503843514
209368.60696885918
510786.477711818
474213.9397149299
153139.8793296424
326970.09993661696
550545.3175228119
364398.21031215065
307643.09410694794
294600.31475758593
335350.3107480341
189409.5377480972
439917.0445393901
295726.9201944406
266539.74421298236
284939.8216222993
538703.6267545152
353865.09034498595
773491.2537226692
223431.44547677765
375080.96661092
488956.9384311247
248515.6686460348
369446.8061649809
357802.72966416064
91213.60829549021
93782.415642444
142757.63931977347
429545.81865955744
184238.09579327353
141642.3046665128
82178.94038186572
232701.89613471672
519616.8393251195
82364.53256958089
734142.7263914177
300371.4244306378
236283.39102149082
309281.1295359897
132543.94470852579
587880.5479630851
133731.30831423326
385425.5416749971
580424.3261002596
356451.83879895764
552208.3968264676
243756.022577726
573050.7103120165
185234.51061101985
385296.68430156336
237331.1339246864
337754.690817847
212796.7673546362
423975.2782496927
769914.0085662217
607697.5997539173
340622.72791784344
364303.8441785041
288702.65493985836
180450.66279631646
352748.7592551665
240521.9865092314
333493.81252433965
429323.43390519085
303058.8213346906
207786.280627917
613739.2546691927
225632.5941907985
520403.8204777711
497615.3781913163
589099.0098331601
219116.15450719555
168890.95946662212
179931.24382896762
809010.1589222803
236273.48074690378
459807.7505826773
140531.99173386092
153172.44251340945
600567.9102654341
287296.16428390186
400307.26869329077
377211.2116075841
395183.6767956551
181212.3971777863
297203.49931660446
781823.7085171856
132864.0907342281
130273.86637281808
449498.83158070623
309417.33027223643
468700.3904832708
448349.8992683798
772394.0025699247
169597.58180162136
494795.07952512085
162344.22014197567
385924.89932915464
140700.0196278412
238824.55511944648
116519.18297074459
242803.3404870855
239790.55934686272
584061.9165796845
44404.283090784236
599503.805946758
55750.276686784266
261604.3774814914
161518.67718005425
406651.71993457637
207186.09908653132
360494.1031215367
226613.22027276742
468381.0928587218
156101.95690593327
184346.803081437
413475.03939779697
431144.63781902404
214519.89588426406
444068.8453274055
485253.82230635127
599813.2425477287
473886.6391796247
214175.64345837597
177263.95834772612
116752.22489952948
198248.16862632363
618339.0954217128
145521.6834559619
359837.6233190695
224288.08746070816
599696.8527730661
229366.70644588553
110270.28685047569
512735.5627453399
524360.7658634013
477444.6481603451
86938.23848360992
483933.9315651734
442516.03287390363
185678.5954499723
226695.16731072753
349375.77888986253
313515.92943257774
338765.01148326276
590931.4342748359
395616.96451325854
366782.3573137824
165208.11555516633
661036.9202159622
513281.6306345345
578951.4025396815
546970.4513701162
443103.8172506738
598544.8264340622
299137.4993623195
250436.1159280033
237171.65939726765
474788.9533542629
442819.67176989996
197415.35634914722
270290.36156183085
461846.8709630491
352479.0347426191
188641.02795052147
324165.2127457398
617394.9413162597
165099.77493002472
310609.2564885714
199005.8675442422
411164.16695675167
89525.59185028779
449604.90354501194
192350.32741943537
210637.58117882258
297572.8741611507
313062.53321993275
149581.8853210316
398461.1801588014
516814.93067636644
361034.16553175054
424809.9321161369
235007.4890185652
121301.32598519056
422628.3225526817
129325.28493994601
449681.56734058686
283251.77425728325
155105.51917868108
124707.73626958526
530308.2187539673
120591.75091726305
297007.0223535275
432857.5902298167
178718.9791978439
337221.0571839435
390543.917519013
218075.73042281478
184004.41296248228
453818.63585673436
290828.05620214954
544786.8744140139
404207.25086360186
133364.3507331236
466586.61425735155
214235.12997499947
284014.00686468446
399541.56454074784
293125.22755250806
366126.789155151
536092.7327235029
494787.6945268438
120582.05940581477
397450.8108708404
268084.1909648834
199674.10317223347
249816.11139489265
151940.62947567395
479684.6664189051
134181.27192176678
342976.9542269109
235922.10854061675
213076.89047688578
160963.71913372236
173761.35957204434
599642.0691779279
174084.85703483887
287530.9938618686
202288.35073882152
288354.7510387011
419929.84989892814
232952.89141664325
775419.2799326113
462907.74792332563
738930.892813575
202552.4764567484
224649.93576294827
402646.50562350557
304435.08802233153
387170.3243210118
300606.9446507363
483387.8566300528
199833.962978957
210185.89387669007
184071.11482698252
468717.2165205043
126037.44946724069
182733.1562553567
317381.96237675875
111763.20635884797
475130.9762094621
220928.59823513342
490097.10901994316
172938.16297794002
181577.6647577976
388341.9011037265
358517.6770023167
816222.127240318
532318.9083910991
210751.47647658506
477674.00219339516
508040.81240513077
584192.5002594464
148035.2430009004
578499.4249716983
253232.81722582452
206888.73285413347
366609.2693115073
113117.14835170224
353473.8190553863
169272.6566057182
442676.8332866726
433164.97773006366
350504.93038196105
797075.7973088124
253249.32682580873
269963.23083946673
529883.0796709632
230912.7987114663
695897.9311442622
188771.26100748926
190629.49588680285
233103.28866276512
156808.28038724998
314173.4968176763
137359.5608796659
129092.02845767837
231881.80968032766
99525.5442025112
369197.9075673502
385214.8474573455
261427.4779627485
589039.0420316804
216202.17863809006
462992.73294028454
370808.62195485574
289215.54940481787
594139.7416810609
208870.1212302269
306192.6361592037
385578.1403106073
307243.89953104744
515708.7006431415
306014.32300879445
475535.7712190511
206785.4299077719
444831.9094321229
429242.38538946456
450151.10938910756
239480.63797643807
169468.18606136716
183440.59179259132
433132.5444582159
671465.1242539289
429741.69920533546
215213.54514799616
139384.62480156275
233102.62866894953
118801.72574537601
327377.03620625316
216135.87184695757
508134.6323453805
621812.6863602333
516899.4018729061
346979.1016435549
292510.6812129407
436326.37634196854
449478.7896116257
553332.6009375615
367392.08365578094
109373.43664150669
247325.61901548243
332753.4724035335
287262.981872987
306902.425528089
115539.47264990343
209833.87143493767
245556.45884543477
213964.6881046632
230373.79651217337
81907.84833816033
323802.6685294312
234548.21656594056
463421.2235744071
426491.1976475191
521369.97804859845
147026.07998045167
241513.0377660445
326306.4411253132
281343.95289710036
547457.4184337425
267234.62020929105
596478.6056000793
379472.0809034065
412096.311923268
216869.17141701424
261850.0659911057
607080.5097449049
230927.4850382366
153474.68819738695
305200.23919865786
383641.66626101907
265544.1847830822
236490.19112263795
220914.6186351453
439083.19820274384
343347.08223401936
114655.14741577202
505251.2506898896
538201.7197253215
341199.29478679464
57901.31331471929
107082.34149311057
171232.00522764766
306047.7552886091
272848.0591660203
206076.72079290418
126640.08863898428
242652.02678302204
140541.63066986273
272883.0959112178
165151.5530951996
390197.7985965316
133251.92561665009
359067.02553593705
459354.2427942162
134208.06491896298
90690.08673410838
468052.1640865071
480979.9037373261
95767.33150594271
571080.4650620999
323218.19898968126
281186.3131713446
411872.5128939095
105665.05360964868
569279.6062319455
257705.348977489
401962.9944701726
201297.7488691478
121048.62834470451
319454.9777316625
195639.80371025918
428362.3903166441
267349.4087023118
232772.25620139463
181560.51693578914
217821.85495756255
177957.57295010833
93638.7770328099
401899.12939878274
136501.45342992223
281938.5791630032
249272.7775669439
643211.0791874288
575126.9983245233
207480.23167882394
510672.7791877739
358042.8624653551
125385.11071493062
158963.8098406052
211149.46458840542
509326.2774968696
218491.09347526584
214999.7885261253
392132.4500465031
265993.95198051585
570649.1521399069
182916.40050780677
182139.8347001605
228250.71938320546
517686.63462744793
246130.45856095236
141627.19369812217
326251.13421879144
201795.53145382126
100961.49606942708
297205.8395860369
198839.7616818856
98415.15762657211
112259.56104309113
184555.31156568945
493044.7647389123
814627.329574927
509566.37636526657
601810.0196299996
242560.36113508383
139375.17341288237
146586.73984687938
187329.62603818878
139915.07090456493
513118.20975771564
333882.11440522363
712134.2505409798
185304.57166707068
117226.83735460011
253912.26761581143
250641.76365669398
214729.37463374747
605893.2802046603
382347.9047647429
229543.80566340513
298489.39976843016
342554.13778170774
261887.50185256472
243187.8920472738
305464.1232492669
333714.2833438088
120714.59668074753
246788.72328388278
387856.83688629384
304511.2080896688
153068.4639534856
499356.6754861893
455848.4243545755
124419.28116815229
546141.5709305371
344511.1143598947
425174.6023106439
235566.40080083144
378126.80631111306
156940.09654339205
130399.57888935159
306343.2399729923
296449.3043403279
210519.78435053534
399646.84183337406
243166.27625690025
138031.62730493728
134148.41446274746
226957.34561673834
226193.08255861845
348557.96728736244
317507.5029840528
319652.09296153416
193308.98342744468
540938.4210287229
243045.9966365721
213327.48710760957
601443.1152190738
512966.26088649983
244222.2676792371
296409.86161702493
302410.96751789376
112416.71107587466
156081.60024331894
310878.7741931007
236000.5309744814
686179.1599288727
330706.58126397076
299039.0038856059
222693.22522796778
430919.598360237
244524.5289550023
305546.47760389495
207471.87295995228
527280.6060530639
115060.8512766688
554197.4052563048
409137.22105306946
188398.98276188437
293001.1874699101
74428.00964023662
726098.6429773959
615604.2866869962
349466.93791145086
61200.43676308051
407549.16077829705
471913.09152764466
625019.6727292724
333073.080549417
161838.0690895566
144077.07075514444
473327.88320268405
266819.4276460173
342352.1358481002
361052.7117909128
370173.2854542347
226589.2159187348
273109.90484892135
232963.96641761714
504249.5024785232
175345.573492768
606722.6546360335
659134.2709561319
409331.521484307
80242.15922240901
186108.05640847873
227384.9594953323
135404.44128146433
288368.6267458608
200329.07377166935
221619.4426648081
212957.63787099585
179435.95130520346
224306.7730753497
265605.63883287157
404675.86531788006
422660.74262390967
307191.534534798
223344.68221396054
479438.40582369117
548510.9862173939
79934.52878829572
382260.29359673866
422169.8420555383
164675.18057365893
384672.44741121685
296672.47669641295
367364.1933215722
91477.70950531242
154477.37733074668
458207.54395193735
666066.6552950727
567431.4937599048
528762.2709864746
424736.30008213414
521177.85340819374
241140.46354308058
438196.99709557457
129597.74456233963
140275.75576501057
336545.42319883447
373772.2770687746
278742.47228497633
567945.8430425553
157171.30805834744
235668.58102735347
133611.52209318627
85103.81341383314
668280.7765852604
259760.952895672
166030.23497194127
372589.52100502106
317497.35296789143
142255.49043419966
70732.86925874618
452195.6647961419
382158.952197964
289131.8408776139
285001.5320539189
196947.28161419276
323301.630858647
313193.9535249003
229688.64075887055
281534.9530045719
174991.57098048372
404001.2863054217
415966.7752267797
109727.62978179383
288773.3748779519
428900.08772337716
142119.8147562067
231584.64166719696
395336.1208508658
390451.06185918243
338789.0925608174
390952.0458568211
905811.1698124942
290323.7364375977
379481.651519941
257290.47610129407
269422.561490908
148475.58847887375
276099.3647648227
714456.2797345396
783993.3064738124
643479.128744645
376735.5723455139
63211.35948765165
365536.91672868765
186454.5458395991
151234.10417352407
402751.50143541675
257548.2135164786
598860.9275408168
683220.5679062775
529479.1126250986
512627.27112813183
676603.474285496
296504.25152992614
318712.78194559884
165489.32334818132
754503.0956250185
323911.6276526593
118693.31375661849
579035.0744986635
346586.22155713633
472601.4287650044
527029.6592037241
228735.2822729248
115803.83817219757
149042.676678956
286517.7818527268
355497.53473183606
426765.38334785815
200190.5701862204
226765.4883395914
241168.36436610273
430356.42079520767
216934.18413855336
526346.7533661338
552664.5509550603
231862.52426690576
566420.3901091584
163022.30021666698
359360.29176266154
388292.878724754
447422.83250056603
776588.1862447048
555268.8639495953
196083.1756345578
160797.78376307932
422562.30271828396
794726.4121555309
265123.6948551293
106560.22788665596
188186.78254445823
511513.96756336966
141752.03624298683
613253.5609718342
102040.40064301771
245932.74319839146
137278.70537329008
241247.9081616425
148039.83912823992
486636.1259199297
364565.87103525305
122921.29405852467
572130.7211293166
115285.86317653842
416628.21778413636
155846.4341614393
256447.99202980608
437061.5766165772
312358.50167092605
173751.65307938075
266223.3206189435
195708.84667414488
733219.067671397
83214.7696479362
256563.06187095417
164311.48989950801
210624.9563043159
123240.04532030014
331194.1608273526
728521.6414906444
511715.0255674591
294669.0260212174
434557.71665444225
345022.10701264197
405559.72219287284
362132.94797132874
174403.48777377894
185760.4601588971
621006.5222125516
127338.76278393652
525852.4178992115
212529.02133787062
446347.02982620534
278030.0825594116
272363.12395982683
315562.0182682255
248522.95972028913
86758.97712930075
299721.2386637056
227937.63942543522
169118.9179948233
275087.3093752882
218278.617179962
703550.9220953117
246660.08555524526
253694.46062329985
233755.6606429073
511069.1951083872
382713.12351562036
296557.2551391198
532586.6923466716
497874.7833457129
491109.6333130032
654838.3903899858
656279.294242173
157816.032996846
458603.3875180923
151146.79267570583
864484.4854678669
701007.6465593191
376083.7788160834
226923.72066681477
644352.6752354925
399387.66217499686
238839.03202103588
393729.91681809636
449945.39933532017
300412.67795243225
622596.7253176364
171280.5734870069
202350.12580020414
650962.2246473499
417851.50302663
418388.34197525354
456467.7231221688
94967.2909915381
215581.5962016824
73952.46288062353
442270.11473092553
309760.4264684002
282816.7109824165
119015.47740875262
452631.5802713314
134530.56680288515
441179.1844209218
402118.95275202865
52057.13368602815
316989.016311651
422025.3077802252
560237.6546988013
360312.6546374859
384279.95244156517
393464.3416998194
110836.12591541166
378550.4501498646
172320.12874696564
449557.65239755635
216158.50828511314
416917.94713657
326656.79530848
273590.93547653005
339706.5945732893
608707.8737316829
373004.0867878156
346983.6607420297
653616.7048164599
109730.41260904347
579885.6779002674
315663.76371078315
150396.56385667273
628825.6627633584
248574.0217866894
337224.1982722328
621804.6977006141
145459.4710510643
228828.22020201865
645138.2128352077
205759.03790100676
263242.43347610935
297458.83547005896
371102.25366552867
715178.3126306972
164302.59968739768
494798.28287388384
146389.50736053422
521719.26062056766
72668.64365225636
140578.6195783326
321759.64462201874
94797.76760352465
374120.3242593562
168080.92805217084
446793.37549124897
456796.4342698367
368160.38919497974
153307.49206986732
136724.8528709906
137100.938411673
502627.96171342634
237706.0217457433
284976.6283167562
362108.2326405874
386539.7668255108
315692.4197684887
597616.4107155919
306906.8030614428
562356.1302590099
701244.8624641921
684857.5483894976
243869.80802506523
233096.7142613746
618812.1007130784
212557.1432429292
539895.0584043348
583345.1926152636
323398.80549832183
417468.0734120462
484433.92474392505
232147.972265375
618110.4186485813
250291.99311317017
261931.96571471458
348584.02754152316
326267.47354768205
226796.57790223288
267943.3670604566
189483.77610430866
283500.1442135596
320939.77744890016
99689.06237972854
115337.5037159271
373714.50715730566
218494.80665325985
418461.88503906154
133597.74593512458
175017.21448731315
552718.4408761244
159966.10059092543
167490.59354576503
116785.33163069811
320659.88864153856
529170.5983793221
351957.45928130584
216105.31344763646
513487.2747635725
236571.1401896441
325170.7805851013
303198.20700687775
451884.16817073367
403762.86580112035
215283.5530473853
409512.38935847045
643309.8556041118
660284.2129185556
577933.1350797539
187798.74834482817
243732.4596262171
42343.03614707171
98164.99681154035
152845.61549780256
624325.3959019226
112898.22131756427
172823.04383035126
289401.05323520355
348058.459190849
335022.8663647526
115077.24213155179
257163.85089327313
571084.721582738
170008.10698765077
190110.70939472277
331568.60211382614
432679.0267655295
495540.49506211217
285024.7218199499
275991.949526667
251707.99150366263
605211.12994986
277410.203653105
143309.93889758896
570338.9095419431
217847.5333400135
254371.87405834536
477525.722314231
518776.36809786625
120490.43669239274
298534.2739722248
191433.5706117832
567790.6716546052
101688.86978334376
850476.5078147812
411350.3082174629
575201.1080867442
175368.68196545503
235736.76864570042
297067.60751056875
175382.759048403
201985.5468912808
414292.7567119922
275026.5427108397
97655.33146450896
343867.4631389643
136674.35480147062
175278.79900966384
419002.2240706803
248584.08157285393
604631.2015209366
320384.28760205786
324640.0188851254
263439.7946448899
532076.9240072375
574423.4569919225
283129.51914739626
222854.35880789434
382388.8789185883
367540.1699605653
148506.97398227276
390496.5976779565
151210.62220240853
447225.81495144527
717601.691124142
162118.8901044038
428454.86334572546
241458.59106727637
253388.97864678391
262382.49914122396
475318.55216062476
355765.7841679015
236220.47792341674
250861.83652365126
150172.19787739275
322770.353305832
498905.9953732244
66491.92509953053
267088.47780705756
271474.64296759135
656629.1564876192
755961.7988658445
276156.20215702103
328703.05482734315
410835.3968642875
130618.65469780107
556250.4839527444
241159.16616820553
310375.7999643678
773011.7315665883
394041.59379281884
596488.1702044246
352373.6414829936
873262.0563582808
437234.47234652506
349117.4843075128
144786.76817616014
297493.18784077547
493038.73614284315
550744.313858565
392272.91875320725
219789.12345849088
214430.78664007754
375536.07280573406
554317.7489529842
516917.7319620432
410228.26480050536
589763.811141418
422337.3009722031
480749.4897549551
626007.5520536961
132314.44298244544
239552.42888970464
483127.273629639
516041.2559127569
148940.91079359228
373842.05552838295
613639.5039982554
227625.95818840826
433217.5723375856
470205.7751452047
306443.78038309736
331429.8865562695
82744.6496340418
154011.33471149267
604359.8073541819
493453.3762210714
307503.86260208377
159236.24100748493
496353.96866149874
222807.75559451585
75903.97588810766
103953.06349090836
297550.0111027833
420834.2564582112
114418.9286394395
172650.2183890242
84672.83349663146
357458.46194919624
184370.50054881352
334784.8889469203
372094.2349588781
454953.22796107014
161025.41799225105
76586.93349505826
532612.1835709583
399882.681126395
194643.96478260693
519672.58270951035
287468.11296838167
156490.8707987579
359886.1437500905
79802.47359453456
160635.29930775668
242541.94333640387
154073.41133558055
154410.07630479996
363156.00738404185
111198.89536551497
425506.3936412609
143693.46297208968
504371.70050862845
319802.5229269471
540312.639687953
767595.8788207847
156266.84379951571
561261.4864480922
234141.48156059525
535872.7390291274
129847.66530473216
485374.89438296645
292041.5896291421
592706.5762619864
226777.04126799267
212155.68392153
171237.3413543794
671509.8935972984
242931.45637593922
786872.8495312092
231840.67268792278
404123.86512147426
516138.5395798643
470643.5722736703
120302.84196744747
56580.95766484365
303259.0650727252
254692.37117378155
284710.75111331086
182705.74436758185
340255.0658856811
284636.11286789255
166035.18706404162
525373.8636615319
312661.45738586993
423851.6297336591
295854.0098276917
201820.3657420762
296352.10740016954
338967.60957552533
262763.81174037466
513851.0274767266
197446.11258841865
180923.50597481674
422652.0448590343
828989.742073318
161073.35840171954
564011.1559225622
327610.9692254705
512496.58401708986
122286.42374540283
449616.30407830083
215234.66492384093
208684.3837446617
445969.566615949
170689.27123513978
487929.5691065801
119277.0478566316
279895.36869640095
419854.8307794232
487683.1411900575
207414.86578146374
521461.1255837065
407845.34868567856
306731.20639323187
444200.7434245568
325158.02551803377
229493.37957086286
399338.5788895134
234717.13102585843
116958.87948892337
262337.5072311063
471940.27953808644
713719.9854090239
541216.3338923531
183091.40789167254
347994.2948158951
407782.75624902314
584275.1749260151
211418.11386286758
88415.19723656059
106815.98191997058
377114.86284702463
355314.30157454
558516.6839278223
211989.80125957966
273632.8370844956
353230.9759978592
151621.94612205768
542446.4192648897
396600.0071293263
247891.5726975137
798195.9404383907
719721.7355110646
640577.1788107819
346242.25507932546
616231.0053646544
264913.94057126174
421282.97905522684
293217.2521113154
216973.16958011064
365079.2466126615
265645.7314345712
105900.31532693192
209395.7287073498
678106.584743634
254957.5230778769
314885.01412528125
604611.3310533555
60778.67989329891
514052.6867200599
687646.8845397695
191340.3165033469
547052.9624179837
271247.737516997
388428.24356613006
462610.7586374679
313926.29016061453
169078.36975800685
701912.890028432
430617.1490375379
123852.57128551856
495467.1788007799
127075.49019853267
281605.92231225147
227236.6520309001
501542.5030972518
456560.48270161025
223160.04048036606
335205.21862197574
146596.7644706967
85416.78742074654
506034.017060861
283738.3586060174
200010.0796624029
347228.8339542665
672686.5866794712
377912.8985343008
662094.1505585475
195360.2113009514
533927.5868904294
90025.94739581845
447611.9828759544
401732.4212884028
244710.12041041243
483318.7206632786
418417.7472571538
539999.0301784542
103328.60888875925
205022.68928416623
247871.55727059825
762849.7971269465
640452.3902428676
391485.18709591695
304031.0076445714
369178.25809938903
375630.5332149455
172156.75884292432
428839.8793387244
317284.855406012
186658.03440552024
170885.0251453507
114752.50063388159
411946.86258725845
156367.5032070951
293459.83935591683
485234.7749639585
370769.85197671753
406950.44382219453
107403.96713730229
232108.7461078001
155113.81536777437
511466.36301969684
598443.5648277217
641351.5657731505
385836.2473978187
164998.57272879165
477307.325537353
177324.6117630275
393592.78603409143
211520.37628553016
466391.72083686537
347977.19190955814
337886.5773149892
216772.10985722646
171931.64567347447
488685.3635192992
539994.7281345712
318704.12670190097
382530.18043370603
399194.31486937765
333291.7316253042
385434.55875150964
150288.17019326647
187271.52798086038
455473.41700242413
310273.89334228024
482696.4154087274
140788.639174153
292030.1509230528
243053.83135771408
327155.5904801118
202410.71513861453
161002.56935954923
337755.28887918463
280348.02956001466
337855.9502260693
107527.78201680079
288588.39643482136
210580.04342918488
263005.69653117727
217760.04541598924
199043.42247605923
347254.6927699308
125979.07861000445
180462.3329153849
318254.04073071346
111283.5736869744
459444.73715788254
101833.14988634615
352642.0379608302
206841.8420031282
316760.3852047568
300322.2163806318
325223.46691065637
371278.4613996027
349382.40409901657
109368.85660451437
460847.7260392304
418968.57525413495
457433.70599325973
184474.12464501688
456488.41928423854
568213.0179444058
188375.67177490357
369491.9982600844
386501.16511438944
584153.315063408
143504.11100016444
368799.47696276946
361193.4246366533
557105.6954705366
436115.4793607925
491401.78427385876
298789.3154804014
157213.9213091563
296902.27973414486
482655.9413603423
692222.218987295
281345.30261587194
242414.2925422705
246091.18170935597
170509.29707988078
562244.9538525876
512450.24502348935
159100.7572955113
442131.16700857994
99049.25252167128
149879.2556851617
287239.49886143283
387172.1229564554
263798.1657131272
281366.41541711095
490730.3665490659
445763.5680486865
303798.3880603636
829477.6390916384
251691.44605013236
480226.10600851645
147194.1321336179
254520.9035345176
204585.93376191793
113238.17406881507
758813.9508756918
137072.72443170327
318866.6268650389
516197.3913927112
375605.0817656977
314693.5266865769
522314.5920461029
514006.5544867664
233682.37898551233
196062.90968227223
186210.16091275643
278973.8690270986
627447.4334112188
250488.93310679827
252227.08012224958
183473.58759158742
738895.122903849
610800.5236154092
610328.8163572785
290135.20251166204
156546.78805705704
315287.2393898523
106291.62731828225
355840.84422786656
226385.16245607447
278390.94161592814
334744.29152704193
113581.85686449848
138201.57626515042
304522.7821998244
317802.04032400606
69024.96129677292
182193.79942316498
221840.2842063565
149429.5427245283
693719.1164432567
175441.47113995047
544679.6815141364
540362.7690022779
105580.06365650728
65306.28181532807
133501.72592544
700828.8557828859
253812.67638447377
309708.00502864766
308003.40506764245
561344.0546872598
402552.12764927815
296422.7799218246
287337.16585045005
172658.30453180222
109660.47053297142
163380.91003785428
376113.3814359297
683439.2761041403
297229.7551013303
239341.23971319606
354249.062923295
433141.55526249635
104018.11093404102
316690.05682956666
218447.16319014074
477022.09869506775
263724.981142017
314930.2293028042
139101.93197870618
341176.82614410855
353190.195431052
265853.2654478433
328829.5818603321
592804.5114383707
302378.7572410754
561437.9069206046
344022.3126625526
631089.7035298437
605979.2738232671
133116.04166945646
427715.0856237307
178835.03270434562
293493.61186821724
303514.9481741281
558062.5139001108
375615.1162623589
83893.8148537735
337777.8205814901
525324.4234342002
159549.80105045397
215674.90391211782
166598.14589881158
203262.59558563074
197123.12136805605
329061.91843025514
525254.1859992011
407571.96571919334
577120.8353681107
158527.86358428138
470832.6213505979
221265.4769149807
208453.81370016636
334145.5654951413
869708.5007790823
250252.67485441748
586087.7663095058
502599.09657329385
274571.7854028188
311763.0126473631
402682.26035362494
628220.1983004906
651458.4148406244
376364.650436931
492447.1767921685
352117.6451127993
162791.77875545772
145313.66530206238
253134.54860255375
487416.9702477939
201724.05373774839
252888.18516953223
604281.6372354708
255356.82940100526
141536.48854086208
149032.55443228083
205440.35128788862
160588.47459141474
113644.10574136606
365472.3492996242
386229.59302584926
175613.56628430277
431694.3123355136
702597.4122599864
403458.4237433971
160848.89375599485
450859.2171085828
268121.0063045289
118115.6101342092
367042.829586621
375521.4901109602
719571.1458674208
602517.1332923423
149578.70400246553
268165.98926123156
416722.36103427346
171609.7825395194
352863.5158362875
312625.6518537367
185081.34001080913
320280.65913462697
484874.41524348117
494562.2576445008
666437.7493828497
240281.80679465568
144246.42821797772
502150.8925666346
160913.40250882966
495033.4884650861
258253.7421613591
479926.2938753862
630758.4275418501
452912.70395604597
300745.27297259355
311111.14420547837
207457.7817064858
359113.8864746847
184211.49029120008
345385.22937532933
529582.6637189437
501929.0459404755
319260.3727489289
455988.5853325039
314067.6421042509
596851.0749307274
305037.1881186588
738818.3077614818
218114.15799852484
58079.692361319074
95352.04641132103
489278.7883924181
350178.7566519226
256917.99909573185
344525.5412740813
156748.10922675315
109309.62241152841
124422.82077712752
463413.69072724687
164444.08946917002
97902.8041332834
691969.7658264391
640304.5540469333
147582.5040383213
229648.5601606491
80723.38480438346
301871.4116398936
205386.3250773991
413642.74380575
270623.15699368314
279423.6485546545
578917.3747898572
318319.3296673481
391679.13481717266
131074.7873444721
189139.53809856396
89087.48024789094
253795.14101815215
468872.18521999574
97158.66239485182
252856.514126036
600121.2382499381
178407.98778391612
274815.3101509862
416054.4549412926
253827.407995648
195836.9771660836
394737.58000989514
474433.84945204295
262603.57540214615
173954.08638949122
357730.4183272569
528149.5804529855
192846.8302481267
517382.0608214524
162127.0015889376
730779.6431192167
326182.6525245115
165744.00910600027
613789.9778031333
116170.37964344416
151697.01492905355
291249.01527414593
317220.88050408213
161468.14198809836
386045.16219598876
393105.4653467114
237445.9666740756
457280.5123440269
547647.625115549
418360.8345274894
560854.8285485214
229638.5188410893
194959.31039077832
190262.97574250572
107356.62865774849
314383.66323972243
271031.86319836054
449494.0671250345
211094.58823738346
341873.47713765095
265800.687362924
237464.3736510306
133725.05294057095
332168.47803995723
569244.4769721162
492637.4119176367
404053.4926053562
458273.126424661
236342.32164569164
284164.52487990446
736701.9165622456
288042.2426927228
698737.6723618216
331770.6229145119
435933.60611827835
379815.10572287836
397531.1647993616
445670.0182623793
541329.8928694174
417054.1855389276
111066.80726536173
500023.6703045832
71214.91309103534
431110.8237413557
148467.5229399074
290657.1294049734
64216.98527700856
229576.11622907847
456663.23582338355
184443.52139539877
132419.64065399964
257411.69110620915
515439.4765577865
606165.1431181594
485338.15831204446
203211.20176752514
266555.26073140884
746123.6555703637
391812.43488058983
239515.71483929295
190348.73509202604
249497.87589601532
118644.18161497057
310582.5048017037
126344.40593180711
708432.4824041736
268716.1333601229
293117.448611895
323128.02638924366
109388.35777465928
463255.63760738407
410745.0903988333
458941.2231181293
362689.64720929123
727245.1657766575
202998.95134358894
285337.6245902415
393306.2829299607
319141.26188510074
552130.4545298405
235636.5587678366
465021.4657720868
337688.3212652507
386636.47577827284
383218.8390138254
137786.0505388401
403517.98938365025
300331.560300834
129436.67938081188
571100.0299239258
544321.1008400187
403305.05806764046
132469.61971932845
155235.04534345196
520159.7096478505
264644.4225999276
626977.1385302416
780584.6171559507
704203.8691677924
221719.33472526906
814794.2972155517
355529.3615787993
169591.93965184942
686378.5125547429
885755.5354604707
351484.54903446225
254161.31980345203
512402.84635384165
169964.76249497625
263558.2226904654
195431.6503113418
261663.07536577445
221926.6393413224
439111.0010814054
380888.6860064859
374559.3626971497
107391.59063407243
618980.2576329446
404226.47671873175
96510.98209720655
233770.34733410313
397680.77751291066
303652.6199569628
360554.62639779074
