15692.099919186383
13601.77705714504
4506.481614993246
135989.2288087766
169405.3993514236
27280.771201655913
107601.07760302273
427776.7272999357
228930.85479874536
390383.35122158006
481371.787399746
5810.21626581555
93634.95294437087
87323.0258880174
174426.46163148957
129220.28216578878
415813.64908407786
269773.9184929225
103373.06021838154
469042.8083987358
18552.793681939907
202730.48424750715
136767.81256086339
663982.6391794289
236682.51790541993
126427.60095917722
246913.57060126806
260211.44841968923
340245.1608154428
341827.8020502772
257267.77204508148
57950.07494600848
330246.8341804768
210350.14615195573
313073.92256506503
93477.68985109858
196918.79259873283
136928.31947912468
334276.96461508446
221374.81273702107
24084.634796348604
385034.3210841805
573934.1950353454
281075.43306244246
533935.6418241143
456312.5255423665
220125.94791213688
10596.778272607384
14263.693482319111
24724.156299353697
113432.41592725369
404491.018412556
175845.20431034008
99954.74226963763
459681.4629607602
261639.40535551825
342725.5652770803
63235.4056326355
403593.6504459336
208031.4977707493
172602.04384930438
111519.29241143663
81741.44565683602
285804.78310532717
158413.3428011025
325616.53552463686
97373.61754572272
108570.90045859838
64659.99525039049
70606.85893598881
352667.20262338646
86805.4963970139
203888.64446917546
58088.08638936533
173129.1433377216
348422.2432987128
66593.17198331375
151734.813797996
411916.3465165408
126077.8338427432
298224.127069114
170140.4603936392
480770.51877916657
335858.04584172583
149500.92597652384
49847.79510468521
319000.7344042482
39143.84679329148
244383.55161049592
267319.4110662385
245314.07568485127
67364.44088422458
120177.76536534753
22078.98581408148
469092.5011404671
117593.56067266845
187846.64261249243
268606.5685793973
271178.1421925953
54590.75893607731
182069.21520796823
229505.32602534187
327713.0543021723
76596.01780431185
133161.55964856094
269950.80198244203
484644.1874592277
42997.73084244976
3023.9519683589306
117427.57048021295
49921.250785027936
292707.5902559642
25093.195969278313
362180.7979511225
168296.8835333898
110897.09201493577
409129.87487115455
116387.71219191636
283470.8993733716
581674.8737903057
397575.7021712252
359534.5859807061
391739.2651279676
111419.84531942842
173590.46181686284
231870.56902275168
69847.86519037961
494769.09775651403
162901.0515955207
111629.59722811783
381080.7229966911
249638.9081295957
221446.21889792912
325256.491008911
70266.49740949561
8442.449762470304
273791.77935036353
6835.687979952976
186912.87200470787
205047.4951570721
204485.08022402768
281842.74584395916
166634.14917820282
184255.73098230423
3806.933199838271
223158.57190644927
93516.4729600586
29286.383506158018
356841.90662926197
460152.48488213477
148048.87625593558
94147.06167238888
315526.1879231236
507699.6866693758
163423.7924618597
55158.24475933079
273568.5578927708
30240.490944622372
179639.26294878652
452713.8144903169
314224.33084668044
115828.39330645601
479879.4050129887
173139.87637938873
80837.84060325361
573500.3797636156
283196.33148223243
14316.55082261781
263752.0672736637
620201.3733649947
117418.72399829485
62470.072184220204
331711.96952859615
23835.984258677272
215255.874735058
110613.41900531876
37918.88135155818
435472.7340873562
50382.49202622084
159334.3915412723
301074.19229398493
397795.6127556349
6559.451588622111
247528.07352975575
170821.75414589682
308818.3729140241
171902.2649926037
344596.9255635356
399775.31416208396
201090.96749303414
112498.33261977899
186320.24838582624
404173.39300030266
64611.7274391756
431074.9710129954
189121.4236661219
238339.9339920356
108084.6516606834
247008.27535221714
329478.992884178
177201.81293763706
34974.37910320533
247104.96538648987
81949.36955728247
38587.417379408274
175199.05186207494
8470.298704829333
599003.7420584646
280118.40604719566
194924.1338969923
277216.0853903019
317465.00567197375
119089.03073891395
381130.6830341733
137986.34733068795
111574.11526334341
203379.64865589424
85884.3679576844
313399.19998876745
128948.96052255027
21743.57792158681
17696.805773477576
101278.45629522848
361986.536446907
272916.2555092327
316774.6295624569
47944.51800946486
192101.1780216785
75633.50784292667
419375.9122778093
65510.23188204417
200938.89515869872
81040.24958728507
339264.8033944696
230308.545880697
229928.81652015456
312218.9237272973
57305.807386468216
123183.60733929447
222708.31082863998
286546.7315580008
76533.3661116435
68384.71584146339
412798.6136549103
237592.97210026768
25947.911752912114
262306.9397398693
384416.4445934834
33847.33573172987
160605.27961933208
278000.9837026172
66116.7337591736
300029.96319266135
304916.934915118
375005.5896673515
170211.8637266155
371137.89360523276
259010.87488866042
145530.00496164415
355891.07925001514
145718.51702728853
279384.1597631581
267550.8831097077
298546.9547730315
38447.57843323114
201086.6087836374
167826.72397546418
258492.89044664506
269634.36410267005
266555.7892902249
168636.94339130836
84389.0865700775
272517.54733683856
295585.69806664716
232045.37465853803
206818.52961120696
116902.29054260773
10705.251562713649
404827.65265847644
424146.7457597522
297034.96132552
250768.24602803137
59523.15798117177
234843.44322564628
70593.58906213065
305277.6889510379
532528.2172171334
240462.1794079025
106542.56193157409
287654.77888950985
5384.555433822514
259422.44275127407
266394.386275071
101015.78767296196
158575.50310039715
17802.32332531877
52009.08778017624
252858.51428094078
308910.41052711755
462150.58328577015
192471.78879476676
389039.6082257612
123733.64301173239
296924.7289029055
16051.885680772184
19710.01102101934
296831.44984850596
237422.16945724486
175713.83140834764
425710.62071472977
158359.58712682917
261311.68856492123
67946.39176640134
316611.96991836163
71745.00450715967
17397.7325835731
294596.19460579025
223433.650536202
420654.2815836649
347223.22062776587
14913.386826136735
86199.43836336279
75612.53478797643
3005.6670505593697
454430.20844905986
132359.62344987574
172490.74599070853
306871.0671042688
185788.37981430988
4605.583648856585
48769.530381251076
297528.4242790103
71109.011090929
12276.252416511272
188682.42720297805
171035.72657548494
135094.61609365902
26707.844317096526
39702.61258684835
228528.816906746
476686.7779625604
104956.18014710305
159016.46429095123
57072.138410261614
399964.3012179257
213715.67167981953
473884.5362931995
384399.2264087556
5815.185752613282
257889.0021691882
47958.859482544074
32179.684794227185
494615.59850906226
77345.90943279427
332153.4030843097
235694.47986283572
48162.3259494606
6902.615501480091
31668.32895003103
138829.29057754792
235907.5580203238
186230.59485008326
17186.709145900662
68003.50087624467
166236.53717655444
377782.8025357773
155902.19828525884
456760.95291357837
258366.83174866278
44916.411934069256
164668.11204112918
313924.02531051
466610.5401290501
158803.29856333273
239154.90898788534
325640.7807647624
43777.58441348143
181418.24704171484
277207.75482248055
21588.789456721268
173168.75776612567
122297.59524189337
439746.0062498427
189976.20297293903
288131.55660501984
343492.13135512365
319916.8327417667
251864.92491343658
313947.6758671548
72708.90623236517
80649.67208798647
338000.13855924923
480602.462196114
481784.57826658647
443091.06285764964
168601.84626929482
278288.4029609998
477916.1753342984
155387.48857014778
198212.588398694
216594.69172683562
46697.79480675182
61816.26090028371
10129.68070429866
21237.99473935264
236050.74644167477
116732.998184989
29868.88773518742
99509.30295607256
274153.13429368753
201825.95551607315
387440.7067508922
44824.10895266585
76009.19103382096
122770.04038559823
583530.3710561008
379130.9653789491
326603.99152963684
142540.36168053054
119198.47884935615
211134.13136259254
541768.4164941492
270772.6328286127
226487.12320172586
169769.6423124647
228352.38805144952
145400.64602520101
445301.9069306169
597476.6645025789
119725.54628721275
49611.655713714965
348196.48204078764
54912.380163264395
611411.4425952869
541048.743302444
243289.91256791816
162925.57725537845
234982.0995017377
462983.66870713513
131943.33029485797
134969.569613606
437916.2162454465
229050.1144230221
62281.06916536658
491794.523107421
68173.46121511885
256250.82409454475
174210.8178737836
71801.09854823793
187623.30877004302
401382.8404133016
213290.2933173828
365126.0384785507
269640.6793000856
307252.591887604
338105.0494714835
472322.0335817874
131668.4862489163
79003.83355106378
143373.40149112584
98638.45552708421
425405.0445320954
28414.83996006863
31015.4352985316
457325.75419221376
307401.89778135385
318871.8770771327
27538.14283620969
156495.94353318043
223890.49541032634
225661.52794845647
6494.579513405494
277532.9925944845
280883.90600482887
327489.56413508323
233139.8877270518
162602.00601740018
65525.434491024884
13489.226024305677
147336.71978370438
183758.23825210647
292112.80616936093
188698.94158568195
40959.86187048296
190744.32556640304
279913.32625658816
9561.711871146255
25024.340058550388
275695.1686416458
326331.8655853618
513844.5741450423
110506.09425623175
28265.823098005952
117972.23271797803
162548.42345115857
28961.899442724553
177972.75131157678
209473.34089037418
161471.8257262775
147020.3148859775
260745.4384960512
132519.59673869042
95088.09020801546
66319.24709206902
41685.25793955925
192054.21680464313
227562.65753107023
80755.06157698741
498265.1053625503
537428.7635653294
87124.73601754526
221648.54574707348
282997.9534536218
258488.908675823
169642.92790918963
135128.35715705698
61339.353467126566
205334.0287950408
355262.3487638487
437375.4168884662
272356.3348339623
21931.801185206572
496495.15525956714
222676.3447606458
120941.37917454037
239119.42756536833
446889.0998358329
3282.062033930177
586714.7302198425
492778.93509484763
118508.40492689273
297469.44829324365
66358.4010183687
206495.43374912115
279570.4556233839
52276.837613167954
65835.9205167286
291167.7441482413
404055.60044414306
218818.81548856388
336196.73736514576
168973.16165150137
13334.91401103232
203097.56016660942
16168.839007302477
115773.39273940577
168699.62169401327
131393.74740298017
250166.58677550484
224221.82736651791
4287.905280217871
47893.0715594727
185800.72831017067
190994.95786872896
17543.86757070566
567741.2737525328
24093.105487944355
499006.5717284975
515182.5262341293
476201.39111999254
218993.34995297037
313887.4684874535
257872.66619209168
335441.57177420385
11386.070232013704
246142.7772450999
190840.00541742623
169668.60055921198
105273.58257339548
202537.94246561168
177829.3640827796
390175.6395435209
11794.192896237482
205065.0105009203
414254.51422966045
90668.04173055038
177152.46792987816
279264.8839828196
392609.87672679464
330897.6941925162
290310.0942906356
475769.8071039413
617555.2240726113
254780.25123556255
62302.21622202026
318663.6053778671
64508.14610151948
158427.03999608874
7101.676555692216
20689.58590410568
86847.84541911948
49336.30714140746
478499.7513340036
110640.39243791124
180414.1453356622
167229.00438055312
326292.80080247164
134785.6690160039
334763.2985436894
113961.06075143276
3113.92840053575
395469.88588725356
364774.00505502505
206976.8790406877
332592.7167542727
324745.7718758331
370288.24707290303
194877.96883847975
60423.51513908209
159791.00503103892
205325.85479846149
47552.26073510949
311941.05210656073
56137.41954330958
260431.4293591757
342137.7658235775
26318.728800806104
232670.75646975375
82024.21589413904
70384.19069579196
380259.2590288014
28275.617985397996
7061.371820349747
47510.133557771675
9249.807344575345
155706.3650581925
362730.1454210311
70529.88763573368
235719.52491708216
357819.34554584377
184144.3957991369
316650.2694330342
137808.72594739785
238395.5356981739
302538.9930598929
90547.04785293736
20641.171720537848
184139.05544760695
92315.22251249252
235764.2807671112
273571.2164277227
243562.12046544757
33711.19980439569
212112.41167709895
91268.83468196623
220368.03757030607
187159.53778852412
310043.84500534844
521318.31574090547
278412.31552778336
101508.15969425092
227430.53449577955
324079.6345224889
34607.43167516682
315430.16300631
527763.5868745417
283282.54830003215
338301.56242819363
468058.4111282329
319148.94008014415
163400.3239653505
139990.71728246668
532003.7526790585
268932.301846445
16163.73070057953
210523.78234550208
394962.99942015205
77562.19168454492
42964.8274734734
426222.1393852942
362142.6849719775
684648.2909565481
186747.520931798
161549.25897711958
229526.19194137736
342580.87559853593
324559.70405278006
166467.70709124883
213118.91074207445
220240.70546875353
389021.18123788445
153509.3586064052
119647.80165910118
410734.3069116696
195168.04539745735
313393.6563206808
591338.101501036
200719.05554438598
435935.8399998336
36127.11618252275
195378.29984471572
50335.71784974153
203557.13809484153
354861.95429835876
412409.0149035617
256996.60178583485
269749.5212751757
539233.3929435319
262505.3253247233
251185.25972145665
362501.6636569578
211921.29939000114
39403.313545125406
83536.58231436653
114316.52730135946
481367.2791715087
498943.53002194385
366577.99825322436
200819.39335161672
272543.0382044278
269831.87577845383
11564.875107482181
118088.22319196955
157829.87472576115
3929.555901494577
212468.12142209447
330700.17892433546
240994.59481147662
140596.41882310956
45468.56014214636
71415.06122253617
283547.4484436837
380075.6534902102
27802.14649038051
150802.39360506568
320105.1628641247
264792.8372938531
43569.411500880866
568028.4177949128
120723.04220473535
419495.04223009007
236718.01283568304
163071.80416636926
197216.46853473535
41426.76166448946
37938.55596950062
174655.8585316432
445179.49551635515
45764.925596506604
327900.3806615361
103176.22838319413
210430.27035518645
220203.05789419042
418220.6078383432
351201.24969159364
131257.55171155455
208794.867697059
373328.7433805517
642069.4943733846
62553.882717271816
123839.19169767664
110641.73794330657
39354.25655587593
126179.76573790623
59534.79558939765
292269.9280285789
332229.9613707664
186978.39051402736
28341.643417926647
44030.00715384769
282843.36567053647
64790.51196444138
3822.8267505729477
107997.916805197
39760.674287393456
278645.0821299616
231108.38677177808
320753.0653227789
246256.79187057848
44652.05928372979
26104.357490431456
23720.434556231452
492239.26665146835
210673.3428217171
408190.2508907132
143956.3648148674
72860.29777102209
289276.85587549163
613738.0983760152
31239.592152568217
328684.3614409189
176028.14777533442
188329.79996654208
119102.87821165165
33270.71272687844
210428.78774781578
44953.83504287888
118507.65418748058
142576.44185462527
733270.5918988353
382546.51208384254
464711.87577575824
684781.0147085043
281543.48846448713
178003.52539305526
245665.28983406757
237340.306769052
476794.0396834398
16304.40061157337
470917.32098828134
142791.432912953
411313.99293791363
182957.4864721954
302115.169974458
68347.25979693714
60676.69282386409
311929.58858724445
610212.7237192856
91306.53121492942
270248.4502026184
125624.97490941017
87826.52936205837
40663.791875073315
170628.5294707343
273600.32803137915
16714.121314723292
452097.5496269718
11153.456405796582
263568.5312157812
536954.1367141894
121511.82516701597
366458.98701002647
232501.4506382049
88076.57871608225
430471.12964176905
386105.8914458381
81692.91262681618
271071.607442733
166734.23259612152
265631.0107100514
63906.529995325494
600376.6864140856
388159.89352281985
308430.76501637447
494530.723889344
163203.68242507233
184221.85279225494
135543.70803530284
169159.5368062369
489391.37549304496
336421.5545768091
182498.44063687092
522472.0276989931
216716.896023402
111393.5355634995
156215.11773748806
414839.5226808749
212684.41876865644
416218.5566719139
94986.24162653895
220903.58952811037
499337.07157166704
241638.00895249864
228460.71895812504
447344.53487345856
27141.050175547953
244085.2415975913
97695.03786889862
301097.9662258508
100174.9823049413
176362.9129812453
276845.7494173212
293225.8962127502
110705.49605758312
45711.780150313694
7685.984955300393
40364.03356935609
179930.95188552054
156073.66158341704
469730.96238881635
148045.36161306707
289195.2666088285
426392.8037336412
178969.92760980956
14118.672383576657
565208.2705388968
364456.1733717165
248522.0239658465
370030.8856452072
4904.462766757439
52586.14041267121
28704.43411433754
161345.01362711744
334455.6166757386
73109.00494867825
513601.725924801
14200.846844104668
76787.2572178765
160471.9864662527
288937.1449937074
75983.13307885204
277486.85998550965
117846.69665766775
48008.32831563679
97757.0400070071
296211.6204405399
336284.917376322
124039.87495202706
12091.33405064008
459120.80109906365
268722.30547933787
232840.22847654542
344292.8280162437
317173.4787821682
568738.6221798256
112246.57337869462
286718.59215747786
260614.9673097993
428144.0275216158
5729.0629679532885
57261.41712192664
179977.5013181325
202349.7337425556
92263.70827093095
369958.95777939097
293080.52372049354
26862.799765907883
216525.24686013855
317063.28899947717
61131.19468485113
150313.25983710762
87091.42057806031
188619.54343778762
362591.1083769167
378723.03273378685
141004.6004349901
206570.73206005967
151547.69458372402
263146.7302495309
264819.20648878877
285140.3241834175
270277.943605484
452928.5782642776
597744.7424366372
610851.9340907108
345657.52243600093
261328.6461337027
321197.8544439459
333124.65300765063
246420.00162370672
51521.919222157216
141474.7102148168
321727.58882653125
75488.25408452438
251300.64268020703
46113.40590402919
83865.40492717773
426656.0245127376
275554.4548315226
383786.07034677226
448091.74374053784
399848.14134799904
131703.44978189588
372829.36577870225
157308.1177747167
143291.68647905273
70366.4019669359
279539.88818593766
215822.58322151215
90570.00612365735
250865.3101403065
40680.22347440596
684777.0651197826
346170.3974610715
33170.61100438511
164660.2819478182
265118.65051561553
358198.6128942883
346923.8808431423
48984.244725944336
159006.49257080437
521278.752045333
116210.12149547163
245833.55570872859
235621.88512808958
125005.616953598
325234.3589510511
330326.13243305444
67435.31227035116
22961.002911262793
98449.73362388056
221551.19540371312
187627.15161586172
245975.23509685716
107682.1941651078
260697.78293304215
150250.43591411566
90940.3740005711
169769.99422509372
19352.162842630816
403872.63010273717
232797.28205754023
332882.70066246006
383927.90060097055
119025.44179087928
129464.42312815471
110853.5311484065
486189.5440845927
397569.4691119446
118729.31335873733
515723.8789358464
68398.28037082768
88998.61067732252
200648.82098993604
387414.8502652265
400341.40714736946
101913.32380808523
40910.77143918703
468680.6703184305
53508.44958749728
233436.14587524027
353409.38800353813
54591.91778670635
378163.71030994714
194272.9354462417
3095.4067391301373
328375.84259095095
149295.66637815535
412540.5482298281
250465.68766125725
153817.2445549615
291254.3342326479
157250.06342860407
274580.4214284076
297885.8467502409
173624.65686856682
69157.35485126736
285498.9465220825
132279.61695461458
73148.2237919919
99903.90109149205
187719.69937027636
128426.37817482161
54716.68584390074
18367.88347481416
203055.43898744058
54933.88411607472
141760.4740641812
158408.81260850365
121395.40038876256
491648.3832568186
301759.97035358386
116317.81578924423
110468.73108009284
52478.55491794623
197088.03239053342
242733.43371419542
96879.79842844249
72529.18970657751
130070.81194605703
196577.46796755417
