  0 0.2994545455
 11 0.2994545455
 11 0.4980000000
 28 0.4980000000
 28 0.7174444444
 37 0.7174444444
 37 0.6920000000
 38 0.6920000000
 38 0.8589411765
 55 0.8589411765
 55 0.9011538462
 68 0.9011538462
 68 1.0035000000
 70 1.0035000000
 70 0.9575000000
 74 0.9575000000
 74 1.0103809524
 95 1.0103809524
 95 1.0654210526
133 1.0654210526
133 0.9386363636
144 0.9386363636
144 0.7559375000
176 0.7559375000
176 0.5241000000
186 0.5241000000
186 0.4415000000
188 0.4415000000
188 0.3620000000
192 0.3620000000
192 0.3170000000
195 0.3170000000
195 0.2730000000
196 0.2730000000
196 0.2125000000
198 0.2125000000
198 0.1650000000
199 0.1650000000
199 0.0940000000
200 0.0940000000
