  0 0.3115833333
 12 0.3115833333
 12 0.5425000000
 26 0.5425000000
 26 0.6980000000
 29 0.6980000000
 29 0.7954444444
 47 0.7954444444
 47 0.7942000000
 52 0.7942000000
 52 0.9013636364
 63 0.9013636364
 63 1.0130000000
 72 1.0130000000
 72 0.9760000000
 74 0.9760000000
 74 0.9590000000
 78 0.9590000000
 78 0.9981750000
158 0.9981750000
158 0.6329523810
179 0.6329523810
179 0.5341666667
185 0.5341666667
185 0.4336250000
193 0.4336250000
193 0.2638333333
199 0.2638333333
199 0.0950000000
200 0.0950000000
