  0 0.2566250000
  8 0.2566250000
  8 0.4719473684
 27 0.4719473684
 27 0.6528571429
 41 0.6528571429
 41 0.8178095238
 62 0.8178095238
 62 0.9388333333
 68 0.9388333333
 68 0.9171111111
 86 0.9171111111
 86 0.9334000000
 91 0.9334000000
 91 1.0171153846
117 1.0171153846
117 0.9778461538
156 0.9778461538
156 0.6695454545
178 0.6695454545
178 0.5545000000
180 0.5545000000
180 0.4434285714
194 0.4434285714
194 0.3000000000
195 0.3000000000
195 0.2275000000
197 0.2275000000
197 0.1960000000
198 0.1960000000
198 0.1570000000
199 0.1570000000
199 0.0890000000
200 0.0890000000
