  0 0.1965000000
  6 0.1965000000
  6 0.3485000000
 10 0.3485000000
 10 0.3940000000
 11 0.3940000000
 11 0.5317692308
 24 0.5317692308
 24 0.7371481481
 51 0.7371481481
 51 0.8386666667
 63 0.8386666667
 63 0.8858484848
 96 0.8858484848
 96 1.0794838710
127 1.0794838710
127 0.9362500000
143 0.9362500000
143 0.8060800000
168 0.8060800000
168 0.6157777778
177 0.6157777778
177 0.6090000000
180 0.6090000000
180 0.4704444444
189 0.4704444444
189 0.4380000000
190 0.4380000000
190 0.3642500000
194 0.3642500000
194 0.2390000000
199 0.2390000000
199 0.0950000000
200 0.0950000000
