  0 0.2380000000
  7 0.2380000000
  7 0.3880000000
  9 0.3880000000
  9 0.4000000000
 10 0.4000000000
 10 0.4497500000
 14 0.4497500000
 14 0.5200000000
 19 0.5200000000
 19 0.7133448276
 48 0.7133448276
 48 0.7981052632
 67 0.7981052632
 67 0.8912500000
 75 0.8912500000
 75 1.0785882353
 92 1.0785882353
 92 1.0869090909
103 1.0869090909
103 0.8457272727
191 0.8457272727
191 0.3620000000
195 0.3620000000
195 0.2850000000
196 0.2850000000
196 0.2070000000
198 0.2070000000
198 0.1630000000
199 0.1630000000
199 0.0840000000
200 0.0840000000
