  0 0.2542000000
 10 0.2542000000
 10 0.4963333333
 19 0.4963333333
 19 0.6050714286
 33 0.6050714286
 33 0.8218500000
 53 0.8218500000
 53 0.8448125000
 69 0.8448125000
 69 0.9651111111
 78 0.9651111111
 78 1.0126363636
100 1.0126363636
100 1.0795000000
102 1.0795000000
102 1.0197500000
134 1.0197500000
134 0.9428181818
156 0.9428181818
156 0.6514827586
185 0.6514827586
185 0.4790000000
186 0.4790000000
186 0.3733333333
198 0.3733333333
198 0.1390000000
199 0.1390000000
199 0.0930000000
200 0.0930000000
