  0 0.2612222222
  9 0.2612222222
  9 0.4837777778
 18 0.4837777778
 18 0.5160000000
 19 0.5160000000
 19 0.7011500000
 39 0.7011500000
 39 0.7569444444
 57 0.7569444444
 57 0.9975714286
 71 0.9975714286
 71 0.9648181818
 82 0.9648181818
 82 1.0683333333
 85 1.0683333333
 85 1.0530000000
104 1.0530000000
104 0.9207962963
158 0.9207962963
158 0.7026400000
183 0.7026400000
183 0.4620000000
185 0.4620000000
185 0.4701666667
191 0.4701666667
191 0.3845000000
193 0.3845000000
193 0.3080000000
194 0.3080000000
194 0.2855000000
196 0.2855000000
196 0.2340000000
197 0.2340000000
197 0.2050000000
198 0.2050000000
198 0.1530000000
199 0.1530000000
199 0.0970000000
200 0.0970000000
