  0 0.3578000000
 15 0.3578000000
 15 0.6323076923
 28 0.6323076923
 28 0.7189333333
 43 0.7189333333
 43 0.9142500000
 63 0.9142500000
 63 0.9119000000
 73 0.9119000000
 73 0.9225714286
 87 0.9225714286
 87 0.9345454545
109 0.9345454545
109 0.9790000000
114 0.9790000000
114 0.9981951220
155 0.9981951220
155 0.6496666667
176 0.6496666667
176 0.5048333333
188 0.5048333333
188 0.3920000000
191 0.3920000000
191 0.4010000000
192 0.4010000000
192 0.3100000000
193 0.3100000000
193 0.2853333333
196 0.2853333333
196 0.2360000000
198 0.2360000000
198 0.1600000000
199 0.1600000000
199 0.0820000000
200 0.0820000000
