  0 0.2853333333
 12 0.2853333333
 12 0.5818750000
 28 0.5818750000
 28 0.7555000000
 42 0.7555000000
 42 0.8930625000
 58 0.8930625000
 58 1.0163684211
 77 1.0163684211
 77 0.9100000000
 79 0.9100000000
 79 0.9618275862
108 0.9618275862
108 0.8990000000
126 0.8990000000
126 0.9785789474
145 0.9785789474
145 0.7775000000
151 0.7775000000
151 0.6116000000
191 0.6116000000
191 0.3005000000
195 0.3005000000
195 0.2730000000
197 0.2730000000
197 0.1980000000
198 0.1980000000
198 0.1650000000
199 0.1650000000
199 0.0820000000
200 0.0820000000
