  0 0.2408750000
  8 0.2408750000
  8 0.4714444444
 17 0.4714444444
 17 0.5985000000
 27 0.5985000000
 27 0.6188000000
 32 0.6188000000
 32 0.7890714286
 46 0.7890714286
 46 0.8510000000
 47 0.8510000000
 47 1.0061944444
 83 1.0061944444
 83 0.9922500000
 91 0.9922500000
 91 0.9056410256
130 0.9056410256
130 1.0190000000
131 1.0190000000
131 0.8404000000
136 0.8404000000
136 0.7916470588
170 0.7916470588
170 0.6497000000
180 0.6497000000
180 0.4800833333
192 0.4800833333
192 0.3470000000
193 0.3470000000
193 0.3213333333
196 0.3213333333
196 0.2365000000
198 0.2365000000
198 0.1690000000
199 0.1690000000
199 0.0910000000
200 0.0910000000
