  0 0.1215000000
  2 0.1215000000
  2 0.3648750000
 18 0.3648750000
 18 0.5460000000
 19 0.5460000000
 19 0.5980500000
 39 0.5980500000
 39 0.8185263158
 58 0.8185263158
 58 0.9986666667
 70 0.9986666667
 70 1.0057500000
 94 1.0057500000
 94 1.0882173913
117 1.0882173913
117 0.9828750000
125 0.9828750000
125 0.9242926829
166 0.9242926829
166 0.5453636364
188 0.5453636364
188 0.3695714286
195 0.3695714286
195 0.2420000000
197 0.2420000000
197 0.1990000000
198 0.1990000000
198 0.1450000000
199 0.1450000000
199 0.0810000000
200 0.0810000000
