  0 0.3642777778
 18 0.3642777778
 18 0.5570000000
 19 0.5570000000
 19 0.5265000000
 21 0.5265000000
 21 0.6195000000
 25 0.6195000000
 25 0.7690370370
 52 0.7690370370
 52 0.8206250000
 60 0.8206250000
 60 0.8919285714
 74 0.8919285714
 74 1.0760833333
 98 1.0760833333
 98 1.0790000000
 99 1.0790000000
 99 0.9509375000
131 0.9509375000
131 0.9837142857
145 0.9837142857
145 0.7611600000
170 0.7611600000
170 0.6265333333
185 0.6265333333
185 0.4206000000
195 0.4206000000
195 0.2092500000
199 0.2092500000
199 0.0930000000
200 0.0930000000
