  0 0.2536666667
  9 0.2536666667
  9 0.5420714286
 23 0.5420714286
 23 0.6051250000
 31 0.6051250000
 31 0.7687142857
 38 0.7687142857
 38 0.7132500000
 42 0.7132500000
 42 0.9181500000
 62 0.9181500000
 62 0.9227200000
 87 0.9227200000
 87 1.0196428571
101 1.0196428571
101 1.0876666667
107 1.0876666667
107 1.0047741935
138 1.0047741935
138 0.8455405405
175 0.8455405405
175 0.5331052632
194 0.5331052632
194 0.2890000000
195 0.2890000000
195 0.2750000000
196 0.2750000000
196 0.2143333333
199 0.2143333333
199 0.0960000000
200 0.0960000000
