  0 0.1195000000
  2 0.1195000000
  2 0.4101176471
 19 0.4101176471
 19 0.5404000000
 24 0.5404000000
 24 0.8014583333
 48 0.8014583333
 48 0.8998181818
 70 0.8998181818
 70 1.0380000000
 71 1.0380000000
 71 0.9473000000
 81 0.9473000000
 81 1.0871785714
109 1.0871785714
109 0.9277500000
117 0.9277500000
117 0.8579210526
155 0.8579210526
155 0.7695000000
171 0.7695000000
171 0.6522500000
175 0.6522500000
175 0.5750000000
184 0.5750000000
184 0.4416666667
190 0.4416666667
190 0.3553333333
196 0.3553333333
196 0.2220000000
198 0.2220000000
198 0.1510000000
199 0.1510000000
199 0.0860000000
200 0.0860000000
