  0 0.3721764706
 17 0.3721764706
 17 0.4820000000
 18 0.4820000000
 18 0.5417272727
 29 0.5417272727
 29 0.7182352941
 46 0.7182352941
 46 0.8932142857
 60 0.8932142857
 60 0.9654000000
 80 0.9654000000
 80 0.9027142857
101 0.9027142857
101 1.0947000000
111 1.0947000000
111 1.0506250000
127 1.0506250000
127 0.9319583333
151 0.9319583333
151 0.7521875000
167 0.7521875000
167 0.7360000000
168 0.7360000000
168 0.6011111111
186 0.6011111111
186 0.3643750000
194 0.3643750000
194 0.2840000000
197 0.2840000000
197 0.1640000000
199 0.1640000000
199 0.0930000000
200 0.0930000000
