  0 0.3591052632
 19 0.3591052632
 19 0.6456000000
 29 0.6456000000
 29 0.7881875000
 45 0.7881875000
 45 0.8768333333
 51 0.8768333333
 51 0.8400000000
 55 0.8400000000
 55 0.9556000000
 60 0.9556000000
 60 0.8533333333
 75 0.8533333333
 75 0.9176363636
108 0.9176363636
108 1.0264444444
153 1.0264444444
153 0.8500000000
159 0.8500000000
159 0.8250000000
163 0.8250000000
163 0.6530000000
186 0.6530000000
186 0.4311666667
192 0.4311666667
192 0.2986666667
198 0.2986666667
198 0.1500000000
199 0.1500000000
199 0.0830000000
200 0.0830000000
