  0 0.1626666667
  3 0.1626666667
  3 0.3696666667
 18 0.3696666667
 18 0.5887272727
 29 0.5887272727
 29 0.6442000000
 34 0.6442000000
 34 0.7250000000
 50 0.7250000000
 50 0.8284666667
 65 0.8284666667
 65 0.8985555556
 74 0.8985555556
 74 0.9509642857
102 0.9509642857
102 0.9760000000
103 0.9760000000
103 0.9374000000
108 0.9374000000
108 0.9034761905
150 0.9034761905
150 0.7537419355
181 0.7537419355
181 0.5092857143
188 0.5092857143
188 0.3319000000
198 0.3319000000
198 0.1590000000
199 0.1590000000
199 0.0920000000
200 0.0920000000
