  0 0.1260000000
  2 0.1260000000
  2 0.2891428571
  9 0.2891428571
  9 0.5002222222
 18 0.5002222222
 18 0.5841764706
 35 0.5841764706
 35 0.7977500000
 39 0.7977500000
 39 0.8602777778
 57 0.8602777778
 57 0.9671724138
 86 0.9671724138
 86 1.0042307692
 99 1.0042307692
 99 0.9606666667
102 0.9606666667
102 1.0721500000
122 1.0721500000
122 0.8107857143
192 0.8107857143
192 0.3480000000
193 0.3480000000
193 0.2925000000
195 0.2925000000
195 0.2295000000
199 0.2295000000
199 0.0940000000
200 0.0940000000
