  0 0.3301428571
 14 0.3301428571
 14 0.5116666667
 17 0.5116666667
 17 0.5382000000
 22 0.5382000000
 22 0.7097692308
 35 0.7097692308
 35 0.6988000000
 40 0.6988000000
 40 0.8830666667
 70 0.8830666667
 70 0.9168571429
 77 0.9168571429
 77 1.0218571429
 98 1.0218571429
 98 1.0458888889
116 1.0458888889
116 0.8550000000
148 0.8550000000
148 0.6804857143
183 0.6804857143
183 0.4757500000
187 0.4757500000
187 0.3642222222
196 0.3642222222
196 0.2130000000
197 0.2130000000
197 0.2090000000
198 0.2090000000
198 0.1620000000
199 0.1620000000
199 0.0880000000
200 0.0880000000
