  0 0.3921176471
 17 0.3921176471
 17 0.5726842105
 36 0.5726842105
 36 0.7998333333
 48 0.7998333333
 48 0.8380000000
 49 0.8380000000
 49 0.8266666667
 52 0.8266666667
 52 0.9180000000
 62 0.9180000000
 62 0.9094666667
 92 0.9094666667
 92 1.0142000000
112 1.0142000000
112 0.9005000000
114 0.9005000000
114 0.8762500000
186 0.8762500000
186 0.4278000000
191 0.4278000000
191 0.3505000000
193 0.3505000000
193 0.2862000000
198 0.2862000000
198 0.1680000000
199 0.1680000000
199 0.0860000000
200 0.0860000000
