  0 0.3458571429
 14 0.3458571429
 14 0.5417500000
 22 0.5417500000
 22 0.6469285714
 36 0.6469285714
 36 0.7901818182
 47 0.7901818182
 47 0.9040833333
 71 0.9040833333
 71 0.9255714286
 78 0.9255714286
 78 0.9238000000
 83 0.9238000000
 83 0.9801818182
 94 0.9801818182
 94 1.0688666667
139 1.0688666667
139 0.7655526316
177 0.7655526316
177 0.6050000000
178 0.6050000000
178 0.4857000000
188 0.4857000000
188 0.3631666667
194 0.3631666667
194 0.2282000000
199 0.2282000000
199 0.0860000000
200 0.0860000000
