  0 0.2118333333
  6 0.2118333333
  6 0.3672857143
 13 0.3672857143
 13 0.6067619048
 34 0.6067619048
 34 0.7730000000
 35 0.7730000000
 35 0.8802272727
 57 0.8802272727
 57 0.9259500000
 77 0.9259500000
 77 0.9040000000
 78 0.9040000000
 78 1.0764242424
111 1.0764242424
111 0.9570000000
114 0.9570000000
114 1.0164285714
142 1.0164285714
142 0.7295806452
173 0.7295806452
173 0.5676923077
186 0.5676923077
186 0.3535000000
196 0.3535000000
196 0.1906666667
199 0.1906666667
199 0.0910000000
200 0.0910000000
