  0 0.2123333333
  6 0.2123333333
  6 0.5472500000
 26 0.5472500000
 26 0.6950000000
 35 0.6950000000
 35 0.8352941176
 52 0.8352941176
 52 0.8930952381
 73 0.8930952381
 73 0.9127333333
 88 0.9127333333
 88 0.9440000000
 96 0.9440000000
 96 1.0571428571
110 1.0571428571
110 1.0342727273
121 1.0342727273
121 0.8342328767
194 0.8342328767
194 0.2660000000
196 0.2660000000
196 0.2170000000
197 0.2170000000
197 0.2060000000
198 0.2060000000
198 0.1500000000
199 0.1500000000
199 0.0890000000
200 0.0890000000
