  0 0.1932500000
  4 0.1932500000
  4 0.4023000000
 14 0.4023000000
 14 0.6155625000
 30 0.6155625000
 30 0.7711666667
 36 0.7711666667
 36 0.7227500000
 40 0.7227500000
 40 0.8506153846
 53 0.8506153846
 53 0.9759166667
 77 0.9759166667
 77 1.0706000000
 82 1.0706000000
 82 1.0357586207
111 1.0357586207
111 1.0204285714
132 1.0204285714
132 0.8224642857
160 0.8224642857
160 0.7635454545
171 0.7635454545
171 0.6509166667
183 0.6509166667
183 0.5176666667
186 0.5176666667
186 0.3154615385
199 0.3154615385
199 0.0930000000
200 0.0930000000
