  0 0.3421428571
 14 0.3421428571
 14 0.4480000000
 15 0.4480000000
 15 0.6207142857
 29 0.6207142857
 29 0.7647500000
 41 0.7647500000
 41 0.7380000000
 42 0.7380000000
 42 0.7580000000
 43 0.7580000000
 43 0.7630000000
 44 0.7630000000
 44 0.9125217391
 67 0.9125217391
 67 0.8750000000
 75 0.8750000000
 75 1.0406989247
168 1.0406989247
168 0.6375625000
184 0.6375625000
184 0.4135000000
190 0.4135000000
190 0.3403333333
196 0.3403333333
196 0.2250000000
197 0.2250000000
197 0.1720000000
199 0.1720000000
199 0.0910000000
200 0.0910000000
