  0 0.0950000000
  1 0.0950000000
  1 0.3904000000
 16 0.3904000000
 16 0.5955833333
 28 0.5955833333
 28 0.7547894737
 47 0.7547894737
 47 0.8660833333
 59 0.8660833333
 59 0.9520000000
 83 0.9520000000
 83 0.9742727273
 94 0.9742727273
 94 1.0428928571
122 1.0428928571
122 1.0036666667
134 1.0036666667
134 0.6827796610
193 0.6827796610
193 0.2920000000
194 0.2920000000
194 0.3070000000
195 0.3070000000
195 0.2490000000
197 0.2490000000
197 0.1890000000
199 0.1890000000
199 0.0930000000
200 0.0930000000
