  0 0.1942000000
  5 0.1942000000
  5 0.3426000000
 10 0.3426000000
 10 0.5284000000
 20 0.5284000000
 20 0.6424285714
 34 0.6424285714
 34 0.8581578947
 53 0.8581578947
 53 0.9388666667
 68 0.9388666667
 68 0.9475625000
 84 0.9475625000
 84 1.0411666667
 96 1.0411666667
 96 0.9120000000
118 0.9120000000
118 0.8599836066
179 0.8599836066
179 0.5852500000
183 0.5852500000
183 0.4985000000
185 0.4985000000
185 0.4730000000
186 0.4730000000
186 0.4333333333
189 0.4333333333
189 0.3483333333
195 0.3483333333
195 0.2660000000
196 0.2660000000
196 0.2025000000
198 0.2025000000
198 0.1420000000
199 0.1420000000
199 0.0980000000
200 0.0980000000
