  0 0.1597500000
  4 0.1597500000
  4 0.3687272727
 15 0.3687272727
 15 0.5095000000
 17 0.5095000000
 17 0.5983125000
 33 0.5983125000
 33 0.6700000000
 35 0.6700000000
 35 0.7587391304
 58 0.7587391304
 58 0.8855714286
 65 0.8855714286
 65 0.8976666667
 89 0.8976666667
 89 1.0030392157
140 1.0030392157
140 0.7614166667
176 0.7614166667
176 0.4634117647
193 0.4634117647
193 0.2936666667
196 0.2936666667
196 0.2290000000
197 0.2290000000
197 0.1970000000
198 0.1970000000
198 0.1590000000
199 0.1590000000
199 0.0830000000
200 0.0830000000
