  0 0.2424285714
  7 0.2424285714
  7 0.3866666667
 16 0.3866666667
 16 0.5390000000
 18 0.5390000000
 18 0.6216666667
 27 0.6216666667
 27 0.8134347826
 50 0.8134347826
 50 0.8706666667
 59 0.8706666667
 59 0.9989117647
 93 0.9989117647
 93 1.0052333333
123 1.0052333333
123 0.8642580645
154 0.8642580645
154 0.7770000000
155 0.7770000000
155 0.7603809524
176 0.7603809524
176 0.4764761905
197 0.4764761905
197 0.1880000000
198 0.1880000000
198 0.1410000000
199 0.1410000000
199 0.0960000000
200 0.0960000000
