  0 0.1270000000
  2 0.1270000000
  2 0.2286666667
  5 0.2286666667
  5 0.3634000000
 10 0.3634000000
 10 0.4991333333
 25 0.4991333333
 25 0.6353333333
 40 0.6353333333
 40 0.8367916667
 64 0.8367916667
 64 0.9425789474
 83 0.9425789474
 83 1.0027500000
111 1.0027500000
111 1.0105897436
150 1.0105897436
150 0.7416250000
182 0.7416250000
182 0.5077500000
190 0.5077500000
190 0.3740000000
194 0.3740000000
194 0.2640000000
196 0.2640000000
196 0.2140000000
197 0.2140000000
197 0.1830000000
198 0.1830000000
198 0.1520000000
199 0.1520000000
199 0.0930000000
200 0.0930000000
