  0 0.1702500000
  4 0.1702500000
  4 0.3691000000
 14 0.3691000000
 14 0.4580000000
 18 0.4580000000
 18 0.6250833333
 42 0.6250833333
 42 0.8435000000
 44 0.8435000000
 44 0.8868000000
 54 0.8868000000
 54 0.9006363636
 65 0.9006363636
 65 0.9816052632
103 0.9816052632
103 0.8848888889
148 0.8848888889
148 0.7052413793
177 0.7052413793
177 0.4874444444
186 0.4874444444
186 0.4022000000
191 0.4022000000
191 0.3810000000
192 0.3810000000
192 0.2938333333
198 0.2938333333
198 0.1480000000
199 0.1480000000
199 0.0940000000
200 0.0940000000
