  0 0.1416666667
  3 0.1416666667
  3 0.3465714286
 10 0.3465714286
 10 0.5441666667
 22 0.5441666667
 22 0.6747777778
 31 0.6747777778
 31 0.7056111111
 49 0.7056111111
 49 0.8620000000
 63 0.8620000000
 63 0.9826153846
 76 0.9826153846
 76 0.8972916667
100 0.8972916667
100 0.9738205128
139 0.9738205128
139 0.7310750000
179 0.7310750000
179 0.4828571429
193 0.4828571429
193 0.3235000000
195 0.3235000000
195 0.2690000000
196 0.2690000000
196 0.2145000000
198 0.2145000000
198 0.1530000000
199 0.1530000000
199 0.0930000000
200 0.0930000000
