  0 0.3554666667
 15 0.3554666667
 15 0.5023333333
 24 0.5023333333
 24 0.7594761905
 45 0.7594761905
 45 0.8967692308
 58 0.8967692308
 58 0.9150000000
 59 0.9150000000
 59 0.9351500000
 79 0.9351500000
 79 0.9478400000
104 0.9478400000
104 1.0298947368
123 1.0298947368
123 0.9479677419
154 0.9479677419
154 0.8086875000
170 0.8086875000
170 0.5488095238
191 0.5488095238
191 0.3408000000
196 0.3408000000
196 0.2310000000
198 0.2310000000
198 0.1450000000
199 0.1450000000
199 0.0860000000
200 0.0860000000
