  0 0.3969444444
 18 0.3969444444
 18 0.6375833333
 30 0.6375833333
 30 0.7335000000
 34 0.7335000000
 34 0.6938181818
 45 0.6938181818
 45 0.7623333333
 48 0.7623333333
 48 0.7873333333
 57 0.7873333333
 57 0.9931875000
 89 0.9931875000
 89 1.0740000000
110 1.0740000000
110 0.9610000000
114 0.9610000000
114 1.0020000000
139 1.0020000000
139 0.8680000000
140 0.8680000000
140 0.8768333333
170 0.8768333333
170 0.6860000000
177 0.6860000000
177 0.5118000000
187 0.5118000000
187 0.3343333333
199 0.3343333333
199 0.0810000000
200 0.0810000000
