  0 0.3945789474
 19 0.3945789474
 19 0.5780000000
 20 0.5780000000
 20 0.6270714286
 34 0.6270714286
 34 0.6995000000
 38 0.6995000000
 38 0.7914761905
 59 0.7914761905
 59 0.8973333333
 71 0.8973333333
 71 1.0414285714
 85 1.0414285714
 85 1.0478000000
 90 1.0478000000
 90 0.9645151515
123 0.9645151515
123 0.8513076923
149 0.8513076923
149 0.7344242424
182 0.7344242424
182 0.4008666667
197 0.4008666667
197 0.2070000000
198 0.2070000000
198 0.1410000000
199 0.1410000000
199 0.0820000000
200 0.0820000000
