  0 0.2232857143
  7 0.2232857143
  7 0.4102222222
 16 0.4102222222
 16 0.5829500000
 36 0.5829500000
 36 0.7340500000
 56 0.7340500000
 56 0.9476000000
 61 0.9476000000
 61 1.0452083333
 85 1.0452083333
 85 0.8997058824
102 0.8997058824
102 1.0560000000
106 1.0560000000
106 0.8921538462
145 0.8921538462
145 0.7789285714
159 0.7789285714
159 0.7453846154
172 0.7453846154
172 0.6100833333
184 0.6100833333
184 0.4536666667
187 0.4536666667
187 0.3578888889
196 0.3578888889
196 0.2450000000
197 0.2450000000
197 0.1865000000
199 0.1865000000
199 0.0900000000
200 0.0900000000
