  0 0.3286428571
 14 0.3286428571
 14 0.4555000000
 16 0.4555000000
 16 0.5698000000
 21 0.5698000000
 21 0.5460000000
 23 0.5460000000
 23 0.7165454545
 45 0.7165454545
 45 0.8018750000
 53 0.8018750000
 53 0.9453437500
 85 0.9453437500
 85 1.0685000000
 89 1.0685000000
 89 0.9203636364
100 0.9203636364
100 1.0274000000
115 1.0274000000
115 0.8794074074
169 0.8794074074
169 0.6685000000
177 0.6685000000
177 0.5250000000
188 0.5250000000
188 0.4150000000
190 0.4150000000
190 0.3215000000
194 0.3215000000
194 0.2377500000
198 0.2377500000
198 0.1430000000
199 0.1430000000
199 0.0870000000
200 0.0870000000
