  0 0.2124285714
  7 0.2124285714
  7 0.4538333333
 25 0.4538333333
 25 0.6645000000
 39 0.6645000000
 39 0.8442857143
 60 0.8442857143
 60 0.8869333333
 75 0.8869333333
 75 0.9492272727
 97 0.9492272727
 97 1.0181052632
116 1.0181052632
116 1.0577500000
124 1.0577500000
124 0.9880000000
128 0.9880000000
128 0.9052941176
145 0.9052941176
145 0.9150000000
148 0.9150000000
148 0.6850476190
190 0.6850476190
190 0.3466000000
195 0.3466000000
195 0.2320000000
198 0.2320000000
198 0.1640000000
199 0.1640000000
199 0.0970000000
200 0.0970000000
