  0 0.1897500000
  4 0.1897500000
  4 0.4881578947
 23 0.4881578947
 23 0.5665000000
 27 0.5665000000
 27 0.6596000000
 37 0.6596000000
 37 0.7145000000
 39 0.7145000000
 39 0.8246666667
 42 0.8246666667
 42 0.9335769231
 68 0.9335769231
 68 0.9006666667
 74 0.9006666667
 74 1.0400000000
127 1.0400000000
127 1.0002727273
138 1.0002727273
138 0.8291200000
163 0.8291200000
163 0.6743333333
169 0.6743333333
169 0.5372800000
194 0.5372800000
194 0.2490000000
198 0.2490000000
198 0.1430000000
199 0.1430000000
199 0.0880000000
200 0.0880000000
