  0 0.2798888889
  9 0.2798888889
  9 0.5025000000
 27 0.5025000000
 27 0.7081666667
 39 0.7081666667
 39 0.7855000000
 41 0.7855000000
 41 0.8941200000
 66 0.8941200000
 66 0.9407142857
 87 0.9407142857
 87 1.0436400000
112 1.0436400000
112 0.9662380952
133 0.9662380952
133 0.8853750000
141 0.8853750000
141 0.8307500000
145 0.8307500000
145 0.7971025641
184 0.7971025641
184 0.4646000000
189 0.4646000000
189 0.4430000000
190 0.4430000000
190 0.2983333333
199 0.2983333333
199 0.0840000000
200 0.0840000000
