  0 0.1503333333
  3 0.1503333333
  3 0.2820000000
  6 0.2820000000
  6 0.3075000000
  8 0.3075000000
  8 0.4656363636
 19 0.4656363636
 19 0.5547500000
 27 0.5547500000
 27 0.7473043478
 50 0.7473043478
 50 0.8155555556
 59 0.8155555556
 59 0.8826304348
105 0.8826304348
105 0.8967142857
112 0.8967142857
112 0.8446818182
156 0.8446818182
156 0.5888787879
189 0.5888787879
189 0.3903333333
192 0.3903333333
192 0.2990000000
194 0.2990000000
194 0.2930000000
195 0.2930000000
195 0.2780000000
196 0.2780000000
196 0.1960000000
198 0.1960000000
198 0.1600000000
199 0.1600000000
199 0.0970000000
200 0.0970000000
