  0 0.4019473684
 19 0.4019473684
 19 0.5454000000
 24 0.5454000000
 24 0.6626000000
 34 0.6626000000
 34 0.6570000000
 35 0.6570000000
 35 0.7729600000
 60 0.7729600000
 60 0.8791333333
 75 0.8791333333
 75 0.9160588235
 92 0.9160588235
 92 1.0995000000
104 1.0995000000
104 0.9908235294
121 0.9908235294
121 1.0254166667
133 1.0254166667
133 0.8347000000
143 0.8347000000
143 0.9130000000
144 0.9130000000
144 0.7937142857
151 0.7937142857
151 0.6327727273
195 0.6327727273
195 0.2820000000
196 0.2820000000
196 0.2540000000
197 0.2540000000
197 0.1970000000
198 0.1970000000
198 0.1580000000
199 0.1580000000
199 0.0900000000
200 0.0900000000
