  0 0.1600000000
  4 0.1600000000
  4 0.3178571429
 11 0.3178571429
 11 0.4737272727
 22 0.4737272727
 22 0.5698750000
 30 0.5698750000
 30 0.7436666667
 39 0.7436666667
 39 0.9337333333
 69 0.9337333333
 69 0.9757000000
 99 0.9757000000
 99 1.0519000000
129 1.0519000000
129 0.9691000000
139 0.9691000000
139 0.8025263158
177 0.8025263158
177 0.5723636364
188 0.5723636364
188 0.3696250000
196 0.3696250000
196 0.2170000000
197 0.2170000000
197 0.1870000000
199 0.1870000000
199 0.0800000000
200 0.0800000000
