  0 0.3657333333
 15 0.3657333333
 15 0.6372222222
 33 0.6372222222
 33 0.7391666667
 45 0.7391666667
 45 0.9223333333
 57 0.9223333333
 57 0.8803500000
 77 0.8803500000
 77 0.9970000000
 89 0.9970000000
 89 1.0545000000
115 1.0545000000
115 0.9513333333
130 0.9513333333
130 0.9570000000
131 0.9570000000
131 1.0270000000
132 1.0270000000
132 0.7883571429
188 0.7883571429
188 0.4270000000
189 0.4270000000
189 0.4030000000
190 0.4030000000
190 0.2796666667
199 0.2796666667
199 0.0850000000
200 0.0850000000
