  0 0.1675000000
  4 0.1675000000
  4 0.3835833333
 16 0.3835833333
 16 0.6542500000
 36 0.6542500000
 36 0.8029000000
 56 0.8029000000
 56 0.8304545455
 67 0.8304545455
 67 0.8520000000
 68 0.8520000000
 68 0.9602500000
 76 0.9602500000
 76 1.0141666667
 82 1.0141666667
 82 0.8964150943
135 0.8964150943
135 0.7252653061
184 0.7252653061
184 0.4610000000
187 0.4610000000
187 0.4770000000
188 0.4770000000
188 0.3462500000
196 0.3462500000
196 0.2290000000
197 0.2290000000
197 0.1800000000
198 0.1800000000
198 0.1490000000
199 0.1490000000
199 0.0900000000
200 0.0900000000
