  0 0.2332500000
  8 0.2332500000
  8 0.3650000000
  9 0.3650000000
  9 0.4436666667
 12 0.4436666667
 12 0.4548000000
 17 0.4548000000
 17 0.5996956522
 40 0.5996956522
 40 0.8166190476
 61 0.8166190476
 61 0.9850000000
 91 0.9850000000
 91 1.0455862069
120 1.0455862069
120 0.9552857143
127 0.9552857143
127 0.8896666667
130 0.8896666667
130 0.8086222222
175 0.8086222222
175 0.4299523810
196 0.4299523810
196 0.2145000000
198 0.2145000000
198 0.1410000000
199 0.1410000000
199 0.0860000000
200 0.0860000000
