  0 0.3640625000
 16 0.3640625000
 16 0.5632857143
 23 0.5632857143
 23 0.6711428571
 30 0.6711428571
 30 0.7024090909
 52 0.7024090909
 52 0.9415000000
 54 0.9415000000
 54 0.9425000000
 66 0.9425000000
 66 0.8560000000
 67 0.8560000000
 67 0.9962857143
 88 0.9962857143
 88 0.9038666667
103 0.9038666667
103 0.8889534884
189 0.8889534884
189 0.3673333333
192 0.3673333333
192 0.3760000000
193 0.3760000000
193 0.2572000000
198 0.2572000000
198 0.1400000000
199 0.1400000000
199 0.0860000000
200 0.0860000000
