  0 0.3446875000
 16 0.3446875000
 16 0.5255000000
 24 0.5255000000
 24 0.5560000000
 25 0.5560000000
 25 0.7991428571
 46 0.7991428571
 46 0.8452500000
 62 0.8452500000
 62 1.0007000000
 72 1.0007000000
 72 0.9011666667
 78 0.9011666667
 78 0.9751724138
107 0.9751724138
107 0.8951750000
147 0.8951750000
147 0.7360833333
171 0.7360833333
171 0.6086363636
182 0.6086363636
182 0.4608461538
195 0.4608461538
195 0.2810000000
196 0.2810000000
196 0.2540000000
197 0.2540000000
197 0.1840000000
198 0.1840000000
198 0.1460000000
199 0.1460000000
199 0.0910000000
200 0.0910000000
