  0 0.1375000000
  2 0.1375000000
  2 0.3753333333
 14 0.3753333333
 14 0.6208235294
 31 0.6208235294
 31 0.6686363636
 42 0.6686363636
 42 0.7290000000
 46 0.7290000000
 46 0.9035294118
 63 0.9035294118
 63 0.8798387097
 94 0.8798387097
 94 0.9308076923
120 0.9308076923
120 0.9038000000
125 0.9038000000
125 0.9214000000
130 0.9214000000
130 0.8852500000
142 0.8852500000
142 0.6919818182
197 0.6919818182
197 0.2070000000
198 0.2070000000
198 0.1670000000
199 0.1670000000
199 0.0810000000
200 0.0810000000
