  0 0.0830000000
  1 0.0830000000
  1 0.1440000000
  2 0.1440000000
  2 0.3202500000
 14 0.3202500000
 14 0.5130000000
 15 0.5130000000
 15 0.6685357143
 43 0.6685357143
 43 0.8767777778
 70 0.8767777778
 70 0.9346666667
 73 0.9346666667
 73 0.8984444444
109 0.8984444444
109 1.0860000000
110 1.0860000000
110 0.9349000000
120 0.9349000000
120 0.8079183673
169 0.8079183673
169 0.5956000000
174 0.5956000000
174 0.5364210526
193 0.5364210526
193 0.3150000000
194 0.3150000000
194 0.2532500000
198 0.2532500000
198 0.1630000000
199 0.1630000000
199 0.0820000000
200 0.0820000000
