  0 0.3078000000
 10 0.3078000000
 10 0.5775625000
 26 0.5775625000
 26 0.6460000000
 27 0.6460000000
 27 0.6634666667
 42 0.6634666667
 42 0.8157142857
 63 0.8157142857
 63 0.9200000000
 77 0.9200000000
 77 0.8865384615
 90 0.8865384615
 90 0.9266666667
 93 0.9266666667
 93 0.9883061224
142 0.9883061224
142 0.6794047619
184 0.6794047619
184 0.4600000000
187 0.4600000000
187 0.3992222222
196 0.3992222222
196 0.2230000000
197 0.2230000000
197 0.2060000000
198 0.2060000000
198 0.1550000000
199 0.1550000000
199 0.0870000000
200 0.0870000000
