  0 0.0810000000
  1 0.0810000000
  1 0.3297333333
 16 0.3297333333
 16 0.5406923077
 29 0.5406923077
 29 0.8000952381
 50 0.8000952381
 50 0.8165000000
 52 0.8165000000
 52 0.8292000000
 67 0.8292000000
 67 0.9620000000
 75 0.9620000000
 75 0.9170000000
 84 0.9170000000
 84 1.0574000000
 94 1.0574000000
 94 0.9760000000
 99 0.9760000000
 99 0.8611428571
162 0.8611428571
162 0.6578333333
180 0.6578333333
180 0.5001428571
187 0.5001428571
187 0.4220000000
189 0.4220000000
189 0.3470000000
195 0.3470000000
195 0.2615000000
197 0.2615000000
197 0.1890000000
198 0.1890000000
198 0.1480000000
199 0.1480000000
199 0.0800000000
200 0.0800000000
