  0 0.3333846154
 13 0.3333846154
 13 0.4790000000
 14 0.4790000000
 14 0.4696666667
 17 0.4696666667
 17 0.4900000000
 19 0.4900000000
 19 0.6559411765
 36 0.6559411765
 36 0.7616818182
 58 0.7616818182
 58 0.9182000000
 73 0.9182000000
 73 1.0537500000
 85 1.0537500000
 85 1.0354375000
117 1.0354375000
117 0.8782368421
155 0.8782368421
155 0.6676086957
178 0.6676086957
178 0.5030000000
186 0.5030000000
186 0.4260000000
193 0.4260000000
193 0.2418000000
198 0.2418000000
198 0.1620000000
199 0.1620000000
199 0.0900000000
200 0.0900000000
