  0 0.3568421053
 19 0.3568421053
 19 0.5673333333
 22 0.5673333333
 22 0.6144444444
 31 0.6144444444
 31 0.7568333333
 37 0.7568333333
 37 0.7561111111
 46 0.7561111111
 46 0.9342142857
 60 0.9342142857
 60 0.9964000000
 65 0.9964000000
 65 0.9020256410
104 0.9020256410
104 0.9307812500
136 0.9307812500
136 0.9708000000
141 0.9708000000
141 0.7940357143
169 0.7940357143
169 0.5483200000
194 0.5483200000
194 0.2640000000
196 0.2640000000
196 0.1926666667
199 0.1926666667
199 0.0910000000
200 0.0910000000
