  0 0.0810000000
  1 0.0810000000
  1 0.1620000000
  3 0.1620000000
  3 0.3868666667
 18 0.3868666667
 18 0.5410000000
 19 0.5410000000
 19 0.5740000000
 32 0.5740000000
 32 0.7758695652
 55 0.7758695652
 55 0.8940370370
 82 0.8940370370
 82 1.0350384615
108 1.0350384615
108 1.0349024390
149 1.0349024390
149 0.6672000000
189 0.6672000000
189 0.4060000000
192 0.4060000000
192 0.3550000000
193 0.3550000000
193 0.3340000000
194 0.3340000000
194 0.2970000000
195 0.2970000000
195 0.2300000000
197 0.2300000000
197 0.2080000000
198 0.2080000000
198 0.1600000000
199 0.1600000000
199 0.0910000000
200 0.0910000000
