  0 0.3450714286
 14 0.3450714286
 14 0.4751428571
 21 0.4751428571
 21 0.5500000000
 25 0.5500000000
 25 0.6790000000
 30 0.6790000000
 30 0.6857272727
 41 0.6857272727
 41 0.8163500000
 61 0.8163500000
 61 0.9015833333
 73 0.9015833333
 73 0.9234642857
101 0.9234642857
101 0.9277000000
131 0.9277000000
131 0.8371363636
153 0.8371363636
153 0.8206666667
159 0.8206666667
159 0.6644000000
189 0.6644000000
189 0.3722000000
194 0.3722000000
194 0.3020000000
195 0.3020000000
195 0.2330000000
198 0.2330000000
198 0.1640000000
199 0.1640000000
199 0.0880000000
200 0.0880000000
