  0 0.3204166667
 12 0.3204166667
 12 0.5592307692
 25 0.5592307692
 25 0.7921000000
 45 0.7921000000
 45 0.8577500000
 49 0.8577500000
 49 0.8066000000
 54 0.8066000000
 54 0.9681875000
 70 0.9681875000
 70 1.0549047619
 91 1.0549047619
 91 0.9257272727
124 0.9257272727
124 1.0220000000
131 1.0220000000
131 0.8334687500
163 0.8334687500
163 0.7193333333
166 0.7193333333
166 0.5843809524
187 0.5843809524
187 0.3604444444
196 0.3604444444
196 0.2130000000
198 0.2130000000
198 0.1680000000
199 0.1680000000
199 0.0820000000
200 0.0820000000
