  0 0.3672666667
 15 0.3672666667
 15 0.5407500000
 19 0.5407500000
 19 0.5945000000
 23 0.5945000000
 23 0.7076428571
 37 0.7076428571
 37 0.8304583333
 61 0.8304583333
 61 0.9290000000
 62 0.9290000000
 62 0.9305000000
 82 0.9305000000
 82 0.9392222222
 91 0.9392222222
 91 1.0380000000
 93 1.0380000000
 93 1.0027500000
113 1.0027500000
113 1.0019473684
132 1.0019473684
132 0.8189062500
164 0.8189062500
164 0.6660000000
165 0.6660000000
165 0.5965000000
189 0.5965000000
189 0.3286250000
197 0.3286250000
197 0.1760000000
199 0.1760000000
199 0.0930000000
200 0.0930000000
