  0 0.2311250000
  8 0.2311250000
  8 0.5723157895
 27 0.5723157895
 27 0.7400526316
 46 0.7400526316
 46 0.8410000000
 47 0.8410000000
 47 0.8815000000
 49 0.8815000000
 49 0.8400000000
 50 0.8400000000
 50 0.9557187500
 82 0.9557187500
 82 1.0622368421
120 1.0622368421
120 0.9633461538
146 0.9633461538
146 0.8789090909
157 0.8789090909
157 0.6335517241
186 0.6335517241
186 0.4630000000
187 0.4630000000
187 0.3794444444
196 0.3794444444
196 0.2150000000
197 0.2150000000
197 0.1805000000
199 0.1805000000
199 0.0890000000
200 0.0890000000
