  0 0.3147333333
 15 0.3147333333
 15 0.6349444444
 33 0.6349444444
 33 0.7410000000
 34 0.7410000000
 34 0.7682857143
 41 0.7682857143
 41 0.9074090909
 63 0.9074090909
 63 0.9315555556
 72 0.9315555556
 72 1.0630000000
 85 1.0630000000
 85 0.9417812500
117 0.9417812500
117 0.9369230769
130 0.9369230769
130 0.8905384615
169 0.8905384615
169 0.5756000000
189 0.5756000000
189 0.3437500000
197 0.3437500000
197 0.1840000000
198 0.1840000000
198 0.1390000000
199 0.1390000000
199 0.0820000000
200 0.0820000000
