  0 0.2874000000
 10 0.2874000000
 10 0.5673750000
 26 0.5673750000
 26 0.6205000000
 28 0.6205000000
 28 0.7158571429
 35 0.7158571429
 35 0.7050000000
 36 0.7050000000
 36 0.8200000000
 44 0.8200000000
 44 0.8644545455
 55 0.8644545455
 55 0.8914583333
 79 0.8914583333
 79 1.0331904762
121 1.0331904762
121 0.7580793651
184 0.7580793651
184 0.5380000000
185 0.5380000000
185 0.4320000000
186 0.4320000000
186 0.4825000000
188 0.4825000000
188 0.3996666667
191 0.3996666667
191 0.3420000000
194 0.3420000000
194 0.2570000000
198 0.2570000000
198 0.1640000000
199 0.1640000000
199 0.0860000000
200 0.0860000000
