  0 0.0860000000
  1 0.0860000000
  1 0.2146666667
  4 0.2146666667
  4 0.3999090909
 15 0.3999090909
 15 0.6619565217
 38 0.6619565217
 38 0.8874000000
 58 0.8874000000
 58 0.9712222222
 76 0.9712222222
 76 1.0344000000
106 1.0344000000
106 0.9713125000
122 0.9713125000
122 0.9455135135
159 0.9455135135
159 0.6268518519
186 0.6268518519
186 0.4743333333
189 0.4743333333
189 0.3603333333
192 0.3603333333
192 0.3540000000
194 0.3540000000
194 0.2920000000
195 0.2920000000
195 0.2515000000
197 0.2515000000
197 0.1730000000
199 0.1730000000
199 0.0960000000
200 0.0960000000
