0.01	0.2667	1.309	
0.02	0.5667	1.1303	
0.03	0.8553	0.3219	
0.04	1.1126	0.0301	
0.05	1.2614	0.9974	
0.06	1.6632	1.8265	
0.07	1.7404	1.9184	
0.08	2.2096	0.6119	
0.09	2.2515	-0.1967	
0.1	2.4855	0.2474	
0.11	2.3151	1.0229	
0.12	2.4618	1.0135	
0.13	2.8314	-0.3192	
0.14	2.781	-1.1973	
0.15	2.9265	-0.9356	
0.16	2.8977	0.0941	
0.17	2.6417	0.4482	
0.18	2.6425	-0.3964	
0.19	2.5965	-1.2061	
0.2	2.6315	-0.7086	
0.21	2.7076	0.7558	
0.22	2.4416	1.4445	
0.23	1.9985	1.0711	
0.24	2.1056	0.2335	
0.25	1.706	0.5497	
0.26	1.5958	1.7997	
0.27	1.3209	2.782	
0.28	1.1159	2.2567	
0.29	0.9536	0.9109	
0.3	0.7429	0.6644	
0.31	0.4386	1.3996	
0.32	0.1902	2.0505	
0.33	-0.0534	1.2997	
0.34	-0.3035	-0.006	
0.35	-0.559	-0.6137	
0.36	-0.7725	0.1366	
0.37	-1.0102	0.8406	
0.38	-1.2303	0.6093	
0.39	-1.1951	-0.6454	
0.4	-1.5082	-1.1259	
0.41	-1.7119	-0.1012	
0.42	-1.7933	1.1862	
0.43	-1.6923	1.2435	
0.44	-1.8854	0.516	
0.45	-1.7842	0.1325	
0.46	-1.7553	1.0239	
0.47	-2.1076	2.3632	
0.48	-1.803	2.9121	
0.49	-1.9608	1.9387	
0.5	-1.9318	1.0297	
0.51	-1.7723	1.5242	
0.52	-1.5144	2.654	
0.53	-1.4162	2.7606	
0.54	-1.3423	1.383	
0.55	-1.2729	0.2162	
0.56	-1.0312	0.1769	
0.57	-0.9912	1.1427	
0.58	-0.7416	1.29	
0.59	-0.6174	0.3287	
0.6	-0.4063	-0.8497	
0.61	-0.2267	-0.719	
0.62	-0.0661	0.3011	
0.63	0.089	1.2352	
0.64	0.2362	0.6574	
0.65	0.3911	-0.2177	
0.66	0.5285	-0.0895	
0.67	0.6908	1.2827	
0.68	0.7064	2.5024	
0.69	0.8072	2.1078	
0.7	0.9089	1.0814	
0.71	0.8726	0.9839	
0.72	0.9061	1.8411	
0.73	0.9584	3.0484	
0.74	0.9202	2.3958	
0.75	0.9612	1.0374	
0.76	0.9425	0.3185	
0.77	0.9371	0.8263	
0.78	0.8876	1.5755	
0.79	0.7458	1.2339	
0.8	0.6885	-0.1516	
0.81	0.5807	-1.1347	
0.82	0.4003	-0.6022	
0.83	0.2582	0.4847	
0.84	0.1377	0.6252	
0.85	-0.0129	-0.3477	
0.86	-0.1696	-1.0525	
0.87	-0.3305	-0.3692	
0.88	-0.4576	1.0154	
0.89	-0.5556	1.6295	
0.9	-0.6883	0.9418	
0.91	-0.8332	0.2049	
0.92	-0.9379	0.6503	
0.93	-1.0957	2.0181	
0.94	-1.2749	2.4492	
0.95	-1.3825	1.6022	
0.96	-1.4307	0.4607	
0.97	-1.5329	0.3049	
0.98	-1.4824	1.0839	
0.99	-1.3852	1.5864	
1.0	-1.423	0.6171	
1.01	-1.3661	-0.8185	
1.02	-1.2426	-1.233	
1.03	-1.3864	-0.4567	
1.04	-1.2609	0.2761	
1.05	-1.149	-0.301	
1.06	-0.935	-1.3213	
1.07	-0.7136	-1.5835	
1.08	-0.6582	-0.6606	
1.09	-0.4352	0.4022	
1.1	-0.2811	0.4516	
1.11	-0.0772	-0.4067	
1.12	0.1421	-0.7523	
1.13	0.3468	0.2322	
1.14	0.6045	1.6278	
1.15	0.7717	1.5717	
1.16	0.9859	0.5528	
1.17	1.1844	-0.19	
1.18	1.3267	0.3243	
1.19	1.7139	1.1452	
1.2	1.6877	1.2299	
1.21	1.8453	-0.0959	
1.22	2.1058	-1.1717	
1.23	2.2436	-1.1916	
1.24	2.1301	-0.3075	
1.25	2.1937	-0.1639	
1.26	2.6444	-1.3518	
1.27	2.4509	-2.1325	
1.28	2.6339	-2.1297	
1.29	2.4839	-1.039	
1.3	2.5133	-0.2966	
1.31	2.5948	-0.8111	
1.32	2.2682	-1.775	
1.33	2.0541	-1.3535	
1.34	2.2588	-0.1043	
1.35	2.1054	0.9107	
1.36	1.702	0.4304	
1.37	1.49	-0.5236	
1.38	1.3447	-0.6498	
1.39	1.0457	0.3691	
1.4	0.9182	1.1556	
1.41	0.6563	0.6219	
1.42	0.3563	-0.7162	
1.43	0.1157	-1.2576	
1.44	-0.1597	-0.8435	
1.45	-0.4323	-0.1078	
1.46	-0.7433	-0.6286	
1.47	-1.0122	-2.0528	
1.48	-1.261	-2.8249	
1.49	-1.427	-2.0465	
1.5	-1.6753	-1.0184	
1.51	-2.0491	-1.1324	
1.52	-2.0591	-2.1042	
1.53	-2.4851	-2.3994	
1.54	-2.5881	-1.8919	
1.55	-2.5742	-0.317	
1.56	-2.8904	0.1239	
1.57	-2.8022	-0.634	
1.58	-2.9749	-1.1491	
1.59	-3.1794	-0.7377	
1.6	-3.0328	0.5421	
1.61	-2.6857	0.913	
1.62	-3.1335	0.0484	
1.63	-2.6392	-1.0347	
1.64	-2.6711	-0.9997	
1.65	-2.4471	-0.1621	
1.66	-2.2471	0.1416	
1.67	-2.0489	-0.8206	
1.68	-2.2022	-2.2014	
1.69	-1.9491	-2.6141	
1.7	-1.6192	-1.4583	
1.71	-1.4372	-1.0414	
1.72	-1.1049	-1.462	
1.73	-0.862	-2.7508	
1.74	-0.6023	-2.6039	
1.75	-0.3682	-1.4609	
1.76	-0.1543	-0.4027	
1.77	0.1143	-0.5392	
1.78	0.3929	-1.3418	
1.79	0.6234	-1.4307	
1.8	0.8649	-0.4041	
1.81	1.183	0.7902	
1.82	1.4052	0.7482	
1.83	1.5445	-0.2892	
1.84	1.528	-0.8156	
1.85	1.9369	-0.274	
1.86	1.813	0.65	
1.87	1.988	0.463	
1.88	2.1215	-0.8376	
1.89	2.0912	-1.816	
1.9	2.4719	-1.5158	
1.91	2.3799	-0.7289	
1.92	2.2204	-0.6027	
1.93	2.0871	-1.6591	
1.94	2.0264	-2.8542	
1.95	2.3275	-2.2143	
1.96	2.2243	-0.9224	
1.97	1.8083	-0.3946	
1.98	1.8444	-0.9879	
1.99	1.7203	-1.7907	
2.0	1.4648	-1.1374	
2.01	1.3324	0.187	
2.02	1.292	1.0479	
2.03	0.9699	0.5358	
2.04	0.8554	-0.3806	
2.05	0.6807	-0.3018	
2.06	0.4492	0.7425	
2.07	0.2561	1.5847	
2.08	0.0672	0.7401	
2.09	-0.1103	-0.5417	
2.1	-0.259	-1.0571	
2.11	-0.4596	-0.251	
2.12	-0.53	0.3339	
2.13	-0.7051	-0.2056	
2.14	-0.7562	-1.5719	
2.15	-0.9741	-1.9531	
2.16	-1.0391	-1.2271	
2.17	-1.1509	-0.252	
2.18	-1.0357	-0.3055	
2.19	-1.2257	-1.2622	
2.2	-1.205	-1.6631	
2.21	-1.0807	-0.6004	
2.22	-1.1152	0.8596	
2.23	-1.1162	1.1872	
2.24	-1.0792	0.3565	
2.25	-1.0105	-0.1499	
2.26	-0.9766	0.6183	
2.27	-0.7257	1.6909	
2.28	-0.6673	2.0008	
2.29	-0.5397	1.0214	
2.3	-0.4593	0.0388	
2.31	-0.3014	0.1889	
2.32	-0.2073	1.075	
2.33	-0.0621	1.264	
2.34	0.0691	0.1934	
2.35	0.2175	-1.0503	
2.36	0.3569	-1.0844	
2.37	0.4806	-0.0965	
2.38	0.5246	0.4123	
2.39	0.7108	-0.2185	
2.4	0.6642	-1.35	
2.41	0.7696	-1.0892	
2.42	0.9173	0.1758	
2.43	0.9019	1.2224	
2.44	0.911	0.9998	
2.45	0.8977	0.1563	
2.46	0.9479	0.1936	
2.47	0.8431	1.4698	
2.48	0.8443	2.7268	
2.49	0.8413	2.0718	
2.5	0.7222	1.1975	
2.51	0.7123	0.6899	
2.52	0.5411	1.4469	
2.53	0.4127	2.2713	
2.54	0.2969	1.9867	
2.55	0.1526	0.509	
2.56	0.008	-0.3971	
2.57	-0.1435	0.064	
2.58	-0.3173	0.9803	
2.59	-0.4768	0.7692	
2.6	-0.5938	-0.3109	
2.61	-0.7765	-1.1286	
2.62	-0.9236	-0.5344	
2.63	-1.1155	0.7894	
2.64	-1.2701	1.2926	
2.65	-1.3371	0.5653	
2.66	-1.4292	-0.0969	
2.67	-1.684	0.5011	
2.68	-1.6057	2.1203	
2.69	-1.9001	2.5086	
2.7	-1.9625	2.0019	
2.71	-2.0712	1.0319	
2.72	-1.7801	1.1794	
2.73	-1.8694	2.1857	
2.74	-1.7366	2.6221	
2.75	-1.9685	1.7646	
2.76	-1.7523	0.5736	
2.77	-1.68	0.2817	
2.78	-1.5706	1.0442	
2.79	-1.5364	1.6549	
2.8	-1.2264	0.8538	
2.81	-1.1631	-0.4738	
2.82	-0.9922	-0.8864	
2.83	-0.739	0.0138	
2.84	-0.6087	0.9644	
2.85	-0.4152	0.7138	
2.86	-0.151	-0.2368	
2.87	0.0618	-0.4311	
2.88	0.2822	0.6088	
2.89	0.4819	1.8315	
2.9	0.69	2.2805	
2.91	0.9364	1.2785	
2.92	1.1731	0.8085	
2.93	1.5048	1.3955	
2.94	1.5878	2.6408	
2.95	1.8629	2.7982	
2.96	2.1757	1.6481	
2.97	2.3346	0.5807	
2.98	2.4242	0.7708	
2.99	2.5992	1.7598	
3.0	2.4386	1.6374	
3.01	2.4943	0.4281	
3.02	2.7963	-0.7331	
3.03	2.478	-0.74	
3.04	2.5109	0.2854	
3.05	2.7479	0.7328	
3.06	2.5492	-0.1186	
3.07	2.6403	-1.1803	
3.08	2.2093	-0.8065	
3.09	2.5572	0.5137	
3.1	1.9872	1.288	
3.11	2.0153	1.0147	
3.12	1.6778	0.1202	
3.13	1.6376	0.2539	
3.14	1.3607	1.4692	
3.15	1.1771	2.3369	
3.16	1.0837	1.8312	
3.17	0.821	0.7036	
3.18	0.4859	0.3397	
3.19	0.2409	1.0999	
3.2	0.0046	1.9178	
3.21	-0.2281	1.1376	
3.22	-0.5016	-0.2462	
3.23	-0.7916	-0.9514	
3.24	-0.9832	-0.4646	
3.25	-1.2158	0.3073	
3.26	-1.3934	0.0383	
3.27	-1.691	-1.2684	
3.28	-1.6962	-1.8312	
3.29	-1.8712	-1.2218	
3.3	-2.2295	0.0968	
3.31	-2.0407	0.3614	
3.32	-2.1744	-0.4578	
3.33	-2.4986	-0.9655	
3.34	-2.5295	-0.249	
3.35	-2.5302	1.2035	
3.36	-2.318	1.5013	
3.37	-2.3532	0.8705	
3.38	-2.198	-0.087	
3.39	-2.2973	0.1633	
3.4	-2.2566	1.2479	
3.41	-2.3467	1.5522	
3.42	-1.8812	0.4416	
3.43	-1.8122	-0.7879	
3.44	-1.8023	-1.0004	
3.45	-1.4998	-0.2539	
3.46	-1.4019	0.1074	
3.47	-1.3521	-0.8092	
3.48	-1.1363	-2.184	
3.49	-0.7783	-2.1658	
3.5	-0.64	-1.3491	
3.51	-0.4897	-0.4505	
3.52	-0.2345	-0.8326	
3.53	-0.0478	-1.7809	
3.54	0.1401	-1.6557	
3.55	0.3133	-0.5895	
3.56	0.5202	0.5662	
3.57	0.7129	0.469	
3.58	0.8307	-0.3945	
3.59	0.9587	-0.7481	
3.6	1.0258	0.0896	
3.61	1.1947	1.1425	
3.62	1.3061	0.9942	
3.63	1.2459	-0.272	
3.64	1.4899	-1.2117	
3.65	1.2878	-0.8024	
3.66	1.3639	0.0225	
3.67	1.5191	-0.1502	
3.68	1.3038	-1.4646	
3.69	1.3715	-2.6727	
3.7	1.4238	-2.4315	
3.71	1.2051	-1.3062	
3.72	1.1172	-0.863	
3.73	1.091	-1.9426	
3.74	0.944	-2.4548	
3.75	0.9424	-2.1046	
3.76	0.7024	-0.7699	
3.77	0.661	-0.0636	
3.78	0.5041	-0.6162	
3.79	0.4475	-1.3351	
3.8	0.3016	-1.0282	
3.81	0.1792	0.2141	
3.82	0.0512	1.0706	
3.83	-0.0554	0.3689	
3.84	-0.1616	-0.839	
3.85	-0.2289	-1.0052	
3.86	-0.3562	-0.2172	
3.87	-0.4273	0.4028	
3.88	-0.4467	-0.3674	
3.89	-0.5621	-1.6234	
3.9	-0.5671	-2.2755	
3.91	-0.5994	-1.8326	
3.92	-0.6505	-0.9619	
3.93	-0.607	-1.3857	
3.94	-0.6252	-2.2832	
3.95	-0.5575	-2.7176	
3.96	-0.527	-2.2113	
3.97	-0.4445	-0.815	
3.98	-0.3696	-0.5954	
3.99	-0.2761	-1.4289	
4.0	-0.2073	-1.866	
4.01	-0.0934	-0.9381	
4.02	-0.0014	0.4557	
4.03	0.0964	0.7452	
4.04	0.2059	-0.0829	
4.05	0.3537	-0.849	
4.06	0.4345	-0.4038	
4.07	0.5072	0.5583	
4.08	0.634	0.8098	
4.09	0.7951	-0.3626	
4.1	0.8781	-1.4351	
4.11	0.9417	-1.5566	
4.12	0.9896	-0.7394	
4.13	1.0178	-0.3933	
4.14	1.0945	-1.219	
4.15	1.1504	-2.3179	
4.16	1.1728	-2.6792	
4.17	1.156	-1.3737	
4.18	1.2145	-0.5093	
4.19	1.0781	-0.9588	
4.2	1.0281	-1.7062	
4.21	1.0741	-1.5604	
4.22	1.0158	-0.4075	
4.23	0.9582	0.7368	
4.24	0.8616	0.5624	
4.25	0.6515	-0.321	
4.26	0.5339	-0.5132	
4.27	0.4452	0.478	
4.28	0.2444	1.55	
4.29	0.1246	1.2323	
4.3	-0.0517	-0.1062	
4.31	-0.2207	-0.8272	
4.32	-0.4149	-0.2866	
4.33	-0.5483	0.5345	
4.34	-0.7926	0.2009	
4.35	-0.8485	-1.0244	
4.36	-1.0375	-1.7991	
4.37	-1.3402	-1.3734	
4.38	-1.4736	-0.4335	
4.39	-1.5336	-0.2391	
4.4	-1.5207	-1.12	
4.41	-1.9238	-1.9009	
4.42	-2.0007	-1.1819	
4.43	-1.9194	0.3167	
4.44	-2.2218	1.0232	
4.45	-1.9762	0.3596	
4.46	-2.0503	-0.3344	
4.47	-2.215	0.1655	
4.48	-2.2485	1.5125	
4.49	-2.0569	1.9901	
4.5	-2.2075	1.474	
4.51	-2.0624	0.2764	
4.52	-2.1044	0.2029	
4.53	-1.8855	1.1114	
4.54	-1.6623	1.6689	
4.55	-1.4787	0.6608	
4.56	-1.3775	-0.5872	
4.57	-1.1777	-1.008	
4.58	-1.0725	-0.2296	
4.59	-0.7982	0.4663	
4.6	-0.617	0.0149	
4.61	-0.4397	-1.1949	
4.62	-0.2154	-1.3158	
4.63	-0.0166	-0.3451	
4.64	0.2041	0.7987	
4.65	0.4319	0.9022	
4.66	0.6742	0.0998	
4.67	0.84	-0.142	
4.68	1.1627	0.9335	
4.69	1.3452	2.2364	
4.7	1.3712	2.3016	
4.71	1.7134	1.5209	
4.72	1.8031	0.6816	
4.73	1.9749	1.2443	
4.74	2.0468	2.2297	
4.75	2.2836	2.0873	
4.76	2.2068	1.0433	
4.77	2.4242	-0.0987	
4.78	2.2777	0.0536	
4.79	2.4263	0.8742	
4.8	2.1453	1.2004	
4.81	2.3379	0.0793	
4.82	2.289	-1.0477	
4.83	2.1156	-0.8086	
4.84	2.2286	0.3915	
4.85	2.0478	1.1155	
4.86	1.9369	0.5984	
4.87	1.7252	-0.263	
4.88	1.7658	0.0342	
4.89	1.7001	1.2677	
4.9	1.3474	2.6215	
4.91	1.1373	2.2671	
4.92	0.9996	1.0279	
4.93	0.8639	1.1356	
4.94	0.6044	1.9962	
4.95	0.4575	2.9395	
4.96	0.2508	2.3744	
4.97	0.0621	1.1293	
4.98	-0.1157	0.4599	
4.99	-0.3052	1.1296	
5.0	-0.4399	1.9204	
5.01	-0.7091	1.1914	
5.02	-0.7887	-0.0876	
5.03	-0.9095	-0.7674	
5.04	-1.1535	-0.2352	
5.05	-1.2054	0.8025	
5.06	-1.2925	0.9102	
5.07	-1.439	-0.1261	
5.08	-1.4109	-0.6326	
5.09	-1.6544	0.113	
5.1	-1.6004	1.379	
5.11	-1.4443	2.0904	
5.12	-1.6036	1.3761	
5.13	-1.5927	0.542	
5.14	-1.6577	1.1125	
5.15	-1.6549	2.2721	
5.16	-1.5667	3.0303	
5.17	-1.2955	1.8096	
5.18	-1.3888	0.7752	
5.19	-1.1463	0.7968	
5.2	-1.1552	1.5584	
5.21	-0.9893	2.0611	
5.22	-1.0328	0.9267	
5.23	-0.8104	-0.3983	
5.24	-0.7827	-0.6136	
5.25	-0.6521	0.1692	
5.26	-0.4915	0.8033	
5.27	-0.4357	0.1483	
5.28	-0.296	-0.9855	
5.29	-0.181	-1.0099	
5.3	-0.0793	0.0161	
5.31	0.015	1.203	
5.32	0.1077	1.0423	
5.33	0.1728	0.0831	
5.34	0.2485	-0.074	
5.35	0.3101	0.9936	
5.36	0.3534	2.1145	
5.37	0.423	2.3099	
5.38	0.4604	1.0051	
5.39	0.4396	0.3999	
5.4	0.4225	1.0179	
5.41	0.4219	1.9674	
5.42	0.4772	1.6859	
5.43	0.3896	0.3503	
5.44	0.4177	-0.722	
5.45	0.3487	-0.5001	
5.46	0.3264	0.3403	
5.47	0.2477	0.373	
5.48	0.2065	-0.8623	
5.49	0.1604	-1.8376	
5.5	0.0902	-1.4744	
5.51	0.0229	-0.2647	
5.52	-0.0352	0.3394	
5.53	-0.103	-0.3706	
5.54	-0.1648	-1.1538	
5.55	-0.2306	-0.6745	
5.56	-0.2766	0.6736	
5.57	-0.314	1.4633	
5.58	-0.3431	0.9639	
5.59	-0.4086	-0.0089	
5.6	-0.4326	0.0045	
5.61	-0.4122	1.0031	
5.62	-0.3932	1.6965	
5.63	-0.4035	1.0242	
5.64	-0.4281	-0.389	
5.65	-0.41	-0.937	
5.66	-0.3772	-0.2569	
5.67	-0.3148	0.3803	
5.68	-0.2499	-0.2643	
5.69	-0.1946	-1.5999	
5.7	-0.1101	-2.1382	
5.71	-0.0399	-1.6708	
5.72	0.0512	-0.6128	
5.73	0.1297	-0.6513	
5.74	0.2389	-1.7145	
5.75	0.3625	-2.1304	
5.76	0.4828	-1.157	
5.77	0.5516	0.1571	
5.78	0.7002	0.438	
5.79	0.7351	-0.3181	
5.8	0.924	-0.9764	
5.81	1.0506	-0.2344	
5.82	1.0173	0.9157	
5.83	1.2111	1.1778	
5.84	1.1083	0.161	
5.85	1.2359	-1.0007	
5.86	1.372	-0.7541	
5.87	1.3079	0.0838	
5.88	1.4089	0.251	
5.89	1.5533	-0.9449	
5.9	1.3777	-2.4038	
5.91	1.5419	-2.3265	
5.92	1.4648	-1.3523	
5.93	1.465	-0.8775	
5.94	1.4604	-1.5301	
5.95	1.3894	-2.5986	
5.96	1.264	-2.8047	
5.97	1.2044	-1.3547	
5.98	0.9549	-0.3497	
5.99	0.8765	-0.5307	
6.0	0.8546	-1.5458	
6.01	0.7034	-1.4836	
6.02	0.5568	-0.2535	
6.03	0.3315	0.8884	
6.04	0.1854	0.5593	
6.05	0.0391	-0.5008	
6.06	-0.114	-0.9958	
6.07	-0.2918	-0.3243	
6.08	-0.4647	0.5448	
6.09	-0.6467	0.1325	
6.1	-0.7876	-1.3286	
6.11	-0.8822	-2.2052	
6.12	-1.1921	-1.6962	
6.13	-1.332	-0.8635	
6.14	-1.4141	-1.0294	
6.15	-1.4888	-2.2144	
6.16	-1.4694	-3.057	
6.17	-1.5562	-2.3264	
6.18	-1.9195	-1.1354	
6.19	-1.9432	-0.7582	
6.2	-2.018	-1.2944	
6.21	-1.8275	-2.1223	
6.22	-1.8613	-1.4034	
6.23	-2.0186	-0.0111	
6.24	-2.0559	0.7155	
6.25	-1.9578	0.0673	
6.26	-1.9767	-0.8653	
6.27	-1.7188	-0.6765	
6.28	-1.69	0.4127	
6.29	-1.7877	0.9011	
6.3	-1.7029	0.1422	
6.31	-1.5062	-1.2579	
6.32	-1.2622	-1.4571	
6.33	-1.3107	-0.6534	
6.34	-1.0992	-0.174	
6.35	-1.0108	-0.8318	
6.36	-0.7958	-2.2688	
6.37	-0.6425	-2.6236	
6.38	-0.433	-1.7673	
6.39	-0.298	-0.7135	
6.4	-0.1154	-0.8977	
6.41	0.0571	-1.733	
6.42	0.2292	-1.9872	
6.43	0.3833	-0.8767	
6.44	0.5543	0.3645	
6.45	0.6568	0.5738	
6.46	0.778	-0.2635	
6.47	1.0224	-0.6585	
6.48	1.1926	0.1252	
6.49	1.0893	1.3375	
6.5	1.1814	1.4308	
6.51	1.3081	0.3046	
6.52	1.3437	-0.6163	
6.53	1.5529	-0.3626	
6.54	1.6938	0.5658	
6.55	1.7421	0.6454	
6.56	1.5167	-0.5414	
6.57	1.6223	-1.7759	
6.58	1.6109	-1.6345	
6.59	1.6217	-0.6287	
6.6	1.6776	-0.1567	
6.61	1.5706	-0.9315	
6.62	1.6109	-1.8039	
6.63	1.4571	-1.5768	
6.64	1.3682	-0.2237	
6.65	1.2608	0.7271	
6.66	1.2796	0.3921	
6.67	1.1351	-0.4662	
6.68	0.8941	-0.267	
6.69	0.9355	1.1039	
6.7	0.7535	1.8363	
6.71	0.6499	1.4909	
6.72	0.5191	0.5239	
6.73	0.4276	0.1896	
6.74	0.312	1.0724	
6.75	0.2259	1.6201	
6.76	0.1278	1.2235	
6.77	0.0355	-0.1867	
6.78	-0.0479	-0.9946	
6.79	-0.1411	-0.3273	
6.8	-0.2126	0.5301	
6.81	-0.275	0.2815	
6.82	-0.3692	-0.9367	
6.83	-0.4034	-1.6379	
6.84	-0.4272	-0.7631	
6.85	-0.5192	0.5206	
6.86	-0.462	0.9317	
6.87	-0.5081	0.0841	
6.88	-0.5091	-0.4349	
6.89	-0.6194	0.353	
6.9	-0.5827	1.8793	
6.91	-0.5712	2.2724	
6.92	-0.5348	1.5058	
6.93	-0.4935	0.7644	
6.94	-0.576	1.1571	
6.95	-0.5269	2.2883	
6.96	-0.4751	2.5602	
6.97	-0.4164	1.6352	
6.98	-0.4398	0.2883	
6.99	-0.4306	0.0931	
7.0	-0.3942	0.9342	
7.01	-0.3193	1.4292	
7.02	-0.3499	0.5587	
7.03	-0.2769	-0.7096	
7.04	-0.282	-1.0635	
7.05	-0.2753	0.0563	
7.06	-0.2423	1.0167	
7.07	-0.2583	0.6786	
7.08	-0.21	-0.3069	
7.09	-0.2352	-0.3507	
7.1	-0.2446	0.7774	
7.11	-0.2259	2.1682	
7.12	-0.2496	2.2531	
7.13	-0.2813	1.1215	
7.14	-0.2836	0.7949	
7.15	-0.2944	1.8469	
7.16	-0.3412	2.7018	
7.17	-0.3637	2.9695	
7.18	-0.4132	1.4341	
7.19	-0.4496	0.5854	
7.2	-0.422	1.1044	
7.21	-0.5258	1.9826	
7.22	-0.5412	1.7457	
7.23	-0.5152	0.4354	
7.24	-0.6305	-0.5842	
7.25	-0.5905	-0.366	
7.26	-0.6388	0.6944	
7.27	-0.6453	0.9323	
7.28	-0.708	0.0555	
7.29	-0.7192	-0.7585	
7.3	-0.6649	-0.3527	
7.31	-0.7375	0.9496	
7.32	-0.6321	1.867	
7.33	-0.7023	1.279	
7.34	-0.677	0.5326	
7.35	-0.6178	0.7994	
7.36	-0.5694	1.9409	
7.37	-0.5339	2.7266	
7.38	-0.4542	2.3435	
7.39	-0.4535	1.1339	
7.4	-0.3528	0.9098	
7.41	-0.3019	1.8214	
7.42	-0.2151	2.4629	
7.43	-0.1535	1.5739	
7.44	-0.0684	0.0726	
7.45	0.0224	-0.5124	
7.46	0.1108	0.1028	
7.47	0.2153	0.8679	
7.48	0.3074	0.4172	
7.49	0.436	-0.7774	
7.5	0.4977	-1.3573	
7.51	0.6707	-0.4469	
7.52	0.6829	0.8368	
7.53	0.7687	0.9719	
7.54	0.9573	0.0958	
7.55	1.0176	-0.3585	
7.56	1.0496	0.4888	
7.57	1.2459	1.8722	
7.58	1.0893	2.0816	
7.59	1.2241	1.166	
7.6	1.4058	0.46	
7.61	1.24	0.8403	
7.62	1.5202	2.0172	
7.63	1.3733	2.2316	
7.64	1.4442	0.9355	
7.65	1.4864	-0.3578	
7.66	1.4255	-0.3943	
7.67	1.5239	0.4076	
7.68	1.3444	0.7136	
7.69	1.2535	-0.3611	
7.7	1.1745	-1.4328	
7.71	1.1876	-1.7558	
7.72	1.2573	-0.5697	
7.73	1.053	0.2003	
7.74	1.0207	-0.2638	
7.75	0.8473	-1.3117	
7.76	0.8061	-1.1218	
7.77	0.6739	0.1372	
7.78	0.5871	1.2153	
7.79	0.4777	1.0228	
7.8	0.3141	0.071	
7.81	0.1996	-0.1604	
7.82	0.0822	0.7259	
7.83	-0.0452	1.7033	
7.84	-0.1805	1.5062	
7.85	-0.3035	0.0806	
7.86	-0.3978	-0.7765	
7.87	-0.5557	-0.2553	
7.88	-0.6996	0.5154	
7.89	-0.7855	0.1875	
7.9	-0.7813	-1.1392	
7.91	-0.8821	-1.9319	
7.92	-0.9619	-1.7237	
7.93	-1.0463	-0.6966	
7.94	-1.1236	-0.5492	
7.95	-1.2681	-1.4912	
7.96	-1.3166	-2.2068	
7.97	-1.4045	-1.711	
7.98	-1.3404	-0.2643	
7.99	-1.2776	0.3572	
8.0	-1.3415	-0.2808	
8.01	-1.4354	-0.9417	
8.02	-1.3523	-0.5818	
8.03	-1.5298	0.6362	
8.04	-1.4638	1.24	
8.05	-1.3771	0.5552	
8.06	-1.245	-0.6996	
8.07	-1.1708	-0.7237	
8.08	-1.105	0.0795	
8.09	-1.0883	0.5158	
8.1	-1.0905	-0.3616	
8.11	-1.0629	-1.5963	
8.12	-0.8857	-2.2927	
8.13	-0.8366	-1.5454	
8.14	-0.7778	-0.8042	
8.15	-0.6897	-1.2293	
8.16	-0.5996	-2.3907	
8.17	-0.4818	-2.7503	
8.18	-0.3722	-1.7536	
8.19	-0.311	-0.6399	
8.2	-0.2258	-0.6524	
8.21	-0.1136	-1.5247	
8.22	-0.0392	-1.8763	
8.23	0.0444	-0.8175	
8.24	0.1229	0.5733	
8.25	0.1995	0.7361	
8.26	0.2855	-0.2797	
8.27	0.3104	-1.0487	
8.28	0.4029	-0.4477	
8.29	0.4546	0.4913	
8.3	0.4703	0.5756	
8.31	0.5789	-0.7079	
8.32	0.6499	-1.8144	
8.33	0.6063	-1.5969	
8.34	0.6865	-0.9118	
8.35	0.7357	-0.6906	
8.36	0.734	-1.8802	
8.37	0.7058	-2.5876	
8.38	0.7402	-2.9106	
8.39	0.8645	-1.5477	
8.4	0.8703	-0.7451	
8.41	0.788	-1.4456	
8.42	0.9002	-2.3637	
8.43	0.796	-2.0557	
8.44	0.8266	-0.5785	
8.45	0.8047	0.4801	
8.46	0.8138	0.1559	
8.47	0.7912	-0.8291	
8.48	0.7368	-0.8187	
8.49	0.7651	0.1998	
8.5	0.6859	1.0456	
8.51	0.7747	0.5474	
8.52	0.7496	-0.7648	
8.53	0.7165	-1.4431	
8.54	0.7195	-0.8033	
8.55	0.6545	-0.0055	
8.56	0.6295	-0.467	
8.57	0.6501	-1.629	
8.58	0.6235	-2.461	
8.59	0.5311	-1.9026	
8.6	0.5158	-0.9695	
8.61	0.5293	-0.8265	
8.62	0.4946	-1.6586	
8.63	0.4407	-2.2914	
8.64	0.4721	-1.6254	
8.65	0.4202	-0.1042	
8.66	0.3345	0.3925	
8.67	0.3436	-0.2357	
8.68	0.3	-0.8493	
8.69	0.2375	-0.3057	
8.7	0.217	1.055	
8.71	0.193	1.5026	
8.72	0.1479	0.6183	
8.73	0.0972	-0.3976	
8.74	0.0483	-0.3772	
8.75	0.0063	0.5333	
8.76	-0.0388	0.9713	
8.77	-0.0864	-0.0641	
8.78	-0.1294	-1.5125	
8.79	-0.1961	-1.6519	
8.8	-0.2531	-0.8303	
8.81	-0.29	-0.1248	
8.82	-0.3653	-0.6715	
8.83	-0.4127	-1.839	
8.84	-0.4468	-1.9198	
8.85	-0.5141	-0.7454	
8.86	-0.5365	0.3632	
8.87	-0.63	0.3263	
8.88	-0.601	-0.4779	
8.89	-0.6899	-0.6243	
8.9	-0.7235	0.5092	
8.91	-0.7241	1.6805	
8.92	-0.8329	1.661	
8.93	-0.8131	0.7647	
8.94	-0.8537	0.179	
8.95	-0.936	0.8172	
8.96	-0.9772	1.7372	
8.97	-0.9389	1.7362	
8.98	-1.0236	0.373	
8.99	-0.9811	-0.739	
9.0	-1.0653	-0.4025	
9.01	-0.8996	0.5274	
9.02	-0.9184	0.597	
9.03	-0.9285	-0.5731	
9.04	-0.9328	-1.5109	
9.05	-0.8577	-1.0508	
9.06	-0.7925	0.1278	
9.07	-0.878	0.7819	
9.08	-0.8704	0.1231	
9.09	-0.7345	-0.5968	
9.1	-0.7446	-0.1615	
9.11	-0.6294	1.2382	
9.12	-0.6309	2.1245	
9.13	-0.5734	1.7686	
9.14	-0.4896	0.729	
9.15	-0.4003	0.7801	
9.16	-0.3269	1.9761	
9.17	-0.2751	2.616	
9.18	-0.1887	2.1529	
9.19	-0.1263	0.6345	
9.2	-0.0398	0.1962	
9.21	0.0333	0.8997	
9.22	0.1066	1.672	
9.23	0.1967	1.0442	
9.24	0.2698	-0.372	
9.25	0.2983	-0.9204	
9.26	0.3861	-0.2077	
9.27	0.4989	0.7663	
9.28	0.5561	0.7334	
9.29	0.6568	-0.2343	
9.3	0.7074	-0.6454	
9.31	0.7205	0.2793	
9.32	0.7434	1.6654	
9.33	0.7304	2.077	
9.34	0.8267	1.2469	
9.35	0.9666	0.6861	
9.36	0.9077	1.266	
9.37	0.9378	2.597	
9.38	0.8718	3.0884	
9.39	1.0813	1.8038	
9.4	0.8985	0.8779	
9.41	1.093	1.0532	
9.42	1.0472	1.9492	
9.43	1.0158	2.0709	
9.44	0.9475	0.9854	
9.45	1.0034	-0.338	
9.46	0.9672	-0.4296	
9.47	0.9491	0.5556	
9.48	0.9813	1.126	
9.49	0.9293	0.3094	
9.5	0.7934	-0.7496	
9.51	0.855	-0.6443	
9.52	0.8345	0.567	
9.53	0.7283	1.6304	
9.54	0.716	1.2773	
9.55	0.6339	0.4661	
9.56	0.6107	0.4023	
9.57	0.5004	1.753	
9.58	0.5036	2.5846	
9.59	0.4453	2.6782	
9.6	0.396	1.2766	
9.61	0.298	0.916	
9.62	0.2751	1.6985	
9.63	0.2303	2.5316	
9.64	0.157	2.0114	
9.65	0.0899	0.5719	
9.66	0.0283	-0.3027	
9.67	-0.0342	0.0714	
9.68	-0.1005	0.8779	
9.69	-0.1686	0.7094	
9.7	-0.1993	-0.4181	
9.71	-0.2649	-1.2377	
9.72	-0.3215	-0.6992	
9.73	-0.3927	0.493	
9.74	-0.4445	0.8529	
9.75	-0.4954	0.1518	
9.76	-0.5459	-0.5639	
9.77	-0.6503	0.022	
9.78	-0.6995	1.4999	
9.79	-0.7162	2.1787	
9.8	-0.7728	1.4621	
9.81	-0.8389	0.5062	
9.82	-0.8371	0.6964	
9.83	-0.8393	1.9148	
9.84	-0.9116	2.2088	
9.85	-1.0075	1.4669	
9.86	-0.9455	0.0685	
9.87	-0.9345	-0.2901	
9.88	-1.0891	0.3848	
9.89	-0.9297	0.8647	
9.9	-1.0887	0.1514	
9.91	-0.963	-1.1942	
9.92	-1.0383	-1.5737	
9.93	-1.0935	-0.7854	
9.94	-0.9585	0.0853	
9.95	-1.1322	-0.1548	
9.96	-1.0341	-1.1535	
9.97	-0.9519	-1.4151	
9.98	-0.899	-0.4175	
9.99	-0.8478	0.8815	
10.0	-0.9732	1.0775	
10.01	-0.8628	0.1421	
10.02	-0.7589	-0.3051	
10.03	-0.7297	0.4809	
10.04	-0.7119	1.4509	
10.05	-0.6479	1.601	
10.06	-0.5581	0.4809	
10.07	-0.4792	-0.5003	
10.08	-0.3842	-0.2525	
10.09	-0.3009	0.5654	
10.1	-0.2567	0.6401	
10.11	-0.1567	-0.6683	
10.12	-0.0626	-1.7251	
10.13	0.021	-1.9111	
10.14	0.1074	-0.8206	
10.15	0.2224	-0.4113	
10.16	0.2816	-1.3092	
10.17	0.4145	-2.282	
10.18	0.4478	-1.9194	
10.19	0.6064	-0.8259	
10.2	0.5887	0.1213	
10.21	0.7747	-0.2805	
10.22	0.8858	-1.0317	
10.23	0.8358	-1.0523	
10.24	1.0395	0.2255	
10.25	1.0479	1.1635	
10.26	0.9655	0.7475	
10.27	1.1282	-0.3332	
10.28	1.1498	-0.6864	
10.29	1.2876	0.0101	
10.3	1.3444	0.765	
10.31	1.2174	0.2089	
10.32	1.1539	-1.3228	
10.33	1.3624	-2.168	
10.34	1.1704	-1.5437	
10.35	1.1715	-0.6737	
10.36	1.153	-0.8866	
10.37	1.2178	-2.1116	
10.38	1.1445	-2.866	
10.39	1.1519	-2.3783	
10.4	1.1046	-1.0372	
10.41	1.1201	-0.6948	
10.42	0.8966	-1.5076	
10.43	0.8623	-1.8546	
10.44	0.8523	-1.2201	
10.45	0.7833	0.1216	
10.46	0.732	0.68	
10.47	0.5675	-0.0808	
10.48	0.5346	-0.9316	
10.49	0.4414	-0.6562	
10.5	0.3206	0.4556	
10.51	0.2047	0.795	
10.52	0.1322	-0.182	
10.53	0.0343	-1.5375	
10.54	-0.0504	-1.629	
10.55	-0.1466	-0.8231	
10.56	-0.2358	-0.4786	
10.57	-0.2873	-1.323	
10.58	-0.4183	-2.5501	
10.59	-0.4687	-2.8369	
10.6	-0.5634	-1.9639	
10.61	-0.6557	-1.0289	
10.62	-0.659	-1.2979	
10.63	-0.7984	-2.1424	
10.64	-0.8283	-2.1614	
10.65	-0.8849	-1.0265	
10.66	-0.7901	0.1249	
10.67	-0.839	0.1472	
10.68	-0.9133	-0.7242	
10.69	-0.9808	-1.1186	
10.7	-0.9396	-0.1598	
10.71	-1.0257	1.0245	
10.72	-0.8726	0.9255	
10.73	-0.8826	-0.2939	
10.74	-0.9208	-1.0749	
10.75	-0.864	-0.7745	
10.76	-0.835	0.095	
10.77	-0.8757	-0.0261	
10.78	-0.8741	-1.3837	
10.79	-0.7867	-2.1916	
10.8	-0.6957	-1.9996	
10.81	-0.6596	-1.0148	
10.82	-0.6045	-0.7557	
10.83	-0.6232	-1.5246	
10.84	-0.6213	-2.2702	
10.85	-0.5248	-1.8075	
10.86	-0.5133	-0.6317	
10.87	-0.4314	0.1898	
10.88	-0.416	-0.267	
10.89	-0.3457	-0.9403	
10.9	-0.3573	-0.707	
10.91	-0.2731	0.6595	
10.92	-0.2375	1.4883	
10.93	-0.2238	1.0115	
10.94	-0.1928	-0.1815	
10.95	-0.176	-0.4312	
10.96	-0.1431	0.4985	
10.97	-0.1277	1.1287	
10.98	-0.0955	0.4776	
10.99	-0.0921	-0.9842	
11.0	-0.0643	-1.4931	
11.01	-0.0556	-0.9615	
11.02	-0.0376	-0.0731	
11.03	-0.0285	-0.436	
11.04	-0.0152	-1.6727	
11.05	-0.0055	-2.1691	
11.06	0.0062	-1.2363	
11.07	0.0176	0.0374	
11.08	0.0324	0.2687	
11.09	0.0444	-0.5764	
11.1	0.0616	-0.9936	
11.11	0.0696	-0.0412	
11.12	0.0914	1.4144	
11.13	0.1235	1.719	
11.14	0.1414	0.8847	
11.15	0.1833	0.189	
11.16	0.1953	0.6381	
11.17	0.2193	1.85	
11.18	0.2635	2.0861	
11.19	0.332	0.9394	
11.2	0.3245	-0.3464	
11.21	0.4068	-0.3775	
11.22	0.4414	0.4738	
11.23	0.4769	0.7681	
11.24	0.5483	-0.1148	
11.25	0.6063	-1.3995	
11.26	0.6613	-1.3109	
11.27	0.6712	-0.246	
11.28	0.7391	0.5743	
11.29	0.7031	0.1562	
11.3	0.9103	-0.7721	
11.31	0.8526	-0.6594	
11.32	0.8734	0.6866	
11.33	1.0414	1.8826	
11.34	0.9892	1.5649	
11.35	1.0932	0.7708	
11.36	1.1137	0.6333	
11.37	1.0553	1.5395	
11.38	0.975	2.8422	
11.39	1.0532	2.4701	
11.4	1.12	1.0924	
11.41	1.1435	0.3318	
11.42	1.0599	0.8213	
11.43	1.1042	1.7996	
11.44	0.9784	1.4604	
11.45	0.9309	0.0783	
11.46	0.8749	-0.8443	
11.47	0.7855	-0.433	
11.48	0.7571	0.6695	
11.49	0.7172	0.8696	
11.5	0.5827	-0.1225	
11.51	0.4884	-0.8531	
11.52	0.4007	-0.2302	
11.53	0.2843	1.2538	
11.54	0.1815	1.9308	
11.55	0.0624	1.2695	
11.56	-0.0586	0.5014	
11.57	-0.1822	0.9324	
11.58	-0.3285	2.1755	
11.59	-0.3913	2.8132	
11.6	-0.569	2.3557	
11.61	-0.7087	1.2075	
11.62	-0.8657	1.0792	
11.63	-0.9836	1.979	
11.64	-1.0169	2.3431	
11.65	-1.0429	1.4782	
11.66	-1.3475	0.1089	
11.67	-1.3769	-0.3689	
11.68	-1.3324	0.3975	
11.69	-1.4585	1.1215	
11.7	-1.6236	0.621	
11.71	-1.6069	-0.6157	
11.72	-1.787	-0.8788	
11.73	-1.5535	0.0524	
11.74	-1.8105	1.1352	
11.75	-1.8036	1.3295	
11.76	-1.7468	0.3735	
11.77	-1.7217	0.0848	
11.78	-1.5043	1.1345	
11.79	-1.6232	2.6088	
11.8	-1.4656	2.4922	
11.81	-1.4913	1.5701	
11.82	-1.467	0.8916	
11.83	-1.3795	1.3564	
11.84	-1.2186	2.2049	
11.85	-1.1392	2.3762	
11.86	-0.9589	1.2961	
11.87	-0.8119	0.0099	
11.88	-0.7042	0.0994	
11.89	-0.5854	1.026	
11.9	-0.4312	1.1501	
11.91	-0.2222	0.015	
11.92	-0.0922	-1.1757	
11.93	0.0671	-0.9882	
11.94	0.2183	0.114	
11.95	0.3419	0.7505	
11.96	0.4957	0.2406	
11.97	0.6259	-0.623	
11.98	0.7478	-0.4572	
11.99	0.8661	0.8446	
12.0	0.9801	1.9125	
12.01	1.0366	1.5521	
12.02	1.1596	0.5908	
12.03	1.3274	0.496	
12.04	1.2493	1.5704	
12.05	1.5661	2.2007	
12.06	1.5289	1.6852	
12.07	1.5319	0.573	
12.08	1.65	-0.1525	
12.09	1.6544	0.4011	
12.1	1.4255	1.012	
12.11	1.6234	0.6525	
12.12	1.6195	-0.7583	
12.13	1.4258	-1.4426	
12.14	1.5201	-0.9483	
12.15	1.3867	-0.0384	
12.16	1.1911	-0.0228	
12.17	1.1677	-0.9502	
12.18	1.1809	-1.7545	
12.19	1.0422	-0.9219	
12.2	0.9935	0.4455	
12.21	0.7652	0.9622	
12.22	0.7041	0.2253	
12.23	0.5885	-0.5085	
12.24	0.4463	0.0741	
12.25	0.4153	1.3479	
12.26	0.2805	1.8245	
12.27	0.1654	0.9233	
12.28	0.0571	-0.212	
12.29	-0.033	-0.204	
12.3	-0.1203	0.7046	
12.31	-0.203	0.9703	
12.32	-0.272	-0.0376	
12.33	-0.4016	-1.4371	
12.34	-0.3924	-1.8995	
12.35	-0.4967	-0.974	
12.36	-0.4993	-0.3575	
12.37	-0.5479	-0.8914	
12.38	-0.5934	-2.0552	
12.39	-0.654	-2.5194	
12.4	-0.683	-1.2652	
12.41	-0.6678	-0.135	
12.42	-0.5934	-0.2401	
12.43	-0.6363	-1.1876	
12.44	-0.5945	-1.2734	
12.45	-0.6132	-0.2668	
12.46	-0.4979	0.9341	
12.47	-0.542	0.8659	
12.48	-0.4217	-0.0962	
12.49	-0.4402	-0.733	
12.5	-0.3888	-0.1131	
12.51	-0.3296	0.7555	
12.52	-0.3031	0.631	
12.53	-0.2483	-0.7517	
12.54	-0.1745	-1.6177	
12.55	-0.1559	-1.398	
12.56	-0.1034	-0.7071	
12.57	-0.0649	-0.6173	
12.58	-0.0433	-1.7656	
12.59	-0.0173	-3.0433	
12.6	0.0017	-2.7222	
12.61	0.0126	-1.2358	
12.62	0.0186	-0.7185	
12.63	0.0145	-1.4945	
12.64	0.0059	-2.3764	
12.65	-0.0103	-1.8068	
12.66	-0.0304	-0.4072	
12.67	-0.0628	0.5116	
12.68	-0.1018	0.0313	
12.69	-0.1538	-0.8862	
12.7	-0.1933	-0.8184	
12.71	-0.2291	0.2275	
12.72	-0.3193	1.0202	
12.73	-0.3852	0.2662	
12.74	-0.3906	-1.051	
12.75	-0.4794	-1.6415	
12.76	-0.5323	-0.8124	
12.77	-0.6505	-0.2498	
12.78	-0.6224	-0.7635	
12.79	-0.6813	-2.3575	
12.8	-0.7404	-3.0877	
12.81	-0.7843	-2.0731	
12.82	-0.9597	-1.0378	
12.83	-0.962	-1.1434	
12.84	-1.0184	-2.0671	
12.85	-1.0102	-2.6162	
12.86	-1.009	-1.692	
12.87	-0.9702	-0.2706	
12.88	-1.0223	0.0609	
12.89	-0.9474	-0.7014	
12.9	-0.8223	-1.3153	
12.91	-0.8644	-0.4997	
12.92	-0.7435	0.7918	
12.93	-0.6961	1.0537	
12.94	-0.6148	0.0686	
12.95	-0.5713	-0.9319	
12.96	-0.4379	-0.7705	
12.97	-0.3608	0.1235	
12.98	-0.2136	0.3332	
12.99	-0.0953	-0.7552	
13.0	0.04	-1.9322	
13.01	0.1741	-2.251	
13.02	0.3291	-1.1996	
13.03	0.4629	-0.711	
13.04	0.5825	-1.3313	
13.05	0.7599	-2.4251	
13.06	0.8402	-2.2776	
13.07	0.95	-1.2172	
13.08	1.1535	-0.0767	
13.09	1.2242	-0.3111	
13.1	1.3941	-1.103	
13.11	1.4772	-1.023	
13.12	1.5912	0.1123	
13.13	1.6386	1.2457	
13.14	1.9542	1.0312	
13.15	2.063	0.0425	
13.16	2.0453	-0.4664	
13.17	2.0129	0.2824	
13.18	2.0295	1.1973	
13.19	2.1008	0.8648	
13.2	2.0667	-0.434	
13.21	2.0483	-1.4899	
13.22	1.9473	-0.9981	
13.23	1.8685	-0.0619	
13.24	1.7062	-0.1472	
13.25	1.6984	-1.2628	
13.26	1.5997	-2.141	
13.27	1.4218	-1.6667	
13.28	1.2315	-0.3277	
13.29	0.9733	0.1537	
13.3	0.9333	-0.5208	
13.31	0.7696	-1.2991	
13.32	0.5206	-0.6333	
13.33	0.3729	0.9149	
13.34	0.1357	1.6354	
13.35	-0.0518	1.0543	
13.36	-0.2503	0.1872	
13.37	-0.4246	0.4231	
13.38	-0.5886	1.6292	
13.39	-0.7916	2.1904	
13.4	-1.0422	1.2031	
13.41	-1.1964	0.0323	
13.42	-1.2168	-0.2922	
13.43	-1.5593	0.4658	
13.44	-1.7513	1.0989	
13.45	-1.9249	0.3547	
13.46	-1.9293	-0.955	
13.47	-1.8155	-1.511	
13.48	-2.2102	-0.5688	
13.49	-1.9393	0.4045	
13.5	-1.9751	0.2451	
13.51	-2.0498	-0.7857	
13.52	-2.2169	-0.9194	
13.53	-2.1438	0.097	
13.54	-2.1944	1.3538	
13.55	-1.8801	1.5444	
13.56	-1.908	0.8279	
13.57	-1.7738	0.4016	
13.58	-1.761	1.2354	
13.59	-1.6236	2.4717	
13.6	-1.4394	2.6087	
13.61	-1.4355	1.396	
13.62	-1.2385	0.5707	
13.63	-1.1451	0.9145	
13.64	-0.8592	1.8631	
13.65	-0.7286	1.9209	
13.66	-0.6384	0.5964	
13.67	-0.3789	-0.5917	
13.68	-0.207	-0.5515	
13.69	-0.0462	0.5104	
13.7	0.1284	0.8098	
13.71	0.2825	0.0894	
13.72	0.4419	-0.8654	
13.73	0.5891	-0.5909	
13.74	0.7878	0.6546	
13.75	0.9229	1.5956	
13.76	1.0754	1.1609	
13.77	1.1423	0.4154	
13.78	1.2691	0.5345	
13.79	1.2619	2.0049	
13.8	1.4302	2.987	
13.81	1.2979	2.3746	
13.82	1.4477	1.3571	
13.83	1.3541	0.931	
13.84	1.5521	1.7493	
13.85	1.4811	2.4136	
13.86	1.3315	2.2228	
13.87	1.3573	0.623	
13.88	1.4033	-0.1727	
13.89	1.1657	0.3416	
13.9	1.241	1.2025	
13.91	1.1514	0.8353	
13.92	0.9375	-0.2832	
13.93	0.8666	-0.9867	
13.94	0.8109	-0.3116	
13.95	0.6105	0.8964	
13.96	0.5552	1.3071	
13.97	0.4183	0.4248	
13.98	0.2937	-0.143	
13.99	0.2017	0.558	
14.0	0.0944	1.8886	
14.01	-0.0048	2.3626	
14.02	-0.1052	1.6391	
14.03	-0.1734	0.9338	
14.04	-0.2788	1.2401	
14.05	-0.3052	2.2671	
14.06	-0.3647	2.5188	
14.07	-0.4003	1.6044	
14.08	-0.5077	0.4013	
14.09	-0.4982	0.1674	
14.1	-0.526	1.0394	
14.11	-0.4844	1.2862	
14.12	-0.4387	0.488	
14.13	-0.4867	-0.8704	
14.14	-0.4568	-1.1735	
14.15	-0.3901	-0.1687	
14.16	-0.2898	0.7419	
14.17	-0.2558	0.3174	
14.18	-0.1957	-0.6281	
14.19	-0.102	-0.8079	
14.2	-0.0226	0.3839	
14.21	0.0664	1.5891	
14.22	0.1426	1.6082	
14.23	0.2589	0.7337	
14.24	0.3503	0.3277	
14.25	0.4162	1.2115	
