0.01	0.1408	0.4019	0.4799	0.6673	
0.02	0.3121	0.6865	0.9069	1.0688	
0.03	0.4705	1.0735	1.4021	1.5133	
0.04	0.6068	1.348	1.7272	1.8748	
0.05	0.6447	1.6931	1.8689	2.0937	
0.06	0.7459	2.0155	2.3154	1.7069	
0.07	0.9572	1.8924	2.3227	1.5027	
0.08	1.1021	1.8671	2.4308	1.3166	
0.09	1.1935	2.1922	2.098	0.8608	
0.1	1.1659	1.8408	1.9584	0.3112	
0.11	1.4056	1.8244	1.9465	-0.1407	
0.12	1.2819	1.5052	1.721	-0.5374	
0.13	1.5167	1.4868	1.3324	-0.8515	
0.14	1.4167	1.0659	1.1324	-0.9012	
0.15	1.5417	0.68	0.9892	-0.9563	
0.16	1.5907	0.3698	0.8394	-0.7268	
0.17	1.543	-0.0169	0.9408	-0.623	
0.18	1.4171	-0.4086	0.9073	-0.3733	
0.19	1.6214	-0.7729	0.9553	-0.0911	
0.2	1.4898	-0.9976	0.9843	0.1426	
0.21	1.5267	-1.2123	1.1619	0.3017	
0.22	1.4714	-1.6289	1.3019	0.3691	
0.23	1.2408	-1.5374	1.4973	0.38	
0.24	1.1485	-1.6318	1.5337	0.3254	
0.25	1.175	-1.6682	1.5278	0.2146	
0.26	1.1343	-1.6517	1.6308	0.0923	
0.27	1.0375	-1.6411	1.5088	0.0025	
0.28	0.9214	-1.3474	1.4835	-0.0365	
0.29	0.7536	-1.2929	1.2182	0.0074	
0.3	0.7019	-0.875	0.9396	0.1521	
0.31	0.7185	-0.6232	0.5799	0.3569	
0.32	0.5805	-0.2504	0.1373	0.6266	
0.33	0.4723	0.127	-0.2902	1.0963	
0.34	0.4685	0.546	-0.7505	1.4599	
0.35	0.3639	0.9477	-1.2335	1.7186	
0.36	0.3524	1.2211	-1.4679	1.7973	
0.37	0.3076	1.4664	-1.8308	1.9687	
0.38	0.2924	1.7964	-2.0842	1.9138	
0.39	0.2361	1.9146	-1.9597	1.4665	
0.4	0.2643	2.2442	-2.363	1.2956	
0.41	0.2674	2.0493	-2.1653	0.7075	
0.42	0.2375	2.4319	-1.8554	0.1862	
0.43	0.2961	2.1459	-1.6556	-0.3107	
0.44	0.3174	2.0476	-1.5439	-0.747	
0.45	0.3549	1.9645	-1.2369	-1.2216	
0.46	0.4084	1.5065	-1.01	-1.4346	
0.47	0.4929	1.2606	-0.7175	-1.4981	
0.48	0.5954	0.946	-0.3951	-1.2925	
0.49	0.6151	0.7304	-0.2268	-0.9526	
0.5	0.8383	0.3289	-0.1323	-0.3899	
0.51	0.8061	-0.0519	-0.0749	0.1512	
0.52	0.966	-0.3928	-0.0973	0.7513	
0.53	1.2096	-0.6897	-0.1808	1.2979	
0.54	1.1432	-1.0324	-0.3107	1.8786	
0.55	1.3488	-1.3269	-0.4682	2.1353	
0.56	1.4447	-1.5133	-0.6141	2.5117	
0.57	1.4982	-1.6487	-0.7356	2.3467	
0.58	1.8568	-1.6705	-1.0161	2.1277	
0.59	1.7365	-1.6177	-1.1123	1.9741	
0.6	1.9513	-1.3567	-1.138	1.6636	
0.61	1.984	-1.4093	-0.998	1.0952	
0.62	2.1502	-1.0719	-0.9844	0.8005	
0.63	2.1959	-0.742	-0.7241	0.3879	
0.64	2.2427	-0.4492	-0.4586	0.1779	
0.65	2.2351	-0.1359	-0.1879	0.0188	
0.66	2.4112	0.2604	0.1344	-0.0172	
0.67	2.3262	0.5731	0.4712	0.0494	
0.68	2.3837	0.9883	0.8128	0.1721	
0.69	2.4005	1.2647	0.9585	0.3707	
0.7	2.758	1.5121	1.2756	0.5528	
0.71	2.4878	1.7776	1.375	0.6746	
0.72	2.7089	2.33	1.3481	0.7897	
0.73	2.4339	2.3213	1.4746	0.8661	
0.74	2.385	2.4928	1.3343	0.7736	
0.75	2.4888	2.3526	1.1931	0.6487	
0.76	2.237	2.4491	0.9202	0.4877	
0.77	2.1529	2.3317	0.6572	0.3037	
0.78	2.2984	2.0019	0.2769	0.1738	
0.79	1.9786	2.0237	-0.0227	0.1056	
0.8	1.8991	1.7711	-0.314	0.1673	
0.81	2.0749	1.2505	-0.5256	0.3361	
0.82	1.9369	0.8879	-0.7262	0.6198	
0.83	1.6123	0.5951	-0.9174	0.8879	
0.84	1.5565	0.2424	-0.8267	1.3442	
0.85	1.3983	-0.0832	-0.9354	1.8612	
0.86	1.3193	-0.4458	-0.6908	1.9872	
0.87	1.4223	-0.6377	-0.5261	2.377	
0.88	1.2838	-0.866	-0.3099	2.4405	
0.89	1.1116	-1.2189	-0.029	2.8378	
0.9	0.9648	-1.3286	0.2379	2.4744	
0.91	0.8509	-1.3341	0.5564	2.2085	
0.92	0.7201	-1.4086	0.6892	1.5364	
0.93	0.7523	-1.3386	0.9105	0.9688	
0.94	0.6071	-1.1035	0.9679	0.4517	
0.95	0.5725	-0.9593	0.9942	-0.0794	
0.96	0.5728	-0.6196	0.9591	-0.5026	
0.97	0.4678	-0.3171	1.0382	-0.9327	
0.98	0.5282	-0.0146	0.7773	-1.0389	
0.99	0.5154	0.3462	0.6545	-1.0536	
1.0	0.4458	0.6778	0.3854	-0.7299	
1.01	0.5078	0.9735	0.1762	-0.3906	
1.02	0.4945	1.3098	-0.0332	0.1005	
1.03	0.545	1.6738	-0.1868	0.6887	
1.04	0.6526	1.8991	-0.3102	1.3145	
1.05	0.6198	2.4058	-0.365	1.6638	
1.06	0.7437	2.4891	-0.3525	2.0657	
1.07	0.8159	2.4277	-0.2239	2.3907	
1.08	0.9292	2.3775	-0.0652	2.5387	
1.09	0.9593	2.5221	0.1462	2.3744	
1.1	1.1455	2.5152	0.4171	2.1088	
1.11	1.0674	2.3136	0.7333	2.0958	
1.12	1.1545	2.297	0.9472	1.5726	
1.13	1.2581	2.0108	1.2914	1.3388	
1.14	1.5282	1.6482	1.2816	0.9099	
1.15	1.6317	1.1382	1.5583	0.7481	
1.16	1.7323	0.809	1.6749	0.5736	
1.17	1.6889	0.5907	1.3972	0.6255	
1.18	1.6712	0.1893	1.4637	0.6026	
1.19	1.8065	-0.1356	1.1005	0.7426	
1.2	1.7732	-0.3777	0.9425	0.7804	
1.21	2.0312	-0.6423	0.5901	1.0873	
1.22	1.968	-0.8575	0.1574	1.1472	
1.23	1.8471	-0.9195	-0.2294	1.1102	
1.24	1.9611	-1.0697	-0.6796	1.0892	
1.25	1.9144	-1.2082	-0.9956	0.8477	
1.26	2.1155	-0.9603	-1.2871	0.6839	
1.27	2.1404	-0.8412	-1.4558	0.4735	
1.28	1.9083	-0.687	-1.7017	0.1977	
1.29	1.736	-0.5001	-2.0079	0.022	
1.3	1.9694	-0.2427	-1.7918	-0.0807	
1.31	1.844	0.0814	-1.6117	-0.0839	
1.32	1.5265	0.3857	-1.6987	0.0563	
1.33	1.6804	0.777	-1.5881	0.3183	
1.34	1.5556	1.1999	-1.1572	0.6676	
1.35	1.2433	1.6043	-0.9907	1.1043	
1.36	1.1298	1.6652	-0.8018	1.7419	
1.37	1.1201	2.1581	-0.7205	2.2479	
1.38	0.9133	2.2265	-0.6146	2.6937	
1.39	0.8664	2.5745	-0.6429	2.7725	
1.4	0.7904	2.5187	-0.6142	3.0934	
1.41	0.6414	2.7305	-0.7421	2.8351	
1.42	0.428	2.8648	-0.8002	2.5088	
1.43	0.3165	2.405	-0.9172	2.2573	
1.44	0.2006	2.601	-1.153	1.68	
1.45	0.0828	2.3484	-1.4323	0.997	
1.46	-0.0283	2.1405	-1.4316	0.3648	
1.47	-0.1312	1.7045	-1.5837	-0.1892	
1.48	-0.2398	1.5242	-1.806	-0.5888	
1.49	-0.3062	1.1043	-1.7449	-0.8086	
1.5	-0.4091	0.7336	-1.3653	-0.9023	
1.51	-0.4737	0.4814	-1.3983	-0.8102	
1.52	-0.496	0.1297	-1.0452	-0.6759	
1.53	-0.6072	-0.1555	-0.7385	-0.2452	
1.54	-0.5545	-0.3758	-0.2855	0.2684	
1.55	-0.5876	-0.6531	0.1792	0.7621	
1.56	-0.682	-0.8381	0.6484	1.2646	
1.57	-0.6428	-0.9486	1.231	1.4484	
1.58	-0.6069	-0.814	1.6208	1.8454	
1.59	-0.5084	-0.8838	2.0745	1.9213	
1.6	-0.57	-0.7764	2.3575	2.1779	
1.61	-0.4391	-0.5774	2.3728	1.7929	
1.62	-0.3758	-0.3967	2.4382	1.8689	
1.63	-0.3027	-0.1479	2.5811	1.521	
1.64	-0.2757	0.1374	2.5495	1.2525	
1.65	-0.1755	0.4736	2.229	0.9597	
1.66	-0.0776	0.8167	2.1221	0.7643	
1.67	0.015	1.2169	1.8764	0.6606	
1.68	0.1128	1.3794	1.6807	0.7088	
1.69	0.194	1.741	1.358	0.7808	
1.7	0.3085	2.1207	1.2389	0.928	
1.71	0.4066	2.2717	0.9142	1.0681	
1.72	0.4971	2.3849	0.772	1.1606	
1.73	0.6083	2.8543	0.8178	1.1827	
1.74	0.7216	2.7488	0.7534	1.1604	
1.75	0.7082	2.7545	0.7559	1.0143	
1.76	0.8012	2.5903	0.806	0.8113	
1.77	0.8299	2.3794	0.9856	0.531	
1.78	0.827	2.547	1.0364	0.178	
1.79	0.9821	2.28	1.2186	-0.1505	
1.8	0.918	2.0433	1.1787	-0.4372	
1.81	0.9429	1.4588	1.1563	-0.6196	
1.82	1.0167	1.3548	1.1483	-0.7181	
1.83	0.9104	1.0441	1.1541	-0.57	
1.84	0.9717	0.7014	0.948	-0.3726	
1.85	1.0023	0.3521	0.574	-0.0155	
1.86	0.9602	0.047	0.2505	0.5021	
1.87	0.8319	-0.2096	-0.1226	0.9925	
1.88	0.7508	-0.4081	-0.5946	1.4192	
1.89	0.7229	-0.6051	-1.0565	1.9329	
1.9	0.6183	-0.6321	-1.3807	2.4164	
1.91	0.5523	-0.7355	-1.8314	2.4104	
1.92	0.4532	-0.669	-2.0597	2.3356	
1.93	0.3154	-0.6516	-2.296	2.4488	
1.94	0.2115	-0.4542	-2.6138	1.9434	
1.95	0.1263	-0.3197	-2.9558	1.6126	
1.96	0.0062	-0.092	-2.9688	0.9908	
1.97	-0.1029	0.1891	-2.6127	0.4518	
1.98	-0.2142	0.5047	-2.4941	-0.1655	
1.99	-0.2956	0.7999	-2.0141	-0.6999	
2.0	-0.4372	1.0799	-1.8223	-0.9764	
2.01	-0.5038	1.4385	-1.6738	-1.0797	
2.02	-0.6318	1.5722	-1.1501	-1.2225	
2.03	-0.7651	1.8315	-0.8564	-1.0444	
2.04	-0.7344	2.0574	-0.6581	-0.832	
2.05	-0.8506	2.6236	-0.3571	-0.4323	
2.06	-0.9233	2.4808	-0.2137	-0.003	
2.07	-0.8771	2.8665	-0.1231	0.4142	
2.08	-1.0064	2.8437	-0.1044	0.7231	
2.09	-0.9455	2.8173	-0.1462	1.0828	
2.1	-1.0581	2.6489	-0.2303	1.0907	
2.11	-1.0525	2.5179	-0.3537	1.2538	
2.12	-0.9384	1.9875	-0.4191	1.1709	
2.13	-1.0506	1.9179	-0.6112	1.0056	
2.14	-0.8295	1.6054	-0.6886	0.8211	
2.15	-0.8111	1.2786	-0.6256	0.6499	
2.16	-0.8668	1.1822	-0.6502	0.4204	
2.17	-0.7205	0.8203	-0.6036	0.3634	
2.18	-0.5725	0.5021	-0.4182	0.3371	
2.19	-0.4856	0.2015	-0.1761	0.3356	
2.2	-0.3931	-0.0346	0.1115	0.4368	
2.21	-0.2904	-0.2465	0.4092	0.6658	
2.22	-0.2188	-0.3856	0.8092	0.7814	
2.23	-0.0829	-0.4972	1.0451	0.8762	
2.24	0.0381	-0.6096	1.3267	1.0207	
2.25	0.164	-0.639	1.8066	0.8689	
2.26	0.302	-0.5739	1.9563	0.6928	
2.27	0.4299	-0.4099	2.2073	0.4728	
2.28	0.4753	-0.2837	2.1659	0.1351	
2.29	0.595	-0.0645	2.0074	-0.282	
2.3	0.8146	0.1857	1.7626	-0.6696	
2.31	0.8191	0.4376	1.762	-1.0334	
2.32	0.9392	0.772	1.3409	-1.4154	
2.33	1.0558	0.9711	1.0132	-1.4215	
2.34	1.1186	1.4327	0.805	-1.6371	
2.35	1.2363	1.6037	0.4052	-1.4587	
2.36	1.3015	1.7029	0.08	-0.9868	
2.37	1.2848	2.2495	-0.2138	-0.5332	
2.38	1.2922	2.4021	-0.4387	-0.0453	
2.39	1.4141	2.3011	-0.5307	0.5371	
2.4	1.2227	2.4514	-0.703	1.1207	
2.41	1.3244	2.7091	-0.6604	1.4463	
2.42	1.2571	2.4914	-0.4953	1.8327	
2.43	1.2254	2.5474	-0.4001	2.0775	
2.44	1.1295	2.1837	-0.2058	2.0134	
2.45	1.271	2.2955	0.0136	1.7728	
2.46	1.0969	2.1073	0.2183	1.4301	
2.47	1.0297	1.6224	0.4276	0.8203	
2.48	1.0082	1.4859	0.6139	0.2458	
2.49	0.9513	1.0693	0.7456	-0.323	
2.5	0.7803	0.9326	0.8481	-0.8284	
2.51	0.766	0.5565	0.6932	-1.3546	
2.52	0.56	0.2928	0.7139	-1.4465	
2.53	0.5167	0.0798	0.5083	-1.4611	
2.54	0.414	-0.1173	0.3326	-1.5039	
2.55	0.3551	-0.2916	0.0719	-1.4057	
2.56	0.2287	-0.3808	-0.1964	-1.1355	
2.57	0.1634	-0.4622	-0.4416	-0.8162	
2.58	0.0639	-0.4845	-0.6394	-0.4578	
2.59	-0.0028	-0.4682	-0.8743	-0.1672	
2.6	-0.0623	-0.3679	-0.9398	0.0446	
2.61	-0.1316	-0.2459	-0.9156	0.1915	
2.62	-0.177	-0.0708	-1.002	0.224	
2.63	-0.2116	0.1509	-0.8706	0.1485	
2.64	-0.2147	0.3866	-0.6736	0.0404	
2.65	-0.2543	0.6068	-0.4538	-0.1004	
2.66	-0.2363	0.9222	-0.181	-0.2362	
2.67	-0.2463	1.2448	0.1257	-0.3394	
2.68	-0.2186	1.3256	0.411	-0.3829	
2.69	-0.1587	1.5429	0.7318	-0.3757	
2.7	-0.1176	1.901	0.9123	-0.2331	
2.71	-0.0563	1.8983	1.0792	-0.0549	
2.72	0.0117	2.0879	1.2012	0.1585	
2.73	0.0867	2.5064	1.1058	0.3542	
2.74	0.1866	2.2817	0.9608	0.5252	
2.75	0.2553	2.5161	0.8712	0.6878	
2.76	0.3905	2.172	0.5046	0.6125	
2.77	0.5303	2.292	0.2227	0.5282	
2.78	0.6044	2.0703	-0.1138	0.2235	
2.79	0.6649	1.9827	-0.4148	-0.1939	
2.8	0.848	1.6057	-0.8517	-0.58	
2.81	0.9292	1.4929	-1.0156	-1.1173	
2.82	1.1892	1.1973	-1.4265	-1.6274	
2.83	1.1852	0.8785	-1.4661	-2.1338	
2.84	1.2267	0.6333	-1.7832	-2.1781	
2.85	1.4176	0.3652	-1.6738	-2.3966	
2.86	1.5106	0.1607	-1.6211	-2.3859	
2.87	1.7916	-0.0446	-1.4082	-2.1204	
2.88	1.7751	-0.1943	-1.2911	-1.5219	
2.89	1.6772	-0.3151	-1.1059	-1.19	
2.9	2.0793	-0.3904	-0.8307	-0.5962	
2.91	2.0217	-0.4401	-0.6177	0.0391	
2.92	1.8929	-0.3856	-0.3586	0.5087	
2.93	1.9244	-0.3481	-0.1941	0.9027	
2.94	2.0742	-0.2475	-0.0709	1.2728	
2.95	2.0846	-0.1123	-0.0178	1.292	
2.96	2.1585	0.0714	-0.0245	1.1274	
2.97	1.9678	0.3051	-0.1063	0.9054	
2.98	1.9127	0.5398	-0.2369	0.5384	
2.99	2.0152	0.7381	-0.3622	0.0059	
3.0	1.8666	0.9663	-0.5286	-0.524	
3.01	1.7889	1.2719	-0.7249	-1.0061	
3.02	1.8248	1.578	-0.8307	-1.3272	
3.03	1.8174	1.7265	-1.0376	-1.8652	
3.04	1.6762	1.9101	-1.1169	-2.0274	
3.05	1.491	1.9303	-0.975	-1.9212	
3.06	1.461	2.0735	-0.9187	-1.8194	
3.07	1.372	1.9898	-0.7593	-1.5035	
3.08	1.2379	2.2705	-0.5363	-1.2866	
3.09	0.996	2.0349	-0.159	-1.1365	
3.1	0.8897	1.8556	0.2069	-0.8446	
3.11	0.8081	1.811	0.6434	-0.6551	
3.12	0.7026	1.77	1.1478	-0.5789	
3.13	0.6043	1.3603	1.5746	-0.6847	
3.14	0.5374	1.3869	1.685	-0.7532	
3.15	0.3767	1.1363	2.1333	-0.8692	
3.16	0.337	0.7568	2.1751	-1.044	
3.17	0.2397	0.5363	2.704	-1.1433	
3.18	0.1683	0.369	2.5981	-1.1343	
3.19	0.1025	0.155	2.8181	-1.1162	
3.2	0.0594	-0.0209	2.3227	-1.1307	
3.21	0.0139	-0.1798	2.4399	-0.9182	
3.22	-0.0133	-0.318	2.1685	-0.644	
3.23	-0.0306	-0.389	1.7083	-0.2781	
3.24	-0.0352	-0.4385	1.4129	0.0172	
3.25	-0.028	-0.401	1.0144	0.2585	
3.26	-0.0079	-0.3321	0.7753	0.4363	
3.27	0.0209	-0.2544	0.5898	0.5476	
3.28	0.068	-0.1493	0.4366	0.4083	
3.29	0.1185	-0.0123	0.2758	0.1443	
3.3	0.1722	0.1641	0.2545	-0.2362	
3.31	0.2399	0.3371	0.2655	-0.7444	
3.32	0.3369	0.5858	0.321	-1.2105	
3.33	0.3998	0.7982	0.3844	-1.8835	
3.34	0.518	1.0445	0.4584	-2.448	
3.35	0.6066	1.2512	0.5044	-2.6023	
3.36	0.6424	1.3657	0.5849	-2.6061	
3.37	0.7344	1.5471	0.5757	-2.8572	
3.38	0.7708	1.5052	0.5825	-2.6602	
3.39	0.8565	1.7872	0.3966	-2.274	
3.4	0.9692	1.8027	0.2324	-2.0202	
3.41	1.0873	1.8654	-0.0298	-1.4053	
3.42	1.1106	1.7721	-0.3783	-0.8226	
3.43	1.306	1.5329	-0.7052	-0.2639	
3.44	1.3006	1.4623	-1.2555	0.2327	
3.45	1.4393	1.3798	-1.4895	0.6333	
3.46	1.4095	1.2359	-1.9618	0.7353	
3.47	1.419	1.047	-2.3259	0.6937	
3.48	1.5399	0.9453	-2.4769	0.5966	
3.49	1.3486	0.7278	-3.0821	0.2924	
3.5	1.3623	0.5221	-3.1063	-0.0773	
3.51	1.3088	0.333	-2.7222	-0.5545	
3.52	1.4489	0.1328	-2.8116	-0.8523	
3.53	1.263	-0.0353	-2.9922	-1.4467	
3.54	1.2394	-0.1743	-2.2551	-1.5096	
3.55	1.132	-0.2709	-2.3344	-1.6186	
3.56	1.2406	-0.3445	-1.8881	-1.7152	
3.57	1.1034	-0.3905	-1.3397	-1.7036	
3.58	0.9273	-0.4257	-0.9872	-1.7074	
3.59	0.8785	-0.412	-0.7068	-1.524	
3.6	0.7485	-0.3378	-0.3971	-1.2246	
3.61	0.5656	-0.2455	-0.1038	-1.2147	
3.62	0.4325	-0.1232	0.0855	-0.9535	
3.63	0.3231	0.0264	0.2032	-1.0129	
3.64	0.1801	0.1763	0.2476	-1.1179	
3.65	0.0212	0.3251	0.2591	-1.1507	
3.66	-0.1251	0.5025	0.2158	-1.244	
3.67	-0.2706	0.6515	0.1319	-1.5479	
3.68	-0.3895	0.8491	0.0314	-1.5963	
3.69	-0.5221	1.0625	-0.0468	-1.5399	
3.7	-0.6357	1.1678	-0.0857	-1.4801	
3.71	-0.7285	1.3328	-0.0922	-1.5581	
3.72	-0.9923	1.4861	-0.0434	-1.1838	
3.73	-0.9702	1.3344	0.0855	-0.964	
3.74	-1.0815	1.5001	0.2525	-0.5598	
3.75	-1.2658	1.4528	0.4732	-0.1271	
3.76	-1.2425	1.4115	0.8623	0.2257	
3.77	-1.3399	1.1693	1.043	0.5431	
3.78	-1.334	1.1632	1.4117	0.5956	
3.79	-1.4124	1.011	1.9378	0.6113	
3.8	-1.5831	0.9759	1.9414	0.4447	
3.81	-1.4024	0.6676	2.2328	0.1308	
3.82	-1.5091	0.6006	2.5394	-0.312	
3.83	-1.3289	0.3913	2.4145	-0.8446	
3.84	-1.519	0.1962	2.7736	-1.5615	
3.85	-1.4258	0.0571	2.5294	-1.8211	
3.86	-1.4898	-0.0935	2.2677	-2.6242	
3.87	-1.4012	-0.2134	2.0011	-2.8601	
3.88	-1.2727	-0.2942	1.6879	-2.814	
3.89	-1.1368	-0.4256	1.2449	-2.7092	
3.9	-1.026	-0.4433	0.7903	-2.6273	
3.91	-1.1063	-0.4116	0.445	-2.3804	
3.92	-1.0231	-0.4807	0.0965	-1.8505	
3.93	-0.9333	-0.3999	-0.2174	-1.1766	
3.94	-0.7448	-0.3061	-0.4655	-0.7266	
3.95	-0.7809	-0.25	-0.7407	-0.1661	
3.96	-0.701	-0.1131	-0.7802	0.2311	
3.97	-0.6165	0.0058	-0.8962	0.5474	
3.98	-0.5023	0.1304	-0.7533	0.6489	
3.99	-0.429	0.306	-0.677	0.6033	
4.0	-0.425	0.4633	-0.5435	0.3996	
4.01	-0.3238	0.605	-0.3361	0.0925	
4.02	-0.2959	0.6335	-0.1572	-0.2613	
4.03	-0.2657	0.8848	0.0054	-0.5865	
4.04	-0.2673	0.9131	0.1217	-0.9647	
4.05	-0.2878	0.971	0.2036	-1.1985	
4.06	-0.2653	1.0336	0.2114	-1.3611	
4.07	-0.276	0.962	0.1475	-1.4083	
4.08	-0.3463	1.0369	0.0361	-1.3863	
4.09	-0.3727	1.0219	-0.1489	-1.2736	
4.1	-0.4255	0.8676	-0.3648	-0.9567	
4.11	-0.5276	0.7786	-0.6023	-0.9834	
4.12	-0.5868	0.7266	-0.7922	-0.8305	
4.13	-0.5912	0.6557	-1.0478	-0.8151	
4.14	-0.7645	0.5151	-1.3211	-0.7078	
4.15	-0.9391	0.38	-1.5493	-0.9363	
4.16	-0.9491	0.2032	-1.6317	-0.9706	
4.17	-1.1692	0.0731	-1.7376	-1.2657	
4.18	-1.1787	-0.0619	-1.5874	-1.4291	
4.19	-1.4614	-0.1615	-1.4242	-1.8128	
4.2	-1.5423	-0.2698	-1.2405	-1.8369	
4.21	-1.5591	-0.364	-0.8501	-1.6606	
4.22	-1.5973	-0.4118	-0.5336	-1.6775	
4.23	-1.9686	-0.4601	-0.1882	-1.4009	
4.24	-2.1716	-0.49	0.1337	-1.0676	
4.25	-2.2496	-0.4853	0.4616	-0.5388	
4.26	-2.3615	-0.4995	0.7296	-0.0375	
4.27	-2.5649	-0.3908	0.8631	0.4569	
4.28	-2.3578	-0.3854	0.8994	0.8034	
4.29	-2.5723	-0.2798	0.9464	1.1651	
4.3	-2.7281	-0.1717	1.0229	1.0756	
4.31	-2.724	-0.0741	0.8223	1.0758	
4.32	-2.8067	0.0425	0.5584	0.8609	
4.33	-3.046	0.1359	0.3199	0.4378	
4.34	-2.917	0.2607	0.0484	-0.0622	
4.35	-2.987	0.3637	-0.2573	-0.6793	
4.36	-2.7943	0.4045	-0.4943	-1.1855	
4.37	-2.6017	0.5256	-0.7625	-1.9269	
4.38	-2.7628	0.5469	-0.9015	-2.3624	
4.39	-2.8056	0.5819	-1.1996	-2.3972	
4.4	-2.9958	0.6719	-1.2113	-2.6431	
4.41	-2.7381	0.6288	-1.0987	-2.2525	
4.42	-2.7855	0.5547	-1.0269	-1.9852	
4.43	-2.8063	0.5375	-0.8456	-1.6184	
4.44	-2.5912	0.5301	-0.6553	-1.1195	
4.45	-2.351	0.3789	-0.3686	-0.6787	
4.46	-2.5205	0.3305	-0.137	-0.1779	
4.47	-2.1207	0.2016	0.1004	0.2631	
4.48	-2.0851	0.1286	0.3024	0.5308	
4.49	-2.1786	0.0116	0.5258	0.7222	
4.5	-1.7567	-0.0922	0.5704	0.7518	
4.51	-1.5964	-0.2082	0.6533	0.6401	
4.52	-1.6782	-0.2973	0.5564	0.4778	
4.53	-1.4407	-0.3646	0.4313	0.2223	
4.54	-1.5669	-0.3956	0.3013	-0.0373	
4.55	-1.4652	-0.4925	0.117	-0.2896	
4.56	-1.2368	-0.536	-0.0885	-0.4279	
4.57	-1.1587	-0.5606	-0.2913	-0.507	
4.58	-1.0443	-0.5584	-0.4891	-0.5524	
4.59	-0.9679	-0.5487	-0.6396	-0.4514	
4.6	-1.0832	-0.5524	-0.6892	-0.3784	
4.61	-1.0107	-0.4463	-0.7326	-0.1923	
4.62	-1.0094	-0.4236	-0.6628	-0.0857	
4.63	-1.006	-0.3382	-0.5009	-0.0005	
4.64	-0.8264	-0.2609	-0.297	0.0028	
4.65	-0.9868	-0.1794	-0.0026	-0.0799	
4.66	-1.0006	-0.1259	0.3152	-0.249	
4.67	-0.9857	-0.0502	0.7	-0.4601	
4.68	-1.0515	0.0191	0.9762	-0.8022	
4.69	-0.9757	0.0866	1.5172	-1.1766	
4.7	-1.0876	0.1412	1.7594	-1.3297	
4.71	-1.0674	0.1688	2.003	-1.607	
4.72	-1.1437	0.178	2.2725	-1.6171	
4.73	-1.2382	0.2121	2.4001	-1.5603	
4.74	-1.4952	0.1923	2.4258	-1.1084	
4.75	-1.4048	0.1953	2.0805	-0.7976	
4.76	-1.7695	0.1438	1.8079	-0.3507	
4.77	-1.6301	0.1183	1.5692	0.2042	
4.78	-1.9174	0.0578	1.3708	0.7197	
4.79	-2.0542	-0.0018	1.1186	1.2124	
4.8	-2.1815	-0.0739	0.785	1.6623	
4.81	-1.8945	-0.1391	0.4296	2.021	
4.82	-2.0964	-0.2276	0.1472	1.9762	
4.83	-2.1519	-0.2706	-0.0721	1.8734	
4.84	-2.4882	-0.32	-0.2271	1.3391	
4.85	-2.4246	-0.403	-0.3111	0.9573	
4.86	-2.4277	-0.4952	-0.4101	0.4721	
4.87	-2.6865	-0.528	-0.3743	-0.145	
4.88	-2.3295	-0.5022	-0.3093	-0.764	
4.89	-2.3775	-0.6066	-0.1965	-1.1355	
4.9	-2.6714	-0.5495	-0.09	-1.6092	
4.91	-2.3549	-0.6063	0.0163	-1.8217	
4.92	-2.6623	-0.5581	0.0861	-1.6302	
4.93	-2.5551	-0.57	0.1161	-1.4085	
4.94	-2.1811	-0.5397	0.0921	-1.1643	
4.95	-2.4027	-0.4752	-0.0153	-0.7555	
4.96	-2.0796	-0.5188	-0.1718	-0.3315	
4.97	-1.9469	-0.4574	-0.4063	0.0939	
4.98	-2.0192	-0.4264	-0.6522	0.5431	
4.99	-2.0075	-0.3388	-1.0437	0.7256	
5.0	-1.7727	-0.3286	-1.419	0.9576	
5.01	-1.624	-0.2597	-1.8449	1.1281	
5.02	-1.5512	-0.276	-2.0613	1.0761	
5.03	-1.3343	-0.2326	-2.4331	0.8711	
5.04	-1.3211	-0.2233	-2.6387	0.6762	
5.05	-1.1761	-0.1973	-2.7227	0.5221	
5.06	-1.0258	-0.2218	-3.1516	0.3954	
5.07	-0.8224	-0.205	-2.7385	0.2854	
5.08	-0.7194	-0.2159	-2.5879	0.2752	
5.09	-0.6766	-0.2666	-2.4762	0.3156	
5.1	-0.4754	-0.2487	-2.1483	0.4272	
5.11	-0.3891	-0.315	-1.691	0.6085	
5.12	-0.2754	-0.3367	-1.2913	0.7183	
5.13	-0.171	-0.3874	-0.8912	0.9475	
5.14	-0.0723	-0.4102	-0.5247	0.9532	
5.15	0.0181	-0.417	-0.1382	0.9027	
5.16	0.0902	-0.4677	0.1968	0.8076	
5.17	0.1556	-0.4997	0.5036	0.5861	
5.18	0.1934	-0.476	0.6507	0.3024	
5.19	0.2656	-0.5825	0.8319	-0.0365	
5.2	0.2513	-0.5798	0.7964	-0.4334	
5.21	0.3018	-0.5302	0.8525	-0.8124	
5.22	0.2819	-0.5818	0.8703	-1.1013	
5.23	0.3119	-0.6501	0.72	-1.2208	
5.24	0.2541	-0.547	0.6486	-1.1684	
5.25	0.2294	-0.5646	0.5879	-0.917	
5.26	0.1953	-0.5867	0.4968	-0.644	
5.27	0.1313	-0.5743	0.4655	-0.1267	
5.28	0.074	-0.6014	0.577	0.3847	
5.29	0.009	-0.5529	0.6935	1.076	
5.3	-0.0627	-0.558	0.8485	1.5897	
5.31	-0.1402	-0.5677	1.118	1.9463	
5.32	-0.2314	-0.6078	1.3984	2.4935	
5.33	-0.3194	-0.5201	1.5788	2.7976	
5.34	-0.432	-0.5379	2.0211	2.3522	
5.35	-0.5251	-0.6144	2.2338	2.1422	
5.36	-0.5886	-0.6007	2.569	1.972	
5.37	-0.6748	-0.5264	2.6866	1.5758	
5.38	-0.6584	-0.599	2.6046	0.9072	
5.39	-0.8415	-0.5764	2.6514	0.3277	
5.4	-0.9361	-0.544	2.578	-0.1337	
5.41	-0.9618	-0.6324	2.3582	-0.5095	
5.42	-1.016	-0.5943	2.1151	-0.8069	
5.43	-0.9268	-0.6132	1.8791	-0.8355	
5.44	-0.9299	-0.6416	1.3654	-0.7413	
5.45	-1.0609	-0.5872	1.1096	-0.5888	
5.46	-0.947	-0.5927	0.5554	-0.3265	
5.47	-1.1182	-0.6615	0.1156	0.0642	
5.48	-0.9288	-0.7128	-0.2624	0.4538	
5.49	-0.9924	-0.604	-0.6168	0.7382	
5.5	-0.8601	-0.7109	-0.9214	0.9308	
5.51	-0.8514	-0.6336	-1.185	1.1982	
5.52	-0.8767	-0.6063	-1.3288	1.1524	
5.53	-0.6823	-0.6743	-1.3777	1.2033	
5.54	-0.6983	-0.636	-1.2467	1.1778	
5.55	-0.5521	-0.5713	-1.2237	0.9498	
5.56	-0.4056	-0.6342	-1.0185	0.8056	
5.57	-0.3219	-0.6322	-0.8345	0.727	
5.58	-0.1983	-0.5545	-0.704	0.8147	
5.59	-0.0885	-0.6065	-0.645	0.7701	
5.6	0.042	-0.6619	-0.4617	0.947	
5.61	0.1556	-0.6136	-0.4434	1.0255	
5.62	0.3131	-0.5948	-0.4335	1.2261	
5.63	0.3849	-0.7014	-0.5053	1.5173	
5.64	0.5964	-0.692	-0.613	1.8566	
5.65	0.6587	-0.6973	-0.7832	1.8506	
5.66	0.7292	-0.7854	-0.9024	1.8786	
5.67	0.8651	-0.7328	-1.0858	1.6506	
5.68	0.9389	-0.8013	-1.5243	1.6161	
5.69	0.9967	-0.7877	-1.4864	1.0619	
5.7	1.0691	-0.8937	-1.9162	0.6818	
5.71	1.2884	-0.9307	-1.9628	0.2427	
5.72	1.3037	-0.8993	-1.8411	-0.2198	
5.73	1.2623	-0.9167	-2.0244	-0.6356	
5.74	1.3384	-0.9114	-1.6831	-0.7873	
5.75	1.3886	-1.0597	-1.3768	-0.8527	
5.76	1.3988	-0.8906	-1.2972	-0.8423	
5.77	1.4023	-1.0074	-0.8771	-0.6295	
5.78	1.3671	-0.9985	-0.5475	-0.1671	
5.79	1.4273	-0.8477	-0.112	0.3437	
5.8	1.4274	-0.8667	0.2543	0.9401	
5.81	1.1378	-0.9374	0.6551	1.683	
5.82	1.1632	-0.8253	1.0062	1.9428	
5.83	1.2333	-0.7463	1.0497	2.3694	
5.84	1.1288	-0.7257	1.2429	3.0146	
5.85	0.8912	-0.6448	1.3751	2.6756	
5.86	0.8093	-0.6313	1.3151	3.0275	
5.87	0.7088	-0.6472	1.2691	2.4606	
5.88	0.6044	-0.6093	1.066	1.9928	
5.89	0.5354	-0.6094	0.7912	1.586	
5.9	0.4556	-0.5522	0.5665	1.095	
5.91	0.3285	-0.569	0.2597	0.6088	
5.92	0.211	-0.5075	0.0052	0.2189	
5.93	0.0904	-0.5877	-0.2134	-0.0822	
5.94	-0.0089	-0.6096	-0.3547	-0.2194	
5.95	-0.1123	-0.6015	-0.4332	-0.2563	
5.96	-0.1969	-0.6999	-0.5184	-0.1432	
5.97	-0.2932	-0.8081	-0.4343	0.0642	
5.98	-0.3668	-0.7358	-0.3749	0.3123	
5.99	-0.4499	-0.9364	-0.1845	0.666	
6.0	-0.4618	-0.9541	0.0363	0.7803	
6.01	-0.5671	-1.0766	0.2878	0.9662	
6.02	-0.5073	-1.1099	0.54	1.1135	
6.03	-0.5515	-1.1034	0.6626	1.176	
6.04	-0.6032	-1.2275	0.8857	1.054	
6.05	-0.5912	-1.1486	0.9398	1.0419	
6.06	-0.6012	-1.1873	0.9877	0.9414	
6.07	-0.5119	-1.2414	1.0518	0.8331	
6.08	-0.4702	-1.2661	0.8826	0.7089	
6.09	-0.453	-1.3731	0.7518	0.7539	
6.1	-0.3587	-1.2349	0.5193	0.8584	
6.11	-0.2999	-1.2706	0.3121	0.9349	
6.12	-0.2318	-1.1601	0.0476	1.3315	
6.13	-0.1613	-1.2236	-0.2296	1.677	
6.14	-0.0841	-1.1402	-0.4439	1.8901	
6.15	0.0167	-0.9485	-0.6934	2.2518	
6.16	0.106	-0.9775	-0.7827	2.3521	
6.17	0.2024	-0.8866	-0.8035	2.417	
6.18	0.3366	-0.7975	-0.7495	2.0999	
6.19	0.3924	-0.6768	-0.6734	2.1482	
6.2	0.5452	-0.6062	-0.4709	1.4876	
6.21	0.6384	-0.5793	-0.2421	1.2111	
6.22	0.6483	-0.4859	0.0495	0.6114	
6.23	0.8404	-0.4768	0.3571	0.1039	
6.24	0.8625	-0.4238	0.6418	-0.3535	
6.25	0.8616	-0.4698	0.9592	-0.6894	
6.26	1.0558	-0.4651	1.2372	-0.9183	
6.27	1.0564	-0.4862	1.4441	-0.8996	
6.28	1.0281	-0.6292	1.7522	-0.8714	
6.29	1.199	-0.6283	1.715	-0.5	
6.3	1.1084	-0.6931	1.768	-0.0342	
6.31	1.038	-0.8951	1.3802	0.5006	
6.32	1.0924	-0.8977	1.24	1.0544	
6.33	0.9962	-1.0353	1.13	1.7072	
6.34	1.0869	-1.1975	0.7381	1.973	
6.35	1.0493	-1.1559	0.387	2.6455	
6.36	0.9495	-1.2332	0.076	2.5479	
6.37	0.9395	-1.2903	-0.2174	2.4626	
6.38	0.8085	-1.4345	-0.4826	2.5894	
6.39	0.6574	-1.4171	-0.7377	2.2786	
6.4	0.5626	-1.6234	-0.8321	1.9877	
6.41	0.5084	-1.5538	-0.8886	1.489	
6.42	0.3671	-1.4714	-0.9009	0.9034	
6.43	0.2676	-1.4633	-0.7236	0.5697	
6.44	0.1352	-1.4093	-0.6446	0.238	
6.45	-0.0012	-1.3082	-0.4775	0.0472	
6.46	-0.1213	-1.2593	-0.3462	-0.0209	
6.47	-0.2646	-1.1914	-0.238	0.0209	
6.48	-0.3922	-1.1527	-0.1221	0.1416	
6.49	-0.4636	-0.8891	-0.0469	0.3458	
6.5	-0.5658	-0.8032	-0.035	0.5604	
6.51	-0.7883	-0.816	-0.092	0.6339	
6.52	-0.9077	-0.6449	-0.2411	0.757	
6.53	-0.8552	-0.5547	-0.4728	0.9303	
6.54	-1.0855	-0.415	-0.6418	0.7697	
6.55	-1.011	-0.3979	-0.9224	0.714	
6.56	-1.2097	-0.3255	-1.2332	0.5848	
6.57	-1.1413	-0.3103	-1.466	0.3651	
6.58	-1.2268	-0.3365	-1.8172	0.2841	
6.59	-1.344	-0.3566	-2.2341	0.201	
6.6	-1.2038	-0.4213	-2.507	0.1923	
6.61	-1.3403	-0.4647	-2.4399	0.2952	
6.62	-1.3425	-0.5433	-2.5406	0.5084	
6.63	-1.3322	-0.6878	-2.1053	0.7911	
6.64	-1.2407	-0.8688	-2.2147	1.2197	
6.65	-1.1412	-0.9509	-1.8183	1.5446	
6.66	-1.1049	-0.9666	-1.4458	1.8302	
6.67	-1.1643	-1.2371	-1.0912	2.2622	
6.68	-1.089	-1.3312	-0.7564	2.5042	
6.69	-0.854	-1.5831	-0.2548	2.1908	
6.7	-0.8184	-1.7063	0.1506	1.8981	
6.71	-0.7052	-1.7912	0.5007	1.6684	
6.72	-0.6685	-1.7627	0.9023	1.2197	
6.73	-0.5397	-1.6101	1.1607	0.7123	
6.74	-0.4574	-1.685	1.291	0.1664	
6.75	-0.2808	-1.5964	1.4749	-0.4037	
6.76	-0.1933	-1.6641	1.3672	-0.9027	
6.77	-0.1136	-1.6817	1.457	-1.3064	
6.78	-0.0095	-1.5685	1.2579	-1.3274	
6.79	0.0818	-1.3539	1.2565	-1.4057	
6.8	0.1613	-1.2788	1.0067	-1.0371	
6.81	0.2535	-1.0656	0.8457	-0.7108	
6.82	0.2974	-1.0165	0.8038	-0.2779	
6.83	0.3799	-0.8536	0.762	0.308	
6.84	0.4239	-0.7648	0.7845	0.8922	
6.85	0.5101	-0.6047	0.8374	1.2252	
6.86	0.449	-0.4846	0.9386	1.6359	
6.87	0.4991	-0.335	1.2785	1.9714	
6.88	0.5669	-0.2309	1.478	2.069	
6.89	0.5264	-0.1712	1.6119	1.8433	
6.9	0.4845	-0.1478	1.9265	1.6769	
6.91	0.4785	-0.1403	2.0928	1.3967	
6.92	0.4586	-0.1836	2.3147	1.1609	
6.93	0.396	-0.2241	2.4902	0.7156	
6.94	0.3	-0.3167	2.3985	0.3822	
6.95	0.2133	-0.4067	2.4052	0.1219	
6.96	0.1469	-0.5935	2.2538	-0.0548	
6.97	0.0712	-0.7142	2.2173	-0.1284	
6.98	-0.0266	-0.9069	1.9076	-0.1334	
6.99	-0.1205	-1.0936	1.4199	-0.0336	
7.0	-0.2239	-1.2118	0.9599	0.0952	
7.01	-0.3572	-1.2494	0.4263	0.2044	
7.02	-0.4212	-1.4074	-0.0316	0.3273	
7.03	-0.5015	-1.6851	-0.5444	0.3856	
7.04	-0.6639	-1.7008	-0.9348	0.3104	
7.05	-0.7959	-1.8737	-1.3847	0.2226	
7.06	-0.844	-1.9038	-1.5814	0.0494	
7.07	-0.8958	-1.9423	-1.8262	-0.1646	
7.08	-0.9861	-1.714	-1.9611	-0.4056	
7.09	-1.0309	-1.6967	-1.7846	-0.5756	
7.1	-1.034	-1.8868	-2.0325	-0.7442	
7.11	-1.2023	-1.8051	-1.928	-0.7185	
7.12	-1.1442	-1.6251	-1.6139	-0.6452	
7.13	-1.2479	-1.2865	-1.5718	-0.3577	
7.14	-1.3567	-1.3192	-1.1383	-0.0323	
7.15	-1.2122	-1.1129	-1.0084	0.3737	
7.16	-1.3392	-0.8622	-0.9757	0.8514	
7.17	-1.2563	-0.6732	-0.8785	1.2998	
7.18	-1.3335	-0.4841	-0.9003	1.7174	
7.19	-1.1004	-0.2965	-0.8042	1.9265	
7.2	-1.0643	-0.1982	-0.8977	2.1183	
7.21	-1.1319	-0.0635	-1.1209	1.8497	
7.22	-0.8865	0.0151	-1.3455	1.5007	
7.23	-0.9388	0.0691	-1.4504	1.1733	
7.24	-0.6951	0.0819	-1.6734	0.5673	
7.25	-0.6513	0.0654	-1.6735	0.0048	
7.26	-0.5602	0.0081	-2.0105	-0.6591	
7.27	-0.4117	-0.0888	-1.9281	-1.1333	
7.28	-0.3056	-0.2161	-1.9476	-1.6935	
7.29	-0.1527	-0.3585	-1.6438	-1.7647	
7.3	-0.0325	-0.469	-1.3964	-1.7809	
7.31	0.0966	-0.6705	-1.2105	-2.0131	
7.32	0.2278	-0.8114	-0.9635	-1.7401	
7.33	0.36	-1.0862	-0.5068	-1.3194	
7.34	0.5161	-1.2187	-0.0828	-0.7899	
7.35	0.6108	-1.5862	0.3592	-0.2262	
7.36	0.7747	-1.7468	0.8331	0.2968	
7.37	0.7773	-1.6465	1.1844	0.7317	
7.38	1.0006	-1.7959	1.3832	0.9127	
7.39	1.0341	-2.0666	1.702	1.0211	
7.4	1.0732	-1.8932	1.9545	1.0533	
7.41	1.226	-2.0113	2.112	1.0453	
7.42	1.3448	-1.9193	1.783	0.8428	
7.43	1.2234	-1.9685	1.6462	0.5228	
7.44	1.3311	-1.5738	1.7488	0.1909	
7.45	1.2529	-1.5173	1.4538	-0.0591	
7.46	1.2547	-1.3016	1.0485	-0.2782	
7.47	1.283	-1.3129	0.8247	-0.4247	
7.48	1.2939	-1.0629	0.5948	-0.4882	
7.49	1.4009	-0.7863	0.3869	-0.4399	
7.5	1.2318	-0.5755	0.2128	-0.3377	
7.51	1.3155	-0.3699	0.0783	-0.2335	
7.52	1.1889	-0.1816	0.0429	-0.1316	
7.53	1.1969	0.0014	0.0715	-0.0606	
7.54	1.085	0.15	0.1528	-0.0677	
7.55	0.9094	0.2321	0.3117	-0.1558	
7.56	0.7963	0.3322	0.5267	-0.3239	
7.57	0.8371	0.3686	0.7157	-0.602	
7.58	0.6376	0.3631	0.7726	-0.8429	
7.59	0.6115	0.2645	0.94	-1.2802	
7.6	0.4919	0.1957	1.0521	-1.5759	
7.61	0.4813	0.0659	1.2143	-1.6517	
7.62	0.3489	-0.098	1.2642	-1.714	
7.63	0.3012	-0.2935	1.1642	-1.6838	
7.64	0.2348	-0.4927	0.9367	-1.4659	
7.65	0.1971	-0.7161	0.6595	-1.1523	
7.66	0.1293	-0.8815	0.3706	-0.6783	
7.67	0.0899	-1.1928	0.091	-0.1179	
7.68	0.0664	-1.5059	-0.2394	0.422	
7.69	0.0528	-1.598	-0.5915	0.8771	
7.7	0.0437	-1.8559	-0.7643	1.1239	
7.71	0.0527	-1.9565	-1.1566	1.2899	
7.72	0.0749	-1.8176	-1.3065	1.4577	
7.73	0.0951	-1.9437	-1.4038	1.3066	
7.74	0.1376	-2.109	-1.239	0.8404	
7.75	0.213	-2.1032	-1.0978	0.4322	
7.76	0.298	-1.7286	-0.9418	-0.1364	
7.77	0.3257	-1.8813	-0.8568	-0.703	
7.78	0.3964	-1.5691	-0.4799	-1.4292	
7.79	0.5685	-1.3824	-0.1961	-1.9051	
7.8	0.6156	-1.2127	0.1301	-2.2738	
7.81	0.8235	-0.9982	0.4503	-2.5097	
7.82	0.9588	-0.7313	0.729	-2.4525	
7.83	1.0879	-0.4605	0.9108	-2.3714	
7.84	1.1489	-0.2188	1.0621	-1.9489	
7.85	1.3307	0.0084	0.9716	-1.5028	
7.86	1.3754	0.1926	0.9057	-1.2044	
7.87	1.5066	0.346	0.9162	-0.7281	
7.88	1.7263	0.5321	0.6945	-0.321	
7.89	1.7368	0.5487	0.4354	-0.0145	
7.9	1.9989	0.6149	0.1747	0.1802	
7.91	1.9138	0.7036	-0.1133	0.2254	
7.92	2.2498	0.6496	-0.3968	0.1588	
7.93	2.2489	0.5401	-0.6137	0.0219	
7.94	2.2588	0.3552	-0.8758	-0.1875	
7.95	2.4497	0.1987	-1.0578	-0.4301	
7.96	2.4423	-0.0003	-1.0238	-0.5825	
7.97	2.6488	-0.2216	-0.9694	-0.7632	
7.98	2.5846	-0.4893	-1.0072	-0.8265	
7.99	2.9521	-0.6704	-0.8404	-0.8475	
8.0	2.8815	-0.9337	-0.6125	-0.7208	
8.01	2.6165	-1.1576	-0.4749	-0.5314	
8.02	2.5437	-1.2886	-0.2692	-0.4109	
8.03	2.8995	-1.5374	-0.0699	-0.3492	
8.04	2.6294	-1.6364	0.0953	-0.2302	
8.05	2.5671	-2.0035	0.2218	-0.2503	
8.06	2.5121	-2.0254	0.2495	-0.4006	
8.07	2.316	-1.8622	0.2131	-0.6713	
8.08	2.6279	-2.101	0.129	-0.8654	
8.09	2.1801	-2.021	-0.0527	-1.3729	
8.1	2.4387	-1.7071	-0.2995	-1.5811	
8.11	2.2975	-1.7164	-0.5767	-1.9537	
8.12	2.0917	-1.3671	-0.8286	-2.5164	
8.13	2.1627	-1.0353	-1.1503	-2.4795	
8.14	1.8979	-0.8445	-1.2481	-2.5044	
8.15	1.9512	-0.5578	-1.6722	-2.4129	
8.16	1.7884	-0.3116	-1.7118	-1.7692	
8.17	1.6217	-0.0548	-1.681	-1.47	
8.18	1.4252	0.1958	-1.6496	-0.9913	
8.19	1.544	0.414	-1.5614	-0.4388	
8.2	1.4005	0.679	-1.5626	0.1252	
8.21	1.3759	0.7786	-1.3097	0.6061	
8.22	1.2331	0.8987	-0.8958	0.9509	
8.23	1.0261	0.8903	-0.4504	1.0763	
8.24	1.0334	0.9558	-0.0553	1.0039	
8.25	0.9852	0.9241	0.3359	0.762	
8.26	1.0236	0.9205	0.8056	0.4082	
8.27	0.9004	0.6683	1.1735	-0.1101	
8.28	1.02	0.5799	1.2625	-0.7143	
8.29	0.9933	0.3471	1.4626	-1.1361	
8.3	1.0631	0.0857	1.6917	-1.8648	
8.31	0.9922	-0.187	1.609	-2.1251	
8.32	1.0433	-0.4415	1.5197	-2.4264	
8.33	1.1123	-0.7955	1.7063	-2.3403	
8.34	1.1708	-1.0848	1.4375	-2.6007	
8.35	1.2919	-1.3317	1.3649	-2.0968	
8.36	1.2526	-1.3659	1.1955	-1.9744	
8.37	1.4824	-1.6428	0.9687	-1.4927	
8.38	1.493	-1.7845	0.7274	-1.2368	
8.39	1.5283	-1.8607	0.7878	-0.9289	
8.4	1.7652	-2.0812	0.6326	-0.6269	
8.41	1.8354	-1.8942	0.7012	-0.4452	
8.42	1.7947	-1.8966	0.8445	-0.3977	
8.43	2.0066	-1.7013	0.8855	-0.4634	
8.44	2.2344	-1.3924	1.0772	-0.4995	
8.45	2.1617	-1.2133	1.3514	-0.6291	
8.46	2.4402	-1.0919	1.7175	-0.7755	
8.47	2.5196	-0.7164	1.6512	-1.0207	
8.48	2.4609	-0.44	1.7059	-1.1158	
8.49	2.33	-0.1658	1.8597	-0.9939	
8.5	2.681	0.1296	2.1571	-0.9481	
8.51	2.679	0.4083	1.7786	-0.7479	
8.52	2.8362	0.6777	1.7643	-0.5996	
8.53	2.7675	0.8598	1.3929	-0.358	
8.54	2.6216	1.0393	1.1039	-0.1813	
8.55	2.8417	1.323	0.6521	-0.0819	
8.56	2.4107	1.3072	0.252	-0.0761	
8.57	2.7381	1.2446	-0.2449	-0.1945	
8.58	2.688	1.3232	-0.711	-0.4091	
8.59	2.7707	1.2396	-1.1629	-0.7705	
8.6	2.4743	1.1421	-1.5021	-1.2456	
8.61	2.3949	0.9244	-2.0412	-1.6593	
8.62	2.199	0.6354	-2.0158	-2.106	
8.63	2.4413	0.4458	-2.1284	-2.5219	
8.64	2.0433	0.1422	-2.4264	-2.5664	
8.65	2.2405	-0.1712	-2.2106	-2.6844	
8.66	1.766	-0.4821	-2.0956	-2.9361	
8.67	1.734	-0.7677	-2.2052	-2.4986	
8.68	1.5208	-1.0715	-2.0373	-1.9926	
8.69	1.5557	-1.3028	-1.8527	-1.439	
8.7	1.4943	-1.5278	-1.5765	-0.8532	
8.71	1.1988	-1.6699	-1.3565	-0.329	
8.72	1.0524	-1.6638	-1.0368	0.2416	
8.73	1.0306	-1.767	-0.9388	0.5927	
8.74	0.9155	-1.6719	-0.9244	0.8724	
8.75	0.8059	-1.6208	-0.8703	1.0079	
8.76	0.6739	-1.4516	-0.8823	0.8404	
8.77	0.4858	-1.3276	-1.0922	0.6692	
8.78	0.3731	-1.1289	-1.117	0.1982	
8.79	0.3057	-1.026	-1.3158	-0.2535	
8.8	0.2097	-0.6962	-1.499	-0.7308	
8.81	0.1315	-0.3827	-1.4416	-1.2216	
8.82	0.0573	-0.0245	-1.5203	-1.6441	
8.83	0.0023	0.3077	-1.4517	-1.9712	
8.84	-0.0364	0.5768	-1.461	-2.1216	
8.85	-0.07	0.9423	-1.3402	-2.307	
8.86	-0.0981	1.1473	-0.9243	-2.1205	
8.87	-0.1036	1.3392	-0.7493	-1.7098	
8.88	-0.0901	1.4022	-0.2965	-1.4788	
8.89	-0.0691	1.6703	0.1294	-1.1679	
8.9	-0.042	1.6968	0.633	-1.0203	
8.91	-0.0072	1.5439	1.0541	-0.8424	
8.92	0.0383	1.6448	1.3526	-0.6184	
8.93	0.0985	1.5656	1.9883	-0.6287	
8.94	0.1621	1.3205	1.9691	-0.6904	
8.95	0.2184	1.0879	2.2898	-0.7018	
8.96	0.3098	0.8221	2.3958	-0.8067	
8.97	0.3575	0.4467	2.6866	-1.0453	
8.98	0.4929	0.1493	2.4242	-1.0002	
8.99	0.5238	-0.1706	2.1049	-1.1269	
9.0	0.6307	-0.4791	1.9794	-0.8636	
9.01	0.6248	-0.6898	1.8401	-0.7966	
9.02	0.7618	-1.0994	1.4708	-0.5406	
9.03	0.9034	-1.2187	1.1272	-0.2781	
9.04	0.8387	-1.3847	0.8775	0.0153	
9.05	0.8972	-1.4609	0.7503	0.2631	
9.06	1.0835	-1.5442	0.5369	0.4473	
9.07	1.0553	-1.8096	0.3394	0.5297	
9.08	0.9786	-1.7692	0.2836	0.4694	
9.09	1.0276	-1.5409	0.2657	0.2537	
9.1	1.0593	-1.3596	0.3141	-0.1169	
9.11	1.0864	-1.129	0.4476	-0.5605	
9.12	1.1187	-0.9166	0.581	-1.1614	
9.13	1.1007	-0.5692	0.7142	-1.6854	
9.14	0.9281	-0.2062	0.8573	-2.1044	
9.15	0.9646	0.112	0.9329	-2.1886	
9.16	0.9495	0.4505	0.8598	-2.8106	
9.17	0.7642	0.711	0.8756	-2.5827	
9.18	0.6967	1.1417	0.9165	-2.5406	
9.19	0.5986	1.4499	0.728	-2.1089	
9.2	0.4848	1.5644	0.4627	-1.5478	
9.21	0.372	1.8901	0.1883	-1.1011	
9.22	0.2403	2.1029	-0.1339	-0.4528	
9.23	0.116	2.0784	-0.5159	0.1752	
9.24	-0.0077	2.1131	-0.8097	0.6347	
9.25	-0.1518	2.024	-1.2584	1.1104	
9.26	-0.2624	1.9179	-1.4739	1.2549	
9.27	-0.3872	1.4777	-1.5873	1.1307	
9.28	-0.5853	1.4026	-2.0398	1.0796	
9.29	-0.7542	1.0382	-2.0127	0.7506	
9.3	-0.8752	0.7444	-2.0523	0.3916	
9.31	-0.9531	0.4733	-1.8242	-0.0415	
9.32	-1.0779	0.1584	-1.5893	-0.5112	
9.33	-1.2717	-0.1689	-1.4233	-0.8279	
9.34	-1.2353	-0.5406	-1.1376	-1.2334	
9.35	-1.4175	-0.719	-0.6812	-1.3606	
9.36	-1.4682	-1.0014	-0.4354	-1.3706	
9.37	-1.6917	-1.1575	-0.0931	-1.4789	
9.38	-1.5521	-1.5195	0.1882	-1.1311	
9.39	-1.7446	-1.5103	0.3709	-0.9862	
9.4	-1.5462	-1.5542	0.5236	-0.7579	
9.41	-1.8088	-1.5069	0.6266	-0.5205	
9.42	-1.5634	-1.4113	0.5705	-0.4252	
9.43	-1.6504	-1.1714	0.535	-0.3493	
9.44	-1.7564	-1.0409	0.3585	-0.3558	
9.45	-1.7061	-0.7326	0.1833	-0.4115	
9.46	-1.6512	-0.4769	-0.0566	-0.5465	
9.47	-1.718	-0.1112	-0.3186	-0.6354	
9.48	-1.564	0.2319	-0.4792	-0.7227	
9.49	-1.4492	0.5741	-0.7593	-0.7982	
9.5	-1.3249	1.0031	-0.9124	-0.7482	
9.51	-1.3643	1.3284	-0.9644	-0.7129	
9.52	-1.1689	1.4888	-0.8456	-0.4474	
9.53	-1.109	1.8054	-0.7933	-0.177	
9.54	-1.0555	1.9227	-0.7299	0.1933	
9.55	-0.9179	2.3567	-0.499	0.5731	
9.56	-0.7637	2.0523	-0.2491	0.8905	
9.57	-0.6818	2.36	-0.0171	1.2125	
9.58	-0.6345	2.2606	0.2454	1.4616	
9.59	-0.49	2.048	0.4814	1.434	
9.6	-0.4398	1.7739	0.6939	1.1999	
9.61	-0.3559	1.8849	0.7307	0.8887	
9.62	-0.2998	1.3928	0.8419	0.4403	
9.63	-0.2311	1.2362	0.8546	-0.0746	
9.64	-0.155	0.7361	0.7182	-0.6483	
9.65	-0.108	0.4286	0.5189	-1.2667	
9.66	-0.078	0.116	0.3324	-1.6982	
9.67	-0.062	-0.1993	0.0576	-1.8563	
9.68	-0.053	-0.5705	-0.251	-2.1827	
9.69	-0.0546	-0.7426	-0.507	-2.0239	
9.7	-0.059	-1.0234	-0.7895	-1.8025	
9.71	-0.0821	-1.1073	-1.0482	-1.4925	
9.72	-0.1333	-1.3971	-1.2583	-0.8016	
9.73	-0.1881	-1.3097	-1.2151	-0.2457	
9.74	-0.2494	-1.3483	-1.1773	0.3192	
9.75	-0.314	-1.3975	-1.0581	0.9251	
9.76	-0.3683	-1.0197	-1.0238	1.338	
9.77	-0.4336	-0.9743	-0.6766	1.5252	
9.78	-0.546	-0.6194	-0.4308	1.6645	
9.79	-0.6626	-0.3535	-0.0424	1.6709	
9.8	-0.7646	-0.0156	0.3239	1.3814	
9.81	-0.8531	0.358	0.6199	1.1875	
9.82	-1.025	0.6761	0.9679	0.8432	
9.83	-1.0432	1.0985	1.3128	0.3947	
9.84	-1.2599	1.2962	1.6029	0.0904	
9.85	-1.3747	1.6437	1.4839	-0.1878	
9.86	-1.4841	2.012	1.6701	-0.3644	
9.87	-1.4127	2.3343	1.6365	-0.391	
9.88	-1.6145	2.5076	1.4394	-0.3571	
9.89	-1.6486	2.7544	1.2675	-0.2908	
9.9	-1.5679	2.6833	1.0959	-0.1332	
9.91	-1.6416	2.6035	0.9471	0.0421	
9.92	-1.8575	2.5914	0.7703	0.1802	
9.93	-1.8077	2.4441	0.5456	0.2477	
9.94	-1.9181	1.9336	0.373	0.2551	
9.95	-1.7799	1.8872	0.2832	0.2063	
9.96	-1.8534	1.5977	0.2046	0.0847	
9.97	-1.906	1.0999	0.2423	-0.0951	
9.98	-1.9089	0.7995	0.3434	-0.2823	
9.99	-1.919	0.3611	0.4587	-0.4549	
10.0	-1.7049	0.0486	0.6447	-0.5828	
10.01	-1.6202	-0.2717	0.8365	-0.4817	
10.02	-1.6378	-0.5616	0.9024	-0.4324	
10.03	-1.5661	-0.7585	1.1599	-0.1756	
10.04	-1.5476	-1.0045	1.2115	0.1746	
10.05	-1.4576	-1.2776	1.2421	0.5818	
10.06	-1.2815	-1.1873	1.3548	1.1514	
10.07	-1.1897	-1.2987	1.259	1.4413	
10.08	-1.231	-1.153	0.987	1.7961	
10.09	-0.9289	-1.0644	0.8282	2.1383	
10.1	-0.9041	-0.8783	0.4501	2.3551	
10.11	-0.6913	-0.5955	0.083	2.0466	
10.12	-0.6431	-0.2693	-0.3586	1.7775	
10.13	-0.4891	0.0527	-0.8123	1.5631	
10.14	-0.3862	0.407	-1.1435	1.0282	
10.15	-0.2371	0.8119	-1.5177	0.4087	
10.16	-0.1525	1.2569	-1.8298	-0.1295	
10.17	-0.0365	1.3735	-2.249	-0.7008	
10.18	0.0593	1.917	-2.3668	-1.0629	
10.19	0.149	2.2758	-2.5857	-1.2166	
10.2	0.2505	2.464	-2.6498	-1.267	
10.21	0.2697	2.6406	-2.7011	-1.1724	
10.22	0.3678	2.5623	-2.3047	-0.9183	
10.23	0.3642	2.5514	-2.2611	-0.5189	
10.24	0.4389	2.6117	-1.9039	-0.0431	
10.25	0.4215	2.8096	-1.5208	0.5392	
10.26	0.5066	2.4486	-1.3747	0.978	
10.27	0.481	2.3224	-1.0342	1.4852	
10.28	0.4555	1.9239	-0.8638	1.9102	
10.29	0.4522	1.5684	-0.7311	1.9849	
10.3	0.358	1.2569	-0.5883	1.9054	
10.31	0.349	1.0952	-0.5081	1.8082	
10.32	0.2495	0.6661	-0.5936	1.7146	
10.33	0.1931	0.3074	-0.571	1.3749	
10.34	0.1286	-0.0601	-0.7432	1.2383	
10.35	0.0447	-0.408	-0.8043	0.8981	
10.36	-0.0406	-0.6066	-0.8224	0.5929	
10.37	-0.1284	-0.8145	-0.9712	0.4783	
10.38	-0.2157	-0.9662	-0.9345	0.4838	
10.39	-0.3093	-1.1875	-0.872	0.499	
10.4	-0.4412	-1.0966	-0.7369	0.5985	
10.41	-0.4785	-1.1121	-0.6836	0.6973	
10.42	-0.6435	-0.9471	-0.3349	0.8839	
10.43	-0.7157	-0.7732	-0.0193	1.046	
10.44	-0.7136	-0.5642	0.365	1.0601	
10.45	-0.8658	-0.2707	0.844	1.0171	
10.46	-0.8496	0.0804	1.1752	0.7835	
10.47	-1.025	0.4155	1.5261	0.5672	
10.48	-1.118	0.8648	2.054	0.3644	
10.49	-1.1648	1.2855	2.3355	0.0623	
10.5	-1.0086	1.4903	2.6099	-0.1628	
10.51	-1.1492	1.8695	3.0616	-0.3035	
10.52	-1.0158	2.1319	3.1919	-0.4159	
10.53	-1.1655	2.2756	3.1713	-0.3259	
10.54	-1.086	2.6886	2.5514	-0.0776	
10.55	-0.9834	3.0942	2.7037	0.2808	
10.56	-0.9316	2.9114	2.0911	0.7247	
10.57	-1.0314	3.1506	1.787	1.2452	
10.58	-0.9398	2.6243	1.6554	1.9211	
10.59	-0.8421	2.4826	1.3592	2.1647	
10.6	-0.6899	2.3767	0.9743	2.4633	
10.61	-0.6618	2.1934	0.6716	2.7289	
10.62	-0.5924	2.1228	0.4183	2.7681	
10.63	-0.4585	1.7508	0.2109	2.6728	
10.64	-0.357	1.3026	0.0922	2.504	
10.65	-0.2322	0.8275	0.0506	1.9495	
10.66	-0.0925	0.4701	0.0629	1.2539	
10.67	0.0195	0.1371	0.126	0.6951	
10.68	0.1252	-0.2086	0.2088	0.1639	
10.69	0.2562	-0.4901	0.2975	-0.3357	
10.7	0.3832	-0.7008	0.4	-0.703	
10.71	0.4747	-0.8225	0.4471	-0.8477	
10.72	0.6286	-0.996	0.4376	-0.9216	
10.73	0.6646	-0.9671	0.4206	-0.7105	
10.74	0.7585	-1.0993	0.2833	-0.4194	
10.75	0.8236	-0.8942	0.0794	0.0347	
10.76	0.9798	-0.7596	-0.1704	0.4844	
10.77	0.894	-0.5601	-0.435	1.0625	
10.78	1.0296	-0.2357	-0.7435	1.5077	
10.79	1.1375	0.0685	-1.2321	1.6627	
10.8	1.0692	0.3948	-1.6247	1.7838	
10.81	1.0777	0.761	-2.0095	1.8665	
10.82	1.0464	1.2157	-2.276	2.027	
10.83	0.9589	1.6283	-2.4979	1.6284	
10.84	0.9481	1.8417	-2.3909	1.5874	
10.85	0.9601	2.3576	-2.2706	1.3755	
10.86	0.9767	2.4076	-2.3441	1.2918	
10.87	0.86	2.4594	-2.4891	0.9612	
10.88	0.7718	3.1197	-1.9049	0.9862	
10.89	0.6678	3.2298	-1.8809	0.973	
10.9	0.6226	3.2513	-1.3468	0.9674	
10.91	0.5249	2.76	-0.9979	1.042	
10.92	0.3961	2.9305	-0.6243	1.2196	
10.93	0.279	2.3684	-0.2645	1.4888	
10.94	0.1503	2.5706	0.0392	1.5455	
10.95	0.0221	2.2533	0.3221	1.3782	
10.96	-0.0943	1.8052	0.5057	1.4932	
10.97	-0.1993	1.295	0.5775	1.1827	
10.98	-0.311	1.0761	0.5782	0.9931	
10.99	-0.4207	0.6022	0.5743	0.6193	
11.0	-0.5463	0.2656	0.4268	0.2	
11.01	-0.644	-0.0481	0.3378	-0.1259	
11.02	-0.7317	-0.3223	0.1329	-0.3855	
11.03	-0.7816	-0.6525	-0.0447	-0.4724	
11.04	-0.8586	-0.8757	-0.2101	-0.5006	
11.05	-0.9971	-0.9773	-0.3244	-0.3354	
11.06	-1.121	-0.9594	-0.4604	-0.0415	
11.07	-1.0407	-0.9701	-0.4029	0.392	
11.08	-1.2167	-0.9977	-0.3892	0.8703	
11.09	-1.0223	-0.7679	-0.2918	1.4847	
11.1	-1.1266	-0.5785	-0.0907	2.0237	
11.11	-1.1494	-0.3182	0.1213	2.5302	
11.12	-1.2378	0.0178	0.4204	2.7941	
11.13	-1.1246	0.3344	0.646	2.9989	
11.14	-1.0707	0.751	0.8831	3.0006	
11.15	-1.0959	1.037	1.1567	2.8739	
11.16	-1.0519	1.3793	1.4533	2.2271	
11.17	-0.9383	2.0017	1.5065	1.8788	
11.18	-0.8255	2.2965	1.5785	1.1744	
11.19	-0.7116	2.2656	1.3551	0.6544	
11.2	-0.614	2.68	1.1884	0.1086	
11.21	-0.5216	2.8086	1.0776	-0.3235	
11.22	-0.4645	3.0934	0.7909	-0.626	
11.23	-0.3812	3.1175	0.5564	-0.6832	
11.24	-0.2801	3.1079	0.2115	-0.6087	
11.25	-0.2011	2.9227	-0.1043	-0.4074	
11.26	-0.1124	2.5444	-0.4035	-0.156	
11.27	-0.0225	2.2185	-0.6593	0.2076	
11.28	0.0588	2.3379	-0.9167	0.665	
11.29	0.1249	1.9694	-0.9753	0.9898	
11.3	0.2019	1.4841	-1.018	1.1987	
11.31	0.238	1.0936	-1.0103	1.5673	
11.32	0.3092	0.7296	-0.7606	1.6575	
11.33	0.3091	0.4288	-0.5539	1.3624	
11.34	0.3624	0.0508	-0.291	1.3859	
11.35	0.328	-0.2495	-0.0187	1.2953	
11.36	0.3857	-0.4767	0.289	1.0385	
11.37	0.3218	-0.7586	0.6328	0.985	
11.38	0.3322	-0.9674	0.8721	0.7762	
11.39	0.2906	-1.0409	0.9728	0.843	
11.4	0.2135	-0.9389	1.2891	0.8273	
11.41	0.1783	-0.8601	1.1735	1.0132	
11.42	0.11	-0.8008	1.3169	1.3093	
11.43	0.0164	-0.5963	1.299	1.3971	
11.44	-0.077	-0.3527	1.0831	1.5101	
11.45	-0.17	-0.0697	0.874	1.7447	
11.46	-0.2889	0.2816	0.5702	1.6748	
11.47	-0.4005	0.5803	0.3866	1.4353	
11.48	-0.5094	0.9303	0.1195	1.3323	
11.49	-0.6956	1.3417	-0.1053	0.9343	
11.5	-0.7203	1.7067	-0.287	0.5076	
11.51	-0.9998	1.9407	-0.3914	0.093	
11.52	-0.9721	2.4395	-0.4324	-0.3717	
11.53	-1.1939	2.7707	-0.3686	-0.6632	
11.54	-1.381	2.9181	-0.2788	-0.9319	
11.55	-1.3096	2.9016	-0.1394	-1.0291	
11.56	-1.707	2.9519	0.0344	-0.9505	
11.57	-1.8385	3.107	0.2441	-0.8022	
11.58	-1.6565	2.6328	0.4508	-0.3815	
11.59	-1.7336	2.8935	0.7112	0.1625	
11.6	-2.055	2.5076	0.7962	0.686	
11.61	-1.9664	2.2708	0.8042	1.3776	
11.62	-2.1992	2.0143	0.9763	1.9092	
11.63	-2.2109	1.3957	0.8787	2.04	
11.64	-2.2391	1.1531	0.6584	2.6739	
11.65	-2.1108	0.8025	0.4128	2.6023	
11.66	-2.402	0.4784	0.1542	2.3732	
11.67	-2.377	0.1165	-0.1898	2.3188	
11.68	-2.1908	-0.1902	-0.605	1.6375	
11.69	-2.0297	-0.4745	-0.9983	1.3454	
11.7	-2.0855	-0.7518	-1.2548	0.724	
11.71	-2.0036	-0.9355	-1.5382	0.1454	
11.72	-1.9431	-0.9531	-2.0701	-0.3257	
11.73	-2.1796	-0.9681	-2.2619	-0.5933	
11.74	-1.9521	-0.9392	-2.3902	-0.8786	
11.75	-2.0515	-0.9366	-2.1666	-0.9015	
11.76	-1.8522	-0.6663	-2.3251	-0.815	
11.77	-1.8111	-0.4977	-2.2699	-0.5495	
11.78	-1.5879	-0.2149	-2.0806	-0.2817	
11.79	-1.4661	0.1073	-1.8031	0.0243	
11.8	-1.4009	0.4177	-1.4924	0.3236	
11.81	-1.3146	0.8744	-1.1408	0.5707	
11.82	-1.2985	1.099	-0.813	0.7076	
11.83	-1.0825	1.4078	-0.4431	0.673	
11.84	-1.0484	1.7982	-0.2675	0.7512	
11.85	-0.9026	2.0684	-0.0794	0.5314	
11.86	-0.951	2.5455	0.0216	0.437	
11.87	-0.8361	2.7428	0.0661	0.335	
11.88	-0.7857	2.4557	0.0516	0.205	
11.89	-0.753	3.0023	-0.0137	0.1723	
11.9	-0.6996	2.8644	-0.1047	0.2104	
11.91	-0.6968	2.5963	-0.2229	0.3092	
11.92	-0.6418	2.4436	-0.3291	0.5059	
11.93	-0.5793	2.3756	-0.39	0.739	
11.94	-0.5982	2.1277	-0.3975	0.9298	
11.95	-0.6435	1.9926	-0.3666	1.2689	
11.96	-0.6667	1.4454	-0.264	1.3239	
11.97	-0.7357	1.2616	-0.0819	1.533	
11.98	-0.7769	0.7718	0.1779	1.2327	
11.99	-0.7924	0.4851	0.505	1.1984	
12.0	-0.9541	0.1114	0.833	0.8136	
12.01	-0.9482	-0.1986	1.1757	0.3187	
12.02	-1.1375	-0.482	1.5317	-0.1779	
12.03	-1.0993	-0.6506	2.1606	-0.7406	
12.04	-1.2254	-0.8294	2.4652	-1.2925	
12.05	-1.5037	-1.0189	2.8589	-1.4636	
12.06	-1.4184	-1.096	3.0113	-1.8653	
12.07	-1.4701	-1.0628	3.2305	-1.8669	
12.08	-1.8145	-1.0186	2.9817	-1.695	
12.09	-1.9458	-0.8554	3.041	-1.4336	
12.1	-1.971	-0.6152	2.4537	-0.8295	
12.11	-2.0543	-0.3653	2.2206	-0.2965	
12.12	-2.2306	-0.0722	2.2081	0.2682	
12.13	-2.323	0.2313	1.8141	0.7561	
12.14	-2.091	0.5595	1.3976	1.3237	
12.15	-2.3715	0.9615	0.9059	1.7784	
12.16	-2.3239	1.2636	0.5499	1.7538	
12.17	-2.4518	1.7072	0.1883	1.8678	
12.18	-2.5519	1.9296	-0.07	1.7798	
12.19	-2.4667	2.255	-0.2699	1.1997	
12.2	-2.7149	2.5291	-0.4414	0.8379	
12.21	-2.7747	2.5953	-0.4828	0.3994	
12.22	-2.4043	2.3079	-0.4541	-0.0779	
12.23	-2.7238	2.4459	-0.4535	-0.4632	
12.24	-2.2386	2.7348	-0.3944	-0.8225	
12.25	-2.287	2.2272	-0.2847	-1.0239	
12.26	-2.3696	2.4546	-0.2317	-1.1868	
12.27	-2.1128	2.1712	-0.1643	-1.1989	
12.28	-2.0678	1.6462	-0.1603	-1.0146	
12.29	-2.0575	1.4594	-0.2138	-0.8557	
12.3	-2.1104	1.0573	-0.3267	-0.551	
12.31	-2.0523	0.8345	-0.5198	-0.4193	
12.32	-1.6181	0.3974	-0.7903	-0.2549	
12.33	-1.6598	0.0908	-1.158	-0.1632	
12.34	-1.5168	-0.2361	-1.2615	-0.1807	
12.35	-1.3819	-0.5492	-1.5952	-0.2621	
12.36	-1.2645	-0.6818	-2.175	-0.3588	
12.37	-1.1952	-0.911	-2.4342	-0.4756	
12.38	-1.0698	-1.0468	-2.3646	-0.7156	
12.39	-0.8687	-1.1886	-2.6925	-0.6943	
12.4	-0.6579	-1.1421	-2.9544	-0.8461	
12.41	-0.5676	-1.0536	-2.5812	-0.6918	
12.42	-0.4599	-0.9084	-2.366	-0.5396	
12.43	-0.3977	-0.727	-2.1921	-0.2757	
12.44	-0.3265	-0.5224	-1.928	0.0679	
12.45	-0.2059	-0.2867	-1.7827	0.4273	
12.46	-0.1283	0.0258	-1.4172	0.7309	
12.47	-0.0685	0.3454	-0.8802	0.9482	
12.48	-0.0221	0.6267	-0.5075	1.0008	
12.49	0.0166	1.0059	-0.0656	1.1348	
12.5	0.0471	1.2459	0.3193	0.8498	
12.51	0.0547	1.6251	0.5452	0.5446	
12.52	0.0673	1.6707	0.7545	0.1134	
12.53	0.0507	2.0537	0.8548	-0.4428	
12.54	0.0403	2.2601	0.9494	-1.0698	
12.55	0.0069	2.5094	0.8927	-1.5356	
12.56	-0.0291	2.0998	0.8967	-1.857	
12.57	-0.0874	2.2762	0.8548	-2.5576	
12.58	-0.1309	1.9804	0.5971	-2.4441	
12.59	-0.1885	1.9737	0.5019	-2.6561	
12.6	-0.245	1.7014	0.3211	-2.1564	
12.61	-0.3442	1.5862	0.2519	-2.0238	
12.62	-0.4408	1.1978	0.1883	-1.5134	
12.63	-0.504	1.0627	0.1908	-0.8448	
12.64	-0.589	0.7139	0.2685	-0.2462	
12.65	-0.6993	0.3278	0.3759	0.2491	
12.66	-0.688	0.0212	0.5762	0.6309	
12.67	-0.8213	-0.2649	0.7855	0.8432	
12.68	-0.8982	-0.5986	1.1077	0.9561	
12.69	-0.9536	-0.8314	1.1882	0.8862	
12.7	-1.0844	-1.0732	1.5601	0.7237	
12.71	-1.131	-1.0379	1.6217	0.4335	
12.72	-1.1532	-1.2671	1.9006	0.0286	
12.73	-1.2067	-1.2061	1.9524	-0.3944	
12.74	-1.0429	-1.1609	1.9285	-0.7722	
12.75	-1.0064	-1.1692	1.7497	-0.9848	
12.76	-1.075	-0.8685	1.5623	-1.2266	
12.77	-1.1187	-0.7045	1.4866	-1.2529	
12.78	-1.1174	-0.4499	1.0345	-1.4393	
12.79	-0.9715	-0.2257	0.67	-1.2021	
12.8	-0.875	0.0781	0.3322	-1.2353	
12.81	-0.9237	0.3872	-0.069	-0.9224	
12.82	-0.7407	0.742	-0.4271	-0.814	
12.83	-0.7507	0.9605	-0.737	-0.7623	
12.84	-0.5969	1.2096	-0.9131	-0.818	
12.85	-0.4554	1.4564	-1.1212	-0.8316	
12.86	-0.3758	1.6262	-1.0652	-0.9132	
12.87	-0.2492	1.7774	-1.1048	-1.1495	
12.88	-0.1081	1.9058	-1.1069	-1.3212	
12.89	0.0289	2.0341	-0.8847	-1.6326	
12.9	0.1707	1.9671	-0.6331	-1.5099	
12.91	0.3248	1.9817	-0.3882	-1.4844	
12.92	0.437	1.7231	-0.109	-1.6309	
12.93	0.5952	1.6827	0.1457	-1.3545	
12.94	0.8192	1.272	0.3555	-1.0362	
12.95	0.9317	1.132	0.491	-0.5788	
12.96	1.1229	0.8057	0.5784	-0.2307	
12.97	1.1266	0.5265	0.694	0.2041	
12.98	1.1682	0.2334	0.6874	0.5097	
12.99	1.3828	-0.073	0.5517	0.8169	
13.0	1.3758	-0.3495	0.3636	0.8096	
13.01	1.5281	-0.6138	0.1439	0.7468	
13.02	1.6214	-0.8414	-0.0961	0.4878	
13.03	1.8006	-1.0021	-0.3586	0.1043	
13.04	1.8548	-1.1471	-0.6083	-0.4211	
13.05	1.6714	-1.4274	-0.7685	-0.9289	
13.06	1.9457	-1.2217	-0.8175	-1.5028	
13.07	1.9121	-1.2147	-1.0191	-2.232	
13.08	1.8322	-1.3089	-0.8775	-2.3107	
13.09	1.9948	-1.0215	-0.9207	-2.6984	
13.1	2.0061	-0.9739	-0.8009	-2.9187	
13.11	1.9753	-0.6883	-0.5255	-3.0319	
13.12	1.8834	-0.502	-0.2869	-2.4856	
13.13	1.604	-0.2108	-0.0574	-1.9693	
13.14	1.5875	0.0805	0.2101	-1.7151	
13.15	1.4802	0.3994	0.4359	-1.1559	
13.16	1.4532	0.6219	0.5685	-0.5243	
13.17	1.4881	0.8934	0.781	-0.1208	
13.18	1.2636	1.0375	0.8519	0.2033	
13.19	1.1963	1.4315	0.8205	0.3661	
13.2	1.2529	1.3726	0.68	0.3787	
13.21	1.0343	1.5889	0.5269	0.3206	
13.22	0.9311	1.6038	0.2337	0.0752	
13.23	0.9059	1.6702	-0.082	-0.2343	
13.24	0.8824	1.7042	-0.3892	-0.5617	
13.25	0.8131	1.3737	-0.7727	-0.8583	
13.26	0.7357	1.4642	-0.9966	-1.1607	
13.27	0.5864	1.0609	-1.2405	-1.3328	
13.28	0.5422	0.883	-1.6546	-1.3471	
13.29	0.5772	0.6204	-1.6608	-1.2549	
13.3	0.4806	0.3637	-1.9897	-1.1111	
13.31	0.5081	0.0771	-1.7871	-1.1678	
13.32	0.4583	-0.207	-1.7493	-1.0702	
13.33	0.4676	-0.4542	-1.3963	-0.7966	
13.34	0.4928	-0.6779	-1.3557	-0.7706	
13.35	0.4498	-0.8927	-0.9942	-0.9095	
13.36	0.5784	-1.0745	-0.627	-0.9847	
13.37	0.6128	-1.3736	-0.3581	-1.1115	
13.38	0.6375	-1.4996	-0.0701	-1.4471	
13.39	0.7591	-1.3912	0.1876	-1.5492	
13.4	0.7134	-1.3369	0.3698	-2.0716	
13.41	0.9439	-1.4869	0.5503	-2.2677	
13.42	1.0349	-1.1728	0.5934	-2.325	
13.43	1.1557	-1.0752	0.6063	-2.1808	
13.44	1.083	-0.984	0.5918	-1.9366	
13.45	1.353	-0.7443	0.4483	-1.4971	
13.46	1.3719	-0.4405	0.327	-1.1058	
13.47	1.3956	-0.2075	0.2268	-0.6211	
13.48	1.6386	0.0498	0.0715	-0.1168	
13.49	1.8637	0.2933	-0.0223	0.3539	
13.5	1.8656	0.5065	-0.0871	0.6316	
13.51	2.1497	0.7057	-0.0823	0.8757	
13.52	2.0119	0.898	-0.0071	0.9613	
13.53	2.2785	1.0421	0.1411	0.7719	
13.54	2.0735	1.2258	0.3695	0.4707	
13.55	2.2421	1.1814	0.653	-0.0304	
13.56	2.3358	1.3035	0.8992	-0.6342	
13.57	2.7109	1.2868	1.2019	-1.196	
13.58	2.3342	1.1245	1.647	-1.8449	
13.59	2.5965	0.9958	2.123	-2.41	
13.6	2.4701	0.9537	2.4051	-2.5832	
13.61	2.6	0.6861	2.5192	-2.5805	
13.62	2.6779	0.4314	2.3712	-2.8303	
13.63	2.5106	0.1935	2.6373	-2.6382	
13.64	2.3506	-0.0821	2.4262	-2.5366	
13.65	2.5583	-0.3354	2.4421	-2.0203	
13.66	2.5657	-0.5441	2.2249	-1.4269	
13.67	2.5038	-0.9003	1.9574	-0.9027	
13.68	2.4757	-1.0083	1.4405	-0.4393	
13.69	2.3562	-1.2812	1.1073	-0.1328	
13.7	2.3077	-1.3643	0.6984	0.0701	
13.71	2.1761	-1.4906	0.279	0.1473	
13.72	1.9207	-1.5143	-0.1144	0.1199	
13.73	1.997	-1.6416	-0.4806	-0.0146	
13.74	1.7514	-1.5789	-0.7636	-0.2212	
13.75	1.4447	-1.4482	-0.896	-0.4523	
13.76	1.3599	-1.3736	-1.1201	-0.6272	
13.77	1.2491	-1.1085	-1.0609	-0.9052	
13.78	1.2194	-0.864	-1.113	-1.0173	
13.79	1.0392	-0.6927	-1.0692	-0.9907	
13.8	1.0439	-0.5225	-0.8868	-0.8305	
13.81	0.7957	-0.2346	-0.8733	-0.7834	
13.82	0.7212	-0.0155	-0.7093	-0.6668	
13.83	0.6127	0.205	-0.6337	-0.4895	
13.84	0.5825	0.4244	-0.5737	-0.4121	
13.85	0.5595	0.5877	-0.6758	-0.3792	
13.86	0.4198	0.6843	-0.84	-0.4988	
13.87	0.4138	0.886	-0.9704	-0.6315	
13.88	0.3213	0.9625	-1.0453	-0.8021	
13.89	0.2882	1.0198	-1.4839	-1.0843	
13.9	0.3013	0.9662	-1.6524	-1.504	
13.91	0.2526	0.8313	-1.7938	-1.967	
13.92	0.2709	0.7848	-2.1716	-2.187	
13.93	0.3029	0.6449	-2.2677	-2.1791	
13.94	0.306	0.4343	-2.4314	-2.1802	
13.95	0.3501	0.1917	-2.7639	-2.1625	
13.96	0.4035	-0.0133	-2.8516	-1.8081	
13.97	0.4424	-0.2564	-2.5578	-1.2297	
13.98	0.5544	-0.4988	-2.4963	-0.6627	
13.99	0.6103	-0.6584	-2.2767	-0.1806	
14.0	0.6083	-0.9949	-1.8738	0.3994	
14.01	0.7103	-1.1438	-1.3167	0.899	
14.02	0.8969	-1.2871	-0.7947	1.0601	
14.03	0.8309	-1.5114	-0.4016	1.3021	
14.04	1.0396	-1.6267	0.0606	1.2946	
14.05	1.1101	-1.5564	0.5074	1.1279	
14.06	1.1741	-1.6776	0.8672	0.667	
14.07	1.399	-1.4285	1.2399	0.1784	
14.08	1.4153	-1.6521	1.5128	-0.3527	
14.09	1.3747	-1.5038	1.4206	-0.863	
14.1	1.6464	-1.2035	1.7185	-1.4649	
14.11	1.6437	-1.1741	1.5892	-1.8206	
14.12	1.5739	-0.8503	1.6317	-2.1301	
14.13	1.7869	-0.7209	1.398	-2.2538	
14.14	1.7847	-0.5473	1.2947	-2.256	
14.15	1.6511	-0.291	1.0098	-1.774	
14.16	1.8182	-0.1149	0.9451	-1.6958	
14.17	1.6607	0.0613	0.7554	-1.1529	
14.18	1.7951	0.2437	0.7386	-0.8711	
14.19	1.6391	0.3449	0.7003	-0.4087	
14.2	1.7204	0.4647	0.8259	-0.0815	
14.21	1.6724	0.492	0.8492	0.1344	
14.22	1.3988	0.5646	0.9572	0.2487	
14.23	1.3701	0.5123	1.1564	0.2264	
14.24	1.2729	0.4737	1.3569	0.1721	
14.25	1.3524	0.4366	1.716	0.0313	
14.26	1.1915	0.2932	1.7392	-0.1275	
14.27	1.1111	0.1436	1.9357	-0.2438	
14.28	0.956	-0.0217	2.2333	-0.3589	
14.29	0.7584	-0.2158	2.1357	-0.3862	
14.3	0.6853	-0.3717	1.863	-0.3434	
14.31	0.5369	-0.6707	1.6545	-0.2006	
14.32	0.3934	-0.8961	1.6881	-0.0164	
14.33	0.3007	-0.9598	1.2156	0.1618	
14.34	0.1525	-1.1316	0.8386	0.3196	
14.35	0.0329	-1.2053	0.3993	0.5054	
14.36	-0.0953	-1.5375	-0.0011	0.4697	
14.37	-0.2126	-1.4874	-0.4449	0.3744	
14.38	-0.2856	-1.6455	-0.729	0.2385	
14.39	-0.444	-1.4992	-1.1977	-0.0751	
14.4	-0.5411	-1.6497	-1.3254	-0.4122	
14.41	-0.6346	-1.5193	-1.6798	-0.9239	
14.42	-0.6057	-1.5592	-1.6578	-1.2666	
14.43	-0.6749	-1.309	-1.6024	-1.4706	
14.44	-0.7324	-1.3198	-1.5345	-1.6511	
14.45	-0.7234	-1.1434	-1.4588	-1.9816	
14.46	-0.8685	-0.8747	-1.3028	-1.8506	
14.47	-0.7859	-0.7797	-0.8948	-1.4341	
14.48	-0.7829	-0.608	-0.7	-1.04	
14.49	-0.8719	-0.3844	-0.4407	-0.5609	
14.5	-0.7225	-0.2238	-0.2309	-0.0116	
14.51	-0.6919	-0.0987	-0.0891	0.5842	
14.52	-0.7296	0.0168	0.0185	1.2342	
14.53	-0.6828	0.115	0.048	1.4461	
14.54	-0.5807	0.1703	0.012	1.9511	
14.55	-0.4756	0.1982	-0.0928	1.9325	
14.56	-0.4227	0.2184	-0.2257	1.9907	
14.57	-0.3068	0.1594	-0.4493	1.644	
14.58	-0.1934	0.1137	-0.5975	1.2403	
14.59	-0.087	0.0198	-0.8297	0.7033	
14.6	0.0065	-0.0976	-1.0044	0.1024	
14.61	0.1066	-0.2307	-1.0908	-0.3855	
14.62	0.2055	-0.4245	-1.2531	-0.8136	
14.63	0.3369	-0.5196	-1.1487	-1.2148	
14.64	0.3924	-0.6973	-1.1021	-1.4326	
14.65	0.457	-0.9271	-1.1144	-1.2576	
14.66	0.5931	-1.0547	-0.7873	-1.0984	
14.67	0.6816	-1.2054	-0.5823	-0.9786	
14.68	0.743	-1.4519	-0.276	-0.6129	
14.69	0.793	-1.5893	0.047	-0.3364	
14.7	0.8608	-1.6862	0.3204	-0.0036	
14.71	0.9148	-1.5839	0.6144	0.2686	
14.72	0.8465	-1.5262	0.8032	0.4531	
14.73	1.0194	-1.7851	1.0615	0.5901	
14.74	0.9314	-1.5915	1.1758	0.5114	
14.75	0.8993	-1.4702	1.1309	0.4555	
14.76	0.8412	-1.5832	1.0572	0.3799	
14.77	0.8619	-1.2764	0.8478	0.2693	
14.78	0.8422	-1.1035	0.6201	0.1517	
14.79	0.8417	-1.0257	0.3536	0.1351	
14.8	0.816	-0.9267	0.0856	0.1662	
14.81	0.696	-0.8467	-0.2244	0.2757	
14.82	0.5406	-0.5988	-0.5211	0.5096	
14.83	0.549	-0.4722	-0.7768	0.6991	
14.84	0.4091	-0.4192	-1.0293	0.931	
14.85	0.2986	-0.2655	-1.0878	1.3752	
14.86	0.223	-0.2202	-1.2879	1.4983	
14.87	0.1007	-0.1454	-1.1171	1.4187	
14.88	0.0054	-0.1109	-0.9525	1.488	
14.89	-0.1067	-0.0985	-0.8952	1.1683	
14.9	-0.2168	-0.1368	-0.6478	0.874	
14.91	-0.3255	-0.1609	-0.3746	0.4935	
14.92	-0.4056	-0.2363	-0.0546	0.043	
14.93	-0.4479	-0.3049	0.2234	-0.4285	
14.94	-0.5618	-0.4613	0.4936	-0.8582	
14.95	-0.6999	-0.5508	0.692	-1.2307	
14.96	-0.6667	-0.7042	0.8975	-1.5196	
14.97	-0.7535	-0.861	1.0211	-1.4853	
14.98	-0.7817	-0.8745	0.9256	-1.227	
14.99	-0.8669	-1.1836	1.0176	-0.9991	
15.0	-0.8597	-1.1371	0.8487	-0.4397	
15.01	-0.9677	-1.4505	0.6209	0.1536	
15.02	-0.8818	-1.4477	0.504	0.7097	
15.03	-0.8785	-1.6048	0.2927	1.3921	
15.04	-0.8438	-1.4632	0.0867	1.7843	
15.05	-0.7739	-1.5436	-0.0585	2.1936	
15.06	-0.8225	-1.5144	-0.1615	2.5493	
15.07	-0.7297	-1.5	-0.1827	2.6104	
15.08	-0.6655	-1.5268	-0.1656	2.0865	
15.09	-0.5483	-1.4834	-0.0492	2.1097	
15.1	-0.3953	-1.4172	0.1169	1.5864	
15.11	-0.3356	-1.3294	0.3304	0.9816	
15.12	-0.2192	-1.1316	0.6917	0.6241	
15.13	-0.0996	-1.1323	0.9263	0.1744	
15.14	0.0192	-1.0163	1.3306	-0.1365	
15.15	0.136	-0.7701	1.6284	-0.3338	
15.16	0.2626	-0.7583	1.6006	-0.4074	
15.17	0.3978	-0.6014	1.8532	-0.3986	
15.18	0.4739	-0.5736	2.0003	-0.217	
15.19	0.6876	-0.505	1.9675	-0.0005	
15.2	0.8102	-0.4138	1.931	0.2567	
15.21	0.9367	-0.3844	1.8217	0.4445	
15.22	1.014	-0.3832	1.5027	0.6566	
15.23	1.038	-0.4047	1.173	0.8804	
15.24	1.2752	-0.4002	0.8	0.8657	
15.25	1.1615	-0.4313	0.4282	0.8862	
15.26	1.2859	-0.5147	-0.0119	0.6841	
15.27	1.3464	-0.6603	-0.3743	0.6002	
15.28	1.4253	-0.6922	-0.7088	0.4413	
15.29	1.5156	-0.8134	-1.1218	0.3754	
15.3	1.4672	-0.8825	-1.1696	0.3938	
15.31	1.3932	-1.0017	-1.3594	0.4896	
15.32	1.3976	-1.0179	-1.5202	0.6484	
15.33	1.3985	-1.1614	-1.3773	0.8933	
15.34	1.5097	-1.3677	-1.4478	1.1305	
15.35	1.355	-1.4679	-1.3956	1.5663	
15.36	1.5162	-1.522	-1.2088	1.9746	
15.37	1.3173	-1.5318	-1.0417	2.2623	
15.38	1.3005	-1.4551	-0.9101	2.0984	
15.39	1.1763	-1.4326	-0.7215	2.5014	
15.4	1.1041	-1.424	-0.6663	2.1615	
15.41	0.9841	-1.5017	-0.7938	1.9354	
15.42	0.9418	-1.4409	-0.7913	1.3427	
15.43	0.9346	-1.2727	-0.9769	0.8257	
15.44	0.8712	-1.3315	-0.9835	0.3591	
15.45	0.6472	-1.2035	-1.2908	-0.1633	
15.46	0.603	-1.0681	-1.6103	-0.6807	
15.47	0.5543	-0.9221	-1.5948	-0.9549	
15.48	0.3828	-1.0196	-1.933	-1.1431	
15.49	0.3348	-0.8958	-1.9648	-1.1196	
15.5	0.2361	-0.7353	-2.3737	-0.7988	
15.51	0.1976	-0.6797	-2.4308	-0.4291	
15.52	0.1244	-0.647	-2.1263	0.1288	
15.53	0.0665	-0.6818	-1.9155	0.6778	
15.54	0.0243	-0.6608	-1.7369	1.324	
15.55	-0.0112	-0.5917	-1.46	1.7016	
15.56	-0.0352	-0.618	-1.1847	2.0887	
15.57	-0.0464	-0.6645	-0.6101	2.7406	
15.58	-0.0434	-0.6776	-0.1906	2.5339	
15.59	-0.0306	-0.7538	0.3055	2.5472	
15.6	-0.0068	-0.6926	0.6757	2.5528	
15.61	0.0304	-0.7726	1.2566	2.0671	
15.62	0.0801	-0.8075	1.4304	1.6437	
15.63	0.1351	-0.987	1.7768	1.3234	
15.64	0.2023	-0.9168	1.8648	0.9479	
15.65	0.2614	-0.9975	2.0463	0.6176	
15.66	0.3711	-1.1234	2.2365	0.3559	
15.67	0.4639	-1.2151	2.1163	0.2565	
15.68	0.5241	-1.2612	2.1691	0.2643	
15.69	0.6294	-1.2914	1.7673	0.3614	
15.7	0.7496	-1.3443	1.4692	0.4638	
15.71	0.9316	-1.1713	1.4176	0.6138	
15.72	0.9559	-1.4071	1.3274	0.842	
15.73	1.0723	-1.3681	1.1353	0.8584	
15.74	1.182	-1.1417	1.0323	1.0528	
15.75	1.2848	-1.2525	0.9689	0.8878	
15.76	1.5886	-1.135	1.0786	0.8243	
15.77	1.5305	-1.1848	1.0565	0.6854	
15.78	1.7167	-1.1706	1.2508	0.4782	
15.79	1.6457	-1.1162	1.3644	0.371	
15.8	1.9672	-0.9547	1.4941	0.2553	
15.81	2.024	-0.8992	1.744	0.2302	
15.82	2.0573	-0.9401	1.637	0.356	
15.83	2.0054	-0.9215	1.8536	0.5267	
15.84	1.8959	-0.812	1.824	0.8976	
15.85	2.1361	-0.7995	1.8344	1.3214	
15.86	1.9564	-0.7638	1.5942	1.6869	
15.87	2.005	-0.7962	1.3407	1.898	
15.88	2.2516	-0.7879	1.177	2.5856	
15.89	2.136	-0.8044	0.7162	2.6383	
15.9	1.9712	-0.7901	0.2698	2.5796	
15.91	2.1354	-0.7965	-0.1648	2.4959	
15.92	1.762	-0.86	-0.5794	2.4791	
15.93	1.967	-0.8995	-0.9875	1.9011	
15.94	1.8206	-0.8022	-1.3475	1.5442	
15.95	1.6159	-0.9029	-1.6506	0.8142	
15.96	1.6502	-0.8712	-1.9516	0.2747	
15.97	1.4062	-0.9816	-2.1167	-0.2596	
15.98	1.2834	-1.0157	-2.0829	-0.6952	
15.99	1.2455	-1.0798	-2.1208	-0.8533	
16.0	0.9953	-0.9369	-2.1776	-0.9255	
16.01	1.0013	-1.1234	-2.1465	-0.9624	
16.02	0.85	-1.0412	-1.5801	-0.6887	
16.03	0.7725	-1.147	-1.4144	-0.1962	
16.04	0.5412	-1.0205	-1.2248	0.2846	
16.05	0.5055	-1.1421	-1.0061	0.8939	
16.06	0.3622	-1.0021	-0.7068	1.3472	
16.07	0.2379	-1.0524	-0.5389	1.9931	
16.08	0.1753	-1.0282	-0.4365	2.0333	
16.09	0.0838	-1.0159	-0.3676	2.2576	
16.1	0.0043	-0.9888	-0.3468	2.1314	
16.11	-0.0603	-0.911	-0.4345	2.4042	
16.12	-0.11	-1.0149	-0.5535	2.0509	
16.13	-0.1552	-0.8851	-0.6838	1.85	
16.14	-0.2015	-0.9041	-0.8152	1.3873	
16.15	-0.2145	-0.9632	-0.9706	1.0327	
16.16	-0.2241	-0.9867	-1.1828	0.7242	
16.17	-0.2241	-0.8668	-1.0808	0.5784	
16.18	-0.1977	-0.8413	-1.1159	0.509	
16.19	-0.1703	-0.9028	-1.2061	0.4592	
16.2	-0.1306	-0.8315	-1.0317	0.599	
16.21	-0.0776	-0.9919	-0.81	0.6375	
16.22	-0.0304	-0.8808	-0.4578	0.8089	
16.23	0.033	-0.9282	-0.1756	0.9833	
16.24	0.1028	-0.9723	0.1655	1.0076	
16.25	0.1869	-0.9028	0.5368	0.8499	
16.26	0.2442	-0.9423	0.8047	0.881	
16.27	0.3607	-0.8708	1.069	0.6363	
16.28	0.4605	-0.8755	1.3121	0.3975	
16.29	0.506	-1.0031	1.6392	0.1441	
16.3	0.6468	-0.8872	1.7322	-0.096	
16.31	0.747	-0.8992	1.5828	-0.2587	
16.32	0.7424	-0.8063	1.4947	-0.3528	
16.33	0.756	-0.8242	1.4649	-0.2806	
16.34	0.9015	-0.9054	1.2642	-0.0849	
16.35	1.0144	-0.8863	0.9204	0.2318	
16.36	1.0321	-0.8527	0.6244	0.633	
16.37	1.0825	-0.837	0.3764	1.1527	
16.38	1.1864	-0.8285	0.0366	1.6772	
16.39	1.0964	-0.7048	-0.219	2.1779	
16.4	1.0983	-0.7381	-0.4799	2.2123	
16.41	1.0529	-0.7086	-0.6019	2.5556	
16.42	1.1356	-0.7076	-0.5946	2.5023	
16.43	1.0027	-0.8101	-0.6354	2.4682	
16.44	1.0815	-0.7464	-0.5284	1.9926	
16.45	1.0317	-0.7279	-0.3827	1.735	
16.46	0.9612	-0.8532	-0.1978	0.9358	
16.47	0.7614	-0.8637	0.0388	0.3951	
16.48	0.7925	-0.8754	0.2888	-0.1802	
16.49	0.5841	-0.9722	0.5228	-0.6637	
16.5	0.5667	-0.8994	0.7241	-1.1283	
16.51	0.3698	-0.9623	0.8681	-1.3469	
16.52	0.2859	-1.0122	0.9393	-1.2064	
16.53	0.1482	-0.9859	0.9406	-1.0997	
16.54	0.0118	-1.0887	0.8744	-0.7646	
16.55	-0.1404	-0.9853	0.7666	-0.348	
16.56	-0.3002	-1.0248	0.6543	0.1081	
16.57	-0.3896	-0.9426	0.4641	0.6206	
16.58	-0.5476	-0.9591	0.1845	1.0244	
16.59	-0.7549	-0.9293	-0.063	1.2583	
16.6	-0.7988	-0.9902	-0.2955	1.5116	
16.61	-1.0397	-0.8432	-0.48	1.7594	
16.62	-1.0656	-0.9101	-0.6175	1.4924	
16.63	-1.1798	-0.8425	-0.6294	1.5277	
16.64	-1.3793	-0.7668	-0.6921	1.1262	
