0.01	0.286	
0.02	0.5557	
0.03	0.7361	
0.04	1.0184	
0.05	1.3363	
0.06	1.4055	
0.07	1.5748	
0.08	1.5753	
0.09	1.686	
0.1	1.9113	
0.11	1.9809	
0.12	2.1461	
0.13	1.899	
0.14	1.9261	
0.15	1.6824	
0.16	1.6118	
0.17	1.4959	
0.18	1.5393	
0.19	1.3543	
0.2	1.1801	
0.21	0.9983	
0.22	0.767	
0.23	0.5145	
0.24	0.3299	
0.25	0.1655	
0.26	-0.0048	
0.27	-0.1632	
0.28	-0.3241	
0.29	-0.4694	
0.3	-0.5018	
0.31	-0.6016	
0.32	-0.7414	
0.33	-0.6924	
0.34	-0.6702	
0.35	-0.7785	
0.36	-0.7158	
0.37	-0.6326	
0.38	-0.5332	
0.39	-0.4867	
0.4	-0.3871	
0.41	-0.2886	
0.42	-0.1892	
0.43	-0.0986	
0.44	-0.0011	
0.45	0.0994	
0.46	0.1762	
0.47	0.2595	
0.48	0.354	
0.49	0.432	
0.5	0.4413	
0.51	0.4992	
0.52	0.4649	
0.53	0.5462	
0.54	0.4858	
0.55	0.4663	
0.56	0.4273	
0.57	0.3996	
0.58	0.3108	
0.59	0.2648	
0.6	0.2081	
0.61	0.1625	
0.62	0.1002	
0.63	0.065	
0.64	0.0275	
0.65	0.0079	
0.66	0.0019	
0.67	0.0131	
0.68	0.0383	
0.69	0.0882	
0.7	0.1664	
0.71	0.2299	
0.72	0.3084	
0.73	0.4442	
0.74	0.6294	
0.75	0.7401	
0.76	0.8416	
0.77	1.0007	
0.78	1.3311	
0.79	1.3217	
0.8	1.3985	
0.81	1.8139	
0.82	1.6709	
0.83	1.8795	
0.84	1.9138	
0.85	2.2068	
0.86	2.4698	
0.87	2.3892	
0.88	2.0914	
0.89	2.328	
0.9	2.4781	
0.91	2.3192	
0.92	2.2439	
0.93	2.1199	
0.94	1.7488	
0.95	1.638	
0.96	1.2961	
0.97	1.194	
0.98	0.9241	
0.99	0.7012	
1.0	0.5515	
1.01	0.2805	
1.02	0.043	
1.03	-0.1794	
1.04	-0.3595	
1.05	-0.5876	
1.06	-0.7281	
1.07	-0.8656	
1.08	-1.0436	
1.09	-1.0553	
1.1	-1.1703	
1.11	-1.1561	
1.12	-1.2035	
1.13	-1.0779	
1.14	-1.014	
1.15	-0.8509	
1.16	-0.7282	
1.17	-0.6371	
1.18	-0.4389	
1.19	-0.1848	
1.2	0.0291	
1.21	0.2819	
1.22	0.533	
1.23	0.7781	
1.24	1.0671	
1.25	1.1683	
1.26	1.4539	
1.27	1.4776	
1.28	1.8443	
1.29	2.0518	
1.3	2.0175	
1.31	2.3966	
1.32	2.3982	
1.33	2.288	
1.34	2.5587	
1.35	2.1782	
1.36	2.4018	
1.37	2.1371	
1.38	2.1076	
1.39	2.3128	
1.4	2.1927	
1.41	2.0628	
1.42	1.8784	
1.43	1.8157	
1.44	1.6072	
1.45	1.2837	
1.46	1.2336	
1.47	1.1403	
1.48	1.0236	
1.49	0.9227	
1.5	0.7882	
1.51	0.813	
1.52	0.665	
1.53	0.5859	
1.54	0.6386	
1.55	0.6151	
1.56	0.6733	
1.57	0.6885	
1.58	0.6845	
1.59	0.6983	
1.6	0.7453	
1.61	0.8403	
1.62	0.9228	
1.63	0.9002	
1.64	1.0429	
1.65	0.9471	
1.66	1.0789	
1.67	1.0964	
1.68	1.0978	
1.69	1.1639	
1.7	1.2374	
1.71	1.1622	
1.72	1.0657	
1.73	0.9831	
1.74	0.9573	
1.75	0.7757	
1.76	0.6927	
1.77	0.6378	
1.78	0.4999	
1.79	0.4672	
1.8	0.3057	
1.81	0.2121	
1.82	0.1029	
1.83	0.003	
1.84	-0.085	
1.85	-0.1409	
1.86	-0.1783	
1.87	-0.1995	
1.88	-0.2072	
1.89	-0.1868	
1.9	-0.148	
1.91	-0.0899	
1.92	0.0112	
1.93	0.1397	
1.94	0.2908	
1.95	0.4225	
1.96	0.6668	
1.97	0.8679	
1.98	0.9438	
1.99	1.2464	
2.0	1.4957	
2.01	1.6573	
2.02	1.6904	
2.03	2.1974	
2.04	2.4316	
2.05	2.3002	
2.06	2.3948	
2.07	2.6551	
2.08	3.0016	
2.09	2.7379	
2.1	2.7833	
2.11	2.8072	
2.12	2.6168	
2.13	2.6951	
2.14	2.8948	
2.15	2.587	
2.16	2.4943	
2.17	2.0692	
2.18	2.176	
2.19	1.7758	
2.2	1.5973	
2.21	1.4272	
2.22	1.0638	
2.23	0.7907	
2.24	0.5817	
2.25	0.3265	
2.26	0.0682	
2.27	-0.1463	
2.28	-0.3646	
2.29	-0.5465	
2.3	-0.638	
2.31	-0.7104	
2.32	-0.8456	
2.33	-0.8609	
2.34	-0.9761	
2.35	-0.9076	
2.36	-0.8801	
2.37	-0.8205	
2.38	-0.7511	
2.39	-0.5984	
2.4	-0.4275	
2.41	-0.2936	
2.42	-0.1378	
2.43	0.0354	
2.44	0.2033	
2.45	0.3954	
2.46	0.5778	
2.47	0.8117	
2.48	0.9995	
2.49	1.0602	
2.5	1.213	
2.51	1.1888	
2.52	1.3935	
2.53	1.44	
2.54	1.6983	
2.55	1.5007	
2.56	1.4725	
2.57	1.7337	
2.58	1.7127	
2.59	1.3798	
2.6	1.4198	
2.61	1.2687	
2.62	1.3232	
2.63	1.3394	
2.64	1.1288	
2.65	1.0156	
2.66	1.0594	
2.67	0.9713	
2.68	0.8099	
2.69	0.7615	
2.7	0.7272	
2.71	0.7029	
2.72	0.5959	
2.73	0.614	
2.74	0.5967	
2.75	0.6433	
2.76	0.6507	
2.77	0.8045	
2.78	0.7299	
2.79	0.9446	
2.8	0.8461	
2.81	1.0446	
2.82	1.1648	
2.83	1.2167	
2.84	1.232	
2.85	1.1541	
2.86	1.3517	
2.87	1.3752	
2.88	1.2796	
2.89	1.3515	
2.9	1.207	
2.91	1.2172	
2.92	0.9881	
2.93	0.9287	
2.94	0.864	
2.95	0.7708	
2.96	0.6254	
2.97	0.4122	
2.98	0.2685	
2.99	0.0738	
3.0	-0.1138	
3.01	-0.2742	
3.02	-0.5001	
3.03	-0.6427	
3.04	-0.8569	
3.05	-0.9109	
3.06	-1.0672	
3.07	-1.1936	
3.08	-1.3543	
3.09	-1.3127	
3.1	-1.4404	
3.11	-1.502	
3.12	-1.3597	
3.13	-1.1972	
3.14	-1.1719	
3.15	-0.9956	
3.16	-0.9579	
3.17	-0.6796	
3.18	-0.4846	
3.19	-0.3265	
3.2	-0.0842	
3.21	0.1457	
3.22	0.3616	
3.23	0.6702	
3.24	0.8235	
3.25	1.1295	
3.26	1.2882	
3.27	1.4253	
3.28	1.725	
3.29	1.8123	
3.3	1.9151	
3.31	2.0576	
3.32	2.0273	
3.33	2.2742	
3.34	1.9778	
3.35	2.2858	
3.36	2.0123	
3.37	1.79	
3.38	1.8044	
3.39	1.7644	
3.4	1.3311	
3.41	1.3565	
3.42	1.0362	
3.43	0.8042	
3.44	0.5617	
3.45	0.3162	
3.46	0.0904	
3.47	-0.1384	
3.48	-0.3388	
3.49	-0.5639	
3.5	-0.6658	
3.51	-0.8714	
3.52	-1.0699	
3.53	-1.1461	
3.54	-1.2695	
3.55	-1.2648	
3.56	-1.4024	
3.57	-1.3283	
3.58	-1.4259	
3.59	-1.3823	
3.6	-1.2725	
3.61	-1.1054	
3.62	-1.1292	
3.63	-1.0928	
3.64	-0.9625	
3.65	-0.7252	
3.66	-0.6509	
3.67	-0.5764	
3.68	-0.4605	
3.69	-0.3521	
3.7	-0.2306	
3.71	-0.1754	
3.72	-0.1069	
3.73	-0.0613	
3.74	-0.0205	
3.75	-0.0042	
3.76	-0.002	
3.77	-0.0148	
3.78	-0.0454	
3.79	-0.086	
3.8	-0.1292	
3.81	-0.1786	
3.82	-0.2345	
3.83	-0.3448	
3.84	-0.4076	
3.85	-0.4207	
3.86	-0.5464	
3.87	-0.5731	
3.88	-0.5913	
3.89	-0.6678	
3.9	-0.662	
3.91	-0.6653	
3.92	-0.6036	
3.93	-0.6148	
3.94	-0.5406	
3.95	-0.474	
3.96	-0.3398	
3.97	-0.2534	
3.98	-0.1665	
3.99	-0.0398	
4.0	0.0888	
4.01	0.1961	
4.02	0.3055	
4.03	0.415	
4.04	0.5809	
4.05	0.6417	
4.06	0.7274	
4.07	0.7473	
4.08	0.8703	
4.09	0.8105	
4.1	0.8097	
4.11	0.7807	
4.12	0.827	
4.13	0.712	
4.14	0.6122	
4.15	0.5136	
4.16	0.3517	
4.17	0.1459	
4.18	-0.0496	
4.19	-0.2735	
4.2	-0.4595	
4.21	-0.745	
4.22	-0.9073	
4.23	-1.0896	
4.24	-1.4437	
4.25	-1.6818	
4.26	-1.8557	
4.27	-1.9598	
4.28	-2.3914	
4.29	-2.3982	
4.3	-2.3696	
4.31	-2.3864	
4.32	-2.4815	
4.33	-2.4288	
4.34	-2.5665	
4.35	-2.6635	
4.36	-2.6547	
4.37	-2.3459	
4.38	-2.4231	
4.39	-2.1907	
4.4	-1.8787	
4.41	-1.8855	
4.42	-1.3672	
4.43	-1.288	
4.44	-1.0921	
4.45	-0.7538	
4.46	-0.4882	
4.47	-0.3354	
4.48	-0.0892	
4.49	0.1245	
4.5	0.3131	
4.51	0.4516	
4.52	0.5696	
4.53	0.6811	
4.54	0.8588	
4.55	0.8554	
4.56	0.8222	
4.57	0.8045	
4.58	0.8446	
4.59	0.7025	
4.6	0.6637	
4.61	0.6129	
4.62	0.4474	
4.63	0.2764	
4.64	0.1103	
4.65	-0.0433	
4.66	-0.2212	
4.67	-0.3744	
4.68	-0.5139	
4.69	-0.7665	
4.7	-0.8458	
4.71	-1.1084	
4.72	-1.1538	
4.73	-1.253	
4.74	-1.4383	
4.75	-1.4369	
4.76	-1.605	
4.77	-1.6138	
4.78	-1.4541	
4.79	-1.5772	
4.8	-1.4377	
4.81	-1.3698	
4.82	-1.5486	
4.83	-1.3772	
4.84	-1.2443	
4.85	-1.3838	
4.86	-1.3319	
4.87	-1.1069	
4.88	-1.0851	
4.89	-1.074	
4.9	-1.0122	
4.91	-0.9778	
4.92	-0.8607	
4.93	-0.8531	
4.94	-0.9505	
4.95	-1.0571	
4.96	-0.9734	
4.97	-1.1244	
4.98	-1.0556	
4.99	-1.2085	
5.0	-1.2503	
5.01	-1.4063	
5.02	-1.5033	
5.03	-1.6713	
5.04	-1.4844	
5.05	-1.8059	
5.06	-1.9558	
5.07	-1.9565	
5.08	-1.759	
5.09	-1.9547	
5.1	-2.0017	
5.11	-2.0413	
5.12	-1.8052	
5.13	-1.9713	
5.14	-1.818	
5.15	-1.7842	
5.16	-1.4074	
5.17	-1.4844	
5.18	-1.2985	
5.19	-1.0718	
5.2	-0.8845	
5.21	-0.7322	
5.22	-0.5031	
5.23	-0.2939	
5.24	-0.1004	
5.25	0.0785	
5.26	0.2538	
5.27	0.4431	
5.28	0.572	
5.29	0.6715	
5.3	0.6804	
5.31	0.8362	
5.32	0.8645	
5.33	0.7855	
5.34	0.8034	
5.35	0.7189	
5.36	0.6852	
5.37	0.5149	
5.38	0.3492	
5.39	0.1956	
5.4	-0.0238	
5.41	-0.2471	
5.42	-0.5172	
5.43	-0.7843	
5.44	-1.0019	
5.45	-1.341	
5.46	-1.4856	
5.47	-1.7058	
5.48	-1.8469	
5.49	-2.074	
5.5	-2.4494	
5.51	-2.7052	
5.52	-2.767	
5.53	-2.5894	
5.54	-2.9753	
5.55	-3.014	
5.56	-2.6193	
5.57	-3.1207	
5.58	-2.6062	
5.59	-2.6642	
5.6	-2.789	
5.61	-2.518	
5.62	-2.2781	
5.63	-1.9982	
5.64	-1.8031	
5.65	-1.6278	
5.66	-1.5734	
5.67	-1.2063	
5.68	-1.0953	
5.69	-0.8308	
5.7	-0.669	
5.71	-0.5094	
5.72	-0.3408	
5.73	-0.1839	
5.74	-0.0566	
5.75	0.0464	
5.76	0.1214	
5.77	0.2078	
5.78	0.2239	
5.79	0.2255	
5.8	0.2481	
5.81	0.1868	
5.82	0.1324	
5.83	0.0838	
5.84	-0.0016	
5.85	-0.0877	
5.86	-0.1773	
5.87	-0.2599	
5.88	-0.4157	
5.89	-0.5093	
5.9	-0.5961	
5.91	-0.6235	
5.92	-0.7484	
5.93	-0.8799	
5.94	-0.7703	
5.95	-0.9226	
5.96	-0.9782	
5.97	-0.8737	
5.98	-0.8174	
5.99	-0.8852	
6.0	-0.8317	
6.01	-0.8031	
6.02	-0.716	
6.03	-0.6081	
6.04	-0.5668	
6.05	-0.5074	
6.06	-0.4554	
6.07	-0.4045	
6.08	-0.388	
6.09	-0.3049	
6.1	-0.2713	
6.11	-0.2505	
6.12	-0.274	
6.13	-0.317	
6.14	-0.3534	
6.15	-0.3728	
6.16	-0.4417	
6.17	-0.5268	
6.18	-0.7002	
6.19	-0.722	
6.2	-0.9032	
6.21	-1.0782	
6.22	-1.2265	
6.23	-1.3629	
6.24	-1.5566	
6.25	-1.6909	
6.26	-1.8604	
6.27	-1.7935	
6.28	-2.0349	
6.29	-2.1729	
6.3	-2.1579	
6.31	-2.1396	
6.32	-2.0039	
6.33	-1.95	
6.34	-2.1452	
6.35	-1.8467	
6.36	-2.0203	
6.37	-1.8015	
6.38	-1.6436	
6.39	-1.2807	
6.4	-1.1235	
6.41	-0.9644	
6.42	-0.7346	
6.43	-0.477	
6.44	-0.2425	
6.45	-0.007	
6.46	0.2328	
6.47	0.4588	
6.48	0.6524	
6.49	0.9019	
6.5	1.035	
6.51	1.2156	
6.52	1.4454	
6.53	1.4003	
6.54	1.6344	
6.55	1.5175	
6.56	1.4985	
6.57	1.6168	
6.58	1.6001	
6.59	1.2605	
6.6	1.3687	
6.61	1.169	
6.62	1.0127	
6.63	0.6886	
6.64	0.5931	
6.65	0.3443	
6.66	0.0829	
6.67	-0.1312	
6.68	-0.3416	
6.69	-0.5518	
6.7	-0.7503	
6.71	-0.9248	
6.72	-1.1087	
6.73	-1.484	
6.74	-1.4118	
6.75	-1.6427	
6.76	-1.6529	
6.77	-1.6906	
6.78	-1.9027	
6.79	-1.8889	
6.8	-1.7564	
6.81	-1.8233	
6.82	-1.7173	
6.83	-1.5402	
6.84	-1.2966	
6.85	-1.1454	
6.86	-1.0751	
6.87	-0.8986	
6.88	-0.7646	
6.89	-0.6142	
6.9	-0.4372	
6.91	-0.2858	
6.92	-0.1452	
6.93	-0.0167	
6.94	0.0913	
6.95	0.1916	
6.96	0.301	
6.97	0.3327	
6.98	0.4234	
6.99	0.421	
7.0	0.4791	
7.01	0.4057	
7.02	0.3963	
7.03	0.4029	
7.04	0.3948	
7.05	0.3265	
7.06	0.2542	
7.07	0.1958	
7.08	0.1737	
7.09	0.1181	
7.1	0.0691	
7.11	0.0402	
7.12	0.0186	
7.13	0.0081	
7.14	0.0152	
7.15	0.0375	
7.16	0.0764	
7.17	0.1143	
7.18	0.1814	
7.19	0.269	
7.2	0.3215	
7.21	0.4541	
7.22	0.5361	
7.23	0.6211	
7.24	0.8536	
7.25	0.8286	
7.26	1.0829	
7.27	1.1573	
7.28	1.2994	
7.29	1.3678	
7.3	1.2106	
7.31	1.4854	
7.32	1.3552	
7.33	1.4809	
7.34	1.3779	
7.35	1.1827	
7.36	1.2878	
7.37	1.0105	
7.38	0.9909	
7.39	0.774	
7.4	0.721	
7.41	0.5308	
7.42	0.3325	
7.43	0.1363	
7.44	-0.0748	
7.45	-0.284	
7.46	-0.4524	
7.47	-0.6931	
7.48	-0.8748	
7.49	-0.99	
7.5	-1.1823	
7.51	-1.1851	
7.52	-1.4354	
7.53	-1.5694	
7.54	-1.6049	
7.55	-1.4048	
7.56	-1.3417	
7.57	-1.3358	
7.58	-1.223	
7.59	-1.089	
7.6	-1.026	
7.61	-0.8646	
7.62	-0.608	
7.63	-0.3962	
7.64	-0.1305	
7.65	0.1095	
7.66	0.3669	
7.67	0.6208	
7.68	0.9559	
7.69	1.0498	
7.7	1.4932	
7.71	1.7568	
7.72	1.7643	
7.73	1.9199	
7.74	2.3245	
7.75	2.1614	
7.76	2.5036	
7.77	2.5789	
7.78	2.3623	
7.79	2.2232	
7.8	2.396	
7.81	2.2583	
7.82	2.2116	
7.83	2.0909	
7.84	2.229	
7.85	1.8294	
7.86	1.6893	
7.87	1.5056	
7.88	1.2525	
7.89	1.0806	
7.9	1.0318	
7.91	0.7046	
7.92	0.5999	
7.93	0.4602	
7.94	0.2746	
7.95	0.1518	
7.96	0.0491	
7.97	-0.0363	
7.98	-0.111	
7.99	-0.1531	
8.0	-0.188	
8.01	-0.1727	
8.02	-0.1706	
8.03	-0.1112	
8.04	-0.0589	
8.05	0.0036	
8.06	0.076	
8.07	0.166	
8.08	0.2364	
8.09	0.3543	
8.1	0.4176	
8.11	0.533	
8.12	0.6253	
8.13	0.7133	
8.14	0.7369	
8.15	0.8809	
8.16	0.8298	
8.17	0.8398	
8.18	0.9485	
8.19	0.7896	
8.2	0.9034	
8.21	0.7399	
8.22	0.7188	
8.23	0.6726	
8.24	0.6388	
8.25	0.5966	
8.26	0.575	
8.27	0.4891	
8.28	0.378	
8.29	0.3877	
8.3	0.3415	
8.31	0.2783	
8.32	0.2703	
8.33	0.2836	
8.34	0.2834	
8.35	0.3094	
8.36	0.3848	
8.37	0.4388	
8.38	0.5666	
8.39	0.6302	
8.4	0.8817	
8.41	0.9632	
8.42	1.185	
8.43	1.3161	
8.44	1.5244	
8.45	1.4862	
8.46	1.737	
8.47	2.1138	
8.48	1.9695	
8.49	2.0417	
8.5	2.5687	
8.51	2.4376	
8.52	2.4957	
8.53	2.4911	
8.54	2.4586	
8.55	2.6646	
8.56	2.7115	
8.57	2.4322	
8.58	2.6967	
8.59	2.2442	
8.6	2.208	
8.61	2.1543	
8.62	1.8116	
8.63	1.6765	
8.64	1.4469	
8.65	1.1993	
8.66	0.8536	
8.67	0.6362	
8.68	0.414	
8.69	0.1558	
8.7	-0.0706	
8.71	-0.2941	
8.72	-0.4553	
8.73	-0.6097	
8.74	-0.7799	
8.75	-0.7841	
8.76	-0.855	
8.77	-0.8976	
8.78	-0.9354	
8.79	-0.9767	
8.8	-0.9361	
8.81	-0.7484	
8.82	-0.6778	
8.83	-0.5289	
8.84	-0.4042	
8.85	-0.1841	
8.86	0.0266	
8.87	0.263	
8.88	0.45	
8.89	0.7232	
8.9	0.8832	
8.91	1.1629	
8.92	1.352	
8.93	1.4907	
8.94	1.8668	
8.95	2.0803	
8.96	1.9862	
8.97	2.3417	
8.98	2.3494	
8.99	2.5166	
9.0	2.3586	
9.01	2.3834	
9.02	2.3552	
9.03	2.289	
9.04	2.2374	
9.05	2.2674	
9.06	2.1369	
9.07	1.9546	
9.08	2.0115	
9.09	1.8311	
9.1	1.6172	
9.11	1.545	
9.12	1.3862	
9.13	1.25	
9.14	1.145	
9.15	1.0063	
9.16	0.8699	
9.17	0.7743	
9.18	0.7254	
9.19	0.7097	
9.2	0.6997	
9.21	0.5736	
9.22	0.671	
9.23	0.6677	
9.24	0.6177	
9.25	0.7834	
9.26	0.7912	
9.27	0.8916	
9.28	0.7851	
9.29	0.9422	
9.3	1.0489	
9.31	0.9618	
9.32	1.0857	
9.33	1.0375	
9.34	1.0931	
9.35	1.1062	
9.36	1.1216	
9.37	1.0107	
9.38	1.0323	
9.39	0.9772	
9.4	0.8806	
9.41	0.6966	
9.42	0.634	
9.43	0.5064	
9.44	0.3994	
9.45	0.2856	
9.46	0.1358	
9.47	0.0092	
9.48	-0.1019	
9.49	-0.2287	
9.5	-0.31	
9.51	-0.4279	
9.52	-0.4324	
9.53	-0.5336	
9.54	-0.5553	
9.55	-0.5627	
9.56	-0.4763	
9.57	-0.4148	
9.58	-0.326	
9.59	-0.2165	
9.6	-0.0918	
9.61	0.0552	
9.62	0.2252	
9.63	0.4488	
9.64	0.5658	
9.65	0.829	
9.66	0.9897	
9.67	1.2808	
9.68	1.4226	
9.69	1.7796	
9.7	1.9427	
9.71	2.1087	
9.72	2.4334	
9.73	2.4633	
9.74	2.397	
9.75	2.7302	
9.76	2.5012	
9.77	2.7696	
9.78	2.5334	
9.79	2.416	
9.8	2.3414	
9.81	2.1414	
9.82	2.3297	
9.83	2.0283	
9.84	1.8312	
9.85	1.7031	
9.86	1.268	
9.87	1.1282	
9.88	0.8979	
9.89	0.5804	
9.9	0.3466	
9.91	0.0991	
9.92	-0.1382	
9.93	-0.381	
9.94	-0.579	
9.95	-0.7693	
9.96	-0.8922	
9.97	-0.9977	
9.98	-1.0591	
9.99	-1.3407	
10.0	-1.3336	
10.01	-1.4009	
10.02	-1.3575	
10.03	-1.2703	
10.04	-1.186	
10.05	-0.9625	
10.06	-0.9701	
10.07	-0.8664	
10.08	-0.6198	
10.09	-0.4474	
10.1	-0.2961	
10.11	-0.1414	
10.12	0.0349	
10.13	0.2188	
10.14	0.3722	
10.15	0.4673	
10.16	0.6561	
10.17	0.8177	
10.18	0.8774	
10.19	0.8999	
10.2	0.8884	
10.21	0.9635	
10.22	0.9589	
10.23	1.035	
10.24	0.9643	
10.25	1.0018	
10.26	0.9651	
10.27	0.8462	
10.28	0.7953	
10.29	0.6474	
10.3	0.566	
10.31	0.4813	
10.32	0.4422	
10.33	0.3458	
10.34	0.2948	
10.35	0.2292	
10.36	0.1962	
10.37	0.1464	
10.38	0.1346	
10.39	0.1293	
10.4	0.1577	
10.41	0.1822	
10.42	0.1923	
10.43	0.2631	
10.44	0.3255	
10.45	0.3637	
10.46	0.4017	
10.47	0.4799	
10.48	0.6409	
10.49	0.7069	
10.5	0.713	
10.51	0.7329	
10.52	0.817	
10.53	0.8828	
10.54	0.9062	
10.55	0.8088	
10.56	0.8032	
10.57	0.7187	
10.58	0.6285	
10.59	0.5232	
10.6	0.4812	
10.61	0.3191	
10.62	0.137	
10.63	-0.0166	
10.64	-0.184	
10.65	-0.3765	
10.66	-0.5237	
10.67	-0.779	
10.68	-0.9373	
10.69	-1.0456	
10.7	-1.3579	
10.71	-1.374	
10.72	-1.7065	
10.73	-1.8541	
10.74	-1.957	
10.75	-1.8829	
10.76	-1.798	
10.77	-2.0381	
10.78	-1.8238	
10.79	-1.8152	
10.8	-1.8515	
10.81	-1.5859	
10.82	-1.7473	
10.83	-1.4241	
10.84	-1.3182	
10.85	-0.9703	
10.86	-0.7565	
10.87	-0.5499	
10.88	-0.3255	
10.89	-0.0856	
10.9	0.1553	
10.91	0.3519	
10.92	0.6515	
10.93	0.8971	
10.94	0.9361	
10.95	1.2399	
10.96	1.2662	
10.97	1.4143	
10.98	1.5655	
10.99	1.4679	
11.0	1.5155	
11.01	1.5504	
11.02	1.4275	
11.03	1.4265	
11.04	1.2721	
11.05	1.1983	
11.06	0.9359	
11.07	0.8328	
11.08	0.5276	
11.09	0.3493	
11.1	0.1512	
11.11	-0.0964	
11.12	-0.3027	
11.13	-0.56	
11.14	-0.8083	
11.15	-0.9079	
11.16	-1.1027	
11.17	-1.2428	
11.18	-1.5459	
11.19	-1.6966	
11.2	-1.5772	
11.21	-1.882	
11.22	-1.6109	
11.23	-1.9462	
11.24	-1.7409	
11.25	-1.7724	
11.26	-1.8196	
11.27	-1.6146	
11.28	-1.6639	
11.29	-1.5538	
11.3	-1.2986	
11.31	-1.1952	
11.32	-1.1393	
11.33	-1.0141	
11.34	-0.9878	
11.35	-0.913	
11.36	-0.7303	
11.37	-0.707	
11.38	-0.7145	
11.39	-0.5692	
11.4	-0.5441	
11.41	-0.5699	
11.42	-0.5992	
11.43	-0.576	
11.44	-0.6228	
11.45	-0.5915	
11.46	-0.6418	
11.47	-0.6659	
11.48	-0.8383	
11.49	-0.7799	
11.5	-0.9993	
11.51	-0.9325	
11.52	-1.127	
11.53	-1.0755	
11.54	-1.0559	
11.55	-1.2564	
11.56	-1.188	
11.57	-1.0889	
11.58	-1.0454	
11.59	-1.0873	
11.6	-1.0059	
11.61	-1.0143	
11.62	-0.8581	
11.63	-0.7094	
11.64	-0.6457	
11.65	-0.4773	
11.66	-0.355	
11.67	-0.2292	
11.68	-0.094	
11.69	0.0279	
11.7	0.1493	
11.71	0.2554	
11.72	0.371	
11.73	0.4068	
11.74	0.4684	
11.75	0.5221	
11.76	0.6228	
11.77	0.5875	
11.78	0.5102	
11.79	0.4409	
11.8	0.3986	
11.81	0.2641	
11.82	0.0964	
11.83	-0.0759	
11.84	-0.248	
11.85	-0.483	
11.86	-0.6699	
11.87	-0.8624	
11.88	-1.2149	
11.89	-1.3072	
11.9	-1.6398	
11.91	-1.7209	
11.92	-1.9923	
11.93	-2.4583	
11.94	-2.3921	
11.95	-2.4547	
11.96	-2.8805	
11.97	-2.8949	
11.98	-2.8027	
11.99	-3.1175	
12.0	-3.2438	
12.01	-2.7591	
12.02	-2.7199	
12.03	-2.9158	
12.04	-2.7124	
12.05	-2.6907	
12.06	-2.2385	
12.07	-1.9405	
12.08	-2.068	
12.09	-1.6969	
12.1	-1.3498	
12.11	-1.2109	
12.12	-0.856	
12.13	-0.7334	
12.14	-0.4434	
12.15	-0.2299	
12.16	-0.0516	
12.17	0.131	
12.18	0.2968	
12.19	0.4364	
12.2	0.4751	
12.21	0.518	
12.22	0.6255	
12.23	0.639	
12.24	0.5703	
12.25	0.5259	
12.26	0.4927	
12.27	0.3615	
12.28	0.2709	
12.29	0.1618	
12.3	0.0092	
12.31	-0.1502	
12.32	-0.2884	
12.33	-0.4633	
12.34	-0.5699	
12.35	-0.7204	
12.36	-0.9196	
12.37	-1.0208	
12.38	-1.0781	
12.39	-1.2366	
12.4	-1.4781	
12.41	-1.3648	
12.42	-1.4422	
12.43	-1.4099	
12.44	-1.5309	
12.45	-1.6557	
12.46	-1.4851	
12.47	-1.3843	
12.48	-1.4763	
12.49	-1.4482	
12.5	-1.2238	
12.51	-1.2963	
12.52	-1.1712	
12.53	-1.0597	
12.54	-1.0335	
12.55	-1.1	
12.56	-1.0336	
12.57	-1.0094	
12.58	-0.942	
12.59	-0.9023	
12.6	-1.0158	
12.61	-0.9332	
12.62	-1.013	
12.63	-1.0807	
12.64	-0.9975	
12.65	-1.0626	
12.66	-1.3869	
12.67	-1.3779	
12.68	-1.5379	
12.69	-1.4328	
12.7	-1.7561	
12.71	-1.7702	
12.72	-1.7256	
12.73	-1.7182	
12.74	-1.8186	
12.75	-1.8704	
12.76	-2.1219	
12.77	-1.8632	
12.78	-1.9884	
12.79	-1.7919	
12.8	-1.7624	
12.81	-1.5011	
12.82	-1.5668	
12.83	-1.381	
12.84	-1.1554	
12.85	-0.9711	
12.86	-0.845	
12.87	-0.6501	
12.88	-0.4674	
12.89	-0.231	
12.9	-0.0506	
12.91	0.1471	
12.92	0.3343	
12.93	0.5039	
12.94	0.6375	
12.95	0.8445	
12.96	0.8969	
12.97	0.927	
12.98	0.9599	
12.99	0.9776	
13.0	0.9606	
13.01	0.9156	
13.02	0.8423	
13.03	0.8666	
13.04	0.6508	
13.05	0.5388	
13.06	0.3641	
13.07	0.1175	
13.08	-0.0988	
13.09	-0.2988	
13.1	-0.5193	
13.11	-0.7952	
13.12	-1.0106	
13.13	-1.3968	
13.14	-1.4291	
13.15	-1.8301	
13.16	-1.9337	
13.17	-2.1785	
13.18	-2.1593	
13.19	-2.2873	
13.2	-2.5661	
13.21	-2.7089	
13.22	-2.7791	
13.23	-2.7335	
13.24	-2.752	
13.25	-2.2092	
13.26	-2.1807	
13.27	-2.0897	
13.28	-2.2431	
13.29	-1.8955	
13.3	-1.6372	
13.31	-1.4885	
13.32	-1.3214	
13.33	-1.0856	
13.34	-0.9613	
13.35	-0.6698	
13.36	-0.515	
13.37	-0.3033	
13.38	-0.0965	
13.39	0.0522	
13.4	0.1979	
13.41	0.3022	
13.42	0.3886	
13.43	0.4225	
13.44	0.4661	
13.45	0.5111	
13.46	0.5485	
13.47	0.5526	
13.48	0.4447	
13.49	0.4179	
13.5	0.3439	
13.51	0.2842	
13.52	0.2106	
13.53	0.1034	
13.54	0.0182	
13.55	-0.0639	
13.56	-0.1582	
13.57	-0.2429	
13.58	-0.2758	
13.59	-0.3379	
13.6	-0.3939	
13.61	-0.3891	
13.62	-0.4362	
13.63	-0.441	
13.64	-0.3662	
13.65	-0.3397	
13.66	-0.3362	
13.67	-0.2594	
13.68	-0.19	
13.69	-0.1371	
13.7	-0.0655	
13.71	0.0076	
13.72	0.0717	
13.73	0.1505	
13.74	0.1918	
13.75	0.2596	
13.76	0.2685	
13.77	0.2813	
13.78	0.3097	
13.79	0.2836	
13.8	0.2714	
13.81	0.1954	
13.82	0.1273	
13.83	0.0322	
13.84	-0.0727	
13.85	-0.1764	
13.86	-0.3344	
13.87	-0.4395	
13.88	-0.6519	
13.89	-0.7667	
13.9	-0.9663	
13.91	-1.1277	
13.92	-1.1528	
13.93	-1.2892	
13.94	-1.4369	
13.95	-1.599	
13.96	-1.4798	
13.97	-1.7081	
13.98	-1.7162	
13.99	-1.6009	
14.0	-1.7588	
14.01	-1.6155	
14.02	-1.5373	
14.03	-1.2663	
14.04	-1.1627	
14.05	-1.0093	
14.06	-0.844	
14.07	-0.6112	
14.08	-0.3286	
14.09	-0.1114	
14.1	0.1293	
14.11	0.3594	
14.12	0.6874	
14.13	0.9369	
14.14	1.0521	
14.15	1.3414	
14.16	1.4644	
14.17	1.5659	
14.18	1.8258	
14.19	2.0043	
14.2	2.0239	
14.21	2.0217	
14.22	2.0937	
14.23	2.304	
14.24	2.0235	
14.25	2.0963	
14.26	1.8067	
14.27	1.6885	
14.28	1.6471	
14.29	1.5668	
14.3	1.1552	
14.31	1.1063	
14.32	0.8344	
14.33	0.5266	
14.34	0.3664	
14.35	0.1074	
14.36	-0.101	
14.37	-0.3286	
14.38	-0.4925	
14.39	-0.6538	
14.4	-0.8098	
14.41	-0.8466	
14.42	-0.966	
14.43	-0.9923	
14.44	-1.2007	
14.45	-1.0992	
14.46	-1.1919	
14.47	-1.0352	
14.48	-1.0127	
14.49	-0.9255	
14.5	-0.8017	
14.51	-0.6317	
14.52	-0.5492	
14.53	-0.369	
14.54	-0.2386	
14.55	-0.109	
14.56	0.0471	
14.57	0.1823	
14.58	0.3496	
14.59	0.493	
14.6	0.6256	
14.61	0.6195	
14.62	0.7984	
14.63	0.8271	
14.64	0.8146	
14.65	0.8542	
14.66	0.9135	
14.67	0.9315	
14.68	0.8252	
14.69	0.7883	
14.7	0.7677	
14.71	0.8243	
14.72	0.7939	
14.73	0.6456	
14.74	0.6267	
14.75	0.6295	
14.76	0.4882	
14.77	0.5409	
14.78	0.4487	
14.79	0.5146	
14.8	0.5257	
14.81	0.5365	
14.82	0.5642	
14.83	0.6241	
14.84	0.7019	
14.85	0.6953	
14.86	0.8317	
14.87	0.8898	
14.88	0.979	
14.89	1.2824	
14.9	1.1892	
14.91	1.452	
14.92	1.6419	
14.93	1.66	
14.94	1.6914	
14.95	1.6813	
14.96	1.6922	
14.97	1.813	
14.98	2.0326	
14.99	1.9189	
15.0	1.8797	
15.01	1.6906	
15.02	1.8177	
15.03	1.8167	
15.04	1.7024	
15.05	1.3524	
15.06	1.2827	
15.07	1.1526	
15.08	0.8606	
15.09	0.6876	
15.1	0.5349	
15.11	0.279	
15.12	0.0645	
15.13	-0.1481	
15.14	-0.3472	
15.15	-0.5376	
15.16	-0.6469	
15.17	-0.78	
15.18	-1.0018	
15.19	-0.9146	
15.2	-0.9804	
15.21	-1.1603	
15.22	-1.1219	
15.23	-1.1044	
15.24	-0.921	
15.25	-0.8327	
15.26	-0.6523	
15.27	-0.5898	
15.28	-0.333	
15.29	-0.1354	
15.3	0.1007	
15.31	0.3626	
15.32	0.5805	
15.33	0.8302	
15.34	1.0511	
15.35	1.4561	
15.36	1.4708	
15.37	1.7558	
15.38	2.1703	
15.39	2.2947	
15.4	2.3763	
15.41	2.5524	
15.42	2.7905	
15.43	2.4886	
15.44	2.9453	
15.45	2.8162	
15.46	2.717	
15.47	2.8006	
15.48	2.5519	
15.49	2.43	
15.5	2.3829	
15.51	2.205	
15.52	2.1775	
15.53	1.8467	
15.54	1.7981	
15.55	1.542	
15.56	1.3941	
15.57	1.1213	
15.58	0.9144	
15.59	0.8015	
15.6	0.6758	
15.61	0.4755	
15.62	0.4331	
15.63	0.3003	
15.64	0.2256	
15.65	0.1845	
15.66	0.1566	
15.67	0.142	
15.68	0.1388	
15.69	0.1773	
15.7	0.205	
15.71	0.2898	
15.72	0.3046	
15.73	0.4436	
15.74	0.4978	
15.75	0.5884	
15.76	0.6182	
15.77	0.6702	
15.78	0.7709	
15.79	0.8025	
15.8	0.8334	
15.81	1.0374	
15.82	1.0505	
15.83	1.0961	
15.84	0.9696	
15.85	1.0795	
15.86	1.0021	
15.87	0.8816	
15.88	0.8077	
15.89	0.8202	
15.9	0.6945	
15.91	0.6774	
15.92	0.5752	
15.93	0.5022	
15.94	0.4514	
15.95	0.383	
15.96	0.3163	
15.97	0.2541	
15.98	0.2492	
15.99	0.2311	
16.0	0.2806	
16.01	0.3171	
16.02	0.3701	
16.03	0.4275	
16.04	0.4825	
16.05	0.5981	
16.06	0.7551	
16.07	0.925	
16.08	1.1126	
16.09	1.2374	
16.1	1.3485	
16.11	1.7172	
16.12	1.6812	
16.13	2.0596	
16.14	2.0599	
16.15	2.3609	
16.16	2.3552	
16.17	2.2646	
16.18	2.5512	
16.19	2.8386	
16.2	2.3962	
16.21	2.7244	
16.22	2.8237	
16.23	2.429	
16.24	2.5863	
16.25	2.4859	
16.26	2.2922	
16.27	2.0965	
16.28	2.0381	
16.29	1.7367	
16.3	1.4018	
16.31	1.1721	
16.32	0.9222	
16.33	0.7455	
16.34	0.4414	
16.35	0.1695	
16.36	-0.0495	
16.37	-0.2526	
16.38	-0.5005	
16.39	-0.5917	
16.4	-0.7905	
16.41	-0.9257	
16.42	-0.9516	
16.43	-0.9909	
16.44	-1.167	
16.45	-1.1442	
16.46	-1.0109	
16.47	-0.9352	
16.48	-1.0099	
16.49	-0.7958	
16.5	-0.6585	
16.51	-0.4654	
16.52	-0.2821	
16.53	-0.0694	
16.54	0.1351	
16.55	0.3866	
16.56	0.5781	
16.57	0.7795	
16.58	1.1012	
16.59	1.3008	
16.6	1.4703	
16.61	1.5529	
16.62	1.5706	
16.63	1.7649	
16.64	1.8821	
16.65	2.1148	
16.66	1.8413	
16.67	1.9351	
16.68	2.0679	
16.69	1.8527	
16.7	1.7727	
16.71	1.9658	
16.72	1.6492	
16.73	1.6476	
16.74	1.4517	
16.75	1.543	
16.76	1.2368	
16.77	1.2015	
16.78	1.0201	
16.79	0.9039	
16.8	0.8514	
16.81	0.7222	
16.82	0.5636	
16.83	0.5529	
16.84	0.4531	
16.85	0.3746	
16.86	0.3809	
16.87	0.3406	
16.88	0.3473	
16.89	0.3995	
16.9	0.3788	
16.91	0.4361	
16.92	0.4976	
16.93	0.5408	
16.94	0.5486	
16.95	0.6108	
16.96	0.6988	
16.97	0.7513	
16.98	0.6886	
16.99	0.7642	
17.0	0.7157	
17.01	0.729	
17.02	0.7836	
17.03	0.6467	
17.04	0.6194	
17.05	0.5642	
17.06	0.4693	
17.07	0.3663	
17.08	0.2427	
17.09	0.1206	
17.1	-0.0101	
17.11	-0.1391	
17.12	-0.3115	
17.13	-0.388	
17.14	-0.5065	
17.15	-0.73	
17.16	-0.7207	
17.17	-0.9029	
17.18	-1.0007	
17.19	-1.1215	
17.2	-0.9819	
17.21	-1.1302	
17.22	-1.1201	
17.23	-0.9229	
17.24	-0.9527	
17.25	-0.9015	
17.26	-0.739	
17.27	-0.5641	
17.28	-0.4287	
17.29	-0.1945	
17.3	-0.0096	
17.31	0.2061	
17.32	0.3923	
17.33	0.6227	
17.34	0.8954	
17.35	1.126	
17.36	1.1741	
17.37	1.3506	
17.38	1.5146	
17.39	1.8236	
17.4	1.8595	
17.41	2.0621	
17.42	1.962	
17.43	2.2704	
17.44	1.978	
17.45	1.9756	
17.46	2.1378	
17.47	1.7991	
17.48	1.7118	
17.49	1.7212	
17.5	1.3986	
17.51	1.2152	
17.52	0.8889	
17.53	0.6799	
17.54	0.4284	
17.55	0.1974	
17.56	-0.0411	
17.57	-0.2668	
17.58	-0.5802	
17.59	-0.7073	
17.6	-0.924	
17.61	-1.1483	
17.62	-1.4544	
17.63	-1.4329	
17.64	-1.7389	
17.65	-1.5727	
17.66	-1.8362	
17.67	-1.8052	
17.68	-1.6753	
17.69	-1.9074	
17.7	-1.7735	
17.71	-1.6002	
17.72	-1.6143	
17.73	-1.4404	
17.74	-1.1563	
17.75	-1.1737	
17.76	-0.8992	
17.77	-0.7433	
17.78	-0.5637	
17.79	-0.4319	
17.8	-0.2969	
17.81	-0.1425	
17.82	-0.027	
17.83	0.0798	
17.84	0.191	
17.85	0.2767	
17.86	0.338	
17.87	0.3762	
17.88	0.3515	
17.89	0.387	
17.9	0.3628	
17.91	0.3145	
17.92	0.302	
17.93	0.1957	
17.94	0.1425	
17.95	0.0724	
17.96	-0.0045	
17.97	-0.0747	
17.98	-0.1741	
17.99	-0.215	
18.0	-0.2686	
18.01	-0.3572	
18.02	-0.3951	
18.03	-0.4251	
18.04	-0.4428	
18.05	-0.4541	
18.06	-0.3834	
18.07	-0.3854	
18.08	-0.3093	
18.09	-0.2704	
18.1	-0.2158	
18.11	-0.1537	
18.12	-0.0683	
18.13	0.0079	
18.14	0.0815	
18.15	0.1762	
18.16	0.2459	
18.17	0.3075	
18.18	0.3527	
