0.01	0.654	1.0132	
0.02	-0.7161	0.7999	
0.03	1.4134	-0.2959	
0.04	-0.1465	-0.7732	
0.05	0.5569	0.1165	
0.06	1.1959	1.2239	
0.07	-0.1685	1.2132	
0.08	1.7179	0.2759	
0.09	0.2748	-0.4341	
0.1	1.14	0.2273	
0.11	1.423	1.5574	
0.12	0.1883	1.6833	
0.13	1.9699	0.7855	
0.14	0.5144	-0.0887	
0.15	1.2096	0.3186	
0.16	1.6921	1.4791	
0.17	0.3222	1.9217	
0.18	2.3479	1.089	
0.19	0.4395	0.2047	
0.2	1.2718	0.3409	
0.21	1.4386	1.3312	
0.22	0.1793	1.9847	
0.23	2.0175	1.4884	
0.24	0.1898	0.4187	
0.25	1.1006	0.3343	
0.26	1.041	1.2539	
0.27	-0.1438	2.0947	
0.28	1.5482	1.7756	
0.29	-0.2391	0.6813	
0.3	0.7546	0.2288	
0.31	0.6807	1.1179	
0.32	-0.6374	2.0358	
0.33	1.1855	2.07	
0.34	-0.7437	0.7336	
0.35	0.2694	0.1211	
0.36	0.1927	0.8563	
0.37	-0.989	1.9727	
0.38	0.7458	1.9214	
0.39	-1.1163	0.8452	
0.4	0.0203	-0.0281	
0.41	-0.1199	0.4544	
0.42	-1.221	1.3922	
0.43	0.5582	1.8506	
0.44	-1.1772	0.8546	
0.45	-0.0361	-0.1813	
0.46	-0.1937	0.0181	
0.47	-1.1239	0.9902	
0.48	0.6408	1.5044	
0.49	-1.1083	0.7791	
0.5	0.1765	-0.3423	
0.51	-0.039	-0.3579	
0.52	-0.8016	0.6195	
0.53	0.9846	1.2604	
0.54	-0.8996	0.6477	
0.55	0.5919	-0.4504	
0.56	0.3675	-0.7885	
0.57	-0.3187	0.1486	
0.58	1.521	1.0758	
0.59	-0.3872	0.5682	
0.6	1.0696	-0.6035	
0.61	0.8797	-1.1151	
0.62	0.2331	-0.2659	
0.63	2.0838	0.7218	
0.64	0.1569	0.6083	
0.65	1.7755	-0.5374	
0.66	1.314	-1.2444	
0.67	0.7473	-0.6983	
0.68	2.235	0.4264	
0.69	0.6649	0.5652	
0.7	2.2993	-0.445	
0.71	1.5868	-1.2622	
0.72	1.2234	-0.9172	
0.73	2.6472	0.1788	
0.74	0.9377	0.571	
0.75	2.4532	-0.3152	
0.76	1.7287	-1.3865	
0.77	1.2401	-1.0691	
0.78	2.6389	-0.0113	
0.79	0.7727	0.6127	
0.8	2.5012	-0.0535	
0.81	1.6034	-1.0376	
0.82	1.3098	-1.1097	
0.83	2.4847	-0.1258	
0.84	0.5337	0.7483	
0.85	2.0071	0.2791	
0.86	1.2676	-0.8689	
0.87	0.9026	-1.1489	
0.88	1.9846	-0.1402	
0.89	0.1293	0.8616	
0.9	1.8217	0.6917	
0.91	0.694	-0.4024	
0.92	0.4097	-0.9617	
0.93	1.5739	-0.1029	
0.94	-0.3475	1.0784	
0.95	1.1955	1.0608	
0.96	0.2136	0.0787	
0.97	0.0005	-0.638	
0.98	1.2296	-0.0035	
0.99	-0.7221	1.2598	
1.0	1.015	1.488	
1.01	-0.1865	0.6584	
1.02	-0.2691	-0.2586	
1.03	0.9209	0.1383	
1.04	-1.0423	1.4445	
1.05	0.811	1.9456	
1.06	-0.3198	1.049	
1.07	-0.2821	0.1921	
1.08	0.818	0.2932	
1.09	-1.0294	1.4129	
1.1	0.9272	2.3869	
1.11	-0.2453	1.6125	
1.12	-0.0535	0.6748	
1.13	1.0239	0.4671	
1.14	-0.6228	1.5794	
1.15	1.1687	2.399	
1.16	0.0783	2.2135	
1.17	0.3657	1.0579	
1.18	1.4721	0.6989	
1.19	-0.2142	1.5264	
1.2	1.8844	2.695	
1.21	0.552	2.5851	
1.22	0.9949	1.3648	
1.23	1.8414	0.8245	
1.24	0.2758	1.6037	
1.25	2.1419	2.3479	
1.26	0.9107	2.7024	
1.27	1.4957	1.6066	
1.28	2.1926	0.874	
1.29	0.6732	1.2382	
1.3	2.4445	2.5336	
1.31	1.3188	2.8061	
1.32	1.9242	2.068	
1.33	2.5427	0.9936	
1.34	0.9012	1.128	
1.35	2.6844	2.4603	
1.36	1.3429	2.7895	
1.37	1.7556	1.9144	
1.38	2.5823	0.9902	
1.39	0.9779	0.7966	
1.4	2.5944	1.8647	
1.41	1.2914	2.4765	
1.42	1.9668	2.1834	
1.43	2.3743	0.8194	
1.44	0.7045	0.6104	
1.45	2.6919	1.5708	
1.46	0.7517	2.3889	
1.47	1.4681	1.9255	
1.48	1.7255	0.7338	
1.49	0.2569	0.2478	
1.5	2.0782	0.9902	
1.51	0.2763	1.8431	
1.52	0.8689	1.8086	
1.53	1.3086	0.7394	
1.54	-0.289	-0.0536	
1.55	1.3834	0.4949	
1.56	-0.3161	1.6356	
1.57	0.5221	1.5357	
1.58	0.619	0.586	
1.59	-0.7269	-0.3045	
1.6	1.128	0.005	
1.61	-0.7258	1.1002	
1.62	0.1321	1.5352	
1.63	0.2866	0.5954	
1.64	-0.9222	-0.4973	
1.65	0.8131	-0.4399	
1.66	-0.9072	0.6998	
1.67	0.0376	1.2882	
1.68	0.1337	0.5609	
1.69	-1.1059	-0.5653	
1.7	0.8498	-0.7764	
1.71	-0.8985	0.2482	
1.72	0.1742	1.1205	
1.73	0.2709	0.5821	
1.74	-0.829	-0.5336	
1.75	1.0119	-0.9105	
1.76	-0.7312	-0.0514	
1.77	0.5444	0.8658	
1.78	0.6123	0.6661	
1.79	-0.3649	-0.3777	
1.8	1.5925	-1.0369	
1.81	-0.2696	-0.2867	
1.82	1.0958	0.8859	
1.83	0.9846	0.9086	
1.84	0.105	-0.1695	
1.85	2.0007	-0.9608	
1.86	0.1549	-0.4275	
1.87	1.6116	0.7944	
1.88	1.4417	0.9789	
1.89	0.5654	0.1662	
1.9	2.0884	-0.7635	
1.91	0.5127	-0.4266	
1.92	1.7077	0.712	
1.93	1.5379	1.4057	
1.94	0.7335	0.6429	
1.95	2.6243	-0.4395	
1.96	0.6228	-0.3089	
1.97	1.8928	0.7635	
1.98	1.4856	1.6232	
1.99	0.8176	1.0912	
2.0	2.4822	-0.0112	
2.01	0.4199	-0.1715	
2.02	1.7141	0.8303	
2.03	1.3674	1.9868	
2.04	0.5483	1.4381	
2.05	2.1446	0.4274	
2.06	0.0003	0.0673	
2.07	1.4011	1.032	
2.08	0.7907	1.8842	
2.09	0.0487	2.0894	
2.1	1.4564	0.9083	
2.11	-0.5945	0.3159	
2.12	0.871	1.1262	
2.13	0.1224	2.405	
2.14	-0.4512	2.2924	
2.15	0.8855	1.4345	
2.16	-1.2349	0.6526	
2.17	0.342	1.183	
2.18	-0.4698	2.045	
2.19	-0.9593	2.8127	
2.2	0.3325	1.8718	
2.21	-1.5746	0.8865	
2.22	-0.0192	1.0854	
2.23	-0.826	2.4326	
2.24	-1.3094	2.6379	
2.25	0.0349	2.0088	
2.26	-1.7231	1.1093	
2.27	-0.1956	1.0122	
2.28	-1.0775	2.2062	
2.29	-1.2991	2.8955	
2.3	-0.0345	2.2634	
2.31	-1.9523	1.1986	
2.32	-0.098	0.9247	
2.33	-1.0304	2.0525	
2.34	-1.2362	2.58	
2.35	0.1445	2.6755	
2.36	-1.5729	1.3694	
2.37	0.2122	0.7934	
2.38	-0.8055	1.5523	
2.39	-0.7777	2.6744	
2.4	0.5069	2.64	
2.41	-1.3069	1.3813	
2.42	0.662	0.6561	
2.43	-0.3709	1.1952	
2.44	-0.2359	2.3796	
2.45	0.9769	2.6068	
2.46	-0.7421	1.5681	
2.47	1.0211	0.5017	
2.48	0.0138	0.7784	
2.49	0.1736	1.7716	
2.5	1.3023	2.2731	
2.51	-0.4023	1.4715	
2.52	1.5966	0.2499	
2.53	0.2293	0.3176	
2.54	0.4806	1.463	
2.55	1.5332	2.0215	
2.56	-0.3171	1.3551	
2.57	1.4262	0.0861	
2.58	0.2236	-0.1386	
2.59	0.5208	0.7292	
2.6	1.4527	1.4977	
2.61	-0.4207	1.1871	
2.62	1.2928	-0.0848	
2.63	-0.0258	-0.4914	
2.64	0.252	0.2777	
2.65	0.9197	1.235	
2.66	-0.7855	1.0718	
2.67	0.9273	-0.1913	
2.68	-0.4662	-0.8188	
2.69	-0.1745	-0.2197	
2.7	0.4229	0.7792	
2.71	-1.2597	0.947	
2.72	0.532	-0.2162	
2.73	-1.1607	-0.9724	
2.74	-0.7209	-0.6049	
2.75	-0.1701	0.5099	
2.76	-1.8077	0.7969	
2.77	-0.0402	-0.1584	
2.78	-1.5464	-1.0591	
2.79	-1.2694	-0.876	
2.8	-0.7048	0.1955	
2.81	-2.5048	0.788	
2.82	-0.5104	-0.0152	
2.83	-2.2447	-1.1265	
2.84	-1.4775	-1.0042	
2.85	-0.997	-0.0342	
2.86	-2.7812	0.6784	
2.87	-0.7209	0.1957	
2.88	-2.1869	-0.8848	
2.89	-1.6198	-1.1823	
2.9	-1.2067	-0.1889	
2.91	-2.3501	0.7171	
2.92	-0.6439	0.446	
2.93	-2.0933	-0.6411	
2.94	-1.3303	-1.0414	
2.95	-1.0114	-0.235	
2.96	-2.4712	0.8955	
2.97	-0.3123	0.8456	
2.98	-2.1538	-0.2268	
2.99	-1.006	-0.8976	
3.0	-0.6777	-0.2084	
3.01	-1.9395	0.8572	
3.02	0.1212	1.0636	
3.03	-1.3934	0.2087	
3.04	-0.4133	-0.6302	
3.05	-0.2334	-0.1434	
3.06	-1.2586	1.0751	
3.07	0.5317	1.4454	
3.08	-1.0298	0.7703	
3.09	0.0353	-0.2631	
3.1	0.151	-0.0479	
3.11	-0.8391	1.0436	
3.12	0.9238	1.9647	
3.13	-0.8749	1.1141	
3.14	0.3755	0.1516	
3.15	0.3755	0.0922	
3.16	-0.6757	1.2121	
3.17	1.0304	2.0002	
3.18	-0.6763	1.4995	
3.19	0.4155	0.4928	
3.2	0.301	0.2233	
3.21	-0.7071	1.0404	
3.22	1.0667	2.0409	
3.23	-0.8564	1.9731	
3.24	0.2791	0.8932	
3.25	-0.0011	0.3553	
3.26	-0.9096	1.1183	
3.27	0.6215	1.9958	
3.28	-1.4491	2.0286	
3.29	-0.0861	1.2416	
3.3	-0.5341	0.3774	
3.31	-1.3379	0.9971	
3.32	0.1196	2.1804	
3.33	-1.9326	2.3758	
3.34	-0.6246	1.3331	
3.35	-1.0953	0.4236	
3.36	-1.9706	0.6507	
3.37	-0.4102	1.8906	
3.38	-2.4997	2.203	
3.39	-1.0163	1.356	
3.4	-1.5699	0.4251	
3.41	-2.3339	0.3849	
3.42	-0.7671	1.3779	
3.43	-2.7748	2.3106	
3.44	-1.3504	1.4478	
3.45	-1.8664	0.3536	
3.46	-2.475	0.0836	
3.47	-1.0235	1.0561	
3.48	-2.9495	1.9348	
3.49	-1.2835	1.3676	
3.5	-1.8996	0.2233	
3.51	-2.693	-0.2654	
3.52	-0.9067	0.5377	
3.53	-3.0007	1.3572	
3.54	-1.1834	1.2552	
3.55	-1.8075	0.1071	
3.56	-2.1553	-0.6668	
3.57	-0.7237	-0.0345	
3.58	-2.4915	1.004	
3.59	-0.774	1.0784	
3.6	-1.5388	-0.0318	
3.61	-1.7915	-1.0173	
3.62	-0.2154	-0.5566	
3.63	-1.843	0.5205	
3.64	-0.2158	0.8711	
3.65	-0.944	-0.1672	
3.66	-1.2399	-1.093	
3.67	0.2453	-1.0279	
3.68	-1.3931	-0.0089	
3.69	0.308	0.468	
3.7	-0.5927	-0.2342	
3.71	-0.6062	-1.4444	
3.72	0.6484	-1.6201	
3.73	-1.13	-0.5002	
3.74	0.7282	0.2618	
3.75	-0.292	-0.2779	
3.76	-0.3454	-1.3453	
3.77	0.884	-1.8242	
3.78	-0.9877	-0.9757	
3.79	0.8128	0.0089	
3.8	-0.2415	-0.2691	
3.81	-0.254	-1.378	
3.82	0.8844	-2.0327	
3.83	-0.9904	-1.2498	
3.84	0.8041	-0.197	
3.85	-0.435	-0.2376	
3.86	-0.4229	-1.2622	
3.87	0.5065	-1.9655	
3.88	-1.3078	-1.5627	
3.89	0.4348	-0.3441	
3.9	-0.9601	-0.1063	
3.91	-0.753	-1.1135	
3.92	0.075	-1.7575	
3.93	-1.7591	-1.4868	
3.94	0.0038	-0.427	
3.95	-1.3282	0.0673	
3.96	-1.3258	-0.7882	
3.97	-0.4119	-1.835	
3.98	-2.4367	-1.5744	
3.99	-0.4127	-0.4496	
4.0	-1.9674	0.2577	
4.01	-1.663	-0.3598	
4.02	-0.8203	-1.5309	
4.03	-2.4337	-1.5584	
4.04	-0.658	-0.4129	
4.05	-2.011	0.4278	
4.06	-1.6518	0.1112	
4.07	-1.1275	-1.0576	
4.08	-2.4428	-1.4359	
4.09	-0.8475	-0.4086	
4.1	-2.0342	0.6954	
4.11	-1.7758	0.4814	
4.12	-0.9641	-0.5457	
4.13	-2.6935	-1.149	
4.14	-0.5525	-0.307	
4.15	-1.8926	0.7689	
4.16	-1.3814	0.8598	
4.17	-0.6789	-0.0716	
4.18	-2.3068	-0.8148	
4.19	-0.1481	-0.281	
4.2	-1.7561	0.9281	
4.21	-0.7623	1.242	
4.22	-0.2263	0.3818	
4.23	-1.5375	-0.5698	
4.24	0.4084	-0.2924	
4.25	-1.0343	0.9726	
4.26	-0.233	1.4222	
4.27	0.3041	0.7984	
4.28	-0.9721	-0.3028	
4.29	0.9847	-0.2886	
4.3	-0.5335	0.7409	
4.31	0.3039	1.6326	
4.32	0.6722	1.0235	
4.33	-0.5045	-0.108	
4.34	1.5129	-0.3327	
4.35	-0.2284	0.6303	
4.36	0.6535	1.5894	
4.37	0.9488	1.1254	
4.38	-0.2649	0.0304	
4.39	1.4642	-0.478	
4.4	-0.104	0.3263	
4.41	0.8411	1.4601	
4.42	1.0982	1.207	
4.43	-0.2335	0.1125	
4.44	1.5121	-0.6759	
4.45	-0.2775	-0.0362	
4.46	0.708	1.1353	
4.47	0.79	1.0975	
4.48	-0.4937	0.1006	
4.49	1.3374	-0.7355	
4.5	-0.6343	-0.4857	
4.51	0.4266	0.5942	
4.52	0.2988	0.9371	
4.53	-0.8116	0.046	
4.54	0.8137	-1.0218	
4.55	-0.9935	-0.997	
4.56	0.0227	0.1357	
4.57	-0.153	0.6918	
4.58	-1.3113	-0.0565	
4.59	0.4148	-1.1038	
4.6	-1.5885	-1.4839	
4.61	-0.335	-0.3926	
4.62	-0.5873	0.3051	
4.63	-1.6204	-0.1989	
4.64	0.1046	-1.34	
4.65	-1.8844	-1.7529	
4.66	-0.562	-0.9819	
4.67	-0.8431	-0.0574	
4.68	-1.642	-0.3422	
4.69	0.0067	-1.4227	
4.7	-2.007	-2.0646	
4.71	-0.4336	-1.4236	
4.72	-0.8024	-0.4795	
4.73	-1.4814	-0.495	
4.74	0.1845	-1.6298	
4.75	-1.6198	-2.596	
4.76	-0.1476	-2.0949	
4.77	-0.5188	-0.7819	
4.78	-1.0187	-0.6068	
4.79	0.6062	-1.7812	
4.8	-1.3094	-2.557	
4.81	0.3451	-2.1646	
4.82	-0.0351	-1.2071	
4.83	-0.5729	-0.7492	
4.84	1.0342	-1.5652	
4.85	-0.6384	-2.7029	
4.86	0.9231	-2.7898	
4.87	0.4935	-1.4343	
4.88	0.0554	-0.7895	
4.89	1.7681	-1.2353	
4.9	-0.1273	-2.5303	
4.91	1.4653	-2.9231	
4.92	0.8708	-1.5386	
4.93	0.532	-0.8374	
4.94	2.0424	-1.0659	
4.95	0.2445	-2.085	
4.96	2.0317	-2.8441	
4.97	1.2876	-1.763	
4.98	0.8443	-0.6616	
4.99	2.4627	-0.8168	
5.0	0.4226	-1.92	
5.01	1.9928	-2.4946	
5.02	1.2289	-1.7364	
5.03	0.8798	-0.6471	
5.04	2.2054	-0.5314	
5.05	0.3668	-1.4626	
5.06	1.866	-2.1541	
5.07	0.9481	-1.6861	
5.08	0.7069	-0.5922	
5.09	2.0228	-0.1347	
5.1	0.0246	-0.9279	
5.11	1.7595	-1.9322	
5.12	0.6559	-1.7841	
5.13	0.4236	-0.4888	
5.14	1.6077	0.2014	
5.15	-0.438	-0.5003	
5.16	1.3965	-1.5043	
5.17	0.1131	-1.4548	
5.18	-0.0233	-0.335	
5.19	1.1124	0.4299	
5.2	-0.8668	-0.0043	
5.21	0.9191	-1.1495	
5.22	-0.3045	-1.3961	
5.23	-0.3565	-0.3036	
5.24	0.5987	0.661	
5.25	-1.0662	0.4141	
5.26	0.6839	-0.7443	
5.27	-0.6003	-1.2312	
5.28	-0.5143	-0.3434	
5.29	0.535	0.6843	
5.3	-1.2088	0.704	
5.31	0.6437	-0.3509	
5.32	-0.6828	-1.0836	
5.33	-0.3383	-0.431	
5.34	0.6182	0.6812	
5.35	-1.038	0.9815	
5.36	0.934	-0.0388	
5.37	-0.3748	-0.9606	
5.38	-0.0085	-0.569	
5.39	0.8802	0.5284	
5.4	-0.7235	1.0434	
5.41	1.2933	0.1596	
5.42	0.0354	-0.9388	
5.43	0.5008	-0.8145	
5.44	1.3585	0.3241	
5.45	-0.1144	0.9288	
5.46	1.9089	0.2515	
5.47	0.5683	-0.8524	
5.48	1.0613	-0.9509	
5.49	1.8769	-0.0569	
5.5	0.3907	0.7062	
5.51	2.2603	0.3048	
5.52	0.9323	-0.8578	
5.53	1.6354	-1.4541	
5.54	2.1886	-0.4518	
5.55	0.7869	0.4067	
5.56	3.0114	0.192	
5.57	1.2857	-0.9645	
5.58	2.0483	-1.5517	
5.59	2.6788	-0.9178	
5.6	1.0441	0.0403	
5.61	2.8776	0.0371	
5.62	1.3577	-1.0051	
5.63	1.8449	-1.9714	
5.64	2.4626	-1.4398	
5.65	0.8478	-0.4125	
5.66	2.6852	-0.175	
5.67	1.1093	-1.2427	
5.68	1.7989	-2.2897	
5.69	1.9456	-1.8607	
5.7	0.5793	-0.8917	
5.71	2.3264	-0.3989	
5.72	0.5911	-1.2822	
5.73	1.4135	-2.5285	
5.74	1.5268	-2.3843	
5.75	0.1573	-1.3898	
5.76	1.8546	-0.6885	
5.77	0.0862	-1.2263	
5.78	0.8802	-2.4786	
5.79	0.9572	-2.5809	
5.8	-0.3101	-1.8334	
5.81	1.526	-0.8419	
5.82	-0.3668	-1.1836	
5.83	0.568	-2.2722	
5.84	0.5627	-3.0508	
5.85	-0.6976	-1.9994	
5.86	1.1748	-1.1975	
5.87	-0.7034	-1.1649	
5.88	0.3075	-2.2124	
5.89	0.2935	-3.2092	
5.9	-0.8172	-2.2307	
5.91	0.9401	-1.1351	
5.92	-0.7401	-1.022	
5.93	0.3677	-2.0993	
5.94	0.2953	-2.9966	
5.95	-0.74	-2.2737	
5.96	1.1146	-1.2258	
5.97	-0.6843	-0.9627	
5.98	0.648	-1.8545	
5.99	0.5305	-2.6897	
6.0	-0.3149	-2.478	
6.01	1.5725	-1.3261	
6.02	-0.2625	-0.6904	
6.03	1.1629	-1.3333	
6.04	1.0207	-2.1674	
6.05	0.1785	-2.1861	
6.06	1.8886	-1.2484	
6.07	0.2063	-0.4903	
6.08	1.6286	-0.9684	
6.09	1.3629	-2.0249	
6.1	0.7592	-2.2417	
6.11	2.556	-1.3279	
6.12	0.5707	-0.2352	
6.13	2.1935	-0.3661	
6.14	1.8108	-1.4518	
6.15	1.1378	-2.0109	
6.16	2.8673	-1.1453	
6.17	0.81	-0.0049	
6.18	2.4486	0.0615	
6.19	2.004	-1.0149	
6.2	1.301	-1.6818	
6.21	2.9555	-1.1109	
6.22	0.951	0.1801	
6.23	2.3075	0.5041	
6.24	1.8157	-0.4711	
6.25	1.2928	-1.2756	
6.26	2.5123	-0.9034	
6.27	0.7423	0.2652	
6.28	2.1144	0.8196	
6.29	1.4637	0.037	
6.3	0.9371	-0.9405	
6.31	2.4509	-0.7824	
6.32	0.2462	0.3073	
6.33	1.6113	0.9293	
6.34	0.9802	0.4248	
6.35	0.3851	-0.6487	
6.36	1.5215	-0.7328	
6.37	-0.3077	0.2224	
6.38	1.3213	1.0644	
6.39	0.3195	0.6715	
6.4	-0.15	-0.3803	
6.41	1.1673	-0.8901	
6.42	-0.9135	0.0418	
6.43	0.6971	1.0487	
6.44	-0.2209	0.8244	
6.45	-0.5264	-0.2159	
6.46	0.7306	-0.9111	
6.47	-1.2385	-0.211	
6.48	0.447	0.8486	
6.49	-0.5802	0.858	
6.5	-0.8009	-0.1169	
6.51	0.4496	-0.9145	
6.52	-1.499	-0.5651	
6.53	0.414	0.5226	
6.54	-0.574	0.9199	
6.55	-0.7389	-0.0696	
6.56	0.5199	-1.149	
6.57	-1.1721	-0.8415	
6.58	0.6522	0.1871	
6.59	-0.4321	0.6981	
6.6	-0.3532	-0.1005	
6.61	0.7555	-1.2399	
6.62	-0.9483	-1.4171	
6.63	1.092	-0.2934	
6.64	-0.0955	0.4259	
6.65	0.0825	-0.1513	
6.66	1.2282	-1.2966	
6.67	-0.4585	-1.5682	
6.68	1.6107	-0.8436	
6.69	0.2963	0.0892	
6.7	0.5872	-0.2702	
6.71	1.6662	-1.3468	
6.72	-0.0493	-1.8505	
6.73	2.0158	-1.3599	
6.74	0.5859	-0.2517	
6.75	1.0209	-0.3808	
6.76	1.9766	-1.5586	
6.77	0.2175	-2.1195	
6.78	2.0986	-1.532	
6.79	0.8079	-0.6258	
6.8	1.1934	-0.4252	
6.81	2.0696	-1.4258	
6.82	0.2661	-2.4682	
6.83	2.3135	-2.1687	
6.84	0.7316	-0.8584	
6.85	0.971	-0.5754	
6.86	1.7022	-1.5052	
6.87	0.0562	-2.3222	
6.88	2.0345	-2.1817	
6.89	0.3193	-1.2951	
6.9	0.7411	-0.6048	
6.91	1.1994	-1.2846	
6.92	-0.3892	-2.4219	
6.93	1.4224	-2.5966	
6.94	-0.2352	-1.4595	
6.95	0.236	-0.5802	
6.96	0.696	-0.9143	
6.97	-0.8743	-1.9432	
6.98	0.8135	-2.2127	
6.99	-0.8651	-1.3574	
7.0	-0.2508	-0.429	
7.01	0.0822	-0.6114	
7.02	-1.3522	-1.6151	
7.03	0.2961	-2.4568	
7.04	-1.525	-1.5349	
7.05	-0.7394	-0.391	
7.06	-0.4402	-0.2497	
7.07	-1.7671	-1.3569	
7.08	-0.0348	-2.0242	
7.09	-1.8636	-1.4514	
7.1	-0.98	-0.2244	
7.11	-0.6182	0.1115	
7.12	-1.9447	-0.6999	
7.13	-0.147	-1.4806	
7.14	-1.8081	-1.3932	
7.15	-0.9234	-0.0777	
7.16	-0.698	0.5217	
7.17	-1.8033	-0.1894	
7.18	-0.0169	-1.0763	
7.19	-1.878	-1.0866	
7.2	-0.5934	0.0725	
7.21	-0.5016	0.8312	
7.22	-1.7364	0.3334	
7.23	0.3063	-0.7243	
7.24	-1.5065	-0.872	
7.25	-0.2295	0.1677	
7.26	-0.0901	1.1987	
7.27	-1.2247	0.7742	
7.28	0.7663	-0.232	
7.29	-0.9558	-0.6179	
7.3	0.304	0.2672	
7.31	0.3251	1.4609	
7.32	-0.6323	1.3434	
7.33	1.172	0.2024	
7.34	-0.6251	-0.3759	
7.35	0.7142	0.2695	
7.36	0.6288	1.5209	
7.37	-0.3214	1.5086	
7.38	1.2984	0.617	
7.39	-0.4293	-0.2094	
7.4	0.8308	0.2539	
7.41	0.7346	1.4922	
7.42	-0.2236	1.685	
7.43	1.375	0.9335	
7.44	-0.4935	-0.0547	
7.45	0.8887	0.1459	
7.46	0.5412	1.3437	
7.47	-0.3922	1.887	
7.48	1.2551	1.0481	
7.49	-0.6948	0.043	
7.5	0.5846	-0.0307	
7.51	0.0664	1.0396	
7.52	-0.8411	1.8914	
7.53	0.7349	1.1778	
7.54	-1.1554	0.085	
7.55	0.091	-0.2384	
7.56	-0.5114	0.594	
7.57	-1.3435	1.6147	
7.58	0.1754	1.1964	
7.59	-1.7728	0.0871	
7.6	-0.407	-0.4896	
7.61	-1.1908	0.2452	
7.62	-1.9211	1.212	
7.63	-0.3925	1.1657	
7.64	-2.5035	0.0651	
7.65	-0.7976	-0.6721	
7.66	-1.644	-0.2262	
7.67	-2.0727	0.7913	
7.68	-0.7737	1.0193	
7.69	-2.9605	0.0154	
7.7	-1.0279	-0.8553	
7.71	-1.7714	-0.6734	
7.72	-2.2826	0.4267	
7.73	-0.8894	0.8673	
7.74	-2.9875	-0.0332	
7.75	-1.181	-1.0801	
7.76	-1.9487	-1.1765	
7.77	-2.4202	-0.0223	
7.78	-0.7797	0.5897	
7.79	-2.5942	-0.057	
7.8	-0.8023	-1.1837	
7.81	-1.7224	-1.4757	
7.82	-1.9662	-0.4202	
7.83	-0.4493	0.4244	
7.84	-2.0551	-0.0486	
7.85	-0.432	-1.138	
7.86	-1.3381	-1.5982	
7.87	-1.2411	-0.8302	
7.88	0.0013	0.2001	
7.89	-1.8189	0.0085	
7.9	0.1119	-1.0496	
7.91	-0.8773	-1.8954	
7.92	-0.8926	-1.162	
7.93	0.4565	0.0367	
7.94	-1.2169	0.1215	
7.95	0.5767	-0.8878	
7.96	-0.4999	-1.7157	
7.97	-0.4641	-1.2401	
7.98	0.7163	-0.0655	
7.99	-1.0285	0.2953	
8.0	0.7469	-0.5825	
8.01	-0.2979	-1.3911	
8.02	-0.2241	-1.3288	
8.03	0.7486	-0.1106	
8.04	-1.0114	0.4564	
8.05	0.7623	-0.1938	
8.06	-0.4211	-1.2908	
8.07	-0.339	-1.3021	
8.08	0.5959	-0.0778	
8.09	-1.2893	0.7757	
8.1	0.5391	0.2569	
8.11	-0.7574	-0.7509	
8.12	-0.618	-0.987	
8.13	0.1782	-0.0039	
8.14	-1.7135	1.0422	
8.15	0.1647	0.711	
8.16	-1.3742	-0.3543	
8.17	-0.9977	-0.7132	
8.18	-0.3268	0.1124	
8.19	-2.098	1.2638	
8.2	-0.3028	1.2773	
8.21	-1.771	0.213	
8.22	-1.5802	-0.388	
8.23	-0.8897	0.2435	
8.24	-2.7068	1.4997	
8.25	-0.7516	1.8203	
8.26	-2.3033	0.6993	
8.27	-1.7979	-0.0646	
8.28	-1.3408	0.4111	
8.29	-3.0956	1.4583	
8.3	-1.002	2.1753	
8.31	-2.4633	1.207	
8.32	-2.1673	0.332	
8.33	-1.4318	0.4763	
8.34	-3.0097	1.6437	
8.35	-0.9942	2.3453	
8.36	-2.4067	1.6785	
8.37	-1.9855	0.645	
8.38	-1.3091	0.6508	
8.39	-2.6266	1.5244	
8.4	-0.6695	2.3506	
8.41	-2.4417	2.2576	
8.42	-1.4542	0.9169	
8.43	-0.9778	0.6902	
8.44	-2.4568	1.6444	
8.45	-0.2418	2.3523	
8.46	-1.7027	2.1103	
8.47	-0.8348	1.1827	
8.48	-0.4612	0.612	
8.49	-1.5946	1.4338	
8.5	0.2823	2.4424	
8.51	-1.2494	2.4023	
8.52	-0.2978	1.3058	
8.53	0.0331	0.5807	
8.54	-1.16	1.1572	
8.55	0.7289	2.2534	
8.56	-0.9135	2.4571	
8.57	0.1533	1.5415	
8.58	0.3694	0.4764	
8.59	-0.8328	0.7895	
8.6	1.0709	1.7247	
8.61	-0.604	2.5301	
8.62	0.4016	1.5757	
8.63	0.4795	0.4315	
8.64	-0.6275	0.3633	
8.65	1.1771	1.3838	
8.66	-0.6415	2.1292	
8.67	0.4322	1.4845	
8.68	0.386	0.2985	
8.69	-0.7837	0.0226	
8.7	0.9334	0.9144	
8.71	-0.9456	1.7044	
8.72	0.2242	1.3299	
8.73	0.0258	0.1568	
8.74	-1.0165	-0.3002	
8.75	0.6626	0.4598	
8.76	-1.3841	1.4152	
8.77	-0.1691	1.1596	
8.78	-0.4377	0.0858	
8.79	-1.6465	-0.6766	
8.8	0.1258	-0.0132	
8.81	-1.9638	0.9576	
8.82	-0.5719	1.2193	
8.83	-0.8676	0.0514	
8.84	-1.8138	-0.8179	
8.85	-0.302	-0.4378	
8.86	-2.0322	0.6847	
8.87	-0.9828	1.0476	
8.88	-1.4454	0.0884	
8.89	-2.0236	-0.8863	
8.9	-0.5838	-0.7906	
8.91	-2.6229	0.3557	
8.92	-0.9601	0.8905	
8.93	-1.5661	0.1895	
8.94	-2.3351	-0.8514	
8.95	-0.4867	-1.0001	
8.96	-2.6362	0.1104	
8.97	-0.7984	0.7971	
8.98	-1.3395	0.3547	
8.99	-1.891	-0.7001	
9.0	-0.2877	-1.032	
9.01	-1.9696	-0.0659	
9.02	-0.4145	0.8137	
9.03	-1.0629	0.6889	
9.04	-1.3595	-0.5138	
9.05	0.1892	-0.9465	
9.06	-1.6659	-0.151	
9.07	0.1054	0.9315	
9.08	-0.4759	0.9437	
9.09	-0.8608	-0.0886	
9.1	0.7332	-0.7965	
9.11	-0.9903	-0.1409	
9.12	0.7296	0.9496	
9.13	0.0566	1.2981	
9.14	-0.2247	0.3828	
9.15	1.2803	-0.4638	
9.16	-0.5423	-0.0746	
9.17	1.2472	1.0945	
9.18	0.4998	1.6748	
9.19	0.2286	0.9603	
9.2	1.6266	-0.0871	
9.21	-0.225	0.0817	
9.22	1.4236	1.2387	
9.23	0.6597	2.0454	
9.24	0.4845	1.3556	
9.25	1.8724	0.3282	
9.26	-0.1321	0.2645	
9.27	1.6724	1.3657	
9.28	0.5684	2.4546	
9.29	0.4135	2.0612	
9.3	1.692	0.8303	
9.31	-0.3217	0.4906	
9.32	1.4727	1.3227	
9.33	0.2706	2.4994	
9.34	0.1502	2.562	
9.35	1.2309	1.2861	
9.36	-0.7299	0.7737	
9.37	0.9526	1.4906	
9.38	-0.1965	2.6737	
9.39	-0.2277	2.577	
9.4	0.6703	1.8084	
9.41	-1.0446	0.9935	
9.42	0.5672	1.3841	
9.43	-0.6445	2.5967	
9.44	-0.5737	2.814	
9.45	0.2792	1.9862	
9.46	-1.5754	1.0625	
9.47	0.2844	1.3888	
9.48	-1.1269	2.5209	
9.49	-0.9342	2.7594	
9.5	0.0088	2.0416	
9.51	-1.6202	1.1371	
9.52	0.1404	1.2243	
9.53	-1.1671	2.0816	
9.54	-0.9828	3.177	
9.55	-0.032	2.3501	
9.56	-1.6854	1.2249	
9.57	0.228	0.9594	
9.58	-1.1734	1.9946	
9.59	-0.6451	2.6564	
9.6	0.1897	2.5192	
9.61	-1.2895	1.3056	
9.62	0.6139	0.719	
9.63	-0.7318	1.565	
9.64	-0.1654	2.4274	
9.65	0.6255	2.0812	
9.66	-0.8675	1.2555	
9.67	1.0707	0.4019	
9.68	-0.2665	1.0287	
9.69	0.4368	1.9846	
9.7	1.1102	2.0685	
9.71	-0.3059	1.177	
9.72	1.6426	0.1481	
9.73	0.2792	0.5232	
9.74	1.121	1.6597	
9.75	1.6796	1.8554	
9.76	0.2603	0.9629	
9.77	2.2977	-0.082	
9.78	0.7553	0.0141	
9.79	1.5722	1.028	
9.8	2.1537	1.6989	
9.81	0.5491	0.8039	
9.82	2.4352	-0.2764	
9.83	0.898	-0.4138	
9.84	1.8659	0.6074	
9.85	2.0069	1.3967	
9.86	0.7423	0.8093	
9.87	2.4673	-0.3843	
9.88	0.8679	-0.758	
9.89	1.5466	0.1146	
9.9	2.1029	0.9766	
9.91	0.5992	0.7866	
9.92	2.559	-0.3435	
9.93	0.5827	-1.0295	
9.94	1.4575	-0.2523	
9.95	1.4957	0.7495	
9.96	0.2318	0.7765	
9.97	2.115	-0.2952	
9.98	0.1289	-1.1241	
9.99	1.0178	-0.5066	
10.0	0.9636	0.5608	
10.01	-0.235	0.8498	
10.02	1.6062	-0.0947	
10.03	-0.3459	-1.0863	
10.04	0.6524	-0.6492	
10.05	0.5674	0.4753	
10.06	-0.6651	0.9825	
10.07	1.0759	0.1964	
10.08	-0.7725	-0.754	
10.09	0.3306	-0.7847	
10.1	0.1986	0.3728	
10.11	-0.8308	1.1668	
10.12	0.9698	0.5545	
10.13	-0.9054	-0.5762	
10.14	0.277	-0.6825	
10.15	0.1081	0.3656	
10.16	-0.8089	1.2875	
10.17	0.9467	0.86	
10.18	-0.9746	-0.1448	
10.19	0.4474	-0.5001	
10.2	0.2694	0.3564	
10.21	-0.6309	1.4469	
10.22	1.1085	1.488	
10.23	-0.5829	0.304	
10.24	0.819	-0.2624	
10.25	0.5767	0.4873	
10.26	-0.1218	1.6708	
10.27	1.7119	1.792	
10.28	-0.1438	0.745	
10.29	1.303	0.0461	
10.3	1.0946	0.5828	
10.31	0.4725	1.8428	
10.32	2.2007	2.29	
10.33	0.3742	1.285	
10.34	2.0979	0.4061	
10.35	1.5506	0.6923	
10.36	0.9961	1.756	
10.37	2.3797	2.523	
10.38	0.7798	1.714	
10.39	2.2572	0.6512	
10.4	1.9022	0.7329	
10.41	1.3695	1.7024	
10.42	3.067	2.7139	
10.43	1.0508	2.2809	
10.44	2.6568	1.001	
10.45	1.9229	0.6873	
10.46	1.5296	1.5856	
10.47	2.8828	2.5258	
10.48	0.9095	2.2621	
10.49	2.6325	1.2676	
10.5	1.6119	0.7719	
10.51	1.2329	1.4839	
10.52	2.5146	2.4374	
10.53	0.7262	2.6542	
10.54	2.0599	1.2626	
10.55	1.4287	0.672	
10.56	0.9096	1.1656	
10.57	2.3046	2.3089	
10.58	0.1989	2.5332	
10.59	1.689	1.5052	
10.6	0.7439	0.5056	
10.61	0.452	0.7751	
10.62	1.5843	1.9338	
10.63	-0.3064	2.3439	
10.64	1.4501	1.4984	
10.65	0.2512	0.3931	
10.66	0.0115	0.442	
10.67	1.1256	1.4554	
10.68	-0.8232	2.1568	
10.69	0.8499	1.3879	
10.7	-0.1607	0.2338	
10.71	-0.2978	0.029	
10.72	0.8341	1.0015	
10.73	-0.9596	1.8885	
10.74	0.7642	1.3222	
10.75	-0.3821	0.0487	
10.76	-0.3223	-0.3835	
10.77	0.7905	0.3911	
10.78	-0.9182	1.2236	
10.79	0.8431	1.0337	
10.8	-0.2956	-0.0988	
10.81	-0.1303	-0.7555	
10.82	0.9745	-0.1197	
10.83	-0.6966	0.9579	
10.84	1.1678	0.8371	
10.85	-0.011	-0.2297	
10.86	0.2435	-0.977	
10.87	1.271	-0.6588	
10.88	-0.3573	0.4507	
10.89	1.4837	0.6402	
10.9	0.3891	-0.3119	
10.91	0.7286	-1.2832	
10.92	1.8684	-1.1342	
10.93	0.1484	0.031	
10.94	1.9264	0.4814	
10.95	0.8024	-0.2688	
10.96	1.2362	-1.4259	
10.97	2.1596	-1.4679	
10.98	0.6153	-0.3626	
10.99	2.5407	0.4025	
11.0	1.1202	-0.1888	
11.01	1.6325	-1.3908	
11.02	2.5171	-1.5601	
11.03	0.8091	-0.5833	
11.04	2.5527	0.2614	
11.05	1.1569	-0.0579	
11.06	1.677	-1.1646	
11.07	2.1405	-1.5347	
11.08	0.7982	-0.8762	
11.09	2.5903	0.2352	
11.1	0.9984	0.1367	
11.11	1.4948	-0.8369	
11.12	1.8713	-1.58	
11.13	0.4465	-0.8705	
11.14	2.4753	0.2129	
11.15	0.6103	0.3775	
11.16	1.2645	-0.5373	
11.17	1.4219	-1.4965	
11.18	-0.0355	-0.993	
11.19	1.7227	0.2719	
11.2	-0.007	0.6535	
11.21	0.6346	-0.1342	
11.22	0.8543	-1.183	
11.23	-0.5811	-0.7746	
11.24	1.2867	0.292	
11.25	-0.571	0.9746	
11.26	0.1428	0.3218	
11.27	0.3523	-0.6874	
11.28	-1.0495	-0.6927	
11.29	0.7539	0.3458	
11.3	-1.0931	1.1148	
11.31	-0.1977	0.8041	
11.32	-0.0489	-0.3021	
11.33	-1.4041	-0.6068	
11.34	0.4484	0.4185	
11.35	-1.355	1.3375	
11.36	-0.3166	1.1421	
11.37	-0.2312	0.1227	
11.38	-1.2996	-0.3891	
11.39	0.4059	0.4177	
11.4	-1.2539	1.4855	
11.41	-0.1867	1.6167	
11.42	-0.1155	0.5508	
11.43	-1.285	-0.1984	
11.44	0.7326	0.365	
11.45	-1.1337	1.6586	
11.46	0.147	1.88	
11.47	0.1972	0.8029	
11.48	-0.7579	-0.0415	
11.49	1.0483	0.2996	
11.5	-0.6367	1.5603	
11.51	0.6012	1.9446	
11.52	0.6224	1.0658	
11.53	-0.3485	0.0659	
11.54	1.4413	0.1279	
11.55	-0.2544	1.337	
11.56	1.1715	1.9524	
11.57	0.9342	1.2931	
11.58	0.0993	0.1104	
11.59	1.7026	-0.0709	
11.6	0.0471	0.9163	
11.61	1.3601	1.8588	
11.62	1.0576	1.2921	
11.63	0.3585	0.1124	
11.64	2.017	-0.3103	
11.65	0.1447	0.492	
11.66	1.6207	1.5185	
11.67	1.1667	1.231	
11.68	0.3247	0.0655	
11.69	1.7441	-0.649	
11.7	-0.0291	-0.0001	
11.71	1.4801	1.0909	
11.72	0.8296	1.0889	
11.73	0.0524	-0.0277	
11.74	1.5134	-0.8826	
11.75	-0.4383	-0.4648	
11.76	1.0416	0.593	
11.77	0.316	0.7879	
11.78	-0.4098	-0.1505	
11.79	1.0439	-1.2714	
11.8	-1.021	-0.9806	
11.81	0.4443	0.0269	
11.82	-0.3183	0.4689	
11.83	-0.9434	-0.2976	
11.84	0.398	-1.4226	
11.85	-1.6774	-1.4766	
11.86	-0.0833	-0.4726	
11.87	-0.8762	0.2013	
11.88	-1.4052	-0.3848	
11.89	-0.0888	-1.6117	
11.9	-2.2054	-1.9295	
11.91	-0.4564	-0.9234	
11.92	-1.2275	-0.1435	
11.93	-1.598	-0.4914	
11.94	-0.4183	-1.6303	
11.95	-2.2013	-2.2006	
11.96	-0.6101	-1.3607	
11.97	-1.559	-0.4279	
11.98	-1.7233	-0.5691	
11.99	-0.4634	-1.7073	
12.0	-2.2169	-2.4679	
12.01	-0.5502	-1.9874	
12.02	-1.5962	-0.6767	
12.03	-1.6903	-0.5156	
12.04	-0.2865	-1.5544	
12.05	-2.0483	-2.3053	
12.06	-0.2178	-1.8961	
12.07	-1.1362	-0.8514	
12.08	-1.121	-0.5599	
12.09	0.0783	-1.3143	
12.1	-1.7859	-2.3181	
12.11	0.2278	-2.0376	
12.12	-0.8508	-1.1659	
12.13	-0.6436	-0.4133	
12.14	0.5333	-1.0231	
12.15	-1.2658	-2.2416	
12.16	0.7634	-2.3026	
12.17	-0.3943	-1.0572	
12.18	-0.2315	-0.2982	
12.19	0.8283	-0.6458	
12.2	-0.8817	-1.6942	
12.21	1.0043	-2.2484	
12.22	-0.1565	-1.2187	
12.23	0.0504	-0.1331	
12.24	1.0521	-0.3037	
12.25	-0.6287	-1.4644	
12.26	1.0639	-2.0837	
12.27	-0.1245	-1.1139	
12.28	0.092	0.0049	
12.29	0.9311	0.1023	
12.3	-0.7777	-0.8285	
12.31	0.9928	-1.6658	
12.32	-0.3814	-0.9609	
12.33	-0.1079	0.1423	
12.34	0.6571	0.4514	
12.35	-1.0751	-0.4148	
12.36	0.73	-1.364	
12.37	-0.8446	-0.9419	
12.38	-0.5463	0.198	
12.39	0.103	0.725	
12.4	-1.649	0.045	
12.41	0.1735	-0.9288	
12.42	-1.2923	-0.9014	
12.43	-1.0116	0.2566	
12.44	-0.4684	1.0072	
12.45	-2.3243	0.4116	
12.46	-0.3266	-0.6522	
12.47	-2.0946	-0.7639	
12.48	-1.34	0.1732	
12.49	-0.9281	1.1044	
12.5	-2.6571	0.7449	
12.51	-0.7888	-0.3652	
12.52	-2.2746	-0.8569	
12.53	-1.9272	0.0494	
12.54	-1.2778	1.0145	
12.55	-2.9606	0.893	
12.56	-0.9745	-0.1396	
12.57	-2.4972	-0.8729	
12.58	-1.9346	-0.1608	
12.59	-1.4454	0.8637	
12.6	-2.8032	1.1089	
12.61	-0.8024	0.0016	
12.62	-2.4173	-0.7927	
12.63	-1.6335	-0.5004	
12.64	-1.2799	0.6945	
12.65	-2.4965	0.9813	
12.66	-0.501	0.063	
12.67	-2.3654	-1.0381	
12.68	-1.19	-0.8352	
12.69	-0.9096	0.2443	
12.7	-2.0988	0.8532	
12.71	-0.0819	0.0486	
12.72	-1.69	-1.0869	
12.73	-0.6341	-1.0891	
12.74	-0.393	-0.2067	
12.75	-1.5969	0.4921	
12.76	0.4165	-0.0458	
12.77	-1.2488	-1.3381	
12.78	-0.1243	-1.6265	
12.79	0.0145	-0.8152	
12.8	-0.9799	0.1336	
12.81	0.834	-0.2004	
12.82	-0.8923	-1.345	
12.83	0.2093	-2.0551	
12.84	0.2263	-1.3607	
12.85	-0.8672	-0.2978	
12.86	0.9267	-0.3927	
12.87	-0.8022	-1.5451	
12.88	0.3205	-2.2075	
12.89	0.2131	-1.8462	
12.9	-0.762	-0.7904	
12.91	0.9443	-0.5218	
12.92	-1.0087	-1.712	
12.93	0.1978	-2.3142	
12.94	-0.037	-2.3881	
12.95	-1.0385	-1.2423	
12.96	0.6477	-0.6802	
12.97	-1.4087	-1.5754	
12.98	-0.1166	-2.6002	
12.99	-0.5143	-2.4025	
13.0	-1.3788	-1.5851	
13.01	0.1236	-0.8164	
13.02	-1.8794	-1.5412	
13.03	-0.5795	-2.9162	
13.04	-1.0283	-2.6581	
13.05	-1.9861	-1.8288	
13.06	-0.3452	-1.0932	
13.07	-2.1699	-1.4268	
13.08	-0.9282	-2.346	
13.09	-1.62	-2.7582	
13.1	-2.3752	-1.9318	
13.11	-0.8414	-1.0943	
13.12	-2.988	-1.1251	
13.13	-1.1769	-2.1061	
13.14	-2.0148	-3.1295	
13.15	-2.685	-2.1499	
13.16	-0.9909	-1.1551	
13.17	-2.8661	-0.9506	
13.18	-1.1797	-2.0379	
13.19	-1.7141	-2.695	
13.2	-2.4444	-2.3339	
13.21	-0.8635	-0.9661	
13.22	-2.6602	-0.7379	
13.23	-1.0898	-1.6121	
13.24	-1.8203	-2.2625	
13.25	-2.2279	-1.9492	
13.26	-0.5438	-0.9614	
13.27	-2.5763	-0.3842	
13.28	-0.5604	-1.0334	
13.29	-1.2078	-2.2721	
13.3	-1.4163	-2.063	
13.31	-0.0616	-0.8872	
13.32	-1.8761	-0.0743	
13.33	-0.0504	-0.5624	
13.34	-0.831	-1.7781	
13.35	-0.9631	-1.6541	
13.36	0.5012	-0.8512	
13.37	-1.2418	0.1703	
13.38	0.4651	-0.0771	
13.39	-0.3198	-1.0497	
13.4	-0.4451	-1.6409	
13.41	0.9776	-0.691	
13.42	-0.8982	0.3866	
13.43	0.9542	0.3225	
13.44	-0.0207	-0.6294	
13.45	-0.0919	-1.399	
13.46	1.2222	-0.6163	
13.47	-0.6543	0.4488	
13.48	1.107	0.6485	
13.49	0.0432	-0.2787	
13.5	-0.0015	-1.0457	
13.51	1.1955	-0.7467	
13.52	-0.6929	0.5016	
13.53	1.0778	0.8982	
13.54	-0.153	0.086	
13.55	-0.1687	-0.9373	
13.56	0.8819	-0.7397	
13.57	-1.0593	0.3598	
13.58	0.7328	1.0787	
13.59	-0.5614	0.373	
13.6	-0.5222	-0.7364	
13.61	0.3894	-0.8528	
13.62	-1.4432	0.1798	
13.63	0.3563	0.9828	
13.64	-0.9779	0.5455	
13.65	-0.869	-0.6212	
13.66	-0.0797	-0.975	
13.67	-1.8644	-0.1519	
13.68	-0.077	0.7435	
13.69	-1.4054	0.5871	
13.7	-1.2512	-0.6216	
13.71	-0.5077	-1.2547	
13.72	-2.1324	-0.5586	
13.73	-0.349	0.4634	
13.74	-1.7707	0.516	
13.75	-1.3492	-0.6208	
13.76	-0.634	-1.4153	
13.77	-2.082	-0.9377	
13.78	-0.364	0.1105	
13.79	-1.9211	0.3467	
13.8	-1.3751	-0.6801	
13.81	-0.6438	-1.654	
13.82	-1.9832	-1.4236	
13.83	-0.1857	-0.3111	
13.84	-1.6966	0.0928	
13.85	-0.9131	-0.7208	
13.86	-0.2726	-1.9649	
13.87	-1.6282	-2.0282	
13.88	0.244	-0.894	
13.89	-1.082	-0.1627	
13.9	-0.4001	-0.844	
13.91	0.1828	-1.8882	
13.92	-1.0838	-2.0913	
13.93	0.8431	-1.3373	
13.94	-0.6742	-0.5002	
13.95	0.1793	-0.8533	
13.96	0.7105	-1.8933	
13.97	-0.6243	-2.5634	
13.98	1.4536	-1.7699	
13.99	-0.1399	-0.8034	
14.0	0.7846	-0.9272	
14.01	1.1632	-1.8692	
14.02	-0.1111	-2.6083	
14.03	1.894	-1.9042	
14.04	0.2261	-1.0233	
14.05	1.1009	-0.94	
14.06	1.4829	-2.0736	
14.07	0.1638	-2.5307	
14.08	2.0363	-2.3603	
14.09	0.3362	-1.2742	
14.1	1.2483	-0.7866	
14.11	1.5848	-1.8015	
14.12	0.2015	-2.7665	
14.13	1.8405	-2.5807	
14.14	0.1987	-1.3199	
14.15	1.1227	-0.8106	
14.16	1.1348	-1.3654	
14.17	-0.0287	-2.5443	
14.18	1.5746	-2.3896	
14.19	-0.1561	-1.436	
14.2	0.7888	-0.6126	
14.21	0.7421	-0.9568	
14.22	-0.4485	-2.3397	
14.23	1.2115	-2.421	
14.24	-0.6173	-1.2742	
14.25	0.4259	-0.4322	
14.26	0.3208	-0.6343	
14.27	-0.7645	-1.6045	
14.28	0.9531	-2.3678	
14.29	-1.0078	-1.2563	
14.3	0.1161	-0.2122	
14.31	-0.1237	-0.1924	
14.32	-1.1279	-1.2858	
14.33	0.5273	-1.7816	
14.34	-1.3128	-1.1962	
14.35	-0.0935	-0.0152	
14.36	-0.3495	0.2652	
14.37	-1.3424	-0.7032	
14.38	0.48	-1.5623	
14.39	-1.5323	-1.0959	
14.4	-0.0363	0.1622	
14.41	-0.3531	0.6198	
14.42	-1.1325	-0.0924	
14.43	0.6515	-1.103	
14.44	-1.1746	-0.9219	
14.45	0.2461	0.2822	
14.46	-0.0682	1.022	
14.47	-0.7323	0.386	
14.48	1.0313	-0.6369	
14.49	-0.7574	-0.7965	
14.5	0.7527	0.322	
14.51	0.3554	1.3155	
14.52	-0.1619	0.7953	
14.53	1.5109	-0.2725	
14.54	-0.2826	-0.645	
14.55	1.3419	0.2721	
14.56	0.9574	1.3537	
14.57	0.4622	1.2425	
14.58	2.2441	0.0579	
14.59	0.2741	-0.5621	
14.6	1.7862	0.2017	
14.61	1.294	1.3646	
14.62	0.8916	1.3084	
14.63	2.3581	0.2849	
14.64	0.7092	-0.4886	
14.65	2.1975	0.0034	
14.66	1.7125	1.1862	
14.67	1.3004	1.5343	
14.68	2.859	0.4442	
14.69	0.8074	-0.4977	
14.7	2.7079	-0.2667	
14.71	1.6198	0.9263	
14.72	1.2798	1.3924	
14.73	2.7688	0.5456	
14.74	0.7125	-0.5533	
14.75	2.398	-0.5086	
14.76	1.2938	0.4452	
14.77	1.0143	1.2763	
14.78	2.4634	0.5293	
14.79	0.3727	-0.5718	
14.8	1.81	-0.8925	
14.81	0.8616	0.0506	
14.82	0.6341	0.8391	
14.83	1.9562	0.4731	
14.84	-0.1225	-0.6929	
14.85	1.5664	-1.2261	
14.86	0.4491	-0.4333	
14.87	0.2454	0.5255	
14.88	1.347	0.3935	
