0.01	1.15	0.1787	
0.02	0.2452	0.3623	
0.03	-0.2743	0.5188	
0.04	1.3469	0.7102	
0.05	1.7007	0.838	
0.06	0.5011	0.9668	
0.07	0.4678	1.0049	
0.08	1.9666	1.0777	
0.09	1.7077	1.2568	
0.1	0.2064	1.4862	
0.11	0.5381	1.6092	
0.12	1.6017	1.4083	
0.13	0.858	1.5514	
0.14	-0.5145	1.7075	
0.15	0.2371	1.5643	
0.16	1.0441	1.5087	
0.17	-0.3512	1.6687	
0.18	-1.197	1.4952	
0.19	0.0038	1.5322	
0.2	0.4082	1.4087	
0.21	-1.0688	1.2833	
0.22	-1.1301	1.3364	
0.23	0.3352	1.3652	
0.24	0.2936	1.2168	
0.25	-0.9864	1.0078	
0.26	-0.4049	1.1067	
0.27	1.0821	0.9511	
0.28	0.7194	0.8838	
0.29	-0.2888	0.8123	
0.3	0.9932	0.7477	
0.31	2.3366	0.5563	
0.32	1.1117	0.5816	
0.33	0.5723	0.5458	
0.34	2.1612	0.438	
0.35	2.3744	0.4863	
0.36	1.2386	0.4804	
0.37	0.965	0.4335	
0.38	2.3733	0.4393	
0.39	2.0354	0.5377	
0.4	0.6085	0.5702	
0.41	0.8174	0.5908	
0.42	2.0958	0.757	
0.43	1.2121	0.7913	
0.44	-0.2973	0.9552	
0.45	0.482	1.0486	
0.46	1.2486	1.1435	
0.47	0.013	1.2643	
0.48	-0.8147	1.4601	
0.49	0.3876	1.4587	
0.5	0.7985	1.7641	
0.51	-0.5834	1.9556	
0.52	-0.7735	2.053	
0.53	0.7693	2.2108	
0.54	0.9142	2.0618	
0.55	-0.3676	2.4956	
0.56	0.1841	2.2627	
0.57	1.6423	2.2993	
0.58	1.4317	2.6715	
0.59	0.328	2.7656	
0.6	1.3521	2.9842	
0.61	2.6385	2.5074	
0.62	1.8271	2.8497	
0.63	0.939	3.0854	
0.64	2.4645	3.0651	
0.65	2.6117	2.5856	
0.66	1.4987	2.7544	
0.67	1.0382	2.7741	
0.68	2.3156	2.4943	
0.69	2.0675	2.8316	
0.7	0.5174	2.4799	
0.71	0.6853	2.5489	
0.72	1.7303	2.2398	
0.73	0.9381	2.156	
0.74	-0.4603	2.1265	
0.75	0.2951	1.8543	
0.76	1.0587	1.8264	
0.77	-0.1027	1.7792	
0.78	-0.9325	1.6166	
0.79	0.255	1.4506	
0.8	0.8884	1.3241	
0.81	-0.5214	1.0385	
0.82	-0.6771	0.9179	
0.83	0.8432	0.8322	
0.84	1.091	0.865	
0.85	-0.2544	0.7036	
0.86	0.2643	0.6691	
0.87	1.9808	0.595	
0.88	1.3645	0.5991	
0.89	0.3657	0.4989	
0.9	1.2886	0.5631	
0.91	2.432	0.5469	
0.92	1.4816	0.6048	
0.93	0.8094	0.5612	
0.94	1.8971	0.6582	
0.95	2.5703	0.6735	
0.96	0.9611	0.7892	
0.97	0.5984	0.8621	
0.98	1.9066	0.8661	
0.99	1.5576	1.0833	
1.0	-0.0621	1.1491	
1.01	0.0404	1.2589	
1.02	1.1401	1.3299	
1.03	0.3463	1.3756	
1.04	-1.0458	1.4162	
1.05	-0.4301	1.4278	
1.06	0.5719	1.4701	
1.07	-0.6545	1.6712	
1.08	-1.6377	1.8041	
1.09	-0.256	1.8237	
1.1	0.3863	1.653	
1.11	-0.8531	1.7978	
1.12	-1.1302	1.7627	
1.13	0.5828	1.9526	
1.14	0.7464	1.632	
1.15	-0.6083	1.7099	
1.16	-0.0628	1.7888	
1.17	1.5182	1.6714	
1.18	1.1702	1.4463	
1.19	-0.0651	1.4185	
1.2	0.9161	1.4387	
1.21	2.0715	1.1316	
1.22	0.9048	1.0737	
1.23	0.0883	0.9798	
1.24	1.1829	0.7569	
1.25	1.6677	0.5991	
1.26	0.1807	0.4479	
1.27	-0.2876	0.3353	
1.28	0.8506	0.1755	
1.29	0.7123	0.0158	
1.3	-1.0008	-0.1192	
1.31	-0.996	-0.2631	
1.32	0.2498	-0.4028	
1.33	-0.6009	-0.5755	
1.34	-1.9633	-0.5994	
1.35	-1.2223	-0.7189	
1.36	-0.237	-0.8227	
1.37	-1.2894	-0.8332	
1.38	-2.0674	-1.0516	
1.39	-0.8776	-0.9954	
1.4	-0.1976	-0.9786	
1.41	-1.367	-0.9354	
1.42	-1.4994	-1.0489	
1.43	0.0417	-0.9739	
1.44	0.2722	-0.9747	
1.45	-1.1023	-0.9799	
1.46	-0.524	-0.946	
1.47	0.9669	-0.8595	
1.48	0.5296	-0.755	
1.49	-0.6735	-0.5911	
1.5	0.2943	-0.5438	
1.51	1.4403	-0.3974	
1.52	0.28	-0.3372	
1.53	-0.7382	-0.2228	
1.54	0.4324	-0.1262	
1.55	0.994	-0.0246	
1.56	-0.6602	0.0646	
1.57	-1.214	0.1461	
1.58	-0.0061	0.2052	
1.59	-0.2126	0.2753	
1.6	-2.0647	0.3365	
1.61	-1.7324	0.4137	
1.62	-0.6496	0.4057	
1.63	-1.2593	0.3992	
1.64	-2.7298	0.4504	
1.65	-1.9375	0.4633	
1.66	-0.9046	0.3741	
1.67	-1.8084	0.3609	
1.68	-2.8037	0.3399	
1.69	-1.4229	0.2305	
1.7	-0.5566	0.1604	
1.71	-1.7846	0.0641	
1.72	-2.0701	-0.0362	
1.73	-0.2197	-0.1476	
1.74	0.0471	-0.2461	
1.75	-1.3536	-0.3924	
1.76	-0.8641	-0.4732	
1.77	0.769	-0.5879	
1.78	0.2829	-0.7882	
1.79	-1.0158	-0.9054	
1.8	-0.1241	-0.9522	
1.81	1.0581	-1.1236	
1.82	-0.1462	-1.1954	
1.83	-1.2366	-1.3262	
1.84	-0.1176	-1.316	
1.85	0.3544	-1.5594	
1.86	-1.1962	-1.4363	
1.87	-1.9299	-1.6305	
1.88	-0.5766	-1.6687	
1.89	-0.707	-1.5573	
1.9	-2.3697	-1.6041	
1.91	-2.1843	-1.7416	
1.92	-0.9376	-1.7415	
1.93	-1.5894	-1.5432	
1.94	-3.1682	-1.4522	
1.95	-2.1247	-1.4846	
1.96	-0.9419	-1.3565	
1.97	-2.0085	-1.239	
1.98	-2.5585	-1.2709	
1.99	-1.3155	-1.1146	
2.0	-0.3321	-0.8311	
2.01	-1.3575	-0.8393	
2.02	-1.7538	-0.689	
2.03	0.0047	-0.5226	
2.04	0.2943	-0.3881	
2.05	-0.9314	-0.2528	
2.06	-0.6444	-0.127	
2.07	0.9702	-0.0148	
2.08	0.4559	0.0974	
2.09	-0.9063	0.1963	
2.1	-0.0887	0.2787	
2.11	0.9883	0.4068	
2.12	-0.1193	0.4294	
2.13	-1.1679	0.4951	
2.14	-0.1847	0.4966	
2.15	0.3622	0.5307	
2.16	-1.3471	0.5682	
2.17	-1.7553	0.5869	
2.18	-0.5694	0.4977	
2.19	-0.5852	0.5135	
2.2	-2.4212	0.4305	
2.21	-2.3695	0.4055	
2.22	-0.7267	0.3347	
2.23	-1.1398	0.2283	
2.24	-2.6102	0.1662	
2.25	-1.8344	0.0636	
2.26	-0.3816	-0.0427	
2.27	-1.2301	-0.1622	
2.28	-2.0138	-0.2509	
2.29	-0.6029	-0.3737	
2.3	0.3418	-0.4846	
2.31	-0.695	-0.6049	
2.32	-1.0162	-0.6905	
2.33	0.7594	-0.8402	
2.34	1.0324	-0.7842	
2.35	-0.2691	-0.9377	
2.36	-0.011	-1.005	
2.37	1.3971	-1.0653	
2.38	0.968	-1.0754	
2.39	-0.2937	-1.0601	
2.4	0.354	-1.1148	
2.41	1.5028	-1.0186	
2.42	0.2942	-1.1619	
2.43	-0.8811	-0.9413	
2.44	0.1642	-0.9014	
2.45	0.7357	-0.9379	
2.46	-0.7614	-0.8792	
2.47	-1.4338	-0.784	
2.48	-0.1615	-0.6692	
2.49	-0.1215	-0.5312	
2.5	-1.5335	-0.3646	
2.51	-1.7438	-0.2664	
2.52	-0.1241	-0.1529	
2.53	-0.5273	-0.0101	
2.54	-1.7667	0.1247	
2.55	-0.9709	0.2417	
2.56	0.4471	0.3446	
2.57	-0.3076	0.5073	
2.58	-1.1516	0.6115	
2.59	0.3717	0.677	
2.6	1.4545	0.7332	
2.61	0.2743	0.9211	
2.62	-0.0158	1.0301	
2.63	1.4924	0.9826	
2.64	2.0796	1.0814	
2.65	0.5257	1.079	
2.66	0.7726	1.1163	
2.67	2.2851	1.1098	
2.68	1.9081	1.0252	
2.69	0.2854	0.9925	
2.7	0.9507	0.9738	
2.71	1.847	0.8368	
2.72	0.7891	0.8239	
2.73	-0.415	0.6252	
2.74	0.5543	0.518	
2.75	1.1984	0.4596	
2.76	-0.3685	0.297	
2.77	-0.8995	0.2178	
2.78	0.3417	0.0684	
2.79	0.4796	-0.0603	
2.8	-1.0795	-0.2124	
2.81	-1.0211	-0.3204	
2.82	0.5406	-0.4525	
2.83	0.2742	-0.6215	
2.84	-0.9012	-0.7194	
2.85	-0.0849	-0.8481	
2.86	1.3019	-0.8934	
2.87	0.619	-0.9698	
2.88	-0.1727	-1.0007	
2.89	1.1623	-0.9759	
2.9	2.016	-1.1943	
2.91	1.0485	-1.0706	
2.92	0.6862	-1.2702	
2.93	2.3483	-1.1007	
2.94	2.4257	-1.0828	
2.95	1.1706	-1.0229	
2.96	1.3396	-1.1218	
2.97	2.6708	-0.9662	
2.98	2.1789	-0.904	
2.99	0.6037	-0.8816	
3.0	1.1018	-0.7996	
3.01	2.1898	-0.6972	
3.02	1.0076	-0.5411	
3.03	-0.2101	-0.4394	
3.04	0.8073	-0.3543	
3.05	1.4567	-0.2513	
3.06	-0.1117	-0.1377	
3.07	-0.7545	-0.0458	
3.08	0.562	0.0493	
3.09	0.7151	0.126	
3.1	-0.7664	0.2184	
3.11	-0.6098	0.2808	
3.12	1.0042	0.3187	
3.13	0.7573	0.3756	
3.14	-0.4931	0.4112	
3.15	0.4044	0.3588	
3.16	1.6758	0.3621	
3.17	1.228	0.3897	
3.18	0.288	0.3554	
3.19	1.5796	0.2792	
3.2	2.8074	0.2262	
3.21	1.5185	0.1336	
3.22	0.9572	0.0452	
3.23	2.4731	-0.0505	
3.24	2.7428	-0.1783	
3.25	1.3246	-0.2893	
3.26	1.1322	-0.4041	
3.27	2.7738	-0.5876	
3.28	1.8486	-0.756	
3.29	0.398	-0.7983	
3.3	0.8525	-1.0844	
3.31	1.8702	-1.2021	
3.32	0.722	-1.2776	
3.33	-0.5117	-1.3045	
3.34	0.3806	-1.5659	
3.35	1.137	-1.5713	
3.36	-0.3548	-1.6526	
3.37	-0.9484	-1.8249	
3.38	0.3508	-1.7959	
3.39	0.6234	-2.1714	
3.4	-0.8504	-1.8603	
3.41	-0.6273	-2.0858	
3.42	0.8458	-1.8892	
3.43	0.7943	-2.0011	
3.44	-0.5068	-1.9423	
3.45	0.3371	-2.1966	
3.46	1.9019	-2.0165	
3.47	1.042	-1.834	
3.48	0.1917	-1.7554	
3.49	1.4053	-1.6931	
3.5	2.2653	-1.589	
3.51	1.1574	-1.4486	
3.52	0.6808	-1.58	
3.53	2.1199	-1.2563	
3.54	2.1761	-1.2841	
3.55	0.6604	-1.0391	
3.56	0.5691	-1.0878	
3.57	1.7299	-0.9132	
3.58	1.2931	-0.8219	
3.59	-0.2941	-0.6613	
3.6	0.0756	-0.5538	
3.61	1.1484	-0.4525	
3.62	0.0122	-0.3931	
3.63	-1.3982	-0.3779	
3.64	-0.3517	-0.2729	
3.65	0.3662	-0.2352	
3.66	-0.9976	-0.2084	
3.67	-1.4949	-0.1948	
3.68	-0.2301	-0.2208	
3.69	0.1177	-0.2383	
3.7	-1.3611	-0.254	
3.71	-1.2671	-0.2696	
3.72	0.5106	-0.343	
3.73	0.3907	-0.3994	
3.74	-0.8025	-0.5102	
3.75	-0.0806	-0.6251	
3.76	1.2907	-0.6492	
3.77	0.6643	-0.7759	
3.78	-0.273	-0.9303	
3.79	0.96	-1.0199	
3.8	1.9308	-1.1103	
3.81	0.6228	-1.1788	
3.82	-0.0398	-1.4042	
3.83	1.2239	-1.2903	
3.84	1.4044	-1.4192	
3.85	-0.1549	-1.4928	
3.86	-0.3705	-1.773	
3.87	0.9396	-1.6615	
3.88	0.3573	-1.8499	
3.89	-1.3129	-1.7323	
3.9	-1.0248	-1.7032	
3.91	0.1285	-1.9905	
3.92	-0.9762	-1.6926	
3.93	-2.2009	-1.916	
3.94	-1.2328	-1.87	
3.95	-0.4388	-1.7095	
3.96	-1.6826	-1.6619	
3.97	-2.3173	-1.6907	
3.98	-0.866	-1.3674	
3.99	-0.4571	-1.4535	
4.0	-1.7951	-1.2575	
4.01	-1.7305	-1.1183	
4.02	0.0039	-0.9529	
4.03	-0.0689	-0.7605	
4.04	-1.1772	-0.5687	
4.05	-0.5994	-0.4976	
4.06	0.8833	-0.3344	
4.07	0.2469	-0.1509	
4.08	-0.7957	0.0068	
4.09	0.3199	0.1589	
4.1	1.2505	0.3049	
4.11	-0.0321	0.4661	
4.12	-0.6934	0.5704	
4.13	0.5208	0.6408	
4.14	0.6543	0.8157	
4.15	-1.0021	0.8515	
4.16	-1.211	0.9755	
4.17	0.0303	1.042	
4.18	-0.4726	0.9395	
4.19	-2.2348	1.0681	
4.2	-1.6177	1.0566	
4.21	-0.6171	1.065	
4.22	-1.7151	1.0378	
4.23	-2.665	1.0416	
4.24	-1.788	0.9811	
4.25	-0.9212	1.0207	
4.26	-2.3528	0.8861	
4.27	-2.4764	0.8681	
4.28	-1.282	0.8024	
4.29	-0.6902	0.6501	
4.3	-1.9156	0.5585	
4.31	-1.9761	0.5407	
4.32	-0.1533	0.4335	
4.33	-0.1648	0.3279	
4.34	-1.5105	0.2668	
4.35	-0.736	0.2018	
4.36	0.7891	0.1451	
4.37	0.0784	0.0815	
4.38	-0.9249	0.0374	
4.39	0.0424	0.0117	
4.4	1.0497	-0.0028	
4.41	-0.3464	-0.0042	
4.42	-1.1602	0.0083	
4.43	0.0753	0.0368	
4.44	0.3062	0.0797	
4.45	-1.3834	0.1281	
4.46	-1.769	0.2082	
4.47	-0.4232	0.2823	
4.48	-0.8284	0.4038	
4.49	-2.4535	0.4793	
4.5	-1.8987	0.646	
4.51	-0.8595	0.7679	
4.52	-1.745	0.8456	
4.53	-2.8485	1.0698	
4.54	-1.7903	1.256	
4.55	-0.8624	1.2526	
4.56	-2.0396	1.65	
4.57	-2.3734	1.5562	
4.58	-0.9862	1.8005	
4.59	-0.3952	1.9213	
4.6	-1.5088	2.0901	
4.61	-1.5339	2.2468	
4.62	0.1988	2.156	
4.63	0.2454	2.4528	
4.64	-0.9342	2.4086	
4.65	-0.4089	2.7365	
4.66	1.0854	2.8083	
4.67	0.3757	2.6481	
4.68	-0.8054	3.0379	
4.69	0.2209	2.9695	
4.7	1.1835	3.0388	
4.71	-0.1913	2.6705	
4.72	-0.9501	2.7653	
4.73	0.1447	2.907	
4.74	0.37	2.5341	
4.75	-1.2648	2.5482	
4.76	-1.6213	2.3763	
4.77	-0.2933	2.5673	
4.78	-0.6701	2.397	
4.79	-2.0592	2.3834	
4.8	-1.7539	2.0475	
4.81	-0.5656	2.1467	
4.82	-1.3856	1.9598	
4.83	-2.2656	1.8193	
4.84	-1.2919	1.4973	
4.85	-0.2578	1.5404	
4.86	-1.3226	1.5109	
4.87	-1.8754	1.2043	
4.88	-0.2499	1.1994	
4.89	0.4746	1.0687	
4.9	-0.7702	1.0969	
4.91	-0.621	0.9742	
4.92	0.9628	0.9735	
4.93	1.1023	0.9667	
4.94	-0.2513	1.042	
4.95	0.3245	0.9399	
4.96	1.7939	0.9786	
4.97	1.0338	1.0639	
4.98	-0.1759	1.0805	
4.99	0.7656	1.2165	
5.0	1.696	1.101	
5.01	0.2991	1.3579	
5.02	-0.608	1.2726	
5.03	0.5558	1.4421	
5.04	0.8838	1.5376	
5.05	-0.8432	1.7014	
5.06	-1.2219	1.748	
5.07	0.163	1.7475	
5.08	-0.0779	1.8403	
5.09	-1.6524	2.2103	
5.1	-1.1989	2.2079	
5.11	0.1322	2.3047	
5.12	-0.5015	2.0899	
5.13	-1.5963	2.5594	
5.14	-0.553	2.2099	
5.15	0.6423	2.3921	
5.16	-0.3069	2.3749	
5.17	-0.7837	2.3357	
5.18	0.6794	2.5754	
5.19	1.3615	2.5359	
5.2	0.2466	2.322	
5.21	0.2461	2.3408	
5.22	2.1187	2.3655	
5.23	1.8354	2.0537	
5.24	0.5578	2.0277	
5.25	1.0725	1.8523	
5.26	2.5654	1.7627	
5.27	1.7115	1.765	
5.28	0.4157	1.6962	
5.29	1.1842	1.3787	
5.3	2.0563	1.2505	
5.31	0.7435	1.1278	
5.32	-0.2111	0.9771	
5.33	0.91	0.7949	
5.34	1.1895	0.6866	
5.35	-0.3629	0.531	
5.36	-0.7428	0.3618	
5.37	0.6701	0.1869	
5.38	0.4787	0.066	
5.39	-1.127	-0.052	
5.4	-0.6898	-0.1501	
5.41	0.7474	-0.2526	
5.42	0.2125	-0.3544	
5.43	-0.814	-0.427	
5.44	0.2146	-0.4938	
5.45	1.4969	-0.5347	
5.46	0.4819	-0.555	
5.47	-0.0552	-0.5592	
5.48	1.3938	-0.5181	
5.49	2.0535	-0.5725	
5.5	1.0581	-0.4828	
5.51	0.9149	-0.4801	
5.52	2.3245	-0.4441	
5.53	2.7659	-0.3537	
5.54	1.1642	-0.2797	
5.55	1.6135	-0.2172	
5.56	2.7888	-0.1393	
5.57	1.9634	-0.0585	
5.58	0.6687	0.0284	
5.59	1.2851	0.1184	
5.6	2.4235	0.1935	
5.61	0.8994	0.2732	
5.62	-0.1352	0.3202	
5.63	1.0745	0.3898	
5.64	1.4605	0.459	
5.65	-0.2624	0.4224	
5.66	-0.6613	0.4756	
5.67	0.7324	0.512	
5.68	0.5996	0.5206	
5.69	-0.7837	0.4237	
5.7	-0.4476	0.4108	
5.71	0.9615	0.3741	
5.72	0.5333	0.2927	
5.73	-0.512	0.2431	
5.74	0.5946	0.162	
5.75	1.7169	0.0487	
5.76	0.8592	-0.0568	
5.77	0.2599	-0.1979	
5.78	1.9571	-0.3507	
5.79	2.5948	-0.4682	
5.8	1.2153	-0.561	
5.81	0.9819	-0.7372	
5.82	2.4058	-0.9105	
5.83	2.4501	-1.014	
5.84	0.9628	-1.2283	
5.85	1.3512	-1.3435	
5.86	2.32	-1.5485	
5.87	1.8938	-1.5146	
5.88	0.2905	-1.7683	
5.89	1.0256	-1.7314	
5.9	1.7632	-1.9092	
5.91	0.5296	-2.2592	
5.92	-0.5884	-2.2832	
5.93	0.5592	-2.033	
5.94	0.8525	-2.1961	
5.95	-0.6004	-2.0844	
5.96	-1.0327	-2.482	
5.97	0.406	-2.4146	
5.98	0.3447	-2.0926	
5.99	-1.099	-2.2084	
6.0	-0.6034	-2.2327	
6.01	0.9018	-2.1433	
6.02	0.422	-2.0589	
6.03	-0.6729	-2.1424	
6.04	0.3986	-1.8354	
6.05	1.8045	-1.9062	
6.06	0.7412	-1.7399	
6.07	0.0767	-1.5501	
6.08	1.4843	-1.3007	
6.09	2.2506	-1.3517	
6.1	0.8496	-1.116	
6.11	0.669	-0.9837	
6.12	2.1375	-1.0082	
6.13	1.8895	-0.9036	
6.14	0.4305	-0.822	
6.15	0.5422	-0.6333	
6.16	1.9601	-0.6537	
6.17	1.0822	-0.5423	
6.18	-0.4805	-0.5364	
6.19	0.0988	-0.5105	
6.2	0.882	-0.4741	
6.21	-0.3813	-0.407	
6.22	-1.3051	-0.4434	
6.23	-0.3262	-0.4931	
6.24	0.1466	-0.5498	
6.25	-1.4729	-0.5995	
6.26	-1.8676	-0.6949	
6.27	-0.2534	-0.6976	
6.28	-0.1966	-0.8024	
6.29	-1.6624	-0.9485	
6.3	-1.1999	-0.9938	
6.31	0.3694	-1.1731	
6.32	-0.0215	-1.2392	
6.33	-1.2184	-1.3928	
6.34	-0.078	-1.3026	
6.35	1.3142	-1.6433	
6.36	0.3173	-1.643	
6.37	-0.4661	-1.5904	
6.38	0.9427	-1.9306	
6.39	1.6668	-1.7769	
6.4	0.2334	-2.1261	
6.41	-0.138	-1.9934	
6.42	1.2001	-2.1255	
6.43	1.1406	-2.2404	
6.44	-0.4745	-2.2564	
6.45	-0.3969	-2.1404	
6.46	0.8265	-2.0285	
6.47	0.0373	-2.0931	
6.48	-1.4867	-2.2095	
6.49	-0.9775	-2.0392	
6.5	0.004	-1.9763	
6.51	-1.1606	-1.7381	
6.52	-2.2697	-1.7781	
6.53	-1.3234	-1.6671	
6.54	-0.6766	-1.3635	
6.55	-2.0271	-1.3142	
6.56	-2.5176	-1.159	
6.57	-0.8526	-1.0686	
6.58	-0.7245	-0.842	
6.59	-1.9913	-0.6841	
6.6	-1.7239	-0.6175	
6.61	-0.0461	-0.4591	
6.62	-0.3622	-0.2555	
6.63	-1.5342	-0.1364	
6.64	-0.4638	-0.0248	
6.65	0.7533	0.0918	
6.66	-0.0888	0.194	
6.67	-0.9437	0.3026	
6.68	0.3626	0.3461	
6.69	1.1749	0.3852	
6.7	-0.3561	0.4847	
6.71	-0.8055	0.4928	
6.72	0.5715	0.5249	
6.73	0.4999	0.5263	
6.74	-1.0836	0.5078	
6.75	-1.171	0.4852	
6.76	0.0575	0.47	
6.77	-0.6656	0.3549	
6.78	-2.0824	0.3171	
6.79	-1.5661	0.2574	
6.8	-0.7113	0.154	
6.81	-1.8999	0.0691	
6.82	-2.7347	-0.0314	
6.83	-1.6415	-0.1281	
6.84	-1.095	-0.2434	
6.85	-2.576	-0.3233	
6.86	-2.4907	-0.4734	
6.87	-1.0247	-0.5391	
6.88	-0.7719	-0.6138	
6.89	-2.072	-0.6973	
6.9	-1.5682	-0.7469	
6.91	-0.0718	-0.9121	
6.92	-0.4034	-0.8659	
6.93	-1.3848	-0.9771	
6.94	-0.515	-1.0273	
6.95	0.866	-1.0175	
6.96	-0.1218	-0.9638	
6.97	-1.0731	-1.0606	
6.98	0.2545	-0.8668	
6.99	0.8793	-0.9044	
7.0	-0.4605	-0.8436	
7.01	-1.0936	-0.8186	
7.02	0.3013	-0.6503	
7.03	0.2054	-0.535	
7.04	-1.4046	-0.4944	
7.05	-1.5939	-0.3538	
7.06	-0.2388	-0.2461	
7.07	-0.8577	-0.0943	
7.08	-2.3253	0.0261	
7.09	-1.9064	0.157	
7.1	-0.8362	0.2876	
7.11	-1.7577	0.4415	
7.12	-2.7724	0.5478	
7.13	-1.4902	0.6251	
7.14	-0.8643	0.7089	
7.15	-2.2414	0.8739	
7.16	-2.2829	0.8885	
7.17	-0.7851	1.0506	
7.18	-0.3802	1.0821	
7.19	-1.5593	1.1386	
7.2	-1.339	1.1653	
7.21	0.434	1.2562	
7.22	0.1646	1.2719	
7.23	-0.9954	1.214	
7.24	-0.0689	1.1288	
7.25	1.3441	1.0818	
7.26	0.2882	1.0098	
7.27	-0.6881	1.0164	
7.28	0.5513	0.963	
7.29	1.2647	0.7866	
7.3	-0.2136	0.7479	
7.31	-0.8848	0.549	
7.32	0.4954	0.4636	
7.33	0.4084	0.3626	
7.34	-1.3348	0.2048	
7.35	-1.3484	0.071	
7.36	-0.0101	-0.0541	
7.37	-0.63	-0.1987	
7.38	-2.0066	-0.2936	
7.39	-1.4077	-0.4043	
7.4	-0.3062	-0.4866	
7.41	-1.426	-0.6777	
7.42	-2.119	-0.6488	
7.43	-1.0423	-0.796	
7.44	-0.1234	-0.9414	
7.45	-1.3277	-0.9301	
7.46	-1.7345	-1.0267	
7.47	0.087	-0.9525	
7.48	0.5289	-1.0406	
7.49	-0.6802	-0.9002	
7.5	-0.3521	-0.8998	
7.51	1.2096	-0.8902	
7.52	1.0692	-0.7731	
7.53	-0.155	-0.7107	
7.54	0.6718	-0.7127	
7.55	2.0116	-0.5409	
7.56	0.9406	-0.5549	
7.57	0.012	-0.4396	
7.58	1.0568	-0.2751	
7.59	1.89	-0.1914	
7.6	0.33	-0.0734	
7.61	-0.3706	0.0357	
7.62	0.9609	0.1489	
7.63	0.8777	0.251	
7.64	-0.7189	0.3358	
7.65	-0.7995	0.4055	
7.66	0.4668	0.5267	
7.67	-0.0698	0.6181	
7.68	-1.4648	0.6969	
7.69	-0.9018	0.6244	
7.7	0.3814	0.7051	
7.71	-0.5546	0.7131	
7.72	-1.5412	0.7295	
7.73	-0.1725	0.7341	
7.74	0.8122	0.6777	
7.75	-0.3799	0.7098	
7.76	-0.621	0.6072	
7.77	1.0007	0.4908	
7.78	1.4785	0.4375	
7.79	0.2596	0.3163	
7.8	0.5548	0.2443	
7.81	2.3598	0.1153	
7.82	1.7509	0.0028	
7.83	0.6149	-0.1288	
7.84	1.4393	-0.2691	
7.85	2.5417	-0.3994	
7.86	1.8248	-0.542	
7.87	0.5197	-0.6355	
7.88	1.6494	-0.7754	
7.89	2.3708	-0.9082	
7.9	0.8112	-1.0708	
7.91	0.02	-1.0438	
7.92	1.1436	-1.2348	
7.93	1.2884	-1.2116	
7.94	-0.4012	-1.2042	
7.95	-0.4288	-1.3655	
7.96	0.8051	-1.5434	
7.97	0.4215	-1.4079	
7.98	-1.0987	-1.5033	
7.99	-0.3664	-1.2975	
8.0	0.8463	-1.2618	
8.01	0.0806	-1.2625	
8.02	-0.8283	-1.1674	
8.03	0.5298	-1.2082	
8.04	1.5422	-1.0322	
8.05	0.4077	-1.0499	
8.06	0.0815	-0.9277	
8.07	1.7904	-0.861	
8.08	2.3693	-0.6264	
8.09	0.9562	-0.5566	
8.1	1.0812	-0.4	
8.11	2.507	-0.3005	
8.12	2.2578	-0.1607	
8.13	1.1096	-0.0224	
8.14	1.8237	0.1119	
8.15	2.8106	0.2123	
8.16	1.9481	0.3396	
8.17	0.7135	0.4757	
8.18	1.7777	0.5571	
8.19	2.1622	0.6314	
8.2	0.6584	0.6564	
8.21	-0.0478	0.769	
8.22	1.1646	0.8319	
8.23	1.2653	0.8368	
8.24	-0.4231	0.7671	
8.25	-0.5161	0.7397	
8.26	0.9187	0.6995	
8.27	0.4671	0.7078	
8.28	-1.0131	0.6606	
8.29	-0.2812	0.6305	
8.3	1.0458	0.5871	
8.31	0.312	0.4794	
8.32	-0.6572	0.3838	
8.33	0.6201	0.3207	
8.34	1.8879	0.1942	
8.35	0.679	0.1014	
8.36	0.2651	0.0008	
8.37	1.7079	-0.0986	
8.38	2.3949	-0.2058	
8.39	1.0386	-0.3	
8.4	1.0323	-0.4063	
8.41	2.7605	-0.4834	
8.42	2.2415	-0.4903	
8.43	0.8546	-0.5653	
8.44	1.4947	-0.6447	
8.45	2.6174	-0.6208	
8.46	1.5849	-0.6062	
8.47	0.206	-0.63	
8.48	1.063	-0.6241	
8.49	1.6093	-0.5711	
8.5	0.1752	-0.5142	
8.51	-0.6603	-0.5188	
8.52	0.5715	-0.392	
8.53	0.6286	-0.3354	
8.54	-1.0195	-0.236	
8.55	-1.0011	-0.1088	
8.56	0.3552	0.0077	
8.57	0.0649	0.147	
8.58	-1.3118	0.3039	
8.59	-0.6579	0.4139	
8.6	0.8175	0.6094	
8.61	0.0496	0.7498	
8.62	-0.8754	0.9565	
8.63	0.4077	1.1091	
8.64	1.6111	1.2484	
8.65	0.395	1.4065	
8.66	-0.0489	1.4952	
8.67	1.6106	1.6517	
8.68	1.9697	1.6317	
8.69	0.568	1.9257	
8.7	0.5727	1.7168	
8.71	2.0282	2.16	
8.72	1.6327	2.0557	
8.73	0.1448	2.2607	
8.74	0.5503	2.294	
8.75	1.6298	1.9092	
8.76	0.6762	2.0064	
8.77	-0.7814	2.0745	
8.78	0.1375	1.9648	
8.79	0.8411	1.8164	
8.8	-0.6689	2.0424	
8.81	-1.5017	1.9003	
8.82	-0.3061	1.632	
8.83	-0.1451	1.8072	
8.84	-1.8274	1.6037	
8.85	-1.7468	1.5899	
8.86	-0.3323	1.495	
8.87	-0.5521	1.2279	
8.88	-1.9162	1.1124	
8.89	-1.1929	1.0495	
8.9	0.28	0.9363	
8.91	-0.4123	1.009	
8.92	-1.2711	0.7924	
8.93	-0.0752	0.7795	
8.94	1.0946	0.6503	
8.95	-0.0708	0.725	
8.96	-0.6374	0.6762	
8.97	0.8351	0.6224	
8.98	1.475	0.6166	
8.99	-0.0861	0.6029	
9.0	-0.1626	0.6494	
9.01	1.2535	0.6086	
9.02	0.8767	0.7124	
9.03	-0.7576	0.7001	
9.04	-0.3625	0.7861	
9.05	0.7803	0.8783	
9.06	-0.2979	0.9613	
9.07	-1.6759	1.0304	
9.08	-0.7801	1.1389	
9.09	-0.153	1.2492	
9.1	-1.6365	1.4977	
9.11	-2.4046	1.7388	
9.12	-1.1817	1.7231	
9.13	-0.8114	1.9923	
9.14	-2.1428	1.7761	
9.15	-2.3877	2.1538	
9.16	-0.8154	2.3876	
9.17	-0.9237	2.2606	
9.18	-2.3947	2.1841	
9.19	-1.7758	2.3298	
9.2	-0.0917	2.3551	
9.21	-0.7407	2.428	
9.22	-1.69	2.8043	
9.23	-0.4229	2.6394	
9.24	0.7531	2.7907	
9.25	-0.4181	2.4925	
9.26	-0.8824	2.6805	
9.27	0.5313	2.5621	
9.28	0.851	2.4391	
9.29	-0.6071	2.5545	
9.3	-0.6587	2.1009	
9.31	0.6911	2.118	
9.32	0.2994	2.1849	
9.33	-1.2753	1.782	
9.34	-1.0807	1.7528	
9.35	0.0895	1.4642	
9.36	-0.9941	1.3314	
9.37	-2.2841	1.2403	
9.38	-1.3668	1.0995	
9.39	-0.6943	1.0582	
9.4	-1.8857	0.8741	
9.41	-2.8918	0.7562	
9.42	-1.6936	0.5665	
9.43	-1.1384	0.486	
9.44	-2.3286	0.358	
9.45	-2.7868	0.2775	
9.46	-0.9048	0.1697	
9.47	-1.0722	0.1032	
9.48	-2.1658	0.033	
9.49	-1.6865	-0.0169	
9.5	0.0019	-0.0494	
9.51	-0.5241	-0.0728	
9.52	-1.457	-0.0836	
9.53	-0.329	-0.0814	
9.54	0.7858	-0.0555	
9.55	-0.2964	-0.0214	
9.56	-0.835	0.0219	
9.57	0.5156	0.0686	
9.58	0.8428	0.1435	
9.59	-0.6292	0.2276	
9.6	-0.8195	0.2611	
9.61	0.5084	0.4008	
9.62	0.1534	0.4123	
9.63	-1.3932	0.5674	
9.64	-1.1867	0.5852	
9.65	-0.0664	0.7287	
9.66	-1.0424	0.6889	
9.67	-2.4231	0.792	
9.68	-1.3933	0.9371	
9.69	-0.7322	0.8961	
9.7	-1.9412	1.0134	
9.71	-2.8188	1.0249	
9.72	-1.39	1.0207	
9.73	-0.8345	1.0135	
9.74	-1.9886	0.998	
9.75	-2.3339	0.9614	
9.76	-0.4973	0.7828	
9.77	-0.4505	0.8097	
9.78	-1.645	0.7429	
9.79	-0.9107	0.5784	
9.8	0.6346	0.47	
9.81	0.1096	0.3435	
9.82	-0.9544	0.2218	
9.83	0.276	0.0981	
9.84	1.3093	-0.0536	
9.85	0.2607	-0.2358	
9.86	-0.4308	-0.3959	
9.87	0.9805	-0.5607	
9.88	1.2355	-0.6988	
9.89	-0.2158	-0.8278	
9.9	-0.5519	-1.02	
9.91	0.721	-1.2299	
9.92	0.4561	-1.4104	
9.93	-1.1297	-1.5982	
9.94	-0.9391	-1.628	
9.95	0.2358	-1.8182	
9.96	-0.6264	-1.7525	
9.97	-2.0345	-2.0299	
9.98	-1.1866	-1.8474	
9.99	-0.1462	-1.9414	
10.0	-1.4756	-2.256	
10.01	-1.8842	-2.0183	
10.02	-0.6	-2.0428	
10.03	-0.0298	-1.9893	
10.04	-1.4084	-2.3316	
10.05	-1.1831	-2.1788	
10.06	0.4023	-2.274	
10.07	0.5073	-2.007	
10.08	-0.7437	-2.1005	
10.09	-0.0261	-1.7901	
10.1	1.5077	-1.9273	
10.11	1.1202	-1.7274	
10.12	-0.0112	-1.563	
10.13	1.0456	-1.5692	
10.14	2.0221	-1.3573	
10.15	1.1128	-1.4454	
10.16	0.2249	-1.1713	
10.17	1.6518	-1.2141	
10.18	2.0769	-1.1076	
10.19	0.3514	-1.1274	
10.2	-0.0389	-0.9412	
10.21	1.2159	-0.825	
10.22	0.9802	-0.9374	
10.23	-0.7452	-0.8778	
10.24	-0.482	-0.9037	
10.25	0.8085	-0.8586	
10.26	-0.0794	-0.8171	
10.27	-1.5171	-0.8884	
10.28	-0.4921	-0.9861	
10.29	0.5199	-0.9432	
10.3	-0.5568	-1.1183	
10.31	-1.2164	-1.0079	
10.32	0.1632	-1.3015	
10.33	0.7841	-1.2384	
10.34	-0.362	-1.481	
10.35	-0.3755	-1.3922	
10.36	1.3397	-1.6933	
10.37	1.3428	-1.9193	
10.38	0.2275	-1.9223	
10.39	0.8482	-1.9885	
10.4	2.5229	-2.0704	
10.41	2.0052	-2.11	
10.42	0.7015	-2.5205	
10.43	1.8955	-2.4274	
10.44	2.912	-2.6622	
10.45	1.5788	-2.7358	
10.46	0.6519	-2.4672	
10.47	2.0723	-2.6301	
10.48	2.1757	-2.8639	
10.49	0.6454	-2.5992	
10.5	0.2241	-3.0011	
10.51	1.5419	-3.1528	
10.52	1.3157	-2.6145	
10.53	-0.3747	-2.9371	
10.54	-0.2069	-2.719	
10.55	1.1503	-2.4617	
10.56	0.3157	-2.5625	
10.57	-1.1031	-2.281	
10.58	-0.1036	-2.5792	
10.59	1.0586	-2.2659	
10.6	-0.0585	-2.3491	
10.61	-0.8126	-2.2003	
10.62	0.7232	-1.9049	
10.63	1.5478	-1.6645	
10.64	0.2505	-1.4889	
10.65	0.1974	-1.4508	
10.66	1.813	-1.196	
10.67	1.9071	-1.1689	
10.68	0.774	-1.0884	
10.69	1.3203	-0.9627	
10.7	2.8537	-0.7354	
10.71	2.1086	-0.6947	
10.72	0.9491	-0.5705	
10.73	2.028	-0.433	
10.74	2.7401	-0.383	
10.75	1.842	-0.3454	
10.76	0.7522	-0.2814	
10.77	1.8976	-0.2653	
10.78	1.9782	-0.2799	
10.79	0.4832	-0.2474	
10.8	0.0352	-0.288	
10.81	1.3143	-0.3001	
10.82	1.0651	-0.319	
10.83	-0.5551	-0.4258	
10.84	-0.3965	-0.4353	
10.85	0.8801	-0.5521	
10.86	0.2221	-0.6382	
10.87	-1.022	-0.7179	
10.88	-0.1582	-0.8179	
10.89	0.9812	-0.8365	
10.9	0.0145	-0.8567	
