0.01	0.5438	1.1478	0.4359	0.7022	
0.02	1.0496	1.8527	0.9347	1.0564	
0.03	1.1784	1.7398	1.1348	0.747	
0.04	1.2224	1.3032	1.3778	0.0935	
0.05	0.8708	0.8354	1.6862	-0.4833	
0.06	0.5495	0.7451	1.6597	-0.6436	
0.07	0.0821	1.0602	1.5086	-0.2019	
0.08	-0.2505	1.8797	1.4364	0.6385	
0.09	-0.4388	2.454	1.1515	1.1974	
0.1	-0.3677	2.6569	0.8923	1.61	
0.11	-0.072	2.1934	0.6116	1.0244	
0.12	0.3577	1.3145	0.4264	0.2915	
0.13	0.9272	0.3949	0.2486	-0.2553	
0.14	1.3014	-0.2696	0.112	-0.2101	
0.15	1.6473	-0.3401	0.0694	0.3944	
0.16	1.926	0.0541	0.1272	1.1603	
0.17	1.8698	0.5263	0.2373	1.9254	
0.18	1.372	0.6929	0.4316	1.8516	
0.19	1.1222	0.2356	0.6238	1.2191	
0.2	0.6591	-0.5608	0.8168	0.4098	
0.21	0.3162	-1.4949	1.0864	-0.0003	
0.22	0.1981	-1.9983	1.2563	0.1854	
0.23	0.3691	-1.6723	1.4217	0.8369	
0.24	0.7509	-0.9132	1.41	1.8463	
0.25	1.2223	-0.2064	1.0407	1.9742	
0.26	1.8319	0.3187	0.8904	1.8287	
0.27	2.212	0.2877	0.5777	1.178	
0.28	2.2919	-0.239	0.2217	0.4634	
0.29	2.45	-0.8981	-0.2074	0.1971	
0.3	2.3211	-1.1053	-0.579	0.4732	
0.31	1.7547	-0.9976	-1.0885	1.3076	
0.32	1.3573	-0.2258	-1.4147	1.9591	
0.33	1.0141	0.5245	-1.4871	2.0361	
0.34	0.6837	1.0194	-1.6929	1.8706	
0.35	0.6877	0.8292	-1.7799	1.148	
0.36	0.8749	0.1267	-1.6389	0.4049	
0.37	1.1382	-0.6727	-1.3669	0.292	
0.38	1.7037	-1.3549	-1.0469	0.7779	
0.39	2.1656	-1.2103	-0.6067	1.5765	
0.4	2.7447	-0.841	-0.2937	2.188	
0.41	2.6918	-0.1941	0.036	2.0022	
0.42	2.5662	0.1819	0.2996	1.5331	
0.43	2.4661	0.0639	0.5186	0.7899	
0.44	1.8026	-0.5049	0.6413	0.3015	
0.45	1.4837	-1.2124	0.6522	0.3025	
0.46	1.0418	-1.7792	0.7007	0.9296	
0.47	0.7832	-1.3505	0.5553	1.6046	
0.48	0.8704	-0.7314	0.3752	2.0793	
0.49	1.1368	0.2839	0.1593	1.8561	
0.5	1.5536	1.064	-0.0114	1.1643	
0.51	1.7942	1.1468	-0.1492	0.4622	
0.52	2.2685	1.0006	-0.2011	0.0585	
0.53	2.7314	0.4671	-0.2004	0.234	
0.54	2.5693	0.2535	-0.0713	0.9827	
0.55	2.4502	0.5523	0.1447	1.5657	
0.56	2.2985	1.2524	0.4396	2.0354	
0.57	1.5704	2.2079	0.7778	1.7051	
0.58	1.0463	2.9439	1.1553	0.7963	
0.59	0.7982	2.9338	1.6908	0.0743	
0.6	0.5917	1.9655	1.9617	-0.2102	
0.61	0.7429	1.3076	2.03	0.1297	
0.62	0.9265	0.4628	2.359	0.7944	
0.63	1.2973	0.2066	2.2815	1.3509	
0.64	1.7129	0.4416	2.4269	1.5059	
0.65	2.3867	0.8217	2.4971	1.1572	
0.66	2.3381	1.1093	2.1603	0.3353	
0.67	2.3877	0.6469	1.6133	-0.325	
0.68	2.0369	-0.219	1.4124	-0.4525	
0.69	1.6312	-1.2495	0.9003	0.006	
0.7	1.0144	-2.0154	0.5283	0.7327	
0.71	0.6187	-2.3975	0.1847	1.167	
0.72	0.2903	-2.2179	-0.0885	1.1212	
0.73	0.1939	-1.553	-0.2395	0.6473	
0.74	0.3733	-1.0527	-0.3123	-0.2169	
0.75	0.7255	-0.9382	-0.2967	-0.6853	
0.76	1.0497	-1.1795	-0.1686	-0.6492	
0.77	1.5152	-1.9102	-0.0075	-0.0916	
0.78	1.7782	-2.3803	0.1901	0.7017	
0.79	2.1147	-2.0954	0.4497	1.1543	
0.8	1.684	-1.2455	0.5803	0.8146	
0.81	1.4393	-0.3068	0.7446	0.1313	
0.82	0.9519	0.5574	0.7642	-0.7179	
0.83	0.4135	0.9901	0.7117	-1.0924	
0.84	-0.0476	0.8265	0.5893	-0.8065	
0.85	-0.3071	0.2967	0.358	-0.1184	
0.86	-0.3023	-0.1339	0.1129	0.5596	
0.87	-0.0591	-0.1385	-0.1899	0.8269	
0.88	0.3125	0.3922	-0.4956	0.4882	
0.89	0.7914	1.2362	-0.833	-0.3179	
0.9	1.213	1.9199	-0.9909	-0.9579	
0.91	1.4972	1.9999	-1.1806	-1.154	
0.92	1.5196	1.4163	-1.0941	-0.7919	
0.93	1.2271	0.4676	-1.1418	-0.0735	
0.94	0.6869	-0.2726	-0.864	0.5591	
0.95	0.1867	-0.5461	-0.5766	0.7008	
0.96	-0.3034	-0.3485	-0.1849	0.1653	
0.97	-0.6864	0.3159	0.2319	-0.5972	
0.98	-0.7456	0.8423	0.7367	-1.2768	
0.99	-0.775	1.0959	1.0878	-1.2193	
1.0	-0.4014	0.6521	1.4174	-0.6475	
1.01	0.0309	-0.1138	1.8203	0.0913	
1.02	0.449	-0.7587	1.8176	0.6615	
1.03	0.7604	-0.894	2.1097	0.5446	
1.04	0.9208	-0.4112	2.2503	-0.0356	
1.05	0.8592	0.4185	1.7889	-0.851	
1.06	0.5374	1.208	1.8121	-1.2062	
1.07	0.1251	1.6403	1.5799	-1.052	
1.08	-0.4147	1.2152	1.3439	-0.4122	
1.09	-0.8664	0.6186	0.9956	0.3898	
1.1	-1.1273	0.0212	0.9254	0.7813	
1.11	-1.2288	-0.2466	0.8695	0.6297	
1.12	-0.9235	0.021	0.8311	-0.1102	
1.13	-0.6033	0.5721	0.8143	-0.8865	
1.14	-0.1182	1.1293	0.9293	-1.1971	
1.15	0.3424	1.2215	1.1346	-0.7453	
1.16	0.6129	0.7367	1.4905	0.0143	
1.17	0.6491	-0.2783	1.5694	0.772	
1.18	0.531	-1.2171	1.8841	1.0242	
1.19	0.201	-1.7464	1.9094	0.6481	
1.2	-0.3053	-1.7424	2.2642	-0.0705	
1.21	-0.8219	-1.4048	2.0799	-0.7189	
1.22	-1.1469	-0.7945	2.0062	-0.8524	
1.23	-1.3157	-0.7342	2.0439	-0.2659	
1.24	-1.1696	-0.9408	1.6306	0.5136	
1.25	-1.0841	-1.6722	1.2176	1.1717	
1.26	-0.5577	-2.5065	0.8331	1.3121	
1.27	-0.0589	-2.4931	0.38	0.7894	
1.28	0.3806	-2.1823	-0.0454	0.0589	
1.29	0.5508	-1.3821	-0.428	-0.4563	
1.3	0.6598	-0.2846	-0.7027	-0.3789	
1.31	0.3992	0.4359	-0.8238	0.3088	
1.32	0.0125	0.5794	-0.8737	1.0089	
1.33	-0.5162	0.2708	-0.889	1.7943	
1.34	-0.927	-0.0933	-0.7297	1.5256	
1.35	-1.3383	-0.1033	-0.4944	0.9342	
1.36	-1.3363	0.4131	-0.2219	0.2551	
1.37	-1.2402	1.3541	0.0915	-0.0949	
1.38	-0.7869	2.5006	0.3856	0.1623	
1.39	-0.2735	2.9324	0.7269	0.9513	
1.4	0.216	2.9329	0.8895	1.8667	
1.41	0.6161	2.0519	0.9932	1.9993	
1.42	0.7472	1.1187	1.0303	2.0163	
1.43	0.6576	0.7625	1.0466	1.127	
1.44	0.4033	0.6777	0.941	0.4626	
1.45	-0.0014	1.0173	0.6657	0.295	
1.46	-0.4664	1.5212	0.5011	0.6919	
1.47	-0.7882	1.5247	0.3035	1.443	
1.48	-1.0917	1.2798	0.1352	2.3929	
1.49	-1.1846	0.2574	0.0508	2.478	
1.5	-0.8379	-0.7405	0.0431	2.0736	
1.51	-0.3707	-1.5163	0.1397	1.2491	
1.52	0.1198	-1.6717	0.3049	0.7543	
1.53	0.5269	-1.0607	0.5501	0.6759	
1.54	0.885	-0.4281	0.9754	1.2008	
1.55	0.9323	-0.0414	1.4226	2.1671	
1.56	0.832	-0.164	1.6506	2.8821	
1.57	0.537	-0.6808	2.263	2.5089	
1.58	0.0745	-1.4303	2.6077	2.2397	
1.59	-0.344	-1.7475	2.5864	1.2336	
1.6	-0.6743	-1.4166	3.1597	0.7943	
1.61	-0.8425	-0.8093	3.0292	1.0571	
1.62	-0.7762	0.1382	3.0599	1.5972	
1.63	-0.4179	0.713	2.4555	2.2136	
1.64	0.0315	0.7051	2.342	2.8753	
1.65	0.5331	0.2506	2.2353	2.6377	
1.66	0.8867	-0.4805	1.5163	2.0347	
1.67	1.1856	-0.9238	1.3632	1.275	
1.68	1.2813	-0.919	0.9494	0.9783	
1.69	0.9464	-0.3942	0.6317	1.1768	
1.7	0.6329	0.2574	0.5065	2.1065	
1.71	0.1202	0.7063	0.3586	2.4693	
1.72	-0.3194	0.566	0.3964	2.7746	
1.73	-0.5968	-0.1281	0.4996	2.5283	
1.74	-0.6486	-0.9789	0.648	1.9757	
1.75	-0.4506	-1.6731	0.8483	1.1092	
1.76	-0.0961	-1.6705	0.9714	0.9391	
1.77	0.386	-1.0245	1.1187	1.4474	
1.78	0.8815	-0.3029	1.2637	2.1401	
1.79	1.1905	0.3194	1.2239	2.9928	
1.8	1.3042	0.4487	1.2453	2.6295	
1.81	1.3962	0.1118	1.1255	2.181	
1.82	1.0617	-0.3852	0.9996	1.4644	
1.83	0.5409	-0.705	0.6713	0.8516	
1.84	0.0398	-0.4969	0.3718	0.8435	
1.85	-0.3996	0.2882	-0.0007	1.2966	
1.86	-0.5489	1.247	-0.3312	1.9614	
1.87	-0.6194	1.9474	-0.5998	2.6412	
1.88	-0.367	2.5326	-0.7644	2.3335	
1.89	0.072	2.1207	-0.8582	2.0135	
1.9	0.6042	1.4622	-0.9907	1.1948	
1.91	1.0664	0.9261	-0.7896	0.6222	
1.92	1.211	0.7206	-0.6002	0.7467	
1.93	1.2584	1.2676	-0.233	1.3899	
1.94	1.0521	1.8064	0.1867	2.0444	
1.95	0.6801	2.1307	0.5905	2.3073	
1.96	0.2265	2.05	0.94	2.2313	
1.97	-0.2374	1.0452	1.4476	1.3623	
1.98	-0.5671	0.0515	1.7785	0.5626	
1.99	-0.8036	-0.8797	2.1231	0.2457	
2.0	-0.7534	-1.3129	2.2389	0.4603	
2.01	-0.3955	-1.3593	2.3091	1.0909	
2.02	0.0407	-0.8557	2.1362	1.8504	
2.03	0.5219	-0.5787	1.9719	2.2281	
2.04	0.7996	-0.6226	1.8728	1.7732	
2.05	1.0732	-1.2655	1.4749	0.7629	
2.06	0.9761	-2.1447	1.3514	0.081	
2.07	0.7419	-2.6845	1.134	-0.1179	
2.08	0.2595	-2.6154	0.9562	0.2936	
2.09	-0.2354	-2.2178	0.9323	0.9456	
2.1	-0.685	-1.4058	0.9724	1.7209	
2.11	-1.0108	-0.4813	1.237	1.7279	
2.12	-1.2166	-0.064	1.3689	1.1258	
2.13	-0.9768	-0.1592	1.6153	0.2343	
2.14	-0.6308	-0.5388	1.9028	-0.346	
2.15	-0.2119	-0.9555	2.0638	-0.3561	
2.16	0.2313	-0.7679	2.6043	0.152	
2.17	0.5268	-0.175	2.4249	0.9686	
2.18	0.6351	0.7896	2.883	1.2527	
2.19	0.4576	1.6355	2.3947	1.2102	
2.2	0.1087	1.846	2.5175	0.5196	
2.21	-0.3688	1.536	2.1921	-0.2525	
2.22	-0.9566	0.924	1.6766	-0.6951	
2.23	-1.2954	0.2485	1.4842	-0.547	
2.24	-1.6928	-0.0228	0.9632	0.1101	
2.25	-1.6987	0.2348	0.5278	0.8127	
2.26	-1.4957	0.8811	0.1095	1.1575	
2.27	-0.9747	1.4457	-0.2327	0.8825	
2.28	-0.5847	1.4939	-0.4864	0.1018	
2.29	-0.1422	0.9486	-0.6353	-0.5902	
2.3	0.0679	0.1227	-0.6908	-0.8462	
2.31	0.0774	-0.713	-0.515	-0.5941	
2.32	-0.1659	-0.9466	-0.3764	0.1648	
2.33	-0.5893	-0.757	-0.142	0.8822	
2.34	-1.031	-0.0063	0.1478	0.9685	
2.35	-1.6467	0.698	0.4463	0.5481	
2.36	-1.8018	1.0549	0.6597	-0.2258	
2.37	-2.2186	0.9189	0.7819	-0.8025	
2.38	-2.0226	0.2569	0.948	-0.9138	
2.39	-1.6867	-0.359	0.962	-0.4573	
2.4	-1.3694	-0.5533	1.017	0.3277	
2.41	-0.8982	-0.1589	0.8561	0.8917	
2.42	-0.5295	0.6246	0.6506	1.0023	
2.43	-0.3694	1.3414	0.3703	0.3598	
2.44	-0.4337	1.6365	0.1654	-0.3964	
2.45	-0.7983	1.3819	-0.0312	-0.9114	
2.46	-1.2887	0.5315	-0.1662	-0.7866	
2.47	-1.8527	-0.3645	-0.2381	-0.2036	
2.48	-2.2311	-0.8265	-0.1899	0.5642	
2.49	-2.467	-0.9128	-0.0239	1.0043	
2.5	-2.5675	-0.4577	0.2204	0.8599	
2.51	-2.4688	0.0246	0.5225	0.2586	
2.52	-1.8705	0.1155	0.9895	-0.4372	
2.53	-1.5539	-0.3651	1.4366	-0.824	
2.54	-1.0197	-1.2193	1.7769	-0.5848	
2.55	-0.8257	-2.0589	2.1847	0.1911	
2.56	-0.6603	-2.5083	2.4886	1.0227	
2.57	-0.8763	-2.3739	2.9269	1.3624	
2.58	-1.3066	-1.855	3.0314	1.0727	
2.59	-1.5983	-1.0573	2.9039	0.2719	
2.6	-2.1004	-0.583	2.7172	-0.3766	
2.61	-2.5473	-0.5234	2.3733	-0.5867	
2.62	-2.5371	-0.9459	2.1197	-0.1029	
2.63	-2.9243	-1.3366	1.9936	0.7391	
2.64	-2.2256	-1.4291	1.5945	1.2951	
2.65	-1.9228	-0.8769	1.0556	1.7075	
2.66	-1.654	0.1342	0.9326	1.106	
2.67	-1.0559	1.3756	0.6358	0.3654	
2.68	-0.7855	2.1414	0.581	-0.1846	
2.69	-0.7127	2.0067	0.5253	-0.1707	
2.7	-0.916	1.7452	0.6182	0.4588	
2.71	-1.3633	1.2726	0.7774	1.2354	
2.72	-1.8056	0.932	0.9532	1.708	
2.73	-2.1496	1.1866	0.9895	1.9115	
2.74	-2.6092	1.7529	1.3824	1.2339	
2.75	-2.6642	2.4458	1.3083	0.5319	
2.76	-2.7126	2.8335	1.3667	0.0968	
2.77	-1.9629	2.3813	1.4818	0.2811	
2.78	-1.4979	1.3212	1.3842	1.0525	
2.79	-1.1515	0.3478	0.9907	1.8639	
2.8	-0.775	-0.4398	0.7877	2.0058	
2.81	-0.5091	-0.6529	0.4059	1.9706	
2.82	-0.5306	-0.3491	0.0603	1.4428	
2.83	-0.7985	0.0874	-0.3245	0.7241	
2.84	-1.2933	0.3493	-0.6573	0.4128	
2.85	-1.668	0.0457	-0.9773	0.7166	
2.86	-2.0421	-0.6738	-1.062	1.5644	
2.87	-2.2044	-1.4664	-1.1513	2.4546	
2.88	-2.12	-2.033	-1.0918	2.3958	
2.89	-1.9475	-1.939	-0.9272	2.0532	
2.9	-1.4041	-1.5211	-0.7021	1.3956	
2.91	-0.9859	-0.5755	-0.3902	0.8113	
2.92	-0.482	0.0956	0.0098	0.7096	
2.93	-0.1507	0.2328	0.3879	1.0181	
2.94	-0.0013	-0.1486	0.7214	1.7892	
2.95	-0.0935	-0.8166	1.2192	2.4865	
2.96	-0.4194	-1.0763	1.4656	2.5352	
2.97	-0.8849	-0.9864	1.6663	2.0084	
2.98	-1.3439	-0.4082	1.6853	1.4105	
2.99	-1.6921	0.4478	1.6475	0.744	
3.0	-1.7115	1.0368	1.3742	0.7725	
3.01	-1.694	1.0042	1.3272	1.4643	
3.02	-1.1256	0.3999	1.0402	2.1594	
3.03	-0.6415	-0.4213	0.7728	2.4785	
3.04	-0.1495	-1.0536	0.686	2.8854	
3.05	0.3269	-1.1955	0.5352	1.8549	
3.06	0.6532	-0.8889	0.518	1.1163	
3.07	0.712	-0.1458	0.5252	0.8207	
3.08	0.5531	0.3253	0.6528	0.9301	
3.09	0.1795	0.353	0.9282	1.4988	
3.1	-0.2627	-0.1326	1.2689	2.3575	
3.11	-0.6103	-0.8558	1.3779	2.8447	
3.12	-0.9045	-1.4751	1.7916	2.4817	
3.13	-0.8993	-1.2415	2.2982	1.5436	
3.14	-0.6764	-0.6299	2.5188	0.98	
3.15	-0.2781	0.2836	2.2033	0.6794	
3.16	0.2755	1.1856	2.4636	0.8877	
3.17	0.879	1.4838	2.1918	1.7974	
3.18	1.2485	1.2969	2.3429	2.2367	
3.19	1.4068	0.7145	1.6867	2.7051	
3.2	1.5372	0.4024	1.4686	2.1431	
3.21	1.179	0.4702	0.9159	1.1927	
3.22	0.8316	1.09	0.5193	0.5472	
3.23	0.3215	1.9957	0.1252	0.4849	
3.24	-0.0127	2.3272	-0.2549	0.9198	
3.25	-0.1774	2.7601	-0.5262	1.6245	
3.26	-0.1343	1.923	-0.7602	2.2706	
3.27	0.1504	1.2305	-0.8293	2.2905	
3.28	0.6751	0.3043	-0.8403	1.4084	
3.29	1.1544	-0.1355	-0.6431	0.7201	
3.3	1.5023	-0.0741	-0.4853	0.1622	
3.31	2.1688	0.2809	-0.2558	0.1733	
3.32	2.2285	0.5866	-0.0089	0.7547	
3.33	2.1852	0.3771	0.1947	1.614	
3.34	1.57	-0.3442	0.38	1.842	
3.35	1.1502	-1.3692	0.4761	1.7978	
3.36	0.8368	-2.3603	0.5246	0.9248	
3.37	0.4617	-2.8278	0.4381	0.15	
3.38	0.3982	-2.2835	0.2887	-0.3003	
3.39	0.5403	-1.8083	0.085	-0.0924	
3.4	0.8164	-1.0746	-0.1691	0.5172	
3.41	1.3259	-0.9369	-0.4359	1.1593	
3.42	1.7931	-1.0247	-0.6056	1.5504	
3.43	2.3195	-1.4888	-0.8536	1.0371	
3.44	2.546	-1.9328	-0.9839	0.3444	
3.45	2.3275	-1.9514	-1.0181	-0.4288	
3.46	2.5148	-1.3953	-0.9243	-0.7418	
3.47	1.7646	-0.2442	-0.6894	-0.3326	
3.48	1.5185	0.7238	-0.3695	0.3921	
3.49	1.0022	1.4469	0.0403	1.0366	
3.5	0.7334	1.336	0.5046	1.0519	
3.51	0.6733	0.776	0.8156	0.5918	
3.52	0.8113	0.249	1.31	-0.2938	
3.53	1.1599	0.1275	1.5105	-1.0213	
3.54	1.7394	0.4762	2.0495	-1.0645	
3.55	2.2984	1.2309	2.2416	-0.5777	
3.56	2.5471	1.8262	2.2212	0.2033	
3.57	2.9427	2.2337	2.3075	0.7966	
3.58	2.8223	1.7254	1.9102	0.7051	
3.59	2.309	0.8651	1.8472	0.0163	
3.6	1.8919	-0.063	1.3639	-0.7902	
3.61	1.3735	-0.489	0.9765	-1.3325	
3.62	0.8949	-0.4402	0.726	-1.3374	
3.63	0.7245	0.1155	0.4555	-0.6108	
3.64	0.6909	0.6981	0.3076	0.1502	
3.65	1.0315	0.9731	0.187	0.5457	
3.66	1.4332	0.663	0.1646	0.2948	
3.67	1.9219	-0.0195	0.2239	-0.4584	
3.68	2.1125	-0.6611	0.3621	-1.2455	
3.69	2.4769	-0.9319	0.5294	-1.5446	
3.7	2.8099	-0.6349	0.6607	-1.3853	
3.71	2.2321	0.071	0.903	-0.601	
3.72	1.8195	0.9604	0.9892	0.1556	
3.73	1.5523	1.469	1.1468	0.3903	
3.74	0.9713	1.3219	1.0354	0.0026	
3.75	0.6161	0.6806	0.9416	-0.7363	
3.76	0.4106	-0.0815	0.7625	-1.5821	
3.77	0.4883	-0.4917	0.4842	-1.5153	
3.78	0.8654	-0.386	0.1841	-1.0927	
3.79	1.2872	0.2095	-0.2212	-0.3493	
3.8	1.6109	0.771	-0.6711	0.2416	
3.81	2.1419	1.0198	-1.0861	0.3171	
3.82	2.2677	0.5859	-1.3127	-0.1674	
3.83	2.3615	-0.2394	-1.5151	-0.8806	
3.84	1.8335	-1.2642	-1.62	-1.4749	
3.85	1.3855	-1.8031	-1.6953	-1.5344	
3.86	0.8842	-1.9937	-1.5916	-0.8563	
3.87	0.4201	-1.4574	-1.5903	-0.0964	
3.88	0.0769	-1.0329	-1.3748	0.4007	
3.89	-0.008	-0.5668	-0.8797	0.3523	
3.9	0.1315	-0.7629	-0.5584	-0.268	
3.91	0.5343	-1.4917	-0.1776	-1.0181	
3.92	0.9145	-2.1858	0.1455	-1.313	
3.93	1.2455	-2.5482	0.4239	-1.1759	
3.94	1.5223	-2.0792	0.5951	-0.5328	
3.95	1.8919	-1.1202	0.6236	0.3036	
3.96	1.485	-0.09	0.6978	0.7139	
3.97	1.3211	0.6798	0.5236	0.4689	
3.98	0.6412	0.9996	0.372	-0.2604	
3.99	0.1742	0.7556	0.1815	-0.8709	
4.0	-0.2759	0.3575	-0.02	-1.2106	
4.01	-0.4936	0.2127	-0.179	-0.8031	
4.02	-0.4821	0.5556	-0.3091	-0.0095	
4.03	-0.2287	1.2882	-0.3608	0.6952	
4.04	0.1438	2.2793	-0.3004	0.9179	
4.05	0.6306	3.0867	-0.1718	0.5973	
4.06	0.9803	2.7013	0.028	-0.1758	
4.07	1.13	2.075	0.3017	-0.8337	
4.08	1.1124	1.3902	0.6451	-0.9184	
4.09	1.0776	0.661	1.0093	-0.3387	
4.1	0.5974	0.4093	1.383	0.5047	
4.11	0.0388	0.6786	1.4416	1.2047	
4.12	-0.4947	1.1865	1.6517	1.2759	
4.13	-0.7426	1.4609	1.702	0.6821	
4.14	-1.0153	0.9777	1.7982	-0.0677	
4.15	-0.8173	0.137	1.7435	-0.5681	
4.16	-0.5667	-0.8274	1.4817	-0.4365	
4.17	-0.1015	-1.5889	1.0946	0.1963	
4.18	0.3499	-1.7442	0.6792	1.0216	
4.19	0.6698	-1.39	0.2483	1.5171	
4.2	0.8063	-0.8512	-0.1539	1.463	
4.21	0.8359	-0.3592	-0.5022	0.7774	
4.22	0.5274	-0.2639	-0.9482	0.0179	
4.23	0.0388	-0.7037	-1.0949	-0.3221	
4.24	-0.4744	-1.4937	-1.2983	-0.0737	
4.25	-0.9351	-1.819	-1.2874	0.5946	
4.26	-1.1449	-1.6196	-1.0707	1.3453	
4.27	-1.1942	-1.0144	-1.0272	1.9075	
4.28	-1.071	-0.0712	-0.9329	1.516	
4.29	-0.6065	0.6997	-0.5986	0.7844	
4.3	-0.1817	0.8368	-0.424	0.052	
4.31	0.2787	0.4848	-0.2598	-0.1647	
4.32	0.5761	-0.1964	-0.1741	0.234	
4.33	0.6842	-0.6969	-0.1569	0.9914	
4.34	0.5682	-0.8783	-0.2254	1.6681	
4.35	0.1937	-0.4245	-0.4212	1.831	
4.36	-0.2851	0.2757	-0.5841	1.3402	
4.37	-0.8243	0.7561	-0.9536	0.5854	
4.38	-1.0921	0.738	-1.1837	0.0095	
4.39	-1.2115	0.236	-1.5069	-0.0484	
4.4	-1.317	-0.6092	-1.6207	0.4735	
4.41	-1.0478	-1.3385	-1.9061	1.3121	
4.42	-0.4738	-1.3847	-1.7454	1.9012	
4.43	-0.0088	-0.9211	-1.7789	1.6563	
4.44	0.4491	-0.2291	-1.6544	1.0792	
4.45	0.7148	0.5184	-1.5689	0.3644	
4.46	0.7662	0.7986	-1.0045	-0.1125	
4.47	0.51	0.5278	-0.6978	-0.0224	
4.48	0.0901	-0.0582	-0.2694	0.6663	
4.49	-0.3446	-0.4843	0.1771	1.2302	
4.5	-0.7584	-0.3767	0.5589	1.8331	
4.51	-1.2026	0.2041	0.9477	1.656	
4.52	-1.1183	1.1874	1.0484	0.7724	
4.53	-0.9489	2.0819	1.338	0.0295	
4.54	-0.6905	2.5315	1.3148	-0.3255	
4.55	-0.1821	2.2217	1.1978	-0.0926	
4.56	0.303	1.3704	0.8719	0.577	
4.57	0.706	0.8885	0.6289	1.3851	
4.58	0.9567	0.5466	0.3922	1.5691	
4.59	0.7884	0.8598	0.1212	1.0419	
4.6	0.5191	1.4428	-0.1267	0.3443	
4.61	0.14	1.6304	-0.336	-0.385	
4.62	-0.3134	1.5316	-0.447	-0.5698	
4.63	-0.6807	0.9492	-0.4811	-0.2272	
4.64	-1.0179	-0.0935	-0.4066	0.4721	
4.65	-1.0031	-1.0852	-0.2737	0.9848	
4.66	-0.6785	-1.614	-0.0841	1.1358	
4.67	-0.2319	-1.7477	0.1444	0.6283	
4.68	0.2576	-1.2819	0.3529	-0.2637	
4.69	0.7986	-0.928	0.5897	-0.9074	
4.7	1.1525	-0.8011	0.6909	-1.0124	
4.71	1.2466	-1.259	0.6606	-0.3971	
4.72	1.0184	-1.8793	0.6177	0.2884	
4.73	0.7388	-2.4652	0.4296	0.7777	
4.74	0.1986	-2.6794	0.1915	0.6139	
4.75	-0.261	-2.1526	-0.1618	-0.0424	
4.76	-0.6078	-1.5587	-0.533	-0.9139	
4.77	-0.715	-0.4287	-1.0345	-1.2619	
4.78	-0.6579	0.1388	-1.4617	-1.2066	
4.79	-0.2839	0.2154	-1.6884	-0.6052	
4.8	0.1546	-0.1301	-2.1724	0.0853	
4.81	0.6522	-0.4691	-2.5289	0.3975	
4.82	1.1644	-0.5439	-2.5239	0.0878	
4.83	1.2452	-0.003	-2.5773	-0.7065	
4.84	1.3148	0.9162	-2.1532	-1.3508	
4.85	1.0993	1.7346	-2.227	-1.6528	
4.86	0.7333	2.4239	-1.9469	-1.501	
4.87	0.2078	2.1627	-1.5883	-0.8436	
4.88	-0.1975	1.3114	-1.1905	-0.1669	
4.89	-0.5351	0.5919	-0.8899	-0.0046	
4.9	-0.5405	0.1517	-0.5168	-0.4234	
4.91	-0.4284	0.2253	-0.3557	-1.3972	
4.92	-0.0363	0.7781	-0.318	-2.1517	
4.93	0.4743	1.2509	-0.2814	-2.0682	
4.94	0.8878	1.52	-0.3585	-1.8353	
4.95	1.3885	1.1356	-0.5752	-1.0293	
4.96	1.464	0.2484	-0.6638	-0.367	
4.97	1.3512	-0.6276	-0.8871	-0.4102	
4.98	0.9575	-1.1743	-1.0887	-0.9434	
4.99	0.5708	-0.9414	-1.268	-1.6518	
5.0	0.0567	-0.316	-1.222	-2.2083	
5.01	-0.335	0.3972	-1.1821	-2.3701	
5.02	-0.5704	0.9476	-1.2384	-1.8164	
5.03	-0.6197	0.7278	-0.941	-0.9591	
5.04	-0.3836	0.2507	-0.5773	-0.5671	
5.05	0.0454	-0.4021	-0.3111	-0.7137	
5.06	0.546	-0.7732	0.0943	-1.4514	
5.07	0.9011	-0.5254	0.4295	-2.1797	
5.08	1.1136	0.1534	0.7486	-2.3561	
5.09	1.3257	1.0274	0.9713	-2.4924	
5.1	1.0514	1.466	1.2694	-1.6079	
5.11	0.7202	1.243	1.1902	-0.9112	
5.12	0.1662	0.482	1.2721	-0.5324	
5.13	-0.3074	-0.4254	0.9321	-0.8156	
5.14	-0.6738	-1.1033	0.7322	-1.5756	
5.15	-0.9579	-1.2195	0.3915	-2.4088	
5.16	-0.8676	-0.7187	-0.0242	-2.3524	
5.17	-0.5207	-0.2091	-0.4338	-2.1946	
5.18	-0.0847	0.0271	-0.8086	-1.416	
5.19	0.4099	-0.2523	-1.0893	-0.7208	
5.2	0.7054	-1.1039	-1.3592	-0.6131	
5.21	0.9492	-1.9762	-1.7077	-1.0284	
5.22	0.8191	-2.5056	-1.7322	-1.6278	
5.23	0.552	-2.4345	-1.6613	-2.5566	
5.24	0.1009	-1.6588	-1.3966	-2.2056	
5.25	-0.4219	-0.9946	-1.2319	-1.751	
5.26	-0.8272	-0.3042	-1.0466	-0.9688	
5.27	-1.1342	-0.136	-0.8718	-0.4209	
5.28	-1.3767	-0.3843	-0.7342	-0.4417	
5.29	-1.264	-0.8064	-0.6199	-1.1115	
5.3	-0.8619	-1.0287	-0.6521	-1.6236	
5.31	-0.4233	-0.6351	-0.7133	-2.1464	
5.32	0.0365	0.2866	-0.7898	-2.239	
5.33	0.3212	1.3111	-1.1845	-1.3217	
5.34	0.4494	2.2479	-1.2502	-0.64	
5.35	0.2904	2.4558	-1.8221	-0.1519	
5.36	-0.0929	2.2658	-2.0614	-0.3291	
5.37	-0.6132	1.656	-2.5295	-1.0276	
5.38	-1.1444	1.0626	-2.7563	-1.6043	
5.39	-1.457	0.992	-2.8309	-1.9996	
5.4	-1.9286	1.4395	-2.4306	-1.7433	
5.41	-1.8182	1.9547	-2.4155	-0.8791	
5.42	-1.4499	2.3654	-2.3418	-0.1355	
5.43	-1.1602	2.2889	-2.2062	0.1779	
5.44	-0.7157	1.3643	-1.593	-0.1307	
5.45	-0.4059	0.3013	-1.3404	-0.7809	
5.46	-0.143	-0.6096	-0.8855	-1.4591	
5.47	-0.1249	-1.0312	-0.3816	-1.569	
5.48	-0.3528	-0.8719	-0.0425	-1.1574	
5.49	-0.8354	-0.3802	0.2291	-0.3476	
5.5	-1.2322	-0.0487	0.3883	0.3438	
5.51	-1.9787	-0.1692	0.5066	0.4424	
5.52	-2.2763	-0.7154	0.4056	0.0028	
5.53	-2.5205	-1.7294	0.2619	-0.7523	
5.54	-2.2119	-2.1823	0.0846	-1.1866	
5.55	-2.0999	-2.0712	-0.1458	-1.17	
5.56	-1.4902	-1.7176	-0.408	-0.622	
5.57	-1.1292	-0.8147	-0.6797	0.1798	
5.58	-0.716	-0.0766	-0.8702	0.6833	
5.59	-0.5643	0.2044	-0.839	0.7227	
5.6	-0.6213	-0.0226	-0.8551	0.0861	
5.61	-0.8808	-0.5823	-0.8356	-0.7282	
5.62	-1.4585	-1.1142	-0.775	-1.1191	
5.63	-1.9686	-1.0268	-0.5016	-0.993	
5.64	-2.2557	-0.4773	-0.2797	-0.2157	
5.65	-2.662	0.3416	-0.0055	0.6153	
5.66	-2.8934	1.0382	0.2057	0.9521	
5.67	-2.7201	1.2305	0.389	0.7266	
5.68	-1.9801	0.8161	0.5176	0.0534	
5.69	-1.6294	-0.053	0.5007	-0.6568	
5.7	-1.2524	-0.8092	0.3157	-0.959	
5.71	-0.9655	-0.9996	0.1202	-0.6044	
5.72	-0.8407	-0.7569	-0.2174	0.1667	
5.73	-0.9414	-0.0886	-0.6435	0.8574	
5.74	-1.183	0.4927	-1.0695	1.025	
5.75	-1.8529	0.6603	-1.5661	0.7435	
5.76	-2.2804	0.2537	-1.9023	-0.0912	
5.77	-2.4384	-0.4653	-2.209	-0.7449	
5.78	-2.9576	-1.0839	-2.5204	-0.8906	
5.79	-2.9928	-1.0309	-2.9479	-0.3872	
5.8	-2.6689	-0.5893	-2.8921	0.387	
5.81	-1.8868	0.2681	-2.7961	0.9131	
5.82	-1.6168	1.1981	-2.3506	0.9605	
5.83	-1.0581	1.4859	-2.4494	0.4146	
5.84	-0.77	1.5448	-1.8574	-0.3575	
5.85	-0.7896	0.9603	-1.7774	-0.9403	
5.86	-1.0336	0.4882	-1.3048	-0.8135	
5.87	-1.4441	0.3548	-1.2143	-0.2674	
5.88	-1.9103	0.8262	-0.9025	0.4675	
5.89	-2.3357	1.4051	-0.8215	0.869	
5.9	-2.6595	2.0528	-0.8996	0.7766	
5.91	-2.7368	2.6357	-0.893	0.0797	
5.92	-2.5223	1.9165	-1.0218	-0.649	
5.93	-1.9937	1.0473	-1.3814	-1.2551	
5.94	-1.5569	0.1064	-1.6147	-1.0422	
5.95	-1.0882	-0.5194	-1.61	-0.3137	
5.96	-0.6076	-0.579	-1.8045	0.3878	
5.97	-0.3661	-0.2083	-2.0041	0.7444	
5.98	-0.4453	0.1408	-1.9135	0.3333	
5.99	-0.6953	0.1098	-1.7348	-0.4045	
6.0	-1.0171	-0.5034	-1.4281	-1.2153	
6.01	-1.5145	-1.3565	-1.2389	-1.5017	
6.02	-1.7644	-2.4202	-0.9035	-1.1322	
6.03	-2.1823	-2.9846	-0.5187	-0.3985	
6.04	-1.9955	-2.947	-0.113	0.2134	
6.05	-1.6271	-2.0621	0.2576	0.352	
6.06	-1.418	-1.3971	0.5755	-0.159	
6.07	-0.8483	-0.7496	0.8462	-1.0681	
6.08	-0.2692	-0.8599	1.0377	-1.5566	
6.09	0.0833	-1.2213	0.8962	-1.86	
6.1	0.2467	-1.8463	0.9181	-1.4081	
6.11	0.1353	-1.5809	0.6503	-0.5701	
6.12	-0.1547	-1.1327	0.3374	-0.0329	
6.13	-0.6074	-0.1524	0.0122	-0.0997	
6.14	-1.0693	0.8665	-0.3475	-0.7284	
6.15	-1.2048	1.747	-0.79	-1.5025	
6.16	-1.5355	1.5877	-1.1096	-2.0831	
6.17	-1.3173	1.2753	-1.214	-2.1949	
6.18	-0.9796	0.7307	-1.4617	-1.3596	
6.19	-0.4065	0.3771	-1.6481	-0.6664	
6.2	0.1144	0.544	-1.5299	-0.3781	
6.21	0.5446	1.1529	-1.4283	-0.5792	
6.22	0.8415	1.7552	-1.2007	-1.4311	
6.23	1.0386	2.0489	-1.1693	-2.094	
6.24	0.8188	2.0365	-0.9419	-2.7292	
6.25	0.4166	0.9674	-0.7348	-2.3833	
6.26	0.0243	0.112	-0.5899	-1.4426	
6.27	-0.3937	-0.5533	-0.6377	-0.869	
6.28	-0.6368	-0.6041	-0.6465	-0.6245	
6.29	-0.5939	-0.1441	-0.771	-0.956	
6.3	-0.3921	0.4868	-1.015	-1.7149	
6.31	-0.0065	0.8279	-1.4256	-2.4527	
6.32	0.4809	0.6281	-1.5258	-2.9116	
6.33	1.1351	0.0053	-1.9855	-2.3219	
6.34	1.6146	-0.755	-2.2548	-1.507	
6.35	1.5302	-1.2538	-2.8154	-0.9652	
6.36	1.6307	-1.0135	-2.5657	-0.9247	
6.37	1.4985	-0.3257	-3.004	-1.3991	
6.38	1.0329	0.5679	-2.8249	-2.1104	
6.39	0.5787	1.1071	-2.7714	-2.5901	
6.4	0.2377	1.0961	-2.5016	-2.9015	
6.41	0.0346	0.6096	-1.9566	-2.3508	
6.42	0.0792	-0.1468	-1.6862	-1.5525	
6.43	0.3587	-0.7224	-1.3806	-0.9683	
6.44	0.7673	-0.6821	-0.912	-1.1514	
6.45	1.4673	-0.178	-0.5294	-1.5721	
6.46	1.9695	0.4177	-0.2004	-2.7152	
6.47	2.2655	0.7363	0.0146	-3.0817	
6.48	2.3403	0.5367	0.1304	-2.5864	
6.49	2.1497	-0.1539	0.1452	-2.2857	
6.5	1.7403	-1.0257	0.0514	-1.2364	
6.51	1.2884	-2.014	-0.0973	-1.0234	
6.52	1.0182	-1.9541	-0.2853	-1.1086	
6.53	0.6821	-1.5765	-0.4932	-2.029	
6.54	0.5149	-0.9161	-0.664	-2.6248	
6.55	0.6129	-0.5546	-0.9136	-2.6518	
6.56	1.0405	-0.5523	-1.0712	-2.4749	
6.57	1.401	-1.0979	-1.054	-1.7809	
6.58	2.0752	-1.5059	-0.9301	-1.0542	
6.59	2.3897	-1.8173	-0.7579	-0.7816	
6.6	2.7902	-1.8841	-0.4796	-1.2358	
6.61	2.8597	-1.009	-0.22	-1.9885	
6.62	2.3616	0.0671	0.0497	-2.533	
6.63	1.9342	1.0325	0.3245	-2.8738	
6.64	1.511	1.29	0.5612	-2.2252	
6.65	1.0619	1.1214	0.7685	-1.3504	
6.66	0.7848	0.7783	0.7616	-0.7452	
6.67	0.7118	0.5402	0.6797	-0.6701	
6.68	0.9279	0.7238	0.5236	-1.1322	
6.69	1.1767	1.4764	0.2275	-2.0481	
6.7	1.7439	2.0576	-0.1019	-2.2495	
6.71	2.3878	3.0467	-0.4805	-2.4567	
6.72	2.5888	2.6777	-0.9445	-1.5831	
6.73	2.8079	2.4351	-1.3435	-0.7901	
6.74	2.4927	1.509	-1.7407	-0.3245	
6.75	2.366	0.6279	-2.1663	-0.3366	
6.76	1.841	0.1909	-2.4702	-1.0069	
6.77	1.2314	0.3259	-2.3832	-1.5925	
6.78	0.8086	0.74	-2.249	-2.0051	
6.79	0.6004	1.0495	-2.1946	-1.9599	
6.8	0.6597	0.7904	-2.3381	-1.1181	
6.81	0.8657	-0.0088	-1.8507	-0.2603	
6.82	1.3904	-1.0559	-1.5453	0.1239	
6.83	1.9088	-1.8677	-1.2986	-0.1225	
6.84	2.2204	-2.1259	-1.1444	-0.7364	
6.85	2.1843	-1.8764	-0.8941	-1.5265	
6.86	2.4997	-1.3134	-0.7753	-1.7961	
6.87	2.0989	-0.6614	-0.7935	-1.2132	
6.88	1.8479	-0.408	-0.9088	-0.4683	
6.89	1.3042	-0.7363	-1.0972	0.2768	
6.9	0.7812	-1.2709	-1.3043	0.4718	
6.91	0.3969	-1.9083	-1.3202	0.0687	
6.92	0.2869	-1.811	-1.7108	-0.6598	
6.93	0.3517	-1.1126	-1.9789	-1.3338	
6.94	0.667	-0.2019	-1.9703	-1.1893	
6.95	1.1145	0.6802	-2.1232	-0.7757	
6.96	1.4442	0.93	-1.747	0.091	
6.97	1.9873	0.7451	-1.5531	0.7474	
6.98	2.0464	0.1427	-1.4726	0.687	
6.99	1.8378	-0.4541	-1.1855	0.1702	
7.0	1.59	-0.6327	-0.7144	-0.6253	
7.01	1.0825	-0.3385	-0.2228	-1.1377	
7.02	0.6943	0.2701	0.2086	-1.0028	
7.03	0.1784	0.874	0.5533	-0.2644	
7.04	-0.1341	1.027	0.8905	0.5839	
7.05	-0.1954	0.6882	1.017	0.9081	
7.06	-0.0675	-0.1602	1.0895	0.8724	
7.07	0.278	-0.8808	1.2141	0.172	
7.08	0.758	-1.2967	0.9307	-0.5545	
7.09	1.1729	-0.9187	0.8585	-0.909	
7.1	1.3204	-0.2179	0.4759	-0.6453	
7.11	1.5679	0.5581	0.1666	0.112	
7.12	1.4563	0.8513	-0.1768	0.9005	
7.13	0.9827	0.8521	-0.5223	1.0913	
7.14	0.5326	0.2309	-0.7215	0.7829	
7.15	-0.0203	-0.2856	-0.894	0.0517	
7.16	-0.4306	-0.3642	-0.8895	-0.686	
7.17	-0.7295	0.0953	-1.0702	-0.8974	
7.18	-0.6325	0.9897	-0.9332	-0.4493	
7.19	-0.3929	1.8155	-0.6778	0.3648	
7.2	-0.0321	2.2426	-0.565	1.0267	
7.21	0.3949	2.161	-0.3337	1.1247	
7.22	0.7848	1.3586	-0.1661	0.5496	
7.23	1.112	0.711	-0.0267	-0.1856	
7.24	1.132	0.2672	0.0301	-0.7394	
7.25	0.8071	0.3932	-0.0117	-0.7987	
7.26	0.3969	0.8949	-0.1594	-0.3173	
7.27	-0.1017	1.279	-0.4064	0.4255	
7.28	-0.6127	1.333	-0.6989	1.0496	
7.29	-0.9469	0.7859	-0.9482	0.86	
7.3	-1.1279	-0.2051	-1.4318	0.2212	
7.31	-1.0466	-1.4176	-1.8564	-0.5547	
7.32	-0.7094	-1.8852	-2.2946	-0.9782	
7.33	-0.2064	-2.0607	-2.5174	-0.9267	
7.34	0.2495	-1.7093	-2.5783	-0.3349	
7.35	0.6706	-1.1214	-2.348	0.3936	
7.36	0.8662	-0.8503	-2.6021	0.7226	
7.37	0.6875	-1.0724	-2.2883	0.5507	
7.38	0.4342	-1.6531	-1.9933	-0.2326	
7.39	-0.0144	-2.6778	-1.5468	-1.0375	
7.4	-0.5265	-2.7476	-1.3216	-1.3555	
7.41	-0.9043	-2.4336	-0.7716	-1.1666	
7.42	-1.1896	-1.5632	-0.4337	-0.3525	
7.43	-1.271	-0.356	-0.1129	0.309	
7.44	-1.0588	0.3819	0.1391	0.4868	
7.45	-0.6609	0.5662	0.281	0.0494	
7.46	-0.1548	0.3774	0.3037	-0.7135	
7.47	0.2879	-0.0623	0.3026	-1.4599	
7.48	0.6315	-0.1978	0.1552	-1.6093	
7.49	0.6704	0.1977	-0.0034	-1.3121	
7.5	0.5829	0.9486	-0.2183	-0.5055	
7.51	0.2378	1.9466	-0.3636	0.0917	
7.52	-0.2479	2.4287	-0.5188	0.105	
7.53	-0.7694	2.186	-0.6224	-0.4251	
7.54	-1.1744	1.7405	-0.6513	-1.3248	
7.55	-1.277	0.963	-0.5858	-2.0067	
7.56	-1.2786	0.2663	-0.3859	-1.9761	
7.57	-0.9373	0.1827	-0.1357	-1.341	
7.58	-0.4055	0.5167	0.1875	-0.6291	
7.59	0.0714	1.0873	0.5312	-0.1409	
7.6	0.5283	1.401	0.8619	-0.2896	
7.61	0.7128	1.0455	1.111	-1.0433	
7.62	0.8098	0.3855	1.4337	-1.7379	
7.63	0.6393	-0.6079	1.3307	-2.0893	
7.64	0.2076	-1.2815	1.5668	-2.1042	
7.65	-0.2532	-1.2455	1.3589	-1.4584	
7.66	-0.6764	-0.6298	1.1974	-0.7203	
7.67	-0.9853	0.0715	0.768	-0.3722	
7.68	-1.1657	0.6273	0.4271	-0.6732	
7.69	-0.8992	0.6836	0.0133	-1.2913	
7.7	-0.5519	0.1916	-0.4425	-2.0199	
7.71	-0.0413	-0.4594	-0.8168	-2.4516	
7.72	0.4333	-0.9361	-1.1102	-1.9423	
7.73	0.904	-0.7514	-1.3269	-1.3859	
7.74	1.0278	-0.2469	-1.7187	-0.7314	
7.75	1.0251	0.5677	-1.6292	-0.5391	
7.76	0.6988	1.0968	-1.7054	-0.879	
7.77	0.2691	0.9863	-1.2984	-1.6319	
7.78	-0.1709	0.543	-1.1807	-2.2447	
7.79	-0.5989	-0.3763	-0.8833	-2.5682	
7.8	-0.73	-1.1662	-0.7336	-1.8994	
7.81	-0.7617	-1.2242	-0.5123	-1.0599	
7.82	-0.5173	-1.0652	-0.3272	-0.5668	
7.83	-0.116	-0.4493	-0.2371	-0.5859	
7.84	0.3889	-0.0189	-0.2146	-1.1356	
7.85	0.8476	-0.1167	-0.3005	-1.935	
7.86	1.2051	-0.7176	-0.4609	-2.2854	
7.87	1.2649	-1.4531	-0.6459	-2.3846	
7.88	1.1253	-2.2843	-0.8269	-1.8202	
7.89	0.8906	-2.3545	-1.2222	-0.8096	
7.9	0.3186	-1.8176	-1.4834	-0.3725	
7.91	-0.1085	-0.8181	-1.6555	-0.58	
7.92	-0.4305	-0.0932	-1.4777	-1.1414	
7.93	-0.6538	0.2586	-1.637	-1.8076	
7.94	-0.4898	0.0808	-1.3323	-2.2188	
7.95	-0.1793	-0.3506	-1.1048	-1.9203	
7.96	0.2478	-0.6364	-0.8774	-1.22	
7.97	0.8003	-0.385	-0.4429	-0.461	
7.98	1.2946	0.4163	0.0028	-0.1448	
7.99	1.504	1.4366	0.475	-0.4933	
8.0	1.3176	2.2746	0.9254	-1.1493	
8.01	1.2124	2.5118	1.3291	-1.8264	
8.02	0.8227	2.6055	1.5276	-2.1166	
8.03	0.2991	1.7582	1.6374	-1.6375	
8.04	-0.1596	1.1693	1.8312	-0.7519	
8.05	-0.4725	0.9767	1.6537	-0.0131	
8.06	-0.4988	1.1274	1.5217	0.1674	
8.07	-0.3306	1.7882	1.1198	-0.305	
8.08	-0.0042	2.0176	0.9566	-1.001	
8.09	0.4446	1.9698	0.7026	-1.6585	
8.1	0.976	1.3419	0.335	-1.5937	
8.11	1.2843	0.2071	0.1341	-1.0064	
8.12	1.4078	-0.7795	-0.0314	-0.0991	
8.13	1.2366	-1.4874	-0.1033	0.5073	
8.14	0.9656	-1.4234	-0.1166	0.5161	
8.15	0.5478	-0.8468	-0.0162	-0.0667	
8.16	0.0274	-0.4434	0.131	-0.7699	
8.17	-0.3933	-0.4111	0.3398	-1.1196	
8.18	-0.5807	-0.8144	0.5748	-0.9257	
8.19	-0.5886	-1.7583	0.8374	-0.3409	
8.2	-0.4218	-2.4211	0.9182	0.5289	
8.21	-0.0199	-2.677	1.0052	0.998	
8.22	0.4692	-1.8551	0.9276	0.8105	
8.23	0.9134	-1.1802	0.9439	0.1428	
8.24	1.0918	-0.1961	0.6344	-0.5684	
8.25	1.2376	0.2868	0.3419	-0.7537	
8.26	0.9806	0.1827	0.0137	-0.4732	
8.27	0.5833	-0.3071	-0.3833	0.3333	
8.28	0.0546	-0.8741	-0.7376	1.0289	
8.29	-0.4478	-0.948	-1.2257	1.2769	
8.3	-0.8995	-0.4821	-1.4835	0.9506	
8.31	-0.9266	0.3663	-1.7294	0.3011	
8.32	-0.9054	1.1198	-1.6329	-0.3106	
8.33	-0.6766	1.2679	-1.954	-0.4608	
8.34	-0.2218	1.1935	-1.7772	0.0547	
8.35	0.1908	0.3305	-1.3933	0.9508	
8.36	0.548	-0.4178	-1.0907	1.6547	
8.37	0.7152	-0.8271	-0.7847	1.5054	
8.38	0.6444	-0.6774	-0.3764	1.0696	
8.39	0.4267	-0.0621	-0.0311	0.3623	
8.4	-0.0782	0.5756	0.2823	-0.1356	
8.41	-0.6416	0.7768	0.5168	-0.101	
8.42	-1.1996	0.5808	0.7765	0.5141	
8.43	-1.5376	-0.0695	0.8628	1.4047	
8.44	-1.5952	-0.6844	0.7646	1.8031	
8.45	-1.5057	-1.0917	0.6072	1.8967	
8.46	-1.024	-0.7032	0.5247	1.1854	
8.47	-0.592	0.187	0.3582	0.3814	
8.48	-0.1598	1.0495	0.1378	-0.0339	
8.49	0.1293	1.5841	-0.0051	0.1857	
8.5	0.2166	1.7511	-0.1041	0.832	
8.51	0.0633	1.1349	-0.1036	1.7157	
8.52	-0.3352	0.5337	-0.0302	1.9565	
8.53	-0.7859	0.2438	0.135	1.6031	
8.54	-1.4574	0.5138	0.407	1.0481	
8.55	-1.7594	1.1602	0.7807	0.2808	
8.56	-1.9422	2.0247	1.136	-0.0083	
8.57	-2.2329	2.3003	1.3692	0.3718	
8.58	-1.6419	1.9556	1.7238	1.1829	
8.59	-1.3276	0.9067	2.0469	1.7049	
8.6	-0.9786	-0.0593	2.3827	1.8847	
8.61	-0.5405	-0.7494	2.3633	1.5239	
8.62	-0.3727	-1.0596	2.4578	0.6986	
8.63	-0.3531	-0.6431	2.1064	0.0469	
8.64	-0.6243	-0.2938	1.7298	-0.0648	
8.65	-0.9858	-0.1571	1.495	0.4449	
8.66	-1.3897	-0.6027	1.0306	1.1996	
8.67	-2.1984	-1.3178	0.6834	1.7448	
8.68	-2.6141	-2.5784	0.3013	1.685	
8.69	-2.6585	-2.8035	-0.0429	1.2215	
8.7	-2.4377	-2.7727	-0.3366	0.3377	
8.71	-2.2613	-2.3602	-0.548	-0.2535	
8.72	-1.589	-1.2322	-0.6217	-0.1779	
8.73	-1.1182	-0.717	-0.662	0.4133	
8.74	-0.8536	-0.5071	-0.4847	1.0642	
8.75	-0.6438	-0.8084	-0.3113	1.59	
8.76	-0.7787	-1.1777	-0.1225	1.3335	
8.77	-1.0444	-1.3737	0.1027	0.6058	
8.78	-1.4491	-0.9277	0.3225	-0.1393	
8.79	-2.0257	-0.0117	0.43	-0.5104	
8.8	-2.5324	1.0699	0.5234	-0.3416	
8.81	-2.8058	1.9908	0.542	0.3425	
8.82	-3.0093	2.2043	0.5332	1.1047	
8.83	-2.406	1.6766	0.3487	1.203	
8.84	-2.0784	1.0742	0.0882	0.9875	
8.85	-1.7221	0.6038	-0.19	0.1275	
8.86	-1.3205	0.726	-0.4416	-0.6357	
8.87	-0.9625	1.0984	-0.761	-0.8491	
8.88	-0.7475	1.8022	-0.8435	-0.472	
8.89	-0.9643	2.3267	-0.9926	0.2577	
8.9	-1.2722	1.8296	-1.0246	0.8919	
8.91	-1.7487	1.1275	-0.9934	1.0086	
8.92	-2.1822	0.2174	-0.7905	0.4777	
8.93	-2.8457	-0.5014	-0.5717	-0.3832	
8.94	-2.6866	-0.7668	-0.1418	-1.0758	
8.95	-2.559	-0.4366	0.2616	-1.1198	
8.96	-2.6046	0.1379	0.7814	-0.5275	
8.97	-2.0444	0.5205	1.2649	0.1599	
8.98	-1.5752	0.5014	1.4952	0.6658	
8.99	-1.0267	-0.0271	2.0428	0.5896	
9.0	-0.7001	-0.8371	2.0535	-0.0219	
9.01	-0.7085	-1.2274	2.1316	-0.9062	
9.02	-0.9239	-1.2252	2.0583	-1.4505	
9.03	-1.2593	-0.7005	2.0369	-1.1344	
9.04	-1.7309	0.1297	1.9331	-0.5413	
9.05	-1.9717	0.7564	1.5858	0.1383	
9.06	-2.179	0.9708	1.4665	0.5148	
9.07	-2.2574	0.5402	1.0397	0.3199	
9.08	-2.4085	-0.1757	0.8384	-0.3809	
9.09	-1.7497	-0.8107	0.8282	-1.0959	
9.1	-1.4424	-0.9476	0.6257	-1.4916	
9.11	-0.7741	-0.4308	0.7056	-1.2243	
9.12	-0.4779	0.196	0.7636	-0.5376	
9.13	-0.2045	0.7003	0.8558	0.1967	
9.14	-0.2104	0.5644	1.1783	0.4683	
9.15	-0.4418	-0.0074	1.3829	0.0788	
9.16	-0.8913	-0.9883	1.6658	-0.7014	
9.17	-1.4049	-1.7276	1.6514	-1.2384	
9.18	-1.7455	-2.0506	1.9106	-1.6621	
9.19	-1.8364	-1.52	1.763	-1.0577	
9.2	-1.8834	-0.933	1.9306	-0.2545	
9.21	-1.5853	-0.3961	1.735	0.351	
9.22	-1.0378	-0.2514	1.5401	0.4754	
9.23	-0.5722	-0.5646	1.0617	-0.056	
9.24	-0.0339	-1.2139	0.6685	-0.8834	
9.25	0.3032	-1.7383	0.2109	-1.3791	
9.26	0.5023	-1.4407	-0.1966	-1.3648	
9.27	0.4235	-0.9019	-0.5408	-0.7473	
9.28	0.1084	0.1778	-0.9034	0.0752	
9.29	-0.2895	1.1313	-1.108	0.6562	
9.3	-0.7067	1.5525	-1.0985	0.5706	
9.31	-1.0731	1.5754	-1.1009	-0.0757	
9.32	-1.2482	1.31	-0.8626	-0.8927	
9.33	-1.0581	0.8682	-0.7279	-1.2388	
9.34	-0.6612	0.7788	-0.3295	-1.0782	
9.35	-0.1623	1.2624	-0.0112	-0.2802	
9.36	0.37	1.9007	0.3589	0.521	
9.37	0.8174	2.5717	0.6718	0.8564	
9.38	1.0729	2.896	0.9065	0.682	
9.39	1.3428	2.3514	1.1116	0.0035	
9.4	1.0983	1.3361	1.1775	-0.7109	
9.41	0.7153	0.489	1.1302	-0.9658	
9.42	0.2766	-0.1164	1.0603	-0.5451	
9.43	-0.1152	-0.1212	0.9649	0.2728	
9.44	-0.331	0.2014	0.7098	1.0628	
9.45	-0.4182	0.5715	0.5602	1.3298	
9.46	-0.1889	0.4614	0.3458	0.9435	
9.47	0.2366	-0.1828	0.2109	0.1631	
9.48	0.8013	-1.0534	0.2032	-0.3953	
9.49	1.3505	-1.9071	0.234	-0.4842	
9.5	1.5625	-2.2941	0.3813	0.0659	
9.51	1.7804	-2.2903	0.7173	0.9148	
9.52	2.0629	-1.6445	0.9894	1.4597	
9.53	1.7022	-0.9795	1.2235	1.7335	
9.54	1.2402	-0.4669	1.6785	1.1804	
9.55	0.7139	-0.5994	2.0187	0.3875	
9.56	0.3886	-1.2234	2.2526	-0.1068	
9.57	0.2291	-1.6923	2.5524	0.0068	
9.58	0.2436	-1.8363	2.7561	0.6517	
9.59	0.5384	-1.2116	3.1151	1.4956	
9.6	0.8973	-0.2803	2.9386	1.8853	
9.61	1.5394	0.6702	2.4861	1.7303	
9.62	1.8691	1.2101	2.494	1.2795	
9.63	2.5413	0.9904	2.0168	0.526	
9.64	2.4837	0.4993	1.5141	0.2263	
9.65	2.4554	-0.1282	1.2945	0.4841	
9.66	1.9181	-0.5161	0.891	1.3164	
9.67	1.6066	-0.2976	0.5101	1.9891	
9.68	1.1299	0.356	0.3021	2.2701	
9.69	0.716	1.0549	0.1802	1.9413	
9.7	0.552	1.28	0.1504	1.4168	
9.71	0.7549	0.9627	0.2164	0.6978	
9.72	1.0528	0.2038	0.3462	0.5357	
9.73	1.4246	-0.5724	0.5732	0.9211	
9.74	1.9237	-1.0702	0.7312	1.8222	
9.75	2.3542	-0.8579	0.8725	2.7063	
9.76	2.6698	-0.2729	1.0372	2.6271	
9.77	2.4865	0.5602	1.253	1.9829	
9.78	2.3154	1.0696	1.1212	1.3736	
9.79	2.155	1.0171	1.0834	0.7981	
9.8	1.4302	0.4722	0.9804	0.7822	
9.81	0.9767	-0.1136	0.6503	1.2616	
9.82	0.7426	-0.3906	0.378	2.37	
9.83	0.6937	-0.0775	0.0337	2.6393	
9.84	0.8148	0.7294	-0.3011	2.5405	
9.85	1.2431	1.6629	-0.5025	2.2715	
9.86	1.8125	2.0594	-0.804	1.4464	
9.87	1.9399	1.9939	-0.8264	0.9317	
9.88	2.6619	1.3041	-0.8339	0.9096	
9.89	2.6521	0.6164	-0.7457	1.5604	
9.9	2.7186	0.0499	-0.4869	2.6459	
9.91	2.3465	-0.0298	-0.1429	3.098	
9.92	1.6715	0.3352	0.256	2.7762	
9.93	1.0761	0.8613	0.6922	2.0818	
9.94	0.7319	1.0278	1.1751	1.2299	
9.95	0.4529	0.6423	1.6651	0.8005	
9.96	0.4949	-0.284	1.7987	1.1226	
9.97	0.6808	-1.2525	2.3352	1.6694	
9.98	1.0416	-2.3014	2.2906	2.7015	
9.99	1.6955	-2.3685	2.5066	2.6626	
10.0	1.9574	-2.1887	2.2295	2.2328	
10.01	2.2148	-1.2951	2.164	1.4461	
10.02	2.4425	-1.0658	1.8673	0.823	
10.03	1.9354	-0.9697	1.5542	0.5832	
10.04	1.6502	-1.5844	1.5794	0.9632	
10.05	1.2132	-2.1189	1.3197	1.8265	
10.06	0.6001	-2.7395	0.9853	2.2006	
10.07	0.2291	-2.2558	0.994	2.3186	
10.08	0.0738	-1.4726	1.005	1.9497	
10.09	0.156	-0.27	1.1309	1.1626	
10.1	0.404	0.7086	1.3102	0.4246	
10.11	0.7849	1.1204	1.421	0.4478	
10.12	1.3061	0.9053	1.7504	0.9517	
10.13	1.7615	0.4625	1.9091	1.7675	
10.14	1.6603	0.194	2.2799	2.2903	
10.15	1.8387	0.4124	2.6153	2.0945	
10.16	1.4519	1.0849	2.3324	1.4329	
10.17	0.9289	1.9547	2.3557	0.5966	
10.18	0.486	2.4808	2.2598	0.0763	
10.19	-0.0196	2.7387	2.1304	0.2202	
10.2	-0.3527	2.2297	1.6974	0.7798	
10.21	-0.4396	1.105	1.4052	1.442	
10.22	-0.2769	0.365	0.837	2.0585	
10.23	0.0854	0.0857	0.4357	1.7381	
10.24	0.5532	0.3339	0.0094	0.8505	
10.25	1.0141	0.8531	-0.3239	0.0426	
10.26	1.3149	1.1361	-0.6367	-0.3007	
10.27	1.2764	1.1148	-0.7701	0.0149	
10.28	1.2512	0.3193	-0.7037	0.6805	
10.29	0.8085	-0.5386	-0.6633	1.3104	
10.3	0.3014	-1.3474	-0.5326	1.6099	
10.31	-0.1833	-1.5735	-0.254	1.0645	
10.32	-0.6412	-1.1015	0.043	0.2464	
10.33	-0.8493	-0.3381	0.3129	-0.449	
10.34	-0.8289	0.3145	0.5828	-0.5265	
10.35	-0.5892	0.5301	0.8948	-0.1245	
10.36	-0.1915	0.1596	0.9636	0.6415	
10.37	0.2792	-0.4471	1.1099	1.1604	
10.38	0.6964	-1.0268	1.1996	1.2445	
10.39	1.0073	-0.969	0.9809	0.6245	
10.4	0.955	-0.5965	0.815	-0.1957	
10.41	0.7735	0.2102	0.6499	-0.806	
10.42	0.322	0.8589	0.4402	-0.7203	
10.43	-0.1799	1.1215	0.2514	-0.1561	
10.44	-0.6625	0.5486	0.101	0.6758	
10.45	-0.9663	-0.2755	0.0269	1.1541	
10.46	-1.2228	-1.0764	0.0522	0.9456	
10.47	-0.9693	-1.2885	0.1907	0.2221	
10.48	-0.6739	-1.1706	0.4219	-0.5465	
10.49	-0.2588	-0.5346	0.7396	-0.9028	
10.5	0.2049	-0.024	1.1101	-0.8208	
10.51	0.5794	0.044	1.5954	-0.0437	
10.52	0.8344	-0.4263	1.9735	0.6242	
10.53	0.6867	-1.1744	2.0803	1.0614	
10.54	0.3871	-1.7475	2.7641	0.746	
10.55	-0.026	-1.9233	2.9513	-0.0566	
10.56	-0.5149	-1.5692	3.0967	-0.8245	
10.57	-1.0231	-0.824	3.1702	-0.9116	
10.58	-1.2295	0.0867	2.8438	-0.5516	
10.59	-1.1401	0.6241	2.3985	0.1935	
10.6	-1.0461	0.5113	2.0685	0.8724	
10.61	-0.6518	0.1237	1.7872	1.0323	
10.62	-0.1336	-0.2482	1.6536	0.5389	
10.63	0.3159	-0.1849	1.0671	-0.2122	
10.64	0.7154	0.4509	0.8973	-0.7354	
10.65	0.7548	1.5124	0.5344	-0.7991	
10.66	0.7041	2.5761	0.4759	-0.2728	
10.67	0.2791	2.8081	0.3839	0.4962	
10.68	-0.1392	2.5602	0.4177	1.2036	
10.69	-0.6513	1.8708	0.5452	1.0722	
10.7	-0.914	1.2619	0.7111	0.5779	
10.71	-1.06	0.8342	0.8368	-0.224	
10.72	-1.0697	0.9232	1.1412	-0.7321	
10.73	-0.8099	1.3976	1.1229	-0.5708	
10.74	-0.3025	1.664	1.3194	0.1684	
10.75	0.1934	1.9091	1.2905	1.0035	
10.76	0.5726	1.1387	1.1344	1.4238	
10.77	0.9629	0.0503	1.0258	1.1703	
10.78	0.9569	-1.07	0.8079	0.5777	
10.79	0.7008	-1.7644	0.4703	-0.1083	
10.8	0.3563	-1.6774	0.1109	-0.3921	
10.81	-0.1227	-1.2423	-0.2417	-0.0809	
10.82	-0.5096	-0.8805	-0.5584	0.673	
10.83	-0.8624	-0.6481	-0.8598	1.565	
10.84	-0.943	-0.9622	-1.062	1.7376	
10.85	-0.6944	-1.6379	-1.0729	1.5822	
10.86	-0.3727	-2.0697	-1.0592	0.6739	
10.87	0.109	-2.4771	-0.7978	0.1072	
10.88	0.6341	-2.1815	-0.6033	-0.0351	
10.89	0.9188	-1.2941	-0.2961	0.4399	
10.9	1.1622	-0.3179	0.1336	1.2067	
10.91	1.2297	0.3583	0.5445	1.7694	
10.92	0.8053	0.4367	0.9411	2.1403	
10.93	0.4539	0.0192	1.2515	1.693	
10.94	-0.0354	-0.4815	1.4672	0.8423	
10.95	-0.3929	-0.65	1.7964	0.3438	
10.96	-0.6415	-0.3859	1.9438	0.3699	
10.97	-0.6048	0.4026	1.9627	0.9009	
10.98	-0.4074	1.0884	1.5784	1.9803	
10.99	0.0273	1.5884	1.6878	2.55	
11.0	0.5306	1.3717	1.3511	2.2124	
11.01	0.9875	0.8247	1.1774	1.7767	
11.02	1.2227	-0.0531	0.9703	0.9232	
11.03	1.5191	-0.5628	0.8082	0.64	
11.04	1.3646	-0.5972	0.7176	0.8007	
11.05	0.9784	-0.0622	0.7108	1.5662	
11.06	0.4312	0.5725	0.8055	2.2197	
11.07	-0.0048	0.9113	1.0617	2.6021	
11.08	-0.3557	0.8009	1.2271	2.2999	
11.09	-0.509	0.2361	1.6265	1.9235	
11.1	-0.4464	-0.5446	1.7449	1.0021	
11.11	-0.1171	-0.9602	1.8597	0.7451	
11.12	0.3257	-0.7379	2.2788	1.1333	
11.13	0.7881	-0.0105	2.4078	2.0037	
11.14	1.3571	0.9673	2.2482	2.6073	
11.15	1.3871	1.609	2.1594	3.1168	
11.16	1.3597	1.4508	2.0293	2.36	
11.17	1.1524	1.1907	1.7062	1.6807	
11.18	0.8849	0.5048	1.4825	0.9926	
11.19	0.3446	0.0842	0.8961	1.0243	
11.2	-0.1405	0.1672	0.5736	1.2885	
11.21	-0.4346	0.7601	0.0914	2.1935	
11.22	-0.5104	1.5197	-0.278	2.7428	
11.23	-0.357	1.83	-0.6254	3.0814	
11.24	-0.0131	1.5819	-0.7664	2.1484	
11.25	0.4771	0.8482	-0.9544	1.4316	
11.26	0.864	-0.1887	-0.9178	0.9912	
11.27	1.3539	-1.035	-0.7857	1.0641	
11.28	1.3738	-1.1965	-0.5724	1.4677	
11.29	1.2682	-1.1468	-0.3104	2.5844	
11.3	0.9374	-0.7076	-0.0688	3.0291	
11.31	0.4779	-0.386	0.1739	2.5304	
11.32	-0.0408	-0.6027	0.4078	2.1502	
11.33	-0.4624	-1.4318	0.5156	1.1338	
11.34	-0.7103	-2.0405	0.6615	0.817	
11.35	-0.7877	-2.9977	0.5416	1.0159	
11.36	-0.4836	-2.944	0.5404	1.6079	
11.37	-0.1247	-2.1763	0.3091	2.1428	
11.38	0.3161	-1.4366	0.0968	2.774	
11.39	0.7156	-0.5803	-0.1352	2.209	
11.4	0.9553	-0.2308	-0.3564	1.5152	
11.41	0.9925	-0.3635	-0.5772	0.7898	
11.42	0.8705	-0.7501	-0.6907	0.5264	
11.43	0.4486	-0.949	-0.6743	0.841	
11.44	-0.1086	-0.6298	-0.5711	1.7103	
11.45	-0.63	0.1362	-0.3756	2.326	
11.46	-1.0312	1.1491	-0.1099	2.2813	
11.47	-1.124	2.0615	0.2613	1.8329	
11.48	-1.1253	2.2404	0.6957	1.0262	
11.49	-0.7655	2.2039	1.0014	0.3164	
11.5	-0.4422	1.5152	1.4778	0.1649	
11.51	0.0202	0.8472	1.7591	0.6251	
11.52	0.3653	0.7727	2.1947	1.2847	
11.53	0.4946	1.0233	2.5143	1.8347	
11.54	0.4663	1.8039	2.3486	1.729	
11.55	0.1746	1.9679	2.1871	1.2832	
11.56	-0.2851	1.8195	2.0103	0.3699	
11.57	-0.8708	1.3947	1.7617	-0.1966	
11.58	-1.3089	0.2566	1.7168	-0.138	
11.59	-1.678	-0.6409	1.3267	0.4709	
11.6	-1.7039	-0.9308	0.9785	1.1874	
11.61	-1.5482	-0.8296	0.6312	1.658	
11.62	-1.2057	-0.2604	0.3721	1.4277	
11.63	-0.7502	0.2256	0.161	0.549	
11.64	-0.3661	0.3317	0.1092	-0.2161	
11.65	-0.103	-0.112	0.1267	-0.6754	
11.66	-0.0079	-0.8574	0.2024	-0.376	
11.67	-0.1476	-1.4622	0.4011	0.3015	
11.68	-0.5644	-1.7253	0.5497	1.064	
11.69	-1.0063	-1.1016	0.725	1.1457	
11.7	-1.6738	-0.246	0.8455	0.8127	
11.71	-1.9046	0.4637	1.0097	-0.0023	
11.72	-2.4152	0.7492	1.0382	-0.6805	
11.73	-2.4235	0.5795	0.9126	-0.8822	
11.74	-1.9767	-0.1048	0.7634	-0.5647	
11.75	-1.5629	-0.7873	0.5136	0.1703	
11.76	-1.1278	-0.9674	0.2002	0.7629	
11.77	-0.7908	-0.695	-0.1836	0.8407	
11.78	-0.548	-0.0324	-0.5524	0.3183	
11.79	-0.5708	0.5175	-0.9409	-0.5318	
11.8	-0.767	0.6554	-1.2002	-1.115	
11.81	-1.0562	0.1936	-1.6064	-1.088	
11.82	-1.5966	-0.6987	-1.6879	-0.673	
11.83	-2.2274	-1.5413	-1.5708	0.1431	
11.84	-2.3868	-2.0386	-1.6964	0.6747	
11.85	-2.8195	-1.7942	-1.4665	0.5371	
11.86	-2.6281	-0.9686	-1.2334	-0.0881	
11.87	-2.2033	-0.2752	-0.8194	-0.818	
11.88	-1.8175	0.0346	-0.4239	-1.3753	
11.89	-1.2771	-0.1461	-0.0206	-1.2106	
11.9	-1.0807	-0.7305	0.3436	-0.5135	
11.91	-0.8255	-1.3008	0.6595	0.2463	
11.92	-0.8595	-1.3753	0.777	0.6524	
11.93	-1.0365	-0.7574	1.0177	0.3498	
11.94	-1.5661	0.2482	0.9784	-0.3566	
11.95	-2.1917	1.3126	0.8727	-1.153	
11.96	-2.5536	1.8363	0.8084	-1.5038	
11.97	-2.9035	1.8112	0.5919	-1.1591	
11.98	-2.7201	1.4073	0.3435	-0.3239	
11.99	-2.6271	1.0604	0.1382	0.4187	
12.0	-2.1839	0.826	-0.0069	0.6301	
12.01	-1.6273	1.021	-0.0943	0.2342	
12.02	-1.3713	1.6463	-0.0846	-0.502	
12.03	-1.0252	2.261	0.003	-1.0874	
12.04	-0.7419	2.8307	0.1774	-1.2638	
12.05	-0.9739	2.0962	0.4086	-0.7387	
12.06	-1.3017	1.4591	0.7615	0.0435	
12.07	-1.6089	0.3223	1.1171	0.6627	
12.08	-2.0014	-0.4379	1.4047	0.6793	
12.09	-2.7752	-0.6028	1.5005	0.2436	
12.1	-2.8488	-0.2912	1.8314	-0.5629	
12.11	-2.6187	0.0582	2.0268	-1.0505	
12.12	-2.3443	0.105	2.0253	-0.9409	
12.13	-1.8355	-0.3585	1.6905	-0.31	
12.14	-1.2182	-1.1675	1.4014	0.4319	
12.15	-0.9401	-2.3587	1.1484	1.0119	
12.16	-0.56	-2.5739	0.7636	0.9122	
12.17	-0.4878	-2.7319	0.2773	0.2662	
12.18	-0.6605	-1.9282	-0.1522	-0.4185	
12.19	-1.1347	-1.1217	-0.6164	-0.8544	
12.2	-1.6539	-0.5193	-0.837	-0.5987	
12.21	-1.8904	-0.5077	-1.2198	0.1556	
12.22	-2.3072	-0.8896	-1.4169	0.9527	
12.23	-2.4063	-1.3562	-1.4799	1.3351	
12.24	-1.9688	-1.5476	-1.2079	1.0805	
12.25	-1.7282	-1.2127	-1.1612	0.3412	
12.26	-1.2504	-0.2654	-1.0227	-0.3222	
12.27	-0.6229	0.7384	-0.7397	-0.5472	
12.28	-0.2218	1.4642	-0.4731	-0.096	
12.29	0.0063	1.4369	-0.2855	0.7115	
12.3	-0.0018	0.9403	-0.1575	1.2734	
12.31	-0.2541	0.2648	-0.1019	1.5386	
12.32	-0.5659	-0.1897	-0.1229	1.2654	
12.33	-1.0884	-0.143	-0.2208	0.4677	
12.34	-1.3425	0.3483	-0.3983	-0.1511	
12.35	-1.6218	1.0592	-0.6071	-0.1936	
12.36	-1.6489	1.52	-0.9511	0.4029	
12.37	-1.3906	1.2534	-1.3124	1.262	
12.38	-0.7648	0.5352	-1.5503	1.8795	
12.39	-0.3008	-0.2733	-1.5995	1.7738	
12.4	0.2458	-0.9618	-1.5555	1.3281	
12.41	0.5624	-0.9512	-1.5751	0.5291	
12.42	0.802	-0.3744	-1.4142	0.0264	
12.43	0.6093	0.4119	-1.2958	0.1389	
12.44	0.4072	0.9929	-0.9072	0.8778	
12.45	-0.0364	0.9861	-0.4715	1.5107	
12.46	-0.4751	0.5649	-0.0516	1.9981	
12.47	-0.7674	-0.0122	0.359	1.7698	
12.48	-0.8478	-0.392	0.7286	1.3251	
12.49	-0.7329	-0.2955	1.0445	0.5132	
12.5	-0.3816	0.4043	1.4648	0.128	
12.51	0.1047	1.3435	1.4692	0.4513	
12.52	0.6421	1.9211	1.3381	1.227	
12.53	1.0798	2.0048	1.3671	1.8728	
12.54	1.4436	1.374	1.2219	2.0834	
12.55	1.405	0.5399	0.864	1.8816	
12.56	1.312	-0.1639	0.6724	1.1561	
12.57	0.9064	-0.4024	0.2908	0.3433	
12.58	0.5227	-0.1211	0.0213	0.1601	
12.59	0.1446	0.3554	-0.2247	0.6084	
12.6	-0.1292	0.7395	-0.4072	1.4671	
12.61	-0.1624	0.4852	-0.4217	2.0152	
12.62	0.0474	-0.309	-0.4368	2.2547	
12.63	0.4477	-1.4697	-0.3544	1.7298	
12.64	0.9159	-2.1386	-0.1652	0.7533	
12.65	1.6071	-2.6366	0.0129	0.1706	
12.66	1.8466	-2.2049	0.2171	0.1193	
12.67	2.1632	-1.5947	0.3942	0.6679	
12.68	1.8879	-0.9325	0.5656	1.3135	
12.69	1.6431	-0.8468	0.5419	1.8562	
12.7	1.4885	-1.2507	0.5566	1.6906	
12.71	1.0418	-1.7234	0.4084	1.1785	
12.72	0.5703	-2.0646	0.1536	0.3828	
12.73	0.4046	-1.9972	-0.1945	-0.1181	
12.74	0.4117	-1.1782	-0.6242	-0.0141	
12.75	0.6133	-0.1192	-0.9735	0.6673	
12.76	1.1932	0.9154	-1.4568	1.3669	
12.77	1.6297	1.4265	-1.8306	1.8206	
12.78	2.1283	1.3024	-2.0262	1.469	
12.79	2.2431	0.9672	-2.2597	0.6324	
12.8	2.5984	0.5673	-2.2169	-0.1333	
12.81	2.1958	0.6571	-2.2572	-0.4912	
12.82	1.8731	1.2458	-2.1154	-0.2312	
12.83	1.5218	1.9349	-2.1513	0.4599	
12.84	1.0264	2.4562	-1.7648	1.034	
12.85	0.7148	2.7373	-1.319	1.2114	
12.86	0.6176	2.2026	-1.1462	0.9098	
12.87	0.7356	1.3596	-0.6573	0.0499	
12.88	1.0944	0.4549	-0.4165	-0.7118	
12.89	1.4384	-0.0374	-0.1978	-0.8044	
12.9	1.8211	0.0486	-0.0578	-0.4729	
12.91	2.3597	0.5099	-0.0212	0.2988	
12.92	2.4281	0.8266	-0.0713	0.8267	
12.93	2.4736	0.8329	-0.2195	0.8105	
12.94	2.5124	0.2484	-0.4159	0.2401	
12.95	1.822	-0.6208	-0.5432	-0.5707	
12.96	1.4894	-1.4473	-0.7248	-1.2682	
12.97	1.0648	-1.9513	-0.9101	-1.1367	
12.98	0.6546	-1.4828	-0.9893	-0.6154	
12.99	0.5393	-0.8192	-0.9492	0.0703	
13.0	0.7889	-0.0374	-0.9793	0.4681	
13.01	1.12	0.2881	-0.7185	0.3473	
13.02	1.6743	0.1028	-0.4859	-0.3733	
13.03	2.068	-0.5369	-0.1629	-1.1229	
13.04	2.5634	-1.1616	0.1816	-1.6833	
13.05	2.3835	-1.1114	0.4902	-1.5398	
13.06	2.2095	-0.8076	0.776	-0.8983	
13.07	1.9796	-0.0545	0.9937	-0.1419	
13.08	1.596	0.7181	1.2156	0.1449	
13.09	1.0921	1.0877	1.3116	-0.1793	
13.1	0.5978	0.6677	1.3046	-1.0403	
13.11	0.3494	-0.0554	1.0965	-1.5417	
13.12	0.3316	-0.8767	0.7303	-2.151	
13.13	0.5119	-1.2291	0.4282	-1.7	
13.14	0.9696	-1.1467	-0.009	-1.0019	
13.15	1.4276	-0.5868	-0.4636	-0.3055	
13.16	1.8438	0.0005	-0.9205	-0.1653	
13.17	1.9592	0.2357	-1.2979	-0.5979	
13.18	1.8972	-0.095	-1.6113	-1.4886	
13.19	2.0153	-0.8396	-1.5383	-2.2131	
13.2	1.3318	-1.4236	-1.9175	-2.3031	
13.21	0.8961	-1.8728	-1.9166	-1.6304	
13.22	0.3827	-1.4842	-1.493	-0.8706	
13.23	0.0404	-0.6797	-1.4155	-0.3503	
13.24	-0.1351	0.2221	-1.3611	-0.3541	
13.25	-0.0623	0.8034	-1.0155	-1.037	
13.26	0.2087	0.888	-0.8974	-1.6206	
13.27	0.7074	0.5935	-0.779	-2.0906	
13.28	1.1047	0.1001	-0.7139	-2.0292	
13.29	1.5791	0.0056	-0.7048	-1.7065	
13.3	1.7615	0.4863	-0.7649	-0.8643	
13.31	1.4907	1.2138	-0.9385	-0.3721	
13.32	1.227	2.3111	-1.2684	-0.5075	
13.33	0.7782	2.532	-1.5146	-1.3326	
13.34	0.2776	2.6369	-1.9772	-2.1206	
13.35	-0.2042	2.1456	-2.0792	-2.424	
13.36	-0.5141	1.1556	-2.2981	-2.0871	
13.37	-0.6235	0.5872	-2.6699	-1.4107	
13.38	-0.4068	0.5701	-2.5019	-0.5822	
13.39	-0.0966	0.9603	-2.4944	-0.2844	
13.4	0.3322	1.3429	-1.98	-0.6162	
13.41	0.7791	1.5036	-1.7689	-1.2665	
13.42	1.1024	0.852	-1.5799	-1.9625	
13.43	1.1442	-0.1036	-0.9967	-2.3028	
13.44	0.9493	-1.2028	-0.6358	-1.6064	
13.45	0.641	-1.8669	-0.2328	-1.0196	
13.46	0.1864	-2.3672	0.1463	-0.2582	
13.47	-0.3184	-1.754	0.4037	-0.1148	
13.48	-0.7271	-1.2569	0.6304	-0.5293	
13.49	-0.9079	-0.8854	0.7466	-1.2129	
13.5	-0.8794	-1.0272	0.6167	-1.7681	
13.51	-0.7437	-1.4532	0.496	-2.0072	
13.52	-0.2878	-2.3524	0.3267	-1.4105	
13.53	0.1659	-2.6752	0.0704	-0.4184	
13.54	0.6501	-2.0438	-0.2021	0.1059	
13.55	0.8454	-1.3134	-0.4748	0.0938	
13.56	0.9163	-0.3591	-0.6807	-0.4881	
13.57	0.5824	0.4683	-0.755	-1.1944	
13.58	0.2227	0.6828	-0.8423	-1.5423	
13.59	-0.2525	0.3858	-0.8241	-1.5498	
13.6	-0.741	-0.0926	-0.8248	-0.7715	
13.61	-1.0828	-0.4229	-0.5907	0.0405	
13.62	-1.2482	-0.1974	-0.3819	0.4949	
13.63	-1.0359	0.4927	-0.1769	0.3077	
13.64	-0.776	1.3501	0.046	-0.3525	
13.65	-0.2848	1.6816	0.2339	-1.0256	
13.66	0.2116	1.9605	0.3059	-1.3149	
13.67	0.5431	1.2523	0.3335	-1.104	
