0.01	0.3884	0.2206	0.17	1.1268	0.4552	0.2454	
0.02	0.7876	0.4995	0.3178	1.9592	0.8187	-0.1996	
0.03	1.0725	0.7068	0.4626	1.8577	1.2369	0.7451	
0.04	1.2568	0.8989	0.5831	1.0546	1.3766	-0.405	
0.05	1.6601	1.067	0.7622	0.2589	1.7281	1.0733	
0.06	1.8005	1.2049	0.8452	-0.4508	1.5719	-0.4376	
0.07	2.0631	1.2874	1.1223	-0.681	1.535	1.3183	
0.08	2.0503	1.2321	1.1278	-0.5108	1.412	-0.4421	
0.09	2.0804	1.1106	1.2345	-0.1685	1.1023	1.6476	
0.1	1.9852	1.163	1.2636	0.0912	0.9904	-0.3563	
0.11	1.752	1.0274	1.4646	0.0328	0.6232	1.6954	
0.12	1.6527	0.8863	1.4067	-0.3113	0.512	-0.1122	
0.13	1.2756	0.8373	1.4328	-0.7705	0.3846	1.5302	
0.14	1.2338	0.6222	1.5232	-0.8333	0.3169	0.2041	
0.15	0.8028	0.4999	1.4805	-0.3812	0.4025	1.4295	
0.16	0.5192	0.3123	1.5512	0.4833	0.5546	0.5706	
0.17	0.2187	0.1546	1.5061	1.3703	0.8687	1.1645	
0.18	-0.1073	-0.0121	1.6177	2.0353	1.1635	1.0839	
0.19	-0.4098	-0.1387	1.611	1.9978	1.5407	0.9037	
0.2	-0.6705	-0.246	1.2737	1.1981	1.7548	1.3851	
0.21	-0.9208	-0.2933	1.4277	0.1191	2.1121	0.6005	
0.22	-0.9733	-0.3578	1.2	-1.022	2.2649	1.8875	
0.23	-1.1197	-0.2877	1.1871	-1.4596	2.4206	0.3907	
0.24	-1.3855	-0.2754	1.0735	-1.3252	2.4281	2.1027	
0.25	-1.1838	-0.1647	0.9906	-0.7332	2.3911	0.2434	
0.26	-1.2545	-0.0195	1.0033	0.1686	2.1163	2.0652	
0.27	-1.1265	0.1436	0.772	0.7733	1.7874	0.1967	
0.28	-1.0231	0.3684	0.7097	0.9482	1.2403	2.1828	
0.29	-0.9795	0.5418	0.6515	0.7528	1.0016	0.3012	
0.3	-0.6483	0.7315	0.5444	0.4342	0.5605	2.0412	
0.31	-0.5138	1.0672	0.5114	0.2732	0.202	0.4512	
0.32	-0.3152	1.2179	0.4181	0.4618	-0.062	1.6591	
0.33	-0.0711	1.407	0.3833	0.9782	-0.2465	0.7185	
0.34	0.1479	1.7646	0.3331	1.5233	-0.3286	1.3977	
0.35	0.3419	1.6618	0.3303	1.4203	-0.2359	1.0032	
0.36	0.5797	2.0667	0.3067	0.8683	-0.1372	1.1879	
0.37	0.7352	2.001	0.2995	-0.0151	0.0768	1.3966	
0.38	0.8773	2.2166	0.2953	-1.0566	0.3238	0.6876	
0.39	0.8868	1.9416	0.3011	-1.5938	0.5721	1.7006	
0.4	0.8976	1.8992	0.331	-1.3087	0.7784	0.342	
0.41	0.9944	1.8076	0.3929	-0.4915	1.0922	1.6366	
0.42	0.9806	1.7814	0.4348	0.6017	1.064	0.0544	
0.43	0.8662	1.6362	0.5744	1.6239	1.0515	1.9704	
0.44	0.8166	1.5489	0.5996	2.1026	0.8889	-0.138	
0.45	0.8779	1.223	0.7727	1.9036	0.845	1.8539	
0.46	0.7369	1.2025	0.804	1.2128	0.5161	-0.1969	
0.47	0.6241	0.9473	1.0414	0.5154	0.201	1.4916	
0.48	0.5316	0.7953	1.1343	0.0434	-0.16	-0.1554	
0.49	0.5371	0.6603	1.3214	-0.0026	-0.4512	1.4055	
0.5	0.3945	0.4775	1.2237	0.2774	-0.7296	-0.0334	
0.51	0.3941	0.4219	1.4097	0.5113	-0.8829	0.9548	
0.52	0.3543	0.357	1.6968	0.6077	-1.0252	0.1894	
0.53	0.3594	0.3593	1.8985	0.2628	-0.9415	0.5702	
0.54	0.3784	0.4045	1.7831	-0.247	-0.7738	0.456	
0.55	0.4196	0.492	2.0666	-0.6758	-0.545	0.0838	
0.56	0.5287	0.615	1.9428	-0.6126	-0.2008	0.5982	
0.57	0.5354	0.7071	2.3814	0.0769	0.1718	-0.3063	
0.58	0.6182	0.8643	2.2919	1.0355	0.6287	0.8348	
0.59	0.7458	1.1806	2.2759	2.1547	0.9805	-0.6299	
0.6	0.765	1.4077	2.5924	2.5028	1.2712	0.8915	
0.61	0.8712	1.4732	2.585	2.519	1.5188	-0.8671	
0.62	0.9176	1.7036	2.5556	1.4247	1.496	0.9423	
0.63	0.949	1.8084	2.3948	0.3579	1.7798	-1.0187	
0.64	0.9889	2.3279	2.3606	-0.6281	1.6571	0.9133	
0.65	0.8747	2.1491	2.6404	-1.0085	1.413	-1.0284	
0.66	0.8609	2.4885	2.5812	-0.7138	1.1879	0.6124	
0.67	0.8158	2.6643	2.3905	0.0075	0.9911	-0.9772	
0.68	0.579	2.6009	2.4676	0.6514	0.7125	0.3308	
0.69	0.5467	2.6959	2.4885	1.0924	0.5957	-0.678	
0.7	0.3715	2.4871	2.3901	0.9563	0.4277	-0.0463	
0.71	0.1657	2.4023	1.9957	0.7688	0.4848	-0.4492	
0.72	-0.0015	2.3524	1.8537	0.5069	0.5317	-0.4426	
0.73	-0.172	2.0263	2.0197	0.5794	0.7147	-0.1503	
0.74	-0.3394	2.1298	1.8951	1.1137	1.0464	-0.7852	
0.75	-0.4628	1.8845	1.6804	1.5997	1.1666	0.1418	
0.76	-0.5794	1.7081	1.6763	2.0663	1.4897	-1.0795	
0.77	-0.6662	1.2768	1.3443	2.0993	1.8117	0.375	
0.78	-0.7571	1.1948	1.3247	1.2603	2.4607	-1.2633	
0.79	-0.709	1.0874	1.0372	0.1042	2.599	0.5253	
0.8	-0.7218	0.9743	1.0439	-0.9061	2.7267	-1.4507	
0.81	-0.62	0.8367	0.8563	-1.156	3.1124	0.5498	
0.82	-0.4844	0.6939	0.7017	-0.9375	2.8546	-1.4667	
0.83	-0.2409	0.7053	0.6874	0.0467	2.736	0.5207	
0.84	-0.0351	0.6344	0.5065	1.1012	2.3514	-1.1944	
0.85	0.2148	0.681	0.4371	2.059	2.1548	0.3202	
0.86	0.4941	0.8732	0.3822	2.4393	1.6648	-0.8628	
0.87	0.7956	1.008	0.2932	1.8148	1.3446	0.1204	
0.88	1.1759	1.0159	0.2671	1.2044	0.9934	-0.5151	
0.89	1.3629	1.343	0.197	0.7421	0.6394	-0.171	
0.9	1.6219	1.3611	0.1932	0.5539	0.4582	-0.1112	
0.91	1.8261	1.5043	0.1876	0.7392	0.3938	-0.4459	
0.92	2.3896	1.7219	0.1909	1.0503	0.4048	0.3151	
0.93	2.377	2.1765	0.1952	1.0916	0.4609	-0.6575	
0.94	2.5492	2.0711	0.2232	0.884	0.6586	0.6782	
0.95	2.4463	2.6258	0.2983	0.3162	0.8322	-0.8609	
0.96	2.4195	2.2726	0.3588	-0.3405	1.0373	0.9847	
0.97	2.41	2.662	0.4321	-0.6033	1.2468	-0.7709	
0.98	2.3165	2.7517	0.4572	-0.3512	1.4306	1.092	
0.99	2.1673	2.5311	0.5338	0.4872	1.3693	-0.814	
1.0	1.9532	2.8215	0.6471	1.5556	1.3926	1.2018	
1.01	1.5797	2.4027	0.7004	2.6282	1.271	-0.5087	
1.02	1.2768	2.5037	0.8361	2.8773	1.044	1.2468	
1.03	0.92	2.0772	0.928	2.2516	0.6306	-0.2219	
1.04	0.5645	2.0321	1.0431	1.533	0.2051	1.0262	
1.05	0.1854	1.7469	1.0503	0.4567	-0.2106	0.1756	
1.06	-0.142	1.5646	1.2106	-0.2544	-0.6595	0.9904	
1.07	-0.4891	1.3657	1.2842	-0.4544	-1.1083	0.6036	
1.08	-0.7238	1.2504	1.3009	-0.0527	-1.2896	0.7314	
1.09	-0.9768	0.9325	1.4003	0.5933	-1.6023	1.083	
1.1	-1.147	0.8607	1.4459	1.0749	-1.7594	0.431	
1.11	-1.1889	0.7424	1.5395	1.1434	-1.6238	1.6199	
1.12	-1.1891	0.6084	1.7102	0.9444	-1.5902	0.3325	
1.13	-1.2558	0.5414	1.4471	0.6203	-1.2993	1.7652	
1.14	-1.0623	0.4889	1.5732	0.5024	-1.0094	0.2531	
1.15	-1.0254	0.5162	1.553	0.9119	-0.662	2.1369	
1.16	-0.7502	0.551	1.3977	1.5707	-0.3765	0.2766	
1.17	-0.4961	0.6744	1.3777	2.0951	-0.1483	2.5425	
1.18	-0.1641	0.8203	1.2895	2.7086	0.0066	0.4147	
1.19	0.1609	1.0311	1.2821	2.1304	0.0787	2.4178	
1.2	0.4648	1.167	1.1773	1.1954	0.0619	0.6548	
1.21	0.8009	1.4459	1.2176	0.107	-0.058	2.2955	
1.22	1.1565	1.3864	1.1019	-0.799	-0.2811	1.0279	
1.23	1.3998	1.5509	0.9121	-1.0737	-0.5657	1.8855	
1.24	1.6806	2.0766	0.7408	-0.5327	-0.7624	1.4227	
1.25	2.0514	1.9972	0.7438	0.4685	-1.0246	1.8417	
1.26	2.1434	2.1848	0.5575	1.4789	-1.3381	1.7713	
1.27	2.123	2.187	0.3874	1.933	-1.5561	1.5879	
1.28	2.6063	2.4201	0.2801	2.3373	-1.663	2.1565	
1.29	2.3247	2.3545	0.11	1.7819	-1.3608	1.2798	
1.3	2.294	2.1087	-0.0189	1.1778	-1.3884	2.7407	
1.31	2.4974	2.3978	-0.1504	0.9426	-1.0483	0.9512	
1.32	2.1529	2.2039	-0.2632	0.9708	-0.736	2.7878	
1.33	1.8393	2.0005	-0.3876	1.2068	-0.3569	0.858	
1.34	1.6609	1.8869	-0.5372	1.5291	0.0219	2.7239	
1.35	1.6415	1.5826	-0.6521	1.4818	0.3779	0.8599	
1.36	1.3587	1.1789	-0.6928	0.9884	0.6983	2.971	
1.37	1.0386	0.9994	-0.8309	0.1653	1.0078	1.0357	
1.38	0.8945	0.9265	-0.8382	-0.4984	1.2068	2.3924	
1.39	0.6038	0.608	-0.8753	-0.7027	1.2348	1.221	
1.4	0.4322	0.4983	-0.9114	-0.1933	1.0925	2.23	
1.41	0.3045	0.3236	-0.8587	0.8322	0.8933	1.2836	
1.42	0.1619	0.1841	-0.9698	1.8982	0.5912	2.003	
1.43	0.0565	0.0836	-0.9036	2.9271	0.329	1.8189	
1.44	0.0034	0.0341	-0.9173	2.8657	0.0069	1.6574	
1.45	-0.017	0.0284	-0.7712	2.4454	-0.2751	2.0067	
1.46	0.0014	0.0673	-0.7859	1.3402	-0.4527	1.0936	
1.47	0.0462	0.144	-0.755	0.5017	-0.5898	2.4257	
1.48	0.1275	0.244	-0.6331	-0.0377	-0.6609	0.787	
1.49	0.22	0.3603	-0.55	-0.0088	-0.5707	2.374	
1.5	0.3415	0.5473	-0.4028	0.3731	-0.4579	0.5823	
1.51	0.451	0.7195	-0.2994	0.7848	-0.2315	2.5584	
1.52	0.6155	0.9953	-0.1933	1.0368	0.0082	0.4169	
1.53	0.6825	1.1013	-0.0605	0.8935	0.2614	2.514	
1.54	0.8137	1.367	0.0601	0.5453	0.5607	0.309	
1.55	0.9648	1.4425	0.2008	0.2778	0.7668	2.1088	
1.56	0.8697	1.4821	0.2938	0.4731	0.9057	0.4194	
1.57	1.045	1.721	0.4514	1.2099	0.8282	1.7228	
1.58	1.1319	1.5912	0.4799	1.8652	0.6739	0.58	
1.59	0.9659	1.7566	0.6492	2.3709	0.4825	1.2481	
1.6	1.0998	1.5954	0.7304	2.7831	0.2014	0.7285	
1.61	0.9342	1.6847	0.8875	2.008	-0.1897	0.8556	
1.62	0.8546	1.4531	0.8024	0.9821	-0.5861	0.9256	
1.63	0.8636	1.3193	0.9837	-0.0739	-1.0034	0.4868	
1.64	0.804	1.2251	0.9308	-0.8231	-1.3987	1.2089	
1.65	0.6948	1.0013	0.9301	-0.8116	-1.6804	0.0497	
1.66	0.7337	0.7779	1.1245	-0.2364	-2.019	1.2483	
1.67	0.6703	0.5616	0.9783	0.7442	-1.9873	-0.2944	
1.68	0.6251	0.3676	0.9504	1.3728	-2.3351	1.5583	
1.69	0.754	0.1424	1.0095	2.0675	-2.2527	-0.5478	
1.7	0.815	-0.0684	1.0834	1.9164	-2.113	1.3912	
1.71	0.7372	-0.2566	0.8665	1.5045	-1.5965	-0.5566	
1.72	0.933	-0.3856	0.9329	1.077	-1.4404	1.336	
1.73	0.9709	-0.4429	0.7636	1.0176	-1.3822	-0.5249	
1.74	1.2331	-0.4933	0.6873	1.2787	-1.0961	1.0506	
1.75	1.2	-0.5699	0.6208	1.5706	-0.9368	-0.4409	
1.76	1.3458	-0.5016	0.5864	1.6258	-0.9503	0.7103	
1.77	1.569	-0.4233	0.4948	1.4803	-0.9091	-0.2085	
1.78	1.724	-0.3546	0.3552	0.6667	-1.1248	0.3086	
1.79	2.0277	-0.2486	0.2339	-0.1721	-1.4497	0.0937	
1.8	1.8609	-0.0814	0.1338	-0.8963	-1.6303	-0.1133	
1.81	1.935	0.0974	0.0395	-0.7773	-2.0257	0.3985	
1.82	2.0076	0.3168	-0.0603	-0.1684	-2.3389	-0.4533	
1.83	2.0251	0.4491	-0.1555	0.8967	-2.487	0.6787	
1.84	1.8406	0.726	-0.2394	1.8845	-2.5865	-0.743	
1.85	1.8169	0.7472	-0.3078	2.7141	-2.9765	0.887	
1.86	1.9519	1.0153	-0.3662	2.41	-3.1436	-0.8973	
1.87	1.7832	1.0943	-0.4334	1.83	-2.5041	0.8893	
1.88	1.514	1.0707	-0.4757	1.103	-2.7965	-1.0678	
1.89	1.234	1.1151	-0.5123	0.363	-2.3851	1.0629	
1.9	1.0482	1.1294	-0.4799	0.0849	-1.7221	-0.9636	
1.91	0.6986	1.0604	-0.5178	0.2507	-1.5815	0.8078	
1.92	0.4345	1.1555	-0.5008	0.5935	-0.9952	-0.7404	
1.93	0.1413	0.8663	-0.4788	0.789	-0.6235	0.6785	
1.94	-0.1142	0.7177	-0.391	0.7653	-0.3844	-0.4477	
1.95	-0.3295	0.5808	-0.3747	0.4128	-0.1901	0.4083	
1.96	-0.4843	0.3758	-0.2885	-0.0222	-0.0755	-0.0245	
1.97	-0.6627	0.1411	-0.1806	-0.1155	-0.0926	0.1535	
1.98	-0.7993	-0.0627	-0.0696	0.2834	-0.1981	0.3538	
1.99	-0.7864	-0.2541	0.0421	1.2383	-0.3495	-0.1378	
2.0	-0.7084	-0.4849	0.1703	2.2958	-0.6029	0.7364	
2.01	-0.6705	-0.655	0.2807	2.4991	-0.7841	-0.3474	
2.02	-0.435	-0.8599	0.4332	2.4278	-0.9447	1.0261	
2.03	-0.2625	-0.8307	0.6226	1.67	-1.1086	-0.5097	
2.04	-0.0143	-0.9982	0.7242	0.6271	-1.1998	1.4712	
2.05	0.2571	-0.9357	0.8673	-0.3798	-1.128	-0.4539	
2.06	0.5588	-0.9802	0.9923	-0.8551	-0.9548	1.6661	
2.07	0.9634	-0.9643	1.1247	-0.7526	-0.6886	-0.3732	
2.08	1.2547	-0.8531	1.2528	-0.1526	-0.4649	1.4908	
2.09	1.6247	-0.6468	1.3451	0.7142	-0.0802	-0.1407	
2.1	2.1669	-0.5259	1.6246	1.1616	0.29	1.6328	
2.11	2.3996	-0.3583	1.6168	1.3009	0.669	0.2264	
2.12	2.402	-0.1424	1.7261	1.1667	1.0338	1.3351	
2.13	2.5348	0.0547	1.851	0.8656	1.3226	0.6429	
2.14	2.7994	0.241	1.7957	0.6735	1.4867	1.083	
2.15	3.2087	0.455	1.8923	0.9521	1.4844	1.0331	
2.16	3.0831	0.5714	2.2501	1.5104	1.1859	0.9578	
2.17	2.9297	0.7918	2.0983	1.9273	1.1094	1.6251	
2.18	2.5777	0.7701	1.9497	1.9248	0.8113	0.712	
2.19	2.4847	0.9188	2.093	1.1413	0.4943	2.0323	
2.2	2.5834	0.9788	2.0124	0.2787	0.1147	0.5872	
2.21	2.1479	0.8371	2.1092	-0.6966	-0.2265	2.4222	
2.22	1.7848	0.7496	1.9319	-1.3466	-0.5368	0.4664	
2.23	1.4726	0.7021	2.1362	-1.1799	-0.7279	2.3776	
2.24	1.0263	0.5672	2.049	-0.2581	-0.785	0.5064	
2.25	0.7787	0.403	1.8571	0.9289	-0.7443	2.6732	
2.26	0.3975	0.2351	1.8351	1.7623	-0.7439	0.7839	
2.27	0.1262	0.0133	1.7107	2.4873	-0.58	2.3217	
2.28	-0.1712	-0.1803	1.5921	2.0509	-0.3045	0.9751	
2.29	-0.4094	-0.3954	1.5617	1.3392	-0.0642	2.2379	
2.3	-0.5258	-0.5495	1.4296	0.6018	0.1725	1.4389	
2.31	-0.7291	-0.742	1.4037	0.1636	0.4159	1.9635	
2.32	-0.8409	-0.925	1.1951	0.105	0.4792	1.611	
2.33	-0.8025	-0.9867	1.1636	0.3762	0.6159	1.6721	
2.34	-0.6974	-1.1206	0.9457	0.6735	0.5352	1.972	
2.35	-0.6031	-1.0406	0.8162	0.6933	0.3257	1.6368	
2.36	-0.4427	-1.0237	0.7379	0.2809	0.1	2.3655	
2.37	-0.2222	-0.976	0.7641	-0.2872	-0.2195	1.1736	
2.38	-0.0062	-1.0159	0.7067	-0.7034	-0.581	2.5482	
2.39	0.2304	-0.8424	0.5481	-0.6646	-0.9838	1.157	
2.4	0.5511	-0.6789	0.5163	0.0401	-1.2181	2.7225	
2.41	0.7837	-0.4995	0.5333	1.1542	-1.6328	1.0544	
2.42	1.031	-0.2678	0.5326	2.1609	-1.7248	2.8645	
2.43	1.3602	-0.0553	0.4725	2.6815	-1.6541	1.0799	
2.44	1.6594	0.1339	0.4893	2.2065	-1.6987	3.0838	
2.45	1.628	0.381	0.5256	1.3337	-1.5714	1.0652	
2.46	2.007	0.5369	0.5947	0.1668	-1.4209	2.8781	
2.47	2.1277	0.6788	0.63	-0.8297	-1.099	1.3653	
2.48	1.9117	0.7504	0.6936	-1.0291	-0.7127	2.5001	
2.49	2.2205	0.9113	0.6792	-0.8403	-0.3482	1.5501	
2.5	2.1222	0.9528	0.8981	-0.1919	-0.0434	2.0017	
2.51	1.9861	0.8926	0.9047	0.4073	0.2107	1.9646	
2.52	1.7532	0.9503	1.099	0.8229	0.3683	1.6157	
2.53	1.8271	0.8439	1.2527	0.7435	0.5266	2.054	
2.54	1.7	0.7038	1.2142	0.3941	0.5154	1.0606	
2.55	1.4188	0.5147	1.4855	0.1884	0.413	2.4746	
2.56	1.4521	0.4051	1.3669	0.3253	0.2004	0.7842	
2.57	1.1421	0.1852	1.7471	0.8028	-0.0	2.2987	
2.58	1.1307	-0.0002	1.7543	1.3057	-0.2412	0.4809	
2.59	0.8814	-0.2064	1.8811	1.5837	-0.3917	2.3085	
2.6	0.7632	-0.3795	2.0843	1.6571	-0.5701	0.3471	
2.61	0.675	-0.5154	2.1295	0.7228	-0.5879	2.464	
2.62	0.6296	-0.7567	2.2821	-0.3375	-0.5791	0.3251	
2.63	0.6824	-0.88	2.1703	-1.2755	-0.4731	2.0335	
2.64	0.6054	-0.888	2.3412	-1.5967	-0.173	0.3581	
2.65	0.6592	-0.8335	2.442	-1.2668	0.1629	1.6998	
2.66	0.7505	-0.9218	2.2381	-0.483	0.579	0.5779	
2.67	0.8101	-0.9087	2.3711	0.6828	1.0259	1.1113	
2.68	0.7667	-0.7847	2.2346	1.4236	1.5603	0.7232	
2.69	0.8324	-0.611	2.4456	1.8185	1.81	0.6601	
2.7	0.9484	-0.487	2.3311	1.3081	2.1805	1.0809	
2.71	0.9401	-0.3265	2.1612	0.7216	2.535	0.2574	
2.72	0.9036	-0.0903	1.9378	0.1352	2.6956	1.1605	
2.73	0.9909	0.1324	2.1452	-0.0706	2.3777	-0.1669	
2.74	0.9567	0.3086	1.8272	0.083	2.4561	1.2968	
2.75	0.8546	0.5164	1.9442	0.376	2.0093	-0.4296	
2.76	0.8145	0.7328	1.6597	0.4358	1.7288	1.4186	
2.77	0.7513	0.997	1.5424	0.2059	1.6633	-0.6171	
2.78	0.6644	0.9882	1.4606	-0.447	1.4459	1.3749	
2.79	0.5542	1.1675	1.1815	-1.1309	1.1755	-0.7835	
2.8	0.4491	1.3212	1.0491	-1.4778	1.0271	1.0861	
2.81	0.3928	1.2233	1.0571	-1.2103	0.8551	-0.6582	
2.82	0.2298	1.3281	0.7809	-0.2445	0.8307	0.8081	
2.83	0.1339	1.2725	0.7332	0.8624	0.9502	-0.4723	
2.84	0.059	1.1849	0.5331	1.8088	1.3351	0.4007	
2.85	-0.0056	0.8918	0.3932	2.225	1.4761	-0.2905	
2.86	-0.0385	0.782	0.2564	1.6883	1.6639	0.0072	
2.87	-0.0386	0.6378	0.124	0.6381	2.217	0.0194	
2.88	-0.0061	0.4156	-0.0048	-0.4183	2.1503	-0.3586	
2.89	0.0708	0.2092	-0.1189	-1.2209	2.6743	0.3338	
2.9	0.1861	0.0362	-0.2205	-1.2071	2.5243	-0.7925	
2.91	0.3211	-0.1481	-0.3413	-1.0063	2.6728	0.5285	
2.92	0.508	-0.2906	-0.3738	-0.3813	2.1554	-1.0503	
2.93	0.7802	-0.3754	-0.4856	0.0417	2.104	0.6629	
2.94	1.0025	-0.4595	-0.4756	0.1109	1.6801	-1.0914	
2.95	1.1085	-0.503	-0.5609	-0.146	1.3165	0.8353	
2.96	1.4998	-0.5033	-0.5104	-0.4049	0.9617	-1.1291	
2.97	1.7627	-0.5292	-0.5774	-0.4361	0.5076	0.7102	
2.98	1.7895	-0.4501	-0.5229	-0.0817	0.1255	-1.1264	
2.99	2.095	-0.3043	-0.5308	0.5879	-0.1388	0.6438	
3.0	2.2065	-0.1681	-0.4837	1.2465	-0.3243	-0.7754	
3.01	2.5109	0.0155	-0.4246	1.514	-0.3747	0.4226	
3.02	2.5818	0.2297	-0.4051	1.1183	-0.3953	-0.5303	
3.03	2.5126	0.4113	-0.2973	0.1484	-0.2177	0.1161	
3.04	2.4258	0.6737	-0.2803	-1.0751	-0.0203	-0.1444	
3.05	2.222	0.7965	-0.1857	-1.8536	0.2497	-0.1797	
3.06	2.1856	1.0892	-0.1062	-2.1974	0.5016	0.2943	
3.07	1.8552	1.1745	-0.0182	-1.5685	0.7193	-0.4223	
3.08	1.5146	1.3326	0.0646	-0.6546	0.9399	0.6115	
3.09	1.2187	1.6214	0.1483	0.3078	0.9051	-0.6005	
3.1	1.0227	1.6198	0.2303	1.0003	0.9904	0.8728	
3.11	0.646	1.6612	0.2661	0.856	0.9874	-0.7145	
3.12	0.2672	1.4738	0.3183	0.5666	0.7082	1.2679	
3.13	-0.0615	1.4299	0.4224	0.0095	0.4378	-0.7092	
3.14	-0.3378	1.3805	0.4068	-0.2856	0.1428	1.3466	
3.15	-0.707	1.3423	0.5101	-0.2549	-0.1928	-0.6202	
3.16	-0.8268	1.225	0.5472	0.0345	-0.446	1.2672	
3.17	-1.0148	1.1376	0.4816	0.2779	-0.7954	-0.3647	
3.18	-1.2861	0.8571	0.4904	0.1936	-0.9797	1.2661	
3.19	-1.3929	0.6007	0.4624	-0.3827	-0.8607	0.0328	
3.2	-1.2382	0.461	0.4216	-1.2331	-0.8208	0.9898	
3.21	-1.1339	0.2981	0.3906	-2.004	-0.6606	0.4424	
3.22	-1.1626	0.1059	0.3331	-1.9086	-0.4526	0.7358	
3.23	-0.8357	-0.0242	0.2691	-1.6097	-0.1149	0.9696	
3.24	-0.7094	-0.1164	0.1863	-0.4777	0.2704	0.5261	
3.25	-0.3967	-0.1986	0.0626	0.5901	0.6939	1.4048	
3.26	-0.0431	-0.2328	-0.0502	1.5425	1.0933	0.2906	
3.27	0.3083	-0.186	-0.1622	1.426	1.4219	1.8892	
3.28	0.6608	-0.1561	-0.2949	0.8947	1.44	0.171	
3.29	0.9884	-0.0527	-0.4803	-0.0286	1.5545	1.8341	
3.3	1.2343	0.0819	-0.5779	-0.9629	1.6715	0.1244	
3.31	1.5261	0.2684	-0.7926	-1.5128	1.6416	2.2937	
3.32	2.035	0.4782	-0.924	-1.5122	1.4233	0.227	
3.33	1.9795	0.6323	-1.0535	-0.9544	1.3246	2.407	
3.34	2.3704	0.8344	-1.1831	-0.5698	1.0284	0.4297	
3.35	2.2895	1.1428	-1.3784	-0.4662	0.6275	2.0821	
3.36	2.3986	1.3729	-1.3821	-0.6025	0.4889	0.6697	
3.37	2.6156	1.3518	-1.5728	-0.9007	0.3411	2.0116	
3.38	2.1857	1.464	-1.7238	-1.1664	0.2865	1.0382	
3.39	2.3139	1.6508	-2.0862	-1.0893	0.2982	1.4554	
3.4	1.848	1.9395	-1.9352	-0.3611	0.4204	1.5146	
3.41	1.7045	1.7269	-2.0952	0.4905	0.6948	1.3227	
3.42	1.5827	1.9059	-2.349	1.225	0.9706	1.9497	
3.43	1.2324	1.7204	-2.4554	1.1825	1.2901	1.038	
3.44	0.9244	1.7723	-2.5066	0.6267	1.569	2.0013	
3.45	0.6181	1.5993	-2.3101	-0.4627	1.8482	0.7835	
3.46	0.3165	1.4926	-2.1955	-1.781	2.1115	2.3165	
3.47	0.0236	1.3865	-2.4927	-2.2158	2.3029	0.5935	
3.48	-0.2065	0.9701	-2.1267	-2.6024	2.4393	2.4446	
3.49	-0.3988	0.9025	-2.5046	-1.8615	2.1776	0.4398	
3.5	-0.5685	0.6819	-2.3366	-0.8598	1.8554	2.4667	
3.51	-0.7099	0.4351	-2.0143	-0.0527	1.5302	0.5368	
3.52	-0.7413	0.305	-2.0903	0.3127	1.1666	2.2882	
3.53	-0.8896	0.1233	-1.9303	0.1621	0.8719	0.5945	
3.54	-0.7746	-0.0053	-2.1308	-0.245	0.4419	1.9128	
3.55	-0.751	-0.0886	-1.9522	-0.5528	0.0753	0.8986	
3.56	-0.5832	-0.147	-1.8967	-0.5895	-0.225	1.5167	
3.57	-0.5338	-0.1704	-1.6756	-0.3573	-0.4437	1.1969	
3.58	-0.3342	-0.1268	-1.6951	0.0488	-0.5452	1.1561	
3.59	-0.168	-0.0565	-1.3247	0.1942	-0.6088	1.3862	
3.6	0.0078	0.0601	-1.3018	-0.1306	-0.4916	0.7525	
3.61	0.1659	0.1974	-1.3167	-0.8239	-0.3366	1.6476	
3.62	0.3408	0.3782	-1.1059	-1.689	-0.1483	0.4242	
3.63	0.4963	0.5526	-1.1048	-2.5639	0.071	1.9456	
3.64	0.6845	0.7136	-0.9934	-2.3772	0.2384	0.0744	
3.65	0.7527	1.0292	-0.8132	-1.6485	0.4076	1.7209	
3.66	0.7954	1.0281	-0.8083	-0.7351	0.4174	-0.1404	
3.67	0.7673	1.3717	-0.7684	0.4085	0.3524	1.6411	
3.68	0.7784	1.4232	-0.6968	0.964	0.2101	-0.2685	
3.69	0.9143	1.6817	-0.6629	0.9222	-0.0506	1.6294	
3.7	0.7385	1.7173	-0.5871	0.2734	-0.4001	-0.2501	
3.71	0.7531	1.622	-0.5828	-0.6404	-0.7796	1.3215	
3.72	0.6275	1.578	-0.5792	-1.2463	-1.1798	-0.1641	
3.73	0.591	1.7714	-0.6696	-1.5918	-1.5834	0.8081	
3.74	0.5228	1.7013	-0.6788	-1.4682	-1.8389	-0.001	
3.75	0.4395	1.4106	-0.6505	-0.941	-2.0512	0.3775	
3.76	0.3962	1.3503	-0.8182	-0.8504	-2.1501	0.2311	
3.77	0.3187	1.0996	-0.8896	-0.9314	-2.2057	-0.0662	
3.78	0.3263	1.0089	-0.8317	-1.295	-2.13	0.3977	
3.79	0.3175	0.7044	-1.0179	-1.836	-2.2198	-0.5506	
3.8	0.3206	0.5422	-1.0824	-1.8805	-1.833	0.6081	
3.81	0.307	0.264	-1.1262	-1.4283	-1.544	-0.8346	
3.82	0.4023	0.0779	-1.3545	-0.4642	-1.1911	0.6978	
3.83	0.43	-0.1057	-1.3087	0.482	-0.9424	-1.1532	
3.84	0.5473	-0.2704	-1.4757	1.0108	-0.7033	0.6324	
3.85	0.5589	-0.3325	-1.6359	0.8635	-0.5101	-1.4489	
3.86	0.7127	-0.4609	-1.8991	0.1552	-0.3931	0.5437	
3.87	0.7871	-0.5119	-1.8772	-0.9687	-0.4207	-1.2944	
3.88	0.8065	-0.49	-1.9016	-2.2136	-0.4803	0.3531	
3.89	0.8618	-0.4088	-2.0618	-2.5969	-0.6597	-1.3015	
3.9	0.9416	-0.3672	-2.25	-2.3131	-0.9535	0.007	
3.91	0.9322	-0.2123	-2.2874	-1.6969	-1.215	-1.0908	
3.92	0.871	-0.0878	-1.995	-0.8882	-1.3782	-0.3546	
3.93	0.7557	0.0843	-2.1465	-0.4164	-1.6435	-0.9096	
3.94	0.6986	0.2506	-2.3784	-0.2796	-1.8185	-0.7417	
3.95	0.54	0.4455	-2.2553	-0.4626	-1.6931	-0.5168	
3.96	0.3553	0.6827	-2.2107	-0.8532	-1.871	-1.1592	
3.97	0.1845	0.8563	-2.3744	-0.8998	-1.6176	-0.2741	
3.98	-0.0316	0.9827	-2.0367	-0.7295	-1.2123	-1.5954	
3.99	-0.2508	1.1304	-2.2047	-0.2456	-0.9634	-0.068	
4.0	-0.4845	1.1525	-2.2496	0.1609	-0.5213	-1.6538	
4.01	-0.6819	1.2741	-2.1405	0.163	-0.1613	0.0681	
4.02	-0.9423	1.1793	-1.768	-0.4396	0.2055	-1.8329	
4.03	-1.0112	1.2552	-1.9187	-1.4547	0.5492	0.0985	
4.04	-1.3102	1.1704	-1.7688	-2.5669	0.6984	-1.8654	
4.05	-1.2661	0.9907	-1.4496	-3.0554	0.9542	0.0265	
4.06	-1.2664	0.8983	-1.5578	-2.5941	0.9644	-1.6465	
4.07	-1.4525	0.6713	-1.1987	-1.7311	0.7527	-0.1355	
4.08	-1.3796	0.4347	-1.0995	-0.7284	0.5903	-1.5803	
4.09	-1.257	0.224	-1.0258	0.2712	0.3436	-0.4009	
4.1	-0.9984	-0.0174	-0.9226	0.7606	0.0039	-1.0524	
4.11	-0.8752	-0.267	-0.7095	0.5055	-0.3298	-0.7234	
4.12	-0.5606	-0.4465	-0.5545	-0.1985	-0.6635	-0.7103	
4.13	-0.3032	-0.6966	-0.4024	-1.0335	-0.8716	-1.0439	
4.14	-0.0294	-0.8234	-0.2857	-1.3955	-1.0156	-0.327	
4.15	0.2871	-0.9483	-0.1639	-1.297	-1.1177	-1.1264	
4.16	0.651	-1.09	-0.0371	-1.2199	-1.019	0.0473	
4.17	0.951	-1.0957	0.0759	-0.8085	-0.8171	-1.3002	
4.18	1.0884	-1.0956	0.1489	-0.8593	-0.5901	0.3059	
4.19	1.3371	-1.2092	0.2279	-1.1877	-0.3741	-1.5697	
4.2	1.7958	-1.1182	0.2764	-1.7538	-0.1261	0.5329	
4.21	1.8731	-0.9512	0.3264	-2.3148	0.1034	-1.3198	
4.22	1.7711	-0.9079	0.3567	-1.9418	0.3162	0.63	
4.23	2.015	-0.7179	0.4386	-1.3729	0.3946	-1.2613	
4.24	1.7505	-0.5125	0.3887	-0.4558	0.403	0.5864	
4.25	1.7651	-0.3666	0.4177	0.579	0.2756	-0.897	
4.26	1.5045	-0.164	0.3934	1.0636	0.0586	0.3808	
4.27	1.3958	0.0091	0.3147	0.6555	-0.244	-0.6199	
4.28	1.1344	0.1447	0.3059	-0.1671	-0.6461	0.1797	
4.29	0.8672	0.283	0.2183	-1.3772	-1.0435	-0.1315	
4.3	0.4565	0.4147	0.1559	-2.0939	-1.3377	-0.0537	
4.31	0.1192	0.4086	0.0658	-2.4853	-1.8785	0.3133	
4.32	-0.2753	0.4476	-0.0201	-2.2605	-2.2761	-0.3029	
4.33	-0.5889	0.4335	-0.1263	-1.6476	-2.3265	0.7589	
4.34	-0.9978	0.3529	-0.2169	-1.043	-2.4753	-0.4457	
4.35	-1.1832	0.2626	-0.2868	-0.6568	-2.4264	0.9926	
4.36	-1.557	0.0982	-0.4345	-0.7545	-2.3534	-0.539	
4.37	-1.6765	-0.0775	-0.4957	-0.9606	-1.9273	1.2485	
4.38	-2.0686	-0.3019	-0.6436	-1.1745	-1.999	-0.5516	
4.39	-1.8631	-0.5213	-0.6676	-1.0777	-1.4488	1.3609	
4.4	-1.9609	-0.7514	-0.826	-0.5336	-1.3081	-0.4862	
4.41	-1.9521	-1.0473	-0.8648	0.0452	-1.0333	1.4848	
4.42	-1.9401	-1.2597	-1.0189	0.4226	-0.915	-0.2845	
4.43	-1.6612	-1.4955	-0.9233	0.2103	-0.8053	1.4046	
4.44	-1.4818	-1.6584	-1.0046	-0.6082	-0.851	0.0312	
4.45	-1.3307	-1.5847	-1.1441	-1.6729	-0.9494	1.0509	
4.46	-1.1739	-1.9173	-1.1739	-2.8075	-1.0105	0.404	
4.47	-0.775	-1.7564	-1.1277	-3.0813	-1.3499	0.7967	
4.48	-0.433	-2.0158	-1.0704	-2.6312	-1.6923	0.727	
4.49	-0.1438	-2.1354	-1.1252	-1.7144	-2.0226	0.4094	
4.5	0.1773	-1.7354	-1.0623	-0.6065	-2.0652	1.0798	
4.51	0.4218	-1.8328	-0.8936	0.2313	-2.0807	0.1468	
4.52	0.6791	-1.6277	-0.8303	0.4214	-2.2895	1.38	
4.53	0.8628	-1.415	-0.8671	0.1181	-2.3432	-0.1124	
4.54	1.041	-1.2524	-0.7511	-0.5367	-2.3351	1.6286	
4.55	1.1097	-1.1058	-0.6109	-0.9475	-2.0013	-0.272	
4.56	1.1776	-1.0172	-0.4993	-1.212	-1.4184	1.7902	
4.57	1.2499	-0.8556	-0.4214	-0.9584	-1.1693	-0.3132	
4.58	1.1788	-0.7159	-0.3178	-0.7612	-0.6607	1.6842	
4.59	1.1062	-0.5097	-0.1871	-0.6989	-0.2765	-0.2652	
4.6	0.9216	-0.4694	-0.0567	-0.8968	0.1284	1.4978	
4.61	0.6764	-0.3847	0.0667	-1.6378	0.4523	-0.1073	
4.62	0.5671	-0.3395	0.1864	-2.2698	0.5906	1.1111	
4.63	0.3289	-0.3612	0.3282	-2.6497	0.7712	0.1235	
4.64	0.1028	-0.3823	0.4417	-2.3043	0.781	0.6994	
4.65	-0.1242	-0.5286	0.5463	-1.3556	0.7003	0.3642	
4.66	-0.2992	-0.665	0.6912	-0.1697	0.4645	0.2671	
4.67	-0.5589	-0.7682	0.7135	0.8098	0.289	0.5817	
4.68	-0.6261	-1.0282	0.7223	1.0368	0.0538	-0.1411	
4.69	-0.7787	-1.2243	0.9025	0.6144	-0.1436	0.8034	
4.7	-0.8739	-1.5314	0.8806	-0.3443	-0.2746	-0.534	
4.71	-1.1084	-1.5843	0.9391	-1.3432	-0.3568	0.9117	
4.72	-1.003	-1.9204	0.9343	-2.0759	-0.3479	-0.8114	
4.73	-1.0815	-2.0571	1.0361	-2.1442	-0.2028	0.9193	
4.74	-1.1431	-2.1363	0.9836	-1.6693	0.0344	-0.9878	
4.75	-1.0877	-2.4838	0.861	-1.3754	0.3509	0.9714	
4.76	-1.0369	-2.7714	0.8749	-0.8438	0.6982	-1.1023	
4.77	-0.8105	-2.5441	0.8373	-0.7576	1.037	0.6329	
4.78	-0.8504	-2.6302	0.8187	-1.0205	1.4171	-1.1066	
4.79	-0.699	-2.4487	0.7195	-1.3832	1.5267	0.3765	
4.8	-0.6626	-2.4894	0.593	-1.3582	1.7998	-1.0066	
4.81	-0.5506	-2.4393	0.4287	-0.9246	1.8878	-0.0716	
4.82	-0.4446	-2.5765	0.3696	-0.1542	1.7913	-0.7704	
4.83	-0.4832	-2.2252	0.1959	0.498	2.0118	-0.5609	
4.84	-0.4296	-2.0357	0.0783	0.6999	1.5666	-0.5673	
4.85	-0.4568	-1.7482	-0.0469	0.3695	1.4183	-1.1203	
4.86	-0.4399	-1.8685	-0.2041	-0.5564	0.9829	-0.2978	
4.87	-0.4748	-1.5858	-0.3524	-1.6389	0.6171	-1.5368	
4.88	-0.6202	-1.4065	-0.4255	-2.344	0.2375	-0.1864	
4.89	-0.6833	-1.1639	-0.587	-2.8917	-0.0686	-1.9001	
4.9	-0.7523	-1.0174	-0.7969	-2.4397	-0.273	-0.0967	
4.91	-0.8091	-1.0506	-0.8761	-1.2999	-0.4262	-1.8581	
4.92	-0.8939	-0.8412	-1.0327	-0.291	-0.4057	-0.144	
4.93	-0.9862	-0.8367	-1.0237	0.2575	-0.3043	-2.1747	
4.94	-0.9714	-0.9434	-1.189	0.3362	-0.1826	-0.2862	
4.95	-0.9582	-0.8783	-1.209	-0.0658	0.058	-2.1773	
4.96	-0.9981	-1.136	-1.361	-0.5429	0.2979	-0.5346	
4.97	-1.0158	-1.2147	-1.2641	-0.8234	0.5239	-2.0006	
4.98	-0.8306	-1.3173	-1.3516	-0.7635	0.711	-0.8502	
4.99	-0.7121	-1.5802	-1.565	-0.4511	0.8981	-1.7098	
5.0	-0.5934	-1.6241	-1.5633	-0.1832	0.96	-1.2545	
5.01	-0.4929	-1.9368	-1.5412	-0.2738	0.9621	-1.6628	
5.02	-0.3314	-2.3142	-1.5884	-0.8754	0.7434	-1.7094	
5.03	-0.1577	-2.6209	-1.5628	-1.7559	0.5098	-1.3819	
5.04	0.011	-2.3775	-1.2989	-2.3319	0.2056	-2.1657	
5.05	0.1724	-2.7845	-1.3803	-2.5445	-0.1387	-0.9068	
5.06	0.334	-2.5813	-1.2367	-1.8511	-0.4727	-2.2728	
5.07	0.462	-2.8162	-1.1703	-0.8088	-0.8699	-0.8429	
5.08	0.614	-3.0391	-1.173	0.281	-1.1347	-2.6543	
5.09	0.6288	-2.8069	-0.9497	1.1559	-1.1238	-0.6791	
5.1	0.636	-2.8663	-0.9352	1.2319	-1.199	-2.8139	
5.11	0.6725	-2.7219	-0.9055	0.5639	-1.1727	-0.6142	
5.12	0.6145	-2.7805	-0.7364	-0.3022	-0.9391	-2.7296	
5.13	0.4179	-2.6794	-0.6854	-1.2929	-0.7894	-0.7181	
5.14	0.3145	-2.3507	-0.5031	-1.5822	-0.3909	-2.5398	
5.15	0.0942	-2.3482	-0.4749	-1.6685	-0.0442	-1.0343	
5.16	-0.1526	-1.9659	-0.3881	-1.2698	0.3603	-1.8975	
5.17	-0.4029	-1.8625	-0.2776	-0.711	0.6249	-1.2364	
5.18	-0.7285	-1.5574	-0.2104	-0.6095	1.0107	-1.661	
5.19	-1.061	-1.3434	-0.1502	-0.7615	1.2307	-1.465	
5.2	-1.3535	-1.3498	-0.1085	-1.2647	1.2346	-1.373	
5.21	-1.4821	-1.1928	-0.0781	-1.4252	1.174	-1.762	
5.22	-2.034	-1.0743	-0.0584	-1.1696	1.1735	-0.8822	
5.23	-2.1014	-0.9958	-0.0561	-0.4892	1.038	-2.0907	
5.24	-2.5366	-0.9847	-0.0643	0.3927	0.8306	-0.5444	
5.25	-2.4716	-0.9889	-0.0885	1.2034	0.5114	-2.3244	
5.26	-2.5178	-1.1239	-0.1085	1.2508	0.3167	-0.2671	
5.27	-2.7781	-1.2024	-0.1713	0.5892	0.1822	-1.9514	
5.28	-2.5955	-1.421	-0.2258	-0.4493	0.134	-0.134	
5.29	-2.59	-1.5514	-0.3163	-1.6092	0.1618	-2.0146	
5.3	-2.3247	-1.7419	-0.4359	-2.3529	0.275	-0.0976	
5.31	-2.0807	-1.8067	-0.5228	-2.2636	0.5624	-1.6707	
5.32	-1.6278	-2.1405	-0.5649	-1.7402	0.8589	-0.1481	
5.33	-1.5864	-2.3033	-0.6782	-0.8192	1.2266	-1.5196	
5.34	-1.0837	-2.3239	-0.8928	0.0558	1.4889	-0.3145	
5.35	-0.7396	-2.77	-1.0806	0.391	1.883	-1.1099	
5.36	-0.4423	-2.6147	-1.2347	0.2773	2.5166	-0.5774	
5.37	-0.0855	-2.9236	-1.2176	-0.0952	2.8547	-0.6673	
5.38	0.2605	-2.9301	-1.3007	-0.3727	2.9874	-0.7948	
5.39	0.5508	-2.9584	-1.4417	-0.3879	2.7536	-0.2093	
5.4	0.8432	-2.7061	-1.5805	-0.0799	3.1364	-1.0003	
5.41	0.8998	-2.637	-1.782	0.3059	2.4966	0.2069	
5.42	1.1903	-2.7535	-1.8065	0.4532	2.2329	-1.0619	
5.43	1.2902	-2.5269	-2.0608	0.1296	2.3381	0.4706	
5.44	1.1828	-2.3094	-2.2504	-0.6854	1.8714	-1.2532	
5.45	1.179	-2.0308	-2.2499	-1.4958	1.3868	0.7046	
5.46	0.9676	-1.6959	-2.0878	-2.0945	1.1039	-1.2302	
5.47	0.7586	-1.6035	-2.3079	-2.3021	1.0908	0.77	
5.48	0.595	-1.2473	-2.483	-1.4589	0.8665	-1.1564	
5.49	0.2814	-1.1337	-2.5427	-0.2867	0.9079	0.6969	
5.5	-0.0346	-1.0343	-2.2176	0.8628	0.9706	-0.8637	
5.51	-0.3888	-0.7664	-2.5474	1.3308	1.1307	0.6194	
5.52	-0.6584	-0.7434	-2.4186	1.2738	1.191	-0.459	
5.53	-1.0247	-0.6114	-2.4623	0.773	1.6284	0.3163	
5.54	-1.2901	-0.5899	-2.2647	-0.1476	1.8781	-0.1011	
5.55	-1.722	-0.6463	-2.3356	-0.7377	1.9121	0.0345	
5.56	-1.9629	-0.5991	-2.1698	-1.1005	2.2253	0.2929	
5.57	-2.2795	-0.7477	-2.2075	-0.8339	1.9459	-0.3024	
5.58	-2.3386	-0.8454	-1.8783	-0.4926	1.8556	0.6444	
5.59	-2.2784	-0.9115	-2.0653	-0.2419	1.9649	-0.5702	
5.6	-2.5837	-1.0589	-1.7667	-0.3663	1.5018	0.8789	
5.61	-2.2925	-1.3171	-1.5707	-0.6984	1.1558	-0.7501	
5.62	-2.4139	-1.4465	-1.537	-1.0524	0.8469	1.1313	
5.63	-2.2413	-1.838	-1.5227	-1.1372	0.321	-0.8976	
5.64	-1.9668	-1.7556	-1.307	-0.6935	-0.0568	1.12	
5.65	-2.0793	-1.8529	-1.0678	0.1555	-0.4221	-0.8643	
5.66	-1.8588	-2.1652	-1.025	1.1955	-0.7101	1.0469	
5.67	-1.6293	-2.4314	-0.8723	1.7929	-0.8717	-0.7488	
5.68	-1.3359	-2.398	-0.7857	1.6966	-1.0341	0.8073	
5.69	-1.0555	-2.2016	-0.6528	0.9318	-0.985	-0.6867	
5.7	-0.8446	-2.0266	-0.5415	-0.2604	-0.7411	0.4406	
5.71	-0.5426	-2.3118	-0.487	-1.3446	-0.5153	-0.3886	
5.72	-0.4362	-1.9239	-0.4347	-1.8273	-0.3065	0.0204	
5.73	-0.2336	-2.0024	-0.3536	-1.7162	-0.0099	-0.1203	
5.74	-0.1438	-1.8144	-0.2939	-0.9426	0.2336	-0.4284	
5.75	-0.0549	-1.3764	-0.2691	-0.1355	0.4106	0.1397	
5.76	-0.0144	-1.1687	-0.2448	0.4427	0.5255	-0.871	
5.77	-0.0108	-1.0779	-0.2046	0.5456	0.5262	0.3744	
5.78	-0.0456	-0.8528	-0.2235	0.3181	0.4921	-1.1708	
5.79	-0.1041	-0.5501	-0.2257	0.0116	0.2884	0.4126	
5.8	-0.1976	-0.3521	-0.2539	-0.0755	0.0311	-1.4613	
5.81	-0.2728	-0.1832	-0.3172	0.204	-0.2661	0.421	
5.82	-0.4261	-0.045	-0.398	0.6923	-0.5677	-1.4592	
5.83	-0.5753	0.0494	-0.4817	1.0434	-0.9008	0.3303	
5.84	-0.6779	0.1101	-0.512	1.025	-1.1571	-1.7592	
5.85	-0.7075	0.1431	-0.6376	0.5889	-1.198	0.0647	
5.86	-0.9627	0.1053	-0.6234	-0.374	-1.2953	-1.603	
5.87	-0.9834	0.0421	-0.8578	-1.4735	-1.1418	-0.2792	
5.88	-1.099	-0.0586	-0.9528	-1.8501	-1.0146	-1.3148	
5.89	-1.0683	-0.1868	-1.0543	-1.8331	-0.6706	-0.6679	
5.9	-1.1315	-0.3225	-1.1332	-0.8898	-0.3529	-1.1586	
5.91	-1.1444	-0.526	-1.1905	0.3261	-0.0029	-1.2988	
5.92	-1.0785	-0.6969	-1.2148	1.2321	0.3726	-0.9363	
5.93	-0.9454	-0.8143	-1.4249	1.8015	0.7057	-1.5647	
5.94	-1.0062	-1.1153	-1.4631	1.5218	1.0143	-0.8252	
5.95	-0.834	-1.2208	-1.3709	0.8075	1.2892	-1.9553	
5.96	-0.8517	-1.4108	-1.3735	0.1579	1.4044	-0.5725	
5.97	-0.7746	-1.2786	-1.5559	-0.2489	1.4117	-2.3241	
5.98	-0.7087	-1.3543	-1.3913	-0.2771	1.2299	-0.5363	
5.99	-0.715	-1.3637	-1.5338	0.0263	1.1536	-2.3586	
6.0	-0.707	-1.5743	-1.4418	0.2711	0.8475	-0.6264	
6.01	-0.7625	-1.2836	-1.5801	0.2741	0.5638	-2.5514	
6.02	-0.8467	-1.3315	-1.3669	-0.1105	0.2324	-0.8035	
6.03	-0.8126	-1.0012	-1.3514	-0.6634	0.0157	-2.5818	
6.04	-0.8846	-1.0112	-1.1871	-1.0845	-0.1527	-1.1189	
6.05	-1.0067	-0.7482	-1.0929	-0.9667	-0.25	-2.5023	
6.06	-1.3207	-0.4636	-1.0443	-0.1971	-0.2119	-1.4727	
6.07	-1.3321	-0.2951	-0.9443	0.8218	-0.105	-2.1874	
6.08	-1.4753	-0.0393	-0.8793	1.8381	0.1036	-1.7966	
6.09	-1.5027	0.1862	-0.6735	2.1736	0.3611	-1.7876	
6.1	-1.7647	0.3945	-0.571	1.8674	0.5928	-2.1479	
6.11	-1.8657	0.5472	-0.4628	1.1822	0.9523	-1.531	
6.12	-1.8561	0.7489	-0.2867	-0.019	1.2535	-2.5381	
6.13	-1.9325	0.7846	-0.1095	-0.8291	1.4705	-1.2695	
6.14	-2.2875	0.9855	0.0455	-1.1182	1.5986	-2.625	
6.15	-1.987	1.0214	0.1901	-0.8993	1.4936	-1.1683	
6.16	-2.0249	0.8542	0.3867	-0.2479	1.1909	-2.6677	
6.17	-1.9642	0.8258	0.5004	0.4302	1.1333	-0.912	
6.18	-1.6065	0.7467	0.6911	0.7242	0.7779	-2.9236	
6.19	-1.6325	0.6068	0.8491	0.6377	0.3452	-1.0048	
6.2	-1.2802	0.568	1.0247	0.3511	-0.1082	-3.1005	
6.21	-1.1099	0.3636	1.1102	0.1815	-0.568	-1.1297	
6.22	-0.8885	0.1786	1.2518	0.3555	-0.8664	-2.7274	
6.23	-0.5943	-0.015	1.4252	0.8345	-1.1694	-1.2086	
6.24	-0.3083	-0.1723	1.5096	1.459	-1.4553	-2.1968	
6.25	-0.0287	-0.3571	1.4771	1.9159	-1.5523	-1.499	
6.26	0.2057	-0.4564	1.5989	1.7322	-1.5515	-1.9188	
6.27	0.3958	-0.6103	1.4737	0.8985	-1.5729	-1.6981	
6.28	0.5353	-0.7313	1.6912	-0.2036	-1.3083	-1.5709	
6.29	0.6925	-0.7744	1.7061	-1.1479	-1.0813	-2.2512	
6.3	0.7037	-0.7463	1.4517	-1.518	-0.805	-1.1051	
6.31	0.8145	-0.6791	1.552	-1.1558	-0.6323	-2.2267	
6.32	0.6434	-0.5764	1.6209	-0.1573	-0.5283	-0.7059	
6.33	0.6102	-0.4583	1.5959	1.0025	-0.4853	-2.1603	
6.34	0.3663	-0.2618	1.3551	1.5983	-0.4681	-0.4384	
6.35	0.1363	-0.0742	1.418	2.1141	-0.613	-2.367	
6.36	-0.1224	0.1345	1.2849	1.5941	-0.7937	-0.3285	
6.37	-0.4091	0.3932	1.3327	0.9475	-1.2585	-2.2565	
6.38	-0.765	0.5838	1.1093	0.5522	-1.5125	-0.2817	
6.39	-1.1289	0.8755	0.9794	0.3203	-1.8182	-1.9596	
6.4	-1.5451	1.0843	0.9107	0.5728	-2.0698	-0.3998	
6.41	-1.7177	1.1374	0.9683	0.7751	-2.6738	-1.6625	
6.42	-1.9583	1.2175	0.8359	0.9251	-2.8534	-0.5992	
6.43	-2.2907	1.5288	0.7875	0.6222	-2.6108	-1.1486	
6.44	-2.4583	1.4247	0.6088	0.0244	-2.7752	-0.7427	
6.45	-2.551	1.5569	0.5727	-0.6518	-2.8493	-0.695	
6.46	-3.2002	1.6805	0.4917	-0.8181	-2.4312	-1.0688	
6.47	-2.7603	1.3998	0.4585	-0.5675	-2.1103	-0.2319	
6.48	-2.8672	1.4584	0.3844	0.3466	-1.8161	-1.2007	
6.49	-2.8328	1.3955	0.3921	1.4432	-1.6911	0.1647	
6.5	-2.559	1.1404	0.3618	2.5837	-1.1312	-1.2562	
6.51	-2.6449	0.9512	0.3617	2.5763	-0.8484	0.4227	
6.52	-2.3741	0.8246	0.3717	2.1128	-0.5916	-1.3181	
6.53	-2.1398	0.6259	0.4313	1.2992	-0.4913	0.6327	
6.54	-1.5497	0.3854	0.4313	0.2308	-0.4721	-1.2321	
6.55	-1.3383	0.2569	0.4749	-0.498	-0.489	0.6828	
6.56	-0.9332	0.0904	0.5013	-0.5176	-0.6841	-1.0461	
6.57	-0.6124	-0.0451	0.6764	-0.174	-0.7997	0.6763	
6.58	-0.2898	-0.1335	0.7643	0.393	-1.1706	-0.7782	
6.59	0.0351	-0.2157	0.895	0.8507	-1.3541	0.4684	
6.6	0.2957	-0.2186	0.9614	0.9082	-1.4675	-0.4513	
6.61	0.4571	-0.1819	1.0144	0.5738	-1.6562	0.1813	
6.62	0.6154	-0.1191	1.1751	0.3028	-1.5996	-0.0753	
6.63	0.6859	-0.0269	1.2847	0.321	-1.5601	-0.1252	
6.64	0.7737	0.1243	1.3717	0.7456	-1.4792	0.3347	
6.65	0.7014	0.262	1.633	1.613	-1.0373	-0.4624	
6.66	0.7467	0.4868	1.689	2.0983	-0.737	0.6787	
6.67	0.593	0.675	1.8659	2.4399	-0.3688	-0.6945	
6.68	0.3972	0.8432	1.8747	1.8317	0.0074	0.849	
6.69	0.1476	1.1906	2.0224	1.1172	0.3648	-0.8351	
6.7	-0.0983	1.2607	2.177	-0.1	0.7286	1.014	
6.71	-0.359	1.483	2.3299	-0.8855	0.9703	-0.974	
6.72	-0.6479	1.6396	2.5634	-1.2222	1.0573	0.9379	
6.73	-0.8222	1.8919	2.2624	-0.6141	0.9955	-0.9824	
6.74	-1.1	1.785	2.4542	0.387	0.8314	0.9119	
6.75	-1.3476	1.8203	2.3855	1.2628	0.6747	-0.8567	
6.76	-1.4544	1.9962	2.4532	1.9016	0.4204	0.6394	
6.77	-1.7719	1.6762	2.5942	1.8571	0.0667	-0.5346	
6.78	-1.8271	1.7804	2.6238	1.7074	-0.2464	0.2931	
6.79	-2.1374	1.6517	2.4333	1.1432	-0.5395	-0.3098	
6.8	-2.2386	1.5894	2.4454	0.7639	-0.8666	-0.0995	
6.81	-2.0492	1.3085	2.659	0.8447	-0.8897	-0.0272	
6.82	-1.995	1.1641	2.2907	1.172	-0.9323	-0.5754	
6.83	-1.9789	0.9135	2.5444	1.4093	-1.0156	0.207	
6.84	-1.7243	0.6403	2.5375	1.3912	-0.7765	-0.8455	
6.85	-1.7353	0.5053	2.2162	0.8363	-0.6848	0.4211	
6.86	-1.6175	0.2988	2.1048	0.013	-0.4134	-1.2917	
6.87	-1.4882	0.1262	2.1681	-0.6415	-0.1243	0.4871	
6.88	-1.2479	0.0158	2.076	-0.8165	0.1047	-1.5755	
6.89	-1.1444	-0.0714	1.71	-0.2893	0.2855	0.4651	
6.9	-0.8603	-0.1287	1.7395	0.7409	0.4045	-1.614	
6.91	-0.7643	-0.1319	1.6305	1.9429	0.3783	0.333	
6.92	-0.7914	-0.081	1.5025	2.52	0.2645	-1.6602	
6.93	-0.6598	-0.0044	1.2126	3.0259	0.0712	0.03	
6.94	-0.6176	0.12	1.1874	2.2223	-0.2126	-1.3903	
6.95	-0.5759	0.2511	0.971	1.3863	-0.5824	-0.3517	
6.96	-0.6386	0.4115	0.8112	0.4263	-0.9806	-1.3094	
6.97	-0.6162	0.6803	0.7114	-0.0464	-1.4637	-0.7099	
6.98	-0.7134	0.8504	0.6248	0.0205	-1.6485	-0.9354	
6.99	-0.6948	1.0968	0.5857	0.396	-1.9847	-1.1392	
7.0	-0.7103	1.2498	0.5118	0.8525	-2.2582	-0.7323	
7.01	-0.7588	1.4186	0.3709	0.9112	-2.183	-1.6543	
7.02	-0.8301	1.5315	0.3563	0.7636	-2.0116	-0.6139	
7.03	-0.8969	1.7881	0.3508	0.4129	-2.1878	-1.9721	
7.04	-0.9975	1.6597	0.2902	0.2121	-1.8386	-0.4587	
7.05	-1.0315	1.7667	0.3075	0.4565	-1.4562	-2.1679	
7.06	-0.8526	1.8395	0.3225	1.1311	-1.2593	-0.4037	
7.07	-0.8263	1.8387	0.3104	1.8896	-0.8377	-2.5837	
7.08	-0.7676	1.7939	0.365	2.4581	-0.5637	-0.5306	
7.09	-0.7071	1.5245	0.3663	2.7502	-0.3247	-2.5228	
7.1	-0.692	1.4411	0.4205	2.0495	-0.2134	-0.7058	
7.11	-0.4897	1.3137	0.5122	1.1	-0.1907	-2.317	
7.12	-0.3889	1.0312	0.6198	-0.1005	-0.2469	-1.0165	
7.13	-0.2863	0.7619	0.6736	-0.7328	-0.3808	-2.207	
7.14	-0.1793	0.6018	0.7502	-0.7606	-0.6626	-1.4546	
7.15	-0.0693	0.3809	0.9125	-0.1712	-0.8074	-2.0304	
7.16	0.0084	0.1555	1.0623	0.7012	-1.0763	-1.7092	
7.17	0.0665	-0.0177	1.0438	1.4762	-1.2837	-1.5751	
7.18	0.0788	-0.1571	1.1859	1.9699	-1.432	-2.0958	
7.19	0.0638	-0.2713	1.1483	1.6087	-1.4639	-1.3127	
7.2	0.0135	-0.372	1.4059	1.297	-1.3517	-2.5089	
7.21	-0.0718	-0.3639	1.3255	1.061	-1.1847	-0.9099	
7.22	-0.1887	-0.357	1.5989	0.9624	-0.8692	-2.7624	
7.23	-0.3519	-0.2999	1.5397	1.2789	-0.5529	-0.7755	
7.24	-0.5756	-0.2183	1.4988	1.9138	-0.111	-2.949	
7.25	-0.7817	-0.0771	1.6719	1.7451	0.3257	-0.6725	
7.26	-0.9422	0.0763	1.7743	1.5965	0.7923	-2.851	
7.27	-1.1656	0.2544	1.5393	0.7652	1.2677	-0.7791	
7.28	-1.5457	0.428	1.7246	-0.189	1.4402	-2.3402	
7.29	-1.6768	0.6747	1.6695	-0.7655	1.7931	-0.9339	
7.3	-2.07	0.8595	1.4639	-0.798	1.8999	-2.2935	
7.31	-2.0213	0.97	1.6514	-0.0719	1.8365	-0.9945	
7.32	-2.1307	1.2026	1.581	0.9853	1.4926	-1.8137	
7.33	-2.2464	1.4005	1.351	2.2277	1.3857	-1.3482	
7.34	-2.4657	1.3067	1.3724	2.6816	1.3199	-1.5076	
7.35	-2.0871	1.4452	1.2091	2.9277	0.9347	-1.4636	
7.36	-2.3193	1.3606	1.1294	2.0813	0.6931	-1.0436	
7.37	-1.8863	1.5038	1.0198	1.2284	0.5493	-1.7749	
7.38	-2.0426	1.39	0.8395	0.4451	0.4726	-0.5779	
7.39	-1.7298	1.2112	0.8134	0.2641	0.4488	-2.1182	
7.4	-1.3421	1.0124	0.6453	0.4125	0.6408	-0.2439	
7.41	-1.074	0.8401	0.5066	0.7857	0.7548	-1.9678	
7.42	-0.6845	0.7527	0.2965	1.0709	1.0692	-0.0049	
7.43	-0.4113	0.5183	0.1929	0.8732	1.3554	-2.0702	
7.44	-0.0602	0.2672	0.0364	0.4077	1.7376	0.115	
7.45	0.2756	0.0423	-0.1057	0.027	2.0163	-1.5906	
7.46	0.5319	-0.1688	-0.212	-0.0308	2.1987	0.0987	
7.47	0.7755	-0.3228	-0.3797	0.4664	2.5977	-1.3304	
7.48	0.994	-0.4543	-0.5035	1.4237	2.2842	-0.0029	
7.49	1.2971	-0.6248	-0.5683	2.2283	2.4465	-0.9194	
7.5	1.1896	-0.7726	-0.6735	2.9133	2.4744	-0.1758	
7.51	1.3714	-0.7973	-0.7515	2.4774	2.1674	-0.5096	
7.52	1.2779	-0.7449	-0.7644	2.0503	1.6195	-0.3778	
7.53	1.3338	-0.7162	-0.7655	0.8402	1.3747	-0.073	
7.54	1.1718	-0.6124	-0.8872	-0.2559	0.9332	-0.6196	
7.55	0.8587	-0.4994	-0.9354	-0.6909	0.4405	0.3768	
7.56	0.6278	-0.3889	-0.8305	-0.5544	0.1637	-0.8515	
7.57	0.2773	-0.1751	-0.8788	0.0932	-0.0593	0.6977	
7.58	-0.0528	-0.0071	-0.8982	0.8029	-0.1751	-0.8012	
7.59	-0.3673	0.1989	-0.8502	1.3517	-0.221	1.1133	
7.6	-0.694	0.3592	-0.7607	1.5763	-0.1457	-0.8718	
7.61	-1.164	0.6033	-0.7056	1.1483	0.0329	1.2446	
7.62	-1.5412	0.7815	-0.6534	0.9741	0.2326	-0.7767	
7.63	-1.8902	0.8181	-0.549	0.7914	0.5521	1.1925	
7.64	-1.8796	0.8788	-0.3645	1.2475	0.739	-0.5204	
7.65	-2.2863	1.1356	-0.2819	1.5614	1.0278	1.1787	
7.66	-2.2296	1.0368	-0.1702	2.0779	1.1213	-0.2036	
7.67	-2.4154	1.0145	-0.0569	1.9439	1.1227	0.8207	
7.68	-2.1621	0.9817	0.0571	1.3914	1.0435	0.1507	
7.69	-2.1714	0.8834	0.1929	0.3924	1.0444	0.597	
7.7	-2.0919	0.7199	0.2867	-0.5263	0.6704	0.589	
7.71	-2.1291	0.6155	0.4141	-1.1145	0.4367	0.2968	
7.72	-1.9616	0.406	0.531	-0.9001	0.0863	1.0062	
7.73	-1.4758	0.2106	0.6687	-0.0078	-0.2456	0.0131	
7.74	-1.4159	-0.0044	0.7248	1.0817	-0.5535	1.1761	
7.75	-1.0353	-0.2237	0.8495	2.0208	-0.8352	-0.2188	
7.76	-0.646	-0.4617	0.79	2.7324	-0.9979	1.4016	
7.77	-0.3421	-0.6057	0.967	2.3708	-0.9745	-0.3268	
7.78	-0.0935	-0.7347	1.0436	1.6931	-0.8202	1.7224	
7.79	0.1684	-0.9026	1.0462	0.9131	-0.7349	-0.3869	
7.8	0.4493	-1.0214	1.0995	0.4383	-0.363	1.4749	
7.81	0.5656	-1.1367	1.0882	0.4617	-0.0395	-0.3356	
7.82	0.6891	-0.9533	0.9263	0.6551	0.3338	1.2792	
7.83	0.9167	-0.9553	0.8857	0.901	0.7675	-0.1723	
7.84	0.843	-1.0339	0.9976	0.947	1.0548	1.0647	
7.85	0.9037	-0.7602	0.9116	0.488	1.2883	0.0696	
7.86	0.9397	-0.7545	0.8251	-0.1037	1.5541	0.8073	
7.87	0.7197	-0.4779	0.808	-0.5139	1.4944	0.3237	
7.88	0.6006	-0.3155	0.6366	-0.4068	1.5501	0.3063	
7.89	0.5317	-0.1288	0.5638	0.3342	1.54	0.5856	
7.9	0.3496	0.075	0.497	1.2692	1.383	-0.0691	
7.91	0.1779	0.2482	0.3622	2.3797	1.0856	0.8107	
7.92	-0.0149	0.4788	0.259	2.7271	0.7904	-0.4237	
7.93	-0.1847	0.5581	0.149	2.3703	0.6062	0.983	
7.94	-0.3765	0.67	0.0543	1.6756	0.5286	-0.7674	
7.95	-0.4667	0.7486	-0.0474	0.3648	0.4119	1.1248	
7.96	-0.5945	0.8927	-0.1376	-0.5104	0.4435	-0.913	
7.97	-0.7554	0.8435	-0.227	-0.7466	0.4892	0.9513	
7.98	-0.752	0.9438	-0.3538	-0.474	0.7171	-0.9454	
7.99	-0.7115	0.7337	-0.4347	0.147	0.9902	0.8231	
8.0	-0.774	0.7344	-0.5183	0.813	1.4101	-1.014	
8.01	-0.7624	0.5177	-0.5247	1.1185	1.5981	0.4959	
8.02	-0.7895	0.3628	-0.5764	0.8597	1.8748	-0.8062	
8.03	-0.6824	0.163	-0.5804	0.554	2.5978	0.1359	
8.04	-0.5295	-0.0351	-0.6337	0.4495	2.6718	-0.6285	
8.05	-0.5432	-0.2381	-0.5641	0.6338	2.5165	-0.2696	
8.06	-0.4293	-0.4073	-0.5384	1.1851	2.6076	-0.3382	
8.07	-0.3212	-0.56	-0.552	1.6256	2.8833	-0.7219	
8.08	-0.2992	-0.7105	-0.5124	2.0236	2.2556	-0.082	
8.09	-0.2595	-0.8387	-0.4673	2.0239	2.0405	-1.2255	
8.1	-0.2161	-1.0653	-0.3636	0.9487	1.6677	0.0981	
8.11	-0.233	-1.0713	-0.2617	-0.0939	1.4948	-1.4122	
8.12	-0.2135	-1.0862	-0.1765	-0.9418	0.9316	0.1993	
8.13	-0.2524	-1.0391	-0.0693	-1.3585	0.6914	-1.7324	
8.14	-0.3321	-0.9369	0.0548	-1.0988	0.4914	0.231	
8.15	-0.4098	-0.8759	0.1832	-0.0851	0.282	-1.6527	
8.16	-0.4495	-0.7072	0.2934	1.0465	0.2167	0.1172	
8.17	-0.5321	-0.4927	0.445	1.854	0.3043	-1.6357	
8.18	-0.6395	-0.3183	0.5925	2.0599	0.4183	-0.0962	
8.19	-0.7074	-0.1324	0.8133	1.4556	0.6293	-1.755	
8.2	-0.7934	0.0718	0.8492	0.9652	0.8736	-0.3712	
8.21	-0.7234	0.3091	1.1277	0.501	1.1032	-1.3293	
8.22	-0.7598	0.4488	1.0891	0.3252	1.2583	-0.8012	
8.23	-0.7902	0.6688	1.3264	0.4879	1.1752	-1.1474	
8.24	-0.6865	0.7362	1.3129	0.7085	1.199	-1.0567	
8.25	-0.63	0.9786	1.4259	0.8144	1.1967	-0.7639	
8.26	-0.5058	0.9688	1.6128	0.4784	0.9535	-1.5609	
8.27	-0.37	1.1198	1.8933	-0.1418	0.6285	-0.4502	
8.28	-0.189	0.9612	2.0174	-0.8242	0.3352	-1.6171	
8.29	0.0056	0.9621	1.9869	-1.0358	-0.1063	-0.1908	
8.3	0.2367	0.8713	1.9385	-0.8495	-0.5626	-2.1032	
8.31	0.4063	0.7106	1.9142	0.1216	-0.9333	-0.0165	
8.32	0.6175	0.5998	2.068	1.1322	-1.2637	-2.0536	
8.33	0.9334	0.483	2.0224	2.1685	-1.6061	0.0437	
8.34	0.9988	0.2426	1.9563	2.2328	-1.5979	-1.9258	
8.35	1.2145	0.067	2.1141	2.0183	-1.9047	-0.012	
8.36	1.2495	-0.128	1.8517	0.8535	-1.7348	-1.5129	
8.37	1.424	-0.3123	1.9631	-0.1139	-1.5534	-0.1456	
8.38	1.4553	-0.4552	1.9667	-0.7238	-1.312	-1.465	
8.39	1.4579	-0.6064	1.8988	-0.9802	-1.0677	-0.3517	
8.4	1.2565	-0.6282	1.8025	-0.5686	-0.6715	-1.0117	
8.41	1.3167	-0.7331	1.492	0.0257	-0.4452	-0.6811	
8.42	1.1216	-0.7218	1.3702	0.396	-0.2469	-0.454	
8.43	0.7704	-0.6903	1.3238	0.3646	-0.1122	-0.8194	
8.44	0.5285	-0.6086	1.2095	0.131	-0.0649	-0.0628	
8.45	0.2516	-0.5791	1.0563	-0.1526	-0.1297	-0.9795	
8.46	-0.0354	-0.4469	1.1042	-0.1513	-0.3035	0.3216	
8.47	-0.3338	-0.2332	1.0362	0.305	-0.4829	-1.1405	
8.48	-0.6155	-0.051	0.8403	1.0116	-0.7793	0.6242	
8.49	-0.9521	0.1524	0.7392	1.6448	-1.137	-1.2599	
8.5	-1.1245	0.3655	0.7129	2.072	-1.2496	0.8776	
8.51	-1.4852	0.6418	0.5564	1.3166	-1.5616	-1.0296	
8.52	-1.6437	0.8225	0.4694	0.4519	-1.665	0.9898	
8.53	-1.8448	1.0744	0.4722	-0.7155	-1.647	-0.8994	
8.54	-1.8395	1.1719	0.3864	-1.6769	-1.7431	0.8684	
8.55	-1.9632	1.4514	0.3534	-1.7591	-1.5127	-0.5544	
8.56	-1.8817	1.3263	0.3809	-1.1286	-1.1622	0.7435	
8.57	-1.5598	1.6237	0.4035	-0.2407	-0.7616	-0.0825	
8.58	-1.5307	1.373	0.3617	0.6329	-0.3168	0.5979	
8.59	-1.0909	1.4474	0.3796	1.141	0.0439	0.3689	
8.6	-0.946	1.5154	0.4532	1.3403	0.4392	0.334	
8.61	-0.5397	1.3717	0.5226	0.7558	0.7085	0.8446	
8.62	-0.2315	1.243	0.543	0.3264	0.9817	0.1364	
8.63	0.1621	1.0956	0.7054	0.0657	1.0032	1.3614	
8.64	0.508	0.8878	0.7392	0.15	1.019	-0.0216	
8.65	0.9069	0.6024	0.7891	0.4459	0.8561	1.7836	
8.66	1.3099	0.4986	0.8436	0.7663	0.5992	-0.0842	
8.67	1.3762	0.2759	1.0211	0.58	0.3643	1.8012	
8.68	1.8237	0.1193	1.0567	-0.035	0.0687	-0.0472	
8.69	2.0885	-0.017	1.2505	-0.8554	-0.2323	1.8256	
8.7	2.2171	-0.1202	1.4344	-1.6008	-0.516	0.1065	
8.71	2.0231	-0.1969	1.3692	-1.6501	-0.6971	1.8658	
8.72	1.9637	-0.2318	1.5455	-1.241	-0.7429	0.3927	
8.73	2.1809	-0.2073	1.7221	-0.1349	-0.8159	1.942	
8.74	2.1596	-0.1514	1.8604	0.948	-0.6328	0.6296	
8.75	1.8461	-0.0545	1.9089	1.8948	-0.4756	1.4877	
8.76	1.5834	0.0863	2.165	1.972	-0.2495	0.9889	
8.77	1.2681	0.2512	2.1636	1.2785	0.0287	1.2734	
8.78	0.9475	0.4456	2.0874	0.2514	0.286	1.6123	
8.79	0.7374	0.6021	2.3522	-0.5818	0.5324	1.0773	
8.8	0.3994	0.901	2.3825	-1.0716	0.725	1.7394	
8.81	0.0668	1.16	2.0286	-1.0348	0.749	0.691	
8.82	-0.223	1.4466	1.9978	-0.6341	0.6824	2.2776	
8.83	-0.4781	1.388	2.0481	-0.2244	0.6095	0.525	
8.84	-0.7501	1.8279	2.3234	-0.1198	0.3022	2.494	
8.85	-0.9307	2.0031	2.1108	-0.3827	-0.0268	0.4363	
8.86	-1.0189	2.1355	2.2025	-0.7277	-0.3948	2.5954	
8.87	-1.0388	2.1796	1.8765	-0.9639	-0.8547	0.4083	
8.88	-1.1093	1.8947	1.8628	-0.7268	-1.2806	2.0955	
8.89	-1.1551	2.0581	1.6161	-0.0002	-1.5596	0.5026	
8.9	-1.1047	2.016	1.6429	0.9246	-2.0924	2.1133	
8.91	-0.9108	1.7616	1.5953	1.4949	-2.3155	0.639	
8.92	-0.8446	1.7664	1.4085	1.6125	-2.0995	1.7582	
8.93	-0.6025	1.5894	1.304	0.8943	-2.3538	0.9241	
8.94	-0.3978	1.3523	1.0536	-0.209	-2.1128	1.3254	
8.95	-0.1571	1.2758	0.9647	-1.2973	-2.0487	1.2427	
8.96	0.0661	1.0945	0.7157	-2.0177	-1.7512	1.0099	
8.97	0.3044	0.8876	0.6184	-2.1594	-1.3788	1.328	
8.98	0.4805	0.6676	0.4906	-1.4467	-1.2299	0.5452	
8.99	0.6867	0.6249	0.3093	-0.4515	-1.059	1.5464	
9.0	0.8928	0.4772	0.2127	0.249	-0.8877	0.2217	
9.01	0.9308	0.3969	0.0585	0.5243	-0.8307	1.7821	
9.02	1.0963	0.3482	-0.0648	0.4133	-0.9607	-0.0419	
9.03	1.2413	0.3511	-0.1576	0.0022	-1.1347	1.8389	
9.04	1.2217	0.3409	-0.2917	-0.3003	-1.4173	-0.1835	
9.05	1.0999	0.4159	-0.3629	-0.2804	-1.7325	1.7431	
9.06	1.1165	0.6138	-0.4633	0.0439	-2.2123	-0.2082	
9.07	1.0976	0.6848	-0.474	0.4582	-2.4666	1.3883	
9.08	0.9752	0.8165	-0.4948	0.5047	-2.6616	-0.1507	
9.09	0.8359	1.1743	-0.6315	0.1542	-2.5356	1.1676	
9.1	0.7401	1.2711	-0.5878	-0.6669	-2.7449	0.0167	
9.11	0.7756	1.5099	-0.6615	-1.5383	-2.9034	0.8202	
9.12	0.6993	1.844	-0.5624	-2.3535	-2.9046	0.2203	
9.13	0.6431	1.8938	-0.5735	-2.2685	-2.3877	0.3276	
9.14	0.5065	1.9729	-0.5374	-1.4891	-2.0755	0.4531	
9.15	0.5652	2.3358	-0.5279	-0.362	-1.4644	-0.1161	
9.16	0.5222	2.4178	-0.4486	0.7813	-1.1686	0.726	
9.17	0.5485	2.7291	-0.3896	1.2308	-0.8644	-0.5439	
9.18	0.5052	2.4135	-0.3072	1.2072	-0.5161	0.8166	
9.19	0.5928	2.2823	-0.2024	0.5107	-0.2222	-0.8119	
9.2	0.6585	2.6079	-0.1449	-0.3568	-0.0465	0.9267	
9.21	0.6771	2.4187	-0.0625	-1.1167	0.0105	-1.098	
9.22	0.7884	2.4328	0.0231	-1.2856	-0.0351	0.8738	
9.23	0.8213	1.9596	0.108	-1.0493	-0.1516	-1.0938	
9.24	1.0069	2.008	0.1693	-0.6886	-0.3196	0.8304	
9.25	0.9685	1.8638	0.2472	-0.5003	-0.5691	-1.03	
9.26	1.0212	1.5555	0.3228	-0.728	-0.8132	0.5906	
9.27	1.0344	1.4443	0.3789	-1.1877	-0.9632	-0.8696	
9.28	1.0402	1.1676	0.4173	-1.4203	-1.112	0.2213	
9.29	0.9549	0.9809	0.4772	-1.5105	-1.1014	-0.5354	
9.3	0.9404	0.9016	0.5002	-1.1257	-0.9697	-0.1416	
9.31	0.6948	0.7066	0.4542	-0.2152	-0.7885	-0.2107	
9.32	0.6043	0.6177	0.427	0.8033	-0.5345	-0.553	
9.33	0.4894	0.6195	0.4428	1.3311	-0.1742	0.1037	
9.34	0.3436	0.6498	0.4249	1.2772	0.1981	-0.7686	
9.35	0.142	0.7485	0.3615	0.3378	0.6422	0.3874	
9.36	-0.0238	0.8293	0.284	-0.7849	0.9664	-1.0182	
9.37	-0.1842	0.9107	0.2343	-2.028	1.1681	0.6476	
9.38	-0.3268	1.1067	0.1362	-2.4779	1.4766	-1.2518	
9.39	-0.4253	1.2032	0.0224	-2.1853	1.4123	0.6876	
9.4	-0.5603	1.4911	-0.1002	-1.4313	1.6126	-1.2256	
9.41	-0.5367	1.6414	-0.2146	-0.6703	1.3973	0.7726	
9.42	-0.6202	1.8234	-0.3832	-0.1941	1.0487	-1.0738	
9.43	-0.5641	1.9678	-0.4707	-0.1396	0.794	0.7104	
9.44	-0.4142	2.044	-0.5929	-0.3816	0.4952	-0.932	
9.45	-0.3104	2.481	-0.804	-0.6457	0.1226	0.4819	
9.46	-0.1338	2.2743	-0.8927	-0.7814	-0.1863	-0.5281	
9.47	0.0854	2.7552	-1.1669	-0.4935	-0.475	0.2663	
9.48	0.3672	2.4792	-1.2537	0.0354	-0.6322	-0.085	
9.49	0.6504	2.8355	-1.443	0.3903	-0.6826	0.0114	
9.5	0.9811	2.4521	-1.7137	0.3618	-0.7022	0.3762	
9.51	1.1961	2.5684	-1.5763	-0.2661	-0.4743	-0.2179	
9.52	1.4017	2.1487	-1.8917	-1.1454	-0.3024	0.7402	
9.53	1.8795	2.2648	-1.7969	-2.3604	-0.0633	-0.4555	
9.54	2.1438	2.0762	-1.9968	-2.9186	0.1774	1.082	
9.55	2.2288	1.6665	-2.2732	-2.3409	0.4264	-0.4677	
9.56	2.4941	1.5852	-2.2025	-1.7694	0.6551	1.2767	
9.57	2.3616	1.3254	-2.3316	-0.5228	0.6983	-0.4721	
9.58	2.4395	1.185	-2.4516	0.4088	0.701	1.6121	
9.59	2.7375	1.0713	-2.3214	0.7626	0.5946	-0.3356	
9.6	2.6867	0.8084	-2.2208	0.5224	0.3844	1.6063	
9.61	2.5393	0.772	-2.3877	-0.1251	0.1381	-0.0698	
9.62	2.2087	0.6332	-2.2792	-0.8772	-0.2084	1.5847	
9.63	1.8667	0.5294	-2.1603	-1.2482	-0.609	0.2686	
9.64	1.7166	0.4987	-2.4098	-1.2278	-1.0079	1.2715	
9.65	1.4806	0.5315	-2.3481	-0.9159	-1.2407	0.6641	
9.66	1.0885	0.593	-2.0348	-0.6752	-1.469	1.2252	
9.67	0.6828	0.7761	-2.0163	-0.7664	-1.7868	1.2433	
9.68	0.3038	0.8903	-2.2165	-1.2958	-1.6608	0.8986	
9.69	-0.0284	1.0047	-2.056	-1.9806	-1.726	1.5012	
9.7	-0.3619	1.1569	-1.9828	-2.3648	-1.5365	0.7649	
9.71	-0.5809	1.3467	-1.7543	-1.8652	-1.1851	2.184	
9.72	-0.7666	1.411	-1.62	-1.4317	-0.7854	0.5426	
9.73	-1.1019	1.7645	-1.4033	-0.273	-0.422	2.5244	
9.74	-1.1087	2.0331	-1.3224	0.6159	-0.0828	0.5879	
9.75	-1.2351	2.1416	-1.1873	1.1772	0.2406	2.3915	
9.76	-1.0525	2.0119	-1.2516	0.7176	0.4568	0.6326	
9.77	-1.0634	2.0497	-1.0893	-0.1482	0.5808	2.803	
9.78	-0.8087	2.2195	-1.0116	-1.3482	0.6191	0.7346	
9.79	-0.598	2.3893	-0.8718	-2.0884	0.5495	2.3962	
9.8	-0.3592	2.3336	-0.8483	-2.5597	0.4167	1.0429	
9.81	-0.0914	2.0246	-0.8277	-2.0899	0.2669	2.3065	
9.82	0.2156	1.9475	-0.7486	-1.5965	0.0434	1.5211	
9.83	0.561	2.0028	-0.7912	-0.8713	-0.1921	2.2228	
9.84	0.8346	1.6201	-0.6516	-0.6508	-0.3658	1.7273	
9.85	1.3567	1.6012	-0.6697	-0.6735	-0.436	1.8786	
9.86	1.5746	1.176	-0.735	-0.946	-0.5426	2.3079	
9.87	1.8722	1.0047	-0.7673	-1.1004	-0.4235	1.4869	
9.88	2.2983	0.8398	-0.7306	-0.9228	-0.2139	2.3214	
9.89	2.5238	0.5451	-0.7518	-0.4473	0.0724	1.1117	
9.9	2.4077	0.4118	-0.8612	0.1774	0.4374	2.5864	
9.91	2.3182	0.2621	-0.9609	0.5101	0.9368	1.0318	
9.92	2.392	0.1026	-0.9132	0.2366	1.4189	2.6231	
9.93	2.3246	0.0262	-1.1273	-0.5258	1.8793	0.9018	
9.94	2.3071	-0.0242	-1.2615	-1.7156	2.1076	2.9166	
9.95	2.0895	-0.0301	-1.418	-2.4805	2.1803	0.9912	
9.96	1.9309	0.0079	-1.4732	-2.815	2.327	2.5389	
9.97	1.9917	0.0897	-1.6466	-2.5095	2.6855	1.0812	
9.98	1.6651	0.2132	-1.4703	-1.7066	2.6728	2.7204	
9.99	1.4667	0.3242	-1.7643	-0.5177	2.6103	1.1353	
10.0	1.1053	0.4841	-1.9203	0.2254	2.1949	2.3274	
10.01	0.8962	0.6574	-2.0611	0.4062	1.7457	1.4558	
10.02	0.7996	0.8932	-1.9126	0.0346	1.7122	1.7231	
10.03	0.4968	1.1056	-2.0041	-0.5498	1.3051	1.8223	
10.04	0.3523	1.198	-2.3139	-1.0882	1.0383	1.3685	
10.05	0.2022	1.3351	-2.4546	-1.2093	1.0035	1.94	
10.06	0.1073	1.4491	-2.248	-0.9662	0.923	0.9217	
10.07	0.0455	1.5764	-2.15	-0.6356	1.1015	2.0637	
10.08	0.0282	1.6679	-2.5998	-0.5953	1.2341	0.553	
10.09	0.0396	1.7351	-2.3395	-0.9465	1.4061	2.367	
10.1	0.0783	1.5443	-2.5389	-1.7548	1.7953	0.3389	
10.11	0.1475	1.3163	-2.2011	-2.4425	1.8594	2.3572	
10.12	0.2434	1.4028	-2.1168	-2.7377	2.1527	0.2201	
10.13	0.3454	1.2021	-2.2537	-2.407	2.6106	2.1042	
10.14	0.4973	1.071	-2.097	-1.3628	2.3871	0.2003	
10.15	0.5762	0.8101	-2.1543	-0.1748	2.6171	1.7639	
10.16	0.7517	0.5524	-2.0853	0.7204	2.5059	0.3147	
10.17	0.7766	0.3183	-1.875	0.9826	2.3743	1.3889	
10.18	1.0148	0.0661	-1.7549	0.4805	2.0314	0.4483	
10.19	1.0448	-0.1627	-1.608	-0.4871	1.5728	0.9399	
10.2	1.1166	-0.3592	-1.6104	-1.5484	1.0245	0.7105	
10.21	1.1751	-0.5299	-1.4198	-2.1673	0.6994	0.5372	
10.22	1.0225	-0.6214	-1.1458	-2.2645	0.3214	1.0188	
10.23	1.1702	-0.8292	-1.0106	-1.7581	-0.009	0.1239	
10.24	1.0721	-0.8358	-0.9337	-1.3275	-0.2433	1.213	
10.25	0.9067	-0.9003	-0.8572	-0.928	-0.4198	-0.2545	
10.26	0.9393	-0.9094	-0.6172	-1.011	-0.4148	1.3363	
10.27	0.9236	-0.8073	-0.5441	-1.2246	-0.3152	-0.5637	
10.28	0.9034	-0.7102	-0.3956	-1.5767	-0.1941	1.3701	
10.29	0.842	-0.5556	-0.2463	-1.51	0.0492	-0.7645	
10.3	0.7017	-0.4064	-0.1348	-1.0366	0.3262	1.2591	
10.31	0.789	-0.2677	-0.0235	-0.187	0.5832	-0.6649	
10.32	0.7684	-0.1046	0.0744	0.4375	0.7582	1.1617	
10.33	0.8166	0.0647	0.1607	0.6551	0.8581	-0.6514	
10.34	0.854	0.2354	0.2297	0.2427	1.0204	0.7448	
10.35	1.0056	0.3531	0.2818	-0.6958	0.9225	-0.4537	
10.36	1.135	0.5079	0.2852	-1.8245	0.6971	0.4653	
10.37	1.2236	0.5488	0.3253	-2.5284	0.5668	-0.143	
10.38	1.1782	0.6225	0.3069	-3.1563	0.277	0.0545	
10.39	1.4123	0.6792	0.3023	-2.5099	-0.0698	0.185	
10.4	1.4788	0.6622	0.312	-1.4482	-0.3743	-0.2812	
10.41	1.8725	0.5726	0.2764	-0.4578	-0.7163	0.5146	
10.42	1.7305	0.4238	0.1939	0.1081	-0.9587	-0.5729	
10.43	1.8081	0.3052	0.1456	0.0976	-1.0407	0.7056	
10.44	2.1536	0.1506	0.0697	-0.3044	-0.9911	-0.7835	
10.45	2.1786	-0.0653	-0.0053	-0.8014	-0.891	0.8941	
10.46	2.0608	-0.2841	-0.0899	-0.9471	-0.7769	-0.8769	
10.47	2.1207	-0.5351	-0.2011	-0.8355	-0.4123	0.9421	
10.48	1.8513	-0.7841	-0.2561	-0.5225	-0.0735	-0.9629	
10.49	1.7616	-1.0005	-0.4122	-0.2793	0.324	1.0917	
10.5	1.6952	-1.1966	-0.485	-0.4627	0.7768	-0.7039	
10.51	1.5354	-1.296	-0.5852	-0.9638	0.989	0.8718	
10.52	1.1871	-1.5762	-0.6118	-1.8851	1.2117	-0.4683	
10.53	1.0127	-1.8183	-0.7205	-2.5454	1.4134	0.7153	
10.54	0.6356	-1.8862	-0.9041	-2.6266	1.7335	-0.1487	
10.55	0.4388	-1.6037	-0.9949	-2.282	1.4571	0.3944	
10.56	0.1741	-1.8058	-1.0554	-1.0189	1.4263	0.3001	
10.57	-0.0829	-1.7662	-1.0575	0.1241	1.266	0.1635	
10.58	-0.283	-1.6367	-1.0498	0.9582	0.9379	0.6519	
10.59	-0.5006	-1.5368	-1.0916	0.9935	0.7684	-0.0772	
10.6	-0.6689	-1.4907	-1.1909	0.3247	0.4463	1.0011	
10.61	-0.7741	-1.2309	-1.115	-0.6485	0.296	-0.2334	
10.62	-0.6766	-0.9415	-1.1662	-1.5629	0.1496	1.419	
10.63	-0.6685	-0.9252	-1.0142	-1.8541	0.1468	-0.3179	
10.64	-0.5916	-0.6297	-1.0895	-1.8761	0.2071	1.6996	
10.65	-0.4587	-0.5005	-0.9728	-1.2452	0.4382	-0.252	
10.66	-0.3032	-0.401	-0.9463	-0.9296	0.7193	1.7759	
10.67	-0.0233	-0.2818	-0.7831	-0.8525	0.9641	-0.0924	
10.68	0.2681	-0.1752	-0.7758	-1.1917	1.2022	1.9148	
10.69	0.5407	-0.1413	-0.6389	-1.5727	1.716	0.1975	
10.7	0.9107	-0.154	-0.4928	-1.6466	2.0247	1.6099	
10.71	1.2177	-0.2019	-0.4607	-1.3883	2.145	0.6236	
10.72	1.6551	-0.2973	-0.2852	-0.6704	2.0031	1.5265	
10.73	2.1536	-0.4044	-0.1766	0.2522	2.0607	0.9887	
10.74	2.0562	-0.5203	-0.0501	0.8649	2.0003	1.3488	
10.75	2.729	-0.7948	0.0807	0.8886	1.8048	1.5408	
10.76	2.9876	-0.9259	0.2078	0.2783	1.3872	1.0581	
10.77	3.0777	-1.1016	0.3599	-0.8647	1.0392	1.9561	
10.78	3.1101	-1.4374	0.4036	-1.9011	0.4812	0.7981	
10.79	2.9161	-1.6732	0.6108	-2.8051	0.1273	2.3168	
10.8	3.1974	-1.9313	0.6486	-2.4737	-0.2088	0.7147	
10.81	3.0832	-2.1672	0.7247	-1.9257	-0.5124	2.3785	
10.82	2.7344	-2.275	0.8329	-1.0595	-0.6165	0.6324	
10.83	2.531	-2.091	0.9338	-0.2204	-0.6868	2.4147	
10.84	2.0703	-2.3272	1.0197	0.0801	-0.6999	0.7805	
10.85	1.7183	-2.3557	0.999	-0.0662	-0.5585	2.8559	
10.86	1.5844	-2.3183	0.9111	-0.4112	-0.4437	0.9909	
10.87	1.1344	-2.2513	0.9194	-0.7638	-0.2191	2.7198	
10.88	0.7328	-2.4843	1.0917	-0.5936	-0.0081	1.2093	
10.89	0.4435	-2.2136	0.9413	-0.2689	0.1552	2.4103	
10.9	0.0863	-2.2439	0.8927	0.117	0.236	1.5294	
10.91	-0.1964	-1.9966	0.8776	0.2139	0.2714	2.2228	
10.92	-0.4067	-1.792	0.7543	-0.1701	0.1565	1.842	
10.93	-0.6627	-1.5591	0.6788	-1.0512	-0.0343	1.7753	
10.94	-0.7045	-1.3317	0.6109	-1.8876	-0.3164	2.1043	
10.95	-0.8076	-1.1096	0.5252	-2.3366	-0.6921	1.4277	
10.96	-0.852	-0.9046	0.3875	-2.3692	-1.1489	2.7248	
10.97	-0.8054	-0.7933	0.2898	-1.7682	-1.4059	1.0547	
10.98	-0.6801	-0.6935	0.1662	-0.5267	-1.7644	2.7425	
10.99	-0.5091	-0.6063	0.0258	0.5107	-2.3637	0.8909	
11.0	-0.2869	-0.6101	-0.1111	1.0371	-2.4321	2.8323	
11.01	-0.0689	-0.6985	-0.2323	0.9127	-2.3871	0.8055	
11.02	0.2022	-0.7201	-0.363	0.3457	-2.3095	2.5812	
11.03	0.4565	-0.8273	-0.5223	-0.4874	-2.6776	0.8372	
11.04	0.6864	-0.9515	-0.6579	-1.088	-2.1364	2.6458	
11.05	1.0158	-1.099	-0.8021	-1.3085	-1.9866	1.0721	
11.06	1.2639	-1.2881	-0.8811	-1.15	-1.676	2.3804	
11.07	1.3859	-1.381	-0.9056	-0.6899	-1.3324	1.2337	
11.08	1.7565	-1.6572	-1.1203	-0.5226	-0.9394	1.8342	
11.09	2.0104	-1.9142	-1.0783	-0.7329	-0.6859	1.516	
11.1	2.0618	-1.9511	-1.2052	-1.2524	-0.5491	1.4032	
11.11	1.8524	-2.2698	-1.3285	-1.4745	-0.5139	1.5725	
11.12	1.9485	-2.6878	-1.2595	-1.5115	-0.5908	1.0621	
11.13	2.0851	-2.4146	-1.2961	-0.9618	-0.6957	1.9407	
11.14	1.7908	-2.8641	-1.4144	-0.1181	-0.8981	0.5943	
11.15	1.8036	-2.6439	-1.489	0.9173	-1.1503	1.8863	
11.16	1.761	-2.9015	-1.3744	1.424	-1.4701	0.3553	
11.17	1.5406	-2.8024	-1.3942	1.1666	-1.6303	2.0583	
11.18	1.3201	-2.3368	-1.3512	0.4759	-1.8427	0.1069	
11.19	1.2323	-2.3882	-1.2305	-0.6672	-1.6926	1.9518	
11.2	1.1962	-2.1593	-1.0389	-1.5467	-2.0247	0.0029	
11.21	0.9734	-2.2834	-1.0339	-2.2155	-1.6633	1.9258	
11.22	0.8817	-1.8372	-0.9177	-1.8238	-1.5924	0.0142	
11.23	0.701	-1.6712	-0.9628	-1.2316	-1.2792	1.3963	
11.24	0.6148	-1.37	-0.8538	-0.4821	-0.8157	0.1382	
11.25	0.6423	-1.3019	-0.6412	0.0602	-0.4426	1.0583	
11.26	0.6132	-1.1732	-0.5724	0.1265	-0.0672	0.2913	
11.27	0.5454	-0.9858	-0.5084	-0.1047	0.2587	0.656	
11.28	0.5649	-0.8141	-0.4303	-0.388	0.5247	0.4953	
11.29	0.6448	-0.6827	-0.2916	-0.4586	0.7893	0.1718	
11.3	0.6659	-0.6547	-0.2309	-0.0897	0.7679	0.7801	
11.31	0.7421	-0.6415	-0.1562	0.4411	0.7847	-0.2822	
11.32	0.8178	-0.7301	-0.0891	0.8271	0.6352	0.9341	
11.33	0.7715	-0.7023	-0.0216	0.8092	0.452	-0.6274	
11.34	0.9309	-0.9328	0.0241	0.1894	0.1764	1.0354	
11.35	0.854	-0.9412	0.0555	-0.8268	-0.1531	-0.9606	
11.36	0.8251	-1.2785	0.0788	-1.9478	-0.4976	1.0388	
11.37	0.9367	-1.3615	0.0817	-2.2012	-0.7823	-1.0787	
11.38	0.8232	-1.6429	0.0752	-2.1692	-0.9627	0.9462	
11.39	0.8243	-1.7792	0.0499	-1.231	-1.021	-0.9309	
11.4	0.7543	-1.7637	0.0173	0.0425	-1.0192	0.7342	
11.41	0.579	-2.1558	-0.0344	1.0743	-0.9456	-0.9138	
11.42	0.5075	-2.3616	-0.111	1.3136	-0.8229	0.3627	
11.43	0.4181	-2.5863	-0.1978	1.1767	-0.5644	-0.7139	
11.44	0.3077	-2.3224	-0.2637	0.441	-0.2799	0.0152	
11.45	0.1694	-2.467	-0.4072	-0.1959	-0.0133	-0.3399	
11.46	0.0728	-2.5644	-0.4881	-0.5932	0.1898	-0.3826	
11.47	-0.0097	-2.6496	-0.6561	-0.4895	0.3997	-0.0553	
11.48	-0.073	-2.346	-0.6645	-0.2204	0.4653	-0.7161	
11.49	-0.1178	-2.412	-0.9083	-0.0012	0.4183	0.2461	
11.5	-0.1236	-2.2695	-1.0469	-0.0759	0.231	-1.0599	
11.51	-0.0927	-1.8551	-1.0416	-0.5636	-0.0221	0.4749	
11.52	-0.0205	-1.8463	-1.1924	-1.1431	-0.3542	-1.3377	
11.53	0.0911	-1.6199	-1.2803	-1.467	-0.8088	0.6408	
11.54	0.2212	-1.2983	-1.5147	-1.2952	-1.1552	-1.2126	
11.55	0.403	-0.9526	-1.8332	-0.5461	-1.5266	0.7411	
11.56	0.64	-0.8915	-1.9513	0.5672	-1.892	-1.3074	
11.57	0.8241	-0.6444	-1.7317	1.5503	-2.1159	0.6266	
11.58	1.1522	-0.5463	-1.8208	1.9614	-2.2568	-1.0512	
11.59	1.2914	-0.3607	-1.9394	1.5967	-2.5956	0.5154	
11.6	1.5436	-0.3308	-2.1755	0.6611	-2.4051	-0.7711	
11.61	1.6435	-0.2816	-2.2051	-0.4315	-2.3282	0.2576	
11.62	2.0859	-0.2507	-2.1791	-1.2619	-1.9205	-0.4246	
11.63	2.0733	-0.2908	-2.4994	-1.3752	-1.6538	-0.0368	
11.64	2.3949	-0.4023	-2.1681	-1.255	-1.3099	0.0282	
11.65	2.2794	-0.4985	-2.4865	-0.5581	-1.0448	-0.2842	
11.66	2.0555	-0.6152	-2.3656	0.0699	-0.8287	0.4009	
11.67	2.3708	-0.9079	-2.231	0.3432	-0.7841	-0.4975	
11.68	1.9621	-1.0357	-2.1212	0.2054	-0.6433	0.8613	
11.69	2.0389	-1.2589	-1.992	-0.0724	-0.8129	-0.6643	
11.7	1.6479	-1.4803	-1.9185	-0.1913	-0.8669	1.0024	
11.71	1.4132	-1.6316	-1.9011	0.0283	-1.0433	-0.7924	
11.72	1.221	-1.7832	-2.0205	0.5742	-1.397	1.2816	
11.73	0.8958	-1.6612	-1.6929	1.226	-1.7834	-0.7167	
11.74	0.5253	-1.896	-1.6498	1.5201	-1.8299	1.4581	
11.75	0.1558	-2.0287	-1.5579	1.3413	-2.0968	-0.4704	
11.76	-0.1619	-2.1142	-1.3129	0.5314	-2.2827	1.4258	
11.77	-0.4815	-2.0138	-1.2471	-0.659	-2.2594	-0.1431	
11.78	-0.7395	-1.8941	-1.1926	-1.5558	-2.3482	1.0395	
11.79	-1.0867	-1.63	-0.9354	-1.7431	-2.045	0.2756	
11.8	-1.3133	-1.5641	-0.8621	-1.4194	-1.741	0.9283	
11.81	-1.2457	-1.3926	-0.7309	-0.4448	-1.2361	0.7011	
11.82	-1.5089	-1.1704	-0.7101	0.579	-0.7621	0.7495	
11.83	-1.3606	-1.0973	-0.5698	1.474	-0.4007	1.0454	
11.84	-1.2611	-0.7522	-0.4599	1.4662	0.0438	0.4837	
11.85	-1.1731	-0.5723	-0.4007	1.1973	0.4343	1.6771	
11.86	-1.0048	-0.3589	-0.3307	0.6288	0.7172	0.2381	
11.87	-0.8388	-0.1464	-0.2624	0.1653	0.7745	1.9276	
11.88	-0.5248	0.0202	-0.2036	0.0783	0.8416	0.1386	
11.89	-0.1936	0.1511	-0.1754	0.3061	0.9304	1.989	
11.9	0.1476	0.273	-0.1388	0.5477	0.7655	0.1481	
11.91	0.5422	0.335	-0.1273	0.6708	0.5674	2.2043	
11.92	0.946	0.2998	-0.1446	0.3263	0.3598	0.2332	
11.93	1.2364	0.2664	-0.1814	-0.3657	0.1236	2.2743	
11.94	1.4342	0.2341	-0.209	-0.9461	-0.0562	0.4455	
11.95	1.6684	0.1143	-0.2285	-1.3586	-0.1808	2.0617	
11.96	1.9086	-0.0263	-0.3377	-0.8104	-0.1787	0.7566	
11.97	2.3526	-0.1754	-0.4057	0.0557	-0.1235	1.5937	
11.98	2.3448	-0.3363	-0.4703	1.25	0.0487	1.1654	
11.99	2.3258	-0.5916	-0.5896	2.1398	0.294	1.2517	
12.0	2.1552	-0.8047	-0.613	2.3562	0.6538	1.5118	
12.01	2.4287	-0.8912	-0.6555	1.8775	1.0091	0.9594	
12.02	2.1581	-1.1187	-0.8139	0.9862	1.2803	1.8702	
12.03	1.8667	-1.1767	-0.8928	-0.0893	1.6041	0.7156	
12.04	1.5377	-1.278	-0.9552	-0.6684	1.772	2.2186	
12.05	1.4519	-1.426	-1.1206	-0.7322	2.2162	0.4825	
12.06	1.1734	-1.4475	-1.1774	-0.3471	2.3251	2.2407	
12.07	0.7121	-1.3508	-1.1983	0.1799	2.1278	0.2759	
12.08	0.426	-1.2424	-1.2383	0.5611	1.9339	2.3208	
12.09	0.1557	-1.2331	-1.3479	0.4665	1.6969	0.2431	
12.1	-0.1099	-0.9919	-1.4183	0.2555	1.3355	2.1821	
12.11	-0.3454	-0.9487	-1.4853	-0.0177	0.9724	0.2575	
12.12	-0.6093	-0.689	-1.551	0.0447	0.5855	2.0552	
12.13	-0.8015	-0.5012	-1.5267	0.5186	0.2541	0.4357	
12.14	-0.8898	-0.2773	-1.5849	1.3443	-0.0294	1.5526	
12.15	-1.0367	-0.0697	-1.4042	2.0074	-0.2247	0.5876	
12.16	-1.0398	0.1438	-1.5117	2.3843	-0.2965	1.2069	
12.17	-0.9285	0.3166	-1.4004	1.8186	-0.2415	0.866	
12.18	-0.8286	0.5584	-1.2319	0.7634	-0.1334	0.73	
12.19	-0.8415	0.6834	-1.2501	-0.3944	0.0516	1.154	
12.2	-0.6506	0.7141	-1.0365	-1.1732	0.3264	0.229	
12.21	-0.5201	0.8845	-0.9723	-1.2917	0.5428	1.3805	
12.22	-0.3064	0.7835	-0.8988	-0.8412	0.8493	-0.1233	
12.23	-0.1492	0.8578	-0.6439	0.2072	1.043	1.4796	
12.24	0.0201	0.6984	-0.5143	1.0986	1.1208	-0.4586	
12.25	0.2067	0.6072	-0.3686	1.5508	1.1085	1.3666	
12.26	0.3721	0.5628	-0.2452	1.6851	0.9545	-0.6894	
12.27	0.5199	0.338	-0.0713	1.204	0.8644	1.3788	
12.28	0.6164	0.1844	0.0867	0.797	0.5129	-0.7722	
12.29	0.6605	0.0008	0.2442	0.6673	0.1926	0.9716	
12.3	0.6895	-0.18	0.4198	0.8379	-0.191	-0.7114	
12.31	0.6705	-0.356	0.5615	1.2245	-0.5718	0.7324	
12.32	0.6882	-0.5703	0.6854	1.4245	-0.7755	-0.5068	
12.33	0.6372	-0.7721	0.9195	1.147	-0.9985	0.2564	
12.34	0.6651	-0.7728	1.0502	0.5612	-1.1915	-0.3308	
12.35	0.5858	-0.8923	1.0759	-0.2355	-1.1036	-0.2329	
12.36	0.519	-0.9347	1.1436	-0.8689	-0.9524	-0.1106	
12.37	0.3989	-0.9919	1.4473	-1.0367	-0.8818	-0.7358	
12.38	0.3016	-0.8717	1.3702	-0.4262	-0.5305	0.0819	
12.39	0.2287	-0.9225	1.4857	0.6311	-0.1794	-1.0873	
12.4	0.2026	-0.7749	1.4486	1.7938	0.2034	0.2452	
12.41	0.1591	-0.5709	1.7267	2.4092	0.5395	-1.3199	
12.42	0.1488	-0.4189	1.5111	2.6144	0.8495	0.296	
12.43	0.1526	-0.2065	1.7363	1.8688	1.1618	-1.5797	
12.44	0.1732	-0.011	1.6064	0.9853	1.3522	0.2585	
12.45	0.231	0.1938	1.5613	0.2031	1.3143	-1.8325	
12.46	0.2533	0.3943	1.7537	-0.1834	1.3586	0.1313	
12.47	0.3425	0.5899	1.4271	-0.0714	1.2356	-1.8296	
12.48	0.3866	0.847	1.4559	0.3686	0.9251	-0.1447	
12.49	0.536	0.8778	1.3286	0.7287	0.7416	-1.6854	
12.5	0.5759	1.018	1.2616	0.766	0.4512	-0.4512	
12.51	0.6548	1.1605	1.3839	0.5163	0.3397	-1.3716	
12.52	0.7362	1.0756	1.1769	0.1605	0.1789	-0.9293	
12.53	0.7234	1.0623	1.1451	0.0023	0.1508	-1.025	
12.54	0.6603	1.0609	0.9763	0.2689	0.2495	-1.2886	
12.55	0.7328	1.0091	1.0299	0.9472	0.3964	-0.7433	
12.56	0.5812	0.7487	0.8495	2.0634	0.6904	-1.5058	
12.57	0.5334	0.703	0.8393	2.67	1.054	-0.4235	
12.58	0.3544	0.4336	0.7496	2.5255	1.3579	-1.9181	
12.59	0.2138	0.2804	0.5618	2.1409	1.9385	-0.2129	
12.6	0.0157	0.0645	0.5379	0.9206	2.1089	-2.112	
12.61	-0.1901	-0.1468	0.5057	-0.2627	2.2802	-0.0809	
12.62	-0.3816	-0.3343	0.4723	-0.9159	2.9056	-2.2649	
12.63	-0.574	-0.519	0.4266	-0.8476	2.6103	-0.0761	
12.64	-0.7856	-0.6551	0.4332	-0.2209	2.786	-1.8677	
12.65	-0.957	-0.7836	0.4566	0.6704	2.8271	-0.1567	
12.66	-1.2968	-0.8506	0.3956	1.5568	2.5423	-1.615	
12.67	-1.2948	-0.78	0.4119	1.7566	2.4621	-0.3166	
12.68	-1.3365	-0.8929	0.5071	1.43	1.9711	-1.2789	
12.69	-1.389	-0.8748	0.5656	1.2613	1.6315	-0.6365	
12.7	-1.6304	-0.7631	0.6607	0.9489	1.3503	-0.9193	
12.71	-1.5388	-0.552	0.7597	0.9516	1.0293	-0.8277	
12.72	-1.3432	-0.3909	0.7182	1.3866	0.8502	-0.5388	
12.73	-1.2929	-0.2344	0.966	1.9321	0.8024	-1.1305	
12.74	-1.0802	-0.059	0.9274	1.9396	0.786	-0.1838	
12.75	-0.7074	0.1328	1.2317	1.5282	0.9508	-1.2746	
12.76	-0.5125	0.3719	1.2723	0.6183	1.015	0.1617	
12.77	-0.1853	0.5072	1.3609	-0.2855	1.3351	-1.4074	
12.78	0.1145	0.7595	1.644	-0.8583	1.7162	0.4319	
12.79	0.4518	0.8932	1.7477	-0.7542	1.7274	-1.3678	
12.8	0.6645	1.0024	1.6214	-0.0854	2.1018	0.6119	
12.81	1.0033	1.0195	1.9257	1.1138	2.2143	-1.3488	
12.82	1.1781	1.0914	2.1444	2.1717	1.87	0.578	
12.83	1.406	1.0284	2.3426	2.7648	1.8953	-1.0633	
12.84	1.5614	1.0125	2.3543	2.5516	1.6232	0.4835	
12.85	1.7116	0.9609	2.236	1.7502	1.2838	-0.7891	
12.86	1.5786	0.8323	2.6406	1.0843	0.9198	0.3639	
12.87	1.6823	0.6533	2.7148	0.466	0.5445	-0.3896	
12.88	1.7192	0.4419	2.7782	0.2783	0.0784	0.107	
12.89	1.6006	0.2202	2.704	0.5699	-0.3042	0.0664	
12.9	1.2438	-0.0072	2.6776	0.9422	-0.6483	-0.1542	
12.91	1.0416	-0.2152	2.7282	0.9238	-0.8183	0.5252	
12.92	0.6931	-0.442	2.7442	0.8236	-1.1273	-0.3884	
12.93	0.3324	-0.6254	2.566	0.3621	-1.1189	0.8079	
12.94	-0.0406	-0.8159	2.5668	-0.0435	-0.9937	-0.5759	
12.95	-0.4215	-0.8237	2.5437	-0.0637	-0.8644	1.1508	
12.96	-0.85	-0.9648	2.4664	0.4842	-0.5657	-0.5863	
12.97	-1.0656	-0.9899	2.5367	1.3487	-0.2762	1.4793	
12.98	-1.5311	-1.0052	2.3647	2.4205	-0.0349	-0.6208	
12.99	-1.8144	-0.957	2.4752	2.9081	0.1845	1.2841	
13.0	-1.7691	-1.0491	2.1563	2.8811	0.367	-0.4432	
13.01	-2.2028	-0.9086	2.0578	2.0795	0.3729	1.3393	
13.02	-2.073	-0.7639	1.901	0.7837	0.3477	-0.2163	
13.03	-2.3498	-0.6141	1.8697	-0.2247	0.2546	1.0799	
13.04	-2.0377	-0.4248	1.7253	-0.7466	0.0448	0.072	
13.05	-2.2512	-0.1984	1.7505	-0.4483	-0.25	0.837	
13.06	-1.9994	-0.0032	1.5404	0.2211	-0.5814	0.3952	
13.07	-1.8691	0.1764	1.2671	0.881	-0.8669	0.4659	
13.08	-1.4828	0.3514	1.1486	1.5407	-1.1887	0.7392	
13.09	-1.215	0.4909	1.0697	1.4258	-1.3372	0.1425	
13.1	-0.9611	0.6104	0.9973	1.1444	-1.3812	1.122	
13.11	-0.6726	0.6502	0.9184	0.9374	-1.4361	-0.1537	
13.12	-0.2972	0.7804	0.7589	0.8977	-1.3078	1.3023	
13.13	0.0027	0.6652	0.6849	1.3893	-0.9901	-0.4269	
13.14	0.2946	0.7279	0.6108	1.7297	-0.7916	1.3584	
13.15	0.494	0.65	0.5423	2.0291	-0.3536	-0.5055	
13.16	0.7354	0.4316	0.4306	2.336	0.0101	1.5426	
13.17	0.9292	0.3161	0.4046	1.5407	0.4066	-0.5996	
13.18	0.9662	0.1277	0.4127	0.4403	0.7787	1.1853	
13.19	1.0555	-0.0682	0.3779	-0.4825	0.9133	-0.4971	
13.2	1.1032	-0.2627	0.4397	-1.0637	1.1332	0.9298	
13.21	1.0196	-0.491	0.4527	-0.6986	1.1946	-0.3185	
13.22	0.9132	-0.6604	0.4765	0.1655	1.071	0.6562	
13.23	0.8077	-0.9227	0.535	1.3405	1.0253	-0.0989	
13.24	0.6028	-1.1379	0.5839	2.1966	0.766	0.2131	
13.25	0.4142	-1.3274	0.6462	2.8069	0.6002	0.1408	
13.26	0.2122	-1.2947	0.6626	2.2635	0.271	-0.252	
13.27	-0.0247	-1.3421	0.8472	1.6973	-0.0018	0.3778	
13.28	-0.2474	-1.3861	0.9476	0.8876	-0.2311	-0.6272	
13.29	-0.4425	-1.4274	1.0268	0.5903	-0.3632	0.581	
13.3	-0.6739	-1.4006	0.9836	0.6665	-0.4082	-0.9879	
13.31	-0.8175	-1.2298	1.152	0.923	-0.311	0.6955	
13.32	-0.973	-1.2771	1.2292	1.2548	-0.1755	-1.3665	
13.33	-1.0117	-0.9771	1.3659	1.1197	0.0549	0.5535	
13.34	-1.1649	-0.9002	1.3954	0.6006	0.3576	-1.6007	
13.35	-1.3265	-0.5986	1.4485	-0.0397	0.6501	0.4686	
13.36	-1.2943	-0.4422	1.4865	-0.3683	0.893	-1.3579	
13.37	-1.2182	-0.2559	1.7242	-0.2419	1.0361	0.1526	
13.38	-1.0774	-0.0822	1.6485	0.5511	1.3069	-1.4443	
13.39	-1.1744	0.0724	1.8399	1.4583	1.3707	-0.2376	
13.4	-1.0803	0.1925	1.6325	2.3394	1.3508	-1.1853	
13.41	-0.8533	0.2738	1.89	3.0283	1.037	-0.7259	
13.42	-0.8719	0.3747	1.6615	2.7781	0.732	-1.1273	
13.43	-0.7922	0.3354	1.7379	1.6711	0.4594	-1.1507	
13.44	-0.7293	0.3426	1.7753	0.5811	0.0258	-0.8273	
13.45	-0.704	0.2622	1.7382	-0.3202	-0.3981	-1.5544	
13.46	-0.5671	0.1427	1.4675	-0.5812	-0.791	-0.5751	
13.47	-0.5308	0.0142	1.4585	-0.2075	-1.0652	-2.104	
13.48	-0.5922	-0.1475	1.4397	0.3842	-1.5224	-0.5257	
13.49	-0.5469	-0.3846	1.2435	0.9316	-1.6199	-2.4684	
13.5	-0.6784	-0.5524	1.2762	1.2969	-1.7889	-0.439	
13.51	-0.6296	-0.7608	1.0603	1.039	-1.7536	-2.4628	
13.52	-0.7766	-0.9721	0.9347	0.7709	-1.3939	-0.5518	
13.53	-0.8168	-1.1177	0.7857	0.6375	-1.4305	-2.6639	
13.54	-0.8357	-1.4977	0.6051	0.7895	-1.1314	-0.7492	
13.55	-0.941	-1.6463	0.4985	1.4885	-0.8753	-2.5222	
13.56	-0.9336	-1.5246	0.362	2.2339	-0.7514	-0.9787	
13.57	-1.1148	-1.7778	0.2521	2.2763	-0.5875	-2.1605	
13.58	-1.1484	-1.8205	0.087	2.1477	-0.5154	-1.2148	
13.59	-0.9994	-1.7511	-0.0504	1.2266	-0.5874	-1.9094	
13.6	-1.0044	-1.5871	-0.1754	0.086	-0.7815	-1.6648	
13.61	-1.0405	-1.5423	-0.3034	-0.8069	-1.1209	-1.617	
13.62	-0.8412	-1.4043	-0.3866	-1.159	-1.3666	-2.2016	
13.63	-0.7457	-1.4429	-0.5143	-0.7737	-1.6002	-1.2803	
13.64	-0.5908	-1.1187	-0.6231	0.2073	-2.2219	-2.1835	
13.65	-0.5133	-1.0757	-0.7121	1.2168	-2.4864	-1.1335	
13.66	-0.3112	-0.7902	-0.7861	2.0886	-2.7991	-2.616	
13.67	-0.1421	-0.5704	-0.7501	2.11	-3.0715	-0.8903	
13.68	0.0391	-0.4245	-0.9151	1.7365	-3.2247	-2.6666	
13.69	0.2008	-0.213	-0.794	1.2053	-2.8482	-0.7528	
13.7	0.2974	-0.0728	-0.9034	0.7668	-2.5011	-2.694	
13.71	0.4291	0.0472	-0.7953	0.5719	-2.629	-0.7636	
13.72	0.533	0.129	-0.7907	0.8605	-2.2578	-2.3358	
13.73	0.5691	0.1589	-0.7465	1.0214	-1.9124	-0.9062	
13.74	0.4893	0.1534	-0.8062	1.2602	-1.4228	-2.3295	
13.75	0.4446	0.1095	-0.6845	0.8231	-1.1542	-0.9869	
13.76	0.3344	0.0314	-0.5586	0.0669	-0.7798	-2.0905	
13.77	0.1742	-0.0952	-0.47	-0.5518	-0.5521	-1.3094	
13.78	-0.0252	-0.2509	-0.4392	-0.8931	-0.4747	-1.4703	
13.79	-0.2438	-0.4001	-0.3214	-0.4855	-0.5103	-1.5209	
13.8	-0.548	-0.6344	-0.1711	0.4115	-0.5466	-1.0982	
13.81	-0.9023	-0.7409	-0.0694	1.5434	-0.6836	-1.7396	
13.82	-1.0855	-1.1187	0.0492	2.4793	-1.0409	-0.6472	
13.83	-1.5161	-1.2488	0.1491	2.75	-1.2381	-1.9256	
13.84	-1.6279	-1.4952	0.2928	2.0443	-1.4669	-0.3399	
13.85	-1.9331	-1.4542	0.3642	1.1462	-1.7128	-2.076	
13.86	-2.3291	-1.7599	0.5289	0.1779	-1.7851	-0.1211	
13.87	-2.4645	-1.7655	0.5527	-0.4593	-1.6796	-1.9	
13.88	-2.549	-1.9011	0.6452	-0.5645	-1.4434	-0.0086	
13.89	-2.8588	-1.8663	0.8236	-0.1378	-1.2234	-2.0057	
13.9	-2.5134	-1.5883	0.751	0.3864	-1.0381	-0.0081	
13.91	-2.574	-1.7113	0.9139	0.6652	-0.558	-1.5233	
13.92	-2.6321	-1.4052	0.8492	0.6535	-0.1706	-0.1199	
13.93	-2.5358	-1.3783	0.889	0.3586	0.2291	-1.1682	
13.94	-2.2188	-1.3198	0.9185	0.0762	0.5231	-0.3115	
13.95	-1.8067	-1.0334	0.9951	0.1519	0.765	-0.7735	
13.96	-1.6118	-0.7696	0.9725	0.6065	0.9394	-0.5456	
13.97	-1.1842	-0.5682	0.9369	1.491	1.0542	-0.358	
13.98	-0.8719	-0.3859	0.7951	2.0461	1.0725	-0.7657	
13.99	-0.5304	-0.1589	0.7845	2.2418	0.8659	0.0709	
14.0	-0.2003	-0.0045	0.8022	1.7701	0.6388	-1.0043	
14.01	0.1533	0.1459	0.7164	0.6815	0.3455	0.3993	
14.02	0.4255	0.226	0.5365	-0.3992	0.0127	-1.0806	
14.03	0.6488	0.3154	0.5188	-1.2766	-0.2792	0.6293	
14.04	0.9698	0.3237	0.418	-1.493	-0.6236	-1.2286	
14.05	0.964	0.2871	0.2969	-0.9011	-0.815	0.7721	
14.06	1.0196	0.2335	0.1936	0.1188	-0.8456	-1.0193	
14.07	1.1407	0.1501	0.0727	1.0239	-0.9417	0.8541	
14.08	0.9567	0.0305	-0.0331	1.6442	-0.753	-0.8974	
14.09	0.9916	-0.1369	-0.1358	1.4169	-0.6426	0.7829	
14.1	0.6953	-0.3329	-0.262	1.0096	-0.4219	-0.6799	
14.11	0.5353	-0.4573	-0.3498	0.6284	-0.1895	0.4929	
14.12	0.2222	-0.6839	-0.4323	0.4197	0.0765	-0.3574	
14.13	-0.1101	-0.8128	-0.4556	0.5968	0.2926	0.2054	
14.14	-0.4485	-1.1038	-0.6187	0.8864	0.4717	0.028	
14.15	-0.7172	-1.1027	-0.6772	1.1302	0.5443	-0.1459	
14.16	-1.1374	-1.2287	-0.6708	0.9886	0.5189	0.3962	
14.17	-1.5777	-1.3384	-0.6962	0.2442	0.3527	-0.4848	
14.18	-1.6838	-1.5748	-0.6869	-0.5427	0.0825	0.6566	
14.19	-1.9043	-1.3158	-0.7329	-1.1878	-0.2526	-0.6778	
14.2	-2.2789	-1.48	-0.6393	-1.3965	-0.5862	0.9136	
14.21	-2.4397	-1.3321	-0.7342	-0.7833	-1.0199	-0.9243	
14.22	-2.4555	-1.1618	-0.6657	0.2618	-1.4819	1.0477	
14.23	-2.63	-0.9473	-0.6077	1.5306	-1.7069	-1.1089	
14.24	-2.3959	-0.9093	-0.5122	2.2695	-2.0472	0.9971	
14.25	-2.6467	-0.6394	-0.3995	1.9837	-1.9223	-0.9807	
14.26	-2.229	-0.4037	-0.3191	1.6353	-2.1407	0.7884	
14.27	-2.219	-0.186	-0.1906	0.6104	-2.1423	-0.8701	
14.28	-1.9882	0.0252	-0.0744	-0.2903	-1.9091	0.4641	
14.29	-1.7353	0.2172	0.0567	-0.676	-1.4232	-0.7836	
14.3	-1.497	0.4703	0.2037	-0.5859	-1.1152	0.0596	
14.31	-1.2864	0.5737	0.3038	-0.1576	-0.947	-0.4434	
14.32	-1.1374	0.7124	0.4614	0.1784	-0.5262	-0.4077	
14.33	-0.8638	0.7673	0.5669	0.2274	-0.3054	-0.2175	
14.34	-0.6878	0.8139	0.7544	-0.0766	-0.1269	-0.7656	
14.35	-0.4619	0.9314	0.9056	-0.4242	-0.0377	0.0051	
14.36	-0.2791	0.7704	1.1231	-0.5775	-0.0538	-1.3345	
14.37	-0.1928	0.7241	1.2983	-0.3369	-0.1564	0.162	
14.38	-0.0924	0.6366	1.398	0.4273	-0.3386	-1.4258	
14.39	-0.0493	0.4701	1.4142	1.3237	-0.5506	0.2313	
14.4	-0.0411	0.3861	1.4422	2.0858	-0.7444	-1.883	
14.41	-0.0753	0.17	1.5681	1.7832	-1.1357	0.1615	
14.42	-0.1303	0.0013	1.7788	1.1533	-1.2819	-1.7835	
14.43	-0.1979	-0.1606	1.65	0.107	-1.2607	-0.0385	
14.44	-0.3432	-0.3136	1.6407	-1.0461	-1.2145	-1.9897	
14.45	-0.4183	-0.4933	1.891	-1.6347	-1.0516	-0.3232	
14.46	-0.5469	-0.6223	1.9956	-1.6298	-0.9407	-1.8332	
14.47	-0.623	-0.7739	1.8472	-0.9714	-0.5958	-0.7969	
14.48	-0.7941	-0.8101	1.9904	-0.1111	-0.2245	-1.5313	
14.49	-0.9918	-0.7776	2.0199	0.5857	0.2538	-1.0847	
14.5	-1.0197	-0.7028	1.6989	0.8942	0.634	-1.4492	
14.51	-1.0746	-0.6488	1.8112	0.6656	1.1359	-1.6004	
14.52	-1.1152	-0.5211	1.7178	0.3059	1.3263	-1.0976	
14.53	-1.1851	-0.3795	1.4579	0.0234	1.5753	-2.1772	
14.54	-1.0306	-0.2241	1.4312	0.098	1.7338	-0.8791	
14.55	-1.1423	0.0031	1.4754	0.4328	1.7283	-2.4921	
14.56	-0.9782	0.2212	1.3746	0.9266	2.0328	-0.8553	
14.57	-0.9957	0.4811	1.1276	0.8941	1.6324	-2.4855	
14.58	-0.893	0.6511	1.125	0.487	1.5051	-0.7113	
14.59	-0.8606	0.9824	0.9443	-0.3427	1.357	-2.5397	
14.6	-0.8814	1.1382	0.9246	-1.3228	0.917	-0.7781	
14.61	-0.8068	1.2554	0.7502	-2.0764	0.8414	-2.7587	
14.62	-0.759	1.3303	0.7109	-1.8048	0.6267	-0.9441	
14.63	-0.8261	1.4793	0.639	-1.191	0.5973	-2.4146	
14.64	-0.8072	1.7431	0.5532	0.026	0.6002	-1.3299	
14.65	-0.7533	1.7199	0.4699	0.9824	0.7901	-2.29	
14.66	-0.9007	1.7958	0.3777	1.6038	0.9705	-1.5925	
14.67	-0.9915	1.735	0.3652	1.439	1.4126	-2.3013	
14.68	-1.0239	1.5985	0.2953	0.8041	1.667	-2.1257	
14.69	-1.1256	1.3807	0.2781	-0.0668	1.755	-1.6101	
14.7	-1.4798	1.3104	0.255	-0.669	2.3571	-2.1797	
14.71	-1.5679	0.9671	0.234	-0.8396	2.4682	-1.5526	
14.72	-1.6589	0.9304	0.2534	-0.6637	2.4158	-2.7111	
14.73	-1.8743	0.6846	0.2914	-0.3013	2.5317	-1.1313	
14.74	-1.7883	0.4757	0.3072	-0.1517	2.3543	-2.841	
14.75	-2.0624	0.3372	0.3469	-0.405	2.4175	-0.9511	
14.76	-1.8654	0.2143	0.422	-0.9488	2.0483	-2.6806	
14.77	-1.9715	0.1382	0.4949	-1.3323	1.5946	-0.9677	
14.78	-2.2194	0.0702	0.5662	-1.435	1.1583	-2.6114	
14.79	-1.9649	0.0376	0.7224	-0.8311	0.8282	-1.0153	
14.8	-1.9126	0.0585	0.8373	0.1749	0.4503	-2.4801	
14.81	-1.5686	0.1199	0.9999	1.0701	0.1473	-1.0303	
14.82	-1.6355	0.2169	1.0905	1.7126	-0.063	-2.3205	
14.83	-1.4503	0.39	1.1223	1.4209	-0.1347	-1.2421	
14.84	-1.1086	0.5617	1.2465	0.6595	-0.1377	-2.1163	
14.85	-0.8972	0.725	1.3669	-0.6045	-0.0194	-1.57	
14.86	-0.573	0.8602	1.4997	-1.6571	0.16	-1.62	
14.87	-0.3008	1.1502	1.4611	-1.9977	0.407	-1.928	
14.88	-0.0451	1.3363	1.6863	-1.7251	0.6888	-1.0944	
14.89	0.1858	1.7759	1.7687	-1.0364	0.8747	-2.0026	
14.9	0.3771	1.7628	1.964	-0.3904	1.1246	-0.6592	
14.91	0.5236	2.1538	1.8912	0.0657	1.2097	-1.9169	
14.92	0.6469	1.982	2.0026	0.0996	1.1759	-0.334	
14.93	0.6914	2.1677	2.238	-0.2008	1.1909	-2.3044	
14.94	0.7765	2.2341	1.9864	-0.4309	0.9295	-0.1251	
14.95	0.6443	2.3228	2.3175	-0.4887	0.5731	-2.1805	
14.96	0.5257	2.4002	2.0955	-0.1401	0.2932	-0.0399	
14.97	0.3647	2.373	2.269	0.3655	-0.0414	-1.9799	
14.98	0.152	2.4581	1.9781	0.7732	-0.4061	-0.0582	
14.99	-0.1139	2.1261	2.0975	0.732	-0.6062	-1.6147	
15.0	-0.4209	2.0731	1.9784	0.0086	-0.8892	-0.1854	
15.01	-0.7125	1.7209	1.7116	-0.9395	-0.8788	-1.1062	
15.02	-1.1655	1.6281	1.7783	-1.8155	-1.0353	-0.3962	
15.03	-1.3342	1.4147	1.826	-2.6152	-0.7605	-0.7047	
15.04	-1.8153	1.2249	1.4665	-2.0953	-0.5715	-0.6262	
15.05	-2.1392	1.1226	1.3053	-1.3458	-0.2627	-0.2206	
15.06	-2.5658	0.8953	1.3577	-0.207	0.0955	-0.763	
15.07	-2.821	0.829	1.2411	0.7298	0.5134	0.2136	
15.08	-2.9012	0.8411	1.0418	1.1244	0.8496	-1.103	
15.09	-2.7789	0.6624	0.8669	0.7365	1.2452	0.5556	
15.1	-2.7893	0.7495	0.6472	0.0712	1.3012	-1.0617	
15.11	-3.058	0.6772	0.5742	-0.6258	1.5029	0.7344	
15.12	-2.7807	0.8034	0.3882	-1.0365	1.6166	-1.1586	
15.13	-2.8204	0.9588	0.2746	-0.8494	1.574	0.9596	
15.14	-2.4976	1.1489	0.1201	-0.5528	1.3572	-0.9492	
15.15	-2.1459	1.3102	0.0019	-0.3829	1.0735	0.8721	
15.16	-1.8885	1.5219	-0.1108	-0.5998	1.0184	-0.7295	
15.17	-1.5476	1.7076	-0.2169	-1.0237	0.6785	0.7896	
15.18	-1.2478	1.9976	-0.3388	-1.6114	0.4917	-0.4991	
15.19	-0.9952	2.2732	-0.4405	-1.9803	0.3718	0.4578	
15.2	-0.6166	2.3735	-0.5023	-2.0058	0.3165	-0.1398	
15.21	-0.2389	2.5614	-0.5245	-1.0742	0.3294	0.2005	
15.22	0.0795	2.6591	-0.5781	-0.0011	0.5207	0.2234	
15.23	0.3074	2.9034	-0.6492	0.8607	0.6894	-0.1317	
15.24	0.5476	2.6301	-0.6758	1.4112	1.1683	0.5949	
15.25	0.7057	3.1247	-0.6198	0.8819	1.3759	-0.4454	
15.26	0.7576	2.9181	-0.6208	0.0143	1.7458	0.7931	
