0.01	0.4663	0.4963	0.2407	0.3129	0.1734	
0.02	0.7836	0.9282	0.5393	0.6555	0.3168	
0.03	1.0753	1.1155	0.6751	0.9706	0.4682	
0.04	1.1515	1.4172	0.8754	1.092	0.5918	
0.05	0.8912	1.6507	1.0886	1.406	0.8435	
0.06	0.5783	1.5347	1.3807	1.4967	1.0153	
0.07	0.1962	1.3971	1.3046	1.8625	0.9748	
0.08	-0.182	1.0978	1.438	1.8472	1.2176	
0.09	-0.5039	0.896	1.4057	1.6975	1.2651	
0.1	-0.6783	0.7381	1.3396	1.944	1.4307	
0.11	-0.7447	0.4359	1.4249	1.7098	1.4205	
0.12	-0.451	0.2857	1.2721	1.6374	1.4757	
0.13	-0.0999	0.2423	1.27	1.6055	1.4466	
0.14	0.3675	0.2777	1.0873	1.5696	1.4067	
0.15	0.796	0.4179	0.8381	1.498	1.4292	
0.16	1.2446	0.6351	0.7865	1.2925	1.1771	
0.17	1.5348	1.0451	0.6157	0.9447	1.2133	
0.18	1.5252	1.2592	0.4686	0.7899	1.064	
0.19	1.2818	1.677	0.3348	0.5784	1.0866	
0.2	0.9748	1.9946	0.2607	0.3127	0.8804	
0.21	0.594	2.0537	0.1869	0.134	0.9434	
0.22	0.2017	2.234	0.1618	-0.0358	0.7215	
0.23	-0.1351	2.0649	0.1884	-0.1827	0.6244	
0.24	-0.3457	1.9349	0.2483	-0.2911	0.5394	
0.25	-0.3377	1.4498	0.2868	-0.4385	0.4208	
0.26	-0.1422	1.1947	0.46	-0.514	0.3185	
0.27	0.2322	0.8297	0.6653	-0.5363	0.2261	
0.28	0.6494	0.3605	0.8267	-0.5524	0.1612	
0.29	1.1697	-0.0447	1.0657	-0.4963	0.1009	
0.3	1.5072	-0.3699	1.2585	-0.4277	0.0441	
0.31	1.7989	-0.494	1.3483	-0.3447	0.0117	
0.32	1.8981	-0.5991	1.6285	-0.2701	-0.0044	
0.33	1.7534	-0.545	1.9661	-0.1697	-0.003	
0.34	1.2847	-0.4168	1.9415	-0.0749	0.018	
0.35	0.9816	-0.189	2.465	0.0234	0.0568	
0.36	0.6386	0.0852	2.4573	0.1101	0.1166	
0.37	0.2087	0.39	2.686	0.1871	0.1726	
0.38	0.0214	0.5617	2.9288	0.2747	0.2641	
0.39	-0.0017	0.7899	2.7314	0.299	0.3671	
0.4	0.1742	0.8701	2.6079	0.3098	0.532	
0.41	0.4817	0.7267	2.5218	0.2987	0.6421	
0.42	1.0294	0.5491	2.7518	0.2875	0.7695	
0.43	1.5226	0.315	2.5559	0.2187	0.8707	
0.44	1.9532	0.0114	2.2631	0.1664	1.09	
0.45	2.1229	-0.3149	1.9621	0.0701	1.2091	
0.46	2.1401	-0.7017	1.788	-0.0476	1.4623	
0.47	2.0325	-0.9677	1.8255	-0.1759	1.6203	
0.48	1.6662	-1.1318	1.6511	-0.2812	1.6271	
0.49	1.262	-1.0276	1.3725	-0.4512	1.9112	
0.5	0.832	-1.1116	1.1656	-0.5112	1.953	
0.51	0.566	-0.9152	1.1426	-0.6871	2.2655	
0.52	0.2791	-0.4825	0.9462	-0.7163	2.4282	
0.53	0.2758	-0.1326	0.9254	-0.7585	2.4942	
0.54	0.3946	0.2782	0.8244	-0.8626	2.5258	
0.55	0.7337	0.7164	0.9412	-0.852	2.3937	
0.56	1.0733	1.0631	0.9071	-0.757	2.45	
0.57	1.7308	1.308	0.9854	-0.6609	2.7426	
0.58	2.159	1.7169	1.2054	-0.5946	2.3265	
0.59	2.3662	1.7013	1.3217	-0.4002	2.4573	
0.6	2.5747	1.8365	1.3527	-0.272	2.4242	
0.61	2.2614	1.4232	1.6725	-0.0402	2.4093	
0.62	1.8204	1.3592	1.9195	0.2059	2.2189	
0.63	1.6152	1.0658	1.9689	0.409	2.3294	
0.64	1.0386	0.9337	2.3137	0.6853	2.2269	
0.65	0.7005	0.6932	2.2136	1.0254	1.8783	
0.66	0.5108	0.5446	2.4076	1.2057	1.8266	
0.67	0.4141	0.6225	2.6976	1.4818	1.6116	
0.68	0.5435	0.724	2.7576	1.93	1.6583	
0.69	0.8799	0.9539	2.9314	2.0542	1.3928	
0.7	1.3913	1.1465	2.7588	2.0422	1.226	
0.71	1.6371	1.6357	2.7874	2.1119	1.1251	
0.72	2.0559	1.8511	2.6233	2.5138	1.225	
0.73	2.3932	2.4873	2.4981	2.256	1.0606	
0.74	2.4802	2.729	2.1073	2.3829	0.9353	
0.75	2.509	2.7489	2.0506	2.6436	0.9357	
0.76	2.0865	2.9227	2.0334	2.3912	0.8838	
0.77	1.7006	2.7163	1.6856	2.0304	0.7009	
0.78	1.3795	2.762	1.5619	2.2422	0.7978	
0.79	0.9632	2.4176	1.1392	1.8963	0.7386	
0.8	0.581	2.2387	0.9317	1.5529	0.7652	
0.81	0.5784	1.7658	0.7991	1.4121	0.7945	
0.82	0.6587	1.278	0.5541	1.161	0.8936	
0.83	0.9217	1.0558	0.4544	0.7367	0.8631	
0.84	1.3628	0.7659	0.3495	0.4953	1.0987	
0.85	1.7085	0.4935	0.2725	0.2562	1.0414	
0.86	1.9699	0.5208	0.2285	0.0015	1.326	
0.87	2.3027	0.5965	0.1935	-0.2243	1.4187	
0.88	2.801	0.6774	0.2371	-0.3943	1.3958	
0.89	2.6943	0.9931	0.3078	-0.6269	1.581	
0.9	2.2006	1.1345	0.4511	-0.7994	1.9053	
0.91	1.6916	1.3973	0.5768	-0.8745	2.0321	
0.92	1.3974	1.5985	0.7029	-0.9005	2.2155	
0.93	0.9653	1.4929	0.8446	-0.8637	2.0289	
0.94	0.6111	1.4797	1.0825	-0.8606	2.4051	
0.95	0.5539	1.357	1.1755	-0.8504	2.1623	
0.96	0.6215	1.1175	1.2036	-0.7225	2.374	
0.97	0.8625	0.8557	1.4372	-0.56	2.671	
0.98	1.251	0.4806	1.4021	-0.387	2.9013	
0.99	1.6946	0.0565	1.4308	-0.2643	2.9095	
1.0	2.301	-0.3525	1.7078	-0.0872	2.9943	
1.01	2.1876	-0.6592	1.555	0.0878	2.5398	
1.02	2.7423	-0.8428	1.5442	0.2438	2.4794	
1.03	2.5462	-1.0934	1.4259	0.4283	2.8996	
1.04	2.0372	-0.9689	1.3788	0.5856	2.6323	
1.05	1.8314	-0.8246	1.095	0.7409	2.3349	
1.06	1.3772	-0.5346	0.8315	0.7269	2.3103	
1.07	0.9439	-0.2651	0.6081	0.818	2.2003	
1.08	0.5585	0.1006	0.3988	0.8466	2.2498	
1.09	0.4696	0.5	0.169	1.0315	2.37	
1.1	0.5107	0.7905	-0.0765	0.9848	1.9589	
1.11	0.7672	1.0568	-0.2878	0.9656	1.7442	
1.12	1.0542	1.1382	-0.5627	0.9347	1.6607	
1.13	1.4708	1.18	-0.6654	0.8001	1.5136	
1.14	1.9978	1.0452	-0.8003	0.7116	1.3724	
1.15	2.3974	0.768	-0.9201	0.6605	1.3557	
1.16	2.246	0.603	-1.028	0.6452	1.1731	
1.17	2.3997	0.2993	-1.2153	0.5542	0.968	
1.18	2.1671	0.0828	-1.0919	0.4487	0.9454	
1.19	1.7654	-0.1074	-1.0582	0.4517	0.8218	
1.2	1.2444	-0.1839	-1.1418	0.3826	0.626	
1.21	0.7442	-0.1382	-1.0198	0.4032	0.6601	
1.22	0.4627	-0.0016	-0.8805	0.4552	0.597	
1.23	0.3183	0.2426	-0.6037	0.4688	0.5141	
1.24	0.4057	0.665	-0.5234	0.5706	0.4468	
1.25	0.6293	1.0512	-0.3333	0.6976	0.5084	
1.26	0.9283	1.5077	-0.1554	0.7664	0.4971	
1.27	1.3892	1.6994	-0.0223	0.8606	0.5462	
1.28	1.6541	2.0159	0.1045	1.0592	0.5654	
1.29	1.9347	2.5845	0.198	1.1831	0.6947	
1.3	2.3308	2.2977	0.2726	1.3514	0.7498	
1.31	2.0966	2.595	0.3265	1.5917	0.8675	
1.32	2.0788	2.3206	0.3179	1.9575	0.9948	
1.33	1.633	1.9882	0.2483	2.0599	1.0775	
1.34	1.0378	1.7779	0.1802	2.3488	1.1513	
1.35	0.7024	1.4407	0.06	2.3611	1.3047	
1.36	0.2918	1.0436	-0.0837	2.5806	1.2522	
1.37	0.1571	0.8567	-0.2748	2.2337	1.4464	
1.38	0.1554	0.6431	-0.4904	2.5609	1.6975	
1.39	0.3868	0.4963	-0.682	2.2355	1.8191	
1.4	0.6728	0.5133	-0.9601	2.4151	1.969	
1.41	1.1407	0.6224	-1.184	2.3933	2.0694	
1.42	1.5373	0.7843	-1.319	1.8646	1.9047	
1.43	1.7391	0.9791	-1.5745	1.9592	2.1788	
1.44	2.1904	1.4325	-1.7083	1.4858	1.8483	
1.45	2.122	1.683	-1.8259	1.3194	2.014	
1.46	1.5999	1.7666	-2.0644	1.1294	2.0184	
1.47	1.3557	1.8448	-2.2068	0.7574	2.1746	
1.48	0.9835	1.6525	-2.1205	0.5257	1.8306	
1.49	0.4669	1.4063	-1.9968	0.2337	1.8845	
1.5	0.1009	1.2405	-1.8769	-0.0428	1.6774	
1.51	-0.0877	0.8322	-1.7885	-0.3204	1.7954	
1.52	-0.0827	0.3273	-1.788	-0.5339	1.4919	
1.53	0.1194	-0.1042	-1.454	-0.7156	1.4845	
1.54	0.4812	-0.5289	-1.5152	-0.9092	1.2989	
1.55	0.8211	-0.8607	-1.234	-1.0486	1.2083	
1.56	1.3703	-1.2828	-1.0349	-1.1166	1.062	
1.57	1.5126	-1.3065	-0.8382	-1.102	0.8921	
1.58	1.865	-1.4801	-0.6031	-1.0618	0.776	
1.59	1.7174	-1.1932	-0.458	-0.9627	0.5755	
1.6	1.4682	-1.0848	-0.3322	-0.8531	0.4195	
1.61	1.2548	-0.7849	-0.2355	-0.6541	0.2979	
1.62	0.6511	-0.4827	-0.1317	-0.5039	0.1476	
1.63	0.2623	-0.2635	-0.1139	-0.2516	0.021	
1.64	-0.1163	-0.0333	-0.1235	-0.0403	-0.0921	
1.65	-0.3149	0.0984	-0.1735	0.1975	-0.2225	
1.66	-0.3322	0.1142	-0.2682	0.4777	-0.2671	
1.67	-0.1404	0.0164	-0.3633	0.6644	-0.3245	
1.68	0.172	-0.1671	-0.4912	0.9406	-0.3735	
1.69	0.5337	-0.466	-0.6139	1.2124	-0.4764	
1.7	1.0256	-0.7076	-0.8406	1.3532	-0.4385	
1.71	1.212	-1.1164	-0.9662	1.5488	-0.4733	
1.72	1.5502	-1.462	-1.3611	1.9116	-0.4439	
1.73	1.359	-1.5479	-1.4008	1.8241	-0.4064	
1.74	1.2263	-1.5574	-1.6048	1.99	-0.3438	
1.75	0.9886	-1.6273	-1.7885	1.8053	-0.2315	
1.76	0.4779	-1.5598	-1.6746	2.0637	-0.158	
1.77	0.0464	-1.1874	-1.7743	1.8168	-0.0538	
1.78	-0.3072	-0.8619	-1.9308	2.0763	0.055	
1.79	-0.5851	-0.426	-2.07	1.7634	0.1763	
1.8	-0.5891	0.0156	-1.7765	1.6328	0.3148	
1.81	-0.4109	0.3868	-1.718	1.6883	0.4444	
1.82	-0.0819	0.8076	-1.5351	1.6439	0.5688	
1.83	0.362	1.071	-1.6413	1.3211	0.5828	
1.84	0.6862	1.0294	-1.4377	1.2713	0.7273	
1.85	1.1313	1.1297	-1.0526	1.3038	0.9165	
1.86	1.236	0.9295	-0.9831	1.1678	0.8694	
1.87	1.1985	0.7793	-0.7531	1.1048	0.9556	
1.88	1.0047	0.4436	-0.5329	1.0737	1.0011	
1.89	0.7458	0.1941	-0.2849	0.9555	1.0024	
1.9	0.3453	-0.0848	-0.0847	0.9223	1.1686	
1.91	-0.109	-0.3164	0.0741	1.0454	1.1213	
1.92	-0.5196	-0.403	0.1988	0.9814	1.1707	
1.93	-0.7472	-0.4087	0.2708	1.1013	1.1298	
1.94	-0.7748	-0.3035	0.3209	1.1501	0.9715	
1.95	-0.6324	-0.1194	0.3402	1.1664	0.968	
1.96	-0.3159	0.1785	0.3469	1.294	0.7795	
1.97	0.1074	0.451	0.2631	1.3676	0.6956	
1.98	0.5798	0.7231	0.1863	1.5532	0.6551	
1.99	0.931	0.9821	0.0476	1.84	0.4496	
2.0	1.1803	1.207	-0.0995	1.7675	0.3531	
2.01	1.1894	1.3401	-0.2854	1.6535	0.1917	
2.02	0.9275	1.2325	-0.4735	1.7205	0.0278	
2.03	0.6737	1.0537	-0.5757	1.8471	-0.1253	
2.04	0.2073	0.7996	-0.7973	1.946	-0.2781	
2.05	-0.2548	0.4505	-0.9061	1.59	-0.4365	
2.06	-0.5902	-0.023	-1.1069	1.4798	-0.6328	
2.07	-0.886	-0.5157	-1.1804	1.4379	-0.6896	
2.08	-0.9011	-0.9505	-1.359	1.433	-0.9122	
2.09	-0.7414	-1.2503	-1.3652	1.1947	-0.9415	
2.1	-0.4525	-1.3633	-1.3201	0.9817	-1.1088	
2.11	-0.0537	-1.4931	-1.177	0.6904	-1.0825	
2.12	0.3696	-1.5157	-1.1423	0.4753	-1.1693	
2.13	0.8035	-1.6902	-1.139	0.2459	-1.29	
2.14	1.0315	-1.4731	-0.8653	0.0179	-1.2794	
2.15	1.0526	-1.087	-0.7155	-0.2203	-1.1836	
2.16	0.9692	-0.9483	-0.5168	-0.3858	-1.1578	
2.17	0.5817	-0.6884	-0.2644	-0.6208	-1.2962	
2.18	0.1455	-0.618	-0.0597	-0.7177	-1.2422	
2.19	-0.2997	-0.4689	0.1397	-0.7625	-1.0482	
2.2	-0.7033	-0.6232	0.3373	-0.8657	-0.9871	
2.21	-0.9242	-0.7686	0.5905	-0.9469	-0.9307	
2.22	-1.0293	-1.1041	0.7014	-0.8129	-0.8104	
2.23	-0.79	-1.2652	0.8963	-0.7898	-0.5902	
2.24	-0.5852	-1.7346	0.9267	-0.6897	-0.4739	
2.25	-0.1598	-2.1341	0.9511	-0.531	-0.4184	
2.26	0.3171	-2.3651	0.9854	-0.2631	-0.2487	
2.27	0.7081	-2.4885	0.9394	-0.0579	-0.1271	
2.28	0.9689	-2.6737	0.8268	0.1878	-0.0063	
2.29	0.9948	-2.5928	0.8184	0.5253	0.1062	
2.3	0.9027	-2.5785	0.6375	0.8577	0.2415	
2.31	0.5386	-2.4293	0.4285	0.9813	0.3352	
2.32	0.1719	-2.1886	0.3176	1.4737	0.403	
2.33	-0.2629	-1.5595	0.0912	1.7405	0.4411	
2.34	-0.5997	-1.3084	-0.1012	1.7594	0.5445	
2.35	-0.9622	-0.8056	-0.2776	2.0147	0.5221	
2.36	-1.007	-0.561	-0.4628	2.5156	0.595	
2.37	-0.8232	-0.3819	-0.6468	2.6818	0.6301	
2.38	-0.5465	-0.2935	-0.7057	2.4824	0.536	
2.39	-0.1891	-0.316	-0.8318	2.9712	0.5669	
2.4	0.2943	-0.4128	-0.8561	2.6372	0.4248	
2.41	0.6141	-0.5725	-0.8733	2.5939	0.4193	
2.42	0.8626	-0.9434	-0.9217	2.6678	0.313	
2.43	1.0181	-1.0298	-0.7403	2.7837	0.1979	
2.44	0.8417	-1.1939	-0.6881	2.5829	0.0759	
2.45	0.6201	-1.5181	-0.5389	2.3959	-0.0422	
2.46	0.2463	-1.564	-0.4016	2.032	-0.1752	
2.47	-0.1735	-1.4517	-0.2176	1.8427	-0.3043	
2.48	-0.5152	-1.2626	-0.0433	1.5608	-0.4962	
2.49	-0.8371	-0.918	0.1542	1.3649	-0.5776	
2.5	-0.9868	-0.5135	0.3579	1.2942	-0.737	
2.51	-0.8663	-0.141	0.4978	1.1273	-0.8957	
2.52	-0.545	0.2464	0.7019	0.899	-1.0123	
2.53	-0.1154	0.5872	0.8546	0.7921	-1.1775	
2.54	0.3003	0.8699	0.9663	0.5768	-1.206	
2.55	0.6944	1.0403	1.062	0.5589	-1.3681	
2.56	1.0801	0.939	1.1728	0.4395	-1.2079	
2.57	1.2212	0.8394	1.0378	0.376	-1.3007	
2.58	1.0979	0.6476	1.01	0.4093	-1.3777	
2.59	0.8437	0.2972	0.9708	0.4446	-1.477	
2.6	0.3931	-0.0879	0.806	0.4445	-1.4715	
2.61	-0.0205	-0.4557	0.6931	0.467	-1.3804	
2.62	-0.4154	-0.8993	0.4925	0.5567	-1.3035	
2.63	-0.683	-1.1345	0.2654	0.671	-1.3336	
2.64	-0.8186	-1.4104	0.0614	0.7539	-1.0914	
2.65	-0.7068	-1.4	-0.1515	0.8596	-0.9701	
2.66	-0.4137	-1.3039	-0.3488	0.8276	-0.9098	
2.67	-0.0128	-1.0975	-0.4922	0.9418	-0.8336	
2.68	0.4609	-1.0139	-0.7368	0.9664	-0.629	
2.69	0.7933	-0.7785	-0.8514	1.1324	-0.5431	
2.7	1.1746	-0.5019	-1.0513	0.947	-0.3558	
2.71	1.2624	-0.2928	-1.063	1.0916	-0.2308	
2.72	1.2149	-0.1502	-1.0792	0.9859	-0.094	
2.73	0.9673	-0.1618	-0.9981	0.8991	0.037	
2.74	0.6191	-0.2723	-1.0741	0.7652	0.1834	
2.75	0.1782	-0.507	-1.0133	0.7275	0.3117	
2.76	-0.1875	-0.7381	-0.7903	0.5493	0.3856	
2.77	-0.4742	-1.2874	-0.7478	0.4115	0.4992	
2.78	-0.611	-1.5466	-0.5084	0.2702	0.6004	
2.79	-0.5497	-1.8438	-0.3017	0.1267	0.6811	
2.8	-0.2473	-2.1637	-0.1374	-0.0104	0.6492	
2.81	0.1356	-2.5982	0.0413	-0.1523	0.6858	
2.82	0.6134	-2.5775	0.2113	-0.244	0.7587	
2.83	0.9832	-2.5351	0.3936	-0.3398	0.6945	
2.84	1.2729	-2.9246	0.564	-0.4118	0.7142	
2.85	1.4388	-2.4324	0.5873	-0.422	0.675	
2.86	1.5114	-2.1023	0.6545	-0.3796	0.6071	
2.87	1.1993	-1.6759	0.7371	-0.347	0.5846	
2.88	0.956	-1.3189	0.6994	-0.2375	0.4485	
2.89	0.4479	-1.1391	0.7124	-0.1182	0.3086	
2.9	0.0503	-0.8801	0.6379	0.0391	0.2069	
2.91	-0.2504	-0.7124	0.4294	0.2455	0.1077	
2.92	-0.3525	-0.725	0.2917	0.4476	-0.0228	
2.93	-0.3268	-0.6693	0.1261	0.643	-0.1653	
2.94	-0.0486	-0.921	-0.0583	0.926	-0.2836	
2.95	0.3736	-1.1577	-0.253	1.3027	-0.4	
2.96	0.8639	-1.3114	-0.5112	1.5887	-0.5653	
2.97	1.1153	-1.5299	-0.734	1.7598	-0.618	
2.98	1.5742	-1.8537	-0.8996	1.902	-0.7238	
2.99	1.7298	-1.955	-0.956	2.2449	-0.816	
3.0	1.5903	-2.0469	-1.2822	2.3355	-0.9471	
3.01	1.4119	-1.6097	-1.3828	2.8251	-0.9905	
3.02	1.0704	-1.5499	-1.4328	2.5529	-0.9555	
3.03	0.7844	-1.1168	-1.3002	2.5289	-0.9666	
3.04	0.3437	-0.6713	-1.3043	2.7365	-0.9672	
3.05	0.0103	-0.2191	-1.3805	2.8158	-1.0644	
3.06	-0.119	0.2184	-1.3076	2.5658	-0.9702	
3.07	-0.0749	0.6634	-1.0864	2.5401	-0.8937	
3.08	0.1636	0.9299	-0.861	2.6745	-0.812	
3.09	0.487	1.0324	-0.7978	2.3707	-0.7141	
3.1	0.9133	1.1591	-0.5708	2.0493	-0.6754	
3.11	1.364	0.9991	-0.3931	1.6641	-0.4962	
3.12	1.7164	0.873	-0.1621	1.5891	-0.4288	
3.13	1.9342	0.6537	0.0165	1.2627	-0.2943	
3.14	1.859	0.3592	0.1998	0.902	-0.1153	
3.15	1.8886	0.0458	0.3472	0.6409	0.0215	
3.16	1.4476	-0.1865	0.4581	0.4542	0.1714	
3.17	0.9439	-0.3888	0.5416	0.155	0.3324	
3.18	0.5204	-0.4408	0.6002	-0.0521	0.4245	
3.19	0.2385	-0.4602	0.6549	-0.2379	0.6032	
3.2	0.0905	-0.3069	0.6677	-0.3766	0.6711	
3.21	0.1303	-0.0845	0.5881	-0.4962	0.9167	
3.22	0.3698	0.221	0.4243	-0.5842	0.9234	
3.23	0.785	0.5457	0.3248	-0.6955	1.0331	
3.24	1.1326	0.7718	0.1611	-0.6053	1.0365	
3.25	1.5761	1.0899	-0.0034	-0.5434	1.1729	
3.26	1.8181	1.1747	-0.1821	-0.4858	1.1453	
3.27	2.3125	1.0476	-0.3764	-0.4091	1.1772	
3.28	2.0511	0.9775	-0.5112	-0.3326	1.1502	
3.29	1.9668	0.7695	-0.706	-0.1875	1.0372	
3.3	1.4922	0.4622	-0.8337	-0.0309	1.0063	
3.31	1.1603	0.0524	-0.9556	0.116	1.0439	
3.32	0.8708	-0.4135	-1.167	0.2782	0.8776	
3.33	0.4698	-0.7636	-1.0593	0.4387	0.8402	
3.34	0.2889	-1.0597	-1.064	0.5632	0.6849	
3.35	0.2912	-1.4634	-1.2263	0.6127	0.579	
3.36	0.5362	-1.5801	-1.0404	0.6968	0.5179	
3.37	0.9461	-1.7428	-1.0026	0.8576	0.3526	
3.38	1.2239	-1.6184	-0.8054	0.8576	0.2256	
3.39	1.8008	-1.2312	-0.5773	0.877	0.1174	
3.4	1.9074	-0.9568	-0.4519	0.787	-0.0217	
3.41	2.2977	-0.7939	-0.1998	0.7944	-0.1473	
3.42	2.1913	-0.4579	0.0265	0.7226	-0.2812	
3.43	2.1408	-0.2211	0.242	0.6896	-0.4114	
3.44	1.9191	-0.0368	0.4854	0.5205	-0.4685	
3.45	1.4215	0.0307	0.652	0.4708	-0.6052	
3.46	1.0784	-0.0121	0.801	0.4061	-0.652	
3.47	0.6532	-0.1464	0.9314	0.2718	-0.6296	
3.48	0.4692	-0.4276	1.0867	0.2292	-0.7091	
3.49	0.4762	-0.7081	1.1398	0.1638	-0.7292	
3.5	0.6321	-1.0449	1.1967	0.1386	-0.6972	
3.51	0.8935	-1.3206	1.2985	0.1153	-0.732	
3.52	1.3409	-1.3304	1.2985	0.1544	-0.6922	
3.53	1.97	-1.4912	1.1117	0.1722	-0.6099	
3.54	2.4198	-1.5041	1.0069	0.2626	-0.539	
3.55	2.651	-1.3691	0.852	0.3742	-0.4235	
3.56	2.2272	-1.2014	0.7599	0.5318	-0.2844	
3.57	2.4644	-0.8064	0.5506	0.6316	-0.2027	
3.58	1.7764	-0.3074	0.4072	0.8083	-0.0643	
3.59	1.6313	0.136	0.2422	1.0369	0.0705	
3.6	1.1565	0.5824	0.0673	1.1276	0.2237	
3.61	0.7805	0.9535	-0.0709	1.3798	0.3625	
3.62	0.5388	1.3617	-0.1934	1.4789	0.4851	
3.63	0.4871	1.516	-0.2477	1.8119	0.6053	
3.64	0.6802	1.4029	-0.2986	1.8289	0.7797	
3.65	0.93	1.6074	-0.3252	2.0666	0.89	
3.66	1.308	1.269	-0.2405	2.0928	0.9194	
3.67	1.828	1.0737	-0.1905	2.0663	0.9892	
3.68	2.0968	0.7985	-0.0682	2.1108	1.1556	
3.69	2.4304	0.677	0.0736	2.1265	1.1805	
3.7	2.2669	0.4511	0.2547	2.1575	1.1637	
3.71	2.4972	0.3728	0.4932	2.0773	1.3092	
3.72	1.9175	0.3292	0.6206	1.9559	1.2913	
3.73	1.4826	0.4399	0.9217	1.7932	1.114	
3.74	1.2282	0.7372	1.0549	1.3719	1.2716	
3.75	0.7228	0.9979	1.4825	1.1608	1.1923	
3.76	0.4936	1.2523	1.6968	0.8652	1.0471	
3.77	0.4956	1.8879	1.8924	0.5953	0.9414	
3.78	0.617	2.0102	2.0247	0.3252	0.8355	
3.79	0.9931	2.1156	2.0864	0.0116	0.7032	
3.8	1.2276	2.2738	2.2036	-0.2658	0.5544	
3.81	1.7376	2.7519	2.1223	-0.5514	0.4469	
3.82	1.9388	2.477	2.087	-0.7702	0.2823	
3.83	2.161	2.0659	2.0236	-1.0035	0.1346	
3.84	2.3615	1.8569	2.0826	-1.1353	-0.0145	
3.85	2.0637	1.369	2.0304	-1.4924	-0.15	
3.86	1.9658	1.1466	1.6132	-1.5772	-0.3131	
3.87	1.6281	0.7125	1.473	-1.4379	-0.3986	
3.88	1.1764	0.3084	1.3512	-1.4608	-0.5233	
3.89	0.6914	0.0851	1.303	-1.4427	-0.6891	
3.9	0.4585	-0.0606	1.1325	-1.4162	-0.8228	
3.91	0.3763	-0.0827	0.8429	-1.3887	-0.8262	
3.92	0.4418	0.0077	0.7935	-1.2372	-0.9167	
3.93	0.8029	0.1832	0.617	-0.8818	-0.939	
3.94	1.0942	0.3908	0.4513	-0.692	-1.0827	
3.95	1.4656	0.6496	0.4588	-0.4794	-1.0477	
3.96	1.9156	0.9361	0.3836	-0.2701	-1.0231	
3.97	2.2252	1.0886	0.4373	-0.0249	-0.9354	
3.98	2.2443	1.1935	0.4982	0.2192	-0.9237	
3.99	2.0007	1.1293	0.6029	0.3984	-0.7977	
4.0	1.6855	1.0328	0.7138	0.6498	-0.8356	
4.01	1.2669	0.8412	0.7727	0.7603	-0.7636	
4.02	0.9393	0.4539	0.9557	0.9002	-0.5392	
4.03	0.585	0.1002	1.2153	1.1361	-0.4534	
4.04	0.2728	-0.2554	1.3451	1.2411	-0.3409	
4.05	0.1537	-0.6616	1.4863	1.2366	-0.2253	
4.06	0.279	-0.9533	1.7005	1.0827	-0.1289	
4.07	0.5711	-1.0548	2.1328	1.223	-0.0053	
4.08	0.9805	-0.9744	1.9252	1.1575	0.1144	
4.09	1.3674	-0.8838	2.1563	0.9536	0.2035	
4.1	1.6866	-0.7772	2.2456	1.0499	0.3088	
4.11	1.8226	-0.4083	2.1767	0.8399	0.4129	
4.12	2.0483	-0.0396	2.6258	0.7799	0.4981	
4.13	2.0978	0.3593	2.5786	0.6058	0.5047	
4.14	1.5922	0.7931	2.0793	0.4986	0.5733	
4.15	1.2664	1.0171	2.3384	0.4112	0.5984	
4.16	0.6663	1.2325	1.9075	0.3097	0.6076	
4.17	0.2985	1.3592	2.0599	0.2789	0.6448	
4.18	0.0215	1.5068	1.6958	0.2046	0.5966	
4.19	-0.0973	1.4656	1.5361	0.1929	0.564	
4.2	-0.0181	1.1302	1.2393	0.1641	0.466	
4.21	0.2276	0.9496	0.9983	0.1816	0.3868	
4.22	0.6439	0.6694	0.8705	0.2571	0.274	
4.23	1.1284	0.5585	0.5769	0.3314	0.1509	
4.24	1.3197	0.3799	0.4398	0.3653	0.0143	
4.25	1.5438	0.3469	0.3144	0.5293	-0.1233	
4.26	1.773	0.4233	0.1842	0.6385	-0.2752	
4.27	1.5136	0.5382	0.131	0.6645	-0.3907	
4.28	1.446	0.8949	0.1105	0.7447	-0.5502	
4.29	0.8322	1.1528	0.1184	0.8893	-0.6962	
4.3	0.4328	1.7416	0.1633	0.9318	-0.8343	
4.31	0.0267	2.1053	0.2368	0.9346	-1.131	
4.32	-0.2842	2.3716	0.34	1.1406	-1.2567	
4.33	-0.4361	2.493	0.5072	1.1375	-1.4062	
4.34	-0.3781	2.6409	0.6024	1.0232	-1.4887	
4.35	-0.1268	3.2431	0.8543	0.9267	-1.4715	
4.36	0.2249	2.8429	0.8919	0.8286	-1.7937	
4.37	0.6637	2.5746	1.1986	0.6629	-1.5686	
4.38	1.047	2.2123	1.1786	0.5903	-1.9631	
4.39	1.3002	2.042	1.2692	0.3258	-1.9664	
4.4	1.3129	1.7354	1.5447	0.1401	-1.9063	
4.41	1.2157	1.3548	1.5961	-0.1086	-1.9174	
4.42	0.9995	1.0067	1.4267	-0.3317	-1.6985	
4.43	0.6261	0.8835	1.6685	-0.6474	-1.7759	
4.44	0.1397	0.7559	1.607	-0.8077	-1.5641	
4.45	-0.3092	0.806	1.25	-1.0155	-1.6376	
4.46	-0.6643	0.8064	1.2404	-1.2556	-1.4149	
4.47	-0.8035	1.1453	0.9727	-1.6366	-1.3789	
4.48	-0.722	1.3411	0.8378	-1.5412	-1.2937	
4.49	-0.5139	1.5935	0.6822	-2.0168	-1.1683	
4.5	-0.1714	1.8515	0.4122	-1.8697	-1.1603	
4.51	0.2585	1.8653	0.1441	-2.0717	-1.0041	
4.52	0.6408	2.0939	-0.1181	-2.0011	-0.9773	
4.53	0.9271	1.8866	-0.3618	-2.1171	-0.7561	
4.54	1.0664	1.7399	-0.5809	-1.954	-0.6421	
4.55	1.0061	1.2476	-0.825	-1.6766	-0.5199	
4.56	0.6543	0.8928	-1.036	-1.3868	-0.4443	
4.57	0.2523	0.469	-1.0862	-1.2939	-0.4105	
4.58	-0.2008	0.0138	-1.1034	-1.0532	-0.3323	
4.59	-0.6777	-0.3806	-1.3166	-0.8599	-0.2794	
4.6	-1.0168	-0.6958	-1.2969	-0.5607	-0.2777	
4.61	-1.2424	-0.8576	-1.2575	-0.2328	-0.244	
4.62	-1.0768	-1.0247	-1.2001	0.0434	-0.2628	
4.63	-0.8516	-0.8916	-1.0267	0.34	-0.2897	
4.64	-0.5573	-0.7337	-0.9287	0.5982	-0.3383	
4.65	-0.1983	-0.5614	-0.7796	0.7884	-0.3733	
4.66	0.2011	-0.2177	-0.6835	0.9753	-0.5171	
4.67	0.5421	0.0856	-0.539	1.2871	-0.5975	
4.68	0.6838	0.3809	-0.3991	1.2647	-0.739	
4.69	0.4987	0.6018	-0.2117	1.4143	-0.8155	
4.7	0.3018	0.8214	-0.113	1.6099	-0.9001	
4.71	-0.0948	0.8298	-0.0344	1.5131	-1.0894	
4.72	-0.551	0.7137	0.022	1.5833	-1.325	
4.73	-1.078	0.5279	0.0454	1.4899	-1.3809	
4.74	-1.401	0.2924	0.0209	1.3549	-1.6432	
4.75	-1.6811	0.0225	-0.0375	1.042	-1.797	
4.76	-1.5117	-0.2699	-0.1381	0.9148	-1.6879	
4.77	-1.3494	-0.4773	-0.2556	0.7337	-1.8741	
4.78	-0.9152	-0.6754	-0.4655	0.6022	-2.0902	
4.79	-0.6288	-0.6543	-0.6765	0.3522	-2.2486	
4.8	-0.1806	-0.6362	-0.8514	0.1779	-2.2351	
4.81	0.1056	-0.439	-1.2121	-0.0219	-2.5504	
4.82	0.2342	-0.1011	-1.429	-0.1864	-2.6688	
4.83	0.1921	0.2772	-1.6153	-0.3429	-2.4333	
4.84	-0.0352	0.7646	-1.765	-0.494	-2.5068	
4.85	-0.3828	1.162	-2.1411	-0.5787	-2.6599	
4.86	-0.7922	1.4501	-2.3044	-0.71	-2.7498	
4.87	-1.3825	1.7145	-2.2037	-0.6728	-2.3531	
4.88	-1.7312	2.1848	-2.5918	-0.7002	-2.5827	
4.89	-1.8285	2.3071	-2.3678	-0.7585	-2.5729	
4.9	-1.8507	2.2521	-2.7207	-0.6761	-2.1697	
4.91	-1.6061	1.803	-2.8246	-0.6115	-2.2956	
4.92	-1.4083	1.5657	-2.4084	-0.6242	-2.224	
4.93	-0.9808	1.236	-2.2947	-0.4843	-2.0339	
4.94	-0.5735	0.9385	-2.59	-0.4826	-1.8115	
4.95	-0.2151	0.6798	-2.1814	-0.3545	-1.6469	
4.96	-0.0783	0.4459	-2.1187	-0.3321	-1.7151	
4.97	-0.114	0.3799	-1.9382	-0.2597	-1.5608	
4.98	-0.3572	0.3433	-1.7036	-0.2216	-1.3548	
4.99	-0.6342	0.4469	-1.4451	-0.1839	-1.2759	
5.0	-1.2373	0.5865	-1.27	-0.2072	-1.2017	
5.01	-1.5427	0.8604	-1.223	-0.2253	-1.0053	
5.02	-1.8805	1.1315	-1.1689	-0.2852	-0.8454	
5.03	-2.2921	1.4383	-0.9393	-0.4001	-0.7825	
5.04	-2.0708	1.6166	-0.908	-0.4762	-0.7502	
5.05	-2.0785	1.8257	-0.8631	-0.6134	-0.7412	
5.06	-1.7581	1.9143	-0.9832	-0.8148	-0.6306	
5.07	-1.3312	1.848	-0.9474	-0.9808	-0.7003	
5.08	-0.9227	1.4753	-1.0295	-1.0024	-0.7267	
5.09	-0.5717	1.132	-1.2547	-1.1944	-0.728	
5.1	-0.3758	0.7516	-1.507	-1.3082	-0.7154	
5.11	-0.3499	0.2451	-1.4537	-1.4514	-0.863	
5.12	-0.5854	-0.2362	-1.8688	-1.8244	-0.8779	
5.13	-0.8897	-0.7004	-1.8653	-1.9289	-1.0551	
5.14	-1.3422	-0.964	-2.2163	-1.9924	-1.0034	
5.15	-1.9436	-1.1039	-2.2979	-1.8674	-1.2198	
5.16	-2.1576	-1.2155	-2.7486	-1.8273	-1.4542	
5.17	-2.5365	-1.2832	-2.8119	-1.7926	-1.5053	
5.18	-2.3227	-1.2435	-2.9838	-1.8229	-1.5336	
5.19	-2.1605	-0.9531	-2.6721	-1.8505	-1.6345	
5.2	-1.8191	-0.7467	-2.9312	-1.3894	-1.8825	
5.21	-1.4146	-0.4659	-3.0558	-1.4804	-1.8969	
5.22	-1.0644	-0.2454	-3.1194	-1.134	-2.0603	
5.23	-0.7368	-0.1399	-2.6886	-0.8627	-2.3679	
5.24	-0.5233	-0.0891	-2.9308	-0.6804	-2.0755	
5.25	-0.4816	-0.1522	-2.3041	-0.376	-2.1416	
5.26	-0.6983	-0.3375	-2.4995	-0.0802	-2.2856	
5.27	-1.0692	-0.6283	-2.0735	0.1854	-2.5668	
5.28	-1.4771	-0.9917	-1.7207	0.4285	-2.2689	
5.29	-1.9318	-1.2561	-1.6821	0.6858	-2.7565	
5.3	-2.4867	-1.5466	-1.3267	0.9483	-2.3269	
5.31	-2.2987	-1.7206	-1.2746	0.9966	-2.4271	
5.32	-2.3871	-1.9488	-0.9982	1.1975	-2.3769	
5.33	-2.3308	-2.1109	-0.7919	1.442	-2.306	
5.34	-2.2484	-1.9255	-0.7057	1.285	-2.1299	
5.35	-1.8123	-1.953	-0.6432	1.3923	-2.1335	
5.36	-1.166	-1.6322	-0.4981	1.3196	-2.034	
5.37	-0.9109	-1.1039	-0.521	1.3149	-1.9953	
5.38	-0.5913	-0.7368	-0.4946	1.102	-1.6124	
5.39	-0.6472	-0.3385	-0.6037	1.0318	-1.5093	
5.4	-0.8229	-0.0019	-0.6458	0.7823	-1.4135	
5.41	-1.1136	0.3163	-0.7816	0.477	-1.2362	
5.42	-1.6045	0.476	-0.8177	0.2826	-1.2422	
5.43	-2.0828	0.5548	-1.1418	-0.011	-0.9546	
5.44	-2.255	0.4978	-1.2587	-0.2729	-0.8577	
5.45	-2.5224	0.3391	-1.3639	-0.5858	-0.6533	
5.46	-2.6881	0.0969	-1.628	-0.7619	-0.6089	
5.47	-2.4329	-0.1586	-1.7296	-1.0167	-0.4096	
5.48	-2.1783	-0.4048	-1.6387	-1.339	-0.3513	
5.49	-1.804	-0.6446	-1.8624	-1.5157	-0.2367	
5.5	-1.2661	-0.7224	-1.845	-1.727	-0.1821	
5.51	-0.9117	-0.7773	-2.0009	-1.7211	-0.1446	
5.52	-0.6917	-0.7828	-1.8144	-1.7266	-0.0986	
5.53	-0.5839	-0.6036	-1.8152	-2.0223	-0.0919	
5.54	-0.7116	-0.2619	-1.5472	-1.8979	-0.1018	
5.55	-1.1367	0.0463	-1.6429	-1.8747	-0.1234	
5.56	-1.4928	0.372	-1.3017	-1.8841	-0.1703	
5.57	-1.978	0.7645	-1.0062	-1.8527	-0.2317	
5.58	-2.3869	1.0087	-0.941	-1.8	-0.2667	
5.59	-2.7539	1.3068	-0.5917	-1.6616	-0.3726	
5.6	-2.3403	1.1764	-0.3874	-1.5412	-0.4812	
5.61	-2.5596	1.1491	-0.1098	-1.2009	-0.5291	
5.62	-2.1585	1.0271	0.1247	-1.0954	-0.6498	
5.63	-1.6442	0.6271	0.3249	-1.09	-0.7995	
5.64	-1.2203	0.2737	0.5942	-0.8922	-0.8749	
5.65	-0.8596	-0.1552	0.7367	-0.7749	-1.0418	
5.66	-0.5985	-0.5866	0.7886	-0.7655	-1.2279	
5.67	-0.5472	-0.9536	0.8811	-0.7396	-1.3124	
5.68	-0.6856	-1.3138	1.0888	-0.6733	-1.4054	
5.69	-0.9648	-1.3055	1.0163	-0.6963	-1.4125	
5.7	-1.1987	-1.3798	0.9892	-0.6677	-1.3361	
5.71	-1.5886	-1.3853	0.9868	-0.7484	-1.4019	
5.72	-1.963	-1.2659	0.7742	-0.7381	-1.3973	
5.73	-2.4155	-1.0302	0.6551	-0.8142	-1.5422	
5.74	-2.268	-0.911	0.6074	-0.8973	-1.4305	
5.75	-2.2753	-0.637	0.4409	-1.0937	-1.5794	
5.76	-2.1536	-0.4824	0.2388	-1.1005	-1.5032	
5.77	-1.5533	-0.3856	0.1133	-1.1433	-1.25	
5.78	-1.2031	-0.3897	-0.01	-1.4565	-1.169	
5.79	-0.7358	-0.5647	-0.1105	-1.2594	-1.2329	
5.8	-0.4835	-0.7868	-0.2163	-1.352	-1.122	
5.81	-0.3646	-1.0274	-0.2341	-1.4975	-0.9467	
5.82	-0.4761	-1.6578	-0.2613	-1.5139	-0.8399	
5.83	-0.7375	-2.0247	-0.2288	-1.2562	-0.6526	
5.84	-1.1428	-2.3944	-0.1662	-1.1997	-0.4684	
5.85	-1.6139	-2.8961	-0.0603	-1.2249	-0.301	
5.86	-1.8188	-2.6298	0.0898	-1.0277	-0.1177	
5.87	-2.0613	-2.9101	0.2692	-0.946	0.0493	
5.88	-2.1342	-2.9609	0.4659	-0.7737	0.2144	
5.89	-2.0545	-2.8115	0.6452	-0.4843	0.3603	
5.9	-2.0424	-2.5136	0.9776	-0.2853	0.5223	
5.91	-1.3329	-2.1135	1.2206	-0.089	0.6915	
5.92	-1.056	-1.5949	1.5384	0.117	0.7365	
5.93	-0.5399	-1.3733	1.6549	0.3123	0.9767	
5.94	-0.2791	-1.148	1.8731	0.4449	0.9353	
5.95	-0.1774	-0.8465	2.0195	0.5952	1.1001	
5.96	-0.2615	-0.6514	1.9966	0.7363	1.2718	
5.97	-0.4488	-0.6598	2.1007	0.8314	1.101	
5.98	-0.8799	-0.7033	2.2276	0.911	1.2361	
5.99	-1.4075	-0.8186	2.4361	0.8971	1.2195	
6.0	-1.7298	-1.1689	2.2527	0.9274	1.2093	
6.01	-1.8235	-1.336	2.4478	0.7882	1.2261	
6.02	-1.8464	-1.7131	2.1611	0.6467	1.1243	
6.03	-1.9187	-1.8584	2.2565	0.4777	0.9923	
6.04	-1.6115	-1.9461	1.9437	0.2491	1.0367	
6.05	-1.3448	-1.6821	1.8418	0.0121	0.9536	
6.06	-0.8554	-1.54	1.6401	-0.2735	0.8181	
6.07	-0.3723	-1.3955	1.5541	-0.5846	0.6709	
6.08	-0.064	-1.0857	1.1949	-0.8668	0.5937	
6.09	0.0667	-0.5415	1.1584	-1.2056	0.5042	
6.1	0.0148	-0.163	0.9494	-1.3992	0.4033	
6.11	-0.2134	0.2436	0.8501	-1.73	0.2971	
6.12	-0.6072	0.5648	0.7302	-1.9757	0.1722	
6.13	-0.9505	0.768	0.6785	-2.1398	0.0927	
6.14	-1.4519	0.9993	0.6979	-2.5518	0.0161	
6.15	-1.7014	0.9725	0.7019	-2.5366	-0.0454	
6.16	-1.6744	0.7771	0.7138	-2.863	-0.0875	
6.17	-1.7488	0.5789	0.8284	-2.8868	-0.1256	
6.18	-1.334	0.2096	0.9205	-2.9105	-0.1333	
6.19	-0.9496	-0.1265	1.1499	-3.0434	-0.1142	
6.2	-0.5993	-0.5158	1.2271	-2.6033	-0.1069	
6.21	-0.1578	-0.8182	1.5315	-2.6226	-0.0574	
6.22	0.1604	-0.9798	1.8687	-2.4264	0.0106	
6.23	0.3029	-0.9784	2.0136	-2.4531	0.0921	
6.24	0.2682	-1.0715	2.1521	-2.0072	0.201	
6.25	0.0576	-0.9652	2.2729	-2.0176	0.2977	
6.26	-0.3032	-0.7171	2.6187	-1.5436	0.4683	
6.27	-0.769	-0.4502	2.4211	-1.4486	0.5621	
6.28	-1.1989	-0.1895	2.5601	-1.1831	0.7158	
6.29	-1.3991	0.0386	2.8933	-1.0741	0.9067	
6.3	-1.5349	0.2212	2.845	-0.8586	1.069	
6.31	-1.4385	0.2911	2.5445	-0.6694	1.1556	
6.32	-1.2248	0.2522	2.3912	-0.4479	1.3472	
6.33	-0.8203	0.0979	2.4681	-0.3613	1.5809	
6.34	-0.3859	-0.1849	2.0823	-0.2502	1.8229	
6.35	0.0503	-0.5345	2.016	-0.2307	1.6516	
6.36	0.3579	-1.0195	1.7906	-0.1899	2.0902	
6.37	0.5103	-1.4	1.5106	-0.2037	2.128	
6.38	0.5129	-1.7805	1.2948	-0.2225	2.0149	
6.39	0.2996	-1.9643	1.1505	-0.3111	2.3303	
6.4	-0.0379	-2.2428	0.978	-0.3835	2.5613	
6.41	-0.4676	-2.2632	0.792	-0.4413	2.531	
6.42	-0.8309	-2.4197	0.5805	-0.5921	2.6026	
6.43	-1.1102	-2.4663	0.4509	-0.6481	2.6589	
6.44	-1.3817	-1.9358	0.3455	-0.6704	2.4898	
6.45	-1.1945	-1.7128	0.3087	-0.8269	2.3328	
6.46	-1.0861	-1.5357	0.2833	-0.9799	2.4205	
6.47	-0.7189	-1.1848	0.2946	-0.9878	2.3385	
6.48	-0.2163	-0.9262	0.4147	-0.9057	2.2833	
6.49	0.2157	-0.6953	0.5089	-0.9602	2.1037	
6.5	0.5886	-0.64	0.6191	-1.0407	2.1885	
6.51	0.7239	-0.611	0.7832	-0.9945	2.01	
6.52	0.674	-0.7654	0.9271	-0.9428	1.9495	
6.53	0.4943	-0.9847	1.1637	-0.7505	1.5578	
6.54	0.1981	-1.2886	1.2903	-0.7847	1.6455	
6.55	-0.2187	-1.6211	1.3394	-0.6011	1.311	
6.56	-0.6663	-1.7425	1.6825	-0.4987	1.4274	
6.57	-0.9827	-1.7747	1.6549	-0.3299	1.2226	
6.58	-1.0562	-2.1227	1.8646	-0.2379	1.0356	
6.59	-1.032	-1.9441	1.8192	-0.1153	1.0305	
6.6	-0.8556	-1.7151	1.7093	-0.0322	0.8566	
6.61	-0.482	-1.3542	1.8629	0.0436	0.9451	
6.62	-0.085	-0.9995	1.6022	0.099	0.7564	
6.63	0.3461	-0.6141	1.4321	0.1	0.7724	
6.64	0.6816	-0.1139	1.3846	0.0988	0.85	
6.65	0.9464	0.3208	1.201	0.0437	0.7291	
6.66	0.8177	0.7438	1.1021	-0.0414	0.826	
6.67	0.6539	0.8719	0.7693	-0.152	0.9385	
6.68	0.3374	1.2139	0.5833	-0.3368	0.8787	
6.69	-0.0731	1.2156	0.357	-0.4842	1.0309	
6.7	-0.5243	1.068	0.1249	-0.7601	0.9988	
6.71	-0.7924	0.8467	-0.1021	-0.9793	1.2621	
6.72	-1.041	0.6408	-0.3204	-1.2092	1.3983	
6.73	-1.0408	0.3237	-0.4386	-1.4482	1.4502	
6.74	-0.8641	0.0793	-0.6662	-1.7252	1.5002	
6.75	-0.4618	-0.1187	-0.7222	-2.0383	1.8375	
6.76	-0.0319	-0.2059	-0.7981	-2.0235	2.0282	
6.77	0.3658	-0.2227	-0.8588	-2.5529	2.0223	
6.78	0.7001	-0.0934	-0.7776	-2.3714	1.9314	
6.79	0.9181	0.108	-0.6886	-2.7487	2.292	
6.8	1.0566	0.442	-0.6299	-3.063	2.6275	
6.81	0.7309	0.7971	-0.537	-3.1085	2.605	
6.82	0.4597	1.0551	-0.4325	-3.0199	2.7471	
6.83	0.0345	1.4084	-0.2511	-2.7669	2.4636	
6.84	-0.3754	1.6359	-0.0843	-3.0097	2.5738	
6.85	-0.695	1.8282	0.0749	-2.7892	2.7332	
6.86	-1.044	1.516	0.2327	-2.4498	2.5625	
6.87	-0.8833	1.5752	0.3875	-2.2467	3.134	
6.88	-0.7713	1.1229	0.5025	-2.2272	2.7585	
6.89	-0.4842	0.7842	0.6294	-1.8751	2.8818	
6.9	-0.0441	0.4782	0.6731	-1.4748	2.8929	
6.91	0.4325	0.0212	0.6987	-1.2235	2.648	
6.92	0.8153	-0.352	0.7275	-1.071	2.6559	
6.93	0.9703	-0.6586	0.5949	-0.7337	2.3737	
6.94	1.0511	-0.9389	0.573	-0.467	2.4397	
6.95	0.8085	-1.0933	0.3807	-0.2047	2.2815	
6.96	0.4506	-0.9492	0.2539	0.0176	1.9759	
6.97	0.0554	-0.9047	0.0409	0.2255	2.0626	
6.98	-0.4166	-0.7278	-0.1726	0.3601	1.7342	
6.99	-0.6918	-0.4299	-0.3663	0.5206	1.6278	
7.0	-0.8809	-0.1483	-0.6572	0.5591	1.6556	
7.01	-1.031	0.1132	-0.8385	0.5955	1.3505	
7.02	-0.9359	0.3022	-0.9297	0.6304	1.3637	
7.03	-0.4967	0.4086	-1.2278	0.4975	1.0532	
7.04	-0.1202	0.3591	-1.4402	0.4827	0.9556	
7.05	0.3217	0.2766	-1.3549	0.3474	0.9288	
7.06	0.7023	0.0301	-1.5464	0.2185	0.8207	
7.07	0.818	-0.2873	-1.7809	0.0628	0.7757	
7.08	0.9914	-0.5589	-1.522	-0.1125	0.7399	
7.09	0.7237	-0.9021	-1.5457	-0.2653	0.6738	
7.1	0.4108	-1.1025	-1.6772	-0.4625	0.7231	
7.11	0.0144	-1.4528	-1.4305	-0.665	0.6257	
7.12	-0.4652	-1.4937	-1.3297	-0.7828	0.7214	
7.13	-0.7741	-1.3664	-1.0528	-0.9305	0.7505	
7.14	-1.1054	-1.1724	-0.8967	-1.0894	0.7289	
7.15	-1.1484	-0.9828	-0.75	-1.0772	0.846	
7.16	-1.0523	-0.624	-0.6084	-1.168	0.8645	
7.17	-0.6241	-0.1779	-0.3562	-1.3619	1.0765	
7.18	-0.2911	0.26	-0.1948	-1.3703	1.1054	
7.19	0.1571	0.7114	-0.0388	-1.357	1.1457	
7.2	0.489	1.0563	0.0863	-1.3111	1.3054	
7.21	0.8114	1.2027	0.1829	-1.1624	1.6016	
7.22	0.838	1.3159	0.2498	-1.0635	1.5267	
7.23	0.6382	1.3265	0.2465	-0.902	1.7535	
7.24	0.3064	1.3273	0.2137	-0.9281	1.957	
7.25	-0.0985	1.0936	0.1499	-0.8448	1.8193	
7.26	-0.5673	0.8465	0.0711	-0.715	2.0937	
7.27	-0.9781	0.7258	-0.0636	-0.7461	1.961	
7.28	-1.3025	0.4941	-0.2246	-0.6153	2.3987	
7.29	-1.3441	0.3663	-0.3627	-0.5643	2.0116	
7.3	-1.2611	0.3076	-0.5989	-0.5675	2.4534	
7.31	-0.8405	0.4512	-0.7474	-0.6001	2.4347	
7.32	-0.4394	0.5803	-1.0043	-0.6602	2.2883	
7.33	-0.0575	0.8235	-1.2297	-0.7482	2.1948	
7.34	0.3063	1.2279	-1.4374	-0.9416	2.2162	
7.35	0.6091	1.7036	-1.5811	-0.9595	1.9928	
7.36	0.6789	2.0293	-1.4107	-1.1044	2.0401	
7.37	0.5084	2.5044	-1.6812	-1.3279	1.9875	
7.38	0.189	2.4094	-1.8053	-1.4441	1.9835	
7.39	-0.2547	2.8865	-1.5494	-1.7881	1.6669	
7.4	-0.6345	2.9195	-1.5521	-1.7031	1.4268	
7.41	-1.1321	2.539	-1.3521	-2.1654	1.5295	
7.42	-1.4995	2.6218	-1.4639	-2.3312	1.358	
7.43	-1.6222	2.2832	-1.1057	-2.4587	1.2019	
7.44	-1.5191	1.6356	-1.0037	-2.5111	0.9008	
7.45	-1.2182	1.341	-0.8309	-2.4808	0.8339	
7.46	-0.7739	0.8662	-0.5916	-2.3372	0.616	
7.47	-0.326	0.6662	-0.3905	-2.4719	0.5096	
7.48	0.0772	0.4625	-0.1816	-2.1398	0.3501	
7.49	0.351	0.371	0.0235	-2.2652	0.2158	
7.5	0.3808	0.3762	0.1897	-1.8691	0.08	
7.51	0.2819	0.5726	0.3552	-2.0306	-0.0254	
7.52	-0.0139	0.7142	0.4404	-1.5346	-0.1135	
7.53	-0.4001	1.0575	0.5503	-1.3589	-0.1607	
7.54	-0.9039	1.3038	0.6131	-1.1578	-0.2158	
7.55	-1.2334	1.4339	0.5187	-0.8161	-0.2307	
7.56	-1.4362	1.5526	0.5541	-0.5279	-0.2442	
7.57	-1.6384	1.7407	0.4402	-0.2386	-0.2593	
7.58	-1.7106	1.5532	0.334	0.0426	-0.2131	
7.59	-1.4964	1.3989	0.1675	0.3016	-0.1943	
7.6	-0.9575	0.9902	0.0113	0.5585	-0.1311	
7.61	-0.5265	0.6461	-0.1587	0.7028	-0.0454	
7.62	-0.1653	0.1691	-0.3526	0.9533	0.0372	
7.63	0.0927	-0.2104	-0.5343	1.112	0.1274	
7.64	0.1794	-0.5806	-0.6963	1.2608	0.2362	
7.65	0.0649	-0.8342	-0.8099	1.1405	0.3254	
7.66	-0.2065	-0.9174	-0.9264	1.1108	0.4757	
7.67	-0.6137	-0.9439	-1.0206	1.0614	0.5526	
7.68	-1.0286	-0.8251	-1.0817	0.9521	0.645	
7.69	-1.3884	-0.6098	-1.2655	0.9523	0.7886	
7.7	-1.7466	-0.317	-1.1543	0.7325	0.8314	
7.71	-1.9465	0.0581	-1.1643	0.5118	0.929	
7.72	-1.9593	0.4662	-1.0485	0.2959	1.1609	
7.73	-1.5469	0.7536	-0.952	0.0641	1.0321	
7.74	-1.3425	1.0926	-0.8195	-0.1814	1.0711	
7.75	-0.8708	1.2072	-0.5526	-0.4632	1.1618	
7.76	-0.4458	1.3116	-0.3944	-0.6895	1.2454	
7.77	-0.1543	1.1741	-0.17	-0.8563	1.3167	
7.78	-0.0456	1.007	0.0489	-1.0952	1.2877	
7.79	-0.1191	0.8313	0.2423	-1.3893	1.2373	
7.8	-0.3957	0.5099	0.4466	-1.4218	1.111	
7.81	-0.7604	0.2925	0.5721	-1.7309	0.9953	
7.82	-1.2092	0.1204	0.7244	-1.708	0.8343	
7.83	-1.7082	0.0126	0.8986	-1.693	0.7701	
7.84	-1.8207	0.0114	0.9594	-1.8702	0.7283	
7.85	-2.2605	0.1201	0.8988	-1.8151	0.52	
7.86	-2.2331	0.399	0.9637	-1.6284	0.3557	
7.87	-2.0356	0.7153	0.9581	-1.7855	0.2434	
7.88	-1.5612	1.0188	0.8537	-1.675	0.0689	
7.89	-1.1604	1.5512	0.7223	-1.5083	-0.0777	
7.9	-0.7147	2.1498	0.5852	-1.4106	-0.2514	
7.91	-0.3694	2.3325	0.3389	-1.1378	-0.3808	
7.92	-0.2482	2.5434	0.1651	-1.0892	-0.5539	
7.93	-0.321	2.6317	-0.0343	-0.9508	-0.6569	
7.94	-0.5034	2.7638	-0.2406	-0.9219	-0.8592	
7.95	-0.9499	2.6396	-0.3965	-0.7517	-0.8339	
7.96	-1.5073	2.2191	-0.5891	-0.6493	-0.9729	
7.97	-1.9003	1.9554	-0.7464	-0.5944	-1.17	
7.98	-1.9688	1.8709	-0.9419	-0.5488	-1.1452	
7.99	-2.3419	1.4002	-0.9512	-0.5884	-1.0847	
8.0	-2.3228	1.2611	-1.0732	-0.6089	-1.2985	
8.01	-1.8414	0.9096	-1.085	-0.6665	-1.2301	
8.02	-1.7127	0.7763	-0.9008	-0.6444	-1.1271	
8.03	-1.2333	0.7507	-0.8345	-0.8012	-1.1915	
8.04	-0.8019	0.9186	-0.846	-0.9256	-1.1091	
8.05	-0.5602	1.1749	-0.6444	-0.8502	-1.0599	
8.06	-0.3473	1.2634	-0.4862	-0.9568	-1.0538	
8.07	-0.4269	1.5393	-0.3532	-1.0963	-0.8343	
8.08	-0.6604	1.6759	-0.1226	-1.2508	-0.8136	
8.09	-1.0649	1.9107	0.0545	-1.3443	-0.685	
8.1	-1.436	1.9951	0.2263	-1.2338	-0.5509	
8.11	-1.8835	2.0764	0.4382	-1.2358	-0.4159	
8.12	-2.4027	1.8028	0.5415	-1.2682	-0.2687	
8.13	-2.2378	1.7916	0.6858	-1.201	-0.1498	
8.14	-2.4888	1.3401	0.8018	-1.0482	-0.0307	
8.15	-2.2001	0.8785	0.7948	-1.0813	0.0771	
8.16	-1.6192	0.4489	0.8075	-0.8174	0.1949	
8.17	-1.3867	-0.0334	0.7912	-0.7088	0.2781	
8.18	-0.8481	-0.4215	0.7907	-0.507	0.3568	
8.19	-0.657	-0.7424	0.7068	-0.2646	0.4155	
8.2	-0.4473	-0.9275	0.4716	-0.0323	0.474	
8.21	-0.4796	-0.884	0.3408	0.2088	0.5134	
8.22	-0.6438	-0.824	0.1541	0.4201	0.4915	
8.23	-0.9877	-0.7148	-0.0484	0.6301	0.497	
8.24	-1.3502	-0.5168	-0.247	0.8187	0.4286	
8.25	-1.7291	-0.1991	-0.4578	1.0625	0.3693	
8.26	-2.0798	0.0938	-0.6204	1.2749	0.3132	
8.27	-2.4204	0.3521	-0.8923	1.4112	0.2818	
8.28	-2.4995	0.4774	-1.0318	1.512	0.1718	
8.29	-2.062	0.5858	-1.2687	1.4514	0.0512	
8.3	-1.7126	0.4568	-1.2354	1.2985	-0.0751	
8.31	-1.3058	0.3262	-1.4135	1.3786	-0.2083	
8.32	-0.911	0.0883	-1.3897	1.2188	-0.3087	
8.33	-0.5733	-0.2014	-1.2848	1.2203	-0.5001	
8.34	-0.4429	-0.5116	-1.1839	0.9884	-0.6618	
8.35	-0.4392	-0.7574	-1.2805	0.7372	-0.7127	
8.36	-0.5722	-0.967	-0.9842	0.4442	-0.9615	
8.37	-0.9868	-1.0714	-0.8578	0.2342	-1.0073	
8.38	-1.446	-1.209	-0.6989	-0.0682	-1.131	
8.39	-1.9774	-1.0685	-0.5889	-0.3444	-1.2056	
8.4	-2.0424	-0.7901	-0.4242	-0.6352	-1.4946	
8.41	-2.1884	-0.4525	-0.2365	-1.0063	-1.4694	
8.42	-2.2773	-0.0978	-0.0531	-1.2482	-1.4798	
8.43	-2.294	0.3423	0.1102	-1.4853	-1.6773	
8.44	-1.9153	0.7535	0.2339	-1.795	-1.6801	
8.45	-1.3978	1.0656	0.2892	-1.7514	-1.4432	
8.46	-0.94	1.413	0.3382	-1.8659	-1.5578	
8.47	-0.4979	1.5944	0.3804	-1.9659	-1.6646	
8.48	-0.3234	1.4387	0.3974	-2.2035	-1.584	
8.49	-0.2819	1.4506	0.2778	-2.0516	-1.3601	
8.5	-0.4569	1.2204	0.2227	-2.0806	-1.4259	
8.51	-0.8127	0.9513	0.0625	-1.8681	-1.2811	
8.52	-1.1784	0.7227	-0.0891	-1.737	-1.1927	
8.53	-1.7878	0.4291	-0.2716	-1.499	-0.9756	
8.54	-2.138	0.2201	-0.523	-1.3993	-0.8011	
8.55	-2.0965	0.0755	-0.7649	-1.1874	-0.777	
8.56	-1.974	0.0296	-0.8217	-1.087	-0.6032	
8.57	-2.1394	0.093	-1.1207	-0.776	-0.4962	
8.58	-1.7081	0.2835	-1.1731	-0.5895	-0.3127	
8.59	-1.0907	0.5166	-1.3273	-0.3862	-0.1613	
8.6	-0.8144	0.8502	-1.733	-0.1793	-0.0488	
8.61	-0.3404	1.1401	-1.5953	-0.009	0.0813	
8.62	-0.1499	1.4874	-1.8648	0.1458	0.1874	
8.63	-0.1035	1.624	-1.8724	0.2644	0.2786	
8.64	-0.2285	1.9114	-1.8489	0.4056	0.3588	
8.65	-0.5956	1.8098	-1.7568	0.4465	0.3874	
8.66	-0.988	1.5295	-1.476	0.5328	0.4238	
8.67	-1.2759	1.2729	-1.2925	0.4984	0.4456	
8.68	-1.6826	0.9581	-1.3611	0.4981	0.4766	
8.69	-1.9222	0.5188	-1.0927	0.428	0.478	
8.7	-1.8725	0.0822	-0.8401	0.3651	0.4604	
8.71	-1.5995	-0.3582	-0.6443	0.2862	0.4115	
8.72	-1.3575	-0.6879	-0.4331	0.2144	0.3397	
8.73	-0.9672	-1.0786	-0.2621	0.1415	0.2527	
8.74	-0.5253	-1.1267	-0.1086	0.0566	0.1405	
8.75	-0.127	-1.204	0.0423	-0.0147	0.0427	
8.76	0.1054	-1.1274	0.1515	-0.0733	-0.0753	
8.77	0.19	-0.9812	0.2339	-0.1204	-0.1919	
8.78	0.0492	-0.8736	0.2604	-0.1239	-0.3352	
8.79	-0.2276	-0.6159	0.2592	-0.1248	-0.449	
8.8	-0.6163	-0.3659	0.2501	-0.1094	-0.5828	
8.81	-1.0676	-0.2558	0.1699	-0.0497	-0.6441	
8.82	-1.4655	-0.1723	0.0707	0.0287	-0.7809	
8.83	-1.5655	-0.1831	-0.0649	0.1202	-0.9219	
8.84	-1.7424	-0.3369	-0.2335	0.2382	-0.9586	
8.85	-1.4631	-0.6349	-0.3682	0.3921	-1.0353	
8.86	-1.1058	-0.9212	-0.5373	0.4666	-1.2984	
8.87	-0.7079	-1.4148	-0.7021	0.661	-1.3514	
8.88	-0.2203	-1.7239	-0.8665	0.7279	-1.2874	
8.89	0.1618	-1.9678	-1.0097	0.8514	-1.3783	
8.9	0.4	-2.3305	-1.287	1.1491	-1.2449	
8.91	0.5402	-2.5462	-1.2665	1.188	-1.3439	
8.92	0.4399	-2.2857	-1.3117	1.2222	-1.2942	
8.93	0.1334	-2.5385	-1.5246	1.3211	-1.2573	
8.94	-0.238	-1.9982	-1.4563	1.1748	-1.0858	
8.95	-0.705	-1.9817	-1.314	1.192	-0.9434	
8.96	-1.1124	-1.6512	-1.2844	1.1722	-0.9286	
8.97	-1.1686	-1.0531	-1.1778	1.1155	-0.7179	
8.98	-1.1777	-0.7141	-1.0629	0.9239	-0.6904	
8.99	-1.1351	-0.386	-0.8797	0.6879	-0.5641	
9.0	-0.8668	-0.1602	-0.5686	0.5223	-0.4023	
9.01	-0.3859	-0.0228	-0.3738	0.3276	-0.2288	
9.02	0.0775	-0.012	-0.1422	0.0602	-0.0773	
9.03	0.4846	-0.1091	0.0822	-0.1981	0.0822	
9.04	0.7947	-0.3009	0.3123	-0.4252	0.2269	
9.05	0.9263	-0.4962	0.4687	-0.7553	0.3805	
9.06	0.7138	-0.7229	0.6183	-1.0254	0.4696	
9.07	0.4814	-0.9576	0.7447	-1.0845	0.6428	
9.08	0.1423	-1.1806	1.0164	-1.4443	0.7577	
9.09	-0.2443	-1.349	0.931	-1.4758	0.8122	
9.1	-0.68	-1.3124	1.0697	-1.5475	0.8027	
9.11	-0.8307	-1.0857	0.9719	-1.7209	0.8338	
9.12	-0.8628	-0.7899	0.9776	-1.9325	0.9783	
9.13	-0.8537	-0.4911	0.8411	-1.7066	0.866	
9.14	-0.4635	-0.1004	0.7228	-1.76	0.9156	
9.15	-0.0353	0.283	0.6519	-1.6979	0.9781	
9.16	0.4532	0.6178	0.5068	-1.6181	0.7713	
9.17	0.8848	0.9782	0.3239	-1.4418	0.8549	
9.18	1.0412	1.176	0.175	-1.0077	0.7521	
9.19	1.2639	1.1288	0.0243	-0.8472	0.6334	
9.2	1.2603	1.0296	-0.1151	-0.546	0.5104	
9.21	0.9443	0.7328	-0.2413	-0.3189	0.3959	
9.22	0.5542	0.4929	-0.3108	-0.0146	0.2593	
9.23	0.155	0.1255	-0.4081	0.2881	0.1287	
9.24	-0.2095	-0.2809	-0.4236	0.5859	0.002	
9.25	-0.4734	-0.6823	-0.3794	0.8442	-0.1396	
9.26	-0.5881	-0.934	-0.3388	0.96	-0.2624	
9.27	-0.4357	-1.0816	-0.254	1.2987	-0.3822	
9.28	-0.1158	-1.2561	-0.0988	1.5061	-0.5095	
9.29	0.3088	-1.2603	0.0698	1.4944	-0.6529	
9.3	0.8352	-1.1331	0.2465	1.7932	-0.7388	
9.31	1.2236	-0.9787	0.5308	1.8031	-0.7425	
9.32	1.4625	-0.8542	0.7841	1.9002	-0.8611	
9.33	1.7331	-0.588	0.9609	1.8971	-0.9299	
9.34	1.7398	-0.3418	1.2846	1.7373	-0.8527	
9.35	1.4326	-0.2197	1.3404	1.4405	-0.9753	
9.36	0.964	-0.1511	1.6576	1.4987	-0.9563	
9.37	0.5647	-0.2602	1.6933	1.4314	-0.8294	
9.38	0.1649	-0.4336	2.0975	1.2724	-0.7321	
9.39	-0.0881	-0.7889	1.9602	1.0143	-0.6855	
9.4	-0.1668	-1.063	1.9961	0.9139	-0.6276	
9.41	-0.0774	-1.4324	2.0586	0.7983	-0.5448	
9.42	0.2098	-1.8638	2.0466	0.5934	-0.3885	
9.43	0.6055	-2.5181	2.1234	0.4577	-0.3153	
9.44	1.1876	-2.6765	2.0002	0.3474	-0.1654	
9.45	1.4225	-2.6469	1.8873	0.305	-0.0269	
9.46	1.7968	-2.7762	1.8485	0.2217	0.1099	
9.47	1.8644	-2.8486	1.7218	0.1937	0.2752	
9.48	2.1205	-2.4606	1.3157	0.1791	0.3878	
9.49	1.5812	-2.3468	1.1766	0.2312	0.563	
9.5	1.2756	-2.164	1.1557	0.261	0.6552	
9.51	0.8793	-1.789	0.9782	0.3297	0.7896	
9.52	0.4899	-1.4432	0.8168	0.4138	0.9256	
9.53	0.2483	-1.0819	0.6518	0.5139	1.0172	
9.54	0.1537	-0.8548	0.6141	0.6157	0.9476	
9.55	0.243	-0.7584	0.6338	0.7002	1.2054	
9.56	0.5382	-0.8517	0.5749	0.7731	1.2445	
9.57	0.9207	-1.0111	0.6017	0.7365	1.1254	
9.58	1.415	-1.216	0.6798	0.8603	1.0453	
9.59	1.9014	-1.6273	0.8198	0.8154	1.0798	
9.6	2.1987	-1.9047	0.8491	0.9246	1.0961	
9.61	2.4697	-1.8839	1.1266	0.8496	0.9475	
9.62	2.4466	-2.0123	1.2408	0.7978	0.9686	
9.63	2.1291	-2.1526	1.5751	0.7481	0.9166	
9.64	1.7344	-2.0348	1.6099	0.5846	0.7787	
9.65	1.3272	-1.9093	1.8001	0.5224	0.6224	
9.66	0.846	-1.379	2.049	0.3595	0.5543	
9.67	0.5204	-1.1726	2.4832	0.1534	0.408	
9.68	0.3734	-0.6533	2.6915	-0.017	0.2588	
9.69	0.4945	-0.1604	2.7632	-0.1832	0.1043	
9.7	0.6497	0.2154	2.7211	-0.4225	-0.0491	
9.71	1.1256	0.5642	2.7137	-0.5418	-0.1884	
9.72	1.5462	0.7591	2.4889	-0.7703	-0.312	
9.73	1.8553	0.8116	2.6305	-0.92	-0.4509	
9.74	2.4711	0.8119	2.3592	-0.8995	-0.6084	
9.75	2.4378	0.6548	2.6718	-1.0146	-0.6772	
9.76	2.3787	0.4246	2.1934	-1.035	-0.7233	
9.77	2.0827	0.1288	2.2121	-0.951	-0.8161	
9.78	1.9048	-0.1882	1.9661	-0.9941	-0.9437	
9.79	1.4579	-0.4968	1.7511	-0.8624	-0.9147	
9.8	1.1289	-0.6104	1.534	-0.7949	-0.9311	
9.81	0.7432	-0.8184	1.2414	-0.6598	-0.9132	
9.82	0.5716	-0.8868	1.1558	-0.3906	-0.9233	
9.83	0.5894	-0.6817	0.8796	-0.1656	-0.8913	
9.84	0.9062	-0.4702	0.7912	0.1128	-0.8418	
9.85	1.1969	-0.2584	0.6996	0.4364	-0.7321	
9.86	1.7965	0.0345	0.5848	0.7051	-0.6321	
9.87	2.0883	0.35	0.5124	0.9461	-0.55	
9.88	2.4163	0.5528	0.4758	1.4208	-0.4763	
9.89	2.5613	0.7362	0.5388	1.6019	-0.3827	
9.9	2.7075	0.6919	0.54	1.9303	-0.2459	
9.91	2.4195	0.7302	0.6758	1.9345	-0.1253	
9.92	2.1474	0.5221	0.813	2.1315	0.0033	
9.93	1.6923	0.1822	0.8675	2.3575	0.1273	
9.94	1.2163	-0.2263	1.1873	2.7932	0.2366	
9.95	0.911	-0.701	1.3393	2.7057	0.3937	
9.96	0.6123	-1.1038	1.383	2.6594	0.4314	
9.97	0.656	-1.3294	1.489	2.8384	0.5394	
9.98	0.966	-1.6999	1.7551	2.4496	0.5731	
9.99	1.3765	-2.1661	1.7208	2.546	0.6804	
10.0	1.7762	-1.9157	2.0927	2.1828	0.7944	
10.01	2.1269	-2.1416	2.061	2.2319	0.8139	
10.02	2.5106	-1.9707	2.0478	1.7338	0.7411	
10.03	2.5515	-1.6359	1.814	1.6604	0.7474	
10.04	2.7086	-1.3678	1.9739	1.3446	0.7903	
10.05	2.589	-0.976	1.7671	1.2171	0.6232	
10.06	2.158	-0.7112	1.5202	0.9581	0.5602	
10.07	1.572	-0.5401	1.357	0.6914	0.5517	
10.08	1.3234	-0.4338	1.2716	0.4777	0.3927	
10.09	0.8619	-0.4314	0.8867	0.2966	0.2741	
10.1	0.6521	-0.5213	0.6851	0.113	0.1704	
10.11	0.6117	-0.79	0.4944	-0.028	0.0235	
10.12	0.8	-1.0406	0.2333	-0.131	-0.1247	
10.13	1.2829	-1.2418	0.0036	-0.184	-0.2593	
10.14	1.5792	-1.7702	-0.2145	-0.2188	-0.4672	
10.15	2.2383	-1.6977	-0.4228	-0.2429	-0.5604	
10.16	2.1974	-2.12	-0.5867	-0.1882	-0.7359	
10.17	2.5839	-1.9499	-0.7169	-0.1465	-0.8482	
10.18	2.7172	-1.7286	-0.7857	-0.0538	-1.0432	
10.19	2.5759	-1.8088	-0.7852	0.0475	-1.0578	
10.2	1.9574	-1.4319	-0.7886	0.1683	-1.3569	
10.21	1.4702	-0.9483	-0.7467	0.2864	-1.3092	
10.22	1.2061	-0.4675	-0.6905	0.4025	-1.3433	
10.23	0.8582	0.005	-0.6334	0.4857	-1.645	
10.24	0.6667	0.4012	-0.4696	0.65	-1.5663	
10.25	0.622	0.8179	-0.3595	0.7339	-1.4968	
10.26	0.7698	1.0649	-0.1906	0.7483	-1.5156	
10.27	1.1157	1.0487	-0.0653	0.8931	-1.6148	
10.28	1.4444	0.9994	0.0818	0.8752	-1.5096	
10.29	1.9162	0.9264	0.1967	0.8451	-1.4996	
10.3	2.4629	0.7852	0.2919	0.7624	-1.43	
10.31	2.6852	0.4611	0.4045	0.7103	-1.5524	
10.32	2.5352	0.2406	0.3954	0.6827	-1.3823	
10.33	2.3667	0.0677	0.4132	0.6188	-1.1697	
10.34	1.7679	-0.0592	0.3416	0.496	-1.1437	
10.35	1.3879	-0.0856	0.2658	0.3759	-0.9476	
10.36	1.0799	0.0031	0.1656	0.3126	-0.8221	
10.37	0.6406	0.218	0.016	0.2066	-0.7156	
10.38	0.4288	0.4701	-0.1582	0.1136	-0.6557	
10.39	0.4459	0.8411	-0.349	0.0577	-0.5026	
10.4	0.5663	1.1533	-0.6149	0.0078	-0.425	
10.41	0.7826	1.4375	-0.7915	-0.0103	-0.3279	
10.42	1.2566	1.7883	-1.2155	0.0017	-0.2053	
10.43	1.5852	2.1193	-1.3993	0.0446	-0.1674	
10.44	2.1493	2.1767	-1.5252	0.1189	-0.085	
10.45	2.2202	2.0359	-1.6523	0.2322	-0.0558	
10.46	2.4508	1.8673	-1.8991	0.3801	-0.0291	
10.47	1.9404	1.5443	-2.2175	0.5798	-0.0228	
10.48	1.6661	1.1725	-2.2895	0.6936	-0.0385	
10.49	1.3426	0.8563	-2.1972	0.8983	-0.0673	
10.5	0.9831	0.4084	-2.3536	1.2205	-0.1142	
10.51	0.5093	0.0408	-2.2608	1.4086	-0.1941	
10.52	0.2528	-0.2333	-2.148	1.7915	-0.2919	
10.53	0.1772	-0.3856	-2.1868	2.0365	-0.4181	
10.54	0.3132	-0.4722	-2.3034	1.9516	-0.5388	
10.55	0.6252	-0.445	-2.1247	2.2125	-0.6736	
10.56	0.9176	-0.2454	-1.8463	2.5757	-0.8004	
10.57	1.5504	-0.0189	-1.7555	2.7332	-0.8936	
10.58	1.6366	0.2506	-1.5815	2.7398	-1.1671	
10.59	1.9067	0.5487	-1.357	2.9724	-1.1002	
10.6	2.0146	0.7334	-1.1244	3.0746	-1.3604	
10.61	1.7784	0.8546	-1.0248	2.6726	-1.6333	
10.62	1.5259	0.8926	-0.99	2.5104	-1.7695	
10.63	1.1296	0.6863	-0.8002	2.4564	-1.644	
10.64	0.7718	0.5545	-0.7792	2.5806	-1.89	
10.65	0.327	0.2618	-0.7673	2.1388	-2.0936	
10.66	0.034	-0.0915	-0.9702	1.8953	-2.1904	
10.67	-0.0519	-0.4423	-1.0295	1.6808	-2.0219	
10.68	0.0568	-0.7948	-1.1883	1.5837	-2.2	
10.69	0.3369	-1.1582	-1.3508	1.2184	-2.1938	
10.7	0.7008	-1.2928	-1.4807	0.8936	-2.2237	
10.71	1.1895	-1.359	-1.7304	0.6034	-2.2952	
10.72	1.5851	-1.327	-1.6494	0.307	-2.4092	
10.73	1.818	-1.0663	-1.9193	0.0425	-2.5012	
10.74	1.884	-0.8229	-2.3634	-0.1975	-2.447	
10.75	1.8161	-0.4244	-2.4753	-0.3916	-1.9975	
10.76	1.3597	0.0073	-2.7378	-0.5382	-2.2243	
10.77	1.0341	0.4495	-2.8048	-0.6654	-2.1206	
10.78	0.5075	0.8508	-3.0358	-0.7286	-2.0508	
10.79	0.0682	1.0656	-3.0743	-0.8078	-1.6277	
10.8	-0.2299	1.1891	-3.2542	-0.7369	-1.6641	
10.81	-0.3041	1.2725	-3.0776	-0.6584	-1.6259	
10.82	-0.2198	1.2626	-2.8567	-0.5879	-1.5447	
10.83	0.0431	1.0249	-2.8914	-0.4637	-1.3834	
10.84	0.4265	0.8292	-2.4456	-0.2666	-1.0563	
10.85	0.8806	0.667	-2.3804	-0.1195	-1.1103	
10.86	1.3513	0.435	-2.4798	0.0859	-0.8278	
10.87	1.4801	0.2975	-2.3129	0.2797	-0.8265	
10.88	1.4711	0.1848	-1.7737	0.4587	-0.7461	
10.89	1.3722	0.2494	-1.6112	0.6655	-0.6054	
10.9	1.1197	0.3888	-1.396	0.9465	-0.6401	
10.91	0.7277	0.6422	-1.2626	0.9886	-0.5615	
10.92	0.252	1.0597	-1.1477	1.1906	-0.5471	
10.93	-0.1565	1.4554	-0.9044	1.3399	-0.5531	
10.94	-0.401	1.8372	-0.8341	1.5125	-0.5122	
10.95	-0.5502	2.0457	-0.777	1.6101	-0.5328	
10.96	-0.5205	2.7823	-0.785	1.3992	-0.6829	
10.97	-0.2327	2.8009	-0.7658	1.6007	-0.6878	
10.98	0.17	2.7771	-0.7237	1.5292	-0.7831	
10.99	0.5819	3.0854	-0.8578	1.3255	-0.8934	
11.0	0.9748	2.518	-0.9618	1.3425	-1.1005	
11.01	1.2352	2.2232	-1.0835	1.2274	-1.1913	
11.02	1.4408	2.0266	-1.195	1.1504	-1.3215	
11.03	1.1718	1.8895	-1.363	1.0727	-1.2706	
11.04	0.9316	1.5117	-1.5456	1.0617	-1.4584	
11.05	0.5919	1.068	-1.5584	0.939	-1.7805	
11.06	0.0937	0.9144	-1.9104	0.9503	-1.9132	
11.07	-0.3364	0.6733	-2.0915	0.8432	-1.7298	
11.08	-0.6015	0.7908	-2.2838	0.8767	-1.9629	
11.09	-0.7042	0.8711	-1.9938	0.7913	-2.0298	
11.1	-0.681	1.0393	-2.2209	0.9217	-2.2021	
11.11	-0.4713	1.1458	-2.0421	0.8618	-2.25	
11.12	-0.0656	1.5445	-2.3142	0.9629	-2.5018	
11.13	0.3391	1.5938	-2.2556	1.1333	-2.3125	
11.14	0.8173	1.7645	-1.9292	1.16	-2.6835	
11.15	1.1316	1.8561	-1.6603	1.3487	-2.3197	
11.16	1.1431	2.1134	-1.6883	1.6247	-2.4686	
11.17	1.0828	1.6929	-1.3039	1.8015	-2.5779	
11.18	0.8323	1.3833	-1.1024	1.7753	-2.2656	
11.19	0.4356	1.1064	-0.8244	1.9131	-2.3866	
11.2	-0.0345	0.6579	-0.6137	2.0442	-2.4153	
11.21	-0.4812	0.2495	-0.4019	2.2396	-2.2991	
11.22	-0.7248	-0.1337	-0.1707	2.2156	-2.057	
11.23	-0.9599	-0.4869	0.0277	2.225	-1.86	
11.24	-0.8586	-0.7179	0.2009	2.5146	-1.7689	
11.25	-0.5881	-0.9037	0.3775	2.4484	-1.6937	
11.26	-0.2296	-0.8177	0.5169	2.4962	-1.5268	
11.27	0.1781	-0.7505	0.5281	2.0666	-1.354	
11.28	0.6351	-0.4261	0.552	2.0777	-1.1348	
11.29	0.8465	-0.1465	0.5278	1.8859	-0.982	
11.3	1.1023	0.1591	0.5609	1.7485	-0.7505	
11.31	0.9039	0.5066	0.5004	1.3379	-0.724	
11.32	0.7848	0.7133	0.3501	1.1532	-0.5524	
11.33	0.3672	1.0214	0.2395	0.858	-0.4204	
11.34	-0.0943	1.0261	0.0854	0.6546	-0.3782	
11.35	-0.4979	0.9417	-0.0665	0.351	-0.2826	
11.36	-0.7822	0.7916	-0.2283	0.0501	-0.2257	
11.37	-1.0586	0.6883	-0.3962	-0.2162	-0.1606	
11.38	-0.9881	0.4045	-0.4507	-0.4197	-0.1396	
11.39	-0.6985	0.0874	-0.5379	-0.6233	-0.1537	
11.4	-0.323	-0.1432	-0.6149	-0.7918	-0.1419	
11.41	0.0856	-0.3522	-0.7395	-0.8878	-0.1988	
11.42	0.4521	-0.4229	-0.6303	-0.9264	-0.2242	
11.43	0.7514	-0.3435	-0.6167	-0.9303	-0.296	
11.44	1.0194	-0.1791	-0.6271	-0.979	-0.4105	
11.45	0.9015	0.0872	-0.4627	-0.8672	-0.5002	
11.46	0.7655	0.4558	-0.2742	-0.8988	-0.5805	
11.47	0.3417	0.8353	-0.1139	-0.6118	-0.6969	
11.48	-0.0973	1.2537	0.099	-0.4795	-0.7287	
11.49	-0.4777	1.5699	0.3324	-0.2446	-0.912	
11.5	-0.8985	1.8856	0.5904	-0.0178	-1.0239	
11.51	-0.9529	2.1253	0.8474	0.2374	-1.2389	
11.52	-1.0395	2.4628	1.028	0.495	-1.1143	
11.53	-0.7748	2.5081	1.2706	0.85	-1.2883	
11.54	-0.3526	2.2998	1.4654	0.975	-1.296	
11.55	0.0449	2.2186	1.6869	1.2833	-1.4501	
11.56	0.5041	1.8076	1.6526	1.6542	-1.6856	
11.57	0.7626	1.603	2.0445	1.8014	-1.5907	
11.58	1.05	1.233	1.8977	1.904	-1.7512	
11.59	0.9974	0.865	1.9278	2.1968	-1.5482	
11.6	0.8008	0.7213	2.1128	2.3864	-1.7121	
11.61	0.3925	0.737	1.8942	2.405	-1.5005	
11.62	-0.0158	0.7821	1.6642	2.321	-1.5524	
11.63	-0.4663	0.9994	1.6791	2.3428	-1.5845	
11.64	-0.8348	1.1013	1.3852	2.0953	-1.3238	
11.65	-0.9145	1.3942	1.4035	2.1769	-1.3279	
11.66	-0.9503	1.5931	1.1608	2.1426	-1.2696	
11.67	-0.7275	1.7999	1.054	2.0676	-1.1113	
11.68	-0.3519	2.2573	0.7956	1.9125	-0.9699	
11.69	0.0928	2.2157	0.6679	1.6183	-0.7661	
11.7	0.5473	2.3092	0.6006	1.5772	-0.5396	
11.71	0.8151	1.7918	0.4129	1.3377	-0.3675	
11.72	1.1634	1.4908	0.4067	1.2018	-0.2463	
11.73	1.0339	1.2363	0.3378	1.0928	-0.0694	
11.74	0.9561	0.7667	0.3538	1.0358	0.1016	
11.75	0.5188	0.3621	0.4068	0.8151	0.2751	
11.76	0.1416	-0.1006	0.4349	0.8653	0.3928	
11.77	-0.3041	-0.4909	0.5465	0.798	0.5316	
11.78	-0.5696	-0.6724	0.7119	0.8052	0.6519	
11.79	-0.807	-0.9321	0.8804	0.7609	0.7562	
11.8	-0.8744	-0.8348	1.0329	0.8905	0.9178	
11.81	-0.5583	-0.7576	1.4081	0.8412	1.0218	
11.82	-0.2732	-0.6003	1.5318	1.0021	1.1047	
11.83	0.1771	-0.4038	1.6698	0.966	1.0823	
11.84	0.6631	-0.1298	1.846	1.177	1.1202	
11.85	0.9402	0.1087	2.2813	1.1659	1.0311	
11.86	1.2835	0.2843	2.2305	1.3414	0.983	
11.87	1.1957	0.339	2.3874	1.3025	0.9262	
11.88	1.1651	0.3029	2.3106	1.3897	0.8671	
11.89	0.7066	0.1856	2.2878	1.347	0.9608	
11.9	0.3089	-0.0344	2.2664	1.3742	0.8783	
11.91	-0.088	-0.3765	2.4569	1.2456	0.7449	
11.92	-0.4512	-0.7429	2.0646	1.186	0.6065	
11.93	-0.6046	-0.9452	1.9389	1.2161	0.4835	
11.94	-0.6669	-1.2427	2.1395	0.9658	0.3746	
11.95	-0.4687	-1.5197	1.9504	0.973	0.3268	
11.96	-0.0951	-1.6877	1.5731	0.7847	0.1795	
11.97	0.339	-1.6853	1.3233	0.604	0.1046	
11.98	0.7456	-1.3648	1.0547	0.3251	0.0036	
11.99	1.1947	-1.1694	1.0367	0.1438	-0.0836	
12.0	1.3014	-0.9123	0.7849	-0.0591	-0.148	
12.01	1.3727	-0.5155	0.5483	-0.2487	-0.2216	
12.02	1.1747	-0.0511	0.4281	-0.4521	-0.2361	
12.03	1.0597	0.3676	0.2979	-0.6502	-0.2685	
12.04	0.6041	0.6248	0.2542	-0.6808	-0.2736	
12.05	0.1434	0.8731	0.2195	-0.9473	-0.2523	
12.06	-0.2152	1.0106	0.2514	-0.9879	-0.2612	
12.07	-0.3813	0.9537	0.2897	-1.0168	-0.198	
12.08	-0.4281	0.823	0.3756	-0.9425	-0.1228	
12.09	-0.2605	0.6787	0.4356	-0.9653	-0.0311	
12.1	0.0879	0.3889	0.6108	-0.8147	0.0704	
12.11	0.5625	0.092	0.7579	-0.6415	0.196	
12.12	1.0036	-0.1461	0.9599	-0.4409	0.3458	
12.13	1.2585	-0.3254	1.2283	-0.2261	0.4844	
12.14	1.7018	-0.3725	1.1662	0.0311	0.6123	
12.15	1.6472	-0.3633	1.3733	0.319	0.7933	
12.16	1.5238	-0.2349	1.6549	0.6385	1.0216	
12.17	1.3368	0.0267	1.6093	0.9677	1.0927	
12.18	0.788	0.3162	1.8815	1.1138	1.2442	
12.19	0.4169	0.7025	1.8147	1.4962	1.5661	
12.2	0.0522	1.0284	1.7245	1.6536	1.7119	
12.21	-0.1656	1.4193	1.8646	1.8655	1.8434	
12.22	-0.2181	1.5692	1.7362	2.3593	1.8222	
12.23	-0.0536	1.5851	1.5603	2.1563	2.1409	
12.24	0.2911	1.4753	1.3741	2.3194	2.1878	
12.25	0.6947	1.4791	1.185	2.7189	2.3371	
12.26	1.2735	1.0743	1.1004	2.3452	2.1654	
12.27	1.6429	0.8044	0.8118	2.3517	2.5169	
12.28	1.765	0.3565	0.5738	2.6441	2.2719	
12.29	1.8301	-0.0925	0.4017	2.2105	2.4233	
12.3	1.9427	-0.4665	0.1854	2.412	2.1709	
12.31	1.5413	-0.8264	-0.0379	1.9971	2.3596	
12.32	1.0136	-1.0539	-0.2028	1.8626	2.3299	
12.33	0.6321	-1.0739	-0.3602	1.8479	2.3141	
12.34	0.302	-1.158	-0.5062	1.5501	2.1561	
12.35	0.0539	-1.0404	-0.547	1.3166	1.8702	
12.36	0.0002	-0.8769	-0.6238	1.041	2.0016	
12.37	0.1327	-0.6078	-0.654	0.7517	1.8846	
12.38	0.4225	-0.4427	-0.665	0.4861	1.5744	
12.39	0.8273	-0.2402	-0.4864	0.336	1.7299	
12.4	1.3258	-0.1302	-0.4154	0.1265	1.635	
12.41	1.6544	-0.1325	-0.2959	-0.0203	1.3644	
12.42	2.1353	-0.2118	-0.1456	-0.1389	1.1842	
12.43	1.9159	-0.4081	0.028	-0.2188	1.1212	
12.44	2.0738	-0.7779	0.2222	-0.2456	0.9635	
12.45	1.721	-1.1232	0.3571	-0.272	0.894	
12.46	1.3178	-1.6631	0.4966	-0.2842	0.9347	
12.47	0.8526	-1.7983	0.7169	-0.2446	0.839	
12.48	0.5177	-2.436	0.7468	-0.1769	0.7191	
12.49	0.245	-2.4374	0.8203	-0.0954	0.8435	
12.5	0.1904	-2.6504	1.0046	-0.0083	0.7988	
12.51	0.3111	-2.6319	1.0427	0.0924	0.8391	
12.52	0.6422	-2.84	0.9169	0.1754	0.8851	
12.53	1.0447	-2.2207	0.9266	0.2683	0.8568	
12.54	1.3753	-1.8578	0.8442	0.3822	0.9599	
12.55	2.0389	-1.5877	0.6599	0.4588	1.0994	
12.56	2.2574	-1.3132	0.4479	0.4555	1.0994	
12.57	2.3256	-1.0316	0.249	0.4904	1.1742	
12.58	2.1553	-0.6416	0.0643	0.5372	1.425	
12.59	1.8348	-0.5095	-0.1442	0.4459	1.5327	
12.6	1.4846	-0.4701	-0.3504	0.4141	1.6529	
12.61	1.0263	-0.5133	-0.6159	0.3439	1.9356	
12.62	0.7295	-0.6205	-0.7982	0.3065	1.8144	
12.63	0.3842	-0.9493	-0.9416	0.1953	2.1792	
12.64	0.303	-1.0404	-1.1594	0.0661	2.23	
12.65	0.4136	-1.2495	-1.115	-0.0585	2.1687	
12.66	0.6835	-1.7122	-1.2984	-0.1777	2.4202	
12.67	1.1305	-1.6094	-1.4283	-0.3088	2.4459	
12.68	1.4992	-1.8612	-1.3369	-0.4274	2.7269	
12.69	1.818	-1.6762	-1.3178	-0.4624	2.619	
12.7	2.1901	-1.3528	-1.207	-0.5924	3.0562	
12.71	2.4075	-1.0959	-1.1329	-0.6041	2.6565	
12.72	2.3195	-0.7271	-0.8768	-0.6086	3.1096	
12.73	2.1833	-0.2491	-0.7684	-0.5561	2.859	
12.74	1.5314	0.1552	-0.5508	-0.4928	3.035	
12.75	1.112	0.4806	-0.3554	-0.4394	2.8322	
12.76	0.7858	0.8073	-0.1343	-0.3023	3.1043	
12.77	0.4899	0.8721	0.0528	-0.1399	2.7987	
12.78	0.3309	0.9533	0.2093	0.0563	2.7451	
12.79	0.441	0.912	0.3952	0.2659	2.3653	
12.8	0.6408	0.6286	0.531	0.5001	2.4001	
12.81	1.0046	0.2973	0.6158	0.7522	2.481	
12.82	1.5205	-0.0518	0.5892	0.9865	2.3435	
12.83	1.9887	-0.3939	0.6283	1.2732	2.2644	
12.84	2.1105	-0.7787	0.6307	1.3631	2.1097	
12.85	2.1845	-1.0011	0.5151	1.6969	1.7278	
12.86	2.2121	-1.1737	0.3739	1.7296	1.6395	
12.87	2.076	-1.2305	0.2268	2.1894	1.4734	
12.88	1.4742	-1.0215	0.0827	2.3175	1.3202	
12.89	1.1381	-0.813	-0.1001	2.1707	1.1537	
12.9	0.8306	-0.6466	-0.323	2.3685	1.2094	
12.91	0.4678	-0.4158	-0.5352	2.3856	1.0007	
12.92	0.3523	-0.1731	-0.6458	1.988	1.0646	
12.93	0.3932	0.034	-0.7726	1.9208	0.8301	
12.94	0.6315	0.1272	-1.0774	2.0308	0.9148	
12.95	0.9267	0.123	-1.2477	1.5927	0.7533	
12.96	1.3332	0.0034	-1.2692	1.6277	0.7933	
12.97	1.7789	-0.2541	-1.2051	1.2771	0.814	
12.98	2.1842	-0.5658	-1.1782	0.9174	0.8711	
12.99	2.2005	-0.9451	-1.1533	0.6003	0.9071	
13.0	2.3152	-1.3886	-1.1276	0.3246	0.9005	
13.01	2.0649	-1.9093	-1.0446	0.0471	1.0167	
13.02	1.5147	-2.4445	-1.0157	-0.261	1.2253	
13.03	1.0245	-2.5241	-0.7582	-0.5044	1.1966	
13.04	0.7734	-2.572	-0.5771	-0.7792	1.2864	
13.05	0.4175	-2.6794	-0.3776	-1.0166	1.5088	
13.06	0.2386	-2.5295	-0.1741	-1.1123	1.423	
13.07	0.2626	-2.3631	0.0277	-1.2055	1.7988	
13.08	0.5001	-2.0227	0.2429	-1.2752	1.9257	
13.09	0.8955	-1.663	0.4021	-1.5808	1.9473	
13.1	1.2284	-1.5336	0.5492	-1.5135	1.9413	
13.11	1.8193	-1.1084	0.6563	-1.3752	2.0797	
13.12	2.1454	-1.0935	0.7534	-1.3874	2.434	
13.13	2.0152	-0.8675	0.8215	-1.2088	2.3398	
13.14	1.8676	-0.9796	0.804	-1.1506	2.5641	
13.15	1.8396	-1.0988	0.8873	-0.9421	2.6295	
13.16	1.3084	-1.2993	0.735	-0.7772	2.6832	
13.17	0.9866	-1.477	0.7256	-0.6228	2.5852	
13.18	0.5734	-1.8253	0.5128	-0.456	2.6178	
13.19	0.1931	-1.975	0.3727	-0.278	2.2331	
13.2	0.0296	-2.3945	0.2135	-0.1211	2.5598	
13.21	0.0419	-2.1577	0.05	0.0321	2.5052	
13.22	0.2218	-2.2003	-0.1401	0.1709	2.2515	
13.23	0.5794	-2.1194	-0.3426	0.2584	1.9753	
13.24	0.9466	-1.8971	-0.4686	0.329	2.0383	
13.25	1.5451	-1.6491	-0.6871	0.4092	1.7885	
13.26	1.7267	-1.0353	-0.7742	0.4659	1.7089	
13.27	1.8171	-0.6077	-0.9566	0.4483	1.5753	
13.28	1.6615	-0.17	-0.8524	0.4397	1.3989	
13.29	1.4933	0.218	-1.0395	0.3428	1.3262	
13.3	1.1649	0.5028	-0.8597	0.3168	1.0359	
13.31	0.8145	0.6685	-0.8389	0.2132	0.9974	
13.32	0.2925	0.7498	-0.7204	0.1289	0.7921	
13.33	-0.0361	0.6668	-0.6423	0.0409	0.5925	
13.34	-0.2508	0.5201	-0.4746	-0.0492	0.5122	
13.35	-0.2314	0.3103	-0.2962	-0.1247	0.3664	
13.36	-0.0676	0.0307	-0.0899	-0.1726	0.2799	
13.37	0.2864	-0.2515	0.1071	-0.213	0.1506	
13.38	0.621	-0.4889	0.3432	-0.2665	0.0681	
13.39	1.1716	-0.6392	0.5095	-0.2466	0.0093	
13.4	1.4746	-0.6094	0.7086	-0.2208	-0.036	
13.41	1.6515	-0.5416	0.8148	-0.1867	-0.0619	
13.42	1.6877	-0.3761	0.9944	-0.1029	-0.0761	
13.43	1.2961	-0.1177	1.1495	0.0058	-0.062	
13.44	0.975	0.2194	1.0479	0.1268	-0.0307	
13.45	0.4854	0.5055	1.179	0.2909	0.0181	
13.46	0.0326	0.8175	1.0876	0.4185	0.0825	
13.47	-0.3532	1.1491	1.0204	0.5383	0.1521	
13.48	-0.6026	1.225	0.8403	0.713	0.2296	
13.49	-0.5887	1.2706	0.7815	0.8186	0.3513	
13.5	-0.4478	1.0821	0.6395	0.9362	0.4561	
13.51	-0.1069	0.9487	0.3689	1.2078	0.5873	
13.52	0.3009	0.558	0.204	1.3518	0.6188	
13.53	0.7602	0.123	-0.0062	1.3594	0.8089	
13.54	1.0176	-0.3211	-0.2207	1.3838	0.9653	
13.55	1.2086	-0.6742	-0.4064	1.2956	1.0454	
13.56	1.1007	-1.1254	-0.5877	1.3004	1.0166	
13.57	0.9688	-1.3204	-0.6865	1.1889	1.2893	
13.58	0.6232	-1.3634	-0.9227	1.0361	1.37	
13.59	0.1792	-1.5111	-0.9536	0.8148	1.2318	
13.6	-0.2954	-1.4745	-1.0383	0.6858	1.4454	
13.61	-0.7247	-1.1796	-0.9066	0.4226	1.4513	
13.62	-0.8996	-1.0652	-0.9133	0.167	1.4356	
13.63	-0.9504	-0.7173	-0.8757	-0.1278	1.3241	
13.64	-0.8049	-0.439	-0.767	-0.4066	1.2917	
13.65	-0.5415	-0.2296	-0.6072	-0.7118	1.3904	
13.66	-0.1257	-0.0795	-0.4418	-0.9117	1.1552	
13.67	0.2936	-0.0665	-0.2726	-1.3212	1.0337	
13.68	0.5789	-0.1415	-0.0773	-1.5832	0.9877	
13.69	0.8908	-0.3591	0.1061	-1.8149	0.8202	
13.7	0.8017	-0.6136	0.2548	-1.744	0.7673	
13.71	0.6871	-0.9967	0.4452	-2.0165	0.6547	
13.72	0.2655	-1.2263	0.5436	-2.0577	0.4721	
13.73	-0.1933	-1.6141	0.7277	-2.092	0.3273	
13.74	-0.5886	-1.9528	0.7241	-2.1707	0.153	
13.75	-1.0628	-2.0832	0.7507	-2.2838	-0.0076	
13.76	-1.354	-1.9473	0.7621	-1.9937	-0.1558	
13.77	-1.2354	-1.7598	0.7029	-2.0381	-0.3052	
13.78	-1.3041	-1.3998	0.6751	-1.9427	-0.4497	
13.79	-1.0	-1.1716	0.559	-1.5339	-0.5885	
13.8	-0.529	-0.755	0.3781	-1.5434	-0.773	
13.81	-0.118	-0.3049	0.1737	-1.2154	-0.888	
13.82	0.2033	0.1475	-0.021	-0.9289	-1.0366	
13.83	0.4082	0.508	-0.2267	-0.6805	-1.0485	
13.84	0.4637	0.781	-0.4215	-0.4176	-1.1476	
13.85	0.2495	1.0085	-0.7201	-0.1635	-1.2506	
13.86	-0.0784	1.0548	-0.9638	0.053	-1.0723	
13.87	-0.5481	0.8737	-1.0273	0.2659	-1.1682	
13.88	-1.058	0.8267	-1.1515	0.4156	-1.1859	
13.89	-1.2636	0.6252	-1.3012	0.615	-1.1165	
13.9	-1.5136	0.3986	-1.5658	0.6785	-1.1515	
13.91	-1.7235	0.165	-1.4483	0.8481	-1.0848	
13.92	-1.5075	0.0064	-1.6029	0.7511	-0.9791	
13.93	-1.3079	-0.0478	-1.446	0.7796	-0.8794	
13.94	-0.8747	-0.0016	-1.3797	0.794	-0.6839	
13.95	-0.5507	0.1703	-1.4953	0.7138	-0.6202	
13.96	-0.1692	0.4478	-1.2633	0.6038	-0.4565	
13.97	0.0441	0.7468	-1.2051	0.5433	-0.3537	
13.98	0.0845	1.1808	-0.941	0.385	-0.2323	
13.99	-0.0704	1.4649	-0.7954	0.2389	-0.1345	
14.0	-0.3673	1.982	-0.5919	0.0996	-0.0109	
14.01	-0.8345	2.4316	-0.4168	-0.0411	0.1042	
14.02	-1.2796	2.5053	-0.244	-0.1675	0.189	
14.03	-1.8258	2.5095	-0.1006	-0.2755	0.2837	
14.04	-1.8946	2.2393	0.0046	-0.3839	0.3408	
14.05	-2.1207	2.2594	0.0834	-0.4419	0.4339	
14.06	-2.1346	1.8723	0.1174	-0.5433	0.4794	
14.07	-1.683	1.5064	0.1091	-0.5894	0.4477	
14.08	-1.2975	1.135	0.0751	-0.5802	0.4961	
14.09	-0.8642	0.7856	-0.0103	-0.5732	0.439	
14.1	-0.5177	0.3993	-0.1239	-0.4775	0.4134	
14.11	-0.292	0.216	-0.253	-0.4683	0.3228	
14.12	-0.2013	0.0819	-0.4671	-0.3759	0.2867	
14.13	-0.3957	0.0989	-0.6575	-0.3108	0.1693	
14.14	-0.6618	0.21	-0.8294	-0.1791	0.0727	
