0.01	0.204	0.408	0.3272	0.1683	
0.02	0.4039	0.7316	0.5792	0.3463	
0.03	0.5853	1.1563	0.9085	0.5579	
0.04	0.8932	1.2496	0.9586	0.6752	
0.05	0.9355	1.1256	1.1518	0.8669	
0.06	1.0895	0.9465	1.2125	1.0648	
0.07	1.2748	0.8	1.1228	1.0549	
0.08	1.5095	0.4053	0.9845	1.3019	
0.09	1.5211	0.0779	0.6325	1.3022	
0.1	1.7602	-0.1953	0.4321	1.472	
0.11	1.9642	-0.3381	0.1924	1.4971	
0.12	1.9555	-0.4296	-0.0739	1.7765	
0.13	2.0912	-0.2654	-0.2725	1.5336	
0.14	2.0524	-0.0254	-0.4745	1.7952	
0.15	2.0516	0.3627	-0.4842	1.8213	
0.16	1.9917	0.8297	-0.5387	1.9364	
0.17	2.0621	1.1647	-0.4254	1.5851	
0.18	1.8666	1.6372	-0.2482	1.75	
0.19	1.965	1.9393	0.0055	1.8613	
0.2	1.6272	1.9427	0.3312	1.6206	
0.21	1.6396	2.1102	0.6003	1.4647	
0.22	1.6461	1.7691	1.0324	1.5086	
0.23	1.5517	1.5522	1.1341	1.3474	
0.24	1.3534	1.2742	1.524	1.371	
0.25	1.278	0.8393	1.5475	1.2647	
0.26	1.2446	0.5198	1.6359	1.0703	
0.27	1.1573	0.3257	1.8579	0.9828	
0.28	1.0645	0.2706	1.6782	1.0325	
0.29	1.0135	0.3879	1.4632	0.7773	
0.3	0.9566	0.6097	1.2361	0.6956	
0.31	0.8668	0.9968	1.0554	0.6157	
0.32	0.9078	1.2893	0.6986	0.5123	
0.33	0.8927	1.9856	0.4533	0.4437	
0.34	0.9085	2.0925	0.2637	0.4331	
0.35	0.8832	2.3707	0.1236	0.327	
0.36	0.847	2.7165	0.0332	0.288	
0.37	0.9735	2.6452	0.037	0.2778	
0.38	1.0472	2.5717	0.1431	0.2411	
0.39	1.0477	1.9183	0.3214	0.2019	
0.4	1.1719	1.5991	0.5524	0.1963	
0.41	1.4151	1.3882	0.8626	0.2145	
0.42	1.4347	1.0646	1.087	0.2387	
0.43	1.7214	0.8644	1.3701	0.2459	
0.44	1.742	0.8125	1.8329	0.3039	
0.45	1.8112	0.8637	2.1859	0.3741	
0.46	1.8622	1.1057	2.2615	0.4346	
0.47	1.9246	1.2639	2.3913	0.4348	
0.48	2.1107	1.702	2.1632	0.5811	
0.49	2.1684	2.0163	2.1795	0.6885	
0.5	2.5222	2.41	2.0377	0.7007	
0.51	2.6177	2.62	1.7271	0.814	
0.52	2.6373	2.8189	1.5459	0.9628	
0.53	2.7254	2.6753	1.1031	1.0147	
0.54	2.4403	2.5552	0.9507	1.079	
0.55	2.5532	2.427	0.7307	1.0919	
0.56	2.4844	2.0171	0.5205	1.2908	
0.57	2.4191	1.6116	0.4193	1.1719	
0.58	2.4542	1.1911	0.4108	1.4086	
0.59	2.6527	0.96	0.5549	1.3422	
0.6	2.2285	0.9329	0.7505	1.4318	
0.61	2.4324	0.9877	0.8613	1.504	
0.62	2.3207	1.1544	1.1901	1.4052	
0.63	1.9207	1.5191	1.4437	1.3728	
0.64	2.1082	1.8238	1.7737	1.2686	
0.65	1.8029	2.3891	1.9979	1.4372	
0.66	1.7282	2.4877	2.2835	1.3496	
0.67	1.3314	2.6017	2.5534	1.3308	
0.68	1.2648	3.1095	2.6806	1.0723	
0.69	1.0328	2.7678	2.4057	1.0907	
0.7	0.9016	2.5801	2.3267	0.9561	
0.71	0.6621	2.2926	2.267	0.776	
0.72	0.4795	1.7854	1.9218	0.7126	
0.73	0.2657	1.4695	1.7828	0.5947	
0.74	0.0836	1.222	1.4373	0.5037	
0.75	-0.0774	0.8829	1.1642	0.3436	
0.76	-0.2374	0.849	0.8579	0.1555	
0.77	-0.3807	0.8024	0.7125	0.0172	
0.78	-0.494	0.9944	0.7218	-0.1462	
0.79	-0.5303	1.3471	0.642	-0.2821	
0.8	-0.6111	1.7188	0.692	-0.4389	
0.81	-0.7404	2.012	0.8378	-0.5966	
0.82	-0.8526	2.2257	1.0975	-0.7254	
0.83	-0.7621	2.2851	1.5214	-0.8694	
0.84	-0.778	2.7634	1.849	-0.8884	
0.85	-0.8511	2.7157	2.0661	-1.0489	
0.86	-0.8406	2.1635	2.3389	-1.1437	
0.87	-0.7515	2.1129	2.5541	-1.3443	
0.88	-0.715	1.6421	2.6695	-1.3524	
0.89	-0.6484	1.1036	2.7158	-1.2884	
0.9	-0.5375	0.8128	2.4576	-1.4899	
0.91	-0.5016	0.4646	2.6371	-1.2572	
0.92	-0.3984	0.3629	2.3194	-1.2358	
0.93	-0.3398	0.3481	1.9783	-1.3608	
0.94	-0.2884	0.4713	1.8824	-1.2013	
0.95	-0.2218	0.7871	1.5152	-1.3405	
0.96	-0.1821	1.0127	1.2904	-1.2777	
0.97	-0.1283	1.4147	0.8906	-1.1903	
0.98	-0.0827	1.9069	0.7153	-0.932	
0.99	-0.0542	1.928	0.6936	-0.9591	
1.0	-0.0416	2.2123	0.6115	-0.7251	
1.01	-0.0519	1.9911	0.7148	-0.6581	
1.02	-0.073	1.5891	0.7974	-0.5118	
1.03	-0.0993	1.454	1.176	-0.3476	
1.04	-0.1439	0.9678	1.2877	-0.207	
1.05	-0.2109	0.6384	1.604	-0.064	
1.06	-0.3204	0.1917	1.8222	0.0869	
1.07	-0.427	-0.1079	2.2816	0.2411	
1.08	-0.4918	-0.2725	2.347	0.4032	
1.09	-0.6384	-0.3068	2.2641	0.4909	
1.1	-0.8033	-0.1721	2.5355	0.7119	
1.11	-0.8818	0.0738	2.5396	0.7332	
1.12	-1.0472	0.3845	2.3379	0.8395	
1.13	-1.3904	0.703	1.9658	1.0111	
1.14	-1.2919	1.0249	1.9117	1.1315	
1.15	-1.5299	1.2884	1.5838	1.1273	
1.16	-1.672	1.2833	1.3028	1.3725	
1.17	-2.039	1.3592	1.016	1.2551	
1.18	-2.0869	1.0648	0.8128	1.454	
1.19	-2.231	0.7579	0.5706	1.4196	
1.2	-2.1787	0.3455	0.4501	1.3409	
1.21	-2.3957	-0.0964	0.4521	1.5167	
1.22	-2.6745	-0.5389	0.5245	1.5076	
1.23	-2.7938	-0.7398	0.5802	1.2411	
1.24	-2.8396	-1.0132	0.9193	1.2507	
1.25	-2.7342	-0.9077	1.1887	1.2063	
1.26	-2.7277	-0.9165	1.3875	1.1761	
1.27	-2.5604	-0.6281	1.8085	1.2303	
1.28	-2.387	-0.3518	1.7326	1.2224	
1.29	-2.8107	0.0186	2.3063	0.9858	
1.3	-2.6913	0.3405	2.3315	1.0781	
1.31	-2.4327	0.5129	2.4667	0.8823	
1.32	-2.4516	0.6993	2.0534	0.8322	
1.33	-1.967	0.5812	2.0002	0.7825	
1.34	-2.1388	0.4085	1.7726	0.7695	
1.35	-2.0444	0.0738	1.5185	0.7589	
1.36	-1.8246	-0.2992	1.2961	0.7084	
1.37	-1.6006	-0.7998	0.8814	0.6053	
1.38	-1.4962	-1.0715	0.7031	0.6035	
1.39	-1.3324	-1.3762	0.3951	0.5269	
1.4	-0.9908	-1.7397	0.1944	0.5483	
1.41	-0.877	-1.5178	0.0879	0.5328	
1.42	-0.8599	-1.4747	0.0704	0.6272	
1.43	-0.5987	-1.388	0.1444	0.635	
1.44	-0.5108	-0.9406	0.2714	0.6331	
1.45	-0.4218	-0.5622	0.4623	0.7313	
1.46	-0.2965	-0.2859	0.816	0.6951	
1.47	-0.2074	-0.0492	0.9668	0.8167	
1.48	-0.1164	0.0659	1.3434	0.9408	
1.49	-0.0616	0.0291	1.6721	0.9858	
1.5	-0.0294	-0.1385	1.7985	1.1776	
1.51	-0.0101	-0.4718	1.9437	1.2348	
1.52	-0.0071	-0.9047	1.8159	1.4429	
1.53	-0.0211	-1.149	1.8077	1.4041	
1.54	-0.0458	-1.5419	1.6237	1.5577	
1.55	-0.0936	-1.7708	1.3539	1.6391	
1.56	-0.158	-1.9482	1.2727	1.7901	
1.57	-0.1991	-1.9397	0.9527	1.999	
1.58	-0.2801	-2.1706	0.5227	2.2898	
1.59	-0.3876	-1.7075	0.2686	2.0926	
1.6	-0.478	-1.4274	-0.0024	2.1273	
1.61	-0.4886	-1.0244	-0.2005	2.622	
1.62	-0.6057	-0.7357	-0.296	2.4325	
1.63	-0.7562	-0.4436	-0.3542	2.8466	
1.64	-0.7266	-0.3482	-0.271	2.9177	
1.65	-0.8152	-0.3345	-0.1153	2.6825	
1.66	-0.9431	-0.4668	0.0868	2.6297	
1.67	-0.831	-0.7836	0.3628	3.0413	
1.68	-0.8797	-1.1911	0.6834	2.7106	
1.69	-1.0391	-1.6165	0.8347	3.022	
1.7	-1.0279	-1.8532	1.0712	2.5039	
1.71	-0.8656	-2.311	1.3571	2.7294	
1.72	-0.8353	-2.3679	1.469	2.451	
1.73	-0.8763	-2.1806	1.5688	2.7523	
1.74	-0.7418	-2.0769	1.4288	2.2687	
1.75	-0.6081	-2.0407	1.2857	2.4681	
1.76	-0.5254	-1.7315	0.9876	2.1626	
1.77	-0.415	-1.2419	0.7732	2.3011	
1.78	-0.2635	-0.8961	0.4986	2.0685	
1.79	-0.1112	-0.6533	0.1464	1.6812	
1.8	0.0415	-0.4875	-0.1237	1.8079	
1.81	0.2072	-0.4658	-0.3582	1.5829	
1.82	0.3659	-0.5545	-0.5196	1.4405	
1.83	0.5258	-0.9066	-0.6425	1.0669	
1.84	0.7893	-1.2484	-0.7278	0.972	
1.85	0.9888	-1.6696	-0.5828	0.8614	
1.86	1.0891	-1.9888	-0.435	0.721	
1.87	1.3334	-2.2246	-0.2634	0.5525	
1.88	1.3799	-2.3358	-0.0018	0.3942	
1.89	1.578	-2.3089	0.283	0.2569	
1.9	1.6799	-2.4601	0.599	0.1332	
1.91	1.6879	-2.113	0.8396	0.0158	
1.92	1.7801	-1.5971	1.0913	-0.0831	
1.93	2.0511	-1.1766	1.0486	-0.1823	
1.94	2.0972	-0.8048	1.2159	-0.2212	
1.95	1.8815	-0.4907	1.1217	-0.303	
1.96	2.1863	-0.3656	0.8918	-0.3514	
1.97	2.0673	-0.3451	0.7302	-0.3488	
1.98	1.9163	-0.3976	0.4558	-0.3383	
1.99	1.8559	-0.7071	0.1736	-0.4044	
2.0	1.9537	-1.0586	-0.1588	-0.3717	
2.01	1.7949	-1.3511	-0.4536	-0.328	
2.02	1.6498	-1.6325	-0.6782	-0.2562	
2.03	1.4104	-1.9294	-0.8897	-0.2123	
2.04	1.5223	-2.0968	-0.9825	-0.1554	
2.05	1.4124	-2.1877	-0.9141	-0.085	
2.06	1.2	-2.0796	-0.9408	-0.0009	
2.07	1.1405	-1.5851	-0.72	0.0847	
2.08	0.8222	-1.3266	-0.5475	0.1673	
2.09	0.7224	-0.9972	-0.2313	0.2697	
2.1	0.5874	-0.608	0.0559	0.3505	
2.11	0.5641	-0.2245	0.3329	0.4707	
2.12	0.429	-0.0438	0.6292	0.535	
2.13	0.3125	0.0136	0.8507	0.5988	
2.14	0.2336	-0.0847	0.9735	0.7714	
2.15	0.1402	-0.3385	1.0248	0.8318	
2.16	0.1052	-0.5846	0.9088	0.9143	
2.17	0.0604	-0.9696	0.7231	0.9318	
2.18	0.0349	-1.3759	0.5602	0.8721	
2.19	0.0303	-1.5117	0.268	0.9024	
2.2	0.0385	-1.8278	-0.0056	0.9009	
2.21	0.0707	-1.9367	-0.3126	0.9534	
2.22	0.1107	-1.7585	-0.6174	1.0461	
2.23	0.1727	-1.239	-0.83	0.9446	
2.24	0.2293	-0.9029	-0.9883	1.0044	
2.25	0.2994	-0.5489	-1.021	0.9287	
2.26	0.4298	-0.1559	-1.0017	0.9381	
2.27	0.556	0.1783	-1.073	0.8671	
2.28	0.6773	0.39	-0.7958	0.7315	
2.29	0.7418	0.4508	-0.5725	0.6425	
2.3	0.8953	0.3752	-0.2857	0.5494	
2.31	0.964	0.1422	-0.013	0.4619	
2.32	0.9756	-0.1542	0.2585	0.4274	
2.33	1.1532	-0.4948	0.5516	0.3094	
2.34	1.1565	-0.8397	0.6764	0.2387	
2.35	1.214	-1.2127	0.8833	0.1371	
2.36	1.3834	-1.2467	0.984	0.0421	
2.37	1.5538	-1.2916	0.8006	-0.038	
2.38	1.5611	-1.0745	0.794	-0.1064	
2.39	1.3669	-0.9756	0.5643	-0.1744	
2.4	1.5628	-0.5271	0.2607	-0.2318	
2.41	1.519	-0.1136	-0.0096	-0.2579	
2.42	1.4431	0.2632	-0.2898	-0.3255	
2.43	1.2477	0.5851	-0.609	-0.3376	
2.44	1.2291	0.8465	-0.8034	-0.3731	
2.45	1.083	0.9216	-1.0304	-0.3249	
2.46	0.9658	0.8365	-0.985	-0.3258	
2.47	0.8754	0.6331	-0.9843	-0.2719	
2.48	0.7457	0.2949	-0.9215	-0.2135	
2.49	0.6454	-0.0525	-0.7711	-0.1714	
2.5	0.4184	-0.4307	-0.471	-0.0845	
2.51	0.25	-0.6834	-0.2123	0.0114	
2.52	0.1031	-0.7768	0.075	0.1104	
2.53	-0.0588	-0.9436	0.3494	0.2211	
2.54	-0.2347	-0.6953	0.5829	0.394	
2.55	-0.3986	-0.4969	0.7873	0.4845	
2.56	-0.4917	-0.153	1.0569	0.6453	
2.57	-0.6917	0.2487	1.0568	0.8236	
2.58	-0.7604	0.7267	0.9352	1.0134	
2.59	-0.8968	0.9457	0.8428	1.0615	
2.6	-0.9336	1.2207	0.7186	1.1982	
2.61	-1.0297	1.1759	0.4584	1.5376	
2.62	-1.101	1.2997	0.1493	1.7171	
2.63	-1.3177	1.0538	-0.144	1.8947	
2.64	-1.1118	0.6591	-0.4533	2.1265	
2.65	-1.1276	0.3342	-0.6144	2.255	
2.66	-1.1586	-0.0529	-0.7437	2.3736	
2.67	-1.1019	-0.3357	-0.8331	2.304	
2.68	-1.0908	-0.5534	-0.9038	2.6391	
2.69	-1.0419	-0.5224	-0.7748	2.5303	
2.7	-1.0782	-0.4582	-0.5703	2.5043	
2.71	-0.9285	-0.2318	-0.3117	2.9519	
2.72	-0.7878	0.131	-0.005	2.5026	
2.73	-0.7201	0.5237	0.3129	2.5265	
2.74	-0.5446	1.003	0.6011	2.7865	
2.75	-0.4588	1.2829	0.8071	2.7043	
2.76	-0.2768	1.5536	1.1588	2.6366	
2.77	-0.1567	1.6713	1.1076	2.5367	
2.78	-0.0474	1.4647	1.3006	2.7467	
2.79	0.068	1.3332	1.2888	2.8024	
2.8	0.1623	0.9373	1.0984	2.688	
2.81	0.2822	0.4802	0.8958	2.3675	
2.82	0.3278	0.1746	0.6015	2.316	
2.83	0.4259	-0.1492	0.3836	2.1514	
2.84	0.4867	-0.3634	0.1091	2.181	
2.85	0.5632	-0.4147	-0.1489	1.9387	
2.86	0.5096	-0.3077	-0.3942	1.8256	
2.87	0.5635	-0.0862	-0.5457	1.6613	
2.88	0.5566	0.2192	-0.5926	1.6373	
2.89	0.5577	0.6653	-0.5271	1.3667	
2.9	0.4982	1.0745	-0.4761	1.2704	
2.91	0.3806	1.3667	-0.2697	1.1521	
2.92	0.3224	1.6375	-0.0152	1.1615	
2.93	0.224	1.6725	0.2695	1.0683	
2.94	0.122	1.4188	0.6421	0.9364	
2.95	0.0204	1.3615	0.8231	0.8379	
2.96	-0.102	0.9258	1.0668	0.7629	
2.97	-0.2277	0.6038	1.4377	0.6852	
2.98	-0.3691	0.21	1.6113	0.6187	
2.99	-0.4551	-0.1199	1.7	0.5488	
3.0	-0.5637	-0.3537	1.6501	0.5438	
3.01	-0.7131	-0.4287	1.3137	0.4925	
3.02	-0.9079	-0.3208	1.2188	0.4995	
3.03	-0.9515	-0.1265	0.9306	0.5324	
3.04	-0.9362	0.2156	0.6236	0.4849	
3.05	-1.0674	0.6038	0.4125	0.4865	
3.06	-1.1959	0.962	0.1228	0.5434	
3.07	-1.324	1.2011	-0.1029	0.5868	
3.08	-1.1962	1.4592	-0.2492	0.636	
3.09	-1.2368	1.5674	-0.3184	0.711	
3.1	-1.2392	1.5754	-0.2903	0.7204	
3.11	-1.2623	1.2178	-0.1973	0.8263	
3.12	-1.0602	0.8956	0.0098	0.8432	
3.13	-1.1943	0.564	0.2724	1.0117	
3.14	-1.0417	0.13	0.5584	1.0976	
3.15	-0.8376	-0.1836	0.7911	1.185	
3.16	-0.8238	-0.4665	1.0564	1.2048	
3.17	-0.6321	-0.5005	1.4261	1.2246	
3.18	-0.5722	-0.4419	1.57	1.1348	
3.19	-0.4288	-0.2719	1.9191	1.2873	
3.2	-0.2715	0.0425	1.7993	1.2364	
3.21	-0.1147	0.4036	1.7168	1.4526	
3.22	0.0373	0.7304	1.592	1.256	
3.23	0.1677	1.0927	1.3026	1.3951	
3.24	0.3318	1.4336	1.2113	1.4004	
3.25	0.4154	1.4064	0.8599	1.3209	
3.26	0.5615	1.1919	0.5463	1.1291	
3.27	0.6791	0.998	0.3377	1.1034	
3.28	0.8344	0.7875	0.1042	1.106	
3.29	0.7738	0.3561	-0.0378	1.0332	
3.3	0.9385	-0.0208	-0.107	0.8608	
3.31	0.8678	-0.3622	-0.0897	0.7874	
3.32	1.0181	-0.6042	0.0145	0.6678	
3.33	1.0506	-0.7334	0.1947	0.4699	
3.34	1.0314	-0.6531	0.4401	0.3457	
3.35	0.9663	-0.4257	0.6951	0.2131	
3.36	0.9428	-0.1703	0.939	0.0583	
3.37	0.775	0.2169	1.4438	-0.0932	
3.38	0.745	0.5983	1.7392	-0.251	
3.39	0.5837	0.9754	1.9572	-0.4144	
3.4	0.5145	1.0149	2.0619	-0.4928	
3.41	0.3675	1.147	2.1072	-0.6434	
3.42	0.2631	1.2324	1.9698	-0.7787	
3.43	0.1242	1.0068	1.7156	-0.9291	
3.44	-0.007	0.6146	1.3834	-1.0125	
3.45	-0.1483	0.2258	1.2685	-1.2297	
3.46	-0.2651	-0.1939	0.9365	-1.2488	
3.47	-0.4088	-0.5656	0.6573	-1.2163	
3.48	-0.5848	-0.8111	0.4313	-1.3961	
3.49	-0.6129	-0.8989	0.1923	-1.4512	
3.5	-0.727	-0.8078	0.0221	-1.2722	
3.51	-0.8764	-0.6636	-0.0579	-1.2785	
3.52	-0.8874	-0.3622	-0.0353	-1.4211	
3.53	-0.9471	0.0256	0.0641	-1.4992	
3.54	-1.0997	0.3738	0.2201	-1.2194	
3.55	-1.051	0.7605	0.4766	-1.2239	
3.56	-0.9998	0.9279	0.8342	-1.1855	
3.57	-0.9868	1.0364	1.0848	-1.1994	
3.58	-1.0756	0.9928	1.3411	-1.0955	
3.59	-1.0313	0.7783	1.6498	-0.967	
3.6	-0.9262	0.4663	1.8549	-0.7227	
3.61	-0.873	0.1065	1.9881	-0.6426	
3.62	-0.7444	-0.2705	1.7397	-0.535	
3.63	-0.6315	-0.6487	1.6892	-0.3526	
3.64	-0.5925	-0.8289	1.5451	-0.2023	
3.65	-0.4571	-0.9136	1.579	-0.0488	
3.66	-0.3585	-0.8741	1.171	0.1041	
3.67	-0.2019	-0.7762	0.9154	0.2569	
3.68	-0.1064	-0.4708	0.5307	0.4396	
3.69	0.0229	-0.0827	0.3262	0.5465	
3.7	0.1292	0.2856	0.0594	0.6754	
3.71	0.2703	0.6569	-0.1033	0.8264	
3.72	0.3103	0.8024	-0.1827	0.9417	
3.73	0.4105	0.9385	-0.1739	0.964	
3.74	0.4877	0.9073	-0.0833	1.1807	
3.75	0.5435	0.8101	0.0892	1.2868	
3.76	0.5438	0.4481	0.3368	1.2279	
3.77	0.6006	0.0908	0.6054	1.3178	
3.78	0.6115	-0.2954	0.8932	1.3647	
3.79	0.6589	-0.5993	1.058	1.4625	
3.8	0.5935	-0.836	1.3488	1.2952	
3.81	0.5748	-1.0484	1.5803	1.2909	
3.82	0.4433	-0.8731	1.5143	1.4797	
3.83	0.419	-0.7118	1.682	1.4126	
3.84	0.3179	-0.4606	1.5827	1.4318	
3.85	0.1879	-0.0707	1.3858	1.2616	
3.86	0.072	0.3095	1.0976	1.3169	
3.87	-0.0577	0.6162	0.9597	1.0546	
3.88	-0.1867	0.9417	0.5656	1.122	
3.89	-0.3535	1.1185	0.2937	0.9075	
3.9	-0.4582	0.937	-0.0001	0.8683	
3.91	-0.588	0.7703	-0.2548	0.7536	
3.92	-0.728	0.557	-0.4142	0.7439	
3.93	-0.91	0.179	-0.5197	0.6296	
3.94	-0.9573	-0.2069	-0.4748	0.5637	
3.95	-1.1937	-0.5518	-0.4268	0.4584	
3.96	-1.1435	-0.7395	-0.2577	0.3928	
3.97	-1.341	-0.9225	-0.0211	0.3305	
3.98	-1.4555	-0.9133	0.2441	0.2781	
3.99	-1.4909	-0.6935	0.5239	0.2222	
4.0	-1.4186	-0.3901	0.7456	0.2144	
4.01	-1.4174	0.0219	1.0556	0.1865	
4.02	-1.5197	0.4532	1.158	0.1635	
4.03	-1.3867	0.8498	1.3572	0.1622	
4.04	-1.4314	0.9798	1.2919	0.17	
4.05	-1.1668	1.2404	1.2384	0.1853	
4.06	-1.1491	1.179	1.0542	0.2469	
4.07	-1.0227	0.9905	0.8211	0.2584	
4.08	-1.0544	0.6968	0.4563	0.3276	
4.09	-0.8869	0.3451	0.1528	0.4162	
4.1	-0.7117	-0.0205	-0.154	0.5268	
4.11	-0.5359	-0.3938	-0.4831	0.6144	
4.12	-0.4448	-0.643	-0.744	0.7188	
4.13	-0.2528	-0.7449	-0.7932	0.738	
4.14	-0.0908	-0.7206	-0.9127	0.8612	
4.15	0.0551	-0.4774	-1.0472	0.9803	
4.16	0.228	-0.2039	-0.8148	1.0848	
4.17	0.3862	0.1678	-0.6683	1.0809	
4.18	0.4371	0.5827	-0.5615	1.3616	
4.19	0.627	0.9363	-0.2354	1.394	
4.2	0.6918	1.1788	0.0185	1.4277	
4.21	0.7603	1.4044	0.267	1.5719	
4.22	0.8111	1.356	0.4756	1.6649	
4.23	0.9167	1.2425	0.7132	1.7475	
4.24	0.9631	0.8978	0.6896	1.6332	
4.25	1.0388	0.5641	0.7238	1.6126	
4.26	0.9296	0.1682	0.6061	1.8461	
4.27	0.9414	-0.1738	0.4975	1.5523	
4.28	0.9796	-0.3917	0.1931	1.5651	
4.29	0.8661	-0.5648	-0.0814	1.5419	
4.3	0.8596	-0.4725	-0.3997	1.5568	
4.31	0.8597	-0.3371	-0.6945	1.6039	
4.32	0.7784	-0.0604	-1.0083	1.4283	
4.33	0.6059	0.2979	-1.3088	1.2225	
4.34	0.5088	0.7432	-1.3293	1.188	
4.35	0.4668	1.1612	-1.6871	1.0939	
4.36	0.3404	1.4128	-1.4308	0.9433	
4.37	0.2367	1.5097	-1.3206	0.8591	
4.38	0.1219	1.3799	-1.3196	0.6571	
4.39	0.0426	1.4594	-1.0856	0.5075	
4.4	-0.0455	0.9927	-0.7514	0.3271	
4.41	-0.1305	0.6905	-0.5369	0.1454	
4.42	-0.1753	0.3073	-0.2686	-0.0444	
4.43	-0.2193	-0.0247	-0.0729	-0.2234	
4.44	-0.2503	-0.3091	0.0774	-0.4206	
4.45	-0.2834	-0.4419	0.1457	-0.6097	
4.46	-0.2641	-0.4161	0.1602	-0.6863	
4.47	-0.28	-0.2357	0.0571	-0.8468	
4.48	-0.2394	0.0246	-0.1131	-1.0683	
4.49	-0.1996	0.3953	-0.3791	-1.1496	
4.5	-0.1174	0.7662	-0.6751	-1.367	
4.51	-0.0297	1.1164	-1.0535	-1.5709	
4.52	0.0697	1.2878	-1.3715	-1.6905	
4.53	0.2033	1.4316	-1.4788	-1.5054	
4.54	0.288	1.6822	-2.0114	-1.846	
4.55	0.4881	1.4178	-1.8837	-1.6242	
4.56	0.6051	1.1144	-1.9587	-1.8632	
4.57	0.8192	0.7894	-2.0914	-1.9985	
4.58	0.9707	0.3884	-2.0647	-2.03	
4.59	1.1006	0.0068	-1.9686	-1.8908	
4.6	1.1161	-0.2504	-1.4906	-1.9063	
4.61	1.3934	-0.4312	-1.4245	-1.9015	
4.62	1.649	-0.4368	-1.0708	-1.587	
4.63	1.8052	-0.2738	-0.8501	-1.7768	
4.64	1.71	-0.0259	-0.5808	-1.7231	
4.65	1.7674	0.3128	-0.4141	-1.5105	
4.66	1.8032	0.7081	-0.3462	-1.3839	
4.67	1.8719	1.0423	-0.3588	-1.3439	
4.68	2.0513	1.283	-0.495	-1.3156	
4.69	2.2965	1.62	-0.5996	-1.1353	
4.7	2.1205	1.4747	-0.9082	-1.1409	
4.71	2.2004	1.3305	-1.0773	-0.9818	
4.72	2.0156	0.995	-1.5474	-0.8604	
4.73	2.1652	0.648	-1.9731	-0.6849	
4.74	1.9401	0.2765	-2.0101	-0.6377	
4.75	2.1035	-0.1146	-2.279	-0.5576	
4.76	1.6752	-0.3943	-2.4385	-0.439	
4.77	1.6076	-0.6075	-2.8284	-0.3903	
4.78	1.5979	-0.62	-2.7124	-0.3516	
4.79	1.3472	-0.5193	-2.4821	-0.3225	
4.8	1.1946	-0.234	-2.4493	-0.3042	
4.81	1.1422	0.1084	-1.9748	-0.2629	
4.82	0.9921	0.4729	-1.7396	-0.2656	
4.83	0.8643	0.7582	-1.5046	-0.2561	
4.84	0.6517	1.1493	-1.3017	-0.249	
4.85	0.5481	1.2943	-1.0572	-0.2794	
4.86	0.4237	1.2388	-0.8019	-0.3375	
4.87	0.263	1.037	-0.8441	-0.3994	
4.88	0.1307	0.8019	-0.8461	-0.4243	
4.89	0.0294	0.4255	-0.9199	-0.5142	
4.9	-0.0704	0.0028	-1.1407	-0.5865	
4.91	-0.1561	-0.3974	-1.1969	-0.6592	
4.92	-0.2145	-0.7127	-1.6663	-0.6541	
4.93	-0.2432	-0.8747	-1.7204	-0.8399	
4.94	-0.302	-0.8952	-2.302	-0.8147	
4.95	-0.2759	-0.8398	-2.3049	-0.9244	
4.96	-0.3086	-0.6275	-2.6291	-1.0141	
4.97	-0.2666	-0.25	-2.6242	-1.1444	
4.98	-0.2229	0.1232	-2.9882	-1.1708	
4.99	-0.1816	0.4853	-2.6066	-1.3487	
5.0	-0.1283	0.7834	-2.6341	-1.3536	
5.01	-0.0575	0.7815	-2.8109	-1.4082	
5.02	0.0155	0.9409	-2.4377	-1.3011	
5.03	0.0974	0.6646	-1.9116	-1.4343	
5.04	0.1812	0.4478	-1.8348	-1.3605	
5.05	0.273	0.042	-1.4052	-1.3902	
5.06	0.3696	-0.3904	-1.1493	-1.5268	
5.07	0.4624	-0.8071	-0.9943	-1.27	
5.08	0.5103	-1.033	-0.9806	-1.2756	
5.09	0.5254	-1.2605	-1.0285	-1.2492	
5.1	0.5767	-1.2998	-1.1249	-1.229	
5.11	0.6969	-1.1243	-1.2868	-1.165	
5.12	0.6565	-0.975	-1.3627	-0.9578	
5.13	0.6624	-0.6889	-1.8392	-0.9512	
5.14	0.7305	-0.3054	-2.0031	-0.7524	
5.15	0.7194	0.0038	-2.5213	-0.6997	
5.16	0.6798	0.2734	-2.7566	-0.5127	
5.17	0.5322	0.4023	-2.5422	-0.369	
5.18	0.4687	0.4272	-3.034	-0.2311	
5.19	0.4061	0.2643	-3.0849	-0.0741	
5.2	0.2788	-0.0131	-2.8954	0.0658	
5.21	0.1325	-0.4065	-2.9448	0.2207	
5.22	-0.0106	-0.7795	-2.6424	0.3482	
5.23	-0.1701	-1.1947	-2.2948	0.4814	
5.24	-0.3618	-1.4108	-2.2654	0.7108	
5.25	-0.524	-1.5827	-1.641	0.7454	
5.26	-0.702	-1.8684	-1.3724	0.9648	
5.27	-0.91	-1.6345	-1.1705	0.9971	
5.28	-1.1043	-1.3773	-0.9999	1.1615	
5.29	-1.184	-1.201	-0.9199	1.0551	
5.3	-1.5372	-0.8553	-0.9899	1.2616	
5.31	-1.6504	-0.4401	-0.9487	1.3301	
5.32	-1.7114	-0.1598	-1.1808	1.4283	
5.33	-2.0245	-0.0153	-1.5163	1.3019	
5.34	-1.9058	-0.0025	-1.5669	1.3574	
5.35	-2.1651	-0.1362	-1.8335	1.3509	
5.36	-2.2284	-0.4497	-2.3957	1.1534	
5.37	-2.4839	-0.8188	-2.3792	1.1514	
5.38	-2.4611	-1.1039	-2.9242	1.2499	
5.39	-2.6565	-1.6827	-2.8151	1.1633	
5.4	-2.4708	-1.8465	-2.8561	0.9941	
5.41	-2.5797	-2.0728	-3.019	0.9398	
5.42	-2.4828	-2.001	-2.8844	0.7742	
5.43	-2.3103	-1.9491	-2.3651	0.6498	
5.44	-2.5379	-2.0258	-1.9881	0.5144	
5.45	-2.3041	-1.565	-2.0163	0.3863	
5.46	-2.2812	-1.1495	-1.4435	0.2236	
5.47	-2.145	-0.8623	-1.3097	0.0528	
5.48	-2.0752	-0.482	-0.9971	-0.0875	
5.49	-1.8736	-0.3049	-0.7601	-0.2451	
5.5	-1.6719	-0.3179	-0.7916	-0.3567	
5.51	-1.6405	-0.4328	-0.6832	-0.5839	
5.52	-1.4114	-0.6127	-0.75	-0.6773	
5.53	-1.2896	-0.9393	-0.9624	-0.771	
5.54	-1.1328	-1.3163	-1.1526	-0.8982	
5.55	-1.1033	-1.672	-1.3477	-0.9865	
5.56	-0.9429	-2.2576	-1.7091	-1.1675	
5.57	-0.8741	-2.1851	-1.7452	-1.2208	
5.58	-0.8719	-2.4485	-2.0366	-1.2735	
5.59	-0.684	-2.1759	-2.571	-1.4101	
5.6	-0.6337	-1.9279	-2.6143	-1.274	
5.61	-0.6448	-1.6636	-2.6044	-1.5383	
5.62	-0.655	-1.462	-2.573	-1.4984	
5.63	-0.5398	-0.9294	-2.378	-1.369	
5.64	-0.639	-0.681	-2.2505	-1.4776	
5.65	-0.6029	-0.4393	-1.8563	-1.5586	
5.66	-0.6458	-0.4047	-1.6505	-1.3956	
5.67	-0.6616	-0.4783	-1.2765	-1.3922	
5.68	-0.8047	-0.7339	-0.8488	-1.258	
5.69	-0.8946	-0.983	-0.6157	-1.1925	
5.7	-0.9089	-1.3603	-0.4336	-1.2332	
5.71	-0.9916	-1.8149	-0.2757	-1.1941	
5.72	-1.0473	-2.1496	-0.2775	-1.0199	
5.73	-1.1763	-2.3007	-0.366	-0.973	
5.74	-1.3869	-2.3442	-0.5075	-1.0219	
5.75	-1.4058	-2.4052	-0.6264	-0.8845	
5.76	-1.545	-2.0943	-0.962	-0.8691	
5.77	-1.5779	-1.6037	-1.2177	-0.8253	
5.78	-1.4526	-1.2943	-1.3473	-0.6607	
5.79	-1.5479	-0.8778	-1.7042	-0.6999	
5.8	-1.83	-0.5998	-1.7348	-0.5951	
5.81	-1.5408	-0.3293	-1.8218	-0.6367	
5.82	-1.7862	-0.2484	-2.0594	-0.6578	
5.83	-1.7841	-0.3457	-2.1427	-0.641	
5.84	-1.5192	-0.5306	-1.8329	-0.6446	
5.85	-1.4683	-0.9401	-1.6418	-0.6637	
5.86	-1.5227	-1.1307	-1.414	-0.7138	
5.87	-1.4126	-1.5821	-0.9605	-0.7318	
5.88	-1.3185	-1.9748	-0.6965	-0.797	
5.89	-1.2757	-2.0758	-0.3681	-0.9051	
5.9	-1.1158	-2.3034	-0.0971	-0.9339	
5.91	-0.9138	-1.8791	0.0958	-0.9577	
5.92	-0.6959	-1.9019	0.2382	-1.0747	
5.93	-0.551	-1.38	0.2338	-1.2798	
5.94	-0.3	-0.9694	0.189	-1.4554	
5.95	-0.114	-0.535	0.0519	-1.3898	
5.96	0.0944	-0.2337	-0.1393	-1.5486	
5.97	0.3337	0.0161	-0.3613	-1.6286	
5.98	0.5086	0.1073	-0.6367	-1.9759	
5.99	0.7675	0.0705	-0.885	-2.0142	
6.0	0.9537	-0.1214	-1.2858	-2.1789	
6.01	1.1318	-0.3808	-1.223	-2.2883	
6.02	1.3786	-0.8352	-1.3946	-2.135	
6.03	1.2743	-1.061	-1.3496	-2.4106	
6.04	1.5856	-1.4771	-1.3394	-2.7418	
6.05	1.5599	-1.4555	-1.1422	-2.7301	
6.06	1.6286	-1.5269	-1.0112	-2.6486	
6.07	1.8184	-1.3603	-0.7547	-2.8614	
6.08	1.781	-1.182	-0.423	-2.983	
6.09	2.1385	-0.879	-0.1163	-2.943	
6.1	2.0926	-0.4646	0.196	-2.6129	
6.11	2.1399	-0.0353	0.4652	-2.5318	
6.12	2.134	0.3346	0.7072	-2.6541	
6.13	1.8804	0.5943	0.816	-2.6247	
6.14	1.7909	0.6751	0.7194	-2.7976	
6.15	1.9091	0.6739	0.7073	-2.8025	
6.16	1.7276	0.4886	0.6357	-2.4465	
6.17	1.8159	0.2149	0.3906	-2.3512	
6.18	1.658	-0.1306	0.1293	-2.1906	
6.19	1.6591	-0.455	-0.1417	-2.3419	
6.2	1.5229	-0.7449	-0.4563	-1.9306	
6.21	1.3041	-0.9825	-0.6682	-1.8189	
6.22	1.2754	-0.8696	-0.7563	-1.6597	
6.23	1.2378	-0.9061	-1.0024	-1.5982	
6.24	1.0916	-0.5376	-1.0	-1.2801	
6.25	0.9912	-0.2398	-0.8662	-1.2275	
6.26	0.9491	0.2156	-0.7575	-1.0748	
6.27	0.8707	0.6612	-0.5341	-0.7811	
6.28	1.0143	0.9287	-0.2625	-0.6695	
6.29	0.8883	1.3291	0.0743	-0.594	
6.3	0.8226	1.3675	0.4131	-0.4358	
6.31	0.9626	1.3634	0.6339	-0.2642	
6.32	0.9449	1.2378	1.0303	-0.1307	
6.33	1.0174	0.9184	1.0475	-0.0172	
6.34	1.1436	0.5667	1.1962	0.0858	
6.35	1.1732	0.2723	1.3386	0.1643	
6.36	1.3365	-0.0269	1.2918	0.2648	
6.37	1.4039	-0.2172	0.9469	0.3031	
6.38	1.4144	-0.2357	0.7711	0.3453	
6.39	1.5531	-0.1449	0.5594	0.3892	
6.4	1.6302	0.102	0.2546	0.4055	
6.41	1.7752	0.4911	0.0012	0.3626	
6.42	2.0587	0.9487	-0.2613	0.3843	
6.43	2.2024	1.3271	-0.4552	0.331	
6.44	2.2574	1.8073	-0.5481	0.3439	
6.45	2.2111	2.1224	-0.5522	0.2624	
6.46	2.462	2.2196	-0.4778	0.191	
6.47	2.2222	2.2041	-0.3844	0.1362	
6.48	2.5958	1.972	-0.1405	0.0455	
6.49	2.3712	1.6943	0.1386	-0.0364	
6.5	2.8084	1.3041	0.434	-0.1169	
6.51	2.7914	1.001	0.7768	-0.2349	
6.52	2.5769	0.6658	1.1368	-0.3079	
6.53	2.8203	0.4383	1.3721	-0.3756	
6.54	2.8116	0.3888	1.6014	-0.513	
6.55	2.2735	0.4102	1.5461	-0.5577	
6.56	2.5496	0.6806	1.4702	-0.6618	
6.57	2.4113	1.115	1.3427	-0.7254	
6.58	2.4298	1.4314	1.428	-0.8724	
6.59	2.0057	2.0306	1.0679	-0.8879	
6.6	1.9002	2.15	0.8037	-0.9444	
6.61	1.7985	2.2339	0.5926	-0.8898	
6.62	1.5372	2.7636	0.2552	-0.9492	
6.63	1.3603	2.6708	0.014	-0.9285	
6.64	1.1311	2.3351	-0.1921	-1.0606	
6.65	0.9315	1.9856	-0.3088	-0.9733	
6.66	0.8243	1.7592	-0.3348	-0.9993	
6.67	0.5973	1.3134	-0.2902	-1.0011	
6.68	0.3785	1.1473	-0.138	-0.8137	
6.69	0.2113	0.8152	0.0706	-0.8466	
6.7	0.0195	0.7109	0.3569	-0.7795	
6.71	-0.1612	0.9246	0.598	-0.7037	
6.72	-0.3334	1.1089	0.9107	-0.6552	
6.73	-0.4374	1.4943	1.3313	-0.485	
6.74	-0.5892	1.687	1.3435	-0.4883	
6.75	-0.7493	2.296	1.4813	-0.3545	
6.76	-0.8536	2.4764	1.5486	-0.2607	
6.77	-0.8585	2.7303	1.7736	-0.1721	
6.78	-0.8806	2.8357	1.608	-0.0842	
6.79	-0.9987	3.1194	1.5602	-0.0068	
6.8	-0.9267	2.7707	1.301	0.0721	
6.81	-0.9542	2.4524	1.0022	0.1326	
6.82	-1.0489	2.1072	0.6446	0.1946	
6.83	-0.9376	1.7272	0.3252	0.2531	
6.84	-0.9257	1.3599	0.0888	0.2789	
6.85	-0.8685	0.9996	-0.1115	0.3306	
6.86	-0.7649	0.9675	-0.2318	0.35	
6.87	-0.7338	1.0351	-0.3083	0.336	
6.88	-0.7163	1.0334	-0.2328	0.3317	
6.89	-0.6407	1.3101	-0.1093	0.2884	
6.9	-0.5673	1.8206	0.097	0.2132	
6.91	-0.4642	2.2084	0.3438	0.1631	
6.92	-0.3989	2.5334	0.6401	0.0901	
6.93	-0.4002	2.6086	1.0115	-0.0053	
6.94	-0.3633	3.1339	1.1763	-0.0987	
6.95	-0.3106	2.6516	1.3465	-0.2269	
6.96	-0.289	2.5395	1.7313	-0.3246	
6.97	-0.2845	2.2782	1.5756	-0.5011	
6.98	-0.2997	1.7824	1.6528	-0.5886	
6.99	-0.3677	1.5613	1.5491	-0.8589	
7.0	-0.4295	1.0459	1.5004	-0.9593	
7.01	-0.471	0.8498	1.2213	-1.1086	
7.02	-0.5253	0.6849	0.8108	-1.3435	
7.03	-0.7165	0.7565	0.5543	-1.3968	
7.04	-0.8204	0.8437	0.264	-1.5008	
7.05	-0.8448	1.1965	-0.0218	-1.8116	
7.06	-1.0845	1.568	-0.2279	-1.8963	
7.07	-1.2968	1.985	-0.3249	-2.0427	
7.08	-1.3791	2.1624	-0.3778	-2.1482	
7.09	-1.6239	2.6655	-0.3222	-2.084	
7.1	-1.8072	2.6401	-0.2494	-2.5638	
7.11	-1.7849	2.4622	-0.0269	-2.325	
7.12	-1.9448	2.3091	0.2098	-2.5347	
7.13	-2.2198	1.8309	0.5168	-2.793	
7.14	-2.0917	1.4648	0.7589	-2.7208	
7.15	-2.6825	1.0972	1.0481	-2.496	
7.16	-2.7814	0.7895	1.3632	-2.7116	
7.17	-2.7519	0.4055	1.3241	-2.5192	
7.18	-2.4994	0.2685	1.5834	-2.7637	
7.19	-2.966	0.2343	1.5927	-2.703	
7.2	-2.9742	0.3798	1.4784	-2.8674	
7.21	-2.845	0.655	1.0959	-2.4457	
7.22	-2.8505	0.9558	0.9966	-2.7251	
7.23	-3.2209	1.4234	0.6335	-2.6014	
7.24	-2.7509	1.6103	0.3213	-2.1726	
7.25	-3.0197	1.8912	0.0218	-2.3589	
7.26	-2.5209	1.981	-0.2418	-2.0127	
7.27	-2.8907	1.9606	-0.4373	-2.0431	
7.28	-2.7497	1.5746	-0.5544	-2.0567	
7.29	-2.5277	1.2859	-0.638	-1.811	
7.3	-2.5678	0.8817	-0.5707	-1.7668	
7.31	-2.1889	0.4249	-0.4531	-1.6074	
7.32	-2.2415	0.0672	-0.2492	-1.4864	
7.33	-1.9031	-0.2226	-0.0115	-1.326	
7.34	-1.7418	-0.4419	0.2644	-1.0113	
7.35	-1.6246	-0.4811	0.5339	-1.0796	
7.36	-1.2418	-0.3747	0.7769	-0.8556	
7.37	-1.1451	-0.1222	1.0118	-0.8527	
7.38	-1.0553	0.1891	1.2699	-0.7724	
7.39	-0.8231	0.5058	1.1622	-0.672	
7.4	-0.765	0.9295	1.2395	-0.5718	
7.41	-0.6072	1.0468	1.109	-0.469	
7.42	-0.4679	1.238	0.9898	-0.4537	
7.43	-0.3737	1.1589	0.6223	-0.423	
7.44	-0.2889	0.8646	0.3888	-0.4554	
7.45	-0.1934	0.5352	0.0479	-0.4167	
7.46	-0.1439	0.1279	-0.2365	-0.4656	
7.47	-0.1111	-0.3312	-0.4659	-0.4509	
7.48	-0.1081	-0.7736	-0.7121	-0.465	
7.49	-0.0984	-0.9964	-0.7743	-0.5267	
7.5	-0.0983	-1.296	-0.9391	-0.6169	
7.51	-0.1282	-1.2969	-0.8232	-0.6794	
7.52	-0.177	-1.1397	-0.7311	-0.669	
7.53	-0.2202	-0.8786	-0.5665	-0.7496	
7.54	-0.2919	-0.5721	-0.283	-0.7971	
7.55	-0.3466	-0.2548	0.015	-0.9307	
7.56	-0.4069	0.0295	0.2838	-0.9072	
7.57	-0.4562	0.2717	0.5848	-1.0739	
7.58	-0.5732	0.3492	0.698	-0.9643	
7.59	-0.6708	0.2704	0.8392	-1.0631	
7.6	-0.7021	0.1059	0.9747	-1.2724	
7.61	-0.7322	-0.2093	0.8735	-1.1253	
7.62	-0.7104	-0.6881	0.8005	-1.2548	
7.63	-0.7179	-1.0109	0.7058	-1.3182	
7.64	-0.8112	-1.5791	0.3732	-1.1664	
7.65	-0.8587	-1.7945	0.1022	-1.2927	
7.66	-0.7784	-2.002	-0.201	-1.1058	
7.67	-0.706	-1.922	-0.5344	-1.085	
7.68	-0.7251	-1.833	-0.7483	-1.166	
7.69	-0.6009	-1.6726	-0.989	-1.0499	
7.7	-0.5013	-1.3613	-0.9898	-1.0916	
7.71	-0.4056	-1.0108	-1.2044	-0.8558	
7.72	-0.2958	-0.6933	-1.1471	-0.8655	
7.73	-0.1725	-0.4228	-0.8672	-0.7554	
7.74	-0.0357	-0.3545	-0.7699	-0.6482	
7.75	0.1289	-0.3949	-0.4572	-0.4719	
7.76	0.2946	-0.5403	-0.1885	-0.3178	
7.77	0.5059	-0.9119	0.1227	-0.1864	
7.78	0.6489	-1.3658	0.354	-0.0435	
7.79	0.857	-1.6389	0.6005	0.0969	
7.8	0.9667	-2.209	0.7629	0.2289	
7.81	1.1352	-2.4068	0.7386	0.3734	
7.82	1.5486	-2.4756	0.8129	0.5855	
7.83	1.6314	-2.4198	0.6397	0.6362	
7.84	1.8843	-2.3331	0.4564	0.8407	
7.85	2.0822	-2.4577	0.254	0.8669	
7.86	2.0061	-2.0096	-0.039	1.1267	
7.87	2.3149	-1.495	-0.3321	1.1762	
7.88	2.1115	-1.1673	-0.6348	1.3186	
7.89	2.4342	-0.9238	-0.8025	1.3809	
7.9	2.5587	-0.8401	-1.1119	1.428	
7.91	2.4614	-0.8314	-1.2274	1.5501	
7.92	2.4978	-1.0242	-1.171	1.4072	
7.93	2.4824	-1.133	-1.1706	1.31	
7.94	2.7061	-1.5027	-0.9154	1.4029	
7.95	2.6534	-2.1942	-0.7594	1.3708	
7.96	2.3975	-2.506	-0.5073	1.4485	
7.97	2.1915	-2.8892	-0.2408	1.3031	
7.98	2.2821	-2.674	0.0581	1.3298	
7.99	2.0454	-2.8695	0.3075	1.1467	
8.0	1.9899	-2.6895	0.5175	0.9946	
8.01	2.0425	-2.6839	0.6495	1.0234	
8.02	1.5728	-2.0196	0.7537	0.8849	
8.03	1.586	-1.9053	0.6899	0.6644	
8.04	1.6003	-1.5606	0.6025	0.5866	
8.05	1.4667	-1.053	0.5233	0.4519	
8.06	1.1941	-1.0538	0.2438	0.2774	
8.07	1.1841	-0.8879	-0.041	0.1131	
8.08	0.9655	-1.0507	-0.3583	-0.0389	
8.09	0.8691	-1.3559	-0.5858	-0.1864	
8.1	0.7288	-1.5198	-0.7825	-0.3377	
8.11	0.6666	-1.8675	-1.0424	-0.5205	
8.12	0.6435	-2.2003	-1.2029	-0.6377	
8.13	0.5713	-2.4853	-1.1709	-0.8094	
8.14	0.5212	-2.89	-0.9989	-0.8242	
8.15	0.5091	-2.6748	-1.0022	-0.9045	
8.16	0.4934	-2.7915	-0.6713	-0.9965	
8.17	0.5623	-2.3651	-0.4784	-1.2554	
8.18	0.5282	-2.238	-0.1352	-1.2923	
8.19	0.5587	-1.7947	0.1771	-1.3605	
8.2	0.7176	-1.3925	0.4859	-1.3984	
8.21	0.7253	-0.9786	0.7096	-1.4417	
8.22	0.7501	-0.8607	0.9164	-1.3936	
8.23	0.8258	-0.7339	0.9567	-1.4421	
8.24	1.0301	-0.9293	0.8967	-1.4599	
8.25	1.0927	-1.0269	0.8087	-1.3838	
8.26	1.095	-1.5417	0.6466	-1.2901	
8.27	1.1563	-1.7447	0.3691	-1.2465	
8.28	1.3713	-1.9293	0.1386	-1.2429	
8.29	1.3109	-2.2203	-0.1705	-1.1992	
8.3	1.5698	-2.638	-0.4535	-1.054	
8.31	1.486	-2.3667	-0.6808	-1.0525	
8.32	1.756	-2.5746	-0.8115	-0.9556	
8.33	1.805	-2.0342	-0.8627	-0.7942	
8.34	1.626	-1.6679	-1.0013	-0.6828	
8.35	1.6643	-1.2937	-0.94	-0.5936	
8.36	1.5051	-0.906	-0.6852	-0.5096	
8.37	1.6193	-0.6344	-0.4254	-0.513	
8.38	1.6074	-0.3399	-0.1806	-0.3897	
8.39	1.4145	-0.2833	0.1356	-0.2985	
8.4	1.4145	-0.3666	0.4511	-0.289	
8.41	1.3522	-0.5631	0.661	-0.2358	
8.42	1.1567	-0.8773	1.0113	-0.1938	
8.43	0.9632	-1.2439	1.1895	-0.1579	
8.44	0.8356	-1.439	1.1447	-0.1304	
8.45	0.6393	-1.7589	1.2787	-0.1301	
8.46	0.464	-1.9726	1.1326	-0.1319	
8.47	0.3133	-1.9545	1.0082	-0.1567	
8.48	0.108	-1.9618	0.7619	-0.1938	
8.49	-0.0776	-1.683	0.4516	-0.2357	
8.5	-0.2598	-1.0569	0.1559	-0.2969	
8.51	-0.4803	-0.6686	-0.1081	-0.3363	
8.52	-0.582	-0.2984	-0.3067	-0.427	
8.53	-0.763	0.032	-0.4913	-0.5098	
8.54	-1.0251	0.259	-0.5845	-0.6029	
8.55	-1.0642	0.383	-0.6178	-0.7173	
8.56	-1.2872	0.2619	-0.4603	-0.7869	
8.57	-1.4509	0.0954	-0.3179	-0.8621	
8.58	-1.4986	-0.2027	-0.0867	-0.8995	
8.59	-1.5546	-0.5314	0.2141	-1.1485	
8.6	-1.6397	-0.8943	0.5041	-1.2416	
8.61	-1.462	-1.1636	0.9158	-1.2634	
8.62	-1.5583	-1.307	1.0258	-1.4231	
8.63	-1.5076	-1.3066	1.4591	-1.4062	
8.64	-1.6782	-1.1506	1.6627	-1.4165	
8.65	-1.6197	-0.7879	1.4832	-1.3859	
8.66	-1.3653	-0.4544	1.6022	-1.6513	
8.67	-1.4761	-0.0458	1.4543	-1.4696	
8.68	-1.3045	0.4012	1.2317	-1.7456	
8.69	-1.2112	0.7753	1.0931	-1.475	
8.7	-1.0207	0.8828	0.8637	-1.5943	
8.71	-1.0651	1.1079	0.5968	-1.3951	
8.72	-0.8232	1.0281	0.304	-1.3974	
8.73	-0.7769	0.7532	0.1006	-1.5235	
8.74	-0.6357	0.5636	-0.0661	-1.3114	
8.75	-0.5776	0.1711	-0.1543	-1.175	
8.76	-0.418	-0.1595	-0.1437	-1.0775	
8.77	-0.3636	-0.4002	-0.0497	-1.0311	
8.78	-0.2847	-0.6107	0.1226	-0.8547	
8.79	-0.2212	-0.5459	0.3311	-0.8274	
8.8	-0.1581	-0.4924	0.6094	-0.541	
8.81	-0.1313	-0.1946	1.0588	-0.4333	
8.82	-0.1084	0.1845	1.2802	-0.2444	
8.83	-0.0946	0.6229	1.44	-0.0901	
8.84	-0.108	1.0476	1.8352	0.0842	
8.85	-0.1431	1.4746	1.7854	0.2791	
8.86	-0.1906	1.5081	2.0609	0.4102	
8.87	-0.2493	1.8197	2.0558	0.594	
8.88	-0.2974	1.5201	1.9431	0.7929	
8.89	-0.4372	1.4468	1.9436	0.856	
8.9	-0.5334	1.2672	1.4677	1.203	
8.91	-0.6204	0.885	1.3405	1.1764	
8.92	-0.7721	0.4426	1.1169	1.4046	
8.93	-0.8864	0.2075	0.7403	1.3634	
8.94	-1.0922	0.0228	0.5089	1.5503	
8.95	-1.219	-0.0096	0.3894	1.6713	
8.96	-1.1531	0.1174	0.266	1.6782	
8.97	-1.4277	0.3711	0.2678	1.7646	
8.98	-1.3963	0.696	0.4158	1.8036	
8.99	-1.6488	1.164	0.5974	1.8049	
9.0	-1.4983	1.3883	0.8752	1.7427	
9.01	-1.7998	1.7038	1.1168	1.7563	
9.02	-1.6161	2.0127	1.3301	2.0698	
9.03	-1.664	2.1622	1.6197	1.6911	
9.04	-1.8361	2.1494	1.8701	1.714	
9.05	-1.9896	2.1074	2.4338	1.797	
9.06	-1.7771	1.6106	2.3006	1.679	
9.07	-1.8846	1.1856	2.664	1.6474	
9.08	-1.7397	0.8432	2.5451	1.5614	
9.09	-1.5776	0.6672	2.509	1.3639	
9.1	-1.6418	0.3814	2.2603	1.4532	
9.11	-1.4455	0.3552	1.9861	1.2732	
9.12	-1.3308	0.4446	1.5609	1.0351	
9.13	-1.269	0.6563	1.3164	1.0135	
9.14	-1.1031	1.0971	1.1222	1.0034	
9.15	-0.9546	1.4865	0.861	0.7849	
9.16	-0.722	1.8585	0.6722	0.6687	
9.17	-0.5009	2.0549	0.6041	0.6717	
9.18	-0.3854	2.1813	0.5885	0.5593	
9.19	-0.1931	2.5354	0.6619	0.4498	
9.2	-0.0537	2.4569	0.8911	0.3882	
9.21	0.0982	2.3561	1.1936	0.37	
9.22	0.2644	1.8072	1.3589	0.3408	
9.23	0.3813	1.4578	1.8178	0.3016	
9.24	0.4989	1.1354	2.1087	0.305	
9.25	0.6786	0.8432	2.5046	0.2608	
9.26	0.7384	0.5821	2.4628	0.2768	
9.27	0.8349	0.4817	2.7874	0.2733	
9.28	0.8068	0.5633	2.8976	0.3073	
9.29	0.8174	0.7071	2.8332	0.3893	
9.3	0.8263	1.038	2.6574	0.4067	
9.31	0.8221	1.5787	2.4371	0.5306	
9.32	0.8991	1.7227	2.2424	0.5685	
9.33	0.7773	1.9733	1.7036	0.5669	
9.34	0.7107	2.1698	1.4543	0.6514	
9.35	0.7511	2.3112	1.3315	0.7535	
9.36	0.6477	2.5232	1.0096	0.8726	
9.37	0.5013	2.2215	0.8861	1.0072	
9.38	0.4656	1.6877	0.7891	1.104	
9.39	0.3422	1.4174	0.8385	1.1158	
9.4	0.2147	1.1109	0.9544	1.2621	
9.41	0.0918	0.6232	0.9543	1.1463	
9.42	-0.0244	0.4206	1.163	1.2134	
9.43	-0.1368	0.3511	1.489	1.2524	
9.44	-0.2385	0.355	1.6666	1.3574	
9.45	-0.3372	0.5867	2.0128	1.2864	
9.46	-0.3968	0.8261	2.4714	1.4025	
9.47	-0.5258	1.3014	2.5101	1.4733	
9.48	-0.5204	1.6446	2.8784	1.3884	
9.49	-0.5913	1.8265	2.9767	1.4916	
9.5	-0.5728	1.9067	2.8391	1.2924	
9.51	-0.6513	2.2206	2.6306	1.231	
9.52	-0.6572	1.9509	2.5199	1.2927	
9.53	-0.5643	1.8694	2.2237	1.0488	
9.54	-0.5326	1.5181	1.9365	1.1437	
9.55	-0.5389	1.1057	1.58	0.9588	
9.56	-0.407	0.6986	1.2942	0.8502	
9.57	-0.3686	0.3466	1.0608	0.7102	
9.58	-0.2411	0.1147	0.8202	0.563	
9.59	-0.1279	-0.0127	0.695	0.475	
9.6	-0.0134	0.017	0.7969	0.2657	
9.61	0.1206	0.2019	0.7927	0.129	
9.62	0.2363	0.4868	0.9089	-0.0097	
9.63	0.4179	0.8545	1.1348	-0.1583	
9.64	0.5147	1.1149	1.3703	-0.3141	
9.65	0.6577	1.566	1.6846	-0.4701	
9.66	0.7408	1.6999	1.9279	-0.5843	
9.67	0.92	1.8686	2.4283	-0.6591	
9.68	1.0257	1.6813	2.6269	-0.8049	
9.69	1.058	1.4684	2.5057	-0.9518	
9.7	1.2665	1.0494	2.6232	-1.0299	
9.71	1.2062	0.733	2.8471	-1.073	
9.72	1.2925	0.3078	2.5567	-1.1595	
9.73	1.2362	-0.0657	2.235	-1.2789	
9.74	1.3045	-0.3256	2.114	-1.1869	
9.75	1.2899	-0.4881	1.7311	-1.2667	
9.76	1.2689	-0.468	1.4171	-1.1698	
9.77	1.3001	-0.2813	1.1727	-1.2659	
9.78	1.2371	-0.0071	0.8219	-1.1789	
9.79	1.0954	0.309	0.6797	-1.295	
9.8	1.0366	0.7471	0.5496	-1.1628	
9.81	1.0255	0.966	0.4625	-0.9613	
9.82	0.7698	1.1443	0.5009	-0.9495	
9.83	0.6378	1.2046	0.6881	-0.9383	
9.84	0.5322	1.2412	0.974	-0.6912	
9.85	0.3875	1.019	1.2233	-0.6573	
9.86	0.2461	0.6058	1.4432	-0.5098	
9.87	0.1116	0.2442	1.6833	-0.3419	
9.88	-0.0262	-0.1428	2.0863	-0.1783	
9.89	-0.1724	-0.4883	2.141	-0.0407	
9.9	-0.3016	-0.8395	2.2098	0.1002	
9.91	-0.4694	-0.9108	2.4642	0.2616	
9.92	-0.5887	-0.9262	2.4384	0.4002	
9.93	-0.6357	-0.8029	2.0737	0.5038	
9.94	-0.7608	-0.4363	1.8989	0.7666	
9.95	-0.8758	-0.1303	1.4177	0.806	
9.96	-0.7825	0.2192	1.1587	0.9701	
9.97	-0.8911	0.5976	0.8669	1.1107	
9.98	-0.9578	0.8313	0.6436	1.2724	
9.99	-0.9141	0.8836	0.3796	1.3486	
10.0	-0.9343	0.8652	0.1592	1.3687	
10.01	-0.8366	0.6292	0.0537	1.3747	
10.02	-0.7705	0.2449	0.0303	1.3473	
10.03	-0.6407	-0.1169	0.0895	1.548	
10.04	-0.6486	-0.5139	0.2336	1.4806	
10.05	-0.4832	-0.9258	0.4534	1.4207	
10.06	-0.3755	-1.1924	0.6563	1.6151	
10.07	-0.2572	-1.4374	0.8547	1.4485	
10.08	-0.1378	-1.1846	1.2143	1.5312	
10.09	0.001	-1.0862	1.4229	1.3868	
10.1	0.1357	-0.9448	1.4676	1.5716	
10.11	0.249	-0.5461	1.7854	1.3367	
10.12	0.3717	-0.1519	1.7151	1.3588	
10.13	0.5182	0.2029	1.5792	1.1349	
10.14	0.6021	0.4146	1.6582	1.1939	
10.15	0.7579	0.5738	1.2301	1.0774	
10.16	0.7537	0.5381	0.9411	1.1439	
10.17	0.9682	0.3294	0.7202	1.0415	
10.18	0.9297	-0.0048	0.3439	0.8871	
10.19	0.9969	-0.4168	0.056	0.8681	
10.2	0.9124	-0.7375	-0.1985	0.7528	
10.21	1.0597	-1.2199	-0.3915	0.7142	
10.22	1.0485	-1.3902	-0.5303	0.7352	
10.23	0.8885	-1.6238	-0.5898	0.6894	
10.24	0.8601	-1.6094	-0.4809	0.7282	
10.25	0.7768	-1.3297	-0.4003	0.7075	
10.26	0.7238	-1.1284	-0.1567	0.7291	
10.27	0.6535	-0.7584	0.0857	0.7357	
10.28	0.6072	-0.3885	0.3639	0.7876	
10.29	0.5025	-0.0133	0.5752	0.7792	
10.3	0.3397	0.2531	0.8021	0.8832	
10.31	0.1938	0.4016	0.9232	0.9358	
10.32	0.0825	0.3356	1.0066	1.0491	
10.33	-0.0422	0.1715	1.2017	1.1098	
10.34	-0.164	-0.1275	0.9798	1.2185	
10.35	-0.3031	-0.4938	0.8944	1.3385	
10.36	-0.3778	-0.9164	0.6809	1.4786	
10.37	-0.5384	-1.3327	0.4123	1.4472	
10.38	-0.6054	-1.6331	0.0562	1.7195	
10.39	-0.6291	-1.7447	-0.2484	1.6446	
10.4	-0.7274	-1.4981	-0.5781	1.8819	
10.41	-0.742	-1.4285	-0.8706	2.0287	
10.42	-0.7882	-1.2128	-1.0196	2.0421	
10.43	-0.7705	-0.7985	-1.062	2.1747	
10.44	-0.8097	-0.4503	-1.2575	2.3829	
10.45	-0.718	-0.0481	-1.1219	2.5819	
10.46	-0.6805	0.2245	-1.0273	2.361	
10.47	-0.6078	0.3738	-0.8158	2.7846	
10.48	-0.5738	0.3435	-0.5315	2.5799	
10.49	-0.4726	0.1856	-0.2479	2.4658	
10.5	-0.3488	-0.0818	-0.0025	2.6174	
10.51	-0.1847	-0.4547	0.2249	2.8322	
10.52	-0.0598	-0.8077	0.3696	2.8564	
10.53	0.069	-1.1338	0.46	2.8615	
10.54	0.2107	-1.4929	0.563	2.7658	
10.55	0.3923	-1.412	0.4594	2.8201	
10.56	0.5547	-1.5492	0.2929	2.5031	
10.57	0.6766	-1.5136	0.0556	2.4547	
10.58	0.8715	-1.0888	-0.2409	2.5461	
10.59	0.9896	-0.7492	-0.5448	2.5204	
10.6	1.158	-0.2995	-0.8847	2.0634	
10.61	1.0831	0.0396	-1.2089	2.2306	
10.62	1.2383	0.3461	-1.5598	1.9416	
10.63	1.2828	0.4636	-1.528	1.8841	
10.64	1.2894	0.5107	-1.6345	1.6804	
10.65	1.5687	0.3339	-1.7083	1.4492	
10.66	1.4923	0.0712	-1.7834	1.2876	
10.67	1.3393	-0.2575	-1.5559	1.1343	
10.68	1.3545	-0.6589	-1.3048	1.0099	
10.69	1.3374	-1.0546	-1.0668	0.9225	
10.7	1.3541	-1.2345	-0.7308	0.6595	
10.71	1.3436	-1.4701	-0.5824	0.5184	
10.72	1.1728	-1.3322	-0.3182	0.3803	
10.73	1.1795	-1.2861	-0.1261	0.2881	
10.74	0.9765	-0.9181	-0.0176	0.1506	
10.75	0.9141	-0.6004	0.0033	0.019	
10.76	0.8025	-0.1828	-0.0649	-0.0922	
10.77	0.6127	0.2226	-0.2383	-0.1651	
10.78	0.4609	0.5313	-0.4379	-0.2522	
10.79	0.3281	0.674	-0.7374	-0.3148	
10.8	0.1708	0.7211	-0.9957	-0.3827	
10.81	0.0361	0.5199	-1.2694	-0.4084	
10.82	-0.1023	0.3063	-1.7255	-0.4104	
10.83	-0.2007	-0.0678	-1.9547	-0.4498	
10.84	-0.3567	-0.4138	-2.118	-0.4462	
10.85	-0.4457	-0.7144	-1.9712	-0.3983	
10.86	-0.4724	-0.96	-2.0868	-0.3845	
10.87	-0.6153	-1.2461	-2.1953	-0.3326	
10.88	-0.5879	-1.2857	-1.9504	-0.2595	
10.89	-0.6762	-1.0043	-1.7142	-0.1619	
10.9	-0.6571	-0.8147	-1.5804	-0.1019	
10.91	-0.7374	-0.39	-1.1225	-0.0132	
10.92	-0.6781	-0.0008	-0.9065	0.0796	
10.93	-0.5624	0.368	-0.6686	0.1667	
10.94	-0.5707	0.7152	-0.4608	0.2484	
10.95	-0.4931	0.912	-0.3656	0.3729	
10.96	-0.4452	0.7967	-0.3412	0.445	
10.97	-0.3378	0.7174	-0.3919	0.5597	
10.98	-0.2394	0.4968	-0.6057	0.6824	
10.99	-0.1378	0.1323	-0.7626	0.7748	
11.0	-0.0267	-0.2465	-1.0822	0.7157	
11.01	0.0885	-0.572	-1.4102	0.7739	
11.02	0.1921	-0.8983	-1.5934	0.9336	
11.03	0.2776	-1.0235	-1.915	0.8943	
11.04	0.3547	-1.0024	-2.2485	0.9278	
11.05	0.5183	-0.9129	-2.1504	1.079	
11.06	0.5852	-0.5971	-2.6632	0.9409	
11.07	0.6166	-0.2637	-2.4897	0.9099	
11.08	0.6566	0.1018	-2.164	0.9259	
11.09	0.7017	0.4987	-2.0805	0.9916	
11.1	0.7797	0.7225	-1.8433	0.8751	
11.11	0.7113	0.9178	-1.7198	0.8126	
11.12	0.6842	1.0324	-1.3835	0.7753	
11.13	0.7049	0.8041	-1.0034	0.7038	
11.14	0.563	0.5651	-0.8228	0.6224	
11.15	0.597	0.2337	-0.6566	0.6169	
11.16	0.4118	-0.1377	-0.5545	0.5048	
11.17	0.3232	-0.5414	-0.5186	0.3789	
11.18	0.2432	-0.8681	-0.5259	0.3317	
11.19	0.0884	-0.8794	-0.6879	0.1978	
11.2	-0.0573	-0.9969	-0.8808	0.1262	
11.21	-0.198	-0.8374	-1.0606	0.0508	
11.22	-0.4097	-0.6019	-1.367	-0.0275	
11.23	-0.5461	-0.2659	-1.7912	-0.0963	
11.24	-0.7047	0.126	-1.8471	-0.17	
11.25	-0.8523	0.467	-2.1755	-0.2326	
11.26	-1.1463	0.7353	-2.6181	-0.2785	
11.27	-1.1474	0.8908	-2.6197	-0.3067	
11.28	-1.415	0.8909	-2.2157	-0.3038	
11.29	-1.4868	0.7992	-2.391	-0.326	
11.3	-1.4755	0.6615	-2.265	-0.2815	
11.31	-1.7035	0.2614	-2.0637	-0.2616	
11.32	-1.8827	-0.1342	-1.6792	-0.2276	
11.33	-2.0568	-0.4918	-1.3807	-0.1657	
11.34	-1.8568	-0.8541	-1.032	-0.0806	
11.35	-1.8603	-1.034	-0.8341	-0.0023	
11.36	-2.0997	-1.0519	-0.5548	0.101	
11.37	-2.0402	-0.9483	-0.4729	0.2208	
11.38	-1.9243	-0.6367	-0.4527	0.3069	
11.39	-2.0817	-0.3346	-0.5061	0.4818	
11.4	-1.846	0.0423	-0.5915	0.5862	
11.41	-1.9024	0.4123	-0.7866	0.8023	
11.42	-1.6526	0.7264	-1.0058	0.8652	
11.43	-1.5962	0.943	-1.2716	1.1242	
11.44	-1.6065	0.9437	-1.699	1.1195	
11.45	-1.2781	0.8456	-1.8762	1.398	
11.46	-1.2464	0.481	-1.9711	1.5259	
11.47	-1.0955	0.1771	-2.0634	1.8347	
11.48	-0.9622	-0.2224	-2.1729	1.6999	
11.49	-0.8404	-0.6174	-2.4534	2.1505	
11.5	-0.7268	-1.0047	-2.209	2.0251	
11.51	-0.6221	-1.0423	-1.9651	2.3436	
11.52	-0.479	-1.1246	-1.5668	2.2656	
11.53	-0.4336	-1.1079	-1.3513	2.6324	
11.54	-0.3172	-0.8315	-1.0757	2.687	
11.55	-0.2243	-0.4513	-0.7525	2.8425	
11.56	-0.1944	-0.1244	-0.5736	2.9563	
11.57	-0.1466	0.2486	-0.3479	2.6866	
11.58	-0.1133	0.5749	-0.2273	2.5909	
11.59	-0.0903	0.7474	-0.1747	2.998	
11.6	-0.1081	0.6712	-0.2333	3.0096	
11.61	-0.1358	0.6375	-0.368	2.762	
11.62	-0.1563	0.3593	-0.5806	2.8775	
11.63	-0.2299	0.0261	-0.8256	2.5054	
11.64	-0.2809	-0.3567	-1.0778	2.4166	
11.65	-0.3985	-0.7013	-1.3567	2.4444	
11.66	-0.4774	-1.1089	-1.5213	2.581	
11.67	-0.577	-1.2365	-1.9269	2.1548	
11.68	-0.6728	-1.3106	-2.0334	1.9923	
11.69	-0.7437	-1.1864	-2.1725	1.8649	
11.7	-0.8269	-0.9958	-2.044	1.8869	
11.71	-0.9207	-0.7052	-2.0169	1.7681	
11.72	-1.0639	-0.3374	-1.7303	1.5912	
11.73	-1.2114	0.0473	-1.2783	1.3663	
11.74	-1.1525	0.3313	-1.2019	1.2984	
11.75	-1.4028	0.4949	-0.8212	1.3273	
11.76	-1.4166	0.5565	-0.4832	1.2084	
11.77	-1.2643	0.4708	-0.2296	0.9674	
11.78	-1.4161	0.2163	-0.0186	0.8485	
11.79	-1.3398	-0.1092	0.1152	0.8292	
11.8	-1.3575	-0.5001	0.1637	0.7101	
11.81	-1.2215	-0.8593	0.122	0.5791	
11.82	-1.2133	-1.0928	-0.0034	0.5477	
11.83	-1.1403	-1.3867	-0.1947	0.4442	
11.84	-1.0254	-1.3946	-0.4198	0.4077	
11.85	-1.0697	-1.5304	-0.7099	0.4178	
11.86	-0.8974	-1.1246	-1.0886	0.3643	
11.87	-0.7511	-0.9048	-1.2456	0.3648	
11.88	-0.5617	-0.4528	-1.4425	0.3257	
11.89	-0.4051	-0.0959	-1.5269	0.3898	
11.9	-0.2498	0.2257	-1.5525	0.4437	
11.91	-0.0467	0.3796	-1.5423	0.4538	
11.92	0.1521	0.4433	-1.4251	0.4906	
11.93	0.349	0.3484	-1.2932	0.5767	
11.94	0.5051	0.1383	-1.0529	0.6271	
11.95	0.6701	-0.1942	-0.7011	0.6731	
11.96	0.815	-0.6219	-0.3969	0.7441	
11.97	1.1489	-1.0193	-0.1254	0.8299	
11.98	1.2583	-1.3835	0.1315	0.8333	
11.99	1.4697	-1.3514	0.3415	0.8364	
12.0	1.5662	-1.5635	0.4935	1.0083	
12.01	1.4811	-1.423	0.5528	0.9382	
12.02	1.5696	-1.1362	0.4641	1.0124	
12.03	1.7575	-0.9067	0.3726	1.1495	
12.04	1.9894	-0.5534	0.1541	1.1535	
12.05	1.7678	-0.1176	-0.0924	1.1394	
12.06	1.858	0.2192	-0.3501	1.1799	
12.07	2.0117	0.4095	-0.7168	1.1809	
12.08	1.8081	0.4768	-0.8425	1.1948	
12.09	2.0209	0.3846	-1.1375	1.0335	
12.1	1.7947	0.1981	-1.3395	1.0503	
12.11	1.7209	-0.1362	-1.3867	1.0159	
12.12	1.7334	-0.5001	-1.2674	0.9724	
12.13	1.6038	-0.9079	-1.0559	0.8563	
12.14	1.3804	-1.1164	-0.9877	0.8216	
12.15	1.5331	-1.2963	-0.7462	0.7185	
12.16	1.4352	-1.4729	-0.4551	0.5366	
12.17	1.225	-1.3933	-0.1055	0.455	
12.18	1.2196	-1.1252	0.2032	0.3206	
12.19	1.096	-0.852	0.4364	0.1786	
12.2	0.9654	-0.4394	0.5919	0.0233	
12.21	0.9179	-0.009	0.7687	-0.1148	
12.22	0.864	0.307	0.7443	-0.2799	
12.23	0.6799	0.5371	0.7453	-0.4274	
12.24	0.7189	0.6098	0.6834	-0.5115	
12.25	0.7301	0.6052	0.4563	-0.7246	
12.26	0.6096	0.4064	0.1542	-0.7695	
12.27	0.714	0.0856	-0.1218	-0.9322	
12.28	0.6687	-0.2986	-0.4299	-1.1022	
12.29	0.6871	-0.6792	-0.6646	-1.0998	
12.3	0.8085	-0.9952	-0.8557	-1.1719	
12.31	0.9196	-1.1901	-1.0062	-1.2927	
12.32	0.876	-1.3037	-1.0606	-1.3755	
12.33	1.11	-1.2149	-1.0547	-1.3085	
12.34	1.0559	-0.8986	-0.8436	-1.6144	
12.35	1.114	-0.5977	-0.7797	-1.4847	
12.36	1.4718	-0.1659	-0.5329	-1.4412	
12.37	1.3737	0.278	-0.213	-1.3383	
12.38	1.6361	0.6454	0.1024	-1.3967	
12.39	1.8226	0.8697	0.3807	-1.4474	
12.4	1.7038	0.9337	0.6579	-1.2001	
12.41	2.0505	0.9146	0.8988	-1.3014	
12.42	2.1985	0.6578	0.9944	-1.0906	
12.43	2.2451	0.4688	0.9181	-0.9375	
12.44	2.0295	0.0676	0.8793	-0.9657	
12.45	2.4116	-0.2967	0.7944	-0.7073	
12.46	2.4728	-0.5916	0.6167	-0.6516	
12.47	2.1355	-0.7162	0.3297	-0.4847	
12.48	2.4149	-0.9218	0.0123	-0.3645	
12.49	2.2419	-0.6873	-0.2745	-0.1736	
12.5	2.5599	-0.5522	-0.6018	-0.0233	
12.51	2.3247	-0.1767	-0.8302	0.1203	
12.52	2.3279	0.2157	-0.8888	0.3018	
12.53	2.2467	0.6719	-0.9495	0.3919	
12.54	1.9269	0.919	-0.9392	0.5523	
12.55	1.8078	1.1955	-0.8733	0.7324	
12.56	1.5946	1.2394	-0.6584	0.793	
12.57	1.4102	1.2317	-0.3882	1.0044	
12.58	1.3281	1.2216	-0.1373	1.0703	
12.59	1.1024	0.8732	0.1725	1.2247	
12.6	0.9828	0.5316	0.465	1.2553	
12.61	0.8198	0.1655	0.7299	1.27	
12.62	0.6508	-0.1512	0.8531	1.3503	
12.63	0.446	-0.375	0.9223	1.468	
12.64	0.2205	-0.4399	0.915	1.4194	
12.65	0.0427	-0.3544	0.9533	1.2633	
12.66	-0.1376	-0.1012	0.7148	1.351	
12.67	-0.3243	0.2139	0.5984	1.3648	
12.68	-0.465	0.6631	0.2741	1.1863	
12.69	-0.6541	1.007	-0.0218	1.2581	
12.7	-0.7266	1.502	-0.3533	1.283	
12.71	-0.9227	1.6874	-0.5876	1.2291	
12.72	-0.9446	1.9305	-0.8615	1.1619	
12.73	-0.9656	1.76	-0.9214	0.9928	
12.74	-1.1532	1.5796	-1.0338	0.8944	
12.75	-1.0483	1.3661	-1.0499	0.7961	
12.76	-1.1409	0.9842	-1.005	0.677	
12.77	-1.099	0.6394	-0.681	0.6193	
12.78	-1.1295	0.2891	-0.5529	0.5252	
12.79	-1.1415	0.0738	-0.2137	0.4954	
12.8	-1.0972	-0.0096	0.0612	0.3899	
12.81	-1.0146	0.0576	0.3573	0.3338	
12.82	-0.88	0.287	0.5416	0.2368	
12.83	-0.7989	0.5898	0.6798	0.213	
12.84	-0.7553	0.9086	0.8613	0.153	
12.85	-0.7609	1.2807	0.8588	0.1075	
12.86	-0.649	1.7177	0.7832	0.0958	
12.87	-0.6376	2.1396	0.5792	0.079	
12.88	-0.5347	2.1971	0.3838	0.0785	
12.89	-0.5193	2.0609	0.1063	0.1008	
12.9	-0.4597	1.9935	-0.209	0.1284	
12.91	-0.3926	1.5999	-0.4837	0.1557	
12.92	-0.4136	1.2883	-0.8161	0.2124	
12.93	-0.3552	0.8869	-1.0219	0.2547	
12.94	-0.3894	0.5831	-1.1348	0.3447	
12.95	-0.4445	0.3549	-1.163	0.4035	
12.96	-0.4865	0.2825	-1.313	0.4471	
12.97	-0.5052	0.3066	-1.2035	0.5586	
12.98	-0.6341	0.5144	-0.9022	0.6506	
12.99	-0.7569	0.9031	-0.6634	0.7358	
13.0	-0.766	1.2061	-0.4264	0.9287	
13.01	-0.9992	1.4871	-0.1599	0.9412	
13.02	-0.9709	1.7833	0.1097	1.0531	
13.03	-1.2537	2.0626	0.3445	1.1317	
13.04	-1.297	2.2006	0.5221	1.2947	
13.05	-1.3885	2.2646	0.6392	1.3622	
13.06	-1.6952	2.3125	0.6325	1.2818	
13.07	-1.7978	1.9414	0.5092	1.4172	
13.08	-1.8532	1.3978	0.3404	1.3372	
13.09	-1.9613	1.1848	0.0984	1.4481	
13.1	-2.4413	0.7034	-0.1845	1.3714	
13.11	-2.515	0.5403	-0.495	1.6059	
13.12	-2.6179	0.3863	-0.7919	1.4868	
13.13	-2.4453	0.4354	-1.1921	1.4093	
13.14	-2.5012	0.646	-1.3358	1.4872	
13.15	-2.8352	0.8491	-1.4243	1.2381	
13.16	-2.8007	1.1873	-1.4337	1.2055	
13.17	-3.192	1.7405	-1.3883	1.1722	
13.18	-2.9096	1.9944	-1.5295	1.0074	
13.19	-3.0598	2.1501	-1.1754	0.9175	
13.2	-2.7612	2.1147	-1.0014	0.7805	
13.21	-2.6295	2.5122	-0.8011	0.696	
13.22	-2.6822	1.9797	-0.4644	0.5018	
13.23	-2.7668	1.9489	-0.2146	0.3985	
13.24	-2.476	1.5001	0.0285	0.2298	
13.25	-2.279	1.0835	0.211	0.0464	
13.26	-2.569	0.6158	0.303	-0.1383	
13.27	-2.0395	0.3989	0.2898	-0.3016	
13.28	-2.0979	0.2253	0.2111	-0.4618	
13.29	-1.9132	0.2603	0.0217	-0.6713	
13.3	-1.7266	0.3719	-0.2004	-0.9056	
13.31	-1.5886	0.6761	-0.5006	-0.9096	
13.32	-1.303	0.9858	-0.8524	-1.1971	
13.33	-1.3061	1.3562	-1.1475	-1.3491	
13.34	-0.9462	1.6185	-1.3161	-1.3996	
13.35	-0.855	2.1337	-1.4751	-1.4145	
13.36	-0.7424	2.1435	-1.7869	-1.6601	
13.37	-0.5197	1.8324	-1.8087	-1.6792	
13.38	-0.4273	1.9994	-1.9362	-1.8859	
13.39	-0.331	1.5783	-1.7496	-1.9794	
13.4	-0.2187	1.055	-1.5522	-1.7959	
13.41	-0.1566	0.6727	-1.3012	-2.0456	
13.42	-0.0979	0.3	-1.0568	-1.8098	
13.43	-0.0468	0.0234	-0.7412	-1.9262	
13.44	-0.0155	-0.1485	-0.4942	-1.8313	
13.45	-0.0037	-0.1512	-0.2509	-1.935	
13.46	-0.0059	-0.0291	-0.0894	-1.8145	
13.47	-0.0228	0.2303	0.0052	-1.8052	
13.48	-0.0535	0.5499	0.0071	-1.6459	
13.49	-0.1004	0.9288	-0.0799	-1.7888	
13.5	-0.1298	1.1615	-0.271	-1.7115	
13.51	-0.1921	1.3436	-0.4608	-1.611	
13.52	-0.2361	1.526	-0.8285	-1.3223	
13.53	-0.321	1.4365	-1.0515	-1.4512	
13.54	-0.4096	1.3604	-1.3607	-1.2076	
13.55	-0.4804	0.9332	-1.6897	-1.0444	
13.56	-0.5392	0.6135	-1.758	-1.0285	
13.57	-0.6027	0.173	-1.8796	-0.9817	
13.58	-0.5727	-0.223	-1.8966	-0.7345	
13.59	-0.6397	-0.5574	-2.1715	-0.7727	
13.6	-0.6849	-0.6676	-2.0183	-0.6286	
13.61	-0.6338	-0.827	-1.8532	-0.5936	
13.62	-0.607	-0.6786	-1.5448	-0.5254	
13.63	-0.5575	-0.4229	-1.2108	-0.4268	
13.64	-0.4969	-0.0791	-1.0089	-0.3991	
13.65	-0.4176	0.278	-0.6804	-0.3341	
13.66	-0.3393	0.5752	-0.4037	-0.2855	
13.67	-0.2913	0.8828	-0.237	-0.2979	
13.68	-0.1584	0.8722	-0.1626	-0.306	
13.69	-0.0085	0.861	-0.1668	-0.3509	
13.7	0.1389	0.6988	-0.2423	-0.3356	
13.71	0.3138	0.3378	-0.3614	-0.3748	
13.72	0.5107	-0.0601	-0.6747	-0.3936	
13.73	0.7228	-0.5406	-0.8665	-0.4524	
13.74	0.8031	-0.9566	-1.0893	-0.5984	
13.75	1.1514	-1.2539	-1.3952	-0.6448	
13.76	1.2317	-1.3286	-1.7951	-0.7595	
13.77	1.451	-1.3978	-2.0036	-0.7678	
13.78	1.533	-1.2607	-1.9594	-0.8219	
13.79	1.8157	-1.2099	-1.9603	-0.9416	
13.8	2.0258	-0.7566	-2.1083	-1.1245	
13.81	2.2027	-0.4065	-1.9078	-1.0157	
13.82	2.1671	-0.1204	-1.8251	-1.1199	
13.83	2.3648	0.1052	-1.5431	-1.3012	
13.84	2.4509	0.2131	-1.354	-1.3591	
13.85	2.5733	0.1653	-0.8898	-1.4112	
13.86	2.8052	-0.0117	-0.7164	-1.5006	
13.87	2.5783	-0.3418	-0.4706	-1.5167	
13.88	2.7545	-0.7355	-0.2799	-1.3044	
13.89	2.679	-1.1253	-0.1572	-1.4918	
13.9	3.0048	-1.5495	-0.1474	-1.4524	
13.91	2.7605	-1.6942	-0.2231	-1.2882	
13.92	2.8008	-2.0036	-0.3882	-1.4384	
13.93	2.6175	-2.0086	-0.5522	-1.2769	
13.94	2.3171	-1.824	-0.8124	-1.2397	
13.95	2.5664	-1.7886	-1.0833	-1.1344	
13.96	2.2162	-1.5432	-1.5348	-1.1145	
13.97	2.4204	-1.003	-1.7935	-0.9593	
13.98	1.9166	-0.7324	-1.8195	-0.8939	
13.99	1.8277	-0.5464	-1.9849	-0.8251	
14.0	1.8965	-0.4009	-1.9432	-0.6477	
14.01	1.6735	-0.4496	-2.0338	-0.4962	
14.02	1.3997	-0.5667	-1.7394	-0.3368	
14.03	1.3391	-0.9721	-1.5217	-0.1991	
14.04	1.413	-1.3003	-1.4798	-0.0545	
14.05	1.1872	-1.8109	-1.1742	0.1044	
14.06	0.9976	-2.1231	-0.8106	0.2357	
14.07	1.0394	-2.4298	-0.5055	0.3756	
14.08	0.8718	-2.8006	-0.2246	0.5418	
14.09	0.7908	-2.7367	-0.0605	0.6311	
14.1	0.7604	-2.318	0.0474	0.7057	
14.11	0.7445	-2.3733	0.0627	0.8495	
14.12	0.7171	-1.9772	0.0007	1.0568	
14.13	0.7942	-1.5695	-0.1439	1.0266	
14.14	0.8316	-1.2712	-0.3463	1.1611	
14.15	0.8938	-0.9741	-0.6823	1.2959	
14.16	0.8646	-0.804	-0.8872	1.2219	
14.17	0.9948	-0.7462	-1.1184	1.3097	
14.18	0.9603	-0.8707	-1.5383	1.3209	
14.19	1.1403	-1.2625	-1.4851	1.1598	
14.2	1.0571	-1.5733	-1.8574	1.2076	
14.21	1.1361	-1.9096	-1.7099	1.1342	
14.22	1.24	-2.4036	-1.6519	1.0998	
14.23	1.4265	-2.6455	-1.6156	1.1307	
14.24	1.5956	-2.9828	-1.3389	1.0385	
14.25	1.5414	-2.7531	-1.1336	0.7734	
14.26	1.4507	-2.7581	-0.7069	0.7364	
14.27	1.7649	-2.5229	-0.436	0.6459	
14.28	1.7181	-2.3165	-0.1248	0.5138	
14.29	1.7412	-1.8543	0.1366	0.3075	
14.3	1.7785	-1.5151	0.3607	0.1866	
14.31	1.5849	-1.0413	0.4855	0.03	
14.32	1.606	-1.0136	0.5025	-0.1189	
14.33	1.7928	-0.8759	0.4237	-0.2823	
14.34	1.5315	-1.09	0.2597	-0.3917	
14.35	1.5228	-1.1557	0.0535	-0.5944	
14.36	1.4973	-1.705	-0.191	-0.7668	
14.37	1.2566	-1.883	-0.4935	-0.8067	
14.38	1.0635	-2.3436	-0.7008	-0.9991	
14.39	0.8966	-2.853	-0.8896	-1.1778	
14.4	0.8587	-3.0432	-1.2421	-1.1554	
14.41	0.5833	-3.0097	-1.3587	-1.439	
14.42	0.3852	-2.7706	-1.2006	-1.2792	
14.43	0.2327	-2.4909	-1.1196	-1.3838	
14.44	0.017	-2.2269	-0.9528	-1.436	
14.45	-0.1959	-1.7502	-0.7607	-1.5614	
14.46	-0.3732	-1.183	-0.5026	-1.7303	
14.47	-0.6487	-0.9671	-0.2269	-1.4746	
14.48	-0.8577	-0.7248	0.0954	-1.5479	
14.49	-1.0066	-0.6963	0.4277	-1.4706	
14.5	-1.1788	-0.7447	0.6799	-1.6385	
14.51	-1.4038	-0.9195	0.9135	-1.7015	
14.52	-1.4988	-1.3066	1.0039	-1.5216	
14.53	-1.6698	-1.6279	1.0681	-1.5003	
14.54	-1.7812	-2.1574	1.0316	-1.3627	
14.55	-1.8694	-2.1194	0.8906	-1.2372	
14.56	-1.6776	-2.7019	0.5733	-1.1904	
14.57	-1.9667	-2.3438	0.3867	-1.1007	
14.58	-2.0082	-2.3138	0.0843	-1.2091	
14.59	-2.0306	-2.0275	-0.1644	-1.1199	
14.6	-1.8545	-1.7286	-0.4169	-1.0736	
14.61	-1.7209	-1.135	-0.5653	-1.0014	
14.62	-1.7838	-0.7763	-0.69	-0.9405	
14.63	-1.8226	-0.4911	-0.7225	-0.8536	
14.64	-1.7602	-0.2753	-0.6815	-0.8372	
14.65	-1.7987	-0.176	-0.4593	-0.816	
14.66	-1.627	-0.254	-0.2366	-0.7871	
14.67	-1.3375	-0.4988	0.0577	-0.7156	
14.68	-1.476	-0.7669	0.4109	-0.7689	
14.69	-1.2734	-1.1013	0.7038	-0.6839	
14.7	-1.1937	-1.5734	1.0057	-0.7936	
14.71	-1.0786	-1.8395	1.2154	-0.762	
14.72	-0.9859	-1.9807	1.423	-0.7826	
14.73	-0.8303	-1.8874	1.6358	-0.8314	
14.74	-0.7574	-1.7658	1.708	-0.9992	
14.75	-0.7516	-1.324	1.4587	-1.136	
14.76	-0.6346	-0.9859	1.4489	-1.1695	
14.77	-0.68	-0.6412	1.2137	-1.3452	
14.78	-0.5884	-0.1722	0.9223	-1.3507	
14.79	-0.6287	0.176	0.6221	-1.3564	
14.8	-0.5767	0.4029	0.4109	-1.5198	
14.81	-0.7074	0.5043	0.1755	-1.5919	
14.82	-0.6799	0.4492	0.0174	-1.8462	
14.83	-0.7678	0.3021	-0.0817	-1.9662	
14.84	-0.9221	0.0034	-0.0917	-1.9168	
14.85	-0.8433	-0.3593	-0.0251	-2.1898	
14.86	-1.1204	-0.6392	0.1449	-2.1884	
14.87	-1.1556	-0.9036	0.3941	-2.2016	
14.88	-1.1547	-1.0665	0.6578	-2.5536	
14.89	-1.2444	-1.1362	0.9898	-2.6783	
14.9	-1.589	-0.871	1.1858	-2.7036	
14.91	-1.4952	-0.6287	1.5829	-2.9207	
14.92	-1.8603	-0.2495	1.9891	-2.5675	
14.93	-1.7783	0.182	2.147	-2.7069	
14.94	-2.0218	0.6517	1.9633	-2.5162	
14.95	-1.9212	1.0548	2.3959	-2.632	
14.96	-2.011	1.2311	2.0061	-2.6964	
14.97	-2.2101	1.2228	2.0404	-2.746	
14.98	-2.0614	1.2869	1.8427	-2.7211	
14.99	-2.3747	1.1697	1.523	-2.7989	
15.0	-2.3084	0.7467	1.146	-2.3708	
15.01	-2.3029	0.5386	0.9114	-2.6057	
15.02	-2.1477	0.1461	0.7048	-2.1095	
15.03	-2.3792	-0.1175	0.5664	-2.334	
15.04	-1.9178	-0.2388	0.4744	-2.1441	
15.05	-2.1533	-0.2592	0.4501	-1.9894	
15.06	-1.7499	-0.1518	0.4494	-1.6266	
15.07	-1.6488	0.1305	0.5939	-1.4773	
15.08	-1.5217	0.4892	0.8986	-1.4709	
15.09	-1.4467	0.9597	1.2724	-1.2344	
15.1	-1.4189	1.4744	1.5109	-1.1137	
15.11	-1.1293	1.8632	1.7705	-0.8604	
15.12	-1.0109	1.8642	2.229	-0.6865	
15.13	-0.7918	2.1322	2.3246	-0.5217	
15.14	-0.6563	1.8681	2.4248	-0.4077	
15.15	-0.4216	1.7968	2.841	-0.2943	
15.16	-0.2572	1.7	2.6756	-0.1544	
15.17	-0.0975	1.2628	2.7244	-0.0171	
15.18	0.0676	0.8393	2.2069	0.0962	
15.19	0.2215	0.5978	2.1234	0.1762	
15.2	0.3832	0.435	1.7237	0.2495	
15.21	0.5657	0.3954	1.7598	0.3123	
15.22	0.5701	0.5457	1.2505	0.425	
15.23	0.7943	0.764	1.2	0.4336	
15.24	0.7724	1.1178	1.0224	0.4638	
15.25	0.8569	1.5151	0.754	0.5153	
15.26	1.0069	1.7766	0.7335	0.5042	
15.27	0.9432	2.312	0.8284	0.4557	
15.28	0.9171	2.5063	1.0028	0.3764	
15.29	0.9093	2.796	1.1134	0.3233	
15.3	0.9917	2.5685	1.6028	0.3126	
15.31	0.8602	2.2702	1.7328	0.2096	
15.32	0.8907	2.2479	1.9787	0.1461	
15.33	0.7426	1.6118	2.317	0.0697	
15.34	0.7253	1.5062	2.6123	-0.0247	
15.35	0.6044	0.9812	2.5785	-0.123	
15.36	0.4986	0.8933	3.0272	-0.2331	
15.37	0.3891	0.8779	2.719	-0.3311	
15.38	0.3314	0.8242	2.8106	-0.4163	
15.39	0.1978	1.1897	2.6262	-0.4533	
15.4	0.1365	1.3324	2.6254	-0.5288	
15.41	0.0527	1.9731	2.1965	-0.6641	
15.42	-0.0148	2.1903	1.809	-0.8188	
15.43	-0.0813	2.539	1.6775	-0.8366	
15.44	-0.1213	2.9042	1.261	-0.8743	
15.45	-0.1561	3.2048	1.0267	-0.866	
15.46	-0.1592	3.0344	0.9122	-0.9373	
15.47	-0.1511	2.4555	0.9525	-0.9815	
15.48	-0.1491	2.5072	0.9984	-1.0734	
15.49	-0.1068	1.9135	1.192	-0.9752	
15.5	-0.0592	1.6472	1.4375	-1.0419	
15.51	0.0074	1.3558	1.7345	-0.8878	
15.52	0.0957	1.0712	2.0306	-0.9597	
15.53	0.1736	0.9127	2.0164	-0.9276	
15.54	0.3004	0.9448	2.3784	-0.8066	
15.55	0.4101	1.3366	2.4367	-0.8102	
15.56	0.5424	1.6184	3.0956	-0.6537	
15.57	0.7267	1.9939	2.7231	-0.5795	
15.58	0.7951	2.4859	3.1932	-0.4938	
15.59	0.9437	2.6895	2.7049	-0.4544	
15.6	1.2412	2.986	2.8157	-0.3253	
15.61	1.2373	2.8603	2.2141	-0.2814	
15.62	1.3352	2.7656	2.061	-0.1652	
15.63	1.563	2.3833	1.8035	-0.0802	
15.64	1.584	2.3885	1.3883	-0.0084	
15.65	1.5882	1.7035	1.3558	0.069	
15.66	1.8831	1.3559	1.0495	0.1228	
15.67	2.0811	1.2238	0.9987	0.1647	
15.68	1.9118	0.9003	0.8209	0.2294	
15.69	2.1073	0.6987	0.9755	0.2508	
15.7	1.9898	0.8121	1.141	0.2732	
15.71	2.246	0.9321	1.3299	0.2955	
15.72	2.0204	1.2962	1.461	0.2917	
15.73	2.1038	1.5004	1.9187	0.2728	
15.74	2.0475	2.1205	2.114	0.2273	
15.75	1.9281	2.2635	2.4792	0.1728	
15.76	1.8933	2.5935	2.3447	0.0995	
15.77	1.6782	2.3795	2.7851	0.0114	
15.78	1.523	2.3916	2.5363	-0.0824	
15.79	1.3159	2.0968	2.7637	-0.2053	
15.8	1.272	1.7344	2.598	-0.3036	
15.81	1.1868	1.3666	2.5811	-0.4301	
15.82	0.9754	1.1133	1.9747	-0.6112	
15.83	0.7012	0.6993	1.9729	-0.7664	
15.84	0.5836	0.4453	1.6598	-0.8609	
15.85	0.4434	0.2873	1.241	-0.9404	
15.86	0.3173	0.2879	0.9201	-1.2357	
15.87	0.1663	0.4192	0.7668	-1.4942	
15.88	0.0267	0.7772	0.6929	-1.651	
15.89	-0.0916	1.0106	0.5702	-1.6014	
15.9	-0.2078	1.4129	0.6452	-1.7657	
15.91	-0.3116	1.7025	0.7562	-2.1451	
15.92	-0.3591	1.9189	0.8794	-2.2632	
15.93	-0.4178	1.8264	1.0878	-2.33	
15.94	-0.4879	1.8458	1.4874	-2.5546	
15.95	-0.4527	1.7367	1.618	-2.3175	
15.96	-0.4782	1.3141	1.9654	-2.3002	
15.97	-0.4399	0.8927	1.9859	-2.4952	
15.98	-0.4634	0.4837	2.3401	-2.8703	
15.99	-0.3542	0.0678	2.5996	-2.8044	
16.0	-0.3376	-0.2066	2.4894	-2.5192	
16.01	-0.2226	-0.4088	2.2184	-2.6952	
16.02	-0.1484	-0.414	2.0299	-2.4985	
16.03	-0.059	-0.2563	1.9056	-2.4779	
16.04	0.0392	0.0138	1.3594	-2.4465	
16.05	0.1575	0.3645	1.1269	-2.7093	
16.06	0.2466	0.6381	0.7793	-2.3415	
16.07	0.3893	0.9904	0.5777	-2.3797	
16.08	0.4543	1.1039	0.3464	-2.4414	
16.09	0.5346	1.197	0.1991	-2.4362	
16.1	0.6168	1.0906	0.1435	-1.9899	
16.11	0.7876	0.8806	0.1785	-2.1757	
16.12	0.8283	0.6342	0.335	-1.8268	
16.13	0.8016	0.1978	0.5373	-1.7415	
16.14	0.8091	-0.2749	0.7233	-1.5309	
16.15	0.8326	-0.6378	0.966	-1.3798	
16.16	0.9146	-0.8529	1.3532	-1.2591	
16.17	0.8767	-1.1944	1.6196	-1.2193	
16.18	0.7855	-1.0365	1.8359	-1.0722	
16.19	0.8555	-0.9214	1.7493	-0.895	
16.2	0.7259	-0.6684	2.0658	-0.7853	
16.21	0.6134	-0.3817	1.7767	-0.8131	
16.22	0.5919	-0.0528	1.6173	-0.6945	
16.23	0.4379	0.2545	1.3857	-0.5539	
16.24	0.3213	0.4658	1.3412	-0.4495	
16.25	0.174	0.526	0.9208	-0.4185	
16.26	0.027	0.4307	0.6605	-0.3776	
16.27	-0.1127	0.2445	0.3279	-0.3299	
16.28	-0.2621	-0.0696	0.0451	-0.2734	
16.29	-0.3908	-0.513	-0.1506	-0.3027	
16.3	-0.5308	-0.8739	-0.3075	-0.2983	
16.31	-0.6869	-1.1683	-0.3541	-0.3079	
16.32	-0.8816	-1.5837	-0.3417	-0.2999	
16.33	-1.013	-1.6125	-0.208	-0.3467	
16.34	-0.9946	-1.7375	-0.0031	-0.4275	
16.35	-1.1826	-1.4765	0.2583	-0.4801	
16.36	-1.3556	-1.2966	0.5142	-0.4514	
16.37	-1.2408	-1.0164	0.7226	-0.5385	
16.38	-1.3014	-0.7133	1.0081	-0.6463	
16.39	-1.2839	-0.3763	1.1325	-0.6957	
16.4	-1.5315	-0.1465	1.2637	-0.751	
16.41	-1.5116	-0.0379	1.4003	-0.8729	
16.42	-1.2865	-0.0873	1.2764	-0.8495	
16.43	-1.3573	-0.2711	1.3295	-1.0055	
16.44	-1.2701	-0.5435	0.9992	-1.0734	
16.45	-1.139	-0.9992	0.7234	-0.93	
16.46	-1.1211	-1.5333	0.4195	-1.0592	
16.47	-0.9834	-1.653	0.1341	-1.1438	
16.48	-0.8098	-2.0165	-0.1785	-1.0988	
16.49	-0.6471	-2.2089	-0.4626	-1.1729	
16.5	-0.5039	-2.176	-0.616	-1.1832	
16.51	-0.4191	-2.2713	-0.8358	-0.9849	
16.52	-0.2742	-1.8925	-0.8008	-1.0943	
16.53	-0.112	-1.3927	-0.8462	-0.9537	
16.54	0.0274	-1.0881	-0.6328	-0.8823	
16.55	0.1507	-0.8064	-0.4971	-0.8265	
16.56	0.3022	-0.5683	-0.2355	-0.7496	
16.57	0.3592	-0.4067	0.0463	-0.5782	
16.58	0.5169	-0.4611	0.3177	-0.5238	
16.59	0.5834	-0.6643	0.5233	-0.392	
16.6	0.6973	-0.88	0.7622	-0.2857	
16.61	0.6523	-1.38	0.8716	-0.1405	
16.62	0.7327	-1.6684	0.9775	-0.0006	
16.63	0.6948	-2.2285	0.8276	0.1529	
16.64	0.7289	-2.2483	0.7258	0.2662	
16.65	0.7328	-2.4381	0.5613	0.445	
16.66	0.7492	-2.3593	0.3172	0.5923	
16.67	0.6045	-2.1264	0.0191	0.7458	
16.68	0.5264	-1.8635	-0.3155	0.7768	
16.69	0.4578	-1.5615	-0.5383	0.9495	
16.7	0.419	-1.3003	-0.8027	1.0093	
16.71	0.2767	-0.8992	-1.0691	1.1405	
