0.01	0.2967	0.1514	0.2036	0.4951	0.049	0.1728	
0.02	0.5729	0.3173	0.3807	0.934	0.0898	0.3531	
0.03	0.7529	0.424	0.6024	1.1328	0.1365	0.5017	
0.04	0.952	0.5625	0.7577	1.3928	0.1633	0.7283	
0.05	1.1403	0.6565	0.9026	1.5508	0.2368	0.7534	
0.06	1.0838	0.8608	1.204	1.3788	0.2658	0.9821	
0.07	1.2279	1.0102	1.3642	1.1846	0.3547	0.9999	
0.08	1.1222	1.0319	1.5816	1.0395	0.335	1.2677	
0.09	1.0668	1.166	1.7807	0.7743	0.4471	1.2881	
0.1	0.8924	1.3435	1.8986	0.4489	0.4508	1.3366	
0.11	0.852	1.3837	1.9359	0.2394	0.5088	1.3847	
0.12	0.6283	1.392	1.8655	0.1531	0.5374	1.4157	
0.13	0.4152	1.4857	2.151	0.1936	0.6434	1.6161	
0.14	0.1845	1.4062	2.1541	0.3647	0.5597	1.5461	
0.15	0.0031	1.5549	2.3181	0.6294	0.676	1.6072	
0.16	-0.1604	1.6954	2.4052	0.9371	0.6806	1.5394	
0.17	-0.2974	1.6698	2.0952	1.3523	0.8701	1.2978	
0.18	-0.3537	1.4363	2.1518	1.8203	0.762	1.3155	
0.19	-0.342	1.5271	2.1614	1.8759	0.8131	1.3857	
0.2	-0.2939	1.6037	2.1034	2.2963	0.8057	1.3236	
0.21	-0.2199	1.6227	2.2266	2.3256	1.0029	1.0575	
0.22	-0.0626	1.4583	1.8139	2.2397	0.9308	1.15	
0.23	0.1427	1.3784	1.8639	1.8111	1.1334	1.025	
0.24	0.3861	1.3723	1.8847	1.388	0.9893	0.9046	
0.25	0.6079	1.289	1.5085	0.9377	1.0567	0.8077	
0.26	1.0039	1.1557	1.5505	0.5198	1.0812	0.7053	
0.27	1.1664	1.2065	1.541	0.12	1.1131	0.6395	
0.28	1.307	1.0392	1.3382	-0.1838	1.1355	0.5421	
0.29	1.5546	0.8829	1.1116	-0.3922	1.335	0.406	
0.3	1.7667	0.8187	0.9547	-0.4127	1.1144	0.3732	
0.31	2.0224	0.7104	0.8115	-0.3683	1.44	0.3481	
0.32	1.834	0.7075	0.6592	-0.1738	1.1246	0.3031	
0.33	1.8843	0.6979	0.458	0.109	1.563	0.2932	
0.34	2.0717	0.5267	0.3415	0.3581	1.3146	0.2835	
0.35	1.7781	0.4678	0.1776	0.6306	1.6212	0.2936	
0.36	1.8055	0.438	0.0354	0.8649	1.34	0.2876	
0.37	1.6345	0.3832	-0.1044	0.924	1.5741	0.3727	
0.38	1.3568	0.3779	-0.2413	0.9481	1.4521	0.4215	
0.39	1.1017	0.3736	-0.3772	0.6748	1.6246	0.4902	
0.4	0.9307	0.3193	-0.4917	0.3848	1.4191	0.5814	
0.41	0.7682	0.2924	-0.5309	0.0431	1.7452	0.7294	
0.42	0.5724	0.3104	-0.6595	-0.3914	1.6099	0.8459	
0.43	0.4511	0.3548	-0.6669	-0.8115	1.724	0.9766	
0.44	0.3802	0.3901	-0.7063	-1.0216	1.4879	1.0516	
0.45	0.3882	0.4341	-0.8527	-1.2878	1.8635	1.3667	
0.46	0.4261	0.412	-0.8955	-1.4049	1.5265	1.3757	
0.47	0.542	0.5248	-0.8259	-1.2751	2.0526	1.7269	
0.48	0.6407	0.5606	-0.7508	-1.0327	1.7299	1.8574	
0.49	0.8201	0.6104	-0.7335	-0.6317	1.8395	2.0151	
0.5	1.2029	0.8205	-0.8276	-0.2625	1.4932	2.1266	
0.51	1.4894	0.7802	-0.6985	0.2022	1.9223	2.3046	
0.52	1.7234	0.867	-0.7182	0.6118	1.612	2.2822	
0.53	1.9365	0.9882	-0.649	0.9353	1.9093	2.5493	
0.54	2.151	1.2342	-0.5515	1.038	1.622	2.3292	
0.55	2.5123	1.3231	-0.4509	1.1778	2.0901	2.5593	
0.56	2.4744	1.3972	-0.3105	1.1732	1.5922	2.5169	
0.57	2.3299	1.3888	-0.2418	0.9565	2.0355	2.5915	
0.58	2.8179	1.7665	-0.1061	0.7163	1.8417	2.805	
0.59	2.7529	1.9263	0.013	0.3979	2.0752	2.5947	
0.6	2.4828	2.0322	0.1351	0.175	1.8859	2.6194	
0.61	2.1456	1.9506	0.276	0.0165	2.2367	2.6989	
0.62	2.2811	1.9105	0.3878	-0.0311	1.8945	3.0066	
0.63	1.8772	2.1765	0.4864	0.0487	2.0749	2.8543	
0.64	1.8108	2.4082	0.6778	0.2724	1.646	2.646	
0.65	1.4541	2.5283	0.7881	0.6418	2.3159	2.4292	
0.66	1.2894	2.6181	0.9099	1.0222	1.6924	2.2034	
0.67	1.0334	2.3872	1.047	1.5388	2.0008	2.1378	
0.68	1.0071	2.6094	1.0776	2.1019	1.8361	2.1059	
0.69	0.8546	2.4114	1.2607	2.3326	2.3664	1.9689	
0.7	0.7219	2.8087	1.2858	2.5685	1.8717	1.8461	
0.71	0.8152	2.6698	1.2861	3.0243	2.2489	1.6875	
0.72	0.7997	2.8326	1.5887	2.919	1.5696	1.8403	
0.73	1.0214	2.4665	1.5537	2.5183	2.348	1.6329	
0.74	1.1594	2.3269	1.6639	2.3536	1.7671	1.4105	
0.75	1.3615	2.391	1.6047	2.0432	2.3169	1.3279	
0.76	1.5012	2.618	1.7565	1.5192	1.5242	1.1368	
0.77	1.8105	2.5794	1.7372	1.3865	1.9712	1.1833	
0.78	1.9214	2.0973	1.635	1.146	1.7282	1.0268	
0.79	2.0745	2.0002	1.8748	0.8776	2.0489	1.0667	
0.8	2.7305	2.1493	1.9084	0.8865	1.6939	0.9764	
0.81	2.7918	2.0937	1.7706	1.086	2.2122	0.8205	
0.82	2.9155	1.9303	1.8409	1.2912	1.4648	0.8177	
0.83	2.8165	1.8367	1.6193	1.6762	2.1533	0.8629	
0.84	2.9836	1.6064	1.5482	1.8742	1.4913	0.8808	
0.85	2.8585	1.4684	1.4977	2.0204	2.1765	0.8955	
0.86	2.6402	1.4373	1.4651	2.4393	1.3795	0.9479	
0.87	2.638	1.1968	1.6276	2.6474	2.1768	1.0434	
0.88	2.1814	1.2694	1.5375	2.1536	1.4922	1.1462	
0.89	2.0843	0.977	1.4882	2.3384	1.8721	1.1726	
0.9	1.7653	0.9249	1.2638	1.8007	1.4466	1.3233	
0.91	1.5568	0.9115	1.4122	1.4614	2.092	1.3541	
0.92	1.3752	0.7574	1.3332	0.9041	1.3645	1.4835	
0.93	1.1753	0.6055	1.1732	0.4661	1.8987	1.5279	
0.94	0.9505	0.5334	1.2715	0.0751	1.2513	1.6763	
0.95	0.9563	0.482	1.0611	-0.221	1.9673	1.9846	
0.96	0.8242	0.4359	1.0548	-0.3945	1.2529	1.9774	
0.97	0.9048	0.3303	0.9954	-0.4451	1.8849	2.2013	
0.98	0.971	0.2882	1.0682	-0.3407	1.2318	1.954	
0.99	1.0824	0.2862	0.9686	-0.1513	1.845	2.3733	
1.0	1.2179	0.2671	0.9202	0.1269	1.1069	2.2024	
1.01	1.2973	0.2516	0.8846	0.4179	1.5291	2.6354	
1.02	1.6881	0.2114	0.8624	0.7076	1.1293	2.2447	
1.03	1.8644	0.2179	0.9879	0.948	1.4831	2.661	
1.04	1.9697	0.2833	0.9752	0.9446	0.9714	2.6643	
1.05	2.3875	0.2738	0.9483	0.8986	1.7372	2.5517	
1.06	2.6327	0.3305	0.8909	0.7994	0.8474	2.4218	
1.07	2.7226	0.3929	0.8789	0.5902	1.4174	2.2765	
1.08	2.6164	0.4068	1.0308	0.2149	0.9048	2.3177	
1.09	2.4818	0.5564	0.9485	-0.1283	1.4442	2.3415	
1.1	2.5033	0.5836	1.1176	-0.4282	0.7923	2.3868	
1.11	2.5061	0.7059	0.9615	-0.7774	1.334	2.0449	
1.12	2.2601	0.7053	1.1826	-0.8484	0.6383	2.0799	
1.13	2.4375	0.8187	1.1763	-0.7781	1.189	1.812	
1.14	1.8756	0.8887	1.191	-0.6909	0.5902	1.9183	
1.15	1.8366	0.9541	1.2407	-0.4209	1.2904	1.7117	
1.16	1.4015	1.0108	1.177	-0.0441	0.5053	1.3924	
1.17	1.2037	1.0931	1.2037	0.388	1.0738	1.3533	
1.18	1.0231	1.3594	1.2106	0.8706	0.4567	1.1472	
1.19	0.7765	1.2551	1.2327	1.347	1.113	1.0593	
1.2	0.6837	1.3505	1.2188	1.5526	0.3429	0.8021	
1.21	0.5044	1.3188	1.1863	1.8807	1.0616	0.6814	
1.22	0.5076	1.4683	1.2903	1.7788	0.3047	0.5756	
1.23	0.524	1.5948	1.1158	1.7955	0.961	0.4039	
1.24	0.6106	1.7343	1.1968	1.4368	0.2017	0.2787	
1.25	0.7056	1.4947	1.1047	1.4236	0.8268	0.191	
1.26	0.7807	1.6224	1.0773	0.9219	0.1114	0.0915	
1.27	1.0169	1.7494	1.1733	0.761	0.751	0.0009	
1.28	1.325	1.4751	1.1552	0.6172	0.0198	-0.0672	
1.29	1.5337	1.7509	1.024	0.5497	0.6662	-0.1068	
1.3	1.7073	1.4864	1.0655	0.5397	-0.0657	-0.1368	
1.31	2.0685	1.6511	0.9471	0.7772	0.6956	-0.1611	
1.32	2.241	1.5219	0.7822	1.0318	-0.1707	-0.1658	
1.33	2.3167	1.4795	0.6858	1.3471	0.6139	-0.136	
1.34	2.101	1.2409	0.7155	1.9131	-0.2307	-0.1054	
1.35	2.1027	1.2159	0.5992	2.029	0.5016	-0.0592	
1.36	2.1634	1.2281	0.5581	2.6616	-0.339	0.0053	
1.37	1.9356	0.9862	0.412	2.7346	0.3995	0.0834	
1.38	1.8591	0.8658	0.3067	2.5472	-0.4307	0.1656	
1.39	1.7686	0.7254	0.2381	2.6028	0.3357	0.2418	
1.4	1.4737	0.625	0.1545	2.4035	-0.4708	0.3752	
1.41	1.2088	0.522	0.0708	2.2423	0.2809	0.4127	
1.42	0.8978	0.4331	-0.0128	1.8314	-0.64	0.4979	
1.43	0.6969	0.3211	-0.0984	1.1662	0.1797	0.6053	
1.44	0.4157	0.1683	-0.1513	0.8929	-0.6149	0.7316	
1.45	0.238	0.0435	-0.2327	0.5611	0.1176	0.7814	
1.46	0.0731	-0.0731	-0.2901	0.3227	-0.7866	0.8805	
1.47	-0.0261	-0.1849	-0.3205	0.2791	0.0456	0.961	
1.48	-0.0734	-0.2954	-0.3443	0.3512	-0.8473	1.026	
1.49	-0.0587	-0.3827	-0.3942	0.5212	-0.0202	1.1679	
1.5	0.0199	-0.5299	-0.4301	0.7204	-0.965	1.1163	
1.51	0.1378	-0.6245	-0.4501	1.0423	-0.0865	1.1355	
1.52	0.2828	-0.7102	-0.4204	1.329	-0.919	1.1507	
1.53	0.5532	-0.7831	-0.4155	1.2893	-0.1577	1.0699	
1.54	0.6515	-0.8261	-0.3748	1.3779	-0.9913	1.1454	
1.55	0.8949	-0.9285	-0.3566	1.2523	-0.2044	1.0882	
1.56	1.0809	-0.9126	-0.3052	1.1522	-1.2506	0.8587	
1.57	1.3982	-0.8155	-0.2547	0.8451	-0.2806	0.9192	
1.58	1.5966	-0.967	-0.1736	0.3289	-1.2785	0.7016	
1.59	1.7013	-0.9296	-0.0948	-0.1282	-0.3585	0.5996	
1.6	1.6959	-0.9103	-0.0093	-0.5551	-1.4224	0.4787	
1.61	1.7434	-0.8464	0.0884	-1.0403	-0.386	0.3797	
1.62	1.476	-0.7573	0.2093	-1.128	-1.4136	0.1826	
1.63	1.2847	-0.7967	0.2838	-1.4317	-0.4576	0.0448	
1.64	1.1689	-0.7544	0.4482	-1.4818	-1.335	-0.108	
1.65	0.9003	-0.6159	0.5655	-1.2223	-0.4848	-0.294	
1.66	0.747	-0.5774	0.6984	-1.0076	-1.382	-0.4449	
1.67	0.4251	-0.4234	0.8139	-0.5992	-0.5371	-0.5935	
1.68	0.1975	-0.362	0.9162	-0.2948	-1.4531	-0.7856	
1.69	-0.074	-0.2515	1.0442	0.0016	-0.5949	-0.9697	
1.7	-0.279	-0.1493	1.2129	0.2417	-1.4923	-1.0266	
1.71	-0.4814	-0.0656	1.3011	0.3346	-0.6534	-1.2233	
1.72	-0.6523	0.0481	1.3749	0.344	-1.6323	-1.3686	
1.73	-0.6907	0.1518	1.6542	0.2557	-0.7808	-1.2268	
1.74	-0.7916	0.2827	1.6998	0.0174	-1.623	-1.4211	
1.75	-0.6413	0.3733	1.7849	-0.2895	-0.7392	-1.4471	
1.76	-0.6056	0.44	1.8461	-0.6088	-1.917	-1.6451	
1.77	-0.4854	0.5268	1.9099	-0.9441	-0.7208	-1.506	
1.78	-0.2887	0.6133	2.06	-1.0228	-1.9355	-1.591	
1.79	-0.0932	0.7178	2.0226	-1.3088	-0.7632	-1.4515	
1.8	0.1318	0.7928	1.8287	-1.0953	-1.8866	-1.5282	
1.81	0.3661	0.8366	1.8387	-0.9259	-0.7942	-1.5856	
1.82	0.5421	0.9167	1.9915	-0.6798	-1.8458	-1.554	
1.83	0.6527	0.8916	1.8573	-0.2339	-0.9607	-1.3345	
1.84	0.8636	1.0254	2.0865	0.2233	-2.0695	-1.3177	
1.85	1.0172	0.9386	1.9683	0.6432	-0.9779	-1.2929	
1.86	1.0406	1.0652	1.8784	1.0091	-2.1426	-1.0789	
1.87	0.8996	1.1146	1.7299	1.4603	-0.9266	-0.946	
1.88	0.8065	1.0152	1.4869	1.4376	-1.8632	-0.8169	
1.89	0.6346	1.0253	1.5947	1.5653	-0.8879	-0.758	
1.9	0.5043	0.9623	1.3178	1.2691	-1.8561	-0.5806	
1.91	0.2961	0.8399	1.1886	1.1604	-0.8767	-0.5112	
1.92	0.0146	0.7904	0.938	0.9526	-1.8547	-0.3792	
1.93	-0.2504	0.727	0.9085	0.4988	-1.0414	-0.3231	
1.94	-0.4852	0.7255	0.6716	0.262	-2.0115	-0.2269	
1.95	-0.809	0.5708	0.4585	0.0245	-0.9109	-0.1525	
1.96	-0.9995	0.5518	0.259	-0.0799	-2.2981	-0.091	
1.97	-1.1936	0.4411	0.0741	-0.0746	-1.019	-0.043	
1.98	-1.3621	0.3937	-0.1254	0.0621	-2.1489	-0.0065	
1.99	-1.2687	0.2864	-0.3084	0.3161	-1.0562	0.0109	
2.0	-1.3361	0.1907	-0.5062	0.5749	-2.2662	0.0116	
2.01	-1.344	0.0825	-0.7005	0.8793	-0.9448	-0.0046	
2.02	-1.2164	-0.0148	-0.8714	1.3309	-2.0706	-0.0396	
2.03	-0.8971	-0.1155	-1.1043	1.6251	-1.0248	-0.0939	
2.04	-0.8471	-0.2065	-1.1659	1.607	-2.3283	-0.1405	
2.05	-0.5951	-0.2872	-1.4684	1.7181	-0.8952	-0.2141	
2.06	-0.3272	-0.3212	-1.5362	1.3058	-2.2432	-0.2984	
2.07	-0.1493	-0.4199	-1.8369	1.0537	-0.9813	-0.3936	
2.08	0.0645	-0.497	-1.8456	0.695	-1.9041	-0.5172	
2.09	0.2167	-0.5584	-1.8736	0.2279	-1.0223	-0.6735	
2.1	0.3355	-0.5898	-1.9651	-0.2187	-2.1888	-0.7597	
2.11	0.4473	-0.5471	-2.299	-0.653	-0.9939	-0.9782	
2.12	0.4676	-0.5611	-2.1916	-1.0933	-2.218	-1.132	
2.13	0.441	-0.5725	-2.3741	-1.122	-0.8769	-1.2686	
2.14	0.3098	-0.6348	-2.4683	-1.3671	-2.0651	-1.3987	
2.15	0.1455	-0.5706	-2.0682	-1.1059	-0.8611	-1.4268	
2.16	-0.0371	-0.5464	-2.4021	-1.117	-2.2472	-1.6748	
2.17	-0.2541	-0.471	-2.2565	-0.7857	-0.8451	-1.5444	
2.18	-0.5463	-0.4778	-2.003	-0.5929	-1.9304	-1.9123	
2.19	-0.8468	-0.3509	-2.1997	-0.2898	-0.8029	-1.7696	
2.2	-1.0175	-0.2927	-1.9889	-0.1495	-2.1188	-1.9462	
2.21	-1.3611	-0.1989	-2.0845	-0.1177	-0.7995	-1.8326	
2.22	-1.5245	-0.097	-1.6783	-0.213	-2.009	-2.1919	
2.23	-1.5486	0.0002	-1.5275	-0.3825	-0.7322	-2.2107	
2.24	-1.8023	0.1216	-1.5584	-0.8031	-1.9367	-2.1786	
2.25	-1.5536	0.2507	-1.3259	-1.1311	-0.7241	-2.0615	
2.26	-1.8078	0.322	-1.1152	-1.6772	-1.7526	-2.086	
2.27	-1.5387	0.5033	-1.0881	-1.9096	-0.719	-1.8101	
2.28	-1.5567	0.5961	-0.933	-2.3683	-2.0344	-1.9265	
2.29	-1.1762	0.7787	-0.6744	-2.5594	-0.6092	-1.7023	
2.3	-1.0725	0.8505	-0.5604	-2.3315	-1.9791	-1.6243	
2.31	-0.8828	1.0633	-0.3873	-2.32	-0.5276	-1.55	
2.32	-0.5851	1.0594	-0.2329	-2.3457	-1.966	-1.4344	
2.33	-0.4196	1.2314	-0.0436	-2.0692	-0.5639	-1.4959	
2.34	-0.167	1.4341	0.1148	-1.5843	-1.802	-1.2132	
2.35	-0.0111	1.3983	0.2762	-1.1711	-0.4263	-1.1275	
2.36	0.1149	1.522	0.4262	-0.8311	-1.9078	-0.9229	
2.37	0.1892	1.5554	0.5144	-0.4435	-0.3843	-0.8308	
2.38	0.1966	1.7655	0.676	-0.3498	-1.607	-0.6582	
2.39	0.1367	1.8704	0.7849	-0.2671	-0.3523	-0.5608	
2.4	0.0396	1.9684	0.7952	-0.3858	-1.6979	-0.3987	
2.41	-0.1061	1.8415	0.8794	-0.5507	-0.2977	-0.3428	
2.42	-0.2948	2.0593	1.0326	-0.9109	-1.672	-0.207	
2.43	-0.5226	2.0071	1.1366	-1.2185	-0.2414	-0.1189	
2.44	-0.8188	1.9784	1.1805	-1.3895	-1.4049	-0.0461	
2.45	-1.1223	1.9676	1.0116	-1.4296	-0.2048	0.0156	
2.46	-1.2227	1.8463	1.0706	-1.7294	-1.6425	0.0612	
2.47	-1.5777	1.8951	1.0951	-1.5386	-0.1417	0.0887	
2.48	-1.7291	1.9108	1.0228	-1.2524	-1.3774	0.0992	
2.49	-1.8224	1.7382	1.0859	-0.9088	-0.0681	0.0848	
2.5	-1.763	1.7106	0.9353	-0.6459	-1.4556	0.0654	
2.51	-1.8234	1.7993	0.8893	-0.1546	-0.0133	0.0203	
2.52	-1.7787	1.8333	0.823	0.3134	-1.2771	-0.0375	
2.53	-1.675	1.7526	0.6089	0.6955	0.0474	-0.1086	
2.54	-1.5817	1.5258	0.5878	0.9547	-1.4096	-0.2009	
2.55	-1.3626	1.5341	0.4258	1.0373	0.1212	-0.3077	
2.56	-1.1511	1.4426	0.2878	0.8958	-1.1905	-0.4269	
2.57	-0.7853	1.1813	0.1142	0.7618	0.1724	-0.5375	
2.58	-0.5897	1.2323	-0.0356	0.5111	-1.2081	-0.6211	
2.59	-0.3367	1.023	-0.1767	0.165	0.2356	-0.6948	
2.6	-0.157	0.8917	-0.3365	-0.1988	-1.2348	-0.8788	
2.61	0.0105	0.7915	-0.5458	-0.5741	0.3106	-1.0579	
2.62	0.1176	0.7056	-0.7376	-0.817	-1.1161	-1.1042	
2.63	0.2008	0.6686	-0.8842	-1.015	0.3821	-1.1016	
2.64	0.1861	0.644	-1.0124	-1.0582	-0.9487	-1.3201	
2.65	0.1386	0.5665	-1.0763	-0.8231	0.3966	-1.3773	
2.66	0.0262	0.5139	-1.1865	-0.712	-0.9012	-1.5113	
2.67	-0.1394	0.3991	-1.4362	-0.3805	0.4837	-1.5629	
2.68	-0.3648	0.411	-1.6436	-0.0739	-0.9722	-1.4782	
2.69	-0.5373	0.3546	-1.7901	0.1936	0.5171	-1.5446	
2.7	-0.8697	0.357	-1.9319	0.3718	-0.9496	-1.4841	
2.71	-1.0365	0.3146	-1.7442	0.4407	0.5704	-1.5283	
2.72	-1.3242	0.3355	-1.9448	0.3435	-0.8425	-1.4046	
2.73	-1.3631	0.3056	-2.1937	0.1538	0.7051	-1.4896	
2.74	-1.4317	0.3416	-2.0033	-0.2015	-0.7006	-1.4978	
2.75	-1.6733	0.4152	-2.2496	-0.5936	0.6955	-1.3666	
2.76	-1.7854	0.4829	-2.2697	-1.1121	-0.6635	-1.3717	
2.77	-1.5313	0.4883	-2.3012	-1.7152	0.723	-1.0398	
2.78	-1.5082	0.5984	-2.1622	-2.02	-0.6104	-0.9878	
2.79	-1.4961	0.6249	-2.3483	-2.1272	0.8923	-0.8708	
2.8	-1.3512	0.6767	-2.0179	-2.4292	-0.5604	-0.7551	
2.81	-1.0953	0.8291	-1.9956	-2.5462	0.9673	-0.6421	
2.82	-0.8986	0.8656	-2.3118	-2.4459	-0.592	-0.4264	
2.83	-0.622	1.0708	-1.9978	-2.2891	0.9652	-0.3477	
2.84	-0.3184	1.066	-1.9065	-1.9829	-0.4883	-0.1704	
2.85	-0.121	1.1641	-1.8761	-1.4358	0.9449	-0.0289	
2.86	0.0808	1.41	-1.8434	-1.1766	-0.4684	0.1177	
2.87	0.2484	1.3462	-1.8974	-1.0941	1.1043	0.2575	
2.88	0.3326	1.5525	-1.7874	-1.0184	-0.4445	0.3651	
2.89	0.3665	1.6305	-1.5954	-1.0299	1.1746	0.4886	
2.9	0.3938	1.652	-1.6253	-1.1557	-0.3678	0.5693	
2.91	0.3279	1.7239	-1.532	-1.5074	1.1465	0.6406	
2.92	0.2079	2.01	-1.274	-1.7742	-0.3536	0.7843	
2.93	0.0355	1.8682	-1.3218	-2.2885	1.2928	0.7882	
2.94	-0.1844	1.8787	-1.2103	-2.6308	-0.3169	0.8233	
2.95	-0.425	1.9424	-1.0742	-2.6825	1.1938	0.8494	
2.96	-0.6643	1.9807	-1.0815	-3.0113	-0.2494	0.7769	
2.97	-0.8007	2.0936	-0.8975	-2.5653	1.4129	0.7601	
2.98	-0.9959	1.9228	-0.8412	-2.7146	-0.2206	0.6672	
2.99	-1.3048	2.0804	-0.7828	-2.2639	1.3533	0.7035	
3.0	-1.3104	2.1977	-0.7674	-1.7584	-0.2159	0.6188	
3.01	-1.5846	2.2886	-0.6779	-1.4711	1.2493	0.5226	
3.02	-1.549	2.2307	-0.6806	-0.9409	-0.1929	0.4598	
3.03	-1.4995	2.1127	-0.6094	-0.5471	1.3215	0.3535	
3.04	-1.2705	1.7863	-0.5829	-0.2482	-0.1568	0.2157	
3.05	-1.1506	2.0339	-0.5583	-0.063	1.4899	0.091	
3.06	-0.95	1.7425	-0.5625	-0.0042	-0.1204	-0.0325	
3.07	-0.8116	1.7864	-0.4872	-0.0732	1.5077	-0.1518	
3.08	-0.5108	1.7295	-0.5144	-0.2674	-0.102	-0.2877	
3.09	-0.2508	1.4848	-0.5346	-0.5434	1.6433	-0.3913	
3.1	-0.0006	1.3954	-0.5471	-0.8292	-0.0743	-0.4849	
3.11	0.2191	1.1864	-0.5147	-1.0264	1.4927	-0.6354	
3.12	0.3819	1.0177	-0.5455	-1.2207	-0.0547	-0.6515	
3.13	0.5551	0.8816	-0.5774	-1.3535	1.4126	-0.8415	
3.14	0.6702	0.8535	-0.6182	-1.2408	-0.041	-0.8127	
3.15	0.6409	0.6258	-0.7008	-0.9962	1.565	-0.9596	
3.16	0.6953	0.5915	-0.7093	-0.6455	-0.0259	-0.8954	
3.17	0.5748	0.4439	-0.7073	-0.2414	1.4517	-0.906	
3.18	0.4187	0.265	-0.72	0.1855	-0.0134	-0.9762	
3.19	0.2755	0.1518	-0.7489	0.5973	1.7659	-0.9781	
3.2	0.0523	0.0338	-0.7964	0.8607	-0.0026	-0.8932	
3.21	-0.1939	-0.0768	-0.8042	0.9959	1.556	-0.8935	
3.22	-0.4513	-0.1709	-0.9097	1.2172	0.0054	-0.7831	
3.23	-0.5728	-0.2708	-0.7903	1.1485	1.5347	-0.7774	
3.24	-0.8129	-0.3596	-0.9644	0.8918	0.0117	-0.6086	
3.25	-0.9988	-0.4671	-0.8988	0.4318	1.5883	-0.555	
3.26	-1.0372	-0.5131	-0.909	0.0822	0.0142	-0.3853	
3.27	-1.172	-0.5424	-0.8466	-0.3126	1.8407	-0.263	
3.28	-1.2784	-0.632	-0.9114	-0.7242	0.0155	-0.1563	
3.29	-1.1533	-0.6734	-0.7796	-0.993	1.6184	-0.0156	
3.3	-0.9372	-0.7028	-0.8114	-1.2381	0.0143	0.1153	
3.31	-0.8406	-0.7291	-0.8	-1.1966	1.5778	0.2367	
3.32	-0.6394	-0.7191	-0.7204	-1.104	0.0107	0.3565	
3.33	-0.4389	-0.6754	-0.791	-0.9245	1.5511	0.4814	
3.34	-0.1637	-0.746	-0.7232	-0.6921	0.0067	0.6461	
3.35	0.0769	-0.7092	-0.629	-0.3428	1.7072	0.7794	
3.36	0.2984	-0.6229	-0.626	-0.0956	-0.0004	0.8274	
3.37	0.5162	-0.591	-0.5912	0.0823	1.6987	0.8267	
3.38	0.7565	-0.486	-0.5394	0.1457	-0.0091	0.907	
3.39	0.7592	-0.4224	-0.4242	0.0516	1.7672	1.1298	
3.4	0.9018	-0.4101	-0.3879	-0.1664	-0.0203	1.0072	
3.41	0.8389	-0.308	-0.3634	-0.4857	1.7529	1.114	
3.42	0.8357	-0.2327	-0.2902	-0.8066	-0.0353	1.0149	
3.43	0.7157	-0.1757	-0.2529	-1.2598	1.5313	1.0065	
3.44	0.6164	-0.1023	-0.1817	-1.8351	-0.0479	1.0697	
3.45	0.4345	-0.0277	-0.1489	-2.3199	1.559	0.956	
3.46	0.1882	0.0437	-0.0906	-2.4025	-0.0693	0.8597	
3.47	-0.0385	0.1145	-0.0714	-2.3136	1.5162	0.8085	
3.48	-0.2593	0.1821	-0.0395	-2.4121	-0.0901	0.6872	
3.49	-0.4756	0.2261	-0.0192	-2.1654	1.5337	0.6041	
3.5	-0.7675	0.2418	-0.008	-1.768	-0.0967	0.4381	
3.51	-0.9223	0.3326	-0.0031	-1.6368	1.532	0.372	
3.52	-0.955	0.3497	-0.0075	-1.2904	-0.1212	0.2371	
3.53	-1.0546	0.3621	-0.0185	-0.8179	1.6266	0.0736	
3.54	-0.9391	0.3831	-0.0394	-0.5685	-0.1466	-0.062	
3.55	-0.9573	0.3715	-0.0758	-0.4419	1.5393	-0.192	
3.56	-0.8646	0.3179	-0.1003	-0.434	-0.1567	-0.3229	
3.57	-0.5878	0.3433	-0.1475	-0.5101	1.6626	-0.5015	
3.58	-0.4704	0.2935	-0.2034	-0.6583	-0.1977	-0.596	
3.59	-0.2009	0.2431	-0.2733	-0.8781	1.6022	-0.6496	
3.6	0.0344	0.1654	-0.3575	-1.1827	-0.2097	-0.832	
3.61	0.2552	0.1023	-0.4608	-1.5982	1.4584	-0.9217	
3.62	0.5302	0.012	-0.5099	-1.5911	-0.255	-1.0121	
3.63	0.7657	-0.0837	-0.5431	-1.7701	1.6357	-0.9927	
3.64	0.8575	-0.1827	-0.6505	-1.7802	-0.2797	-1.1018	
3.65	0.9449	-0.2949	-0.7677	-1.4949	1.4321	-1.0819	
3.66	0.9794	-0.4106	-0.8744	-0.9807	-0.3143	-1.0864	
3.67	1.0394	-0.575	-1.0322	-0.6509	1.4118	-0.9646	
3.68	0.9398	-0.6618	-1.1198	-0.1188	-0.3154	-0.9558	
3.69	0.8235	-0.8521	-1.1046	0.3552	1.3776	-1.0193	
3.7	0.5654	-0.9914	-1.1107	0.8257	-0.3306	-0.9059	
3.71	0.3895	-1.1041	-1.3331	1.0838	1.4334	-0.8222	
3.72	0.1622	-1.1992	-1.3812	1.3504	-0.3678	-0.7317	
3.73	-0.072	-1.4885	-1.3232	1.2689	1.4343	-0.657	
3.74	-0.3007	-1.4774	-1.5142	1.0954	-0.4022	-0.4631	
3.75	-0.5199	-1.7366	-1.6828	1.0549	1.4399	-0.3783	
3.76	-0.6706	-1.8949	-1.6318	0.7809	-0.457	-0.2404	
3.77	-0.8528	-1.8623	-1.7497	0.4562	1.4724	-0.1203	
3.78	-0.9946	-1.8781	-1.494	0.154	-0.4366	-0.0075	
3.79	-1.0131	-2.1196	-1.6227	-0.0248	1.2148	0.1037	
3.8	-1.0674	-2.1089	-1.7607	-0.098	-0.4908	0.2503	
3.81	-0.9071	-2.3767	-1.5464	-0.0461	1.3496	0.3584	
3.82	-0.7364	-2.4162	-1.6728	0.1344	-0.5104	0.4622	
3.83	-0.6857	-2.4021	-1.5292	0.3993	1.3334	0.4839	
3.84	-0.4151	-2.2996	-1.3519	0.7432	-0.5209	0.6347	
3.85	-0.204	-2.52	-1.4858	1.1544	1.3058	0.7114	
3.86	0.0427	-2.5049	-1.2482	1.3559	-0.6149	0.6793	
3.87	0.2631	-2.3738	-1.1068	1.7174	1.2449	0.7179	
3.88	0.44	-2.7276	-1.0628	1.776	-0.696	0.7415	
3.89	0.6701	-2.4262	-1.0272	1.7568	1.0735	0.7131	
3.9	0.7824	-2.5268	-0.8695	1.5443	-0.6587	0.746	
3.91	0.8408	-2.5847	-0.5829	1.3693	1.0607	0.6924	
3.92	0.8451	-2.5797	-0.4722	0.9837	-0.7342	0.5867	
3.93	0.9416	-2.2369	-0.3304	0.5429	1.0589	0.584	
3.94	0.8301	-2.1434	-0.1526	0.1233	-0.748	0.4772	
3.95	0.5882	-2.1243	0.0359	-0.2441	1.1239	0.3727	
3.96	0.3849	-2.1574	0.1947	-0.5862	-0.7161	0.2197	
3.97	0.1865	-2.0403	0.3751	-0.656	1.0805	0.1081	
3.98	-0.0546	-1.9441	0.5253	-0.6834	-0.7402	-0.0171	
3.99	-0.3055	-1.9075	0.7729	-0.676	1.0744	-0.1602	
4.0	-0.5134	-1.906	0.9427	-0.4328	-0.8447	-0.273	
4.01	-0.818	-1.732	1.138	-0.1576	1.0736	-0.4113	
4.02	-0.9474	-1.4762	1.2498	0.1236	-0.9062	-0.6214	
4.03	-0.993	-1.3157	1.4176	0.3807	0.9623	-0.7024	
4.04	-1.0907	-1.3812	1.5302	0.5658	-0.9254	-0.8532	
4.05	-1.3297	-1.2487	1.5772	0.6268	1.054	-0.9382	
4.06	-1.1155	-1.2783	1.7108	0.5985	-0.8624	-1.1066	
4.07	-1.1786	-1.1788	1.8421	0.4036	0.9079	-1.0897	
4.08	-0.9492	-1.0134	2.0002	0.0726	-0.8461	-1.3306	
4.09	-0.8375	-1.0605	1.9794	-0.2961	0.9301	-1.291	
4.1	-0.5242	-0.9443	2.054	-0.6337	-0.8911	-1.3488	
4.11	-0.3483	-0.931	2.3583	-1.0063	0.891	-1.5364	
4.12	-0.1226	-0.8031	1.9835	-1.2824	-0.9004	-1.469	
4.13	0.1052	-0.8165	2.0981	-1.5131	0.9901	-1.4836	
4.14	0.3038	-0.8362	2.351	-1.6107	-0.9101	-1.4802	
4.15	0.4869	-0.8025	2.1412	-1.533	0.9893	-1.4251	
4.16	0.5718	-0.7402	2.0612	-1.1798	-1.0012	-1.4144	
4.17	0.6106	-0.7492	2.0148	-0.8494	0.8898	-1.334	
4.18	0.6145	-0.835	2.0205	-0.3396	-1.023	-1.2018	
4.19	0.6156	-0.9243	2.0079	0.0829	0.8202	-1.011	
4.2	0.4468	-1.0015	1.7425	0.4905	-1.0826	-0.8544	
4.21	0.2769	-1.0331	1.5322	0.8294	0.8936	-0.8333	
4.22	0.0846	-1.1813	1.3169	0.9331	-1.0938	-0.6383	
4.23	-0.1622	-1.0956	1.419	1.0609	0.8449	-0.5249	
4.24	-0.4232	-1.1797	1.1211	1.0176	-1.0045	-0.42	
4.25	-0.7198	-1.3529	0.9995	0.8252	0.9116	-0.2751	
4.26	-0.9017	-1.4393	0.7876	0.4721	-1.0967	-0.1664	
4.27	-1.0196	-1.5789	0.5986	0.29	0.8915	-0.0418	
4.28	-1.2445	-1.5779	0.4715	0.0409	-0.9877	0.0754	
4.29	-1.4365	-1.6497	0.2902	-0.1048	0.898	0.1887	
4.3	-1.5051	-1.7828	0.0991	-0.1361	-1.1289	0.302	
4.31	-1.5802	-1.9434	-0.0635	-0.0252	0.8497	0.3793	
4.32	-1.4748	-1.8258	-0.2428	0.1995	-1.0636	0.4443	
4.33	-1.297	-2.2483	-0.3484	0.6233	0.8833	0.5054	
4.34	-1.2245	-2.121	-0.4951	1.0277	-0.9779	0.5453	
4.35	-1.1242	-2.2944	-0.7171	1.4343	0.9024	0.5461	
4.36	-0.8791	-2.1865	-0.7517	1.9057	-1.1566	0.5809	
4.37	-0.6379	-2.24	-0.8874	2.437	0.902	0.6271	
4.38	-0.3835	-2.2645	-0.9876	2.4334	-1.0384	0.5915	
4.39	-0.1517	-2.3673	-1.0839	2.905	0.9395	0.5477	
4.4	0.0384	-2.6074	-1.2629	2.89	-1.1445	0.4871	
4.41	0.2028	-2.3793	-1.1929	2.5756	0.8303	0.409	
4.42	0.2833	-2.5264	-1.2623	2.1841	-1.0818	0.3097	
4.43	0.3298	-2.4902	-1.3746	1.7364	0.8557	0.1975	
4.44	0.3254	-2.3543	-1.1505	1.5547	-1.1189	0.1022	
4.45	0.2134	-2.421	-1.299	1.0887	0.8549	-0.0065	
4.46	0.1053	-2.4802	-1.1017	0.9728	-1.1801	-0.1256	
4.47	-0.0806	-2.3804	-1.0911	0.8158	0.8801	-0.2456	
4.48	-0.316	-2.0638	-1.0794	0.8032	-0.9859	-0.4001	
4.49	-0.4952	-2.2638	-1.0267	0.9803	0.8848	-0.501	
4.5	-0.8085	-1.8839	-0.839	1.1338	-1.0001	-0.6563	
4.51	-1.1006	-1.9159	-0.7856	1.5111	0.8226	-0.7395	
4.52	-1.373	-1.6327	-0.6335	1.8089	-1.0336	-0.7998	
4.53	-1.5345	-1.5816	-0.4576	1.9628	0.9771	-0.973	
4.54	-1.6652	-1.6652	-0.3489	2.2123	-1.0299	-0.9871	
4.55	-1.9099	-1.4222	-0.1454	2.0816	0.8802	-1.0593	
4.56	-1.7788	-1.294	0.0159	2.0363	-1.0051	-1.1562	
4.57	-1.9293	-1.1506	0.2079	1.9907	0.9829	-1.1461	
4.58	-1.7806	-1.0668	0.3942	1.6055	-0.9645	-1.2294	
4.59	-1.6991	-0.9202	0.5658	1.1589	0.8573	-1.1395	
4.6	-1.3968	-0.742	0.7671	0.7195	-1.0574	-1.2205	
4.61	-1.2481	-0.6468	0.8692	0.2668	0.8983	-1.0241	
4.62	-1.0637	-0.4528	1.0108	-0.1021	-1.0894	-1.0261	
4.63	-0.7566	-0.4148	1.3165	-0.4085	0.9606	-0.9354	
4.64	-0.5622	-0.2475	1.4987	-0.5873	-0.9459	-0.9232	
4.65	-0.3121	-0.154	1.7436	-0.5042	0.8809	-0.7652	
4.66	-0.1636	-0.0624	1.8515	-0.4058	-1.0673	-0.6629	
4.67	-0.0146	0.0164	1.9332	-0.1825	1.0079	-0.5432	
4.68	0.0672	0.0834	2.2548	0.1167	-1.0586	-0.4294	
4.69	0.1024	0.162	2.1644	0.3893	0.9455	-0.257	
4.7	0.0799	0.2078	2.1577	0.6621	-0.8884	-0.1337	
4.71	-0.0128	0.2649	2.3646	0.9147	1.0425	0.027	
4.72	-0.1468	0.2722	2.22	0.9094	-1.0147	0.1647	
4.73	-0.3387	0.266	2.4533	0.9707	1.0708	0.3072	
4.74	-0.5661	0.3133	2.742	0.7798	-0.905	0.4907	
4.75	-0.7385	0.2671	2.4944	0.5501	1.0996	0.6591	
4.76	-1.0037	0.2354	2.7045	0.1937	-0.9571	0.687	
4.77	-1.3406	0.2264	2.4818	-0.1416	1.1418	0.8712	
4.78	-1.5703	0.19	2.4962	-0.4751	-0.9767	0.9721	
4.79	-1.5228	0.1232	2.5842	-0.7059	1.0822	1.1619	
4.8	-1.9616	0.074	2.4143	-0.8024	-0.9377	1.1693	
4.81	-1.7903	0.0089	2.1927	-0.7894	1.0511	1.3097	
4.82	-2.0846	-0.0704	2.2857	-0.6342	-0.8322	1.2622	
4.83	-1.8597	-0.1481	2.324	-0.2602	1.0162	1.257	
4.84	-1.9631	-0.2183	2.314	0.1331	-0.9062	1.2923	
4.85	-1.7782	-0.3139	2.1052	0.5857	1.0173	1.3162	
4.86	-1.4338	-0.4129	2.0716	1.0354	-0.9273	1.2766	
4.87	-1.3188	-0.5202	1.7952	1.3183	1.0964	1.2607	
4.88	-1.0666	-0.5719	1.6253	1.703	-0.8272	1.1506	
4.89	-0.8633	-0.6185	1.7264	1.8777	1.1231	1.2116	
4.9	-0.5506	-0.7433	1.4743	1.9531	-0.8448	0.9719	
4.91	-0.3183	-0.8252	1.3982	2.0204	1.0932	0.8966	
4.92	-0.1562	-0.8067	1.2588	1.788	-0.8094	0.9142	
4.93	-0.0218	-0.8705	0.9956	1.3709	1.2227	0.7157	
4.94	0.0541	-1.0368	0.9581	1.1046	-0.8814	0.6336	
4.95	0.0795	-1.0703	0.7652	0.9458	1.1258	0.5324	
4.96	0.0398	-1.0092	0.7232	0.6589	-0.8173	0.4415	
4.97	-0.0514	-1.1328	0.6055	0.6139	1.2376	0.3207	
4.98	-0.1939	-1.12	0.4899	0.7166	-0.7825	0.1854	
4.99	-0.3924	-1.1142	0.4116	1.0518	1.2343	0.1113	
5.0	-0.6254	-1.179	0.3418	1.2273	-0.7784	0.0198	
5.01	-0.9079	-1.1773	0.2531	1.5261	1.175	-0.0518	
5.02	-1.1219	-1.1481	0.2129	1.8635	-0.7543	-0.1099	
5.03	-1.3743	-1.0668	0.1537	2.6453	1.0997	-0.1398	
5.04	-1.496	-1.0087	0.1002	2.7369	-0.719	-0.1782	
5.05	-1.7748	-0.9064	0.0877	2.9483	1.2461	-0.2091	
5.06	-1.7209	-0.8879	0.0583	3.0998	-0.8131	-0.1781	
5.07	-1.8169	-0.778	0.0463	2.6035	1.1323	-0.1524	
5.08	-1.7558	-0.6685	0.0507	2.5075	-0.8421	-0.1129	
5.09	-1.7936	-0.5222	0.061	1.9403	1.2129	-0.0645	
5.1	-1.5248	-0.4733	0.0768	1.7612	-0.7728	0.0134	
5.11	-1.5008	-0.3216	0.098	1.3575	1.3097	0.1	
5.12	-1.3309	-0.2158	0.1211	0.9492	-0.8524	0.2161	
5.13	-0.9843	-0.1036	0.1853	0.6758	1.1296	0.3445	
5.14	-0.8169	0.0195	0.2318	0.4232	-0.7121	0.4147	
5.15	-0.4949	0.1488	0.2455	0.3754	1.3155	0.5989	
5.16	-0.2617	0.2426	0.3378	0.5156	-0.7282	0.6756	
5.17	-0.0721	0.3782	0.3888	0.6481	1.1652	0.889	
5.18	0.1031	0.4892	0.4077	0.9557	-0.783	1.0116	
5.19	0.2166	0.5444	0.4933	1.1498	1.336	1.2936	
5.2	0.3224	0.6709	0.575	1.2792	-0.819	1.4379	
5.21	0.331	0.7027	0.5595	1.5805	1.2492	1.5435	
5.22	0.3021	0.8358	0.6087	1.6353	-0.8051	1.6227	
5.23	0.1758	0.9588	0.7821	1.5114	1.2105	1.6602	
5.24	0.0382	0.9033	0.82	1.3207	-0.778	1.9495	
5.25	-0.1569	1.1352	0.8538	0.8144	1.1736	1.9184	
5.26	-0.3563	1.1699	0.8753	0.4212	-0.8418	1.9567	
5.27	-0.6373	1.1522	0.8231	-0.0487	1.2905	2.3552	
5.28	-0.7526	1.0762	0.8287	-0.5063	-0.8022	2.1814	
5.29	-0.9492	1.1987	1.0213	-0.8199	1.1487	2.2715	
5.3	-1.1764	1.0326	0.9946	-1.0002	-0.8404	2.2653	
5.31	-1.3722	1.0808	0.9138	-1.1843	1.1638	2.3853	
5.32	-1.2999	1.0547	0.9929	-1.2155	-0.8524	2.1822	
5.33	-1.5596	1.0399	0.8623	-0.9474	1.1242	2.2241	
5.34	-1.3668	0.8719	0.8805	-0.6818	-0.8088	2.267	
5.35	-1.437	0.8598	1.0194	-0.3603	1.1825	2.2855	
5.36	-1.203	0.7597	0.9515	-0.0223	-0.8393	2.0572	
5.37	-1.0841	0.7239	0.9021	0.293	1.0606	2.0777	
5.38	-0.7009	0.6108	0.8059	0.4884	-0.9127	1.8764	
5.39	-0.5258	0.5105	0.8382	0.6377	1.178	1.777	
5.4	-0.2463	0.3548	0.7587	0.6982	-0.9287	1.4788	
5.41	0.0033	0.2578	0.7374	0.5434	1.1379	1.4909	
5.42	0.2328	0.1447	0.6834	0.2519	-0.9796	1.2884	
5.43	0.474	0.0429	0.6283	-0.0322	1.1163	1.1522	
5.44	0.5911	-0.0854	0.685	-0.333	-0.8674	1.2389	
5.45	0.7862	-0.2004	0.5972	-0.6117	1.09	1.0691	
5.46	0.8286	-0.2895	0.5027	-0.8117	-0.956	0.9886	
5.47	0.8131	-0.4682	0.5361	-0.8658	0.947	0.7531	
5.48	0.7655	-0.5848	0.5249	-0.8512	-0.9177	0.6723	
5.49	0.6755	-0.5807	0.4173	-0.5936	1.0248	0.6777	
5.5	0.4941	-0.7864	0.4725	-0.236	-1.046	0.5824	
5.51	0.3473	-0.8374	0.426	0.176	0.9259	0.491	
5.52	0.1194	-0.8315	0.3807	0.6761	-1.0911	0.4742	
5.53	-0.0856	-0.9821	0.4283	1.0454	0.9307	0.4557	
5.54	-0.2824	-0.9986	0.3569	1.4209	-1.139	0.4903	
5.55	-0.4471	-1.0948	0.3795	1.5838	1.008	0.4751	
5.56	-0.6185	-1.0307	0.4245	2.0419	-1.1604	0.5934	
5.57	-0.7036	-1.2211	0.4425	1.8132	0.8595	0.5901	
5.58	-0.8528	-1.1986	0.4659	1.5894	-1.0035	0.672	
5.59	-0.8237	-1.2366	0.4401	1.3682	0.8084	0.7802	
5.6	-0.8301	-1.1814	0.5142	1.0255	-1.0745	0.8048	
5.61	-0.6782	-1.1035	0.597	0.7791	0.9234	1.0019	
5.62	-0.5381	-1.0207	0.5478	0.5473	-1.222	1.0314	
5.63	-0.3433	-1.0557	0.6204	0.2899	0.8933	1.2386	
5.64	-0.0757	-1.0478	0.7484	0.2067	-1.2122	1.2281	
5.65	0.1737	-0.8707	0.7635	0.2375	0.8551	1.3828	
5.66	0.4345	-0.7974	0.829	0.3466	-1.2835	1.6247	
5.67	0.797	-0.7607	0.8483	0.6784	0.7722	1.6505	
5.68	1.0579	-0.7431	0.8585	0.9768	-1.3666	1.8114	
5.69	1.0856	-0.646	0.9815	1.1919	0.782	2.0354	
5.7	1.4063	-0.5176	0.941	1.6727	-1.3279	1.9413	
5.71	1.4531	-0.4786	1.0242	1.9115	0.6217	2.1466	
5.72	1.4921	-0.3906	1.1857	1.9133	-1.4311	1.9814	
5.73	1.4232	-0.2957	1.088	1.8021	0.6467	2.363	
5.74	1.4597	-0.173	1.0601	1.6501	-1.3964	2.3769	
5.75	1.3202	-0.0962	1.2486	1.1911	0.5664	2.2216	
5.76	1.1881	-0.018	1.2172	0.8548	-1.5181	2.248	
5.77	0.9274	0.0527	1.0935	0.3593	0.6326	2.1135	
5.78	0.7739	0.1142	1.1701	-0.1023	-1.4148	2.3208	
5.79	0.5203	0.2024	1.0995	-0.5534	0.5002	2.2114	
5.8	0.3587	0.2357	1.2526	-0.9269	-1.5491	2.2975	
5.81	0.1315	0.2759	1.1576	-0.9497	0.5401	2.2986	
5.82	-0.0033	0.3438	1.041	-1.0653	-1.4615	2.0832	
5.83	-0.0946	0.3522	0.91	-1.0713	0.4576	1.8628	
5.84	-0.1473	0.3695	0.9234	-0.8942	-1.3679	1.9027	
5.85	-0.1382	0.3731	0.8992	-0.6167	0.4757	1.8076	
5.86	-0.0789	0.3604	0.6885	-0.3285	-1.6061	1.6393	
5.87	0.0563	0.2979	0.5967	-0.0946	0.4007	1.3935	
5.88	0.2519	0.2569	0.5881	0.0501	-1.5872	1.2956	
5.89	0.4567	0.239	0.3945	0.0908	0.3381	1.0992	
5.9	0.7185	0.1784	0.2922	-0.017	-1.5628	0.9468	
5.91	0.9989	0.096	0.1578	-0.2428	0.3259	0.8542	
5.92	1.1208	0.0173	0.0292	-0.5946	-1.5044	0.6745	
5.93	1.4091	-0.0653	-0.1172	-1.0617	0.2822	0.4627	
5.94	1.6019	-0.1842	-0.2875	-1.2778	-1.7856	0.3524	
5.95	1.82	-0.2929	-0.4217	-1.709	0.2943	0.2419	
5.96	2.2671	-0.3465	-0.5895	-2.123	-1.8066	0.124	
5.97	1.9573	-0.4954	-0.7457	-2.2334	0.2323	0.038	
5.98	2.1673	-0.576	-0.7967	-2.5345	-1.7455	-0.0445	
5.99	2.0491	-0.757	-0.9905	-2.4215	0.2135	-0.1074	
6.0	1.9687	-0.8852	-1.2065	-1.8411	-1.7065	-0.1545	
6.01	1.9525	-0.9552	-1.3363	-1.4608	0.166	-0.1701	
6.02	1.7724	-1.1115	-1.2979	-1.2283	-1.6242	-0.2125	
6.03	1.4929	-1.3157	-1.5203	-0.7241	0.1521	-0.2122	
6.04	1.3309	-1.3712	-1.7067	-0.4238	-1.9515	-0.1858	
6.05	1.0911	-1.5088	-1.6311	-0.1544	0.1398	-0.1508	
6.06	0.9211	-1.4888	-1.6979	-0.0208	-1.9784	-0.0988	
6.07	0.7377	-1.544	-2.0042	-0.004	0.1122	-0.0327	
6.08	0.6033	-1.7593	-2.0287	-0.1148	-1.8309	0.0451	
6.09	0.5252	-1.8139	-1.8877	-0.3402	0.0767	0.1214	
6.1	0.4661	-2.005	-1.8387	-0.6384	-1.8832	0.2352	
6.11	0.5141	-2.1006	-1.809	-0.9078	0.0604	0.3085	
6.12	0.5119	-2.1148	-1.8223	-1.1098	-1.8205	0.377	
6.13	0.7536	-2.1481	-1.8712	-1.1656	0.0409	0.4905	
6.14	0.8428	-1.9574	-1.8637	-1.2493	-1.9203	0.5598	
6.15	1.1153	-2.0533	-1.8534	-1.2101	0.0222	0.691	
6.16	1.4446	-1.92	-1.7674	-1.0858	-2.0386	0.8129	
6.17	1.4853	-1.9313	-1.6233	-0.6465	0.0054	0.7957	
6.18	1.9484	-2.0093	-1.6863	-0.281	-1.8147	0.9807	
6.19	2.0567	-1.9665	-1.2981	0.1575	-0.0093	1.0747	
6.2	2.2241	-1.8806	-1.2725	0.6001	-1.9728	0.9673	
6.21	2.6047	-1.6823	-1.0995	1.0158	-0.0211	1.0441	
6.22	2.605	-1.7339	-1.0898	1.1049	-2.0945	1.0133	
6.23	2.5641	-1.6129	-0.7912	1.2596	-0.0303	1.0247	
6.24	2.7843	-1.51	-0.7671	1.0704	-1.9565	1.0265	
6.25	2.8394	-1.3386	-0.5623	0.9372	-0.0359	0.9034	
6.26	2.6798	-1.2343	-0.3779	0.5789	-1.9899	1.0303	
6.27	2.5857	-1.1015	-0.1972	0.2786	-0.0457	0.9273	
6.28	2.2806	-1.1886	-0.0414	-0.1108	-1.8977	0.6958	
6.29	2.0872	-0.9124	0.1278	-0.481	-0.052	0.6995	
6.3	1.8217	-0.9114	0.2756	-0.7084	-1.7611	0.5621	
6.31	1.5398	-0.7467	0.4352	-0.9292	-0.0509	0.4357	
6.32	1.4054	-0.6576	0.5381	-0.8583	-1.9574	0.2325	
6.33	1.0533	-0.5203	0.7628	-0.726	-0.0455	0.0894	
6.34	1.0425	-0.4198	0.7864	-0.5293	-1.7564	-0.0758	
6.35	0.8441	-0.3323	0.87	-0.2357	-0.0451	-0.2401	
6.36	0.9163	-0.2415	1.1252	0.0348	-1.748	-0.4166	
6.37	0.8759	-0.1682	1.1223	0.2816	-0.0361	-0.5498	
6.38	0.9402	-0.0869	1.1774	0.4172	-2.0022	-0.7383	
6.39	0.9946	-0.0147	1.1144	0.4695	-0.0296	-0.8284	
6.4	1.3873	0.0425	1.3637	0.3501	-2.0756	-1.0531	
6.41	1.4734	0.0821	1.2359	0.1335	-0.0213	-1.2428	
6.42	1.8584	0.1128	1.2107	-0.2033	-1.9973	-1.2179	
6.43	2.1374	0.1365	1.1349	-0.6701	-0.0064	-1.355	
6.44	2.0862	0.1516	1.15	-1.0456	-1.827	-1.5204	
6.45	2.6388	0.1357	1.1981	-1.5804	0.0102	-1.6705	
6.46	2.8507	0.1446	0.9579	-1.8666	-1.9125	-1.7162	
6.47	2.8295	0.1084	0.8771	-2.1703	0.0306	-1.6563	
6.48	3.0415	0.082	0.9141	-2.3854	-1.947	-1.6849	
6.49	2.9994	0.0381	0.6754	-2.2326	0.0465	-1.7669	
6.5	2.596	-0.0109	0.564	-2.3751	-1.716	-2.0175	
6.51	2.7203	-0.0757	0.4336	-2.2913	0.0672	-2.0347	
6.52	2.874	-0.1429	0.2577	-1.6451	-1.8611	-1.8116	
6.53	2.6154	-0.2234	0.0933	-1.4387	0.105	-1.6099	
6.54	2.3024	-0.259	-0.0865	-1.2482	-1.775	-1.699	
6.55	1.8809	-0.3924	-0.2786	-1.032	0.1277	-1.6642	
6.56	1.6738	-0.4245	-0.4431	-0.9287	-1.6061	-1.7247	
6.57	1.5668	-0.547	-0.6247	-1.0035	0.166	-1.4083	
6.58	1.3285	-0.6233	-0.8261	-1.2747	-1.5384	-1.3944	
6.59	1.0072	-0.6604	-1.1328	-1.3093	0.205	-1.312	
6.6	0.9411	-0.8493	-1.3208	-1.96	-1.6557	-1.2977	
6.61	0.8165	-0.8114	-1.3757	-2.0551	0.2069	-1.0678	
6.62	0.8923	-0.9008	-1.6498	-2.5978	-1.5061	-0.9354	
6.63	0.8826	-1.0701	-1.7732	-2.8256	0.2451	-0.8068	
6.64	1.0124	-1.0979	-2.0741	-2.5491	-1.644	-0.8714	
6.65	1.2114	-1.1113	-2.2574	-2.8018	0.2996	-0.6626	
6.66	1.1659	-1.043	-2.3244	-2.5339	-1.3923	-0.6917	
6.67	1.6245	-1.2049	-2.4403	-2.3595	0.3467	-0.6173	
6.68	1.576	-1.109	-2.5731	-1.7728	-1.3684	-0.5303	
6.69	1.9896	-1.1155	-2.5022	-1.3076	0.403	-0.5851	
6.7	2.2865	-1.2184	-2.8657	-0.928	-1.5253	-0.5754	
6.71	2.5295	-1.2232	-2.6909	-0.4626	0.4022	-0.5535	
6.72	2.4342	-1.1799	-3.0144	-0.1675	-1.4452	-0.5962	
6.73	2.7995	-1.0638	-2.9624	-0.004	0.495	-0.6389	
6.74	2.8157	-1.0554	-3.1055	0.0243	-1.1669	-0.6391	
6.75	2.6138	-0.9827	-3.0825	-0.0723	0.5104	-0.8465	
6.76	2.6467	-0.9253	-2.8493	-0.285	-1.2853	-0.855	
6.77	2.3461	-0.7741	-2.886	-0.5497	0.5953	-0.9832	
6.78	2.4344	-0.6903	-2.9484	-0.8096	-1.1909	-1.0525	
6.79	2.1095	-0.6598	-2.435	-1.1126	0.6809	-1.2121	
6.8	1.8429	-0.4537	-2.3201	-1.2739	-1.0692	-1.3749	
6.81	1.5494	-0.3806	-2.4799	-1.368	0.6737	-1.4541	
6.82	1.4752	-0.2276	-2.2047	-1.1763	-1.0334	-1.7768	
6.83	1.0411	-0.0856	-2.4139	-0.9093	0.7142	-1.7777	
6.84	0.9139	0.0476	-2.2842	-0.6699	-0.9383	-2.1299	
6.85	0.6773	0.1846	-1.8279	-0.2397	0.804	-2.1467	
6.86	0.6355	0.354	-1.6954	0.1702	-0.9197	-2.1039	
6.87	0.4987	0.4402	-1.5252	0.559	0.8248	-2.2443	
6.88	0.4929	0.6312	-1.4053	0.8779	-0.8195	-2.4803	
6.89	0.5066	0.7299	-1.4235	0.9913	0.9069	-2.5723	
6.9	0.6558	0.8555	-1.1167	1.1051	-0.8645	-2.922	
6.91	0.8022	1.1246	-0.9335	0.8964	1.0084	-2.6532	
6.92	0.973	1.2787	-0.7821	0.671	-0.7261	-2.9177	
6.93	1.1871	1.287	-0.6915	0.2367	0.9554	-3.0564	
6.94	1.2445	1.2968	-0.499	-0.1554	-0.729	-3.173	
6.95	1.5768	1.4721	-0.3827	-0.5165	1.0528	-3.0673	
6.96	1.857	1.446	-0.2771	-0.926	-0.6055	-2.8095	
6.97	2.1024	1.507	-0.136	-1.2726	1.2232	-3.195	
6.98	1.9276	1.7876	-0.0406	-1.4545	-0.5173	-2.6521	
6.99	2.0293	1.8228	0.0606	-1.4813	1.2167	-2.7882	
7.0	2.0599	1.8701	0.1612	-1.4056	-0.5231	-2.7304	
7.01	2.3512	2.0361	0.2126	-1.0077	1.2	-2.7853	
7.02	2.173	1.9367	0.314	-0.8916	-0.4104	-2.6079	
7.03	1.7887	1.8873	0.3276	-0.4867	1.4321	-2.5863	
7.04	1.7562	2.0173	0.3768	-0.286	-0.3108	-2.4104	
7.05	1.3515	1.6761	0.4233	-0.15	1.5112	-2.1664	
7.06	1.2607	1.9216	0.3905	-0.1085	-0.2939	-2.0794	
7.07	1.0271	1.9061	0.3851	-0.2159	1.5055	-1.9593	
7.08	0.6844	1.6194	0.4061	-0.4738	-0.2026	-1.6382	
7.09	0.397	1.7572	0.3588	-0.8235	1.623	-1.5948	
7.1	0.2186	1.697	0.3317	-1.1544	-0.1551	-1.5957	
7.11	0.0217	1.4924	0.2503	-1.8197	1.5574	-1.3979	
7.12	-0.1183	1.413	0.2075	-2.0642	-0.075	-1.2561	
7.13	-0.1965	1.4135	0.1137	-2.2879	1.5455	-1.1942	
7.14	-0.221	1.3506	0.0457	-2.7645	-0.0134	-1.1647	
7.15	-0.1735	1.2659	-0.0394	-2.8891	1.7069	-1.016	
7.16	-0.0713	1.2115	-0.1284	-2.4812	0.0513	-0.9924	
7.17	0.0665	1.0084	-0.2411	-2.3435	1.7098	-0.8484	
7.18	0.2633	0.9432	-0.3463	-1.8856	0.1023	-0.94	
7.19	0.4731	0.8534	-0.4162	-1.5727	1.7841	-0.9818	
7.2	0.5915	0.8679	-0.5063	-1.3794	0.18	-0.9523	
7.21	0.9383	0.8106	-0.6448	-1.0876	1.7024	-0.9626	
7.22	1.0035	0.6922	-0.7078	-0.7669	0.2365	-1.0091	
7.23	1.2227	0.7125	-0.8631	-0.5937	1.9661	-1.1273	
7.24	1.3461	0.641	-0.9384	-0.5992	0.2887	-1.007	
7.25	1.4094	0.604	-0.9732	-0.6705	1.8893	-1.1441	
7.26	1.428	0.6588	-1.0412	-0.9967	0.3754	-1.2579	
7.27	1.2128	0.604	-1.0798	-1.1533	2.0052	-1.4399	
7.28	1.2579	0.6389	-1.1177	-1.426	0.4095	-1.5169	
7.29	1.1323	0.6917	-1.2781	-1.7078	2.0168	-1.6511	
7.3	0.8203	0.674	-1.3483	-1.8545	0.4219	-1.6191	
7.31	0.5604	0.705	-1.237	-1.9108	2.1078	-1.8622	
7.32	0.3241	0.7532	-1.3121	-1.6203	0.4781	-1.9046	
7.33	0.0474	0.8031	-1.3283	-1.5646	2.0504	-2.2158	
7.34	-0.2275	0.9032	-1.2522	-1.068	0.517	-2.29	
7.35	-0.4856	0.9631	-1.3772	-0.7601	2.1368	-2.1708	
7.36	-0.6602	1.1399	-1.339	-0.2199	0.5392	-2.1104	
7.37	-0.8734	1.1821	-1.2781	0.266	2.3623	-2.341	
7.38	-1.0589	1.3967	-1.2953	0.7176	0.6886	-2.5004	
7.39	-1.0192	1.3753	-1.246	0.9529	2.0543	-2.2203	
7.4	-1.0663	1.5137	-1.3445	1.1077	0.6059	-2.2159	
7.41	-1.0934	1.6052	-1.2481	1.0791	2.1106	-2.5792	
7.42	-0.8882	1.8241	-1.1858	0.9044	0.6876	-2.2795	
7.43	-0.7434	1.6942	-1.0071	0.787	2.5257	-2.4713	
7.44	-0.5861	1.8751	-1.1176	0.471	0.6893	-2.2294	
7.45	-0.3799	1.9104	-0.9885	0.1546	2.2439	-2.4566	
7.46	-0.1437	2.2378	-0.8503	-0.1019	0.754	-2.1123	
7.47	0.0585	2.3206	-0.9084	-0.2858	2.5686	-2.0769	
7.48	0.2542	2.2528	-0.7707	-0.3548	0.8019	-2.0672	
7.49	0.3468	2.7718	-0.7416	-0.2897	2.4816	-1.6851	
7.5	0.4912	2.5355	-0.7731	-0.102	0.9028	-1.7093	
7.51	0.5751	2.4753	-0.6139	0.2009	2.2341	-1.6189	
7.52	0.4643	2.6745	-0.5999	0.5323	0.8734	-1.4125	
7.53	0.4257	3.0191	-0.6259	0.8646	2.304	-1.1326	
7.54	0.3155	2.7163	-0.5554	1.1115	0.8016	-1.0406	
7.55	0.129	3.1241	-0.5069	1.3899	2.6279	-0.8557	
7.56	-0.0845	3.1225	-0.5202	1.661	0.8141	-0.6136	
7.57	-0.3559	3.1061	-0.492	1.3959	2.5756	-0.4679	
7.58	-0.6204	3.0064	-0.4929	1.2952	0.9578	-0.3821	
7.59	-0.9169	3.0818	-0.4619	1.0355	2.4002	-0.2264	
7.6	-1.0812	2.6549	-0.4599	0.5702	0.8315	-0.0719	
7.61	-1.473	2.6418	-0.4767	0.1367	2.3798	0.0405	
7.62	-1.6787	2.5928	-0.4945	-0.3136	0.825	0.1537	
7.63	-1.8691	2.4929	-0.4368	-0.6653	2.3182	0.2305	
7.64	-1.7279	2.6329	-0.5181	-0.8642	0.9625	0.3352	
7.65	-1.7387	2.3864	-0.5235	-1.0138	2.3218	0.3365	
7.66	-1.9416	2.5471	-0.5253	-1.079	0.8667	0.4181	
7.67	-1.8626	2.4659	-0.5151	-1.0149	2.1913	0.4301	
7.68	-1.6185	2.3399	-0.5154	-0.7489	0.9035	0.4107	
7.69	-1.6168	2.3357	-0.6258	-0.5121	2.4091	0.3965	
7.7	-1.2745	2.0024	-0.659	-0.1788	0.8915	0.3523	
7.71	-1.1063	1.9955	-0.6796	0.0856	2.3661	0.3064	
7.72	-0.9191	1.6421	-0.6575	0.2685	0.8942	0.2706	
7.73	-0.6093	1.8111	-0.6964	0.3218	2.1627	0.2167	
7.74	-0.4715	1.5688	-0.6718	0.2121	0.7884	0.1392	
7.75	-0.3719	1.2971	-0.6365	0.0249	2.2373	0.052	
7.76	-0.2431	1.1884	-0.7085	-0.2897	0.864	-0.0399	
7.77	-0.2339	1.0855	-0.7248	-0.7099	2.4692	-0.1449	
7.78	-0.232	1.1793	-0.6779	-0.9741	0.8464	-0.2057	
7.79	-0.319	1.0807	-0.6472	-1.2676	2.1345	-0.2986	
7.8	-0.4262	0.9017	-0.6437	-1.589	0.8224	-0.4478	
7.81	-0.5852	0.8517	-0.6558	-1.7778	1.9724	-0.4933	
7.82	-0.8609	0.7992	-0.5412	-1.6094	0.7354	-0.5488	
7.83	-1.0217	0.7256	-0.5244	-1.6937	2.1301	-0.6032	
7.84	-1.4353	0.6313	-0.4775	-1.2991	0.6379	-0.7468	
7.85	-1.4924	0.6127	-0.4238	-0.8529	1.9623	-0.6471	
7.86	-2.0709	0.5271	-0.2874	-0.4895	0.6818	-0.737	
7.87	-2.0555	0.6079	-0.2565	-0.0495	2.0342	-0.7473	
7.88	-2.1149	0.6052	-0.1425	0.3557	0.6751	-0.7971	
7.89	-2.5259	0.6128	-0.0507	0.687	1.8439	-0.7819	
7.9	-2.6713	0.5973	0.0464	0.7804	0.554	-0.7248	
7.91	-2.6001	0.6298	0.134	0.9202	1.8671	-0.557	
7.92	-2.5191	0.6814	0.2775	0.7748	0.5074	-0.4728	
7.93	-2.3141	0.6683	0.3292	0.5923	2.0321	-0.4347	
7.94	-2.0671	0.7026	0.517	0.3428	0.4622	-0.304	
7.95	-1.9527	0.7653	0.5942	0.0604	1.7774	-0.18	
7.96	-1.8764	0.9269	0.7581	-0.1443	0.3912	-0.0609	
7.97	-1.5675	1.003	0.8721	-0.277	1.5988	0.095	
7.98	-1.3929	0.945	0.9308	-0.3022	0.3919	0.2684	
7.99	-1.0461	1.0294	0.9709	-0.1357	1.5827	0.3799	
8.0	-0.9411	1.2772	1.0469	0.115	0.3077	0.5664	
8.01	-0.8067	1.3937	1.2793	0.4527	1.6826	0.7635	
8.02	-0.7073	1.4631	1.2333	0.8522	0.2176	0.9262	
8.03	-0.6965	1.5345	1.2409	1.343	1.61	1.0967	
8.04	-0.7668	1.6258	1.4227	1.6821	0.1728	1.2734	
8.05	-0.7396	1.6197	1.4788	2.341	1.5295	1.3697	
8.06	-0.881	1.7628	1.6352	2.6271	0.1114	1.4199	
8.07	-1.0512	1.8087	1.6217	2.5859	1.2741	1.5605	
8.08	-1.3344	1.5845	1.452	2.5051	0.0436	1.7016	
8.09	-1.6816	1.678	1.5484	2.2419	1.3946	1.7926	
8.1	-1.8067	1.8583	1.4634	1.8723	-0.0341	1.8898	
8.11	-1.8767	1.8304	1.7032	1.6372	1.3461	2.046	
8.12	-2.4753	1.8286	1.6819	1.3187	-0.1079	1.9701	
8.13	-2.4569	1.6525	1.4494	0.8668	1.2308	2.1737	
8.14	-2.5343	1.8188	1.5329	0.6359	-0.1907	2.1516	
8.15	-2.4945	1.7283	1.2739	0.5939	1.0746	1.9776	
8.16	-2.9538	1.7669	1.3249	0.6082	-0.2525	1.9778	
8.17	-2.7811	1.5573	1.2863	0.8003	0.9391	1.9357	
8.18	-2.7713	1.5478	1.1935	1.0262	-0.3343	1.8084	
8.19	-2.6739	1.6732	0.9201	1.1712	0.8982	1.9432	
8.2	-2.1746	1.3669	0.919	1.4534	-0.4169	1.7488	
8.21	-2.0648	1.3032	0.6617	1.7328	0.743	1.6537	
8.22	-1.8174	1.2361	0.6444	2.1748	-0.5036	1.4677	
8.23	-1.6362	1.1148	0.4708	1.9345	0.6523	1.6363	
8.24	-1.3681	0.9529	0.2935	1.7883	-0.5625	1.313	
8.25	-1.3102	0.8948	0.1578	1.5673	0.6135	1.3592	
8.26	-0.9826	0.782	0.0266	1.3514	-0.6147	1.1871	
8.27	-0.8372	0.6577	-0.1193	0.8571	0.5564	0.996	
8.28	-0.7739	0.5018	-0.2446	0.4384	-0.7735	0.9255	
8.29	-0.8378	0.4058	-0.3824	0.0301	0.4634	0.9085	
8.3	-0.8502	0.2571	-0.4959	-0.3297	-0.7518	0.8263	
8.31	-0.9239	0.1064	-0.6486	-0.5672	0.3389	0.7284	
8.32	-1.0077	-0.0283	-0.7351	-0.7611	-0.8902	0.6172	
8.33	-1.3289	-0.1528	-0.7748	-0.6752	0.2472	0.6203	
8.34	-1.2882	-0.2964	-0.9205	-0.5867	-0.9127	0.5234	
8.35	-1.6797	-0.4197	-1.0019	-0.2844	0.1734	0.4953	
8.36	-1.7993	-0.541	-1.0334	0.0321	-1.0102	0.6037	
8.37	-2.018	-0.6484	-1.0757	0.3659	0.091	0.6106	
8.38	-2.3697	-0.6562	-1.1642	0.6247	-1.0979	0.638	
8.39	-2.2544	-0.821	-1.1649	0.7686	0.0032	0.6344	
8.4	-2.5772	-0.8133	-1.0056	0.8776	-1.1157	0.7849	
8.41	-2.5235	-0.8046	-1.1842	0.8419	-0.0835	0.779	
8.42	-2.4627	-0.9937	-1.1308	0.7101	-1.2657	0.827	
8.43	-2.4048	-1.0436	-0.9069	0.4347	-0.1571	0.9717	
8.44	-2.7359	-0.873	-0.9251	0.1041	-1.2307	1.1898	
8.45	-2.4062	-0.8787	-0.8435	-0.2096	-0.2595	1.3325	
8.46	-2.0727	-0.9889	-0.734	-0.5657	-1.4313	1.4226	
8.47	-1.9439	-1.025	-0.61	-0.7232	-0.3416	1.5668	
8.48	-1.8439	-0.8501	-0.4947	-0.7842	-1.4026	1.7352	
8.49	-1.4845	-0.7983	-0.2946	-0.7485	-0.4184	1.6439	
8.5	-1.2912	-0.8473	-0.1389	-0.5486	-1.7317	1.8688	
8.51	-0.966	-0.7121	0.0275	-0.1812	-0.5384	1.967	
8.52	-0.7019	-0.6999	0.2109	0.2398	-1.7824	2.1152	
8.53	-0.6309	-0.5879	0.4285	0.7117	-0.5795	2.1928	
8.54	-0.5071	-0.4739	0.5346	1.0914	-1.8127	2.1507	
8.55	-0.4922	-0.4679	0.7665	1.7265	-0.6687	2.4794	
8.56	-0.5833	-0.34	0.9995	1.9127	-1.7941	2.6537	
8.57	-0.5865	-0.2314	1.2723	2.106	-0.6769	2.7777	
8.58	-0.8001	-0.1506	1.2673	1.8531	-1.9199	2.7853	
8.59	-1.0313	-0.0397	1.5055	1.9853	-0.7437	2.4852	
8.6	-1.1564	0.0493	1.5843	1.6567	-1.9168	2.8594	
8.61	-1.4883	0.1424	1.7371	1.354	-0.8782	2.8026	
8.62	-1.7441	0.2178	1.884	1.2201	-2.0395	2.3373	
8.63	-1.8009	0.3205	2.0191	0.9088	-0.9026	2.4944	
8.64	-2.1608	0.4268	2.383	0.8119	-2.1882	2.3543	
8.65	-2.2931	0.4379	2.5584	0.6986	-0.9914	2.3929	
8.66	-2.2357	0.5009	2.8564	0.9304	-2.2119	2.0687	
8.67	-2.3226	0.5277	2.7134	1.0561	-1.0542	1.9587	
8.68	-2.0538	0.6603	2.6275	1.4236	-2.0894	1.832	
8.69	-2.175	0.716	2.8191	1.9352	-1.0507	1.9448	
8.7	-2.2466	0.7296	2.7875	2.2136	-2.1439	1.6175	
8.71	-1.8255	0.7531	2.7452	2.5796	-1.2088	1.6846	
8.72	-1.5645	0.7554	2.7303	2.7628	-2.1568	1.5004	
8.73	-1.3932	0.6652	3.0965	2.9189	-1.3442	1.3765	
8.74	-1.0908	0.6755	3.1016	3.0508	-2.4635	1.0815	
8.75	-0.8708	0.6323	2.9279	2.7931	-1.192	1.0033	
8.76	-0.6069	0.5747	2.5967	2.4865	-2.4335	0.9341	
8.77	-0.3663	0.5508	2.6512	2.1966	-1.2822	0.776	
8.78	-0.2278	0.4396	2.7288	1.7523	-2.4378	0.7022	
8.79	-0.0859	0.3892	2.3579	1.2184	-1.3943	0.562	
8.8	-0.0152	0.3205	2.5439	0.8827	-2.2302	0.5056	
8.81	0.0018	0.2267	2.2717	0.6167	-1.3673	0.4473	
8.82	-0.0377	0.1293	2.0296	0.4573	-2.2266	0.3896	
8.83	-0.1335	0.0208	1.7986	0.4839	-1.5129	0.3598	
8.84	-0.3	-0.0754	1.9222	0.508	-2.1672	0.347	
8.85	-0.5046	-0.1786	1.6406	0.8105	-1.3887	0.3305	
8.86	-0.6525	-0.293	1.3342	1.0959	-2.5801	0.3649	
8.87	-0.9361	-0.3801	1.3499	1.1635	-1.3516	0.4178	
8.88	-1.0122	-0.4473	1.1398	1.619	-2.4603	0.3893	
8.89	-1.2511	-0.6362	0.838	1.5141	-1.3694	0.5036	
8.9	-1.5183	-0.621	0.6908	1.7524	-2.4213	0.5282	
8.91	-1.6238	-0.7456	0.4903	1.4756	-1.3984	0.6778	
8.92	-1.583	-0.8036	0.3733	1.2795	-2.6325	0.7579	
8.93	-1.601	-0.8755	0.1882	0.7972	-1.6093	0.8722	
8.94	-1.7413	-1.0659	0.0554	0.441	-2.3202	1.0031	
8.95	-1.5781	-1.1486	-0.0816	-0.0127	-1.423	1.1436	
8.96	-1.308	-1.0704	-0.2154	-0.3963	-2.5748	1.2957	
8.97	-1.2951	-1.2004	-0.3063	-0.7222	-1.4699	1.397	
8.98	-0.8713	-1.1476	-0.4482	-0.9466	-2.1723	1.4976	
8.99	-0.7036	-1.2645	-0.5741	-1.0426	-1.5659	1.5569	
9.0	-0.4387	-1.1062	-0.6157	-1.0337	-2.2242	1.5545	
9.01	-0.1845	-1.1776	-0.6983	-0.77	-1.5688	1.6871	
9.02	0.0817	-1.1745	-0.7489	-0.5035	-2.476	1.7996	
9.03	0.3066	-1.0073	-0.8051	-0.1404	-1.5816	1.612	
9.04	0.4637	-1.0494	-0.7583	0.2168	-2.5639	1.7158	
9.05	0.5515	-0.9751	-0.802	0.5651	-1.6478	1.913	
9.06	0.6377	-0.8952	-0.6558	0.7751	-2.4653	1.8909	
9.07	0.6665	-0.7314	-0.6244	0.9299	-1.6179	1.7345	
9.08	0.529	-0.7099	-0.6948	0.8233	-2.246	1.6909	
9.09	0.4983	-0.5796	-0.5331	0.7513	-1.3298	1.8027	
9.1	0.2748	-0.491	-0.5072	0.4921	-2.1514	1.7609	
9.11	0.1047	-0.3591	-0.415	0.1699	-1.3423	1.6271	
9.12	-0.1128	-0.2547	-0.2964	-0.1105	-2.3535	1.4371	
9.13	-0.354	-0.135	-0.2066	-0.3818	-1.3409	1.2077	
9.14	-0.5669	-0.0088	-0.0825	-0.5875	-2.0852	1.1729	
9.15	-0.7317	0.1146	0.0411	-0.6225	-1.4492	1.0301	
9.16	-0.9718	0.2571	0.1528	-0.4821	-1.9701	0.9503	
9.17	-0.9959	0.3328	0.2904	-0.2174	-1.37	0.686	
9.18	-1.0665	0.4501	0.3949	0.1252	-2.1997	0.5438	
9.19	-1.0072	0.5722	0.5402	0.5709	-1.1776	0.3957	
9.2	-0.9864	0.7157	0.6509	1.0584	-2.234	0.2665	
9.21	-0.9452	0.8056	0.8409	1.5486	-1.3187	0.0946	
9.22	-0.7826	0.9956	0.8566	1.991	-2.0135	-0.0414	
9.23	-0.5593	0.9802	0.9796	2.2346	-1.1067	-0.1898	
9.24	-0.2832	1.027	1.2797	2.3112	-2.0155	-0.3433	
9.25	-0.0172	1.0641	1.1657	2.0943	-1.1485	-0.4709	
9.26	0.2528	1.2253	1.5075	1.9206	-1.8261	-0.5161	
9.27	0.5302	1.2437	1.4092	1.6816	-0.9988	-0.6992	
9.28	0.6682	1.2637	1.69	1.3278	-1.6938	-0.7455	
9.29	0.8449	1.3283	1.5966	1.1426	-0.9646	-0.731	
9.3	1.1268	1.3626	1.6573	0.7563	-1.6142	-0.8422	
9.31	1.1833	1.3007	1.6455	0.5612	-0.9739	-0.878	
9.32	1.2827	1.27	1.7262	0.4337	-1.5241	-0.8665	
9.33	1.0974	1.3438	1.9533	0.4568	-1.0008	-0.898	
9.34	1.1933	1.3664	1.6533	0.6493	-1.4622	-0.8402	
9.35	0.9305	1.2924	1.7077	0.9825	-0.8866	-0.7153	
9.36	0.7812	1.1656	1.8328	1.1866	-1.3704	-0.7427	
9.37	0.5501	0.98	1.7699	1.6136	-0.7477	-0.6306	
9.38	0.3427	0.9711	1.6573	1.853	-1.3042	-0.5302	
9.39	0.1533	0.962	1.5404	2.1673	-0.6755	-0.4191	
9.4	-0.0723	0.8991	1.755	2.2688	-1.3175	-0.3528	
9.41	-0.2741	0.7507	1.6168	2.1916	-0.6727	-0.2123	
9.42	-0.4121	0.6115	1.3939	1.8561	-1.1662	-0.1185	
9.43	-0.5263	0.5604	1.2969	1.4387	-0.6113	-0.0068	
9.44	-0.559	0.4529	1.4242	0.9134	-1.0345	0.1109	
9.45	-0.5758	0.3914	1.1935	0.4679	-0.4523	0.2172	
9.46	-0.4947	0.2649	1.1701	0.018	-1.0679	0.2821	
9.47	-0.3777	0.1636	1.0559	-0.372	-0.3683	0.4019	
9.48	-0.2154	0.0919	0.9139	-0.6384	-0.9628	0.5241	
9.49	0.0114	0.01	0.9962	-0.8069	-0.3334	0.5751	
9.5	0.2337	-0.0581	0.8096	-0.8613	-0.9341	0.6349	
9.51	0.5548	-0.1384	0.7033	-0.8363	-0.2402	0.6753	
9.52	0.8221	-0.1877	0.6817	-0.6195	-0.7939	0.698	
9.53	0.9839	-0.2429	0.5771	-0.3485	-0.1553	0.6385	
9.54	1.2499	-0.2612	0.4603	-0.0641	-0.6411	0.6922	
9.55	1.4792	-0.3155	0.4161	0.1602	-0.0855	0.636	
9.56	1.5973	-0.3392	0.4009	0.2642	-0.5387	0.5947	
9.57	1.5276	-0.3394	0.3196	0.3038	0.005	0.5508	
9.58	1.5664	-0.2797	0.2583	0.1753	-0.4865	0.4901	
9.59	1.4455	-0.2847	0.2317	-0.0593	0.0951	0.3634	
9.6	1.5171	-0.2553	0.1799	-0.3712	-0.405	0.2471	
9.61	1.3673	-0.1993	0.1424	-0.8378	0.1633	0.1399	
9.62	1.1012	-0.1676	0.1227	-1.2727	-0.2993	0.021	
9.63	0.9329	-0.101	0.1038	-1.5405	0.2718	-0.1094	
9.64	0.5666	-0.0346	0.0919	-1.7996	-0.2074	-0.2294	
9.65	0.426	0.045	0.0852	-1.9385	0.3771	-0.3832	
9.66	0.1632	0.1348	0.0749	-1.915	-0.0988	-0.5156	
9.67	-0.0124	0.2148	0.0833	-1.888	0.4058	-0.6399	
9.68	-0.1612	0.3486	0.0897	-1.7428	-0.0041	-0.8586	
9.69	-0.2726	0.4265	0.1006	-1.2898	0.5446	-1.0361	
9.7	-0.2928	0.4819	0.1111	-0.9051	0.0828	-1.1189	
9.71	-0.318	0.6772	0.1302	-0.3957	0.6125	-1.224	
9.72	-0.2216	0.704	0.1434	-0.0748	0.1864	-1.3806	
9.73	-0.0984	0.7862	0.1373	0.1903	0.7368	-1.3432	
9.74	0.0825	0.865	0.1724	0.3277	0.2717	-1.4263	
9.75	0.3157	1.004	0.1796	0.2866	0.7748	-1.5101	
9.76	0.5835	1.251	0.195	0.1812	0.3842	-1.4941	
9.77	0.8432	1.3416	0.1947	-0.0425	0.8428	-1.6959	
9.78	0.9619	1.355	0.1933	-0.345	0.4601	-1.5228	
9.79	1.3599	1.4401	0.2112	-0.6333	0.8678	-1.6382	
9.8	1.3985	1.407	0.1679	-0.7608	0.5671	-1.4822	
9.81	1.5207	1.4145	0.187	-1.0541	1.089	-1.4211	
9.82	1.6985	1.435	0.1722	-0.9485	0.6568	-1.4946	
9.83	1.6949	1.4519	0.1241	-0.9062	0.997	-1.4852	
9.84	1.5507	1.612	0.1057	-0.708	0.7166	-1.3264	
9.85	1.6828	1.7198	0.0702	-0.291	1.2398	-1.2816	
9.86	1.4764	1.6358	0.0366	0.0952	0.7436	-1.1239	
9.87	1.4416	1.4816	-0.0088	0.5558	1.1064	-0.9982	
9.88	1.1438	1.6491	-0.0591	0.9909	0.8939	-0.8353	
9.89	0.9342	1.5394	-0.1199	1.1319	1.3413	-0.7127	
9.9	0.5889	1.3548	-0.1742	1.4246	0.8754	-0.5886	
9.91	0.4099	1.4807	-0.2514	1.4883	1.2882	-0.4463	
9.92	0.1661	1.3277	-0.3152	1.4917	0.9479	-0.3048	
9.93	-0.0222	1.2962	-0.3906	1.1461	1.4909	-0.1844	
9.94	-0.1799	1.0378	-0.4651	0.8015	1.151	-0.0563	
9.95	-0.234	1.0438	-0.5545	0.3965	1.6105	0.049	
9.96	-0.2663	0.8995	-0.6357	0.0319	1.1412	0.1348	
9.97	-0.2786	0.8376	-0.6213	-0.3333	1.5511	0.2208	
9.98	-0.2013	0.7143	-0.7899	-0.5463	1.2772	0.2784	
9.99	-0.0575	0.5167	-0.8739	-0.7337	1.7212	0.3193	
10.0	0.1233	0.3874	-0.8411	-0.7383	1.3268	0.3405	
10.01	0.334	0.3011	-0.9017	-0.6169	1.7932	0.3343	
10.02	0.5438	0.1337	-0.96	-0.3535	1.2625	0.3905	
10.03	0.7589	0.0145	-1.1315	-0.066	1.7535	0.3233	
10.04	1.0071	-0.1139	-1.0953	0.2086	1.5181	0.3069	
10.05	1.18	-0.2396	-1.1359	0.4035	1.8534	0.229	
10.06	1.2744	-0.3551	-1.1194	0.5481	1.4558	0.1764	
10.07	1.4817	-0.4605	-1.1201	0.5957	1.7717	0.095	
10.08	1.7584	-0.5146	-1.2589	0.4769	1.5098	0.008	
10.09	1.6522	-0.6277	-1.2376	0.1676	1.9762	-0.092	
10.1	1.6234	-0.7846	-1.2663	-0.2074	1.4942	-0.1976	
10.11	1.3907	-0.8916	-1.1975	-0.6448	1.9925	-0.363	
10.12	1.322	-0.8406	-1.1729	-1.1295	1.5558	-0.4286	
10.13	1.1992	-0.9271	-0.9657	-1.5723	1.8027	-0.5342	
10.14	0.944	-0.9985	-1.0051	-1.8375	1.7347	-0.6781	
10.15	0.6736	-1.0044	-0.8773	-2.0954	1.9239	-0.784	
10.16	0.3788	-0.9504	-0.9319	-2.3563	1.5505	-0.9831	
10.17	0.1623	-1.0848	-0.8356	-2.2897	1.7992	-1.0984	
10.18	-0.049	-1.0729	-0.7124	-2.2181	1.7692	-1.1428	
10.19	-0.2145	-0.9374	-0.5804	-1.928	1.8941	-1.3455	
10.2	-0.3475	-1.0768	-0.4718	-1.5536	1.5961	-1.2508	
10.21	-0.4773	-1.0373	-0.4056	-1.4094	2.131	-1.3801	
10.22	-0.4421	-0.8776	-0.2774	-1.0575	1.8066	-1.5328	
10.23	-0.4725	-0.8733	-0.1831	-0.9959	2.0154	-1.4797	
10.24	-0.3417	-0.8776	-0.0798	-0.7957	1.8573	-1.3817	
10.25	-0.2224	-0.6714	0.0295	-0.9296	1.902	-1.3961	
10.26	-0.0251	-0.7268	0.1235	-1.1692	1.713	-1.4526	
10.27	0.1937	-0.6237	0.2174	-1.3215	2.1203	-1.2847	
10.28	0.4102	-0.5144	0.3633	-1.6245	1.8056	-1.4269	
10.29	0.6158	-0.4211	0.4466	-1.9726	2.0568	-1.3163	
10.3	0.8379	-0.3501	0.4884	-2.2657	1.9893	-1.2394	
10.31	0.9757	-0.2969	0.6343	-2.5821	1.8729	-1.0327	
10.32	1.2107	-0.2253	0.7357	-2.5735	2.0139	-1.0167	
10.33	1.3687	-0.1386	0.7253	-2.6817	1.8015	-0.7456	
10.34	1.4503	-0.0783	0.7112	-2.2958	2.0055	-0.6175	
10.35	1.3992	-0.0326	0.8522	-2.0016	1.9127	-0.515	
10.36	1.4399	0.0204	0.8593	-1.7264	1.958	-0.3959	
10.37	1.2698	0.0628	0.7883	-1.0234	1.7444	-0.2208	
10.38	1.0002	0.0841	0.8415	-0.7004	1.7989	-0.0901	
10.39	0.8988	0.108	0.833	-0.3076	2.0189	0.0379	
10.4	0.6031	0.1259	0.7534	-0.0167	1.9086	0.1759	
10.41	0.343	0.13	0.7127	0.1174	1.9587	0.2925	
10.42	0.0823	0.1054	0.6004	0.1198	1.9326	0.4495	
10.43	-0.1667	0.0853	0.5116	-0.0005	1.7496	0.506	
10.44	-0.3997	0.0444	0.4841	-0.2256	1.8128	0.6033	
10.45	-0.5684	-0.0018	0.3643	-0.4662	1.685	0.7011	
10.46	-0.6793	-0.0656	0.2259	-0.8321	1.6827	0.7108	
10.47	-0.6667	-0.132	0.108	-1.0923	1.7617	0.8474	
10.48	-0.7778	-0.231	-0.0415	-1.216	1.6799	0.8289	
10.49	-0.705	-0.2846	-0.2102	-1.2111	1.6579	0.739	
10.5	-0.5687	-0.4424	-0.3973	-1.1615	1.7557	0.8482	
10.51	-0.4208	-0.4902	-0.5529	-0.8998	1.7878	0.8153	
10.52	-0.2494	-0.6351	-0.68	-0.4907	1.5968	0.6707	
10.53	-0.0076	-0.729	-0.9098	-0.1534	1.5425	0.68	
10.54	0.2103	-0.8058	-1.1011	0.2523	1.5291	0.5393	
10.55	0.4427	-1.059	-1.1642	0.5482	1.6447	0.4913	
10.56	0.6535	-1.2404	-1.4471	0.8064	1.583	0.3853	
10.57	0.8971	-1.2581	-1.47	0.9007	1.5324	0.2532	
10.58	0.9523	-1.5301	-1.7778	1.002	1.6034	0.1542	
10.59	1.1447	-1.6311	-1.9785	0.7827	1.5314	0.0207	
10.6	1.0625	-1.5611	-1.994	0.52	1.5155	-0.105	
10.61	1.0234	-1.8295	-2.3888	0.1007	1.4942	-0.2536	
10.62	0.9651	-2.1034	-2.3226	-0.3038	1.4935	-0.3285	
10.63	0.8881	-2.2519	-2.3588	-0.7459	1.3424	-0.4307	
10.64	0.7952	-2.3786	-2.4049	-1.1629	1.4429	-0.5523	
10.65	0.5389	-2.384	-2.6241	-1.3522	1.1641	-0.7235	
10.66	0.2445	-2.3645	-2.6382	-1.404	1.3531	-0.7184	
10.67	0.0192	-2.3654	-2.5761	-1.4943	1.083	-0.78	
10.68	-0.22	-2.7067	-2.7224	-1.4456	1.2959	-0.9104	
10.69	-0.4154	-2.4248	-2.8944	-1.3079	1.172	-0.9188	
10.7	-0.6198	-2.8299	-3.0827	-1.0025	1.2768	-1.0906	
10.71	-0.8484	-2.5415	-2.7904	-0.6655	0.9467	-1.0317	
10.72	-0.8854	-2.5489	-2.6151	-0.4656	1.2043	-0.9965	
10.73	-0.9498	-2.9347	-2.9026	-0.3357	1.0717	-0.9525	
10.74	-0.8945	-2.6716	-2.8828	-0.3224	1.0387	-0.9123	
10.75	-0.8295	-2.5502	-2.502	-0.455	0.8942	-0.8643	
10.76	-0.7068	-2.6473	-2.5239	-0.6222	1.1077	-0.7748	
10.77	-0.5873	-2.7128	-2.265	-0.9598	0.8864	-0.7594	
10.78	-0.3833	-2.5538	-2.2594	-1.404	1.0456	-0.631	
10.79	-0.1308	-2.2982	-2.3596	-1.8425	0.6721	-0.5466	
10.8	0.1238	-2.261	-2.214	-2.1771	0.869	-0.4789	
10.81	0.3825	-2.3436	-1.7623	-2.7726	0.6779	-0.332	
10.82	0.5497	-2.5192	-1.8752	-2.8757	0.7637	-0.1952	
10.83	0.7731	-2.3869	-1.5997	-2.786	0.6353	-0.0597	
10.84	0.9442	-2.2445	-1.2378	-2.6903	0.7867	0.0845	
10.85	0.9288	-1.971	-1.0946	-2.5208	0.4469	0.2283	
10.86	0.9792	-2.1215	-0.9993	-2.1888	0.7466	0.3472	
10.87	0.9671	-1.7279	-0.8394	-1.9379	0.3808	0.4291	
10.88	0.9489	-1.608	-0.6007	-1.2976	0.6352	0.6157	
10.89	0.7185	-1.6277	-0.3647	-1.083	0.3404	0.6129	
10.9	0.5017	-1.4598	-0.226	-0.8553	0.5432	0.7525	
10.91	0.3052	-1.5344	-0.0472	-0.6591	0.2598	0.8824	
10.92	0.0936	-1.316	0.1112	-0.7402	0.4643	0.8269	
10.93	-0.1516	-1.3089	0.2862	-0.8176	0.1668	1.0009	
10.94	-0.3689	-1.185	0.4353	-1.1402	0.3591	0.9702	
10.95	-0.6551	-1.125	0.5576	-1.3	0.0731	0.9744	
10.96	-0.7282	-1.006	0.6058	-1.651	0.3345	0.8991	
10.97	-0.9844	-1.0198	0.7152	-1.9054	-0.0129	0.9644	
10.98	-0.9153	-1.1301	0.8725	-1.9249	0.2234	0.8794	
10.99	-1.0274	-0.9998	0.956	-2.1708	-0.1058	0.7931	
11.0	-0.9263	-0.9781	0.8356	-1.7838	0.1781	0.7347	
11.01	-0.8778	-1.004	0.9027	-1.6249	-0.1942	0.7194	
11.02	-0.7977	-1.0995	0.9228	-1.326	0.1066	0.6043	
11.03	-0.5544	-0.972	0.9026	-0.8149	-0.2441	0.4331	
11.04	-0.2879	-1.0949	0.8497	-0.271	0.0251	0.3814	
11.05	-0.0777	-1.023	0.9232	0.1954	-0.3772	0.23	
11.06	0.1727	-1.0878	0.7916	0.6016	-0.0404	0.0835	
11.07	0.401	-1.1374	0.7102	0.765	-0.4195	-0.0536	
11.08	0.6808	-1.3677	0.6944	0.8643	-0.1043	-0.1946	
11.09	0.7439	-1.23	0.5124	0.9037	-0.5128	-0.3584	
11.1	0.9781	-1.5346	0.4731	0.6963	-0.1807	-0.4877	
11.11	1.0836	-1.4198	0.3561	0.4789	-0.6313	-0.5929	
11.12	1.0818	-1.4881	0.1828	0.217	-0.2672	-0.7403	
11.13	1.0054	-1.6527	0.0439	-0.1053	-0.6492	-0.8232	
11.14	0.9465	-1.6921	-0.1168	-0.3735	-0.2816	-0.876	
11.15	0.7638	-2.0807	-0.2698	-0.4871	-0.7266	-0.9902	
11.16	0.514	-1.9491	-0.4063	-0.6216	-0.3913	-1.0505	
11.17	0.3549	-2.2828	-0.5691	-0.5342	-0.7714	-1.052	
11.18	0.1013	-2.0786	-0.7172	-0.3414	-0.4502	-1.1543	
11.19	-0.1391	-2.4451	-0.8271	-0.02	-0.9682	-1.2197	
11.2	-0.3391	-2.2573	-1.0726	0.3458	-0.518	-1.0925	
11.21	-0.5406	-2.5501	-1.1488	0.7019	-0.9656	-1.235	
11.22	-0.6892	-2.4394	-1.2628	0.9025	-0.5001	-1.1985	
11.23	-0.7842	-2.7869	-1.5098	1.2174	-1.082	-1.1054	
11.24	-0.8508	-2.5719	-1.7126	1.2397	-0.6502	-1.08	
11.25	-0.9547	-2.5455	-1.6607	1.1663	-1.0571	-0.9453	
11.26	-0.8952	-2.891	-1.7732	1.0388	-0.6432	-0.8862	
11.27	-0.745	-2.6354	-1.9568	0.623	-1.0812	-0.7006	
11.28	-0.5152	-2.8419	-1.9047	0.2117	-0.7417	-0.5653	
11.29	-0.3139	-2.6999	-2.1692	-0.2574	-1.2433	-0.4896	
11.3	-0.0759	-2.4033	-1.9274	-0.7352	-0.685	-0.3736	
11.31	0.1893	-2.6118	-2.1448	-1.1238	-1.3055	-0.2758	
11.32	0.4535	-2.2448	-2.1307	-1.2858	-0.7761	-0.1355	
11.33	0.621	-2.5677	-2.2499	-1.4069	-1.2587	-0.0251	
11.34	0.7917	-2.2673	-2.0466	-1.4901	-0.8067	0.0841	
11.35	1.1023	-2.4087	-1.9822	-1.3826	-1.342	0.194	
11.36	1.1481	-2.3512	-1.9378	-1.0039	-0.9044	0.2894	
11.37	1.3367	-2.2366	-1.9894	-0.8206	-1.2872	0.37	
11.38	1.1248	-2.0081	-1.8623	-0.4549	-0.9692	0.4285	
11.39	1.2507	-1.6582	-1.9333	-0.2002	-1.6055	0.5139	
11.4	0.9983	-1.8279	-1.8676	-0.0545	-0.9773	0.546	
11.41	1.0088	-1.4266	-1.8295	-0.0189	-1.4384	0.5611	
11.42	0.7343	-1.3848	-1.6331	-0.1028	-0.9435	0.5447	
11.43	0.5486	-1.372	-1.5737	-0.312	-1.4978	0.4808	
11.44	0.3004	-1.209	-1.4263	-0.6246	-0.9109	0.4943	
11.45	0.0449	-0.9229	-1.3096	-1.0954	-1.4989	0.4643	
11.46	-0.1623	-0.8815	-1.1252	-1.5099	-1.0424	0.3628	
11.47	-0.3717	-0.6832	-0.9641	-1.7127	-1.5961	0.2909	
11.48	-0.4752	-0.547	-0.8711	-2.017	-0.9757	0.1785	
11.49	-0.5743	-0.4642	-0.8736	-2.1518	-1.6813	0.0872	
11.5	-0.5501	-0.3516	-0.7284	-2.0032	-1.0586	-0.0374	
11.51	-0.5855	-0.2306	-0.5492	-1.6915	-1.6091	-0.173	
11.52	-0.5327	-0.1466	-0.4175	-1.3884	-1.0928	-0.327	
11.53	-0.3454	-0.0613	-0.3069	-1.2036	-1.6364	-0.4495	
11.54	-0.1732	0.0216	-0.2319	-0.5991	-1.0038	-0.5901	
11.55	0.0541	0.0962	-0.1147	-0.1974	-1.8025	-0.7257	
11.56	0.2902	0.1428	-0.0206	0.1775	-1.1597	-0.9143	
11.57	0.5967	0.1937	0.0692	0.5014	-1.7844	-1.0314	
11.58	0.8215	0.2276	0.1542	0.6541	-1.0462	-1.1937	
11.59	0.9854	0.2665	0.2033	0.6368	-1.905	-1.1975	
11.6	1.3586	0.2495	0.2512	0.53	-1.125	-1.4776	
11.61	1.5241	0.2515	0.3475	0.314	-1.8542	-1.6072	
11.62	1.5437	0.2423	0.3856	0.0918	-1.0946	-1.5026	
11.63	1.588	0.2273	0.4369	-0.1793	-1.6979	-1.6026	
11.64	1.4717	0.1647	0.4597	-0.3791	-1.1287	-1.5434	
11.65	1.6271	0.1268	0.4132	-0.4413	-1.8874	-1.8878	
11.66	1.4993	0.0712	0.406	-0.4153	-1.0735	-1.8641	
11.67	1.3158	0.0166	0.4442	-0.2749	-1.6213	-1.6704	
11.68	0.9914	-0.0475	0.416	-0.0244	-1.1212	-1.7278	
11.69	0.7863	-0.117	0.4233	0.3745	-1.7989	-1.5787	
11.7	0.533	-0.2037	0.3965	0.7532	-1.0274	-1.5873	
11.71	0.3205	-0.3008	0.3476	1.3766	-1.8122	-1.4889	
11.72	0.1123	-0.3507	0.3321	1.8462	-0.9468	-1.3941	
11.73	-0.0593	-0.4673	0.2914	1.9432	-1.6448	-1.3701	
11.74	-0.1705	-0.5416	0.3055	2.3874	-0.9408	-1.1693	
11.75	-0.2765	-0.6168	0.2715	2.2592	-1.7857	-1.0681	
11.76	-0.2473	-0.6678	0.2324	2.17	-0.9751	-1.0714	
11.77	-0.2022	-0.6877	0.1836	2.076	-1.8554	-0.8808	
11.78	-0.1263	-0.8253	0.1563	1.5044	-1.049	-0.7939	
11.79	0.0302	-0.8054	0.1065	1.2317	-1.6922	-0.679	
11.8	0.2201	-0.9375	0.0865	0.9268	-0.8975	-0.5788	
11.81	0.4617	-0.9437	0.0628	0.6476	-1.6889	-0.4674	
11.82	0.7036	-0.8805	0.0418	0.3944	-0.894	-0.3505	
11.83	0.991	-0.9988	0.0305	0.2893	-1.7132	-0.1981	
11.84	1.3014	-1.0338	0.0183	0.3661	-0.9646	-0.1194	
11.85	1.4332	-0.9835	0.015	0.5206	-1.6554	-0.0494	
11.86	1.6656	-0.9632	0.0183	0.7573	-0.8901	0.0175	
11.87	1.6438	-0.9576	0.0235	1.154	-1.5541	0.0686	
11.88	1.7815	-0.94	0.0336	1.307	-0.7985	0.1036	
11.89	1.863	-0.816	0.0541	1.7567	-1.5931	0.1113	
11.9	2.0157	-0.6977	0.0717	1.6488	-0.7786	0.1239	
11.91	1.8608	-0.6375	0.0957	1.6767	-1.5805	0.1062	
11.92	1.678	-0.6256	0.1354	1.7984	-0.6568	0.064	
11.93	1.4557	-0.549	0.165	1.3569	-1.6072	0.0096	
11.94	1.2307	-0.4326	0.2085	0.9854	-0.7008	-0.0557	
11.95	0.9691	-0.274	0.2577	0.5825	-1.6488	-0.1458	
11.96	0.7316	-0.1651	0.3324	0.1435	-0.6009	-0.2349	
11.97	0.5375	-0.0576	0.3403	-0.3174	-1.3309	-0.3086	
11.98	0.3102	0.0682	0.3644	-0.6745	-0.5982	-0.4148	
11.99	0.1838	0.2055	0.465	-0.8677	-1.4428	-0.5325	
12.0	0.0537	0.302	0.5187	-1.0349	-0.5633	-0.6681	
12.01	-0.0049	0.4768	0.4999	-0.9862	-1.4715	-0.793	
12.02	-0.0076	0.601	0.5981	-0.6637	-0.5164	-0.9554	
12.03	0.0478	0.7274	0.5736	-0.4859	-1.2256	-1.0281	
12.04	0.1572	0.7711	0.5948	-0.1087	-0.3948	-1.1085	
12.05	0.3265	1.0071	0.7337	0.2222	-1.2793	-1.4019	
12.06	0.5343	1.0693	0.7209	0.4778	-0.3401	-1.5004	
12.07	0.7918	1.2153	0.7723	0.6878	-1.238	-1.5809	
12.08	0.9818	1.3157	0.6811	0.7774	-0.3018	-1.5509	
12.09	1.3072	1.4219	0.737	0.7764	-1.3325	-1.6736	
12.1	1.4085	1.4959	0.8092	0.5333	-0.2432	-1.8346	
12.11	1.5643	1.4015	0.6777	0.2496	-1.2368	-1.6919	
12.12	1.7473	1.4489	0.7776	-0.049	-0.1985	-1.7028	
12.13	2.0938	1.6022	0.7085	-0.3707	-1.0205	-1.81	
12.14	1.9651	1.5289	0.7144	-0.6154	-0.1421	-1.814	
12.15	1.9302	1.5684	0.641	-0.8834	-1.0183	-1.806	
12.16	1.7938	1.6656	0.62	-0.8567	-0.0872	-1.5839	
12.17	1.8157	1.5344	0.5287	-0.7137	-0.9313	-1.6333	
12.18	1.6868	1.4519	0.5292	-0.52	-0.0301	-1.5202	
12.19	1.4999	1.358	0.4519	-0.1328	-0.9128	-1.3764	
12.2	1.2951	1.4667	0.3929	0.297	0.0315	-1.2129	
12.21	0.942	1.4116	0.2744	0.7938	-0.9658	-1.1457	
12.22	0.8282	1.366	0.2192	1.3145	0.0953	-0.9136	
12.23	0.6189	1.0753	0.1415	1.6418	-0.8391	-0.7818	
12.24	0.3305	1.0339	0.0816	1.723	0.1407	-0.7448	
12.25	0.1862	0.9953	0.0037	2.1474	-0.8429	-0.5583	
12.26	0.0898	0.8715	-0.0647	1.9675	0.189	-0.4422	
12.27	0.0391	0.7287	-0.1247	2.0797	-0.7537	-0.2679	
12.28	0.0462	0.681	-0.1849	1.5961	0.2455	-0.1281	
12.29	0.1127	0.6185	-0.2285	1.2899	-0.8137	0.0183	
12.3	0.2024	0.4792	-0.2859	1.1342	0.2991	0.1597	
12.31	0.3747	0.3591	-0.3517	0.8732	-0.7036	0.2563	
12.32	0.5878	0.2232	-0.3864	0.8211	0.4038	0.3377	
12.33	0.8048	0.1422	-0.4041	0.7358	-0.7096	0.4971	
12.34	1.1357	0.0328	-0.4068	0.8419	0.4704	0.5585	
12.35	1.3029	-0.0654	-0.4162	1.0209	-0.6497	0.6469	
12.36	1.3589	-0.1425	-0.3933	1.5065	0.4923	0.6359	
12.37	1.5934	-0.2197	-0.4366	1.8547	-0.5614	0.7157	
12.38	1.7564	-0.3287	-0.3569	2.3061	0.5083	0.6381	
12.39	2.0913	-0.3533	-0.3357	2.3833	-0.4876	0.6089	
12.4	1.9079	-0.4011	-0.2747	2.6959	0.584	0.583	
12.41	1.921	-0.5002	-0.2158	2.9802	-0.5144	0.6242	
12.42	1.8002	-0.509	-0.1367	3.1356	0.6417	0.5158	
12.43	1.7797	-0.5066	-0.0558	2.9871	-0.4481	0.4306	
12.44	1.3923	-0.5353	0.0418	2.274	0.6562	0.4024	
12.45	1.2937	-0.4805	0.1604	2.122	-0.4136	0.2895	
12.46	1.1554	-0.4941	0.2766	1.4616	0.7596	0.2042	
12.47	0.8604	-0.4652	0.3687	1.1591	-0.3196	0.0932	
12.48	0.5699	-0.4249	0.5452	0.8068	0.8075	-0.0109	
12.49	0.2875	-0.3843	0.6649	0.6053	-0.3402	-0.127	
12.5	0.1087	-0.3052	0.749	0.4719	0.8268	-0.2194	
12.51	-0.0445	-0.2582	1.0484	0.4643	-0.2801	-0.3545	
12.52	-0.1437	-0.2127	1.1793	0.5124	0.8787	-0.456	
12.53	-0.1856	-0.1182	1.3317	0.8354	-0.2443	-0.5363	
12.54	-0.1692	-0.0326	1.5036	1.0305	0.991	-0.5867	
12.55	-0.1201	0.0508	1.5963	1.2336	-0.1994	-0.6303	
12.56	0.0031	0.1456	1.8951	1.5836	0.9489	-0.7574	
12.57	0.1734	0.2325	2.0477	1.7221	-0.1965	-0.6854	
12.58	0.3546	0.3537	1.8438	1.5528	0.9783	-0.7562	
12.59	0.643	0.3859	2.1791	1.422	-0.1481	-0.7033	
12.6	0.832	0.4982	2.4965	1.1076	1.1261	-0.7257	
12.61	1.0363	0.5721	2.3699	0.7945	-0.1297	-0.6702	
12.62	1.2703	0.6843	2.2532	0.3685	0.9869	-0.5964	
12.63	1.3442	0.692	2.4999	-0.0428	-0.0971	-0.6021	
12.64	1.5374	0.7721	2.5517	-0.4052	1.1735	-0.4766	
12.65	1.5565	0.9341	2.9086	-0.7202	-0.0836	-0.3413	
12.66	1.5873	0.8957	2.5417	-0.9455	1.1923	-0.2567	
12.67	1.4671	0.9348	2.9145	-1.029	-0.0644	-0.1256	
12.68	1.5134	1.0722	2.7742	-0.7961	1.1479	0.0141	
12.69	1.3495	0.9718	2.9897	-0.677	-0.0412	0.1732	
12.7	1.0031	0.9759	2.4606	-0.3368	1.2171	0.3236	
12.71	0.7657	1.0008	2.7053	0.0679	-0.0234	0.4999	
12.72	0.5335	1.1409	2.7144	0.4677	1.154	0.6968	
12.73	0.2508	1.074	2.7489	0.7644	-0.0102	0.8709	
12.74	0.0211	0.8912	2.3226	1.0211	1.2808	1.0022	
12.75	-0.2261	1.004	2.2528	1.1661	0.0036	1.1413	
