0.01	0.5981	0.2721	0.231	0.2087	
0.02	1.0274	0.4755	0.4359	0.4354	
0.03	1.4451	0.8351	0.6265	0.5585	
0.04	1.9057	1.1094	0.871	0.8397	
0.05	2.0695	1.2002	1.0495	0.9475	
0.06	2.2097	1.3436	1.1784	1.2789	
0.07	1.8889	1.5298	1.3531	1.3441	
0.08	1.6722	1.8719	1.5489	1.4185	
0.09	1.3858	1.8012	1.84	1.8734	
0.1	0.9057	2.054	1.834	1.9797	
0.11	0.4964	2.4073	2.0967	1.9874	
0.12	0.0553	2.2097	2.0966	2.1992	
0.13	-0.3859	2.3443	2.0428	2.0193	
0.14	-0.6763	2.4907	2.2623	2.2387	
0.15	-1.1097	2.3044	2.3643	2.3479	
0.16	-1.2516	2.0679	2.0972	2.6407	
0.17	-1.2399	2.2826	2.2672	2.456	
0.18	-1.0334	2.0099	2.3532	2.5868	
0.19	-0.8826	2.1669	2.3711	2.626	
0.2	-0.6294	1.7772	2.0471	2.7632	
0.21	-0.3103	1.9509	2.23	2.5049	
0.22	0.0991	1.6041	2.1226	2.3646	
0.23	0.5182	1.4003	2.2829	2.6885	
0.24	0.8643	1.2689	2.0367	2.6532	
0.25	1.0268	1.0802	2.0653	2.6236	
0.26	1.2821	0.923	1.9681	2.4973	
0.27	1.6326	0.8216	1.5705	2.2207	
0.28	1.6076	0.6281	1.6925	2.2753	
0.29	1.5656	0.6135	1.4599	2.0674	
0.3	1.4434	0.4072	1.5663	2.0903	
0.31	1.4334	0.295	1.431	2.0094	
0.32	1.1523	0.2335	1.4001	1.7402	
0.33	0.8949	0.1234	1.0956	1.6217	
0.34	0.8006	0.0712	1.0423	1.5349	
0.35	0.669	0.0223	1.1244	1.2649	
0.36	0.5721	-0.0074	1.0075	1.323	
0.37	0.5449	-0.0201	1.0299	1.0415	
0.38	0.5056	-0.0121	0.9469	0.9358	
0.39	0.5615	0.0076	0.9379	0.8325	
0.4	0.6457	0.0483	0.9472	0.6709	
0.41	0.7697	0.0875	1.0098	0.5719	
0.42	0.7797	0.153	1.0327	0.5506	
0.43	0.8774	0.221	0.9129	0.4531	
0.44	1.0456	0.3077	1.0554	0.3137	
0.45	0.9107	0.4046	0.9682	0.2091	
0.46	0.8876	0.4771	1.0207	0.1438	
0.47	0.8813	0.5182	1.0689	0.0706	
0.48	0.7538	0.6884	1.2009	0.0087	
0.49	0.5699	0.73	1.3017	-0.0484	
0.5	0.3741	0.8041	1.3716	-0.1014	
0.51	0.2971	0.7607	1.2549	-0.1348	
0.52	0.1722	0.8375	1.395	-0.174	
0.53	0.1545	0.9594	1.5464	-0.1782	
0.54	0.1897	0.9323	1.4745	-0.2079	
0.55	0.3147	0.9433	1.5642	-0.2342	
0.56	0.5394	1.0107	1.6259	-0.2171	
0.57	0.7142	0.9551	1.6727	-0.226	
0.58	1.1427	0.8823	1.6253	-0.1904	
0.59	1.5052	0.8291	1.541	-0.1835	
0.6	1.7676	0.7615	1.5006	-0.188	
0.61	2.1776	0.8228	1.3888	-0.1686	
0.62	2.208	0.6773	1.5782	-0.1356	
0.63	2.4892	0.6344	1.4818	-0.1004	
0.64	2.4198	0.5114	1.2626	-0.0925	
0.65	2.5936	0.4808	1.1048	-0.0566	
0.66	2.0805	0.3882	1.1085	-0.0353	
0.67	2.1509	0.2741	0.9088	-0.0165	
0.68	1.6187	0.1862	0.808	0.0033	
0.69	1.1421	0.13	0.6208	0.0204	
0.7	0.7299	0.0567	0.4589	0.029	
0.71	0.1914	0.0073	0.3187	0.0419	
0.72	-0.2119	-0.0335	0.1408	0.0461	
0.73	-0.5673	-0.0714	-0.0496	0.0381	
0.74	-0.8211	-0.0857	-0.2363	0.0339	
0.75	-0.8585	-0.0862	-0.4942	0.0183	
0.76	-0.8794	-0.0576	-0.6539	-0.0026	
0.77	-0.7588	-0.0318	-0.8834	-0.0283	
0.78	-0.438	0.0201	-1.1721	-0.0665	
0.79	0.0022	0.0805	-1.1856	-0.1068	
0.8	0.5143	0.1636	-1.4994	-0.1545	
0.81	1.0837	0.2584	-1.7423	-0.2097	
0.82	1.6652	0.3802	-1.7791	-0.2725	
0.83	2.0341	0.4338	-1.8154	-0.3102	
0.84	2.2259	0.5501	-2.0979	-0.3611	
0.85	2.475	0.6812	-2.2968	-0.4821	
0.86	2.8355	0.7682	-2.2355	-0.5078	
0.87	2.7033	0.9687	-2.3236	-0.6475	
0.88	2.5155	0.9673	-2.819	-0.6303	
0.89	2.4307	1.1535	-2.8544	-0.8216	
0.9	2.0841	1.2361	-2.8668	-0.8293	
0.91	1.5633	1.3676	-2.909	-0.8559	
0.92	1.0344	1.584	-2.9341	-0.9072	
0.93	0.5418	1.5783	-2.7105	-1.1442	
0.94	0.0404	1.4719	-2.5026	-1.0641	
0.95	-0.4	1.5785	-2.9491	-1.2587	
0.96	-0.7599	1.6854	-2.7521	-1.2314	
0.97	-0.8801	1.4866	-2.5762	-1.3225	
0.98	-0.9904	1.6282	-2.5826	-1.2701	
0.99	-0.9181	1.4989	-2.4913	-1.5447	
1.0	-0.7489	1.3506	-2.1241	-1.3925	
1.01	-0.455	1.1632	-2.2427	-1.609	
1.02	-0.096	0.9393	-1.964	-1.5479	
1.03	0.2552	0.8839	-2.0874	-1.452	
1.04	0.7047	0.6966	-1.6312	-1.6228	
1.05	1.0696	0.4231	-1.681	-1.5957	
1.06	1.2972	0.2237	-1.6109	-1.3673	
1.07	1.436	-0.0266	-1.4679	-1.47	
1.08	1.5129	-0.2535	-1.3694	-1.4246	
1.09	1.5244	-0.4904	-1.2144	-1.2452	
1.1	1.717	-0.7391	-0.9645	-1.3666	
1.11	1.6055	-0.9422	-0.926	-1.313	
1.12	1.3694	-1.2715	-0.7645	-1.0563	
1.13	1.0028	-1.4718	-0.7428	-1.1133	
1.14	0.7154	-1.8379	-0.6659	-0.9501	
1.15	0.538	-1.9557	-0.5353	-0.8887	
1.16	0.3401	-2.1018	-0.4922	-0.7435	
1.17	0.1328	-2.4072	-0.4589	-0.6855	
1.18	0.0281	-2.5672	-0.4827	-0.5354	
1.19	-0.0366	-2.6311	-0.4288	-0.4008	
1.2	-0.0503	-2.9695	-0.4099	-0.2634	
1.21	-0.0248	-3.0485	-0.4169	-0.1535	
1.22	0.0318	-3.0741	-0.3892	-0.0403	
1.23	0.0975	-3.0606	-0.3822	0.0773	
1.24	0.1453	-2.7124	-0.4426	0.2069	
1.25	0.196	-2.9218	-0.4877	0.3114	
1.26	0.2206	-2.468	-0.4588	0.4327	
1.27	0.1819	-2.3908	-0.4938	0.4683	
1.28	0.0845	-2.3125	-0.6243	0.6406	
1.29	-0.0199	-2.49	-0.5692	0.6714	
1.3	-0.1526	-2.3706	-0.6632	0.7096	
1.31	-0.2905	-2.0452	-0.687	0.8865	
1.32	-0.4509	-1.9824	-0.6824	0.8329	
1.33	-0.571	-1.5622	-0.7385	0.9597	
1.34	-0.5767	-1.3802	-0.6475	0.9806	
1.35	-0.6228	-1.2018	-0.642	1.1313	
1.36	-0.597	-1.0622	-0.6888	1.1183	
1.37	-0.4448	-0.8865	-0.6705	1.0501	
1.38	-0.2566	-0.7621	-0.5648	0.9923	
1.39	-0.018	-0.5264	-0.5671	0.9491	
1.4	0.2417	-0.3488	-0.4692	0.928	
1.41	0.5387	-0.2032	-0.3878	0.9686	
1.42	0.8164	-0.0732	-0.3187	0.8574	
1.43	0.9221	0.0506	-0.235	0.8976	
1.44	1.0825	0.1557	-0.1137	0.8279	
1.45	1.1716	0.2039	0.0236	0.6507	
1.46	0.9968	0.2545	0.1536	0.6065	
1.47	0.8324	0.3126	0.3229	0.4535	
1.48	0.5061	0.349	0.4985	0.3667	
1.49	0.1537	0.3603	0.6222	0.2826	
1.5	-0.2885	0.2803	0.8317	0.1564	
1.51	-0.7314	0.2768	1.1011	0.0372	
1.52	-1.2702	0.2276	1.0929	-0.0878	
1.53	-1.6461	0.1508	1.5044	-0.2202	
1.54	-1.8104	0.0892	1.4555	-0.354	
1.55	-2.208	0.0083	1.617	-0.4369	
1.56	-2.2402	-0.0836	1.7767	-0.5201	
1.57	-2.3321	-0.1582	1.9151	-0.692	
1.58	-2.1097	-0.246	2.1275	-0.7955	
1.59	-1.8116	-0.307	2.5986	-0.7967	
1.6	-1.3254	-0.4005	2.3845	-0.9842	
1.61	-1.0707	-0.5258	2.4289	-1.0718	
1.62	-0.4453	-0.5018	2.6331	-1.2244	
1.63	0.0347	-0.6434	2.7919	-1.0877	
1.64	0.4623	-0.6267	2.7216	-1.1183	
1.65	0.8733	-0.6556	3.1287	-1.3611	
1.66	1.2566	-0.7393	3.0294	-1.3233	
1.67	1.3823	-0.6678	3.0581	-1.396	
1.68	1.1929	-0.7214	2.8826	-1.2633	
1.69	1.1087	-0.706	2.6911	-1.4244	
1.7	0.7483	-0.5708	2.8143	-1.3024	
1.71	0.3645	-0.5867	3.0617	-1.2924	
1.72	-0.108	-0.4812	2.6819	-1.2823	
1.73	-0.6612	-0.4281	2.6989	-1.1025	
1.74	-1.2121	-0.3486	2.5857	-1.0719	
1.75	-1.7071	-0.2789	2.5158	-0.8934	
1.76	-2.1479	-0.1866	2.2271	-0.8277	
1.77	-2.2546	-0.087	2.0182	-0.792	
1.78	-2.8045	0.0019	1.894	-0.7056	
1.79	-2.8438	0.0885	1.7038	-0.5086	
1.8	-2.6669	0.1779	1.6157	-0.4159	
1.81	-2.3109	0.2524	1.6105	-0.2735	
1.82	-2.0178	0.3019	1.1828	-0.1095	
1.83	-1.5538	0.3671	1.0694	0.0462	
1.84	-1.287	0.4109	0.9984	0.2099	
1.85	-0.9301	0.4211	0.863	0.3454	
1.86	-0.5014	0.3989	0.6163	0.507	
1.87	-0.1242	0.3688	0.4852	0.6894	
1.88	0.1084	0.4097	0.3273	0.8103	
1.89	0.2966	0.3725	0.1916	0.9284	
1.9	0.3447	0.2953	0.0988	1.1546	
1.91	0.2843	0.2544	-0.0159	1.1883	
1.92	0.1235	0.1564	-0.1216	1.2839	
1.93	-0.0756	0.0816	-0.1804	1.4872	
1.94	-0.3109	-0.0049	-0.283	1.4881	
1.95	-0.6691	-0.1055	-0.3485	1.8791	
1.96	-0.8372	-0.1853	-0.3797	1.6622	
1.97	-1.2192	-0.314	-0.4025	1.8031	
1.98	-1.4387	-0.3968	-0.446	2.1692	
1.99	-1.6121	-0.4814	-0.4405	2.0119	
2.0	-1.4678	-0.5951	-0.4477	1.9178	
2.01	-1.5121	-0.6245	-0.4267	2.1383	
2.02	-1.4855	-0.7253	-0.3946	2.0096	
2.03	-1.3537	-0.8358	-0.3727	2.0061	
2.04	-1.2006	-0.7239	-0.3656	2.3039	
2.05	-1.0942	-0.7592	-0.3371	2.0772	
2.06	-1.0295	-0.8067	-0.2872	2.3312	
2.07	-1.0683	-0.7844	-0.2303	1.9849	
2.08	-0.9048	-0.7549	-0.2216	1.9776	
2.09	-0.9408	-0.6327	-0.1719	2.1552	
2.1	-1.0095	-0.5521	-0.1618	1.9385	
2.11	-1.011	-0.4745	-0.1601	1.934	
2.12	-1.2607	-0.2864	-0.1569	1.6471	
2.13	-1.3181	-0.1289	-0.1359	1.6151	
2.14	-1.4625	0.0342	-0.1479	1.6345	
2.15	-1.372	0.2337	-0.1866	1.4492	
2.16	-1.4592	0.428	-0.236	1.307	
2.17	-1.1963	0.587	-0.2455	1.2179	
2.18	-1.1992	0.8418	-0.3246	0.9895	
2.19	-1.0095	1.1516	-0.3976	0.9028	
2.2	-0.8377	1.4032	-0.4345	0.8388	
2.21	-0.4973	1.4899	-0.6238	0.6514	
2.22	-0.3005	1.6254	-0.6283	0.5431	
2.23	-0.051	2.1036	-0.7898	0.4913	
2.24	0.1405	2.3047	-0.8962	0.3644	
2.25	0.2979	2.3313	-1.1349	0.2115	
2.26	0.3189	2.3771	-1.1509	0.1229	
2.27	0.2911	2.8302	-1.3351	0.0203	
2.28	0.1663	2.9268	-1.5682	-0.0738	
2.29	-0.0634	3.1252	-1.4971	-0.1812	
2.3	-0.3574	2.8252	-1.8858	-0.2277	
2.31	-0.7753	2.8678	-2.0866	-0.3315	
2.32	-1.1109	3.2912	-1.9038	-0.4233	
2.33	-1.5396	2.7693	-1.9781	-0.4796	
2.34	-1.8366	2.9391	-2.3244	-0.5087	
2.35	-2.2863	2.8464	-2.4968	-0.5638	
2.36	-2.4155	2.7953	-2.7355	-0.5645	
2.37	-2.4912	2.5166	-2.7047	-0.6474	
2.38	-2.3753	2.2593	-2.938	-0.6822	
2.39	-2.1754	2.3644	-2.5343	-0.6336	
2.4	-1.9689	2.2674	-2.7439	-0.7312	
2.41	-1.397	2.0338	-2.6312	-0.6925	
2.42	-0.8455	1.8136	-2.5723	-0.6961	
2.43	-0.3271	1.4796	-3.0101	-0.678	
2.44	0.1983	1.1307	-2.5609	-0.6991	
2.45	0.6764	1.0245	-3.0016	-0.6758	
2.46	1.1402	0.7984	-2.9323	-0.7324	
2.47	1.4429	0.5347	-2.704	-0.6358	
2.48	1.6508	0.2898	-2.4179	-0.6661	
2.49	1.4846	0.0776	-2.4078	-0.6502	
2.5	1.5236	-0.1086	-2.4314	-0.6814	
2.51	1.0716	-0.2948	-1.951	-0.7086	
2.52	0.6997	-0.4888	-1.7558	-0.6534	
2.53	0.2479	-0.5793	-1.6221	-0.6233	
2.54	-0.252	-0.674	-1.5387	-0.6246	
2.55	-0.8003	-0.8508	-1.2927	-0.6223	
2.56	-1.3203	-0.9427	-1.2809	-0.6466	
2.57	-1.6715	-1.0107	-1.1132	-0.6318	
2.58	-1.9177	-0.9683	-0.8167	-0.6335	
2.59	-2.059	-0.8781	-0.6594	-0.6786	
2.6	-2.1793	-0.9796	-0.4439	-0.6972	
2.61	-1.8061	-0.9984	-0.2127	-0.736	
2.62	-1.5238	-0.9115	-0.0458	-0.7607	
2.63	-1.3062	-0.8129	0.1478	-0.92	
2.64	-0.7984	-0.6576	0.2858	-0.9574	
2.65	-0.4286	-0.6729	0.4325	-0.9506	
2.66	0.0865	-0.5034	0.6433	-1.0222	
2.67	0.5455	-0.4447	0.6989	-1.0291	
2.68	0.8603	-0.35	0.8324	-1.1263	
2.69	1.2979	-0.2643	1.0332	-1.3142	
2.7	1.4453	-0.1324	1.0639	-1.4132	
2.71	1.5161	-0.0456	1.2023	-1.4865	
2.72	1.4952	0.0335	1.1037	-1.4772	
2.73	1.3069	0.1209	1.2015	-1.6645	
2.74	1.0748	0.1766	1.1519	-1.6597	
2.75	0.8627	0.2307	1.3639	-1.739	
2.76	0.5638	0.2836	1.3013	-1.9469	
2.77	0.2606	0.2954	1.3315	-1.8689	
2.78	0.0219	0.2825	1.3183	-1.9749	
2.79	-0.1708	0.2638	1.1895	-2.0539	
2.8	-0.3703	0.2625	1.2293	-1.9127	
2.81	-0.4195	0.2243	1.2667	-1.9791	
2.82	-0.4254	0.2003	1.1192	-2.2109	
2.83	-0.3332	0.1159	0.9753	-1.8805	
2.84	-0.26	0.0614	1.0426	-1.9365	
2.85	-0.0919	-0.0211	0.9197	-1.9419	
2.86	0.0739	-0.1044	0.9337	-1.9178	
2.87	0.2278	-0.1701	0.7991	-1.9673	
2.88	0.4016	-0.2871	0.8412	-1.9102	
2.89	0.4983	-0.337	0.8429	-2.0498	
2.9	0.592	-0.4884	0.7182	-1.7731	
2.91	0.5647	-0.5294	0.7225	-1.6133	
2.92	0.5152	-0.6304	0.7674	-1.7815	
2.93	0.4904	-0.7056	0.7877	-1.6463	
2.94	0.5008	-0.7694	0.8175	-1.3206	
2.95	0.3761	-0.7358	0.8036	-1.2959	
2.96	0.3347	-0.7251	0.8514	-1.2075	
2.97	0.3627	-0.8585	0.9137	-0.9803	
2.98	0.3847	-0.7496	1.0006	-0.8717	
2.99	0.4807	-0.7927	1.0929	-0.6279	
3.0	0.642	-0.6764	0.9666	-0.5403	
3.01	0.8768	-0.7527	1.1203	-0.3177	
3.02	0.9744	-0.7112	1.1869	-0.1445	
3.03	1.1874	-0.6193	1.2763	0.0311	
3.04	1.3789	-0.5453	1.4404	0.2038	
3.05	1.5386	-0.437	1.5003	0.3864	
3.06	1.7934	-0.3729	1.5941	0.6076	
3.07	1.8451	-0.263	1.8318	0.8246	
3.08	1.9184	-0.1886	2.0137	1.0633	
3.09	1.8023	-0.0939	1.9979	1.2529	
3.1	1.4731	-0.0112	2.0864	1.3601	
3.11	1.2173	0.0617	2.2183	1.4595	
3.12	0.8095	0.1201	2.1052	1.5964	
3.13	0.4546	0.1885	2.1865	1.7117	
3.14	0.1006	0.2086	2.1389	2.0641	
3.15	-0.2412	0.2335	2.5634	1.9663	
3.16	-0.4492	0.2592	2.2945	2.1702	
3.17	-0.6308	0.2483	2.2189	2.5603	
3.18	-0.769	0.1972	2.5539	2.2796	
3.19	-0.5943	0.1482	2.4834	2.6199	
3.2	-0.4567	0.0782	2.3209	2.4309	
3.21	-0.1471	-0.0204	2.0833	2.648	
3.22	0.2543	-0.1252	2.2242	2.4797	
3.23	0.6586	-0.2525	1.9015	2.6811	
3.24	1.1317	-0.4039	1.8635	2.9423	
3.25	1.6858	-0.6016	1.7262	2.932	
3.26	2.3869	-0.6943	1.595	2.7677	
3.27	2.4024	-0.8697	1.4471	2.5694	
3.28	2.9909	-1.0392	1.2666	2.6456	
3.29	2.9299	-1.2007	1.2297	2.6477	
3.3	2.9494	-1.604	0.9242	2.265	
3.31	2.522	-1.7322	0.8437	2.1662	
3.32	2.5776	-2.0335	0.5992	2.1603	
3.33	1.9169	-1.8455	0.4367	2.1662	
3.34	1.463	-2.0059	0.2014	2.0275	
3.35	1.0563	-2.2137	-0.015	1.7796	
3.36	0.4723	-2.3667	-0.2111	1.6181	
3.37	-0.0179	-2.5141	-0.4409	1.5787	
3.38	-0.4679	-2.8754	-0.579	1.3389	
3.39	-0.8068	-2.6922	-0.8794	1.2615	
3.4	-0.9251	-2.6077	-0.9459	1.1095	
3.41	-0.9291	-2.6319	-1.2768	0.8851	
3.42	-0.7764	-2.8358	-1.4426	0.8003	
3.43	-0.5984	-2.8578	-1.3569	0.5905	
3.44	-0.2084	-2.4134	-1.6331	0.4339	
3.45	0.2007	-2.6885	-1.5687	0.3306	
3.46	0.7404	-2.3091	-1.9431	0.1644	
3.47	1.2312	-2.2237	-1.977	0.0225	
3.48	1.6835	-2.1766	-1.9347	-0.1168	
3.49	1.9098	-1.7076	-1.9227	-0.2559	
3.5	2.3934	-1.5201	-1.9802	-0.3163	
3.51	2.4116	-1.4572	-2.0147	-0.4978	
3.52	2.3175	-1.0091	-1.8991	-0.564	
3.53	2.271	-0.8651	-1.9784	-0.6906	
3.54	2.3831	-0.6265	-2.0603	-0.7752	
3.55	2.0073	-0.3547	-1.8507	-0.7355	
3.56	1.563	-0.0769	-1.7109	-0.8088	
3.57	1.2026	0.157	-1.8864	-0.8428	
3.58	0.815	0.4109	-1.7614	-0.8841	
3.59	0.6116	0.6076	-1.5473	-0.9944	
3.6	0.296	0.841	-1.7144	-0.8499	
3.61	0.0595	1.0103	-1.5941	-0.8804	
3.62	-0.0703	1.1355	-1.3396	-0.9767	
3.63	-0.1327	1.2635	-1.2701	-0.9513	
3.64	-0.1038	1.5132	-1.3138	-0.8369	
3.65	-0.0107	1.5632	-1.1198	-0.7272	
3.66	0.1354	1.7308	-1.0597	-0.8113	
3.67	0.3027	1.5947	-1.0683	-0.6847	
3.68	0.4563	1.6438	-1.0249	-0.6283	
3.69	0.5538	1.6903	-0.9664	-0.5885	
3.7	0.6541	1.7808	-0.9945	-0.5132	
3.71	0.8512	1.748	-0.7963	-0.4511	
3.72	0.8561	1.5251	-0.8359	-0.4006	
3.73	0.7958	1.6387	-0.8689	-0.3435	
3.74	0.7621	1.4635	-0.8623	-0.2681	
3.75	0.6082	1.2788	-0.9433	-0.1971	
3.76	0.5923	1.1709	-0.9357	-0.1098	
3.77	0.4595	1.0947	-0.8621	-0.0541	
3.78	0.4332	0.8812	-0.9797	0.0002	
3.79	0.3532	0.7818	-0.9707	0.047	
3.8	0.4298	0.7048	-1.0495	0.0936	
3.81	0.4543	0.6306	-1.1313	0.1398	
3.82	0.4998	0.4458	-1.2171	0.1566	
3.83	0.6774	0.376	-1.3956	0.1865	
3.84	0.7527	0.2564	-1.3689	0.2163	
3.85	0.9537	0.1913	-1.4018	0.2264	
3.86	1.1634	0.1169	-1.509	0.2356	
3.87	1.1099	0.059	-1.6005	0.2221	
3.88	1.2055	0.0166	-1.5721	0.2175	
3.89	1.0069	-0.003	-1.705	0.1751	
3.9	0.9455	-0.0079	-1.6236	0.1742	
3.91	0.7945	0.0035	-1.8902	0.1379	
3.92	0.4615	0.0287	-1.8432	0.0842	
3.93	0.1422	0.0649	-1.6668	0.0345	
3.94	-0.2063	0.1154	-1.7053	-0.015	
3.95	-0.5993	0.1684	-1.5398	-0.0735	
3.96	-0.9286	0.2629	-1.7898	-0.1378	
3.97	-1.2604	0.3405	-1.4653	-0.1908	
3.98	-1.2526	0.3989	-1.4019	-0.2627	
3.99	-1.4683	0.5357	-1.3194	-0.3538	
4.0	-1.3642	0.5295	-1.2255	-0.4143	
4.01	-1.1833	0.6073	-1.0864	-0.4955	
4.02	-1.0049	0.7423	-1.037	-0.5197	
4.03	-0.6398	0.7455	-0.809	-0.6703	
4.04	-0.2065	0.8746	-0.7534	-0.6988	
4.05	0.2255	0.9542	-0.5904	-0.7977	
4.06	0.7478	0.8748	-0.3508	-0.7209	
4.07	1.0255	0.9123	-0.1772	-0.862	
4.08	1.482	0.9359	0.0254	-0.8883	
4.09	1.6385	1.0603	0.2269	-0.9662	
4.1	1.7823	1.0057	0.4426	-0.9311	
4.11	1.7601	0.8561	0.6378	-1.0842	
4.12	1.3567	0.9761	0.8032	-0.9654	
4.13	1.2449	0.8332	1.1155	-1.0219	
4.14	0.7117	0.7446	1.3249	-1.0383	
4.15	0.1748	0.7025	1.4204	-1.0944	
4.16	-0.3693	0.6842	1.505	-1.0922	
4.17	-0.9157	0.594	1.7035	-0.9563	
4.18	-1.4747	0.5141	2.0842	-1.015	
4.19	-2.0297	0.3982	1.8778	-1.0031	
4.2	-2.2582	0.3249	2.1833	-0.8753	
4.21	-2.3395	0.23	2.1931	-0.7447	
4.22	-2.4324	0.147	2.4368	-0.726	
4.23	-2.3224	0.1001	2.5037	-0.6852	
4.24	-2.2533	0.0506	2.4265	-0.6827	
4.25	-1.7248	0.0076	2.3893	-0.534	
4.26	-1.3487	-0.0183	2.7083	-0.4627	
4.27	-0.8376	-0.0274	2.6609	-0.3912	
4.28	-0.3214	-0.0208	2.3668	-0.3205	
4.29	0.1635	0.0051	2.247	-0.2557	
4.3	0.5034	0.0513	2.1746	-0.1491	
4.31	0.7726	0.1134	2.5506	-0.0843	
4.32	1.0475	0.1989	2.4645	-0.0074	
4.33	1.0497	0.2502	2.2913	0.0736	
4.34	0.8621	0.3994	2.1601	0.1258	
4.35	0.6687	0.5446	2.1068	0.1842	
4.36	0.4204	0.6289	1.9771	0.2818	
4.37	0.0508	0.7936	1.7285	0.3314	
4.38	-0.3852	1.0144	1.473	0.3519	
4.39	-0.7038	1.0335	1.4593	0.4277	
4.4	-1.0473	1.125	1.4214	0.4235	
4.41	-1.444	1.4654	1.3562	0.4505	
4.42	-1.6965	1.4752	1.2026	0.4552	
4.43	-1.7719	1.7578	1.0665	0.4795	
4.44	-1.9842	1.7327	0.8511	0.4808	
4.45	-1.7644	2.0329	0.7812	0.4951	
4.46	-1.7325	1.9757	0.6974	0.4685	
4.47	-1.5253	1.9426	0.6305	0.4327	
4.48	-1.3223	2.0513	0.6593	0.4025	
4.49	-1.1246	2.0382	0.5223	0.3599	
4.5	-0.9532	2.2614	0.5656	0.2799	
4.51	-0.8735	2.0014	0.5489	0.199	
4.52	-0.653	2.067	0.4968	0.1345	
4.53	-0.5963	1.8197	0.4924	0.0674	
4.54	-0.5747	1.8421	0.5169	-0.0161	
4.55	-0.6719	1.8378	0.5315	-0.1	
4.56	-0.7256	1.7394	0.4938	-0.176	
4.57	-0.6982	1.327	0.5583	-0.2939	
4.58	-0.8347	1.3621	0.5762	-0.3542	
4.59	-0.9727	1.1378	0.5748	-0.4445	
4.6	-0.9774	0.8498	0.6905	-0.5618	
4.61	-1.0652	0.5905	0.7674	-0.6766	
4.62	-1.0332	0.3134	0.7313	-0.7543	
4.63	-0.9491	0.0453	0.8548	-0.7983	
4.64	-0.9066	-0.1953	0.8004	-0.8957	
4.65	-0.703	-0.4444	0.8898	-0.9898	
4.66	-0.6411	-0.6742	0.9855	-1.0185	
4.67	-0.4798	-1.0097	0.8917	-1.1553	
4.68	-0.4193	-1.2913	0.9086	-1.0586	
4.69	-0.3405	-1.4939	0.9741	-1.2076	
4.7	-0.397	-1.5538	0.9846	-1.0678	
4.71	-0.4235	-2.0063	0.881	-1.2943	
4.72	-0.6096	-2.0057	0.9341	-1.2133	
4.73	-0.8853	-2.3607	0.9193	-1.2105	
4.74	-1.0215	-2.4241	0.8094	-1.235	
4.75	-1.3989	-2.199	0.6551	-1.0682	
4.76	-1.8358	-2.3901	0.5941	-1.1873	
4.77	-1.8315	-2.4661	0.4725	-1.0547	
4.78	-2.0351	-2.4631	0.3544	-0.973	
4.79	-2.2091	-2.3145	0.2461	-0.9264	
4.8	-2.3125	-2.2764	0.1096	-0.8337	
4.81	-2.3451	-2.3608	-0.0505	-0.6691	
4.82	-2.2169	-2.0314	-0.1999	-0.5894	
4.83	-1.9005	-2.0098	-0.3576	-0.4128	
4.84	-1.5324	-1.8814	-0.5524	-0.3055	
4.85	-1.071	-1.9152	-0.7558	-0.1278	
4.86	-0.5747	-1.8431	-0.9859	0.0176	
4.87	-0.1025	-1.4636	-1.0982	0.1714	
4.88	0.3145	-1.4113	-1.4127	0.3317	
4.89	0.6909	-1.133	-1.4698	0.5135	
4.9	0.8868	-0.9527	-1.5349	0.6549	
4.91	1.0373	-0.8389	-1.8169	0.9168	
4.92	0.9854	-0.7153	-1.7946	0.9561	
4.93	0.7192	-0.5572	-2.0178	1.2782	
4.94	0.5167	-0.4777	-2.4799	1.2526	
4.95	0.0666	-0.3193	-2.4816	1.6244	
4.96	-0.3954	-0.229	-2.3101	1.6502	
4.97	-0.9178	-0.1286	-2.7573	1.9359	
4.98	-1.3274	-0.0753	-2.751	1.9018	
4.99	-1.8905	-0.0151	-2.4892	2.1915	
5.0	-2.0778	0.0184	-2.7174	2.0234	
5.01	-2.656	0.0334	-2.5581	2.07	
5.02	-2.6851	0.0306	-2.963	2.4887	
5.03	-2.4972	0.0142	-2.6743	2.3206	
5.04	-2.3589	-0.0175	-2.8856	2.4338	
5.05	-2.2712	-0.0663	-2.7157	2.7391	
5.06	-1.8833	-0.1147	-2.435	2.6295	
5.07	-1.3884	-0.1864	-2.6656	2.6475	
5.08	-0.708	-0.2371	-2.1352	2.5459	
5.09	-0.2349	-0.3144	-2.3472	2.814	
5.1	0.2744	-0.4651	-1.984	2.8651	
5.11	0.6462	-0.54	-1.8796	2.7075	
5.12	1.0541	-0.5391	-1.9851	2.4107	
5.13	1.2279	-0.7074	-1.6613	2.3768	
5.14	1.1584	-0.6755	-1.6318	2.4558	
5.15	1.1619	-0.7852	-1.4094	2.206	
5.16	1.0981	-0.7548	-1.1652	2.3261	
5.17	0.7217	-0.9445	-1.1259	1.9391	
5.18	0.4107	-0.9853	-0.8683	1.9687	
5.19	-0.0214	-0.8535	-0.7629	1.7275	
5.2	-0.4301	-0.8335	-0.602	1.6862	
5.21	-0.794	-0.814	-0.4496	1.4411	
5.22	-1.0479	-0.8231	-0.3311	1.4868	
5.23	-1.279	-0.7451	-0.2578	1.0929	
5.24	-1.5758	-0.7367	-0.1481	1.1152	
5.25	-1.5715	-0.752	-0.0553	0.9336	
5.26	-1.3773	-0.614	0.02	0.7163	
5.27	-1.2354	-0.5049	0.0765	0.5247	
5.28	-1.0652	-0.4296	0.1246	0.3034	
5.29	-0.7835	-0.3971	0.172	0.1578	
5.3	-0.509	-0.2968	0.2123	0.0004	
5.31	-0.2249	-0.2116	0.196	-0.1653	
5.32	0.0337	-0.1297	0.2213	-0.3416	
5.33	0.2598	-0.053	0.2003	-0.4559	
5.34	0.3715	0.0119	0.1971	-0.6123	
5.35	0.5133	0.0695	0.1495	-0.7274	
5.36	0.4739	0.1094	0.1304	-0.7912	
5.37	0.4865	0.1547	0.1008	-0.9695	
5.38	0.4105	0.1549	0.0521	-1.1427	
5.39	0.3564	0.1665	0.0119	-1.2159	
5.4	0.27	0.1522	-0.0282	-1.294	
5.41	0.202	0.1299	-0.0727	-1.3255	
5.42	0.1793	0.0867	-0.1042	-1.5508	
5.43	0.1598	0.0242	-0.1456	-1.4499	
5.44	0.1837	-0.0483	-0.1641	-1.392	
5.45	0.258	-0.1266	-0.181	-1.4121	
5.46	0.3478	-0.2283	-0.1977	-1.5958	
5.47	0.5183	-0.3352	-0.184	-1.5945	
5.48	0.6411	-0.4376	-0.1781	-1.7378	
5.49	0.7527	-0.5988	-0.1587	-1.6865	
5.5	0.742	-0.7444	-0.1134	-1.666	
5.51	0.742	-0.8853	-0.0563	-1.6737	
5.52	0.7418	-0.9182	0.0023	-1.5079	
5.53	0.6192	-1.0166	0.0708	-1.524	
5.54	0.4982	-1.1145	0.1719	-1.6171	
5.55	0.327	-1.1384	0.2534	-1.4662	
5.56	0.0835	-1.2515	0.3391	-1.4723	
5.57	-0.1489	-1.3532	0.5098	-1.2787	
5.58	-0.3542	-1.3906	0.6275	-1.3445	
5.59	-0.5789	-1.3564	0.8384	-1.1564	
5.6	-0.6746	-1.347	0.8704	-1.3369	
5.61	-0.6083	-1.3905	0.9738	-1.1495	
5.62	-0.569	-1.2375	1.087	-1.0638	
5.63	-0.3811	-1.1091	1.2998	-1.0144	
5.64	-0.1343	-1.1807	1.4255	-1.0054	
5.65	0.1922	-0.9352	1.5824	-1.0065	
5.66	0.67	-0.8476	1.6391	-1.1022	
5.67	1.1369	-0.6036	2.0014	-1.0833	
5.68	1.6003	-0.427	2.1721	-0.9202	
5.69	1.7299	-0.2545	2.2938	-1.0622	
5.7	2.0789	-0.0207	2.4305	-0.9535	
5.71	2.3054	0.2233	2.2864	-0.8892	
5.72	2.6025	0.4452	2.7247	-1.0045	
5.73	2.6185	0.7214	2.6796	-0.8931	
5.74	2.1766	1.0392	2.8567	-0.9221	
5.75	1.9044	1.2952	2.4592	-0.9414	
5.76	1.5571	1.346	2.8927	-0.9496	
5.77	1.1631	1.7847	2.8853	-1.0428	
5.78	0.6674	1.9626	2.7566	-1.0877	
5.79	0.1386	1.98	2.775	-0.9751	
5.8	-0.2928	2.3237	2.775	-1.1996	
5.81	-0.7639	2.2506	2.6163	-1.1798	
5.82	-0.9927	2.3722	2.6102	-1.154	
5.83	-1.0316	2.9156	2.497	-1.2543	
5.84	-1.0925	2.6452	2.0646	-1.2246	
5.85	-0.9595	3.0318	2.0299	-1.0978	
5.86	-0.6352	2.7958	1.9869	-1.2373	
5.87	-0.1976	3.0636	1.8072	-1.198	
5.88	0.3393	3.0394	1.6482	-1.1874	
5.89	0.8024	2.7215	1.4701	-1.2892	
5.9	1.2729	2.626	1.1283	-1.3359	
5.91	1.7531	2.6068	0.959	-1.2134	
5.92	2.2572	2.2793	0.8995	-1.1117	
5.93	2.868	2.3655	0.6186	-1.1213	
5.94	3.0007	2.0066	0.471	-1.1291	
5.95	3.0574	2.0254	0.2787	-1.1356	
5.96	2.5524	1.9399	0.1136	-0.9427	
5.97	2.2742	1.5792	-0.0406	-0.9998	
5.98	2.1926	1.4228	-0.1887	-0.7962	
5.99	1.86	1.1735	-0.347	-0.741	
6.0	1.3165	1.0509	-0.4744	-0.6904	
6.01	0.9655	0.7519	-0.5597	-0.5953	
6.02	0.4239	0.6684	-0.7254	-0.4571	
6.03	0.0913	0.4027	-0.7089	-0.3677	
6.04	-0.1819	0.2963	-0.9129	-0.2187	
6.05	-0.347	0.1151	-0.8071	-0.1121	
6.06	-0.4081	-0.0209	-0.9602	0.0366	
6.07	-0.3336	-0.1385	-0.9409	0.1694	
6.08	-0.2029	-0.2633	-0.8841	0.3069	
6.09	0.0223	-0.3399	-0.9926	0.4512	
6.1	0.3181	-0.3733	-1.0115	0.6454	
6.11	0.5566	-0.4063	-0.9563	0.7101	
6.12	0.8829	-0.4489	-0.8889	1.0097	
6.13	1.0964	-0.4557	-0.9296	1.1197	
6.14	1.312	-0.4565	-0.8869	1.1522	
6.15	1.5027	-0.377	-0.7568	1.402	
6.16	1.5423	-0.3655	-0.7086	1.5441	
6.17	1.4981	-0.2768	-0.6959	1.5318	
6.18	1.7395	-0.2022	-0.6628	1.6049	
6.19	1.4617	-0.1224	-0.5173	1.7595	
6.2	1.2535	-0.0424	-0.5032	2.0114	
6.21	1.2386	0.0473	-0.5234	2.2352	
6.22	1.0334	0.1298	-0.4421	2.0863	
6.23	1.0228	0.2047	-0.3798	2.1216	
6.24	0.8514	0.3016	-0.3744	2.3209	
6.25	0.7462	0.3798	-0.3648	2.2034	
6.26	0.791	0.4623	-0.3911	2.4325	
6.27	0.7917	0.5272	-0.4187	2.4124	
6.28	0.9145	0.5497	-0.4084	2.633	
6.29	0.9285	0.5462	-0.4785	2.3098	
6.3	1.0559	0.6098	-0.4807	2.2696	
6.31	0.986	0.6314	-0.5843	2.227	
6.32	1.0077	0.5964	-0.6415	2.527	
6.33	0.9719	0.5672	-0.697	2.375	
6.34	1.0325	0.5111	-0.781	2.0649	
6.35	0.8204	0.4047	-0.8863	2.2386	
6.36	0.6589	0.4041	-0.9235	1.9979	
6.37	0.3613	0.2923	-1.0191	1.789	
6.38	0.1508	0.2183	-1.1548	1.7535	
6.39	-0.0669	0.1404	-1.2132	1.4823	
6.4	-0.2411	0.0647	-1.4014	1.5599	
6.41	-0.3517	-0.0239	-1.7159	1.2842	
6.42	-0.4521	-0.113	-1.6365	1.2523	
6.43	-0.3965	-0.2008	-1.8302	1.0686	
6.44	-0.2624	-0.2471	-2.0216	0.9066	
6.45	-0.0881	-0.3761	-2.1446	0.6902	
6.46	0.182	-0.3659	-2.1841	0.6154	
6.47	0.5113	-0.4905	-2.3107	0.3944	
6.48	0.8826	-0.4877	-2.1459	0.2552	
6.49	1.2493	-0.4671	-2.0647	0.0887	
6.5	1.6357	-0.5642	-2.3446	-0.0701	
6.51	1.71	-0.485	-2.3363	-0.2243	
6.52	2.0692	-0.484	-2.5246	-0.3497	
6.53	2.1851	-0.4642	-2.4837	-0.4741	
6.54	2.114	-0.3921	-2.4943	-0.5689	
6.55	1.8911	-0.3576	-2.13	-0.7519	
6.56	1.4691	-0.3201	-2.3415	-0.7758	
6.57	0.9532	-0.2316	-2.0306	-0.8601	
6.58	0.5442	-0.1263	-2.1495	-0.9851	
6.59	0.0031	-0.0348	-2.022	-1.1333	
6.6	-0.5337	0.0653	-1.7711	-1.2384	
6.61	-1.0375	0.1731	-1.6828	-1.1674	
6.62	-1.289	0.2426	-1.4871	-1.2088	
6.63	-1.806	0.3163	-1.3725	-1.1488	
6.64	-1.9874	0.4061	-1.027	-1.359	
6.65	-1.8272	0.5141	-0.8193	-1.2392	
6.66	-1.7635	0.5333	-0.6806	-1.2052	
6.67	-1.499	0.5753	-0.4701	-1.1229	
6.68	-0.9627	0.6158	-0.2942	-1.1586	
6.69	-0.5722	0.7068	-0.1255	-1.2275	
6.7	-0.0263	0.6965	0.0833	-1.004	
6.71	0.4473	0.5832	0.2699	-0.9762	
6.72	0.9989	0.6143	0.4703	-0.9084	
6.73	1.3297	0.5188	0.599	-0.8264	
6.74	1.6833	0.4019	0.7498	-0.6823	
6.75	1.7455	0.2813	0.8884	-0.6776	
6.76	1.7808	0.1788	1.0276	-0.5052	
6.77	1.5088	0.0093	1.1766	-0.3988	
6.78	1.3496	-0.1674	1.2461	-0.3174	
6.79	1.0495	-0.3642	1.3979	-0.1884	
6.8	0.4914	-0.496	1.557	-0.0773	
6.81	0.0413	-0.7203	1.4933	0.0234	
6.82	-0.5004	-1.067	1.5925	0.1234	
6.83	-0.941	-1.0968	1.7329	0.2347	
6.84	-1.3559	-1.3822	1.6576	0.3527	
6.85	-1.6252	-1.6402	1.6847	0.4072	
6.86	-1.7926	-1.8723	1.4817	0.4719	
6.87	-1.9149	-1.9048	1.5724	0.5933	
6.88	-1.7158	-2.4015	1.5832	0.5845	
6.89	-1.8409	-2.6384	1.6046	0.7367	
6.9	-1.5471	-2.761	1.3532	0.7473	
6.91	-1.193	-2.6023	1.3069	0.699	
6.92	-0.9336	-2.635	1.3875	0.8178	
6.93	-0.5327	-2.7053	1.133	0.8473	
6.94	-0.2757	-2.698	1.1877	0.8989	
6.95	-0.0217	-3.2487	1.0543	0.8641	
6.96	0.149	-2.7893	1.0659	0.8209	
6.97	0.2707	-3.1124	0.8901	0.7163	
6.98	0.2536	-2.7601	0.766	0.7121	
6.99	0.2163	-2.987	0.7534	0.6558	
7.0	0.0922	-2.929	0.7834	0.614	
7.01	-0.0739	-2.3155	0.6438	0.63	
7.02	-0.2795	-2.6034	0.6783	0.5528	
7.03	-0.4249	-2.3689	0.6094	0.4357	
7.04	-0.6648	-2.0093	0.5458	0.3673	
7.05	-0.7435	-1.7612	0.5574	0.2332	
7.06	-0.9313	-1.5065	0.5693	0.1762	
7.07	-0.8784	-1.2571	0.5406	0.0681	
7.08	-0.9179	-1.1383	0.5591	-0.0361	
7.09	-0.8371	-0.8783	0.5929	-0.1316	
7.1	-0.864	-0.5782	0.6327	-0.2528	
7.11	-0.7433	-0.3377	0.7106	-0.3571	
7.12	-0.722	-0.1315	0.8007	-0.4051	
7.13	-0.6477	0.0813	0.891	-0.5374	
7.14	-0.7584	0.2955	1.0154	-0.5923	
7.15	-0.801	0.4707	0.9838	-0.6387	
7.16	-0.8907	0.6525	1.2056	-0.8369	
7.17	-0.9559	0.7068	1.1968	-0.8339	
7.18	-1.208	0.9099	1.4078	-0.8978	
7.19	-1.2113	1.0315	1.342	-1.0967	
7.2	-1.4359	1.0985	1.3977	-1.0117	
7.21	-1.773	1.0583	1.5374	-1.1784	
7.22	-1.9259	1.1942	1.5249	-1.2248	
7.23	-1.9645	1.1796	1.5856	-1.2395	
7.24	-1.8962	1.1281	1.7279	-1.2368	
7.25	-1.56	1.1622	1.7505	-1.2093	
7.26	-1.5605	0.9996	1.807	-1.1017	
7.27	-1.1426	1.0075	1.7634	-1.0968	
7.28	-0.9815	0.9133	1.8201	-1.1486	
7.29	-0.5376	0.7516	1.8109	-1.1238	
7.3	-0.217	0.7243	1.7514	-1.2075	
7.31	0.0788	0.5493	1.5433	-1.1456	
7.32	0.2922	0.5109	1.5788	-1.0089	
7.33	0.5124	0.4233	1.406	-0.936	
7.34	0.5432	0.2805	1.3552	-0.9016	
7.35	0.4401	0.2022	1.2612	-0.8787	
7.36	0.3007	0.1055	1.246	-0.7922	
7.37	0.0082	0.0202	1.0746	-0.7503	
7.38	-0.3697	-0.0445	0.8427	-0.7019	
7.39	-0.8034	-0.0962	0.7636	-0.6238	
7.4	-1.2097	-0.1498	0.5367	-0.5781	
7.41	-1.6901	-0.1808	0.3681	-0.4589	
7.42	-2.3258	-0.1859	0.1647	-0.422	
7.43	-2.7147	-0.1713	-0.0068	-0.3958	
7.44	-2.9804	-0.1661	-0.1981	-0.2981	
7.45	-2.9813	-0.1387	-0.4155	-0.2534	
7.46	-2.9365	-0.0834	-0.5224	-0.1943	
7.47	-2.4947	-0.0228	-0.7885	-0.1655	
7.48	-2.4796	0.0439	-1.022	-0.1319	
7.49	-1.7883	0.123	-1.1548	-0.0894	
7.5	-1.3229	0.1808	-1.3437	-0.0582	
7.51	-0.8251	0.2572	-1.3657	-0.0444	
7.52	-0.3847	0.3713	-1.6296	-0.0265	
7.53	0.1473	0.4136	-1.6254	-0.0165	
7.54	0.5198	0.5601	-1.7722	-0.0161	
7.55	0.9111	0.6659	-1.915	-0.0194	
7.56	0.9806	0.6361	-1.9141	-0.032	
7.57	1.1304	0.8155	-2.1885	-0.0473	
7.58	0.8753	0.7183	-2.162	-0.0713	
7.59	0.6533	0.773	-2.0922	-0.0995	
7.6	0.3303	0.8455	-1.9345	-0.1399	
7.61	-0.1074	0.9474	-1.9685	-0.1575	
7.62	-0.5873	0.8125	-1.9624	-0.2232	
7.63	-1.0731	0.8857	-2.0821	-0.252	
7.64	-1.6455	0.8628	-2.1648	-0.2956	
7.65	-2.0273	0.7752	-2.0144	-0.3452	
7.66	-2.3467	0.7906	-1.8536	-0.3914	
7.67	-2.3153	0.6261	-1.8132	-0.4745	
7.68	-2.3769	0.5727	-1.809	-0.4474	
7.69	-2.2494	0.5593	-1.4527	-0.554	
7.7	-2.1793	0.3938	-1.5527	-0.5173	
7.71	-1.8683	0.3576	-1.2764	-0.6076	
7.72	-1.397	0.258	-1.2825	-0.6186	
7.73	-1.0314	0.1581	-1.1382	-0.5959	
7.74	-0.6238	0.0794	-0.9716	-0.6354	
7.75	-0.2995	0.0138	-0.8172	-0.6818	
7.76	0.0296	-0.0484	-0.8585	-0.6616	
7.77	0.2562	-0.1035	-0.7114	-0.672	
7.78	0.4052	-0.1377	-0.5675	-0.6832	
7.79	0.466	-0.1554	-0.4977	-0.6088	
7.8	0.4688	-0.1904	-0.5051	-0.5636	
7.81	0.379	-0.1538	-0.4449	-0.5322	
7.82	0.2316	-0.1435	-0.3581	-0.4512	
7.83	0.0467	-0.0833	-0.3261	-0.4237	
7.84	-0.1357	-0.0211	-0.3144	-0.306	
7.85	-0.3019	0.0612	-0.3197	-0.2633	
7.86	-0.466	0.1857	-0.3142	-0.1525	
7.87	-0.6076	0.269	-0.32	-0.0411	
7.88	-0.706	0.4226	-0.359	0.0791	
7.89	-0.6597	0.6252	-0.3844	0.2147	
7.9	-0.655	0.736	-0.4186	0.3496	
7.91	-0.5653	0.8778	-0.5297	0.5061	
7.92	-0.4547	1.1342	-0.6263	0.5595	
7.93	-0.3166	1.2989	-0.5978	0.7954	
7.94	-0.2396	1.4982	-0.6338	0.8659	
7.95	-0.1706	1.6449	-0.7437	1.071	
7.96	-0.1333	1.8635	-0.76	1.1687	
7.97	-0.1517	2.0075	-0.8758	1.2393	
7.98	-0.2298	2.0561	-0.9721	1.5803	
7.99	-0.3083	2.0893	-0.91	1.5978	
8.0	-0.4294	2.5111	-1.0207	1.711	
8.01	-0.488	2.6162	-0.9827	2.0126	
8.02	-0.6145	2.7171	-1.0248	1.9491	
8.03	-0.7518	2.5992	-1.0339	2.1763	
8.04	-0.7739	2.5645	-1.2084	2.0793	
8.05	-0.6145	2.7312	-1.1937	2.4335	
8.06	-0.4872	2.7009	-1.1728	2.4524	
8.07	-0.3374	2.4208	-0.9886	2.7501	
8.08	-0.0863	2.3458	-1.0959	2.3588	
8.09	0.2008	2.2105	-0.985	2.8172	
8.1	0.5681	2.3803	-0.8486	2.6619	
8.11	0.7885	1.9929	-0.8224	2.644	
8.12	1.0921	1.9051	-0.6278	2.8532	
8.13	1.3584	1.6045	-0.5136	2.9716	
8.14	1.4754	1.4825	-0.3559	2.8318	
8.15	1.5621	1.1969	-0.2285	2.6512	
8.16	1.7399	0.8956	-0.0898	2.6763	
8.17	1.5767	0.6804	0.0751	2.7738	
8.18	1.1312	0.3956	0.271	2.4113	
8.19	0.9292	0.1318	0.3897	2.3187	
8.2	0.4479	-0.1367	0.6144	2.2668	
8.21	0.0347	-0.3808	0.7231	2.2142	
8.22	-0.4078	-0.5617	1.0387	2.1338	
8.23	-0.8217	-0.7807	1.163	1.7609	
8.24	-1.0026	-1.1368	1.2626	1.657	
8.25	-1.2148	-1.1566	1.586	1.6439	
8.26	-1.2791	-1.3596	1.6868	1.2918	
8.27	-1.3122	-1.4924	1.6899	1.1185	
8.28	-1.0826	-1.6112	1.6797	0.9397	
8.29	-0.8484	-1.6571	2.0398	0.6974	
8.3	-0.3599	-1.853	2.1772	0.6018	
8.31	0.1546	-1.8638	2.1605	0.3722	
8.32	0.7745	-2.0606	2.1013	0.1646	
8.33	1.2533	-2.1153	2.261	-0.0372	
8.34	1.9186	-2.0074	2.4064	-0.2309	
8.35	2.3502	-1.8048	2.4332	-0.4135	
8.36	2.5763	-1.7855	2.536	-0.6134	
8.37	2.8972	-1.8537	2.4227	-0.8406	
8.38	2.8298	-1.5893	2.1427	-1.0371	
8.39	2.5965	-1.4295	2.3688	-1.0482	
8.4	2.1171	-1.4478	2.3382	-1.3345	
8.41	1.8026	-1.1499	2.0088	-1.5431	
8.42	1.4604	-1.0855	2.0161	-1.5103	
8.43	1.0543	-0.9683	2.0181	-1.7386	
8.44	0.4574	-0.7986	1.7481	-1.9707	
8.45	-0.003	-0.6616	1.4655	-1.8182	
8.46	-0.4171	-0.5357	1.4058	-2.1413	
8.47	-0.6691	-0.435	1.4248	-1.9932	
8.48	-0.929	-0.3721	1.2275	-2.2167	
8.49	-0.8731	-0.2482	1.0324	-2.3536	
8.5	-0.8165	-0.1953	0.8367	-2.0577	
8.51	-0.6182	-0.1173	0.818	-2.3042	
8.52	-0.2797	-0.0884	0.5812	-2.4541	
8.53	0.1247	-0.0526	0.489	-2.2864	
8.54	0.5676	-0.045	0.3973	-2.2859	
8.55	0.9612	-0.0553	0.258	-2.1346	
8.56	1.4509	-0.0779	0.184	-2.348	
8.57	1.7785	-0.1206	0.0844	-2.1116	
8.58	2.0555	-0.1574	0.0148	-1.915	
8.59	2.0091	-0.1994	-0.0487	-1.9107	
8.6	1.997	-0.269	-0.0921	-2.0827	
8.61	2.2456	-0.3409	-0.1427	-2.0285	
8.62	1.9425	-0.4079	-0.1491	-1.902	
8.63	1.8581	-0.5355	-0.17	-1.8256	
8.64	1.7014	-0.6081	-0.1613	-1.6317	
8.65	1.2426	-0.7078	-0.1469	-1.5216	
8.66	1.0896	-0.7141	-0.1267	-1.5482	
8.67	0.9573	-0.7712	-0.1159	-1.4085	
8.68	0.7716	-0.8804	-0.0632	-1.1508	
8.69	0.596	-0.8782	-0.022	-1.0621	
8.7	0.5448	-1.0041	0.0314	-0.9907	
8.71	0.5123	-0.8924	0.0962	-0.8926	
8.72	0.5685	-1.0234	0.1346	-0.7944	
8.73	0.6982	-1.0892	0.2216	-0.7258	
8.74	0.6841	-0.9417	0.2557	-0.6338	
8.75	0.8737	-1.0154	0.3286	-0.6132	
8.76	0.8484	-0.9275	0.3575	-0.587	
8.77	0.9741	-0.8431	0.4474	-0.5377	
8.78	0.9853	-0.7573	0.4517	-0.4545	
8.79	1.0333	-0.7279	0.5032	-0.4405	
8.8	0.9292	-0.5935	0.5143	-0.3587	
8.81	0.7111	-0.6175	0.5041	-0.321	
8.82	0.6726	-0.4457	0.5558	-0.3233	
8.83	0.5363	-0.3932	0.4959	-0.313	
8.84	0.4638	-0.2935	0.4558	-0.2931	
8.85	0.4268	-0.2432	0.4468	-0.29	
8.86	0.4441	-0.1385	0.3741	-0.2839	
8.87	0.4943	-0.076	0.33	-0.2536	
8.88	0.5951	-0.0257	0.2224	-0.2939	
8.89	0.7649	0.0156	0.1276	-0.2923	
8.9	1.0058	0.0471	0.0175	-0.3062	
8.91	1.1395	0.0613	-0.1097	-0.3037	
8.92	1.6324	0.0548	-0.2274	-0.3434	
8.93	1.691	0.0331	-0.3478	-0.3078	
8.94	1.8135	-0.0038	-0.4647	-0.3662	
8.95	1.9933	-0.0585	-0.6293	-0.3526	
8.96	1.9827	-0.131	-0.7357	-0.3881	
8.97	2.0303	-0.2315	-0.9336	-0.3532	
8.98	1.7366	-0.3228	-1.0974	-0.3611	
8.99	1.4646	-0.4318	-1.3506	-0.3841	
9.0	1.1761	-0.5488	-1.2823	-0.3538	
9.01	0.7654	-0.6317	-1.6331	-0.3486	
9.02	0.3382	-0.8941	-1.5913	-0.3164	
9.03	-0.0659	-0.9397	-1.672	-0.3022	
9.04	-0.4461	-1.1009	-1.9635	-0.2519	
9.05	-0.7803	-1.1667	-2.0	-0.2308	
9.06	-1.0159	-1.399	-2.0067	-0.1933	
9.07	-1.1843	-1.6693	-2.1109	-0.1263	
9.08	-1.0088	-1.6878	-2.2844	-0.0641	
9.09	-0.9602	-1.7692	-2.1158	-0.0049	
9.1	-0.66	-1.9202	-2.3928	0.0643	
9.11	-0.2411	-1.8445	-2.1013	0.1513	
9.12	0.2153	-1.9537	-2.4684	0.2144	
9.13	0.7816	-2.099	-2.013	0.3332	
9.14	1.2072	-1.9481	-2.3667	0.4269	
9.15	1.6578	-1.8422	-1.9358	0.5123	
9.16	2.2294	-1.946	-2.1292	0.6337	
9.17	2.4136	-1.8289	-1.9235	0.7704	
9.18	2.3286	-1.6104	-1.9963	0.8356	
9.19	2.5765	-1.5404	-1.8522	0.8788	
9.2	2.4132	-1.3663	-1.4183	1.0655	
9.21	1.9038	-1.1667	-1.4283	1.0636	
9.22	1.5105	-0.9915	-1.2717	1.2156	
9.23	1.0606	-0.7834	-1.136	1.3336	
9.24	0.4684	-0.5604	-0.9498	1.5157	
9.25	-0.1174	-0.3382	-0.8549	1.5931	
9.26	-0.6218	-0.0911	-0.6275	1.6724	
9.27	-1.0416	0.1608	-0.4951	1.5725	
9.28	-1.405	0.403	-0.3284	1.6597	
9.29	-1.4461	0.7392	-0.154	1.7545	
9.3	-1.6235	0.8813	-0.0267	1.8183	
9.31	-1.6496	1.109	0.1093	1.9732	
9.32	-1.4922	1.3927	0.2241	1.8552	
9.33	-1.0418	1.523	0.333	1.7775	
9.34	-0.7543	1.983	0.4293	1.7364	
9.35	-0.2482	1.915	0.5655	1.6561	
9.36	0.1624	2.3191	0.5541	1.8014	
9.37	0.5628	2.3346	0.6343	1.8285	
9.38	0.8582	2.463	0.652	1.6199	
9.39	1.1777	2.3711	0.8089	1.5833	
9.4	1.1794	2.6084	0.7478	1.6392	
9.41	1.3211	2.6436	0.8096	1.4283	
9.42	1.1469	2.4162	0.7856	1.4706	
9.43	1.0646	2.5716	0.7774	1.2555	
9.44	0.7517	2.5285	0.7015	1.1928	
9.45	0.5186	2.284	0.7129	1.084	
9.46	0.1969	2.4142	0.5952	0.9835	
9.47	-0.1188	2.222	0.5513	0.8652	
9.48	-0.3863	2.1588	0.5088	0.6813	
9.49	-0.6475	2.0023	0.3872	0.5773	
9.5	-0.8041	1.7446	0.3464	0.4982	
9.51	-0.9883	1.7587	0.2716	0.3558	
9.52	-1.012	1.4038	0.1934	0.1947	
9.53	-0.8937	1.2714	0.1444	0.0574	
9.54	-0.8839	1.1349	0.0961	-0.0755	
9.55	-0.7949	0.8297	0.0376	-0.1932	
9.56	-0.7446	0.7864	-0.0056	-0.3099	
9.57	-0.5657	0.5342	-0.0446	-0.4139	
9.58	-0.5051	0.4343	-0.0724	-0.6021	
9.59	-0.4981	0.3346	-0.0859	-0.6441	
9.6	-0.4764	0.2325	-0.0779	-0.8571	
9.61	-0.5121	0.1153	-0.0722	-0.8427	
9.62	-0.6323	0.0428	-0.0576	-0.9606	
9.63	-0.621	-0.0155	-0.0178	-0.9794	
9.64	-0.7181	-0.0478	0.0313	-1.0953	
9.65	-0.879	-0.0677	0.0944	-1.0905	
9.66	-0.8708	-0.0756	0.1738	-1.0801	
9.67	-0.9588	-0.0567	0.2574	-1.302	
9.68	-0.9583	-0.0303	0.3146	-1.1698	
9.69	-0.859	0.0111	0.4157	-1.1887	
9.7	-0.7165	0.0642	0.526	-1.0914	
9.71	-0.5887	0.1227	0.6511	-1.0943	
9.72	-0.3627	0.2154	0.7481	-1.1806	
9.73	-0.1733	0.2731	1.0003	-1.0848	
9.74	0.0238	0.346	0.9726	-1.0278	
9.75	0.1952	0.4357	1.2554	-0.9136	
9.76	0.3012	0.547	1.1814	-0.9072	
9.77	0.3199	0.5379	1.2957	-0.7721	
9.78	0.2594	0.6709	1.4288	-0.6654	
9.79	0.0821	0.7636	1.6428	-0.5027	
9.8	-0.1692	0.7837	1.5941	-0.4531	
9.81	-0.449	0.8662	1.8803	-0.301	
9.82	-0.8743	0.8581	1.7399	-0.1921	
9.83	-1.1957	0.8203	1.8744	-0.0511	
9.84	-1.5664	0.9064	1.9433	0.0634	
9.85	-1.9615	0.8697	1.8963	0.2061	
9.86	-2.2528	0.7531	1.8455	0.2979	
9.87	-2.313	0.811	1.9652	0.3974	
9.88	-2.7746	0.7345	1.9709	0.511	
9.89	-2.5885	0.6125	2.0112	0.7099	
9.9	-2.4091	0.5673	1.9591	0.8419	
9.91	-2.1459	0.5107	1.9418	0.7974	
9.92	-1.5438	0.3815	1.9016	0.9941	
9.93	-1.184	0.3262	1.5624	1.1133	
9.94	-0.7389	0.2088	1.5839	1.0194	
9.95	-0.2156	0.1368	1.501	1.147	
9.96	0.2099	0.049	1.3615	1.263	
9.97	0.6416	-0.0312	1.1828	1.2998	
9.98	0.918	-0.0958	0.9044	1.3843	
9.99	0.9523	-0.1686	0.7288	1.2051	
10.0	0.8682	-0.2035	0.623	1.3761	
10.01	0.8521	-0.2525	0.4621	1.2566	
10.02	0.4983	-0.2636	0.2849	1.2061	
10.03	0.076	-0.2759	0.1068	1.1644	
10.04	-0.4257	-0.2385	-0.0548	1.2089	
10.05	-0.9078	-0.2193	-0.2057	1.0309	
10.06	-1.6105	-0.1982	-0.4014	1.0258	
10.07	-1.9065	-0.1332	-0.4889	0.9375	
10.08	-2.3335	-0.0681	-0.6798	0.754	
10.09	-2.921	0.0126	-0.7991	0.7338	
10.1	-2.863	0.1013	-0.9316	0.5561	
10.11	-2.7794	0.1944	-1.0385	0.4591	
10.12	-2.7076	0.2928	-1.1787	0.3365	
10.13	-2.5375	0.448	-1.1738	0.2238	
10.14	-2.3522	0.5225	-1.1951	0.0653	
10.15	-1.8043	0.6879	-1.1687	-0.0741	
10.16	-1.2828	0.847	-1.3534	-0.2126	
10.17	-0.7166	0.8722	-1.2893	-0.3819	
10.18	-0.3076	0.9728	-1.3043	-0.4748	
10.19	0.0466	1.1472	-1.3156	-0.6693	
10.2	0.3275	1.0433	-1.3272	-0.7247	
10.21	0.4848	1.1452	-1.1621	-0.8473	
10.22	0.5674	1.1899	-1.0797	-0.9414	
10.23	0.5182	1.1918	-0.961	-1.2063	
10.24	0.3871	1.2005	-0.9674	-1.2648	
10.25	0.1228	1.2486	-0.829	-1.4242	
10.26	-0.1503	1.0566	-0.733	-1.5624	
10.27	-0.4771	1.0016	-0.7312	-1.653	
10.28	-0.7762	1.0021	-0.6562	-1.6773	
10.29	-1.1124	0.7755	-0.5533	-1.7225	
10.3	-1.2288	0.6172	-0.5158	-1.7852	
10.31	-1.5953	0.4386	-0.38	-1.7033	
10.32	-1.6246	0.2547	-0.3291	-1.937	
10.33	-1.471	0.0677	-0.2346	-1.9396	
10.34	-1.6352	-0.1468	-0.1756	-1.8062	
10.35	-1.3842	-0.4101	-0.1383	-1.7206	
10.36	-1.424	-0.5729	-0.1003	-1.7477	
10.37	-1.1857	-0.8522	-0.0802	-1.7448	
10.38	-0.8569	-1.2261	-0.0714	-1.7762	
10.39	-0.729	-1.442	-0.066	-1.697	
10.4	-0.6151	-1.5928	-0.0784	-1.793	
10.41	-0.6194	-1.6573	-0.1024	-1.6936	
10.42	-0.5052	-1.8889	-0.127	-1.5041	
10.43	-0.5181	-2.403	-0.2	-1.507	
10.44	-0.5983	-2.5546	-0.2465	-1.5252	
10.45	-0.5608	-2.545	-0.2983	-1.2694	
10.46	-0.6711	-2.7237	-0.4141	-1.1891	
10.47	-0.6634	-2.7037	-0.4676	-1.2243	
10.48	-0.7096	-2.7568	-0.5622	-0.9567	
10.49	-0.7679	-3.0493	-0.6133	-0.8572	
10.5	-0.596	-2.9657	-0.7935	-0.8688	
10.51	-0.4775	-2.9951	-0.8051	-0.8103	
10.52	-0.367	-3.0331	-0.989	-0.6651	
10.53	-0.1473	-2.8441	-1.1307	-0.6219	
10.54	0.0414	-3.0316	-1.0743	-0.4564	
10.55	0.2617	-2.6673	-1.1565	-0.3583	
10.56	0.3809	-2.559	-1.378	-0.3143	
10.57	0.5866	-2.274	-1.3333	-0.2251	
10.58	0.5698	-2.3474	-1.4578	-0.1659	
10.59	0.6054	-2.0596	-1.6997	-0.0954	
10.6	0.497	-1.6972	-1.7106	-0.039	
10.61	0.2735	-1.4777	-1.7455	0.0107	
10.62	0.0372	-1.4621	-1.717	0.0576	
10.63	-0.2772	-1.0655	-1.7536	0.1	
10.64	-0.5724	-0.8822	-1.6084	0.1286	
10.65	-0.9847	-0.7873	-1.7148	0.1597	
10.66	-1.1551	-0.5157	-1.6422	0.1962	
10.67	-1.535	-0.3603	-1.4331	0.187	
10.68	-1.6778	-0.1709	-1.3107	0.2151	
10.69	-1.7412	-0.008	-1.2381	0.2025	
10.7	-1.7042	0.128	-1.1319	0.2112	
10.71	-1.4606	0.2586	-1.0075	0.2303	
10.72	-0.999	0.3303	-0.9324	0.2153	
10.73	-0.6615	0.4231	-0.8297	0.2054	
10.74	-0.1337	0.5372	-0.6664	0.1961	
10.75	0.3297	0.5993	-0.4632	0.1877	
10.76	0.8576	0.6228	-0.307	0.1713	
10.77	1.2898	0.618	-0.1162	0.1477	
10.78	1.743	0.5313	0.0389	0.1379	
10.79	1.8909	0.5163	0.2191	0.1306	
10.8	1.9907	0.4649	0.3878	0.1521	
10.81	2.1285	0.4188	0.499	0.1461	
10.82	1.9908	0.3693	0.7383	0.1479	
10.83	1.8083	0.2435	0.7677	0.1661	
10.84	1.1744	0.1621	1.0376	0.1771	
10.85	0.8583	0.0803	1.0175	0.1913	
10.86	0.2926	-0.0047	1.1982	0.2088	
10.87	-0.2478	-0.098	1.3901	0.2503	
10.88	-0.68	-0.1744	1.3973	0.2978	
10.89	-1.0382	-0.2317	1.5859	0.322	
10.9	-1.3265	-0.2963	1.3998	0.3946	
10.91	-1.5437	-0.3777	1.7514	0.4637	
10.92	-1.5858	-0.3911	1.6181	0.5249	
10.93	-1.3318	-0.4462	1.6614	0.5547	
10.94	-0.9856	-0.4801	1.668	0.6944	
10.95	-0.6299	-0.4352	1.5296	0.8326	
10.96	-0.2323	-0.4595	1.6601	0.8744	
10.97	0.3042	-0.4323	1.4386	1.03	
10.98	0.8281	-0.401	1.4982	1.0515	
10.99	1.3015	-0.3066	1.4817	1.0842	
11.0	1.6082	-0.2736	1.3093	1.1685	
11.01	1.959	-0.2023	1.2305	1.2719	
11.02	2.0018	-0.1366	1.0778	1.5993	
11.03	2.2754	-0.0458	0.9653	1.5944	
11.04	2.0986	0.0453	0.8809	1.6319	
11.05	2.0204	0.1398	0.8136	1.6925	
11.06	1.7627	0.2394	0.6788	2.0186	
11.07	1.403	0.33	0.5137	1.9005	
11.08	1.2151	0.3712	0.4108	1.887	
11.09	0.8387	0.4201	0.3739	2.2658	
11.1	0.4881	0.497	0.2761	2.3173	
11.11	0.1901	0.5399	0.1693	2.2226	
11.12	-0.0227	0.6321	0.1023	2.2768	
11.13	-0.1326	0.5679	0.0497	2.5922	
11.14	-0.1734	0.7026	0.0016	2.6313	
11.15	-0.1203	0.5825	-0.035	2.3613	
11.16	0.0069	0.5606	-0.0582	2.1951	
11.17	0.1657	0.5385	-0.0733	2.4436	
11.18	0.4136	0.585	-0.0716	2.1728	
11.19	0.6588	0.4944	-0.046	2.3779	
11.2	0.8622	0.3837	-0.0238	2.2396	
11.21	1.0388	0.3524	0.0158	2.2099	
11.22	1.0724	0.2751	0.0707	2.3472	
11.23	1.2081	0.1553	0.1301	2.2836	
11.24	1.1014	0.0631	0.2076	2.1578	
11.25	1.1447	-0.0354	0.2753	1.8348	
11.26	1.0209	-0.1349	0.3542	1.7689	
11.27	0.9675	-0.2385	0.4479	1.6146	
11.28	0.9438	-0.3237	0.5153	1.3252	
11.29	0.9942	-0.3736	0.6444	1.3249	
11.3	0.828	-0.4553	0.6908	1.0719	
11.31	0.8314	-0.5127	0.8552	0.9407	
11.32	0.9212	-0.4745	0.8278	0.7836	
11.33	1.0482	-0.5104	1.0318	0.5701	
11.34	1.1288	-0.4839	0.9145	0.305	
11.35	1.4581	-0.4849	1.0075	0.1242	
11.36	1.5386	-0.4401	1.0271	-0.0747	
11.37	1.6618	-0.3826	1.2509	-0.2517	
11.38	1.7146	-0.3113	1.2234	-0.4938	
11.39	1.9178	-0.1933	1.1832	-0.7423	
11.4	1.6422	-0.0547	1.2567	-0.8175	
11.41	1.6785	0.0894	1.1484	-1.0524	
11.42	1.4313	0.2853	1.1625	-1.1886	
11.43	1.2823	0.4725	1.0556	-1.469	
11.44	0.96	0.5871	1.085	-1.6863	
11.45	0.5937	0.8565	0.8684	-1.7579	
11.46	0.2901	0.9526	0.7909	-1.9045	
11.47	-0.0244	1.2459	0.743	-2.1043	
11.48	-0.2509	1.5931	0.5562	-2.333	
11.49	-0.4276	1.8289	0.4967	-2.4385	
11.5	-0.5	1.911	0.3526	-2.3304	
11.51	-0.3854	2.1118	0.1891	-2.6878	
11.52	-0.267	2.26	0.0475	-2.6033	
11.53	0.0259	2.32	-0.106	-2.4199	
11.54	0.3902	2.7238	-0.2756	-2.4344	
11.55	0.8881	2.7509	-0.3953	-2.6772	
11.56	1.1487	2.517	-0.5481	-2.6192	
11.57	1.5984	2.775	-0.749	-2.42	
11.58	1.954	2.7398	-0.9363	-2.8276	
11.59	2.4835	2.9997	-1.0187	-2.4577	
11.6	2.9281	3.0487	-1.1005	-2.4639	
11.61	2.7031	3.1402	-1.2611	-2.466	
11.62	2.525	2.5435	-1.382	-2.342	
11.63	2.5049	2.9759	-1.3619	-2.4557	
11.64	2.3477	2.5811	-1.4348	-2.0202	
11.65	1.8122	2.3622	-1.7929	-2.1989	
11.66	1.3399	2.4192	-1.6503	-1.9352	
11.67	0.6983	2.2573	-1.7507	-1.7606	
11.68	0.162	2.034	-1.9084	-1.6648	
11.69	-0.3225	1.7258	-1.6519	-1.5579	
11.7	-0.8429	1.4874	-1.9224	-1.3746	
11.71	-1.0901	1.2629	-1.8769	-1.4157	
11.72	-1.2931	0.8794	-1.5298	-1.1123	
11.73	-1.199	0.6042	-1.6499	-0.9394	
11.74	-1.0515	0.4152	-1.7085	-0.8125	
11.75	-0.9269	0.1727	-1.3811	-0.8	
11.76	-0.5588	-0.0438	-1.2882	-0.6377	
11.77	-0.0704	-0.2552	-1.3413	-0.4767	
11.78	0.4627	-0.4204	-1.1045	-0.3519	
11.79	0.8327	-0.6142	-1.1111	-0.2116	
11.8	1.4279	-0.8027	-0.9943	-0.1105	
11.81	1.8448	-0.8996	-0.8315	-0.0041	
11.82	2.022	-1.0502	-0.6993	0.0947	
11.83	2.2852	-1.2699	-0.5447	0.1794	
11.84	2.0598	-1.1845	-0.3841	0.2607	
11.85	2.0012	-1.3182	-0.2806	0.3301	
11.86	1.9967	-1.4036	-0.1669	0.3501	
11.87	1.5799	-1.4404	-0.0618	0.4421	
11.88	1.1603	-1.4302	0.0311	0.4478	
11.89	0.7779	-1.1397	0.1202	0.4761	
11.9	0.3146	-1.2791	0.1884	0.5452	
11.91	-0.0641	-1.0552	0.2552	0.5862	
11.92	-0.4297	-1.0272	0.3414	0.4855	
11.93	-0.6239	-0.9952	0.3143	0.524	
11.94	-0.836	-0.7984	0.3357	0.5523	
11.95	-0.968	-0.7934	0.4038	0.5388	
11.96	-0.8545	-0.6809	0.367	0.4756	
11.97	-0.7101	-0.5072	0.3645	0.4138	
11.98	-0.5781	-0.393	0.3666	0.4198	
11.99	-0.3824	-0.3477	0.295	0.404	
12.0	-0.2077	-0.2291	0.2611	0.3447	
12.01	0.0199	-0.1471	0.196	0.3033	
12.02	0.2114	-0.0742	0.1226	0.2299	
12.03	0.3516	-0.0128	0.0431	0.2044	
12.04	0.4247	0.0332	-0.0435	0.1387	
12.05	0.4741	0.0654	-0.1201	0.1096	
12.06	0.4349	0.0689	-0.209	0.065	
12.07	0.3689	0.0811	-0.2904	0.0279	
12.08	0.2209	0.0591	-0.408	-0.0054	
12.09	0.1327	0.0273	-0.4692	-0.0331	
12.1	0.0174	-0.0131	-0.4805	-0.0525	
12.11	-0.0729	-0.0598	-0.5416	-0.0801	
12.12	-0.136	-0.1231	-0.638	-0.0876	
12.13	-0.1741	-0.1905	-0.776	-0.0868	
12.14	-0.1353	-0.2946	-0.7135	-0.0813	
12.15	-0.0899	-0.3291	-0.7835	-0.0736	
12.16	-0.0059	-0.4022	-0.7583	-0.0678	
12.17	0.082	-0.5697	-0.7452	-0.0443	
12.18	0.1797	-0.6088	-0.8474	-0.0127	
12.19	0.2319	-0.6269	-0.7439	0.0249	
12.2	0.2646	-0.7805	-0.6645	0.0682	
12.21	0.2109	-0.8106	-0.7138	0.1047	
12.22	0.1195	-0.9416	-0.5676	0.1715	
12.23	-0.0458	-0.9768	-0.5397	0.2403	
12.24	-0.2803	-0.9846	-0.4171	0.276	
12.25	-0.4842	-0.8684	-0.3124	0.3577	
12.26	-0.8558	-0.9918	-0.1696	0.435	
12.27	-1.0982	-0.8517	-0.0622	0.5063	
12.28	-1.3359	-0.8456	0.0715	0.5825	
12.29	-1.5772	-0.8523	0.2198	0.576	
12.3	-1.7179	-0.8585	0.335	0.7373	
12.31	-1.9941	-0.6661	0.4891	0.7593	
12.32	-1.688	-0.6926	0.6362	0.8118	
12.33	-1.5946	-0.5478	0.787	0.9268	
12.34	-1.3205	-0.5042	0.8959	0.9005	
12.35	-1.1617	-0.3629	1.0828	1.0351	
12.36	-0.7041	-0.303	1.2236	1.0641	
12.37	-0.2979	-0.2092	1.2627	1.0795	
12.38	0.124	-0.1536	1.3029	1.1121	
12.39	0.5132	-0.0671	1.5984	1.2391	
12.4	0.8054	0.0018	1.5232	1.1483	
12.41	0.9751	0.0598	1.6719	1.0962	
12.42	1.0232	0.092	1.7194	1.088	
12.43	0.95	0.1262	1.8414	1.1395	
12.44	0.8465	0.1373	1.5957	1.2759	
12.45	0.4989	0.1366	1.6329	1.1202	
12.46	0.0454	0.108	1.6594	1.0977	
12.47	-0.4849	0.0598	1.8302	1.0204	
12.48	-1.0353	-0.0011	1.6358	1.0734	
12.49	-1.4459	-0.0787	1.6302	0.9774	
12.5	-2.1906	-0.1848	1.4747	0.8499	
12.51	-2.2322	-0.3106	1.3226	0.8891	
12.52	-2.5499	-0.4592	1.3844	0.7598	
12.53	-3.059	-0.6137	1.2313	0.7471	
12.54	-3.1302	-0.7936	1.1733	0.61	
12.55	-2.8648	-0.8413	1.055	0.4966	
12.56	-2.6508	-0.976	0.8706	0.4202	
12.57	-1.9893	-1.3038	0.7356	0.3138	
12.58	-1.5177	-1.5608	0.5628	0.2251	
12.59	-1.1449	-1.7423	0.3646	0.1214	
12.6	-0.4995	-1.8792	0.288	0.0256	
12.61	-0.0723	-1.9887	0.1172	-0.0681	
12.62	0.3549	-2.0167	-0.0042	-0.1677	
12.63	0.5938	-2.2914	-0.1337	-0.2473	
12.64	0.7468	-2.2501	-0.2456	-0.3192	
12.65	0.897	-2.3555	-0.378	-0.3915	
12.66	0.7416	-2.4271	-0.4607	-0.521	
12.67	0.4983	-2.3101	-0.5669	-0.5186	
12.68	0.1836	-2.7387	-0.5865	-0.5648	
12.69	-0.1954	-2.2574	-0.6834	-0.6861	
12.7	-0.6111	-2.4926	-0.7437	-0.6566	
12.71	-1.1239	-2.5338	-0.7371	-0.6941	
12.72	-1.4385	-2.1585	-0.7213	-0.7122	
12.73	-1.8253	-2.1425	-0.6786	-0.7114	
12.74	-2.04	-2.1971	-0.6957	-0.8026	
12.75	-2.4914	-1.9926	-0.7017	-0.7135	
12.76	-2.3309	-1.7982	-0.6976	-0.6635	
12.77	-2.0743	-1.3668	-0.645	-0.6945	
12.78	-2.0843	-1.1204	-0.589	-0.6578	
12.79	-2.0372	-0.949	-0.4511	-0.594	
12.8	-1.6914	-0.6948	-0.4053	-0.5157	
12.81	-1.2575	-0.4247	-0.2976	-0.4624	
12.82	-1.0383	-0.188	-0.1993	-0.3641	
12.83	-0.7907	0.0937	-0.1162	-0.3058	
12.84	-0.5725	0.3609	-0.0352	-0.1886	
12.85	-0.4843	0.6541	0.0519	-0.0978	
12.86	-0.4063	0.8621	0.1448	0.0079	
12.87	-0.3199	1.1465	0.2122	0.115	
12.88	-0.3828	1.1501	0.3095	0.2291	
12.89	-0.4557	1.4908	0.3867	0.3019	
12.9	-0.5227	1.6403	0.4734	0.4228	
12.91	-0.7257	1.7396	0.4646	0.6069	
12.92	-0.7032	1.7499	0.5647	0.6418	
12.93	-0.8607	2.0742	0.55	0.8252	
12.94	-0.8908	2.0725	0.5536	0.8472	
12.95	-0.8576	2.0896	0.5578	1.033	
12.96	-0.7737	1.9539	0.5522	0.9506	
12.97	-0.7821	1.9231	0.4751	1.1402	
12.98	-0.6816	2.0421	0.5136	1.1029	
12.99	-0.5792	2.1496	0.4074	1.318	
13.0	-0.4974	1.9602	0.3219	1.391	
13.01	-0.4166	1.8906	0.2743	1.2258	
13.02	-0.4193	1.674	0.1971	1.4862	
13.03	-0.3956	1.582	0.0887	1.4131	
13.04	-0.4911	1.5314	-0.0235	1.2813	
13.05	-0.6571	1.2665	-0.1255	1.2766	
13.06	-0.8933	1.1	-0.26	1.2764	
13.07	-1.0186	1.0138	-0.3866	1.3118	
13.08	-1.2647	0.9168	-0.4817	1.3258	
13.09	-1.5936	0.7279	-0.6052	1.2534	
13.1	-1.5828	0.6343	-0.7007	1.1837	
13.11	-1.6686	0.539	-0.8155	0.9034	
13.12	-1.8636	0.3774	-1.033	0.9792	
13.13	-1.8193	0.2987	-1.2178	0.74	
13.14	-1.4671	0.2307	-1.201	0.6667	
13.15	-1.2363	0.1883	-1.4182	0.4901	
13.16	-0.8897	0.1199	-1.4961	0.3725	
13.17	-0.4992	0.0997	-1.3119	0.2464	
13.18	-0.0849	0.0849	-1.6419	0.077	
13.19	0.3535	0.0785	-1.5537	-0.08	
13.2	0.6436	0.101	-1.6119	-0.2564	
13.21	1.0046	0.1308	-1.4673	-0.4376	
13.22	1.3065	0.1882	-1.4795	-0.617	
13.23	1.3231	0.2406	-1.5131	-0.8095	
13.24	1.2622	0.3069	-1.4836	-0.9016	
13.25	1.0992	0.3727	-1.3952	-1.0368	
13.26	0.816	0.4728	-1.4007	-1.2641	
13.27	0.4795	0.5072	-1.3209	-1.4276	
13.28	-0.0034	0.5798	-1.0548	-1.649	
13.29	-0.5103	0.6296	-1.1421	-1.7271	
13.3	-1.0663	0.7274	-0.9528	-1.9507	
13.31	-1.4601	0.8584	-0.8824	-1.7753	
13.32	-1.68	0.8377	-0.6726	-2.0173	
13.33	-1.917	0.9323	-0.568	-2.0862	
13.34	-1.955	0.8947	-0.3733	-2.1034	
13.35	-2.2483	0.9323	-0.2212	-2.5197	
13.36	-1.7578	0.9365	-0.0893	-2.2204	
13.37	-1.6204	1.0617	0.0457	-2.1973	
13.38	-1.1535	0.8734	0.2013	-2.6229	
13.39	-0.5894	0.9797	0.3403	-2.3944	
13.4	-0.0626	0.8571	0.4582	-2.6653	
13.41	0.4666	0.7832	0.5465	-2.6433	
13.42	0.9804	0.8348	0.6447	-2.6464	
13.43	1.4141	0.7274	0.6964	-2.431	
13.44	1.721	0.5821	0.789	-2.4416	
13.45	1.7975	0.5648	0.8892	-2.396	
13.46	2.2064	0.4251	0.9527	-2.2817	
13.47	2.014	0.3414	1.0801	-2.0783	
13.48	1.6816	0.2891	1.0875	-2.0083	
13.49	1.4317	0.1846	1.0685	-2.018	
13.5	1.0946	0.1082	1.0164	-1.9102	
13.51	0.5857	0.0397	0.9216	-1.5184	
13.52	0.1061	-0.0153	0.8816	-1.6706	
13.53	-0.2923	-0.0563	0.8824	-1.3327	
13.54	-0.7037	-0.0975	0.9429	-1.2075	
13.55	-0.9731	-0.112	0.8506	-1.2089	
13.56	-1.1416	-0.1195	0.6762	-1.0815	
13.57	-1.0876	-0.099	0.5682	-0.7685	
13.58	-0.9857	-0.0587	0.5317	-0.6669	
13.59	-0.8402	-0.0096	0.4644	-0.5566	
13.6	-0.5331	0.0612	0.3083	-0.3818	
13.61	-0.2292	0.1495	0.22	-0.2715	
13.62	0.0962	0.2601	0.1315	-0.1318	
13.63	0.454	0.3534	0.02	0.0008	
13.64	0.7582	0.4891	-0.0745	0.1344	
13.65	1.0711	0.5872	-0.1756	0.2662	
13.66	1.1128	0.7466	-0.2468	0.3442	
13.67	1.2469	0.7941	-0.3358	0.4465	
13.68	1.4701	0.9414	-0.414	0.5995	
13.69	1.3676	1.1851	-0.4794	0.6332	
13.7	1.2404	1.1799	-0.5206	0.6985	
13.71	1.1521	1.4145	-0.4703	0.7793	
13.72	1.1141	1.4554	-0.5499	0.8524	
13.73	0.9329	1.5721	-0.4995	0.8803	
13.74	0.8029	1.7991	-0.5157	1.029	
13.75	0.6414	1.7368	-0.4492	1.0583	
13.76	0.6425	1.9102	-0.4671	1.0595	
13.77	0.6214	1.8046	-0.3707	1.0083	
13.78	0.7336	1.8409	-0.3207	1.0197	
13.79	0.81	1.7674	-0.245	1.1	
13.8	0.8006	1.8047	-0.1471	1.048	
13.81	1.0019	1.7335	-0.0646	1.1043	
13.82	1.0799	1.4062	0.0435	1.1471	
13.83	1.087	1.4054	0.1595	1.0789	
13.84	0.9696	1.1755	0.2405	0.9875	
13.85	0.9196	1.1088	0.4	0.9537	
13.86	0.9818	0.7834	0.5394	1.0047	
13.87	0.8495	0.6501	0.5878	1.0101	
13.88	0.5967	0.4203	0.6928	1.0692	
13.89	0.4202	0.1476	0.8812	0.9994	
13.9	0.2438	-0.1139	0.8595	0.919	
13.91	0.1044	-0.3385	0.9986	0.9173	
13.92	0.0032	-0.6492	1.0913	1.0065	
13.93	-0.0227	-0.8561	1.1894	0.8351	
13.94	0.0313	-1.0433	1.272	0.899	
13.95	0.1556	-1.3715	1.3664	0.9415	
13.96	0.4143	-1.7088	1.3545	0.964	
13.97	0.6383	-1.6944	1.3455	0.879	
13.98	1.0585	-1.9912	1.3913	1.0412	
13.99	1.4657	-2.3185	1.4	0.9373	
14.0	1.7549	-2.1364	1.3326	0.9507	
14.01	2.0116	-2.31	1.3318	1.1015	
14.02	2.154	-2.7005	1.1994	1.0166	
14.03	2.3229	-2.6373	1.1715	1.0093	
14.04	2.8518	-2.6311	0.9435	1.1966	
14.05	2.5652	-2.9621	0.9394	1.1063	
14.06	2.5755	-2.8096	0.8542	1.1875	
14.07	1.8982	-2.6208	0.7006	1.2014	
14.08	1.8315	-2.4393	0.5091	1.3479	
14.09	1.2333	-2.6455	0.413	1.4473	
14.1	0.7443	-2.5154	0.253	1.4679	
14.11	0.2085	-2.2005	0.1233	1.5714	
14.12	-0.2331	-2.0376	-0.0192	1.6714	
14.13	-0.5467	-1.8265	-0.1455	1.4693	
14.14	-0.9053	-1.7672	-0.3209	1.5783	
14.15	-0.8853	-1.7147	-0.4078	1.6984	
14.16	-0.9016	-1.4838	-0.5203	1.6638	
14.17	-0.7832	-1.375	-0.7141	1.6719	
14.18	-0.4612	-1.1221	-0.8151	1.8866	
14.19	-0.0576	-0.8812	-0.865	1.7084	
14.2	0.4445	-0.7419	-0.9841	1.6752	
14.21	0.9073	-0.543	-0.9798	1.6826	
14.22	1.6131	-0.4182	-1.2114	1.7491	
14.23	2.0501	-0.2849	-1.2165	1.664	
14.24	2.4762	-0.1703	-1.1697	1.5304	
14.25	2.5557	-0.0698	-1.1184	1.7008	
14.26	2.8095	0.0086	-1.1469	1.5653	
14.27	2.9692	0.0637	-1.1533	1.376	
14.28	2.4671	0.1174	-1.0633	1.3149	
14.29	2.6392	0.1436	-1.0049	1.3018	
14.3	2.1638	0.1314	-1.0349	1.1459	
14.31	1.5891	0.1215	-1.0493	1.1382	
14.32	1.1012	0.106	-0.8426	1.0823	
14.33	0.637	0.0619	-0.7557	0.8936	
14.34	0.1217	0.0118	-0.6889	0.784	
14.35	-0.3063	-0.052	-0.5313	0.6264	
14.36	-0.6258	-0.1229	-0.4836	0.4332	
14.37	-0.7865	-0.1857	-0.3457	0.2397	
14.38	-0.8669	-0.2501	-0.2542	0.0977	
14.39	-0.781	-0.3535	-0.1211	-0.0764	
14.4	-0.5962	-0.4389	-0.0176	-0.2528	
14.41	-0.3795	-0.4712	0.0832	-0.464	
14.42	-0.0682	-0.5859	0.178	-0.6077	
14.43	0.295	-0.656	0.2822	-0.6975	
14.44	0.589	-0.7155	0.3782	-0.9599	
14.45	0.867	-0.6723	0.4862	-1.1665	
14.46	1.2884	-0.6976	0.53	-1.2359	
14.47	1.4785	-0.7301	0.513	-1.3695	
14.48	1.371	-0.7897	0.6331	-1.702	
14.49	1.6557	-0.7598	0.6247	-1.7493	
14.5	1.4254	-0.6633	0.6454	-2.0622	
14.51	1.4035	-0.7034	0.6853	-1.8886	
14.52	1.187	-0.5817	0.5836	-2.2055	
14.53	0.8949	-0.5036	0.6356	-2.1893	
14.54	0.688	-0.508	0.5435	-2.2613	
14.55	0.4859	-0.426	0.4661	-2.6344	
14.56	0.3334	-0.3316	0.415	-2.2577	
14.57	0.2282	-0.2322	0.3524	-2.5076	
14.58	0.1676	-0.1134	0.2394	-2.499	
14.59	0.1225	-0.0323	0.1354	-2.352	
14.6	0.1499	0.0533	0.0379	-2.7	
14.61	0.1643	0.1354	-0.0645	-2.5671	
14.62	0.2164	0.1973	-0.1751	-2.3249	
14.63	0.2681	0.2566	-0.2854	-2.601	
14.64	0.3128	0.2921	-0.3671	-2.6704	
14.65	0.2924	0.3223	-0.4706	-2.2373	
14.66	0.2487	0.4004	-0.5628	-2.4652	
14.67	0.1854	0.3907	-0.7601	-2.1799	
14.68	0.0613	0.3869	-0.7298	-1.9137	
14.69	-0.1054	0.3184	-0.8111	-1.8968	
14.7	-0.2657	0.2869	-0.8553	-1.7083	
14.71	-0.4989	0.2496	-0.9575	-1.8936	
14.72	-0.5694	0.1931	-1.0209	-1.4922	
14.73	-0.7668	0.1085	-1.1802	-1.3178	
14.74	-0.7862	0.0223	-1.1507	-1.3875	
14.75	-0.745	-0.0683	-1.0007	-1.0586	
14.76	-0.6809	-0.1901	-1.0958	-0.9308	
14.77	-0.534	-0.2776	-1.0199	-0.8837	
14.78	-0.2795	-0.3803	-0.9471	-0.5925	
14.79	-0.0281	-0.561	-0.8653	-0.4785	
14.8	0.2684	-0.572	-0.8013	-0.3003	
14.81	0.5766	-0.744	-0.8049	-0.1801	
14.82	0.7719	-0.7651	-0.6746	-0.0234	
14.83	1.0227	-0.8806	-0.6578	0.1287	
14.84	1.1402	-0.9417	-0.4398	0.2668	
14.85	1.2741	-1.0065	-0.3693	0.3745	
14.86	1.139	-0.9711	-0.2398	0.4894	
14.87	0.8883	-1.1034	-0.0988	0.6019	
14.88	0.6248	-1.1208	0.0325	0.7256	
14.89	0.2343	-1.0217	0.1523	0.7263	
14.9	-0.2204	-0.9376	0.2953	0.9225	
14.91	-0.7183	-0.9204	0.4709	0.9046	
14.92	-1.1171	-0.8024	0.5519	1.0705	
14.93	-1.7446	-0.5586	0.6643	1.0581	
14.94	-2.0245	-0.4303	0.8182	0.9943	
14.95	-2.4247	-0.3206	0.9313	1.002	
14.96	-2.2836	-0.1168	0.9474	1.0682	
14.97	-2.433	0.0891	1.1284	1.1643	
14.98	-2.088	0.3032	1.0709	1.0791	
14.99	-1.9898	0.5901	1.0617	0.9981	
15.0	-1.3685	0.8343	1.1031	1.0476	
15.01	-1.112	1.0357	1.0946	0.8535	
15.02	-0.5243	1.1643	1.2668	0.8745	
15.03	-0.0036	1.4509	1.2413	0.806	
15.04	0.4718	1.793	1.2395	0.7991	
15.05	0.7711	1.9197	1.237	0.6339	
15.06	1.0481	2.0091	1.0347	0.5844	
15.07	1.2537	2.5082	0.9977	0.4494	
15.08	1.2397	2.4165	0.9967	0.4032	
15.09	1.2111	2.4843	0.8671	0.292	
15.1	0.7846	2.8218	0.7416	0.2257	
15.11	0.4304	2.7559	0.6803	0.1356	
15.12	-0.063	3.0868	0.5429	0.0546	
15.13	-0.5596	3.0853	0.3612	-0.0313	
15.14	-1.1532	3.1711	0.2838	-0.1142	
15.15	-1.614	3.1608	0.1262	-0.1942	
15.16	-2.0619	2.6571	0.0139	-0.2425	
15.17	-2.4253	3.0212	-0.1029	-0.299	
15.18	-2.428	2.8527	-0.2223	-0.3912	
15.19	-2.7138	2.4405	-0.3136	-0.4284	
15.2	-2.2578	2.2777	-0.4022	-0.4372	
15.21	-2.0989	2.1492	-0.5531	-0.5351	
15.22	-1.8974	2.2779	-0.6226	-0.5407	
15.23	-1.8442	2.0483	-0.7088	-0.5901	
15.24	-1.2599	1.6353	-0.6573	-0.5545	
15.25	-0.9574	1.4475	-0.8438	-0.5858	
15.26	-0.5622	1.3874	-0.8306	-0.5667	
15.27	-0.2412	1.0469	-0.7859	-0.5611	
15.28	-0.0184	0.7746	-0.7332	-0.4725	
15.29	0.1265	0.6195	-0.7663	-0.4437	
15.3	0.1479	0.4179	-0.7277	-0.4394	
15.31	0.1086	0.2456	-0.7734	-0.347	
15.32	-0.0166	0.0449	-0.7243	-0.3063	
15.33	-0.1964	-0.1318	-0.6266	-0.2293	
15.34	-0.4001	-0.2622	-0.5144	-0.1599	
15.35	-0.7018	-0.4157	-0.4703	-0.0755	
15.36	-0.9636	-0.4869	-0.34	0.001	
15.37	-1.1004	-0.5816	-0.2399	0.0802	
15.38	-1.3034	-0.6684	-0.1211	0.1654	
15.39	-1.4393	-0.7145	-0.0086	0.251	
15.4	-1.4614	-0.7279	0.1021	0.3513	
15.41	-1.3851	-0.7665	0.2042	0.4469	
15.42	-1.3909	-0.767	0.3048	0.4815	
15.43	-1.2844	-0.6136	0.4125	0.5367	
15.44	-1.0955	-0.6319	0.5443	0.5982	
15.45	-1.0749	-0.6064	0.6769	0.7201	
15.46	-0.9455	-0.4586	0.6614	0.7075	
15.47	-0.9697	-0.4173	0.8013	0.7596	
15.48	-0.8997	-0.3204	0.8233	0.8889	
15.49	-0.9724	-0.2252	0.8365	0.9344	
15.5	-1.041	-0.1303	1.0158	1.0242	
15.51	-1.2321	-0.0459	0.9844	0.8995	
15.52	-1.2764	0.0339	0.9116	1.0572	
15.53	-1.5928	0.1168	0.8785	1.0917	
15.54	-1.5626	0.1714	0.8686	0.9312	
15.55	-1.6546	0.2146	0.9941	1.0707	
15.56	-1.6805	0.2728	0.8101	1.0822	
15.57	-1.3928	0.3334	0.7481	0.904	
15.58	-1.313	0.3088	0.7493	1.0499	
15.59	-1.1419	0.332	0.5753	0.9042	
15.6	-0.7211	0.3338	0.5034	0.8167	
15.61	-0.4549	0.3207	0.4312	0.8454	
15.62	-0.1859	0.2514	0.3483	0.7606	
15.63	0.0705	0.2143	0.2004	0.7047	
15.64	0.3115	0.1517	0.0786	0.6899	
15.65	0.4286	0.0932	-0.0442	0.6179	
15.66	0.5408	0.0161	-0.1759	0.5171	
15.67	0.4324	-0.0679	-0.3145	0.4828	
15.68	0.2981	-0.1602	-0.4084	0.4021	
15.69	0.0354	-0.2163	-0.5264	0.3191	
15.7	-0.299	-0.3337	-0.6628	0.2767	
15.71	-0.6516	-0.377	-0.7249	0.198	
15.72	-1.033	-0.5062	-0.7879	0.1471	
15.73	-1.4412	-0.509	-0.9988	0.1021	
15.74	-2.0009	-0.6126	-0.9732	0.0434	
15.75	-2.4396	-0.7033	-0.9734	-0.0058	
15.76	-2.1861	-0.7246	-1.1872	-0.0483	
15.77	-2.6813	-0.6887	-0.9992	-0.0853	
15.78	-2.4436	-0.7946	-1.1967	-0.1114	
15.79	-2.0164	-0.7283	-1.1076	-0.1403	
15.8	-2.0501	-0.742	-1.1649	-0.1334	
15.81	-1.5814	-0.7354	-1.0577	-0.1515	
15.82	-0.9326	-0.6011	-1.0287	-0.1568	
15.83	-0.3642	-0.6136	-1.0215	-0.1492	
15.84	0.1557	-0.5179	-0.9452	-0.1308	
15.85	0.6067	-0.459	-0.7522	-0.097	
15.86	1.1265	-0.3598	-0.7175	-0.0585	
15.87	1.2451	-0.2534	-0.6392	-0.0231	
15.88	1.5591	-0.1738	-0.4802	0.0237	
15.89	1.3907	-0.0768	-0.355	0.0809	
15.9	1.2759	0.0163	-0.2479	0.1282	
15.91	1.1627	0.1035	-0.0968	0.1827	
15.92	0.7808	0.1775	0.0194	0.2504	
15.93	0.3071	0.2666	0.1506	0.3101	
15.94	-0.1782	0.3458	0.2488	0.4098	
15.95	-0.7412	0.3549	0.3671	0.4942	
15.96	-1.0833	0.4055	0.4824	0.5889	
15.97	-1.5258	0.4338	0.5446	0.6155	
15.98	-1.8365	0.4039	0.6213	0.707	
15.99	-2.1006	0.376	0.7175	0.814	
16.0	-1.8017	0.3459	0.8017	0.7507	
16.01	-1.8606	0.2804	0.8732	0.7771	
16.02	-1.5992	0.2113	0.8325	0.9958	
16.03	-1.328	0.0925	0.8602	1.0146	
16.04	-0.7926	-0.0352	0.8851	0.9389	
16.05	-0.3859	-0.1746	1.0267	1.0334	
16.06	0.0251	-0.327	1.023	1.0842	
16.07	0.4485	-0.5262	0.9238	1.0557	
16.08	0.8446	-0.6487	0.9268	1.0257	
16.09	1.054	-0.8263	0.8629	0.9758	
16.1	1.2029	-1.0588	0.7774	0.9209	
16.11	1.3879	-1.2609	0.6928	1.0195	
16.12	1.3933	-1.4267	0.5521	0.9862	
16.13	1.1113	-1.6995	0.4144	0.8061	
16.14	0.9771	-2.0737	0.3047	0.727	
16.15	0.7336	-2.164	0.2244	0.677	
16.16	0.4963	-2.3067	0.1022	0.6391	
16.17	0.2851	-2.6027	-0.025	0.5606	
16.18	0.0804	-2.3348	-0.1521	0.4169	
16.19	-0.0853	-2.9011	-0.2374	0.265	
16.2	-0.2133	-3.0	-0.3424	0.1457	
16.21	-0.2268	-2.7847	-0.5291	0.002	
16.22	-0.2542	-2.8528	-0.5963	-0.1427	
16.23	-0.1566	-2.8306	-0.7205	-0.2969	
16.24	-0.0651	-2.7162	-0.7235	-0.4284	
16.25	0.0734	-2.9746	-0.8085	-0.6335	
16.26	0.1898	-2.845	-0.8382	-0.8426	
16.27	0.2937	-2.5477	-0.9982	-0.9289	
16.28	0.4385	-2.5086	-0.949	-1.078	
16.29	0.427	-2.378	-0.9217	-1.1743	
16.3	0.5231	-1.9684	-1.0155	-1.4464	
16.31	0.4384	-1.8075	-0.8888	-1.5634	
16.32	0.4224	-1.7839	-0.9576	-1.672	
16.33	0.3186	-1.4708	-0.9499	-1.9205	
16.34	0.2542	-1.1477	-0.7779	-2.2291	
16.35	0.2179	-0.9356	-0.7009	-2.3148	
16.36	0.185	-0.7087	-0.7279	-2.1083	
16.37	0.209	-0.4758	-0.6655	-2.2143	
16.38	0.2569	-0.2174	-0.5494	-2.3024	
16.39	0.4189	0.0011	-0.4159	-2.4568	
16.4	0.6151	0.2539	-0.3071	-2.8495	
16.41	0.7643	0.4962	-0.1697	-2.6273	
16.42	1.1485	0.6238	-0.0489	-2.9107	
16.43	1.2018	0.8249	0.0629	-2.918	
16.44	1.7038	0.9327	0.1961	-3.0482	
16.45	1.8955	1.1943	0.2759	-2.5536	
16.46	1.8214	1.357	0.4201	-2.6581	
16.47	2.0373	1.3898	0.5413	-2.7266	
16.48	1.8509	1.4433	0.5757	-2.4554	
16.49	1.6852	1.4485	0.7499	-2.7736	
16.5	1.4757	1.4314	0.8562	-2.5036	
16.51	1.131	1.5607	0.8935	-2.4772	
16.52	0.8727	1.4047	0.8754	-2.1346	
16.53	0.4739	1.4063	0.9249	-1.9979	
16.54	0.0671	1.4026	0.9579	-2.1364	
16.55	-0.2784	1.2803	1.0405	-2.091	
16.56	-0.6136	1.097	1.0038	-1.6809	
16.57	-0.8139	1.2068	0.9974	-1.7075	
16.58	-0.8737	0.9784	0.9197	-1.4044	
16.59	-0.7361	0.847	0.8428	-1.2884	
16.6	-0.5122	0.7769	0.8542	-1.0454	
16.61	-0.2392	0.6788	0.7868	-0.8045	
16.62	0.1793	0.6041	0.706	-0.6781	
16.63	0.637	0.4303	0.5176	-0.5016	
16.64	1.2228	0.3714	0.4945	-0.3058	
16.65	1.5587	0.2699	0.3382	-0.122	
16.66	2.1222	0.1777	0.2017	0.0603	
16.67	2.5596	0.1115	0.1129	0.2524	
16.68	2.8819	0.0694	-0.0171	0.389	
16.69	2.8443	0.0397	-0.1423	0.6126	
16.7	3.1092	0.0219	-0.252	0.7786	
16.71	3.0043	0.0165	-0.404	0.9648	
16.72	2.4876	0.0254	-0.5149	1.0386	
16.73	1.9063	0.0494	-0.5472	1.2105	
16.74	1.5982	0.0945	-0.6235	1.2211	
16.75	1.1355	0.1335	-0.8195	1.4144	
16.76	0.5479	0.1839	-0.847	1.5836	
16.77	0.0471	0.2465	-0.8892	1.7163	
16.78	-0.4	0.3723	-0.9635	1.8436	
16.79	-0.7215	0.4286	-0.901	1.7831	
16.8	-0.8621	0.5006	-1.1038	1.7084	
16.81	-0.9391	0.593	-1.0063	1.9933	
16.82	-0.8204	0.7079	-0.9077	1.8832	
16.83	-0.582	0.6745	-0.9169	2.0388	
16.84	-0.2266	0.8765	-0.8761	2.0993	
16.85	0.1863	0.8263	-0.7861	1.8502	
16.86	0.6614	0.8523	-0.7937	1.8239	
16.87	1.1332	0.9611	-0.6812	1.9131	
16.88	1.4208	0.9303	-0.5757	1.8161	
16.89	1.8756	0.9734	-0.5662	1.9904	
16.9	2.1824	0.9302	-0.4454	1.6184	
16.91	2.21	1.0559	-0.2781	1.8283	
16.92	2.4203	1.0059	-0.1772	1.7359	
16.93	2.343	0.9506	-0.0495	1.4803	
16.94	1.9743	0.8091	0.0761	1.6635	
16.95	1.8454	0.7205	0.1819	1.3932	
16.96	1.604	0.7338	0.3008	1.4174	
16.97	1.2193	0.6483	0.4838	1.2863	
16.98	0.9349	0.5425	0.5802	1.1894	
16.99	0.5846	0.4481	0.6433	1.3359	
17.0	0.3815	0.3597	0.7506	1.1503	
17.01	0.2006	0.2835	0.9127	1.1712	
17.02	0.0928	0.1913	0.8909	1.0046	
17.03	0.0596	0.0979	1.0765	0.9029	
17.04	0.0881	0.0277	0.9594	0.9173	
17.05	0.1682	-0.0351	1.103	0.9036	
17.06	0.2835	-0.0814	1.0823	0.8057	
17.07	0.4057	-0.1164	1.0441	0.8385	
17.08	0.5837	-0.1115	1.1293	0.822	
17.09	0.655	-0.1183	1.0041	0.7279	
17.1	0.6716	-0.0907	1.1301	0.8253	
17.11	0.706	-0.0592	1.0513	0.7878	
17.12	0.6971	0.0009	0.8668	0.7504	
17.13	0.671	0.076	0.9001	0.7896	
17.14	0.5439	0.1876	0.7817	0.711	
17.15	0.4438	0.2793	0.7048	0.7171	
17.16	0.4016	0.452	0.5097	0.7805	
17.17	0.2842	0.5255	0.4159	0.724	
17.18	0.2695	0.6901	0.2914	0.7962	
17.19	0.2651	0.9212	0.2102	0.8441	
17.2	0.2928	0.9235	0.0704	0.7946	
17.21	0.4271	1.1812	-0.0426	0.7899	
17.22	0.5852	1.4757	-0.1734	0.8908	
17.23	0.7523	1.6473	-0.284	0.8264	
17.24	0.992	1.7258	-0.3948	0.8484	
17.25	1.1873	1.6563	-0.4847	0.886	
17.26	1.1736	1.979	-0.5321	0.899	
17.27	1.2382	2.1882	-0.6453	0.9443	
17.28	1.4463	2.3787	-0.6991	0.7875	
17.29	1.1861	2.4791	-0.7323	0.7968	
17.3	1.1977	2.3466	-0.8633	0.8334	
17.31	0.8444	2.4277	-0.7795	0.8238	
17.32	0.5538	2.5488	-0.9442	0.822	
17.33	0.1837	2.2979	-0.8795	0.7492	
17.34	-0.2279	2.2885	-0.824	0.6177	
17.35	-0.6519	2.06	-0.8217	0.5969	
17.36	-0.9587	2.2196	-0.7227	0.5692	
17.37	-1.3694	1.9906	-0.7783	0.455	
17.38	-1.5407	1.8811	-0.6511	0.4021	
17.39	-1.4535	1.6574	-0.5501	0.2867	
17.4	-1.6163	1.4673	-0.527	0.171	
