0.01	0.4658	0.6158	0.2227	0.2483	0.4639	
0.02	0.8047	0.9103	0.4655	0.4844	0.9766	
0.03	0.9618	1.1078	0.6335	0.7521	1.0362	
0.04	1.1813	0.7916	0.9388	1.0043	1.2323	
0.05	1.0768	0.3746	1.0863	1.0569	0.9573	
0.06	0.6555	-0.1531	1.3308	1.2133	0.5817	
0.07	0.3106	-0.6344	1.4486	1.321	0.1513	
0.08	-0.0534	-0.7059	1.6255	1.1877	-0.2434	
0.09	-0.3546	-0.5539	1.7881	1.1303	-0.5123	
0.1	-0.5576	-0.0994	1.9325	1.1596	-0.5512	
0.11	-0.6019	0.4834	1.8	1.0516	-0.42	
0.12	-0.4626	1.1619	1.837	0.8929	-0.0536	
0.13	-0.189	1.348	1.9693	0.7149	0.3998	
0.14	0.195	1.4253	1.8061	0.5194	0.9749	
0.15	0.6863	0.9816	1.7575	0.3025	1.3791	
0.16	1.1162	0.5779	1.639	0.1095	1.6361	
0.17	1.46	0.0519	1.5964	-0.0364	1.6367	
0.18	1.5437	-0.2891	1.4728	-0.1703	1.55	
0.19	1.4402	-0.3863	1.4136	-0.2583	1.174	
0.2	1.2445	-0.136	1.2937	-0.2488	0.8338	
0.21	0.9675	0.3575	1.1332	-0.2689	0.3977	
0.22	0.633	1.0198	1.0544	-0.179	0.0543	
0.23	0.2307	1.466	0.9686	-0.0755	-0.0753	
0.24	-0.0584	1.7559	0.7079	0.0851	0.0148	
0.25	-0.2141	1.5672	0.5826	0.2875	0.3163	
0.26	-0.1637	1.412	0.4239	0.4522	0.7761	
0.27	0.0472	0.8025	0.3026	0.7629	1.2165	
0.28	0.4461	0.2253	0.174	0.9772	1.7732	
0.29	0.7971	-0.0705	0.0513	1.3608	2.1556	
0.3	1.1697	-0.0551	-0.0549	1.3622	2.2905	
0.31	1.5589	0.273	-0.1268	1.5755	2.1658	
0.32	2.08	0.9006	-0.1952	1.6916	1.6445	
0.33	1.8194	1.3136	-0.2683	2.1108	1.2571	
0.34	1.8469	1.691	-0.323	2.1815	0.8038	
0.35	1.5054	1.9881	-0.3305	2.1351	0.4859	
0.36	1.3359	2.0272	-0.311	1.9508	0.2443	
0.37	0.7725	1.3912	-0.2968	2.1746	0.2691	
0.38	0.4727	0.8118	-0.2896	1.9544	0.5285	
0.39	0.2359	0.4117	-0.2251	1.6363	0.8843	
0.4	0.196	0.1502	-0.193	1.7236	1.2466	
0.41	0.3051	0.2388	-0.1188	1.2598	1.912	
0.42	0.63	0.5817	-0.0386	1.1422	2.2198	
0.43	0.9766	1.0906	0.0374	0.9922	2.3062	
0.44	1.4583	1.6694	0.1163	0.8527	2.2253	
0.45	1.7201	2.1384	0.1992	0.6684	2.0621	
0.46	2.3693	2.1178	0.2335	0.4844	1.5236	
0.47	2.5384	1.8293	0.3032	0.3802	1.1555	
0.48	2.1631	1.617	0.419	0.3483	0.6253	
0.49	2.1853	0.9215	0.434	0.3383	0.3976	
0.5	1.7659	0.4549	0.4927	0.4363	0.3258	
0.51	1.3331	0.3062	0.5225	0.507	0.5103	
0.52	0.9996	0.5073	0.5138	0.6916	0.7326	
0.53	0.6963	0.8387	0.4826	0.767	1.2636	
0.54	0.4986	1.6533	0.4606	0.9547	1.6486	
0.55	0.5213	2.1802	0.4127	1.3082	2.1739	
0.56	0.6894	2.5442	0.3928	1.3757	2.0396	
0.57	0.971	2.1004	0.2963	1.614	2.371	
0.58	1.4054	2.1211	0.2109	1.9996	2.0953	
0.59	2.0307	1.5783	0.112	2.1289	1.616	
0.6	2.4332	0.9213	0.0076	2.2848	1.0495	
0.61	2.7163	0.4844	-0.105	2.4223	0.6379	
0.62	2.6722	0.4202	-0.2046	2.4036	0.3121	
0.63	2.2878	0.6231	-0.304	2.4741	0.186	
0.64	2.042	1.1542	-0.401	2.3351	0.258	
0.65	1.9553	1.787	-0.5887	2.4486	0.5073	
0.66	1.5041	2.3627	-0.6695	1.9693	0.9461	
0.67	0.9969	2.4951	-0.7453	1.9585	1.4344	
0.68	0.7642	2.2204	-0.8834	1.589	1.7061	
0.69	0.664	1.9593	-0.8362	1.5453	1.9905	
0.7	0.767	1.3126	-0.884	1.2114	2.1286	
0.71	1.0065	0.8076	-0.9353	1.0072	1.7293	
0.72	1.4194	0.505	-1.0536	0.8242	1.4053	
0.73	1.9678	0.4513	-0.9935	0.6429	0.9852	
0.74	2.307	0.838	-0.8673	0.5355	0.4529	
0.75	2.5	1.3265	-0.8872	0.3786	0.0947	
0.76	2.6343	1.9612	-0.7757	0.3143	-0.1205	
0.77	2.9624	2.4876	-0.6747	0.3215	-0.1296	
0.78	2.7871	2.5371	-0.4717	0.3693	0.0699	
0.79	2.0733	2.2256	-0.3294	0.4754	0.4654	
0.8	1.6719	1.6599	-0.17	0.5989	0.9153	
0.81	1.3156	1.223	0.0108	0.7441	1.2532	
0.82	1.03	0.6794	0.2098	0.9917	1.4241	
0.83	0.8477	0.3763	0.4269	1.1277	1.5861	
0.84	0.8262	0.439	0.6756	1.4076	1.5948	
0.85	0.863	0.8162	0.9122	1.5757	1.109	
0.86	1.1902	1.3722	1.1757	1.7947	0.7032	
0.87	1.5568	1.7888	1.3572	1.7511	0.2129	
0.88	2.0627	2.3683	1.5636	1.8205	-0.2171	
0.89	2.5051	2.1788	1.7482	1.981	-0.5045	
0.9	2.7751	2.0587	1.736	2.1142	-0.5947	
0.91	2.5284	1.38	2.2605	2.0144	-0.395	
0.92	2.6735	0.9597	2.1263	1.8331	-0.0867	
0.93	2.4832	0.4494	2.4202	1.7947	0.3277	
0.94	1.9418	0.2473	2.3293	1.7589	0.777	
0.95	1.4936	0.381	2.3359	1.6104	1.0695	
0.96	1.1752	0.8331	2.3897	1.1947	1.2762	
0.97	0.9091	1.4859	2.8188	0.9453	1.2441	
0.98	0.8323	1.7111	2.4817	0.759	0.8646	
0.99	0.77	2.1171	2.4772	0.4898	0.509	
1.0	1.055	2.0486	2.3418	0.2721	-0.0196	
1.01	1.4132	1.5856	2.4066	0.0961	-0.4875	
1.02	1.8102	1.2465	2.308	-0.0558	-0.725	
1.03	2.2209	0.6062	2.1884	-0.1592	-0.8335	
1.04	2.3414	0.1767	1.8636	-0.2271	-0.7896	
1.05	2.5538	0.0634	1.9531	-0.2513	-0.5765	
1.06	2.9509	0.2737	1.6851	-0.1715	-0.1284	
1.07	2.609	0.8285	1.4641	-0.0938	0.3162	
1.08	2.3816	1.3304	1.2676	0.0356	0.6815	
1.09	1.7949	1.6064	1.1258	0.1854	0.8368	
1.1	1.2126	1.8051	0.959	0.3904	0.8807	
1.11	0.9042	1.8307	0.8142	0.615	0.6786	
1.12	0.6693	1.3908	0.6391	0.8069	0.3431	
1.13	0.6514	0.8139	0.4232	0.9889	-0.1366	
1.14	0.8082	0.2512	0.2395	1.212	-0.5579	
1.15	1.0287	-0.0967	0.1069	1.359	-0.8857	
1.16	1.3029	-0.1159	-0.0077	1.3248	-1.1801	
1.17	1.6911	0.1657	-0.1156	1.5082	-1.0903	
1.18	2.0829	0.6654	-0.2214	1.4225	-0.8677	
1.19	2.3714	1.1964	-0.2928	1.3015	-0.428	
1.2	2.6903	1.697	-0.295	1.2754	0.018	
1.21	2.4925	1.6776	-0.3595	1.1622	0.4011	
1.22	2.0597	1.5629	-0.3709	0.9422	0.7446	
1.23	1.7026	0.9324	-0.3445	0.8015	0.8207	
1.24	1.4451	0.3866	-0.2967	0.5415	0.6154	
1.25	0.9827	-0.0944	-0.2457	0.2742	0.3578	
1.26	0.6133	-0.3603	-0.1727	0.0334	-0.0895	
1.27	0.4818	-0.317	-0.1035	-0.1998	-0.57	
1.28	0.4584	0.0626	-0.0166	-0.3985	-0.9632	
1.29	0.663	0.5465	0.0755	-0.626	-1.0436	
1.3	1.0019	1.1481	0.19	-0.6911	-1.128	
1.31	1.3899	1.3931	0.2537	-0.7877	-0.9888	
1.32	1.8473	1.4448	0.4012	-0.8157	-0.5232	
1.33	2.2451	1.1606	0.5032	-0.7741	-0.0706	
1.34	2.2717	0.6553	0.5218	-0.7323	0.3581	
1.35	2.1071	0.0441	0.6069	-0.6757	0.6844	
1.36	2.0363	-0.4502	0.6997	-0.4933	0.9307	
1.37	1.8514	-0.6147	0.7305	-0.3633	0.8671	
1.38	1.3449	-0.4869	0.8076	-0.1397	0.6331	
1.39	0.8869	-0.0282	0.7728	0.0716	0.1866	
1.4	0.5022	0.5034	0.8266	0.2791	-0.2618	
1.41	0.2477	0.9251	0.8144	0.5354	-0.6256	
1.42	0.1461	1.16	0.8725	0.6614	-0.9118	
1.43	0.233	1.2589	0.8059	0.852	-0.9164	
1.44	0.5284	0.8646	0.6618	0.8759	-0.7254	
1.45	0.9473	0.297	0.618	0.9779	-0.4255	
1.46	1.2403	-0.2723	0.5829	1.0275	0.0471	
1.47	1.5716	-0.6954	0.5661	0.9353	0.568	
1.48	2.0872	-0.803	0.4151	0.8312	0.918	
1.49	2.0897	-0.5578	0.3452	0.6728	1.1409	
1.5	2.0044	-0.0806	0.315	0.5758	1.2188	
1.51	1.5154	0.4996	0.2063	0.3151	1.076	
1.52	1.1447	0.9285	0.1491	0.0989	0.6219	
1.53	0.8947	1.1906	0.0651	-0.1098	0.2108	
1.54	0.4105	1.031	0.019	-0.3773	-0.1686	
1.55	0.0463	0.5157	-0.0238	-0.5901	-0.4362	
1.56	-0.1466	-0.0415	-0.0481	-0.6875	-0.5988	
1.57	-0.14	-0.5746	-0.0626	-0.9159	-0.4126	
1.58	0.0187	-0.9934	-0.051	-1.0748	-0.1348	
1.59	0.3154	-0.873	-0.0228	-1.1132	0.3343	
1.6	0.7828	-0.5734	0.0278	-1.0424	0.8992	
1.61	1.0691	-0.0705	0.0937	-1.0615	1.3554	
1.62	1.5092	0.5115	0.197	-0.8417	1.4834	
1.63	1.5835	0.7972	0.2708	-0.7326	1.7659	
1.64	1.5184	0.9674	0.4361	-0.5574	1.6118	
1.65	1.5505	0.732	0.5661	-0.4009	1.3606	
1.66	1.2387	0.3085	0.7456	-0.1821	0.8796	
1.67	0.7716	-0.3033	0.8366	0.0562	0.3827	
1.68	0.2718	-0.7851	1.155	0.2816	0.0818	
1.69	-0.1145	-1.12	1.1774	0.5432	-0.0617	
1.7	-0.3823	-1.0086	1.333	0.7512	0.0008	
1.71	-0.5368	-0.5666	1.739	0.9168	0.2524	
1.72	-0.428	0.002	1.6492	1.0213	0.6824	
1.73	-0.1936	0.5184	2.1316	1.102	1.284	
1.74	0.1587	0.8326	1.9727	1.126	1.8385	
1.75	0.6211	0.9153	2.1313	1.0065	1.9981	
1.76	0.9787	0.6219	2.5882	0.9522	2.3683	
1.77	1.2614	0.1004	2.4856	0.7492	1.9194	
1.78	1.4514	-0.4998	2.5961	0.691	2.045	
1.79	1.1628	-0.9142	2.6051	0.5033	1.4389	
1.8	1.105	-1.0366	3.0489	0.2722	1.1239	
1.81	0.6362	-0.8796	3.0489	0.0659	0.6784	
1.82	0.1944	-0.3925	2.8429	-0.1406	0.4261	
1.83	-0.232	0.1429	3.1532	-0.2861	0.4153	
1.84	-0.5255	0.6764	2.9971	-0.4645	0.6376	
1.85	-0.7875	0.9693	2.9228	-0.6464	1.0461	
1.86	-0.8097	0.8828	2.5917	-0.6014	1.6177	
1.87	-0.6382	0.5046	2.3168	-0.683	1.9751	
1.88	-0.3642	-0.0089	2.5711	-0.7189	2.3766	
1.89	0.0339	-0.5064	2.2675	-0.6255	2.4618	
1.9	0.3978	-0.8864	2.1118	-0.4525	2.7382	
1.91	0.811	-1.0403	1.6735	-0.2924	2.4863	
1.92	1.0347	-0.7918	1.7157	-0.0947	2.0515	
1.93	0.9934	-0.1967	1.5193	0.1346	1.5618	
1.94	0.8445	0.3495	1.1212	0.3819	1.116	
1.95	0.5943	0.799	0.973	0.6113	0.9038	
1.96	0.1637	1.0863	0.7686	0.8556	0.7875	
1.97	-0.2947	0.8773	0.5884	1.0163	0.9943	
1.98	-0.6316	0.5533	0.3475	1.4054	1.3645	
1.99	-0.9714	-0.0547	0.1595	1.5841	1.5905	
2.0	-1.1636	-0.5364	0.0036	1.7089	2.2063	
2.01	-1.0545	-0.8661	-0.1535	1.5477	2.4665	
2.02	-0.7364	-0.8056	-0.2519	1.7792	2.9421	
2.03	-0.4436	-0.4374	-0.3853	1.7551	3.149	
2.04	-0.0451	0.0647	-0.489	1.6456	2.7676	
2.05	0.3627	0.6346	-0.5134	1.5267	2.3131	
2.06	0.5808	1.0492	-0.5431	1.2339	1.9716	
2.07	0.7946	1.2882	-0.5695	1.1133	1.5273	
2.08	0.7472	0.9424	-0.5585	0.8602	1.101	
2.09	0.5124	0.5619	-0.5545	0.666	1.091	
2.1	0.1508	-0.0198	-0.4504	0.5462	1.119	
2.11	-0.2811	-0.5191	-0.4157	0.3452	1.3351	
2.12	-0.7065	-0.7277	-0.3238	0.2617	1.6541	
2.13	-1.1343	-0.5305	-0.1724	0.1437	2.2598	
2.14	-1.2685	-0.1666	-0.0759	0.075	2.5329	
2.15	-1.2323	0.3968	0.0479	0.0706	3.1862	
2.16	-1.2769	0.9703	0.1773	0.1166	2.8142	
2.17	-0.9128	1.2833	0.3431	0.213	2.5653	
2.18	-0.4854	1.2527	0.4515	0.339	2.7574	
2.19	-0.0624	1.1542	0.5451	0.4775	2.1178	
2.2	0.2924	0.6092	0.6807	0.6735	1.6212	
2.21	0.5088	0.0733	0.8677	0.9727	1.1331	
2.22	0.6307	-0.3346	0.9031	1.1145	0.9489	
2.23	0.4821	-0.4442	0.9818	1.4943	1.0256	
2.24	0.1982	-0.2751	1.0422	1.8179	1.2329	
2.25	-0.1876	0.2305	1.1481	2.0295	1.6135	
2.26	-0.627	0.8128	1.3118	2.1152	1.826	
2.27	-1.0219	1.4136	1.1477	2.2048	2.4482	
2.28	-1.2859	1.5189	1.2571	2.5358	2.5094	
2.29	-1.3912	1.7205	1.2792	2.2366	2.9091	
2.3	-1.3596	1.1325	1.2609	2.3689	2.5316	
2.31	-1.2858	0.7977	1.2751	2.3027	2.3165	
2.32	-0.8561	0.2222	1.2468	2.2809	1.9654	
2.33	-0.4001	-0.1317	1.0204	2.3047	1.4261	
2.34	-0.0098	-0.1976	0.9419	2.0396	1.1245	
2.35	0.334	0.1037	0.9573	1.6988	0.7805	
2.36	0.4781	0.6153	0.9036	1.4922	0.6631	
2.37	0.425	1.1301	0.7745	1.438	0.7347	
2.38	0.293	1.8096	0.8113	1.1852	1.001	
2.39	-0.0638	1.7598	0.693	1.1121	1.5277	
2.4	-0.5024	1.7901	0.661	0.8909	2.0089	
2.41	-0.8662	1.3722	0.6025	0.8704	2.4524	
2.42	-1.3577	0.9068	0.5689	0.7305	2.4767	
2.43	-1.4238	0.3492	0.5877	0.6869	2.3202	
2.44	-1.3953	0.0813	0.5302	0.7455	1.9142	
2.45	-1.3592	0.1366	0.625	0.7939	1.7968	
2.46	-1.1911	0.5298	0.6528	1.0781	1.2866	
2.47	-0.6315	0.9567	0.6747	1.0792	0.6667	
2.48	-0.2615	1.5263	0.7742	1.3128	0.3687	
2.49	0.1116	2.0074	0.8246	1.5954	0.1579	
2.5	0.3378	2.3676	0.9778	2.0049	0.2365	
2.51	0.4465	1.9169	1.0971	2.1926	0.4914	
2.52	0.3782	1.4065	1.038	2.1014	0.8942	
2.53	0.1164	1.0692	1.3244	2.685	1.3317	
2.54	-0.2603	0.4929	1.5174	2.7245	1.7286	
2.55	-0.7225	0.3132	1.6874	2.8945	1.7849	
2.56	-1.1124	0.4438	1.8826	2.8049	1.7511	
2.57	-1.2433	0.9042	2.0535	2.6893	1.667	
2.58	-1.5986	1.5708	2.1077	2.6381	1.2239	
2.59	-1.617	2.062	1.939	3.0629	0.8845	
2.6	-1.2799	2.5986	2.3846	2.4253	0.3193	
2.61	-0.9394	2.4293	2.3194	2.2721	-0.0803	
2.62	-0.4573	2.0399	2.4835	2.4563	-0.2887	
2.63	-0.0638	1.7946	2.569	2.0738	-0.3546	
2.64	0.2521	1.064	2.8714	1.9475	-0.1383	
2.65	0.4898	0.7115	2.4774	1.4913	0.2174	
2.66	0.4659	0.608	2.5194	1.4829	0.6947	
2.67	0.3127	0.6974	2.6028	1.2703	1.0877	
2.68	0.018	1.1736	2.716	1.1716	1.4374	
2.69	-0.3684	1.8721	2.4043	1.0068	1.3651	
2.7	-0.7356	2.5518	2.4088	0.8713	1.1474	
2.71	-1.2062	2.447	2.5542	0.8583	1.0235	
2.72	-1.4888	2.5906	2.2846	0.8384	0.4295	
2.73	-1.4956	2.2208	2.0761	0.9713	-0.0302	
2.74	-1.2008	1.8042	1.895	1.1634	-0.4195	
2.75	-1.084	1.2018	1.8486	1.2111	-0.7832	
2.76	-0.6761	0.8721	1.6495	1.4919	-0.7971	
2.77	-0.1897	0.7696	1.3719	1.5757	-0.7252	
2.78	0.1946	1.0431	0.9806	1.9945	-0.3331	
2.79	0.4801	1.6312	0.8895	2.1993	0.0916	
2.8	0.6477	2.2513	0.6104	2.3716	0.5661	
2.81	0.5833	2.6756	0.3585	2.6451	0.9259	
2.82	0.3351	2.6217	0.1879	2.3867	1.0897	
2.83	-0.0507	2.8376	-0.0311	2.8203	0.9108	
2.84	-0.461	2.4028	-0.2067	2.6583	0.71	
2.85	-0.8704	1.7893	-0.4001	2.6532	0.2433	
2.86	-1.1657	1.215	-0.5862	2.5503	-0.2354	
2.87	-1.3978	0.8576	-0.6628	2.602	-0.73	
2.88	-1.3525	0.8331	-0.7936	2.1658	-1.019	
2.89	-1.1342	1.3582	-0.8271	2.24	-1.0115	
2.9	-0.722	1.7749	-0.8711	2.0452	-0.9169	
2.91	-0.3084	2.4747	-0.9827	1.6844	-0.7512	
2.92	0.1091	3.0287	-0.937	1.3495	-0.2698	
2.93	0.4535	2.7408	-0.8852	1.2615	0.1474	
2.94	0.6356	2.8237	-0.8587	1.0113	0.5186	
2.95	0.7915	2.0722	-0.9057	0.7334	0.8261	
2.96	0.5396	1.6071	-0.8093	0.6055	0.7513	
2.97	0.2824	1.0712	-0.5678	0.4687	0.6243	
2.98	-0.1022	0.8072	-0.4783	0.3471	0.2151	
2.99	-0.5606	1.0785	-0.337	0.3396	-0.2449	
3.0	-0.9365	1.3938	-0.1885	0.3711	-0.7254	
3.01	-1.0339	2.073	-0.0379	0.4429	-1.0931	
3.02	-1.1788	2.2828	0.1413	0.4842	-1.3183	
3.03	-1.1058	2.6564	0.308	0.6274	-1.0352	
3.04	-0.7334	2.878	0.4737	0.9006	-0.9619	
3.05	-0.3785	2.5526	0.6561	0.9415	-0.4522	
3.06	0.0314	2.1839	0.7156	1.2551	0.0136	
3.07	0.4103	1.4437	1.0072	1.2688	0.4245	
3.08	0.7088	1.0578	0.9751	1.4491	0.7505	
3.09	0.9314	0.911	1.1576	1.8333	0.8688	
3.1	0.7973	0.9523	1.282	1.6912	0.6457	
3.11	0.5996	1.5043	1.4225	1.9638	0.3896	
3.12	0.2847	1.9264	1.4765	1.7683	-0.0238	
3.13	-0.1354	2.5648	1.5911	1.9806	-0.4458	
3.14	-0.5204	2.5153	1.6062	1.661	-0.8092	
3.15	-0.8388	2.6834	1.5666	1.7297	-1.0327	
3.16	-1.0246	2.4747	1.6214	1.5308	-1.0264	
3.17	-0.9355	1.6604	1.5401	1.2075	-0.8885	
3.18	-0.7767	1.103	1.5656	0.9384	-0.392	
3.19	-0.5119	0.816	1.4363	0.7736	0.0669	
3.2	-0.0678	0.6828	1.3106	0.4734	0.5208	
3.21	0.3685	1.0124	1.3042	0.2158	0.8047	
3.22	0.6712	1.4897	1.273	-0.0078	1.0461	
3.23	0.9376	1.9568	1.1291	-0.2287	1.0299	
3.24	0.9617	2.3408	1.0296	-0.372	0.7687	
3.25	0.9036	2.8613	1.0035	-0.5267	0.3914	
3.26	0.6501	2.3622	0.9498	-0.6412	-0.0662	
3.27	0.2378	2.1148	0.7924	-0.6419	-0.4816	
3.28	-0.1898	1.315	0.8041	-0.6066	-0.7041	
3.29	-0.6003	0.9386	0.6865	-0.4816	-0.6864	
3.3	-0.8679	0.5974	0.7708	-0.4384	-0.582	
3.31	-0.877	0.553	0.7094	-0.2309	-0.2006	
3.32	-0.7849	0.9441	0.7331	-0.0711	0.254	
3.33	-0.545	1.4321	0.7492	0.1117	0.7091	
3.34	-0.1862	1.8748	0.6649	0.3202	1.1704	
3.35	0.2554	2.3144	0.6949	0.4593	1.4754	
3.36	0.6427	2.5343	0.7893	0.6806	1.3788	
3.37	0.9409	1.9035	0.8779	0.7817	1.2837	
3.38	1.041	1.4832	1.0127	0.8748	0.8975	
3.39	1.0876	0.9568	1.0361	0.9589	0.4753	
3.4	0.9642	0.4865	1.0706	0.9813	0.0432	
3.41	0.5162	0.2391	1.3458	0.8133	-0.2458	
3.42	0.123	0.3714	1.2953	0.7395	-0.3486	
3.43	-0.2729	0.7372	1.4957	0.6347	-0.2148	
3.44	-0.6536	1.3498	1.6358	0.4711	0.0785	
3.45	-0.8031	1.8213	1.8364	0.2965	0.4999	
3.46	-0.8166	2.0306	1.7307	0.0349	1.1314	
3.47	-0.679	2.1611	1.6968	-0.2215	1.3533	
3.48	-0.3332	1.6358	1.7718	-0.428	1.8583	
3.49	0.056	1.0384	1.9639	-0.7125	1.9255	
3.5	0.5022	0.5097	2.0371	-0.9083	1.8616	
3.51	0.8558	0.0959	1.9369	-1.1654	1.5315	
3.52	1.104	-0.0547	1.8679	-1.3131	0.8985	
3.53	1.2199	0.1251	1.8765	-1.2948	0.4994	
3.54	1.0388	0.5979	1.8503	-1.5066	0.1852	
3.55	0.7511	1.1111	1.6475	-1.5172	0.0296	
3.56	0.3939	1.6455	1.5043	-1.4394	0.0823	
3.57	-0.04	1.9539	1.5188	-1.3828	0.344	
3.58	-0.4294	1.7842	1.3381	-1.2261	0.6884	
3.59	-0.6725	1.3021	1.146	-1.0454	1.2074	
3.6	-0.8149	0.6598	0.9905	-0.7213	1.6576	
3.61	-0.8077	0.0892	0.8694	-0.5679	1.8527	
3.62	-0.5079	-0.2811	0.6716	-0.3818	2.321	
3.63	-0.1571	-0.4041	0.4214	-0.1614	1.8906	
3.64	0.2759	-0.1177	0.2009	0.0193	1.699	
3.65	0.5956	0.3861	-0.0128	0.1687	1.3975	
3.66	0.9631	0.9289	-0.2189	0.2476	0.9111	
3.67	1.2391	1.4143	-0.4344	0.3215	0.5054	
3.68	1.0994	1.5323	-0.5659	0.3803	0.2786	
3.69	0.9884	1.3033	-0.7299	0.2997	0.2626	
3.7	0.5673	0.8382	-1.0389	0.2378	0.4624	
3.71	0.1731	0.1819	-1.0248	0.0935	0.9117	
3.72	-0.2668	-0.3856	-1.1527	-0.0651	1.3646	
3.73	-0.649	-0.6589	-1.2203	-0.2869	1.631	
3.74	-0.7637	-0.7276	-1.5052	-0.4451	2.2762	
3.75	-0.9297	-0.3597	-1.5939	-0.7821	2.4461	
3.76	-0.7657	0.1761	-1.4325	-1.0215	2.0759	
3.77	-0.4354	0.681	-1.4758	-1.1876	2.0825	
3.78	-0.051	1.055	-1.5548	-1.3193	1.7197	
3.79	0.3992	0.9972	-1.3591	-1.5989	1.0729	
3.8	0.8101	0.7473	-1.1654	-1.7602	0.6493	
3.81	1.0256	0.281	-1.2202	-1.6347	0.4084	
3.82	1.1292	-0.303	-1.032	-1.8233	0.2645	
3.83	0.9671	-0.767	-0.8463	-1.7474	0.4106	
3.84	0.6842	-0.9588	-0.6829	-1.6153	0.6909	
3.85	0.2973	-0.837	-0.5871	-1.3247	1.1731	
3.86	-0.1328	-0.5855	-0.3931	-1.1982	1.7331	
3.87	-0.5563	0.0022	-0.168	-1.0781	1.9606	
3.88	-0.8277	0.5003	0.0388	-0.8415	2.3438	
3.89	-1.0695	0.7593	0.2499	-0.6152	2.1171	
3.9	-1.0318	0.776	0.4145	-0.3993	1.9969	
3.91	-0.7422	0.3928	0.638	-0.2124	1.5477	
3.92	-0.4462	-0.1504	0.771	-0.0029	1.2307	
3.93	0.0007	-0.6906	1.026	0.149	0.7017	
3.94	0.3731	-1.1944	1.066	0.3059	0.301	
3.95	0.712	-1.3661	1.3686	0.36	0.092	
3.96	0.8959	-1.171	1.2356	0.4122	0.1338	
3.97	0.9173	-0.6809	1.3399	0.3198	0.3455	
3.98	0.7647	-0.1139	1.6396	0.2584	0.7889	
3.99	0.3936	0.3257	1.6383	0.167	1.2064	
4.0	-0.056	0.5108	1.5364	0.0046	1.5388	
4.01	-0.5391	0.4767	1.5795	-0.1637	1.6832	
4.02	-0.7872	0.0419	1.6274	-0.3967	1.9326	
4.03	-1.041	-0.5248	1.6182	-0.5905	1.7799	
4.04	-1.1781	-0.9993	1.5798	-0.8447	1.404	
4.05	-0.9691	-1.4943	1.3643	-0.9672	0.8189	
4.06	-0.7525	-1.4317	1.2642	-1.0603	0.4073	
4.07	-0.4479	-1.3584	1.1386	-1.3342	-0.0304	
4.08	-0.0104	-0.794	1.0723	-1.4706	-0.2884	
4.09	0.3813	-0.1997	0.9285	-1.3238	-0.3291	
4.1	0.5547	0.2537	0.8414	-1.4968	-0.1822	
4.11	0.7081	0.3671	0.7609	-1.2409	0.1605	
4.12	0.5652	0.2079	0.6438	-1.1369	0.5849	
4.13	0.3445	-0.2795	0.6455	-1.0148	0.9666	
4.14	-0.0388	-0.7917	0.5033	-0.9177	1.3933	
4.15	-0.5186	-1.3288	0.4166	-0.6397	1.4094	
4.16	-0.958	-1.6414	0.3696	-0.429	1.1956	
4.17	-1.157	-1.7604	0.2823	-0.1658	0.9044	
4.18	-1.3265	-1.2541	0.2558	0.0796	0.4969	
4.19	-1.381	-0.7105	0.219	0.2924	-0.0077	
4.2	-1.1423	-0.1989	0.2177	0.5389	-0.4723	
4.21	-0.802	0.1839	0.2031	0.625	-0.806	
4.22	-0.4401	0.2676	0.1981	0.8603	-0.9267	
4.23	-0.08	-0.0127	0.2292	0.8305	-0.7739	
4.24	0.2581	-0.5077	0.2647	0.8173	-0.5596	
4.25	0.4191	-1.1767	0.3379	0.7813	-0.1108	
4.26	0.4135	-1.6362	0.4334	0.7096	0.2966	
4.27	0.2521	-1.9164	0.4634	0.6049	0.6083	
4.28	-0.0639	-1.6095	0.5061	0.5354	0.8582	
4.29	-0.5106	-1.1904	0.6642	0.3595	0.7102	
4.3	-0.936	-0.6168	0.6411	0.1345	0.4491	
4.31	-1.4169	-0.1119	0.6932	-0.0704	0.0645	
4.32	-1.6158	0.1754	0.8766	-0.2535	-0.4305	
4.33	-1.7107	0.1765	0.859	-0.4477	-1.0126	
4.34	-1.599	-0.1416	0.8074	-0.6399	-1.3743	
4.35	-1.2442	-0.7409	0.9107	-0.7649	-1.4076	
4.36	-1.0595	-1.1288	0.9862	-0.8601	-1.4477	
4.37	-0.5591	-1.5418	0.8982	-0.7696	-1.0736	
4.38	-0.1983	-1.8491	0.9618	-0.7515	-0.8343	
4.39	0.081	-1.5593	0.7968	-0.763	-0.3621	
4.4	0.1903	-0.9731	0.7148	-0.5897	0.0017	
4.41	0.1194	-0.4355	0.7087	-0.4714	0.2198	
4.42	-0.1437	0.0095	0.542	-0.2318	0.2508	
4.43	-0.4775	0.2519	0.4583	-0.0166	0.0415	
4.44	-0.9331	0.1597	0.3066	0.2226	-0.3276	
4.45	-1.3998	-0.2508	0.1644	0.4715	-0.7556	
4.46	-1.8033	-0.8506	0.0151	0.728	-1.4444	
4.47	-2.0317	-1.4069	-0.144	0.9151	-1.6059	
4.48	-1.8815	-1.7469	-0.3378	1.0679	-1.8894	
4.49	-1.9229	-1.5861	-0.5388	1.1898	-1.831	
4.5	-1.3232	-1.3412	-0.7073	1.4846	-1.6902	
4.51	-1.0155	-0.8684	-0.8117	1.4146	-1.3396	
4.52	-0.6534	-0.2632	-1.1709	1.5484	-0.8638	
4.53	-0.3154	0.2067	-1.2471	1.4029	-0.5013	
4.54	-0.0871	0.3845	-1.3232	1.3625	-0.228	
4.55	-0.0688	0.169	-1.4846	1.0294	-0.1406	
4.56	-0.2382	-0.2595	-1.7949	1.0507	-0.2773	
4.57	-0.5735	-0.7968	-1.7077	0.8124	-0.5603	
4.58	-0.8549	-1.1852	-1.8114	0.6067	-0.9715	
4.59	-1.2554	-1.6899	-1.7805	0.347	-1.6057	
4.6	-1.9479	-1.3985	-1.9104	0.1184	-2.0445	
4.61	-2.1019	-1.0163	-1.8969	-0.0564	-2.1967	
4.62	-2.2368	-0.5637	-2.0146	-0.2125	-2.1193	
4.63	-2.1889	0.0254	-1.7167	-0.3437	-2.0948	
4.64	-1.9521	0.4099	-1.9657	-0.4545	-1.8165	
4.65	-1.3906	0.4707	-1.8474	-0.493	-1.2673	
4.66	-1.1633	0.2323	-1.5796	-0.4482	-0.9147	
4.67	-0.7349	-0.2458	-1.46	-0.3302	-0.5046	
4.68	-0.4103	-0.8612	-1.3583	-0.2333	-0.3333	
4.69	-0.2851	-1.3262	-1.1649	-0.0976	-0.379	
4.7	-0.3324	-1.4452	-0.9007	0.1046	-0.6681	
4.71	-0.5521	-1.3534	-0.7005	0.3044	-1.0536	
4.72	-0.9168	-0.722	-0.4563	0.5316	-1.5726	
4.73	-1.2179	-0.2003	-0.2434	0.8231	-2.0654	
4.74	-1.8158	0.3693	-0.0412	0.8898	-2.2519	
4.75	-2.0994	0.6294	0.162	1.163	-2.2879	
4.76	-2.1883	0.5984	0.3671	1.3366	-2.3292	
4.77	-2.3305	0.3072	0.5634	1.3867	-1.9654	
4.78	-2.2408	-0.1846	0.6839	1.5647	-1.5789	
4.79	-1.7169	-0.731	0.9912	1.4314	-0.9362	
4.8	-1.494	-1.1722	1.0384	1.4831	-0.5494	
4.81	-1.059	-1.1124	1.1331	1.3631	-0.3066	
4.82	-0.6436	-0.9923	1.251	1.3	-0.3165	
4.83	-0.5136	-0.4682	1.2507	1.1333	-0.4649	
4.84	-0.4406	0.1507	1.5349	0.9991	-0.7696	
4.85	-0.5135	0.7081	1.571	0.7397	-1.3223	
4.86	-0.8002	0.8132	1.5867	0.4657	-1.5703	
4.87	-1.1251	0.8066	1.3175	0.2371	-2.1771	
4.88	-1.7574	0.4006	1.2788	-0.0058	-2.2235	
4.89	-2.0419	-0.1069	1.33	-0.2223	-1.9604	
4.9	-2.3522	-0.6971	1.3382	-0.3847	-1.9143	
4.91	-2.5847	-1.0444	1.0233	-0.4854	-1.4368	
4.92	-2.4345	-1.0393	0.9951	-0.6051	-0.912	
4.93	-2.2404	-0.6079	0.8191	-0.6777	-0.4174	
4.94	-1.7093	-0.0879	0.717	-0.685	-0.1436	
4.95	-1.4956	0.4666	0.5416	-0.6215	-0.0328	
4.96	-0.99	0.9566	0.422	-0.4539	-0.1474	
4.97	-0.7113	1.0429	0.266	-0.3593	-0.4685	
4.98	-0.4775	0.8954	0.1315	-0.1684	-0.8837	
4.99	-0.4737	0.5237	-0.0075	0.0155	-1.3818	
5.0	-0.7681	-0.06	-0.1492	0.2037	-1.5921	
5.01	-1.1599	-0.4963	-0.2537	0.4046	-1.7477	
5.02	-1.5943	-0.8465	-0.3466	0.5599	-1.9271	
5.03	-2.0791	-0.7506	-0.5211	0.706	-1.5133	
5.04	-2.2636	-0.3149	-0.5652	0.9135	-1.2792	
5.05	-2.2365	0.2259	-0.6535	1.077	-0.7049	
5.06	-2.5509	0.8645	-0.6192	0.9395	-0.1912	
5.07	-2.2798	1.2857	-0.6733	0.9127	0.1666	
5.08	-2.1415	1.2703	-0.7085	0.9762	0.3342	
5.09	-1.4852	0.9854	-0.6627	0.9222	0.305	
5.1	-1.2682	0.5576	-0.6639	0.6402	0.0583	
5.11	-0.8677	-0.0398	-0.6211	0.5358	-0.3105	
5.12	-0.599	-0.4498	-0.6397	0.2579	-0.8387	
5.13	-0.4301	-0.6796	-0.5998	0.0148	-1.102	
5.14	-0.5223	-0.4476	-0.5524	-0.2253	-1.2999	
5.15	-0.7957	-0.0406	-0.4823	-0.494	-1.3577	
5.16	-1.1367	0.5519	-0.4005	-0.6985	-1.2368	
5.17	-1.5256	1.1301	-0.3495	-0.9063	-0.8832	
5.18	-2.1374	1.2681	-0.2968	-1.1414	-0.4497	
5.19	-2.4386	1.4866	-0.253	-1.3644	0.0744	
5.2	-2.5406	1.0115	-0.211	-1.32	0.505	
5.21	-2.136	0.5296	-0.178	-1.4976	0.7533	
5.22	-1.8974	-0.0552	-0.1583	-1.3743	0.7724	
5.23	-1.7605	-0.418	-0.1462	-1.4664	0.504	
5.24	-1.3989	-0.5673	-0.147	-1.3813	0.1833	
5.25	-0.8848	-0.2776	-0.1924	-1.1754	-0.2735	
5.26	-0.559	0.1753	-0.2432	-1.03	-0.6847	
5.27	-0.347	0.7067	-0.3172	-0.795	-0.998	
5.28	-0.3477	1.3444	-0.397	-0.5308	-1.0351	
5.29	-0.545	1.5669	-0.4434	-0.365	-0.8727	
5.3	-0.8248	1.4655	-0.5867	-0.2149	-0.671	
5.31	-1.2978	0.9933	-0.7072	-0.0722	-0.2301	
5.32	-1.7401	0.4264	-0.7717	0.0321	0.2834	
5.33	-2.0225	-0.1425	-1.0189	0.0985	0.6769	
5.34	-2.2043	-0.4509	-1.0571	0.1312	1.0246	
5.35	-2.2741	-0.516	-1.3031	0.0972	1.0449	
5.36	-2.04	-0.1618	-1.3215	0.019	0.8194	
5.37	-1.9267	0.3744	-1.4583	-0.1071	0.5935	
5.38	-1.4596	0.8801	-1.5758	-0.2668	0.1497	
5.39	-0.8648	1.345	-1.8205	-0.4612	-0.3341	
5.4	-0.4983	1.5073	-2.0345	-0.6625	-0.6185	
5.41	-0.1988	1.2808	-2.1996	-0.9895	-0.8669	
5.42	-0.0998	0.7671	-2.1811	-1.2874	-0.7886	
5.43	-0.1405	0.2393	-2.109	-1.4922	-0.6203	
5.44	-0.3877	-0.2562	-2.1986	-1.6419	-0.1718	
5.45	-0.6873	-0.5338	-2.2273	-1.9593	0.3063	
5.46	-1.1429	-0.4552	-2.1625	-2.0233	0.7935	
5.47	-1.4536	-0.0904	-2.2762	-2.0861	1.0324	
5.48	-1.7923	0.4968	-2.1215	-2.2802	1.1057	
5.49	-2.0351	0.9932	-1.89	-2.1236	1.1537	
5.5	-2.0224	1.3901	-2.0224	-2.4366	0.8241	
5.51	-1.4968	1.4201	-1.8111	-2.3319	0.3488	
5.52	-1.2284	1.1818	-1.7994	-2.0039	-0.1117	
5.53	-0.8428	0.5653	-1.338	-2.0793	-0.5257	
5.54	-0.3682	-0.0063	-1.2592	-1.6935	-0.7266	
5.55	-0.0313	-0.464	-1.1672	-1.634	-0.8328	
5.56	0.1853	-0.612	-0.8986	-1.4352	-0.7137	
5.57	0.2464	-0.4861	-0.7165	-1.2595	-0.3095	
5.58	0.1004	-0.0924	-0.4308	-1.1421	0.1214	
5.59	-0.2014	0.4586	-0.2502	-0.9468	0.5469	
5.6	-0.5909	0.9917	-0.036	-0.74	0.9623	
5.61	-0.9613	1.1928	0.1553	-0.7127	1.0597	
5.62	-1.3472	1.1751	0.3493	-0.6649	0.9612	
5.63	-1.6199	0.7953	0.5311	-0.7744	0.7258	
5.64	-1.4958	0.2496	0.7266	-0.7515	0.3571	
5.65	-1.3244	-0.3155	0.8839	-0.8667	-0.1556	
5.66	-1.0692	-0.7881	0.9123	-1.0021	-0.633	
5.67	-0.6945	-0.8126	1.1796	-1.2021	-1.0067	
5.68	-0.233	-0.5659	1.1474	-1.4559	-1.0435	
5.69	0.1731	-0.1527	1.1171	-1.914	-1.0009	
5.7	0.4718	0.3984	1.1343	-2.1401	-0.7382	
5.71	0.5707	0.8239	1.1058	-2.4273	-0.2685	
5.72	0.5911	1.119	1.1093	-2.3236	0.1525	
5.73	0.4142	0.8963	1.1242	-2.7385	0.5402	
5.74	0.055	0.476	1.0178	-2.9342	0.7915	
5.75	-0.3794	-0.1247	0.9106	-3.1217	0.6677	
5.76	-0.6619	-0.6617	0.7741	-2.7095	0.4967	
5.77	-1.0013	-1.0679	0.6606	-3.027	0.107	
5.78	-1.0896	-1.0672	0.5028	-2.7675	-0.3467	
5.79	-1.1398	-0.8272	0.2932	-2.9935	-0.8657	
5.8	-0.878	-0.2478	0.1459	-2.7975	-1.3444	
5.81	-0.4677	0.3051	-0.0438	-2.3754	-1.3747	
5.82	-0.0663	0.6102	-0.2469	-2.0474	-1.3952	
5.83	0.4029	0.7571	-0.3809	-2.2033	-1.1462	
5.84	0.8174	0.5021	-0.5631	-1.8146	-0.8053	
5.85	0.9603	0.0613	-0.7302	-1.6947	-0.4266	
5.86	1.137	-0.5434	-0.8994	-1.2995	-0.0079	
5.87	0.9056	-1.133	-1.1656	-1.1548	0.2275	
5.88	0.7585	-1.3445	-1.1714	-1.0639	0.3093	
5.89	0.2936	-1.379	-1.2576	-1.0286	0.1164	
5.9	-0.0752	-0.9903	-1.4312	-0.9258	-0.2219	
5.91	-0.4297	-0.4205	-1.6176	-0.902	-0.7488	
5.92	-0.6082	0.1151	-1.5573	-0.9465	-1.2659	
5.93	-0.6494	0.4552	-1.5268	-1.1323	-1.6787	
5.94	-0.5221	0.4854	-1.5963	-1.2526	-1.7559	
5.95	-0.3059	0.1317	-1.6945	-1.3673	-1.8917	
5.96	0.1443	-0.4129	-1.5624	-1.6768	-1.8384	
5.97	0.5352	-1.0842	-1.6008	-1.8251	-1.4984	
5.98	0.9994	-1.347	-1.4579	-2.0075	-1.0508	
5.99	1.4241	-1.5276	-1.5766	-2.4171	-0.5864	
6.0	1.5542	-1.6777	-1.4497	-2.7084	-0.3258	
6.01	1.5205	-1.0709	-1.2848	-2.6864	-0.1998	
6.02	1.1982	-0.5302	-1.2823	-2.74	-0.3302	
6.03	1.0787	-0.1031	-1.1419	-2.8208	-0.6714	
6.04	0.5492	0.1409	-1.2819	-2.9044	-1.186	
6.05	0.1953	0.081	-1.2201	-2.739	-1.4477	
6.06	-0.0898	-0.2815	-1.0979	-2.6153	-2.0603	
6.07	-0.2585	-0.8489	-1.071	-2.3698	-2.156	
6.08	-0.2275	-1.5017	-1.0255	-2.2813	-2.2567	
6.09	-0.0104	-1.8991	-0.9793	-2.3129	-2.3079	
6.1	0.3443	-2.0049	-0.9192	-2.0897	-1.9329	
6.11	0.8057	-1.669	-0.8495	-1.7782	-1.6919	
6.12	1.1289	-1.3095	-0.9044	-1.5698	-1.1759	
6.13	1.669	-0.702	-0.9413	-1.1691	-0.8645	
6.14	1.802	-0.2996	-0.9603	-1.1125	-0.7402	
6.15	1.8558	-0.1622	-0.8897	-0.8935	-0.7393	
6.16	2.0408	-0.3275	-1.0695	-0.6482	-0.8739	
6.17	1.5834	-0.7026	-1.1918	-0.5902	-1.5047	
6.18	1.2607	-1.2144	-1.1635	-0.537	-1.7091	
6.19	0.8558	-2.0058	-1.2451	-0.5591	-2.1559	
6.2	0.4527	-2.0622	-1.3761	-0.6288	-2.8543	
6.21	0.2209	-2.0945	-1.4484	-0.6607	-2.9019	
6.22	0.1795	-2.129	-1.6223	-0.7922	-3.0108	
6.23	0.2892	-1.5285	-1.5343	-1.0665	-2.737	
6.24	0.5796	-0.9826	-1.9245	-1.244	-2.0686	
6.25	0.9115	-0.4917	-1.7553	-1.4531	-1.6763	
6.26	1.4727	-0.4619	-1.8027	-1.5261	-1.2971	
6.27	1.9168	-0.743	-1.9884	-1.7878	-1.0002	
6.28	2.1441	-1.0994	-1.8603	-2.0079	-0.9491	
6.29	2.3097	-1.7393	-2.0292	-2.089	-1.2159	
6.3	2.2566	-2.3122	-2.1245	-2.2164	-1.4755	
6.31	2.304	-2.6616	-2.0627	-2.1893	-1.8975	
6.32	1.6798	-2.316	-1.9185	-2.054	-2.5659	
6.33	1.5056	-2.0604	-1.9414	-2.2511	-2.8191	
6.34	1.1123	-1.7067	-1.8673	-1.9229	-3.0563	
6.35	0.6525	-1.0434	-1.969	-1.656	-3.0407	
6.36	0.5847	-0.6721	-1.8505	-1.781	-2.9307	
6.37	0.5826	-0.6494	-1.681	-1.4894	-2.4419	
6.38	0.7144	-1.0949	-1.4801	-1.2396	-1.6918	
6.39	1.1002	-1.448	-1.3539	-0.8297	-1.462	
6.4	1.3852	-2.293	-1.0882	-0.6475	-1.1483	
6.41	1.8208	-2.849	-0.823	-0.4453	-1.0814	
6.42	2.3804	-2.9188	-0.7561	-0.1843	-1.0481	
6.43	2.7487	-2.7962	-0.4933	-0.0121	-1.4715	
6.44	2.5796	-2.2126	-0.2777	0.1166	-1.8367	
6.45	2.4142	-1.7117	-0.1054	0.2369	-2.1217	
6.46	2.4717	-1.1182	0.0733	0.2434	-2.6205	
6.47	2.1391	-0.8744	0.2514	0.2508	-3.1341	
6.48	1.5431	-0.8638	0.4136	0.1864	-3.0443	
6.49	1.1653	-1.1779	0.6002	0.0924	-2.8509	
6.5	0.8049	-1.9611	0.683	-0.0575	-2.4031	
6.51	0.7377	-2.5229	0.87	-0.2085	-1.6942	
6.52	0.8541	-2.7062	0.8604	-0.4498	-1.4506	
6.53	1.0158	-2.7862	0.9549	-0.6607	-0.9644	
6.54	1.6103	-2.5245	0.9174	-0.8094	-0.7812	
6.55	1.9302	-2.1273	0.9776	-0.9937	-0.7744	
6.56	2.5203	-1.5539	1.0335	-1.2002	-1.0771	
6.57	2.6795	-1.2244	0.9079	-1.1802	-1.3444	
6.58	3.0464	-0.9439	0.8085	-1.3053	-1.6882	
6.59	2.7872	-1.1401	0.8342	-1.4616	-2.1217	
6.6	2.6607	-1.4693	0.634	-1.3395	-2.42	
6.61	2.4029	-2.2697	0.5393	-1.2039	-2.3796	
6.62	2.0322	-2.7656	0.3365	-1.0901	-2.2593	
6.63	1.445	-2.6695	0.1625	-0.8903	-2.1621	
6.64	1.2746	-3.1923	-0.0352	-0.7786	-1.5535	
6.65	0.9828	-2.6189	-0.238	-0.5268	-1.2442	
6.66	0.9402	-1.9767	-0.4872	-0.3337	-0.6729	
6.67	1.0647	-1.6184	-0.6898	-0.0712	-0.4521	
6.68	1.4675	-1.1038	-0.7938	0.1714	-0.3855	
6.69	1.6691	-1.0305	-1.118	0.4258	-0.5272	
6.7	2.05	-1.2919	-1.1662	0.5812	-0.8884	
6.71	2.3437	-1.6216	-1.6132	0.7575	-1.3916	
6.72	2.9484	-2.4173	-1.5295	0.9235	-1.6154	
6.73	3.1219	-2.5933	-1.7836	0.9837	-1.9228	
6.74	2.794	-2.8991	-1.9515	0.8662	-1.9456	
6.75	2.842	-3.063	-2.0312	0.8916	-1.9401	
6.76	2.0307	-2.4805	-2.2754	0.7708	-1.7712	
6.77	1.7597	-1.8364	-2.3491	0.762	-1.3489	
6.78	1.4005	-1.3815	-2.4119	0.5332	-0.831	
6.79	1.0595	-0.9594	-2.3796	0.3249	-0.3068	
6.8	0.9084	-0.8794	-2.5852	0.1381	-0.0026	
6.81	1.0476	-1.1647	-2.5708	-0.0688	0.1306	
6.82	1.2546	-1.5986	-2.3631	-0.2981	0.0307	
6.83	1.4147	-2.5008	-2.2149	-0.473	-0.2504	
6.84	1.8719	-2.6858	-2.2641	-0.6319	-0.6582	
6.85	2.3943	-2.7057	-2.1529	-0.7674	-1.1154	
6.86	2.947	-2.5473	-1.9737	-0.915	-1.4597	
6.87	2.9073	-2.3927	-1.9183	-0.8162	-1.4726	
6.88	2.7111	-1.7206	-1.9026	-0.8165	-1.4416	
6.89	2.7762	-1.0797	-1.7398	-0.8813	-1.348	
6.9	2.282	-0.8683	-1.6551	-0.7145	-0.9002	
6.91	2.0191	-0.9276	-1.4867	-0.563	-0.4221	
6.92	1.5506	-1.1339	-1.4843	-0.3303	0.0576	
6.93	1.1778	-1.779	-1.1857	-0.1377	0.4496	
6.94	1.0158	-2.0515	-1.2702	0.073	0.5668	
6.95	0.8578	-2.8549	-1.0994	0.3005	0.5963	
6.96	0.9028	-2.6696	-1.0284	0.5563	0.3403	
6.97	1.3866	-2.6026	-1.0463	0.7421	-0.0452	
6.98	1.5589	-1.6971	-0.8685	0.8797	-0.4688	
6.99	2.1671	-1.3521	-0.8218	0.9156	-0.9221	
7.0	2.4419	-0.7766	-0.9211	1.0552	-1.0825	
7.01	2.5773	-0.5778	-0.897	1.1826	-1.1551	
7.02	2.6096	-0.7049	-0.8397	1.1039	-0.9799	
7.03	2.7527	-1.0848	-1.0366	0.9996	-0.6538	
7.04	2.4763	-1.7317	-0.9225	0.839	-0.1358	
7.05	2.222	-1.9681	-1.1349	0.8126	0.3809	
7.06	1.6521	-2.4149	-1.1496	0.617	0.7288	
7.07	1.1715	-2.1908	-1.1101	0.3621	0.9865	
7.08	0.9104	-2.2283	-1.1403	0.1382	1.0486	
7.09	0.7612	-1.4749	-1.3835	-0.1102	0.856	
7.1	0.7354	-0.8968	-1.4621	-0.3529	0.3903	
7.11	0.9512	-0.423	-1.568	-0.5427	-0.0129	
7.12	1.337	-0.3134	-1.6718	-0.7789	-0.4411	
7.13	1.5629	-0.5669	-1.5974	-0.7973	-0.7196	
7.14	2.0043	-0.8982	-1.6496	-0.9528	-0.8578	
7.15	2.4548	-1.4627	-1.6918	-0.9996	-0.8247	
7.16	2.4219	-2.1396	-1.7131	-1.0276	-0.4943	
7.17	2.5473	-2.3044	-1.7326	-1.0178	-0.0254	
7.18	2.3453	-2.1819	-1.6727	-0.8495	0.4161	
7.19	2.1181	-1.567	-1.5114	-0.6673	0.8404	
7.2	1.6409	-0.9579	-1.4398	-0.5761	1.216	
7.21	1.2705	-0.5053	-1.3587	-0.3543	1.2858	
7.22	0.7727	-0.1099	-1.1602	-0.1388	0.9841	
7.23	0.5554	-0.0624	-1.1744	0.0738	0.6385	
7.24	0.3951	-0.3125	-0.9666	0.2708	0.26	
7.25	0.5258	-0.8008	-0.8623	0.476	-0.1971	
7.26	0.6802	-1.4152	-0.6882	0.5436	-0.5333	
7.27	0.9872	-1.6335	-0.5263	0.7114	-0.8077	
7.28	1.4414	-1.9945	-0.3401	0.8082	-0.7156	
7.29	1.8796	-1.5346	-0.2002	0.8067	-0.4644	
7.3	2.1368	-1.1276	-0.0189	0.7361	-0.1253	
7.31	2.1623	-0.6296	0.1445	0.5657	0.3187	
7.32	2.3004	-0.0614	0.3247	0.5039	0.7175	
7.33	1.7602	0.2316	0.4498	0.2912	1.1017	
7.34	1.6429	0.2125	0.5513	0.0636	1.1159	
7.35	0.9965	-0.1596	0.6696	-0.1591	1.0394	
7.36	0.5856	-0.6367	0.7806	-0.4279	0.7976	
7.37	0.3249	-1.3074	0.8878	-0.7088	0.3022	
7.38	0.0928	-1.5816	0.8834	-0.9305	-0.1941	
7.39	0.0702	-1.6896	0.9031	-1.2071	-0.5403	
7.4	0.2104	-1.3354	0.8756	-1.3141	-0.8683	
7.41	0.5245	-0.7226	0.9607	-1.4222	-0.9409	
7.42	0.9745	-0.1351	0.8837	-1.5639	-0.8175	
7.43	1.2895	0.3617	0.7255	-1.6863	-0.4037	
7.44	1.5487	0.5464	0.6939	-1.4306	0.0057	
7.45	1.9804	0.4453	0.4699	-1.3883	0.4429	
7.46	1.7979	0.0097	0.3382	-1.2972	0.8426	
7.47	1.5421	-0.5776	0.1947	-1.3397	0.9986	
7.48	1.4819	-1.0572	0.0006	-1.1336	0.7832	
7.49	0.933	-1.371	-0.1816	-0.9887	0.5606	
7.5	0.4555	-1.1523	-0.4271	-0.7675	0.1692	
7.51	0.0943	-0.8834	-0.6783	-0.454	-0.3122	
7.52	-0.2047	-0.3122	-0.7758	-0.2882	-0.7718	
7.53	-0.3529	0.2736	-1.0782	-0.1399	-1.2251	
7.54	-0.2829	0.7049	-1.2661	-0.0206	-1.2548	
7.55	-0.0496	0.8113	-1.406	0.0762	-1.1544	
7.56	0.2693	0.558	-1.7816	0.1085	-0.8714	
7.57	0.7581	0.1224	-2.0436	0.1136	-0.4856	
7.58	1.1453	-0.4775	-1.9763	0.0564	-0.0326	
7.59	1.4257	-0.8579	-2.1179	-0.0548	0.307	
7.6	1.5971	-1.2002	-2.3762	-0.1942	0.566	
7.61	1.3277	-0.996	-2.4431	-0.3609	0.5324	
7.62	1.1205	-0.5611	-2.6338	-0.6113	0.2743	
7.63	0.8368	0.0405	-2.5045	-0.7615	-0.0999	
7.64	0.3246	0.5935	-2.3938	-0.9875	-0.6023	
7.65	-0.0944	0.8513	-2.4099	-1.4395	-1.009	
7.66	-0.478	0.9246	-2.6741	-1.522	-1.509	
7.67	-0.6304	0.6623	-2.4849	-1.618	-1.5588	
7.68	-0.7386	0.1608	-2.2856	-2.0936	-1.6992	
7.69	-0.6174	-0.3499	-2.1426	-2.0919	-1.3809	
7.7	-0.3033	-0.8738	-2.0752	-2.2854	-0.9404	
7.71	0.0739	-0.8715	-1.9577	-2.2597	-0.5809	
7.72	0.4758	-0.7495	-1.8998	-1.9654	-0.1674	
7.73	0.817	-0.2668	-1.844	-1.9019	0.0962	
7.74	1.1187	0.361	-1.6951	-1.8654	0.1458	
7.75	1.0652	0.9251	-1.4579	-1.8373	-0.009	
7.76	0.8875	1.1357	-1.354	-1.5421	-0.3791	
7.77	0.6331	1.0755	-1.2428	-1.3342	-0.7603	
7.78	0.2289	0.7375	-1.0677	-1.1803	-1.3875	
7.79	-0.2215	0.1392	-0.899	-0.9456	-1.7114	
7.8	-0.648	-0.3955	-0.8146	-0.7693	-2.1598	
7.81	-0.8981	-0.7959	-0.6402	-0.5058	-2.1544	
7.82	-1.1723	-0.8384	-0.5459	-0.3753	-1.6425	
7.83	-1.0779	-0.5138	-0.4587	-0.3317	-1.4561	
7.84	-0.7995	-0.0082	-0.4201	-0.243	-1.1189	
7.85	-0.5553	0.5641	-0.3176	-0.2452	-0.5623	
7.86	-0.1165	1.0551	-0.2964	-0.305	-0.2594	
7.87	0.2766	1.0977	-0.2462	-0.4335	-0.1482	
7.88	0.52	1.1383	-0.2439	-0.576	-0.2431	
7.89	0.6662	0.6513	-0.2865	-0.7082	-0.5015	
7.9	0.7365	0.0519	-0.3068	-0.9147	-0.9329	
7.91	0.45	-0.48	-0.3073	-1.2605	-1.562	
7.92	0.1063	-0.7288	-0.3756	-1.469	-1.7254	
7.93	-0.3339	-0.7838	-0.463	-1.6049	-2.1125	
7.94	-0.8074	-0.3589	-0.4793	-1.884	-2.4694	
7.95	-1.2533	0.1684	-0.5974	-1.8878	-2.0069	
7.96	-1.5137	0.6702	-0.5603	-1.9295	-1.8009	
7.97	-1.5766	1.1561	-0.7305	-2.2584	-1.3111	
7.98	-1.37	1.2726	-0.7892	-2.2617	-0.8289	
7.99	-1.1304	1.0413	-0.8123	-2.4029	-0.4841	
8.0	-0.6824	0.427	-0.9016	-2.3556	-0.2917	
8.01	-0.2556	-0.1131	-0.8053	-1.9874	-0.3159	
8.02	0.1203	-0.5565	-0.8668	-1.9815	-0.5303	
8.03	0.3349	-0.7955	-0.936	-1.5461	-0.9608	
8.04	0.4426	-0.6876	-0.8497	-1.5196	-1.3185	
8.05	0.2777	-0.3272	-0.7853	-1.3523	-1.9409	
8.06	0.0276	0.2575	-0.7111	-1.0466	-2.0165	
8.07	-0.3698	0.7928	-0.7724	-0.736	-2.1194	
8.08	-0.8425	1.0186	-0.6552	-0.4957	-1.9877	
8.09	-1.297	0.9813	-0.4911	-0.3375	-1.9317	
8.1	-1.6369	0.787	-0.4592	-0.2067	-1.5331	
8.11	-1.8389	0.2299	-0.3301	-0.1022	-1.0053	
8.12	-1.6212	-0.3699	-0.2215	-0.0287	-0.5562	
8.13	-1.4416	-0.8679	-0.0693	-0.0204	-0.2621	
8.14	-1.1634	-0.8779	0.0571	-0.0571	-0.2022	
8.15	-0.6537	-0.7637	0.2014	-0.1538	-0.3626	
8.16	-0.2805	-0.3045	0.3056	-0.2577	-0.6861	
8.17	0.0083	0.2668	0.4333	-0.4388	-1.125	
8.18	0.1646	0.8126	0.587	-0.5579	-1.4489	
8.19	0.1851	0.937	0.6675	-0.8089	-1.718	
8.2	-0.0136	0.8692	0.8007	-0.9879	-1.9139	
8.21	-0.3726	0.5045	0.9021	-1.1982	-1.8677	
8.22	-0.7065	-0.0724	0.8646	-1.3653	-1.6927	
8.23	-1.2104	-0.6318	0.9289	-1.6338	-1.1974	
8.24	-1.4989	-1.0372	1.0288	-1.6082	-0.8136	
8.25	-1.6697	-0.9884	1.0155	-1.8224	-0.3578	
8.26	-1.9682	-0.7782	0.8469	-1.5649	-0.0052	
8.27	-1.915	-0.3195	0.7933	-1.7626	0.1318	
8.28	-1.5548	0.2449	0.758	-1.4087	0.0712	
8.29	-1.1703	0.7126	0.7028	-1.3554	-0.1982	
8.3	-0.6839	0.8876	0.5519	-1.2342	-0.5649	
8.31	-0.3199	0.6571	0.3983	-0.8919	-1.0839	
8.32	-0.0373	0.1829	0.2354	-0.8143	-1.4843	
8.33	0.0622	-0.4573	0.0614	-0.46	-1.5308	
8.34	-0.0161	-0.8922	-0.1264	-0.2245	-1.4409	
8.35	-0.2785	-1.3149	-0.3263	0.0176	-1.3226	
8.36	-0.6372	-1.1589	-0.4981	0.2654	-0.8893	
8.37	-0.9982	-0.9568	-0.7294	0.4617	-0.4527	
8.38	-1.6203	-0.3642	-0.9167	0.5657	0.0114	
8.39	-1.913	0.1654	-1.0764	0.7479	0.4387	
8.4	-1.908	0.5657	-1.3317	0.8213	0.6582	
8.41	-1.8012	0.5872	-1.6816	0.7284	0.6785	
8.42	-1.861	0.3119	-1.8209	0.8001	0.427	
8.43	-1.4598	-0.1764	-1.8617	0.7516	0.0695	
8.44	-1.0506	-0.8528	-2.0942	0.559	-0.3778	
8.45	-0.5744	-1.3251	-2.311	0.4019	-0.7358	
8.46	-0.2354	-1.4365	-2.4158	0.2643	-1.0416	
8.47	-0.0161	-1.3111	-2.1459	0.0561	-0.9951	
8.48	0.0084	-1.0101	-2.3715	-0.1172	-0.9637	
8.49	-0.1538	-0.475	-2.5932	-0.3199	-0.5258	
8.5	-0.47	0.0556	-2.5404	-0.5	-0.0585	
8.51	-0.843	0.3383	-2.1985	-0.5521	0.4253	
8.52	-1.2004	0.357	-2.0888	-0.698	0.8744	
8.53	-1.5727	0.0002	-2.2434	-0.6405	1.161	
8.54	-1.7063	-0.5375	-2.0318	-0.6465	1.1333	
8.55	-2.1474	-1.1286	-1.9521	-0.6335	1.0786	
8.56	-1.8755	-1.615	-1.656	-0.5483	0.7525	
8.57	-1.6009	-1.646	-1.5563	-0.3945	0.3253	
8.58	-1.2104	-1.4964	-1.4547	-0.1652	-0.0558	
8.59	-0.7695	-1.1598	-1.1297	0.0615	-0.3955	
8.6	-0.35	-0.5222	-0.926	0.3068	-0.4772	
8.61	-0.0797	-0.0414	-0.8168	0.5926	-0.4021	
8.62	0.0569	0.1678	-0.6069	0.8528	-0.0776	
8.63	0.0024	0.0778	-0.4125	1.0658	0.364	
8.64	-0.2429	-0.353	-0.2278	1.2549	0.8546	
8.65	-0.5865	-0.9446	-0.0625	1.4551	1.4618	
8.66	-0.912	-1.4402	0.1045	1.6784	1.8134	
8.67	-1.2787	-1.9472	0.2307	1.6106	1.8558	
8.68	-1.5556	-1.7522	0.4141	1.9669	1.7383	
8.69	-1.9252	-1.745	0.5503	1.8775	1.3844	
8.7	-1.9415	-1.2019	0.5465	1.9192	1.0116	
8.71	-1.6261	-0.606	0.6484	1.6831	0.5946	
8.72	-1.2869	-0.1296	0.708	1.4816	0.2174	
8.73	-0.87	0.0253	0.8226	1.3568	0.0207	
8.74	-0.4773	-0.1467	0.7025	1.2616	0.0418	
8.75	-0.1214	-0.5568	0.8116	0.9192	0.2684	
8.76	0.1101	-1.1034	0.7896	0.7845	0.7282	
8.77	0.1495	-1.7497	0.6887	0.6106	1.1222	
8.78	0.0319	-1.996	0.6896	0.4043	1.5207	
8.79	-0.2537	-1.8355	0.5402	0.3055	1.962	
8.8	-0.6324	-1.5891	0.5395	0.2381	2.3057	
8.81	-1.0158	-1.1973	0.3936	0.1768	1.9649	
8.82	-1.3795	-0.5012	0.3644	0.2104	1.9725	
8.83	-1.8268	-0.1645	0.2679	0.2523	1.4592	
8.84	-1.7812	-0.0983	0.189	0.41	1.0033	
8.85	-1.5306	-0.3557	0.1	0.5667	0.679	
8.86	-1.466	-0.9237	0.0372	0.7555	0.3793	
8.87	-0.9202	-1.3254	-0.0208	1.0008	0.3023	
8.88	-0.5574	-1.8016	-0.0624	1.2023	0.4562	
8.89	-0.158	-2.0488	-0.0978	1.5555	0.7598	
8.9	0.1592	-1.806	-0.1189	1.7297	1.3312	
8.91	0.2966	-1.6679	-0.1378	2.0112	1.7578	
8.92	0.2971	-1.0768	-0.1279	1.8991	2.3219	
8.93	0.0856	-0.4639	-0.1009	2.4663	2.3804	
8.94	-0.2548	-0.1858	-0.0566	2.3394	2.2442	
8.95	-0.7244	-0.1729	-0.0041	2.538	2.2022	
8.96	-0.9816	-0.5198	0.0597	2.6959	1.6944	
8.97	-1.2836	-1.0796	0.1229	2.6734	1.2978	
8.98	-1.461	-1.7488	0.2161	2.5057	0.8268	
8.99	-1.68	-1.8879	0.306	2.3021	0.5155	
9.0	-1.5103	-2.0089	0.4267	2.0195	0.3377	
9.01	-1.0004	-1.8997	0.4747	1.8935	0.4245	
9.02	-0.595	-1.502	0.5898	1.5968	0.6935	
9.03	-0.1906	-0.8827	0.7616	1.3892	1.2257	
9.04	0.1707	-0.3856	0.8445	1.2861	1.5366	
9.05	0.4634	-0.1199	0.8714	1.0432	1.9284	
9.06	0.4948	-0.2095	0.836	0.895	2.0362	
9.07	0.3883	-0.6387	0.9049	0.6764	2.0941	
9.08	0.1332	-1.1219	1.0509	0.6433	2.0595	
9.09	-0.2474	-1.5703	1.0564	0.6167	1.6675	
9.1	-0.6107	-1.8138	1.0009	0.5402	1.1712	
9.11	-1.0184	-2.2284	0.99	0.6457	0.7511	
9.12	-1.182	-1.6178	0.9866	0.7246	0.461	
9.13	-1.421	-1.1908	0.9433	0.9342	0.2198	
9.14	-1.2854	-0.6293	0.809	0.9697	0.2304	
9.15	-1.124	-0.1599	0.7596	1.2575	0.4408	
9.16	-0.7279	-0.0055	0.6109	1.4607	0.8238	
9.17	-0.2701	-0.1836	0.413	1.7159	1.2471	
9.18	0.1802	-0.6522	0.3081	1.9727	1.704	
9.19	0.4808	-1.1381	0.1169	1.8884	1.9041	
9.2	0.7018	-1.5775	-0.054	2.1991	1.952	
9.21	0.6702	-1.9754	-0.2542	2.4747	1.981	
9.22	0.4999	-1.9315	-0.4681	2.3179	1.4569	
9.23	0.1262	-1.4085	-0.5617	2.5596	1.099	
9.24	-0.2538	-0.9443	-0.7965	2.3675	0.6902	
9.25	-0.6923	-0.3006	-0.9012	2.6334	0.218	
9.26	-1.0211	0.0732	-1.0737	2.2897	-0.0693	
9.27	-1.272	0.1516	-1.3984	2.1012	-0.1438	
9.28	-1.2652	-0.0723	-1.3206	2.0383	0.001	
9.29	-1.0485	-0.5263	-1.4809	1.8777	0.3462	
9.3	-0.6804	-1.0789	-1.7094	1.3578	0.7829	
9.31	-0.3548	-1.5183	-1.8652	1.1965	1.0586	
9.32	0.0951	-1.6351	-1.9133	1.0252	1.3925	
9.33	0.5087	-1.5448	-1.8902	0.8244	1.7618	
9.34	0.7365	-1.123	-1.9218	0.5889	1.5778	
9.35	0.7733	-0.4955	-1.7085	0.4771	1.2871	
9.36	0.692	0.043	-1.8371	0.3115	0.8416	
9.37	0.4971	0.3952	-1.7333	0.3022	0.383	
9.38	0.1109	0.4226	-1.5692	0.2573	-0.0924	
9.39	-0.3255	0.0801	-1.4048	0.3346	-0.4263	
9.4	-0.6724	-0.4588	-1.2823	0.3744	-0.5368	
9.41	-0.9027	-0.8826	-0.9966	0.5468	-0.4875	
9.42	-1.172	-1.384	-0.9258	0.647	-0.1978	
9.43	-1.0024	-1.3504	-0.6936	0.9465	0.1976	
9.44	-0.8579	-1.2815	-0.4755	1.0087	0.6744	
9.45	-0.4008	-0.6311	-0.2418	1.3325	1.0138	
9.46	-0.0125	-0.0643	-0.0028	1.5259	1.2659	
9.47	0.4369	0.4263	0.2106	1.7021	1.3244	
9.48	0.7552	0.749	0.4221	1.6654	1.043	
9.49	0.9248	0.6458	0.5942	1.8456	0.6085	
9.5	0.866	0.2922	0.7819	1.9178	0.1328	
9.51	0.7993	-0.2575	1.0	2.0616	-0.3309	
9.52	0.4387	-0.7633	1.2909	1.8804	-0.7847	
9.53	0.0219	-1.0711	1.4951	1.8472	-0.9301	
9.54	-0.4021	-1.1672	1.4269	1.8156	-0.9488	
9.55	-0.7058	-0.7817	1.5966	1.3949	-0.6191	
9.56	-1.0614	-0.1872	1.8621	1.2476	-0.2408	
9.57	-1.0639	0.4022	1.819	1.0046	0.1886	
9.58	-0.8157	0.8605	1.8593	0.8959	0.6136	
9.59	-0.5309	1.0191	1.9844	0.5336	0.8491	
9.6	-0.1794	0.8935	1.9569	0.3486	0.9432	
9.61	0.2363	0.5123	1.7233	0.1138	0.7813	
9.62	0.5853	-0.0625	1.6727	-0.0792	0.4321	
9.63	0.8809	-0.5244	1.7307	-0.2365	0.0024	
9.64	1.0005	-0.7368	1.475	-0.3464	-0.4772	
9.65	0.9659	-0.6478	1.3545	-0.4134	-0.9468	
9.66	0.6715	-0.2809	1.401	-0.3955	-1.049	
9.67	0.3147	0.3221	1.3998	-0.3575	-1.0803	
9.68	-0.1309	0.9676	1.0601	-0.2283	-0.9583	
9.69	-0.5865	1.3875	0.9731	-0.1141	-0.6029	
9.7	-0.792	1.305	0.9254	0.0442	-0.0875	
9.71	-1.0091	1.058	0.8177	0.2538	0.3651	
9.72	-0.9116	0.6272	0.686	0.434	0.6138	
9.73	-0.6897	0.1565	0.55	0.6331	0.8958	
9.74	-0.3825	-0.2505	0.5528	0.8217	0.803	
9.75	0.0144	-0.4597	0.3936	0.935	0.5161	
9.76	0.4185	-0.2546	0.3643	1.1001	0.0669	
9.77	0.8236	0.2262	0.3074	1.1426	-0.3776	
9.78	1.0144	0.7425	0.3012	1.3332	-0.8846	
9.79	0.9187	1.4181	0.2691	1.3439	-1.1682	
9.8	0.8231	1.6263	0.314	1.1621	-1.0542	
9.81	0.5194	1.6512	0.3073	1.0732	-1.0466	
9.82	0.0815	1.4165	0.3394	0.9356	-0.6039	
9.83	-0.3656	0.8745	0.3818	0.8049	-0.1794	
9.84	-0.6634	0.3361	0.4489	0.5606	0.302	
9.85	-0.94	-0.0089	0.4736	0.3692	0.626	
9.86	-1.0752	-0.0867	0.5314	0.14	0.8584	
9.87	-0.9914	0.1751	0.5846	-0.0947	0.9208	
9.88	-0.7282	0.6845	0.7406	-0.3015	0.741	
9.89	-0.2796	1.4117	0.7895	-0.537	0.3366	
9.9	0.1473	1.7058	0.8402	-0.7021	-0.0856	
9.91	0.5027	2.0575	0.8286	-0.8928	-0.5313	
9.92	0.8118	1.9686	1.0048	-0.8491	-0.7425	
9.93	0.9203	1.5475	0.9207	-0.9958	-0.8319	
9.94	0.906	1.1338	0.9463	-0.8294	-0.7669	
9.95	0.5653	0.495	1.0078	-0.8815	-0.519	
9.96	0.2011	0.2106	0.9675	-0.6814	-0.0442	
9.97	-0.2095	0.221	1.0914	-0.5615	0.4747	
9.98	-0.5815	0.6031	1.0473	-0.3968	0.9641	
9.99	-0.9834	1.0192	0.9841	-0.1679	1.1487	
10.0	-1.0428	1.5695	0.8103	0.0482	1.2256	
10.01	-1.2203	2.1008	0.8537	0.284	1.072	
10.02	-0.8545	2.3871	0.6739	0.4535	0.8204	
10.03	-0.6643	2.2907	0.5982	0.6206	0.3843	
10.04	-0.2065	1.8797	0.4215	0.7738	-0.0208	
10.05	0.1807	1.2219	0.3427	0.9708	-0.3766	
10.06	0.5045	0.7158	0.187	1.053	-0.5548	
10.07	0.7565	0.4655	0.0185	0.9598	-0.4795	
10.08	0.8	0.5089	-0.1243	0.8585	-0.17	
10.09	0.5971	0.8706	-0.3052	0.9308	0.2371	
10.1	0.3203	1.5737	-0.4571	0.6591	0.782	
10.11	-0.1129	2.1155	-0.5972	0.5306	1.1774	
10.12	-0.5966	2.3238	-0.6395	0.3783	1.5396	
10.13	-0.8673	2.6012	-0.8714	0.1376	1.7753	
10.14	-1.223	2.089	-0.9169	-0.0716	1.725	
10.15	-1.3035	1.9168	-0.971	-0.266	1.3166	
10.16	-1.3295	1.1061	-1.1098	-0.4898	1.078	
10.17	-0.896	0.7431	-1.1659	-0.6125	0.5743	
10.18	-0.6531	0.5283	-1.1087	-0.845	0.2107	
10.19	-0.208	0.6771	-1.1601	-0.9323	0.0169	
10.2	0.1882	1.1656	-0.9719	-0.9141	0.0151	
10.21	0.4855	1.7644	-0.9583	-0.9328	0.2463	
10.22	0.635	2.2803	-0.7898	-0.9289	0.5647	
10.23	0.5521	2.6409	-0.7226	-0.8451	1.0389	
10.24	0.2868	2.4665	-0.6784	-0.6565	1.6983	
10.25	-0.0685	2.1967	-0.4159	-0.424	2.1883	
10.26	-0.4812	1.7499	-0.2715	-0.2488	2.4091	
10.27	-0.9307	1.0454	-0.0836	-0.0042	2.3389	
10.28	-1.3578	0.6912	0.1381	0.2408	2.0457	
10.29	-1.5356	0.7352	0.3751	0.4417	1.771	
10.3	-1.6204	0.9862	0.6036	0.6943	1.1912	
10.31	-1.2039	1.3262	0.7553	0.8395	0.8305	
10.32	-0.9216	1.8639	1.049	1.0042	0.5585	
10.33	-0.6286	2.2697	1.3176	1.2764	0.4857	
10.34	-0.1897	2.4541	1.5179	1.1163	0.6716	
10.35	0.1408	2.67	1.7581	1.2117	0.9073	
10.36	0.3475	2.1321	1.9972	1.3329	1.3207	
10.37	0.3982	1.544	1.8466	1.0686	1.987	
10.38	0.2516	0.9695	2.3465	1.1044	2.5262	
10.39	-0.0464	0.7801	2.5604	0.8831	2.4821	
10.4	-0.4612	0.6617	2.3891	0.6341	2.8174	
10.41	-0.9764	0.9898	2.6942	0.4797	2.3804	
10.42	-1.3441	1.5501	2.3448	0.2765	2.3786	
10.43	-1.5959	2.2334	2.7941	0.1115	1.6252	
10.44	-1.8154	2.4266	2.3976	-0.0684	1.3857	
10.45	-1.6707	2.4069	2.8457	-0.2415	0.9173	
10.46	-1.3624	2.4648	2.4318	-0.3623	0.8949	
10.47	-0.9908	1.774	2.5673	-0.3676	0.8415	
10.48	-0.6397	1.2806	2.2943	-0.4618	1.1036	
10.49	-0.2184	0.8109	2.2686	-0.3639	1.6386	
10.5	0.0676	0.6234	2.2955	-0.2814	2.1782	
10.51	0.188	0.7023	1.9637	-0.1857	2.4743	
10.52	0.183	1.0182	1.8615	-0.0109	2.7867	
10.53	-0.0441	1.5703	1.8935	0.1849	3.1688	
10.54	-0.4343	2.1423	1.4511	0.4392	2.6251	
10.55	-0.8955	2.6122	1.5427	0.6723	2.4068	
10.56	-1.2479	2.7039	1.2106	0.9388	2.227	
10.57	-1.7499	2.0225	1.0922	1.1425	1.5849	
10.58	-1.746	1.641	0.8582	1.5161	1.1238	
10.59	-1.8871	1.1788	0.8248	1.5332	1.0123	
10.6	-1.5713	0.6941	0.7363	1.935	0.9269	
10.61	-1.5572	0.4856	0.5565	2.0448	1.2636	
10.62	-1.055	0.5625	0.5029	2.0407	1.6406	
10.63	-0.6481	1.0417	0.4026	2.0216	2.1148	
10.64	-0.2587	1.5528	0.3477	1.8679	2.7179	
10.65	-0.0134	2.1577	0.262	1.6851	3.0454	
10.66	0.0563	2.2875	0.2599	1.76	2.7031	
10.67	-0.0633	2.4811	0.2321	1.6712	2.7545	
10.68	-0.354	1.9346	0.2609	1.5087	2.7871	
10.69	-0.8	1.3373	0.2702	1.2797	1.9761	
10.7	-1.1597	0.8174	0.3497	1.0136	1.7118	
10.71	-1.5835	0.3954	0.4136	0.8234	1.2781	
10.72	-1.7444	0.2487	0.4517	0.6807	1.0779	
10.73	-2.0705	0.4354	0.4617	0.4839	0.9083	
10.74	-1.9769	0.8998	0.5898	0.3691	1.0194	
10.75	-1.6099	1.5984	0.6225	0.3432	1.2464	
10.76	-1.4768	1.7643	0.6631	0.3085	1.7393	
10.77	-1.0281	1.9579	0.7933	0.3879	2.0298	
10.78	-0.5747	1.8336	0.8156	0.4884	2.7518	
10.79	-0.2505	1.6961	0.86	0.5688	2.9661	
10.8	-0.0653	0.8906	0.9306	0.745	2.6333	
10.81	-0.0863	0.4486	1.0007	0.9832	2.4963	
10.82	-0.2642	0.0758	1.0428	1.1572	1.8719	
10.83	-0.5734	0.043	0.9452	1.4771	1.6919	
10.84	-1.1096	0.344	1.0129	1.596	1.0127	
10.85	-1.3555	0.9093	1.0443	1.9722	0.7952	
10.86	-1.6843	1.256	0.9758	2.1544	0.6292	
10.87	-2.0653	1.8811	0.8224	2.2491	0.6265	
10.88	-1.9008	2.0377	0.7766	2.2457	0.8517	
10.89	-1.8777	1.5219	0.7215	2.5958	1.2573	
10.9	-1.7683	1.1473	0.6487	2.8041	1.8254	
10.91	-1.3528	0.5543	0.5222	2.3897	2.2282	
10.92	-0.8485	0.0576	0.4412	2.6926	2.2913	
10.93	-0.4611	-0.2002	0.3739	2.6097	2.1808	
10.94	-0.1856	-0.1479	0.2271	2.4715	2.1265	
10.95	-0.0796	0.2192	0.1082	1.9869	1.9136	
10.96	-0.1911	0.679	0.0047	1.7785	1.2534	
10.97	-0.4771	1.3507	-0.0998	1.6982	0.7773	
10.98	-0.8335	1.6272	-0.2037	1.3797	0.3686	
10.99	-1.3311	1.4535	-0.2654	1.3048	0.1453	
11.0	-1.6754	1.2808	-0.3342	1.0353	0.1244	
11.01	-1.8085	0.7627	-0.3949	0.9611	0.349	
11.02	-2.0222	0.1672	-0.3742	0.836	0.7127	
11.03	-2.2037	-0.2609	-0.3801	0.7763	1.1092	
11.04	-1.7299	-0.4749	-0.3816	0.807	1.5327	
11.05	-1.4476	-0.347	-0.3358	0.7711	1.8499	
11.06	-1.1238	0.0953	-0.2745	0.9946	1.9147	
11.07	-0.6374	0.699	-0.2139	1.0723	1.867	
11.08	-0.2903	1.0338	-0.097	1.222	1.3151	
11.09	-0.0655	1.3858	0.0305	1.3261	0.8278	
11.1	-0.0544	1.2261	0.188	1.6963	0.4048	
11.11	-0.2334	1.0498	0.314	1.8058	-0.0445	
11.12	-0.5562	0.3803	0.5035	1.9358	-0.328	
11.13	-0.9406	-0.1653	0.6544	2.1165	-0.3808	
11.14	-1.2206	-0.5738	0.8594	2.6614	-0.2886	
11.15	-1.8643	-0.6541	1.0263	2.4783	0.0453	
11.16	-1.7752	-0.4519	1.2586	2.5666	0.4817	
11.17	-2.0977	0.0303	1.6051	2.6518	0.9291	
11.18	-1.8349	0.5964	1.6974	2.9787	1.2152	
11.19	-1.6416	1.0002	1.9644	2.6305	1.3735	
11.2	-1.1338	1.1315	1.9576	2.4547	1.25	
11.21	-0.659	0.9774	2.5327	2.4799	0.9554	
11.22	-0.3205	0.6678	2.4034	2.5464	0.5308	
11.23	-0.0204	0.0674	2.5856	1.9736	0.062	
11.24	0.1127	-0.4347	2.6932	1.8234	-0.371	
11.25	0.0509	-0.7339	2.9447	1.5519	-0.7447	
11.26	-0.18	-0.7525	2.7872	1.5954	-0.9385	
11.27	-0.5135	-0.4827	2.6824	1.1423	-0.7633	
11.28	-0.9345	0.015	2.8238	0.957	-0.4799	
11.29	-1.3298	0.5205	3.0516	0.8243	-0.0875	
11.3	-1.4765	1.0597	3.0532	0.724	0.3785	
11.31	-1.7524	1.005	3.1177	0.7129	0.6745	
11.32	-1.5863	0.8872	2.7496	0.6703	0.9808	
11.33	-1.562	0.3602	2.4034	0.6839	1.03	
11.34	-1.1495	-0.2002	2.2786	0.7047	0.7683	
11.35	-0.7314	-0.6827	2.4239	0.7869	0.3514	
11.36	-0.2754	-0.9786	2.0792	0.9324	-0.1318	
11.37	0.0651	-0.7913	1.8439	1.2095	-0.5994	
11.38	0.3147	-0.436	1.9945	1.4284	-1.0118	
11.39	0.3166	0.0741	1.6721	1.5447	-1.0983	
11.4	0.2067	0.5532	1.2983	1.7435	-1.0862	
11.41	-0.0838	1.0301	1.3282	1.7584	-0.9423	
11.42	-0.4924	1.0605	0.9312	1.9509	-0.4938	
11.43	-0.8491	0.6681	0.7846	2.2346	-0.0017	
11.44	-1.3252	0.1852	0.6125	2.2879	0.4489	
11.45	-1.3537	-0.4401	0.512	2.2318	0.7219	
11.46	-1.5568	-0.8657	0.3339	2.4253	0.8508	
11.47	-1.4093	-1.0724	0.2124	2.1022	0.6012	
11.48	-1.0023	-0.7815	0.0933	2.2117	0.2957	
11.49	-0.7044	-0.3634	0.002	1.7816	-0.1239	
11.5	-0.2298	0.1937	-0.0696	1.8538	-0.5978	
11.51	0.1793	0.6866	-0.1244	1.5299	-0.978	
11.52	0.5075	1.03	-0.1384	1.3415	-1.1866	
11.53	0.6414	0.8532	-0.1501	0.9137	-1.133	
11.54	0.5977	0.5427	-0.1525	0.7891	-1.0056	
11.55	0.4121	0.0325	-0.1235	0.4749	-0.5971	
11.56	0.09	-0.4925	-0.07	0.2967	-0.1525	
11.57	-0.2941	-0.8285	-0.008	0.109	0.309	
11.58	-0.6557	-0.9331	0.0684	-0.0229	0.6439	
11.59	-1.0697	-0.652	0.1452	-0.097	0.882	
11.6	-1.1383	-0.1876	0.2173	-0.1381	0.6936	
11.61	-1.1682	0.4122	0.3224	-0.1258	0.4877	
11.62	-0.8651	0.8206	0.4272	-0.0609	0.0876	
11.63	-0.6022	1.1386	0.4969	0.0457	-0.3529	
11.64	-0.134	0.9393	0.5942	0.205	-0.7516	
11.65	0.3319	0.5443	0.6518	0.3869	-0.9614	
11.66	0.7126	-0.0229	0.8027	0.5118	-1.0767	
11.67	0.9162	-0.5399	0.8025	0.6825	-0.9575	
11.68	1.1024	-0.7624	0.9817	0.8328	-0.5474	
11.69	0.9605	-0.8509	1.0082	0.9727	-0.0888	
11.7	0.6153	-0.5099	0.9639	1.1472	0.3794	
