0.01	0.2201	0.2051	0.3893	0.3596	0.2539	0.5211	
0.02	0.4306	0.3847	0.795	0.7025	0.4476	0.8978	
0.03	0.6071	0.5939	1.0125	0.9406	0.6963	1.1178	
0.04	0.7361	0.7049	1.4002	1.2941	0.8511	1.2867	
0.05	1.0517	0.8107	1.4852	1.5712	1.1873	1.0561	
0.06	1.0998	1.1139	1.7907	1.61	1.1813	0.6706	
0.07	1.2305	1.2126	1.725	1.9097	1.318	0.2658	
0.08	1.3295	1.3646	1.7724	1.8325	1.3968	-0.1128	
0.09	1.3549	1.2556	1.8885	2.3037	1.6308	-0.3665	
0.1	1.526	1.3842	1.6655	2.2123	1.5146	-0.3504	
0.11	1.4164	1.4261	1.476	2.1807	1.6545	-0.1627	
0.12	1.4119	1.532	1.1847	2.0333	1.6639	0.2179	
0.13	1.3676	1.5414	1.0515	1.9508	1.5317	0.793	
0.14	1.2792	1.5341	0.6754	1.7968	1.6035	1.2394	
0.15	1.1323	1.4905	0.4188	1.3556	1.5269	1.6853	
0.16	1.0153	1.5352	0.1723	1.0689	1.2395	1.9158	
0.17	0.967	1.4156	-0.0665	0.9818	1.1706	1.8019	
0.18	0.8421	1.4762	-0.2831	0.6153	1.0558	1.7147	
0.19	0.7328	1.3961	-0.4579	0.3741	0.9141	1.4254	
0.2	0.596	1.2769	-0.5137	0.093	0.7723	0.9773	
0.21	0.527	0.9879	-0.5897	-0.1925	0.6704	0.566	
0.22	0.3508	0.9619	-0.5931	-0.4167	0.5045	0.276	
0.23	0.2988	0.82	-0.5478	-0.5892	0.3877	0.173	
0.24	0.1999	0.7961	-0.5043	-0.7415	0.3654	0.3052	
0.25	0.1608	0.7065	-0.3638	-0.8773	0.2826	0.6634	
0.26	0.1572	0.6155	-0.2352	-1.1112	0.3059	1.2125	
0.27	0.1413	0.5411	-0.088	-1.1112	0.332	1.6173	
0.28	0.19	0.4678	0.0293	-1.153	0.3738	1.9583	
0.29	0.2196	0.4377	0.135	-1.1581	0.426	2.4383	
0.3	0.319	0.3782	0.2157	-0.9569	0.514	2.427	
0.31	0.4146	0.3277	0.2592	-0.8359	0.5724	1.9699	
0.32	0.5889	0.3474	0.2325	-0.7447	0.8235	1.4795	
0.33	0.6922	0.3753	0.1991	-0.5422	0.8904	1.0989	
0.34	0.8944	0.4402	0.1599	-0.3645	1.0495	0.7471	
0.35	1.0642	0.4681	0.0382	-0.1599	1.0964	0.3897	
0.36	1.2407	0.5944	-0.0898	0.0796	1.3895	0.2231	
0.37	1.5056	0.6666	-0.2437	0.2921	1.5174	0.3098	
0.38	1.7234	0.7083	-0.4175	0.4871	1.7955	0.5259	
0.39	1.9762	0.8411	-0.5512	0.7509	1.6052	1.0266	
0.4	2.1412	1.0222	-0.6902	0.9839	1.8389	1.3427	
0.41	2.2437	1.2917	-0.7766	1.1432	2.0726	1.6562	
0.42	2.1865	1.3966	-0.8347	1.3573	2.074	1.9621	
0.43	2.5821	1.4203	-0.7084	1.3358	2.1853	2.0102	
0.44	2.6469	1.6831	-0.741	1.3419	1.8846	1.8968	
0.45	2.5957	1.7524	-0.5948	1.4638	2.0271	1.4854	
0.46	2.3984	2.1256	-0.3826	1.7229	1.968	0.8934	
0.47	2.8674	2.2882	-0.1169	1.5256	1.6403	0.3654	
0.48	2.415	2.3382	0.173	1.6916	1.526	-0.0261	
0.49	2.4236	2.6104	0.4815	1.4242	1.4409	-0.2212	
0.5	2.42	2.3269	0.8256	1.2996	1.1176	-0.1663	
0.51	2.4164	2.3989	1.1996	1.2371	0.8926	0.0587	
0.52	2.1825	2.4271	1.3553	1.3563	0.7686	0.4501	
0.53	2.2185	2.8916	1.8868	1.2162	0.5454	0.9215	
0.54	1.821	2.8678	2.0265	1.1113	0.2526	1.1958	
0.55	1.7753	2.6654	2.3144	0.9907	0.0504	1.5736	
0.56	1.6446	2.7373	2.3745	0.9953	-0.1471	1.4708	
0.57	1.5355	2.5638	2.4365	0.8956	-0.3213	1.1167	
0.58	1.3439	2.7879	2.2949	0.8668	-0.5025	0.8784	
0.59	1.1383	2.4312	2.4626	0.7103	-0.6814	0.3157	
0.6	1.0627	2.599	1.9052	0.6979	-0.8042	-0.2135	
0.61	0.8648	2.2442	1.6601	0.7646	-0.8256	-0.6612	
0.62	0.8156	2.3391	1.6347	0.7293	-0.9112	-0.9007	
0.63	0.7561	2.2599	1.0729	0.7282	-0.9672	-0.825	
0.64	0.7082	1.7965	0.7973	0.7583	-0.927	-0.5509	
0.65	0.6446	1.7727	0.4232	0.7842	-0.7624	-0.2149	
0.66	0.6485	1.803	0.0684	0.9132	-0.8271	0.2225	
0.67	0.7962	1.4192	-0.2486	0.9476	-0.6041	0.5961	
0.68	0.8763	1.4642	-0.5626	1.0531	-0.4959	0.9048	
0.69	0.9959	1.2411	-0.8245	1.1272	-0.4181	0.8346	
0.7	1.0257	1.0507	-0.9203	1.0445	-0.2412	0.6347	
0.71	1.118	0.9902	-1.1694	1.1954	-0.0722	0.3218	
0.72	1.3195	0.7923	-1.134	1.1129	0.0868	-0.17	
0.73	1.5807	0.688	-1.1559	1.0214	0.2198	-0.6472	
0.74	1.4897	0.6363	-0.9955	1.1514	0.3441	-1.0144	
0.75	1.6051	0.5637	-0.7733	1.0097	0.5229	-1.2745	
0.76	1.9121	0.6013	-0.6683	1.0233	0.6668	-1.2469	
0.77	1.9112	0.5406	-0.4121	0.8582	0.6925	-0.9315	
0.78	2.2335	0.4796	-0.1314	0.8273	0.7117	-0.6235	
0.79	2.1102	0.5142	0.1217	0.7908	0.8079	-0.149	
0.8	2.5643	0.6177	0.3817	0.6586	0.7228	0.3131	
0.81	2.3065	0.6075	0.5706	0.5313	0.6809	0.613	
0.82	2.2278	0.6536	0.6788	0.3853	0.6508	0.6525	
0.83	2.4525	0.8182	0.8997	0.2894	0.6698	0.5247	
0.84	2.1978	0.8242	1.0415	0.209	0.5005	0.2752	
0.85	2.2938	0.9697	0.9684	0.137	0.429	-0.1806	
0.86	2.2762	1.0942	1.0292	0.0718	0.2954	-0.5821	
0.87	2.0612	1.243	1.0843	0.0433	0.1437	-1.0738	
0.88	2.0265	1.3379	0.8838	0.0367	-0.0024	-1.2065	
0.89	1.773	1.515	0.9275	0.0657	-0.1315	-1.0797	
0.9	1.4478	1.4863	0.7119	0.1243	-0.2847	-0.866	
0.91	1.4238	1.7793	0.59	0.2133	-0.4159	-0.5056	
0.92	1.1497	1.7775	0.5859	0.3361	-0.5138	0.0201	
0.93	0.9966	1.9011	0.5058	0.4635	-0.6168	0.5396	
0.94	0.8122	1.8351	0.517	0.6241	-0.6463	0.8764	
0.95	0.5885	2.0089	0.5019	0.8731	-0.6912	0.9362	
0.96	0.4337	2.1226	0.5744	0.9802	-0.6233	1.0322	
0.97	0.2907	2.0316	0.6586	1.2672	-0.5624	0.6495	
0.98	0.1353	1.878	0.8041	1.4619	-0.4455	0.2797	
0.99	0.028	1.8977	0.996	1.7893	-0.4091	-0.1207	
1.0	-0.0499	2.0404	1.1171	2.0061	-0.2183	-0.4503	
1.01	-0.1056	1.8491	1.3542	2.1132	-0.0697	-0.7048	
1.02	-0.1371	1.7198	1.6932	2.1583	0.1267	-0.5493	
1.03	-0.127	1.6983	1.7861	2.4044	0.3646	-0.3783	
1.04	-0.0842	1.5418	1.8822	2.3782	0.5429	0.0895	
1.05	-0.0287	1.2227	2.2318	2.8227	0.8372	0.5704	
1.06	0.049	1.1113	2.2661	2.7146	1.0038	1.2323	
1.07	0.144	1.0196	2.2713	2.4342	1.3574	1.4132	
1.08	0.268	0.8345	1.9831	2.7288	1.6185	1.8229	
1.09	0.4083	0.6655	1.8745	2.5314	1.6525	1.8102	
1.1	0.5748	0.5222	1.843	2.0385	1.9253	1.4758	
1.11	0.6515	0.3086	1.6061	1.8322	2.1321	1.21	
1.12	0.8872	0.1323	1.2636	1.9573	2.3357	0.66	
1.13	0.9452	-0.0199	0.9401	1.4457	2.165	0.3141	
1.14	0.9718	-0.171	0.5326	1.1982	2.586	0.1645	
1.15	1.0681	-0.3297	0.2214	0.9247	2.604	0.1623	
1.16	1.1864	-0.4694	-0.122	0.6078	2.3391	0.3709	
1.17	1.3994	-0.591	-0.4161	0.3036	2.5882	0.8238	
1.18	1.2701	-0.6827	-0.7017	0.0254	2.4188	1.2364	
1.19	1.3882	-0.6551	-0.9171	-0.2545	2.2524	1.7711	
1.2	1.4597	-0.7652	-1.0861	-0.47	2.3973	2.3843	
1.21	1.2704	-0.7808	-1.1726	-0.6487	2.3131	2.3321	
1.22	1.2703	-0.7975	-1.2521	-0.8325	2.1283	2.3823	
1.23	0.9933	-0.7839	-1.1379	-1.0707	1.8191	2.138	
1.24	1.0693	-0.6523	-0.89	-1.0913	1.8994	1.8721	
1.25	0.8162	-0.7119	-0.6841	-1.1732	1.5772	1.4413	
1.26	0.7114	-0.6036	-0.4252	-1.0182	1.553	1.1647	
1.27	0.4835	-0.5036	-0.1374	-0.9182	1.3592	0.7956	
1.28	0.3102	-0.3928	0.2048	-0.8921	1.1894	0.7718	
1.29	0.1084	-0.3179	0.5564	-0.7092	1.1956	0.9313	
1.3	-0.0944	-0.1854	0.916	-0.4164	1.095	1.2434	
1.31	-0.2591	-0.0713	1.3401	-0.1694	1.0634	1.8589	
1.32	-0.4622	0.0485	1.6837	0.125	1.0799	2.3301	
1.33	-0.5711	0.1687	1.7281	0.4254	1.0988	2.5171	
1.34	-0.7006	0.2623	1.9388	0.7164	1.1064	2.7949	
1.35	-0.926	0.4227	2.2709	0.99	1.0185	3.1667	
1.36	-0.9338	0.4737	2.117	1.345	1.2707	2.7381	
1.37	-1.0104	0.554	2.2301	1.5869	1.2328	2.2035	
1.38	-1.1002	0.651	2.1141	1.7531	1.5571	1.6555	
1.39	-0.96	0.7231	1.9081	2.2712	1.5234	1.2313	
1.4	-1.0457	0.7926	2.0844	2.3393	1.8597	1.1237	
1.41	-1.013	0.8182	1.6124	2.674	1.6747	0.9832	
1.42	-0.9098	0.8587	1.5383	2.4232	1.9871	1.137	
1.43	-0.7484	0.7273	1.4179	2.7429	2.2283	1.3601	
1.44	-0.6195	0.7351	1.1349	2.6123	2.4595	1.7324	
1.45	-0.5511	0.681	1.0736	2.3799	2.45	2.2663	
1.46	-0.3295	0.6033	0.8454	2.3981	2.4242	2.7692	
1.47	-0.1757	0.5585	0.8293	2.2129	2.2498	2.8097	
1.48	-0.0277	0.4088	0.8259	2.2081	2.4866	2.6672	
1.49	0.1286	0.2761	0.741	1.766	2.6893	2.4005	
1.5	0.2683	0.157	0.7652	1.5278	2.6562	1.9323	
1.51	0.455	0.0207	0.8824	1.3691	2.1444	1.5711	
1.52	0.5052	-0.1256	0.9281	0.903	2.1978	1.1342	
1.53	0.7056	-0.2857	0.9964	0.6826	2.0465	0.7705	
1.54	0.7717	-0.4148	1.1824	0.3174	2.0203	0.6213	
1.55	0.8276	-0.5835	1.1473	0.0615	1.858	0.6303	
1.56	0.8891	-0.7336	1.2211	-0.2092	1.4015	0.8881	
1.57	0.8768	-0.7549	1.3813	-0.4497	1.3924	1.2001	
1.58	0.8538	-0.9092	1.5153	-0.7033	1.0576	1.7015	
1.59	0.6839	-1.0185	1.2435	-0.8891	0.7526	2.1577	
1.6	0.6043	-1.0689	1.23	-0.8645	0.5939	2.2294	
1.61	0.5778	-1.1861	1.1316	-0.9398	0.3157	2.0472	
1.62	0.4498	-1.3627	0.9897	-1.1612	0.1179	1.9792	
1.63	0.2674	-1.2453	0.6997	-1.0054	-0.0868	1.6255	
1.64	0.1344	-1.3279	0.537	-0.985	-0.2342	1.0354	
1.65	-0.0202	-1.2894	0.2928	-1.002	-0.4269	0.51	
1.66	-0.1968	-1.1637	0.045	-0.7892	-0.5545	0.0915	
1.67	-0.3343	-1.1763	-0.1729	-0.7204	-0.6385	-0.1071	
1.68	-0.4944	-1.0595	-0.399	-0.4972	-0.6559	-0.0723	
1.69	-0.6494	-0.9531	-0.4969	-0.3487	-0.6055	0.175	
1.7	-0.7788	-0.9036	-0.6917	-0.1911	-0.6084	0.4923	
1.71	-0.8254	-0.7495	-0.6683	-0.0045	-0.6228	0.8951	
1.72	-0.9024	-0.717	-0.7084	0.1879	-0.4636	1.263	
1.73	-1.0356	-0.5438	-0.5741	0.3322	-0.3934	1.6595	
1.74	-1.0455	-0.3896	-0.3881	0.5506	-0.2667	1.3869	
1.75	-1.1111	-0.2244	-0.1651	0.6342	-0.1351	1.1596	
1.76	-0.9692	-0.0594	0.1445	0.7543	-0.0002	0.9028	
1.77	-1.0349	0.0934	0.4653	0.8333	0.157	0.3722	
1.78	-0.9307	0.2446	0.8369	0.9332	0.299	-0.1536	
1.79	-0.7352	0.3884	1.297	0.9584	0.3942	-0.5738	
1.8	-0.6389	0.5486	1.6272	0.849	0.5977	-0.7658	
1.81	-0.4736	0.6714	2.0373	0.8283	0.6621	-0.676	
1.82	-0.2984	0.7058	2.1081	0.8802	0.7012	-0.4587	
1.83	-0.0968	0.8562	2.6159	0.7556	0.7949	-0.1012	
1.84	0.0868	0.9259	2.5088	0.6708	0.8833	0.3263	
1.85	0.2494	0.8676	2.9244	0.6217	0.8065	0.68	
1.86	0.4345	0.9913	3.0261	0.4612	0.8035	1.0471	
1.87	0.654	0.989	2.7622	0.3554	0.7547	1.0827	
1.88	0.8455	0.9682	2.7143	0.2911	0.7375	0.9104	
1.89	0.9424	0.878	2.5061	0.1638	0.5835	0.5222	
1.9	1.0983	0.9337	2.4442	0.0683	0.525	0.0166	
1.91	1.2541	0.7352	2.1349	-0.0102	0.4269	-0.4464	
1.92	1.1911	0.761	1.8023	-0.0774	0.2333	-0.7546	
1.93	1.1476	0.6738	1.5887	-0.13	0.1071	-1.0131	
1.94	1.2581	0.5274	1.2296	-0.1546	-0.0509	-1.0229	
1.95	1.3398	0.3937	0.9224	-0.1861	-0.1987	-0.6691	
1.96	1.3357	0.2707	0.5278	-0.1927	-0.3708	-0.3287	
1.97	1.0802	0.1471	0.3465	-0.1721	-0.4414	0.1811	
1.98	1.1512	0.0264	0.1496	-0.1471	-0.6032	0.5622	
1.99	0.9489	-0.1043	0.0288	-0.1443	-0.6026	0.9605	
2.0	0.7609	-0.2177	-0.0473	-0.1001	-0.6471	1.0542	
2.01	0.6451	-0.3579	-0.0655	-0.0748	-0.6642	0.8414	
2.02	0.469	-0.4335	-0.0197	-0.0407	-0.7371	0.5591	
2.03	0.3441	-0.5177	0.0587	-0.0177	-0.6008	0.1875	
2.04	0.199	-0.58	0.1681	-0.0052	-0.575	-0.2494	
2.05	0.0709	-0.6081	0.2945	-0.0067	-0.4241	-0.6106	
2.06	-0.0666	-0.6702	0.4337	-0.0254	-0.3234	-0.8159	
2.07	-0.1848	-0.68	0.6094	-0.0649	-0.1655	-0.7022	
2.08	-0.2476	-0.6752	0.7122	-0.1037	0.0406	-0.4224	
2.09	-0.3302	-0.7034	0.8115	-0.1819	0.2693	-0.0076	
2.1	-0.3579	-0.584	0.9806	-0.3081	0.4352	0.4951	
2.11	-0.4252	-0.5091	1.0635	-0.4209	0.7226	0.9141	
2.12	-0.3772	-0.4557	0.9836	-0.4678	1.0062	1.3321	
2.13	-0.3825	-0.3597	1.0428	-0.6574	1.0853	1.5436	
2.14	-0.2864	-0.2448	0.9691	-0.8388	1.48	1.3331	
2.15	-0.2063	-0.1502	0.7793	-0.871	1.5951	1.0976	
2.16	-0.1128	-0.003	0.7411	-1.0411	1.7183	0.7945	
2.17	0.0303	0.1437	0.5568	-1.1873	2.0806	0.3673	
2.18	0.1879	0.2761	0.4487	-1.3235	1.924	0.0308	
2.19	0.3251	0.4599	0.3434	-1.2877	1.9906	-0.1397	
2.2	0.4962	0.639	0.2383	-1.614	2.0895	-0.1058	
2.21	0.7382	0.7332	0.2135	-1.5543	2.0129	0.1679	
2.22	0.7996	0.9163	0.1971	-1.5678	2.1973	0.54	
2.23	1.0631	1.067	0.2398	-1.449	2.0609	1.1279	
2.24	1.1914	1.0862	0.3849	-1.5183	2.1383	1.7276	
2.25	1.3451	1.2362	0.5157	-1.5642	2.0606	2.0162	
2.26	1.4415	1.2169	0.7022	-1.4051	2.0575	2.2789	
2.27	1.6374	1.2678	1.0543	-1.2206	1.7199	1.9501	
2.28	1.5343	1.4709	1.2463	-1.1181	1.5217	1.9145	
2.29	1.7378	1.3209	1.5429	-0.8129	1.5102	1.398	
2.3	1.6676	1.5349	1.7766	-0.6144	1.1616	1.1614	
2.31	1.862	1.3004	2.2869	-0.4252	1.2004	0.6712	
2.32	1.7447	1.307	2.2641	-0.2095	0.9416	0.4655	
2.33	1.724	1.2834	2.5805	0.0263	0.7365	0.4661	
2.34	1.5962	1.2943	2.897	0.2134	0.7353	0.7275	
2.35	1.3934	1.2003	3.0677	0.4329	0.5751	1.0454	
2.36	1.1731	1.0726	2.9623	0.5893	0.4942	1.6935	
2.37	1.0172	0.9286	2.5904	0.8017	0.4433	1.9912	
2.38	0.8883	0.8615	2.7595	0.8472	0.4186	2.7	
2.39	0.7215	0.7055	2.3249	0.8244	0.4375	2.6322	
2.4	0.5174	0.4737	2.1924	0.9673	0.439	2.7634	
2.41	0.3567	0.3345	1.7783	0.8228	0.5569	2.5379	
2.42	0.2301	0.2047	1.3408	0.824	0.5694	1.9161	
2.43	0.0673	0.0423	0.9643	0.6952	0.6796	1.4002	
2.44	-0.0764	-0.1124	0.6701	0.4958	0.8183	1.0163	
2.45	-0.1898	-0.2494	0.2943	0.3086	0.9304	0.7488	
2.46	-0.2741	-0.3737	-0.0695	0.0804	1.1366	0.7062	
2.47	-0.3837	-0.507	-0.3805	-0.2053	1.2561	0.9741	
2.48	-0.4448	-0.5277	-0.663	-0.4921	1.4329	1.2786	
2.49	-0.4675	-0.6904	-0.7016	-0.8862	1.3479	1.8034	
2.5	-0.426	-0.674	-0.8888	-1.1307	1.7144	2.298	
2.51	-0.3631	-0.8304	-0.9454	-1.4311	1.7629	2.2889	
2.52	-0.3213	-0.7704	-0.7817	-1.8848	1.7356	2.4977	
2.53	-0.2111	-0.8202	-0.6982	-2.0084	1.7499	2.434	
2.54	-0.1183	-0.7231	-0.5388	-2.2738	1.555	2.2712	
2.55	-0.005	-0.7527	-0.2809	-2.5623	1.677	1.7015	
2.56	0.1234	-0.6902	-0.0338	-2.418	1.7447	1.3144	
2.57	0.2987	-0.7144	0.2716	-2.7133	1.3991	0.9135	
2.58	0.3906	-0.621	0.4839	-3.0617	1.4424	0.5897	
2.59	0.5404	-0.4533	0.822	-2.9324	1.2101	0.4726	
2.6	0.7115	-0.3799	0.9737	-3.0243	1.0742	0.5144	
2.61	0.8559	-0.2735	1.1354	-2.9715	0.8462	0.9072	
2.62	0.8945	-0.1487	1.2906	-2.4557	0.5423	1.1604	
2.63	1.0604	-0.0492	1.5389	-2.6119	0.3457	1.62	
2.64	1.1384	0.0628	1.4761	-2.1083	0.0943	2.092	
2.65	1.0348	0.1842	1.617	-2.1281	-0.1651	2.1711	
2.66	1.2057	0.3005	1.5761	-1.7187	-0.4126	2.2062	
2.67	1.0405	0.3684	1.4625	-1.3985	-0.5871	1.9537	
2.68	1.0562	0.4487	1.2684	-1.0498	-0.81	1.3114	
2.69	0.9553	0.5594	1.3953	-0.7208	-0.9952	0.812	
2.7	0.9301	0.6035	1.1721	-0.4005	-1.1151	0.2691	
2.71	0.7618	0.629	1.0462	-0.1254	-1.2856	-0.0828	
2.72	0.5516	0.6275	0.8705	0.1271	-1.5123	-0.2607	
2.73	0.4404	0.6372	0.889	0.3747	-1.6464	-0.1924	
2.74	0.2528	0.5662	0.794	0.5759	-1.6693	0.045	
2.75	0.0349	0.5141	0.8801	0.7039	-1.6647	0.3909	
2.76	-0.1764	0.4575	0.9044	0.7958	-1.5876	0.9	
2.77	-0.3615	0.3426	1.0253	0.9099	-1.5728	1.1806	
2.78	-0.6126	0.223	1.1021	0.8181	-1.3749	1.4325	
2.79	-0.7335	0.1139	1.1545	0.8013	-1.3836	1.2583	
2.8	-0.8703	-0.0346	1.259	0.8169	-1.252	1.004	
2.81	-1.2021	-0.2015	1.5094	0.5537	-1.1006	0.4918	
2.82	-1.2889	-0.3253	1.4934	0.4544	-0.9005	0.0154	
2.83	-1.3776	-0.5645	1.9607	0.212	-0.7589	-0.5295	
2.84	-1.466	-0.7	1.7925	-0.0394	-0.6546	-0.8275	
2.85	-1.5072	-0.8396	2.0529	-0.3368	-0.4911	-0.9681	
2.86	-1.5484	-1.0139	1.889	-0.6428	-0.4278	-0.9598	
2.87	-1.586	-1.2513	1.8875	-0.8032	-0.2784	-0.7622	
2.88	-1.5108	-1.4879	1.8153	-1.0823	-0.2233	-0.4193	
2.89	-1.4366	-1.6663	1.4341	-1.3692	-0.1726	0.0151	
2.9	-1.4314	-1.8332	1.3283	-1.598	-0.1478	0.3798	
2.91	-1.3023	-1.9763	1.0848	-1.9728	-0.1466	0.5462	
2.92	-1.2861	-1.9298	0.7004	-1.86	-0.169	0.5809	
2.93	-1.1468	-1.9088	0.4235	-1.9931	-0.2493	0.3353	
2.94	-0.9742	-2.3026	0.0512	-2.3744	-0.3322	-0.0657	
2.95	-0.8903	-1.9577	-0.2912	-2.5417	-0.4002	-0.5901	
2.96	-0.7228	-2.0781	-0.614	-2.3268	-0.5249	-0.9713	
2.97	-0.6479	-2.1416	-0.8536	-2.5219	-0.7078	-1.4107	
2.98	-0.5025	-2.3562	-1.1228	-2.4573	-0.904	-1.6168	
2.99	-0.4257	-2.3865	-1.1688	-2.3501	-0.9191	-1.4304	
3.0	-0.3086	-2.1459	-1.1263	-2.0786	-1.1801	-1.2588	
3.01	-0.2613	-2.238	-1.3161	-1.7953	-1.3457	-0.9366	
3.02	-0.2174	-1.9676	-1.0098	-1.8226	-1.2853	-0.4215	
3.03	-0.2482	-1.7641	-0.8637	-1.569	-1.3917	-0.0306	
3.04	-0.2506	-1.7972	-0.751	-1.4026	-1.6682	0.231	
3.05	-0.3188	-1.7678	-0.4166	-1.1778	-1.5367	0.2717	
3.06	-0.3829	-1.5764	-0.0576	-0.9843	-1.891	0.1219	
3.07	-0.5271	-1.5777	0.2886	-0.8247	-1.7123	-0.2126	
3.08	-0.5862	-1.2065	0.6748	-0.6216	-1.6177	-0.6367	
3.09	-0.7245	-1.1285	0.9367	-0.5316	-1.5489	-1.0501	
3.1	-0.9974	-1.1916	1.373	-0.4094	-1.6514	-1.4786	
3.11	-1.2357	-1.0974	1.8161	-0.3017	-1.5801	-1.5994	
3.12	-1.3149	-0.9063	1.8917	-0.2271	-1.2209	-1.6728	
3.13	-1.4762	-0.9198	2.2836	-0.1769	-1.1092	-1.3049	
3.14	-1.7083	-0.8056	2.0198	-0.1516	-0.9452	-0.8391	
3.15	-2.0523	-0.7345	2.1659	-0.1815	-0.7996	-0.3537	
3.16	-1.9788	-0.7277	2.1029	-0.1766	-0.5127	0.0922	
3.17	-2.4474	-0.8031	1.9915	-0.2173	-0.3	0.3853	
3.18	-2.5226	-0.815	2.0558	-0.3122	-0.0667	0.469	
3.19	-2.8219	-0.8238	1.7925	-0.3734	0.1515	0.403	
3.2	-2.6665	-0.8414	1.6215	-0.4393	0.381	0.1007	
3.21	-2.6664	-0.9979	1.4314	-0.4641	0.5562	-0.3209	
3.22	-3.0357	-1.0051	1.1103	-0.6032	0.688	-0.6637	
3.23	-2.7276	-1.1601	0.9022	-0.6894	0.7745	-1.0558	
3.24	-2.6739	-1.1613	0.6356	-0.6566	0.9966	-1.1956	
3.25	-2.7696	-1.3194	0.5096	-0.6623	1.0264	-1.1179	
3.26	-2.7032	-1.6167	0.3387	-0.6873	1.0365	-0.9261	
3.27	-2.6895	-1.6471	0.2371	-0.7539	1.0211	-0.4484	
3.28	-2.5819	-1.8702	0.1766	-0.7106	1.0944	0.0921	
3.29	-2.4884	-2.0472	0.1731	-0.6918	1.0088	0.5833	
3.3	-1.9568	-1.9739	0.2051	-0.6364	1.0383	0.9176	
3.31	-2.0082	-2.0764	0.2656	-0.594	0.8458	0.9846	
3.32	-2.0097	-2.2235	0.3312	-0.6301	0.7771	0.978	
3.33	-1.8291	-2.5756	0.433	-0.528	0.5819	0.6689	
3.34	-1.5917	-2.4861	0.5833	-0.4834	0.4531	0.3697	
3.35	-1.315	-2.5133	0.6963	-0.3684	0.2426	-0.088	
3.36	-1.3428	-2.6006	0.723	-0.3736	0.0964	-0.4482	
3.37	-1.0895	-3.0001	0.6699	-0.2746	-0.0692	-0.6075	
3.38	-1.0731	-2.9075	0.7509	-0.2559	-0.1952	-0.5709	
3.39	-0.982	-3.0128	0.6078	-0.2219	-0.3203	-0.3086	
3.4	-0.9622	-2.9594	0.5868	-0.2231	-0.4322	0.1179	
3.41	-0.9597	-2.803	0.4427	-0.2434	-0.572	0.6772	
3.42	-0.9794	-2.6714	0.2597	-0.2639	-0.68	1.0254	
3.43	-1.1011	-2.5155	0.0482	-0.3098	-0.6863	1.5793	
3.44	-1.0232	-2.5169	-0.152	-0.4322	-0.7488	1.5005	
3.45	-1.313	-2.5348	-0.3778	-0.4884	-0.6506	1.6879	
3.46	-1.4714	-2.0685	-0.6219	-0.5997	-0.6194	1.3532	
3.47	-1.4673	-2.1657	-0.7899	-0.6617	-0.6013	0.8049	
3.48	-1.579	-2.1433	-0.8853	-0.9154	-0.5155	0.408	
3.49	-1.6904	-1.7134	-0.9466	-1.0553	-0.3741	0.0384	
3.5	-2.065	-1.7787	-1.0308	-1.1375	-0.228	-0.1953	
3.51	-2.0098	-1.5266	-1.0167	-1.1224	-0.1103	-0.2136	
3.52	-2.4601	-1.4192	-0.8056	-1.3177	0.0188	0.0022	
3.53	-2.505	-1.1185	-0.6691	-1.3805	0.1493	0.3975	
3.54	-2.4563	-1.0327	-0.4491	-1.5322	0.2874	0.8972	
3.55	-2.8026	-0.7597	-0.188	-1.369	0.4098	1.2003	
3.56	-2.7623	-0.6708	0.1503	-1.3893	0.5265	1.7475	
3.57	-2.9835	-0.5687	0.4552	-1.2875	0.6084	1.8742	
3.58	-2.5183	-0.45	0.7778	-1.2537	0.5496	1.6726	
3.59	-2.6556	-0.3723	1.2009	-1.2002	0.6785	1.3995	
3.6	-2.5754	-0.3552	1.6584	-1.0008	0.6431	0.9038	
3.61	-2.8711	-0.2502	1.7625	-0.8989	0.5239	0.4908	
3.62	-2.481	-0.222	2.0715	-0.7192	0.4883	0.0525	
3.63	-2.539	-0.2217	2.3737	-0.5065	0.34	-0.2447	
3.64	-2.4995	-0.2287	2.3282	-0.2173	0.2523	-0.3184	
3.65	-2.0885	-0.2759	2.4727	0.0204	0.0647	-0.1676	
3.66	-1.7634	-0.2853	2.2523	0.2959	-0.138	0.1327	
3.67	-1.8399	-0.3932	2.1919	0.5206	-0.3536	0.5713	
3.68	-1.573	-0.4783	1.8028	0.8341	-0.5949	0.9162	
3.69	-1.2657	-0.479	1.5499	1.0242	-0.7523	1.4234	
3.7	-1.1363	-0.6505	1.2022	1.2731	-1.0319	1.5811	
3.71	-0.9611	-0.6431	1.0301	1.2826	-1.212	1.376	
3.72	-0.7973	-0.8689	0.5431	1.5035	-1.5175	1.0187	
3.73	-0.6494	-0.9202	0.2222	1.745	-1.7627	0.5371	
3.74	-0.4608	-0.959	-0.1037	1.6967	-2.1154	0.0429	
3.75	-0.3373	-1.0261	-0.4015	1.5837	-2.2718	-0.3979	
3.76	-0.3024	-1.2938	-0.6738	1.7166	-2.4323	-0.7515	
3.77	-0.2314	-1.2473	-0.8818	1.4218	-2.3567	-0.9881	
3.78	-0.1718	-1.308	-1.0042	1.4236	-2.7026	-0.8344	
3.79	-0.1751	-1.3318	-1.2131	1.297	-2.5444	-0.5767	
3.8	-0.2086	-1.261	-1.0921	1.0964	-2.4124	-0.1753	
3.81	-0.2642	-1.2798	-1.0886	0.7894	-2.6505	0.2379	
3.82	-0.3272	-1.4298	-1.0096	0.4676	-2.2802	0.6047	
3.83	-0.3702	-1.266	-0.7945	0.2108	-2.2293	0.6419	
3.84	-0.5391	-1.1554	-0.7494	-0.0882	-2.3781	0.5627	
3.85	-0.5747	-1.1471	-0.5011	-0.3658	-2.1949	0.2778	
3.86	-0.74	-1.1915	-0.3182	-0.6225	-1.9684	-0.1816	
3.87	-0.8944	-0.9592	-0.1335	-0.8936	-1.9034	-0.7276	
3.88	-1.0055	-0.8211	0.0083	-1.2862	-1.6286	-1.2592	
3.89	-1.0609	-0.6647	0.1344	-1.38	-1.6805	-1.5776	
3.9	-1.1447	-0.5733	0.211	-1.6563	-1.5721	-1.729	
3.91	-1.2622	-0.3876	0.2598	-1.6852	-1.3855	-1.5208	
3.92	-1.4701	-0.1954	0.2662	-1.7995	-1.2437	-1.4196	
3.93	-1.3467	-0.0022	0.2381	-1.8234	-1.1273	-1.0299	
3.94	-1.4011	0.1916	0.145	-1.5722	-1.0643	-0.6565	
3.95	-1.3905	0.4026	0.0564	-1.451	-0.9096	-0.324	
3.96	-1.3858	0.6019	-0.049	-1.5223	-0.9445	-0.1498	
3.97	-1.329	0.7534	-0.1659	-1.2776	-0.9986	-0.1917	
3.98	-1.3698	0.9053	-0.2514	-0.8869	-0.9595	-0.4661	
3.99	-1.2553	1.0061	-0.3953	-0.7406	-0.9639	-0.9378	
4.0	-1.076	1.1249	-0.4165	-0.3918	-1.1791	-1.5338	
4.01	-0.7768	1.2907	-0.4591	-0.0778	-1.2675	-1.9016	
4.02	-0.6399	1.4062	-0.4198	0.2441	-1.2227	-2.3765	
4.03	-0.472	1.5868	-0.3133	0.625	-1.6212	-2.6373	
4.04	-0.2627	1.5363	-0.2147	0.9892	-1.7027	-2.5116	
4.05	-0.041	1.6295	-0.0437	1.272	-1.8265	-2.1397	
4.06	0.1584	1.8145	0.1669	1.6697	-1.857	-1.5383	
4.07	0.345	1.7874	0.3956	1.7921	-1.9158	-1.1328	
4.08	0.5811	1.7721	0.6918	2.1607	-2.2429	-0.8854	
4.09	0.827	1.6481	0.9041	2.402	-2.2232	-0.6566	
4.1	0.8941	1.6368	1.0158	2.1865	-2.2383	-0.6641	
4.11	0.9937	1.5993	1.2822	2.276	-2.4624	-0.7824	
4.12	1.1692	1.5979	1.5229	2.2864	-2.3678	-1.191	
4.13	1.1625	1.4284	1.468	2.2818	-2.3866	-1.6274	
4.14	1.4037	1.2396	1.5201	2.095	-2.2765	-2.3446	
4.15	1.2898	1.1303	1.74	2.0311	-2.2869	-2.467	
4.16	1.4371	1.1896	1.5651	1.9461	-2.3641	-2.7414	
4.17	1.3153	1.0743	1.2386	1.8407	-2.0134	-2.7575	
4.18	1.2981	0.8134	1.1423	1.5063	-1.7673	-2.188	
4.19	1.126	0.7725	0.8779	1.2759	-1.5297	-1.7353	
4.2	1.1847	0.7285	0.43	1.1938	-1.4807	-1.3268	
4.21	1.0469	0.659	0.1036	0.8228	-1.3372	-0.8516	
4.22	0.8381	0.5574	-0.2876	0.5848	-0.9056	-0.6581	
4.23	0.6903	0.4648	-0.696	0.3544	-0.684	-0.597	
4.24	0.5583	0.4116	-0.9975	0.1122	-0.533	-0.665	
4.25	0.4839	0.4181	-1.3834	-0.0823	-0.2561	-0.9484	
4.26	0.3178	0.3864	-1.512	-0.2448	-0.0728	-1.5066	
4.27	0.1754	0.455	-1.7565	-0.4072	0.1273	-2.0797	
4.28	0.0794	0.4278	-1.9613	-0.5229	0.2823	-2.0296	
4.29	0.0026	0.5464	-2.0812	-0.5851	0.4455	-2.3293	
4.3	-0.0611	0.5746	-2.0431	-0.534	0.5692	-2.1598	
4.31	-0.0879	0.6977	-1.8901	-0.5756	0.6673	-1.9798	
4.32	-0.112	0.8501	-1.8721	-0.5118	0.6271	-1.5324	
4.33	-0.0955	0.8433	-1.7583	-0.41	0.6876	-1.0479	
4.34	-0.0423	1.0658	-1.4024	-0.2956	0.6712	-0.4782	
4.35	0.032	1.1922	-1.0828	-0.1455	0.6209	-0.1947	
4.36	0.1236	1.3799	-0.7105	0.0152	0.5714	-0.0556	
4.37	0.2557	1.5588	-0.4259	0.2114	0.4242	-0.1632	
4.38	0.4129	1.5739	-0.1605	0.409	0.3155	-0.489	
4.39	0.5244	1.6783	0.1152	0.6078	0.1518	-0.9252	
4.4	0.6994	1.808	0.3301	0.701	0.0118	-1.1833	
4.41	0.9594	2.1107	0.492	0.9707	-0.1462	-1.4821	
4.42	1.1833	2.126	0.6097	1.0087	-0.3134	-1.8405	
4.43	1.3174	2.1723	0.7474	1.2564	-0.4091	-1.6651	
4.44	1.4441	2.213	0.6867	1.4475	-0.5717	-1.2704	
4.45	1.6208	2.4201	0.7166	1.3872	-0.7048	-0.962	
4.46	1.6681	2.7551	0.6155	1.388	-0.7713	-0.3424	
4.47	1.9363	2.3688	0.4675	1.6501	-0.8712	0.1146	
4.48	1.8353	2.6188	0.399	1.6668	-1.0049	0.465	
4.49	2.1758	2.6813	0.2148	1.4623	-0.9338	0.6184	
4.5	2.011	2.8461	0.0531	1.4846	-0.9088	0.5137	
4.51	2.0235	2.4555	-0.0866	1.4568	-0.9638	0.2495	
4.52	1.9725	2.6451	-0.1921	1.3395	-0.8483	-0.1674	
4.53	2.1494	2.5733	-0.3194	1.2313	-0.7025	-0.5445	
4.54	2.0318	2.1443	-0.361	1.1658	-0.7221	-1.009	
4.55	1.8917	2.2887	-0.3387	1.1641	-0.5411	-1.0519	
4.56	1.6737	2.0641	-0.3547	1.0956	-0.4366	-1.0912	
4.57	1.6596	1.7502	-0.2611	1.0036	-0.2394	-0.7894	
4.58	1.5557	1.7853	-0.1796	1.1278	-0.1177	-0.3903	
4.59	1.4585	1.5645	-0.0642	0.9401	0.025	0.0699	
4.6	1.107	1.4207	0.0549	1.0246	0.1595	0.4864	
4.61	0.9134	1.4358	0.1858	0.9428	0.259	0.9231	
4.62	0.8348	1.1444	0.2865	1.0307	0.3513	0.942	
4.63	0.7078	0.9968	0.3561	0.9653	0.4341	0.8409	
4.64	0.4688	0.788	0.4291	1.1006	0.4674	0.6734	
4.65	0.3742	0.7639	0.3745	1.1215	0.5392	0.1882	
4.66	0.2505	0.5953	0.3575	1.2486	0.4814	-0.2554	
4.67	0.1859	0.5087	0.2112	1.3118	0.4338	-0.7266	
4.68	0.0992	0.4155	0.0601	1.2825	0.3784	-0.9441	
4.69	0.0633	0.375	-0.1452	1.443	0.2675	-0.8956	
4.7	0.0467	0.3267	-0.3999	1.4857	0.1325	-0.7514	
4.71	0.068	0.3169	-0.6395	1.2903	-0.0247	-0.4123	
4.72	0.1034	0.3151	-1.0265	1.358	-0.2217	0.0821	
4.73	0.1628	0.2826	-1.1912	1.3096	-0.4262	0.5136	
4.74	0.2889	0.3123	-1.6262	1.3201	-0.6848	0.7591	
4.75	0.4123	0.382	-2.04	1.3949	-0.8875	0.9516	
4.76	0.5381	0.405	-2.0133	1.2291	-1.1162	0.9087	
4.77	0.6563	0.5722	-2.0761	1.2853	-1.3734	0.5088	
4.78	0.853	0.6433	-2.3519	1.1997	-1.6817	0.0664	
4.79	0.8864	0.6744	-2.496	1.0892	-1.771	-0.443	
4.8	1.1682	0.8421	-2.351	0.8222	-1.8913	-0.9175	
4.81	1.1377	0.9505	-2.0299	0.7594	-2.0903	-1.2205	
4.82	1.4577	0.9972	-1.9124	0.5471	-2.1824	-1.2794	
4.83	1.6242	1.2251	-1.587	0.4395	-2.442	-1.2196	
4.84	1.5951	1.1564	-1.3422	0.2554	-2.2904	-0.7865	
4.85	1.6472	1.5182	-1.0973	0.1242	-2.2227	-0.4253	
4.86	1.5549	1.4865	-0.6805	-0.0071	-2.3358	-0.0036	
4.87	1.6282	1.4765	-0.3532	-0.1089	-2.4316	0.3042	
4.88	1.8533	1.5923	0.027	-0.1769	-2.2485	0.3884	
4.89	1.632	1.5196	0.3476	-0.2389	-2.3033	0.3278	
4.9	1.5126	1.7336	0.6406	-0.2705	-2.2703	-0.0165	
4.91	1.448	1.7839	0.8866	-0.2401	-1.8678	-0.5223	
4.92	1.4527	1.5735	1.158	-0.1845	-1.7106	-1.0179	
4.93	1.2435	1.7161	1.2388	-0.0979	-1.5969	-1.4379	
4.94	1.1484	1.6374	1.0826	0.0349	-1.499	-1.8747	
4.95	0.8356	1.6888	1.1347	0.2018	-1.2532	-2.052	
4.96	0.778	1.562	0.9479	0.3737	-1.0441	-1.7283	
4.97	0.5134	1.3971	0.7998	0.6004	-0.9064	-1.5795	
4.98	0.3373	1.3293	0.5558	0.893	-0.9058	-1.0833	
4.99	0.1647	0.9978	0.3552	1.0099	-0.7074	-0.7476	
5.0	-0.0162	0.8795	0.061	1.4423	-0.6021	-0.4626	
5.01	-0.1887	0.7286	-0.2105	1.642	-0.5875	-0.3441	
5.02	-0.3106	0.6612	-0.4913	1.6597	-0.5059	-0.4435	
5.03	-0.4794	0.4305	-0.7292	2.0253	-0.5861	-0.6439	
5.04	-0.5446	0.2699	-0.9182	2.3117	-0.5291	-1.1022	
5.05	-0.6438	0.1338	-1.1638	2.3518	-0.6226	-1.5481	
5.06	-0.6061	-0.0416	-1.3803	2.7074	-0.6826	-2.3626	
5.07	-0.6226	-0.2177	-1.3623	2.4691	-0.726	-2.5364	
5.08	-0.6374	-0.3676	-1.4506	2.4751	-0.9457	-2.7709	
5.09	-0.6377	-0.4604	-1.4968	2.3699	-0.9834	-2.7032	
5.1	-0.5562	-0.5422	-1.2706	2.2511	-1.1792	-2.3718	
5.11	-0.4893	-0.7104	-1.1638	2.5745	-1.2983	-1.743	
5.12	-0.3567	-0.8111	-1.1218	2.3742	-1.461	-1.4578	
5.13	-0.2219	-0.8667	-1.0677	2.1306	-1.5833	-1.164	
5.14	-0.0627	-0.9609	-0.8169	1.7732	-1.5667	-0.8351	
5.15	0.0893	-0.8521	-0.8575	1.5844	-1.7309	-0.8394	
5.16	0.2467	-0.8542	-0.7364	1.2016	-1.7642	-1.1178	
5.17	0.4223	-0.952	-0.6407	0.8839	-1.8901	-1.4412	
5.18	0.5138	-0.9148	-0.6587	0.4804	-1.7451	-2.2444	
5.19	0.7131	-0.7104	-0.8017	0.1801	-1.7251	-2.7596	
5.2	0.8524	-0.6936	-0.8159	-0.1256	-1.7284	-3.0637	
5.21	0.9277	-0.5531	-0.9641	-0.3813	-1.5468	-2.7929	
5.22	1.0018	-0.4583	-1.159	-0.753	-1.5215	-3.0743	
5.23	0.9411	-0.4123	-1.3203	-0.9973	-1.393	-2.5727	
5.24	1.1029	-0.2762	-1.3578	-1.1554	-1.1312	-2.2873	
5.25	1.0335	-0.1254	-1.4953	-1.232	-0.9009	-1.6366	
5.26	0.923	-0.0094	-1.6796	-1.3286	-0.724	-1.314	
5.27	0.8939	0.1106	-2.0401	-1.4554	-0.4275	-1.0158	
5.28	0.8692	0.2237	-1.8447	-1.4477	-0.1805	-0.9321	
5.29	0.7419	0.3475	-2.1352	-1.3872	0.0662	-1.0608	
5.3	0.5749	0.4999	-1.9827	-1.1081	0.3191	-1.6246	
5.31	0.4354	0.5865	-1.9035	-1.1122	0.5871	-2.0196	
5.32	0.3531	0.6318	-1.4792	-0.8852	0.7616	-2.2895	
5.33	0.1561	0.6933	-1.3968	-0.591	1.0388	-2.758	
5.34	-0.018	0.7685	-1.1278	-0.3612	1.1847	-2.7576	
5.35	-0.2043	0.7701	-0.7668	-0.0388	1.3338	-2.5634	
5.36	-0.3213	0.8244	-0.5244	0.2736	1.3438	-2.1779	
5.37	-0.4722	0.8625	-0.181	0.5674	1.3619	-1.7605	
5.38	-0.6823	0.8174	0.1439	0.918	1.4833	-1.2697	
5.39	-0.7594	0.7444	0.4743	1.0435	1.5004	-0.8796	
5.4	-0.8084	0.661	0.657	1.4715	1.526	-0.5721	
5.41	-0.843	0.5429	0.9481	1.5221	1.5237	-0.4919	
5.42	-1.0069	0.4662	1.0775	1.7187	1.2839	-0.6476	
5.43	-1.077	0.3621	1.1875	1.8447	1.1485	-0.8961	
5.44	-0.8942	0.2926	1.0428	2.0463	1.0815	-1.1811	
5.45	-0.963	0.1331	1.0583	1.9717	0.9779	-1.8686	
5.46	-0.8468	0.0078	0.899	1.9582	0.8652	-2.0945	
5.47	-0.7546	-0.1411	0.5945	2.0015	0.7411	-2.1283	
5.48	-0.6633	-0.243	0.3133	1.9201	0.5334	-1.988	
5.49	-0.447	-0.3693	-0.0445	1.9777	0.4034	-1.5267	
5.5	-0.2962	-0.5241	-0.43	1.5272	0.2506	-1.1726	
5.51	-0.1414	-0.6939	-0.7786	1.4848	0.1549	-0.5889	
5.52	0.0349	-0.6959	-1.259	1.2847	0.0648	-0.1534	
5.53	0.2231	-0.8553	-1.4089	0.9357	0.0057	0.1902	
5.54	0.369	-0.8966	-1.7509	0.655	-0.0303	0.2844	
5.55	0.5748	-0.9868	-2.201	0.392	-0.0349	0.2209	
5.56	0.7889	-1.0041	-2.1668	0.0855	-0.0169	-0.0768	
5.57	0.8259	-1.1603	-2.575	-0.1789	0.0321	-0.4588	
5.58	1.0894	-1.0316	-2.4014	-0.4233	0.1135	-0.9506	
5.59	1.0373	-1.0013	-2.2643	-0.588	0.2072	-1.165	
5.6	1.0867	-0.9237	-2.2257	-0.9297	0.3012	-1.3103	
5.61	1.313	-0.9542	-2.3312	-1.0055	0.4469	-1.3557	
5.62	1.1687	-0.8149	-2.3278	-1.1627	0.5495	-0.9416	
5.63	1.2399	-0.8253	-1.7535	-1.0981	0.7041	-0.4699	
5.64	1.1785	-0.665	-1.7174	-1.3154	0.8541	0.0344	
5.65	1.0938	-0.5141	-1.5707	-1.1981	1.1063	0.5339	
5.66	1.131	-0.4411	-1.3384	-1.1513	1.2431	0.8384	
5.67	0.9846	-0.2513	-0.9941	-1.1086	1.2283	1.0095	
5.68	0.8597	-0.1207	-0.8049	-1.0593	1.5069	0.9217	
5.69	0.7219	0.0509	-0.6961	-0.9341	1.4419	0.5544	
5.7	0.5148	0.1879	-0.6207	-0.8836	1.6111	0.1603	
5.71	0.3986	0.3855	-0.5871	-0.6895	1.398	-0.2588	
5.72	0.2239	0.5231	-0.5727	-0.5523	1.4967	-0.6107	
5.73	0.1039	0.6097	-0.6016	-0.4355	1.5598	-0.7452	
5.74	-0.0313	0.8285	-0.6372	-0.3186	1.2316	-0.8208	
5.75	-0.1385	0.8841	-0.7442	-0.1671	1.3473	-0.5888	
5.76	-0.2336	0.9873	-0.9668	-0.0433	1.1024	-0.1181	
5.77	-0.3145	1.1743	-1.0814	0.0547	0.846	0.3356	
5.78	-0.3349	1.1446	-1.0886	0.1464	0.7465	0.813	
5.79	-0.3873	1.2812	-1.1578	0.2038	0.5031	1.1068	
5.8	-0.3359	1.1975	-1.0968	0.2505	0.3291	1.2888	
5.81	-0.3455	1.2328	-1.1358	0.2438	0.0865	1.1062	
5.82	-0.2638	1.2946	-1.064	0.2262	-0.1552	0.7915	
5.83	-0.1549	1.1683	-0.9631	0.186	-0.3706	0.3818	
5.84	-0.0307	1.2526	-0.8849	0.1463	-0.5978	-0.126	
5.85	0.1148	1.1911	-0.838	0.1031	-0.7841	-0.5268	
5.86	0.3057	0.946	-0.6178	0.0254	-1.0065	-0.7888	
5.87	0.4911	0.8957	-0.3603	-0.051	-0.977	-0.7891	
5.88	0.6096	0.7955	-0.1555	-0.1405	-1.3036	-0.6932	
5.89	0.7624	0.7474	0.0385	-0.2099	-1.2584	-0.2585	
5.9	0.9801	0.542	0.2223	-0.2851	-1.3166	0.166	
5.91	1.1942	0.4886	0.3592	-0.3538	-1.3422	0.5325	
5.92	1.5136	0.3494	0.415	-0.3785	-1.3206	0.8447	
5.93	1.4174	0.2102	0.4889	-0.4771	-1.1794	1.018	
5.94	1.5497	0.0754	0.41	-0.4444	-1.1711	0.7896	
5.95	2.0112	-0.036	0.3051	-0.5132	-0.9909	0.5813	
5.96	1.9613	-0.1338	0.145	-0.4267	-0.9612	0.06	
5.97	1.9309	-0.2459	-0.0681	-0.4523	-0.8472	-0.4561	
5.98	1.9414	-0.2843	-0.3634	-0.385	-0.6457	-0.8848	
5.99	2.0893	-0.3624	-0.6791	-0.3475	-0.4448	-1.098	
6.0	2.24	-0.4273	-0.9435	-0.3298	-0.2847	-1.3819	
6.01	1.8699	-0.4462	-1.3567	-0.2707	-0.114	-1.0539	
6.02	1.7908	-0.3968	-1.6178	-0.2376	0.0521	-0.8005	
6.03	1.9852	-0.4391	-2.1031	-0.1725	0.206	-0.4321	
6.04	1.5745	-0.3444	-2.5194	-0.1401	0.3166	-0.0194	
6.05	1.6477	-0.3023	-2.8804	-0.1209	0.3923	0.2662	
6.06	1.5925	-0.2543	-2.9952	-0.1042	0.5044	0.407	
6.07	1.2714	-0.1395	-2.8159	-0.1172	0.5414	0.304	
6.08	1.1565	-0.052	-3.142	-0.1802	0.5324	-0.0389	
6.09	1.0526	0.0649	-3.2379	-0.2285	0.5369	-0.5547	
6.1	0.8028	0.1817	-2.916	-0.2867	0.59	-0.9377	
6.11	0.6667	0.3278	-2.7866	-0.4331	0.5436	-1.4688	
6.12	0.5629	0.4538	-2.2769	-0.5694	0.4007	-1.6629	
6.13	0.4886	0.6161	-2.2222	-0.6557	0.3322	-1.8349	
6.14	0.4347	0.7532	-1.7144	-0.8208	0.2201	-1.8883	
6.15	0.346	0.8223	-1.3074	-0.9672	0.0912	-1.3854	
6.16	0.3128	1.0697	-1.1025	-1.091	-0.0441	-1.1738	
6.17	0.3141	1.2107	-0.6805	-1.3948	-0.1664	-0.5959	
6.18	0.3961	1.2998	-0.3777	-1.5025	-0.2835	-0.343	
6.19	0.4289	1.3717	-0.1297	-1.5803	-0.4174	-0.1789	
6.2	0.4504	1.545	0.0792	-1.9327	-0.4563	-0.2552	
6.21	0.6393	1.5978	0.2247	-1.7634	-0.5622	-0.5455	
6.22	0.6748	1.6107	0.2846	-1.834	-0.6427	-0.9276	
6.23	0.8518	1.6183	0.3165	-2.0058	-0.5764	-1.3904	
6.24	1.0389	1.4097	0.2597	-2.0345	-0.5838	-1.9092	
6.25	1.2717	1.5503	0.1695	-2.2083	-0.6197	-2.0578	
6.26	1.2406	1.4464	0.0506	-2.131	-0.4804	-2.3869	
6.27	1.5206	1.5392	-0.1138	-1.7684	-0.3884	-2.4	
6.28	1.6581	1.3578	-0.3266	-1.813	-0.2682	-1.74	
6.29	1.8184	1.1454	-0.4525	-1.67	-0.0781	-1.3439	
6.3	1.8353	1.1393	-0.606	-1.5099	0.1016	-0.9419	
6.31	2.2447	0.9287	-0.7972	-1.1621	0.3231	-0.5986	
6.32	2.0127	0.8655	-1.036	-0.9524	0.5311	-0.3487	
6.33	2.189	0.654	-1.0139	-0.7733	0.7512	-0.3548	
6.34	2.2957	0.5282	-1.2003	-0.5323	1.1184	-0.6404	
6.35	2.0804	0.3813	-0.9974	-0.2279	1.211	-1.0117	
6.36	2.4277	0.219	-1.1506	0.0001	1.6193	-1.3137	
6.37	2.0372	0.0449	-0.9856	0.2325	1.608	-1.7466	
6.38	2.323	-0.1168	-0.9814	0.4105	1.8317	-2.3442	
6.39	2.1454	-0.2805	-0.7362	0.5572	1.96	-2.1398	
6.4	2.0292	-0.4048	-0.7454	0.7507	2.3199	-2.2525	
6.41	1.6719	-0.5512	-0.642	0.7628	2.1997	-1.8891	
6.42	1.66	-0.6355	-0.5696	0.8007	2.7297	-1.2739	
6.43	1.3888	-0.6616	-0.4956	0.8508	2.3101	-0.7768	
6.44	1.1761	-0.7799	-0.4307	0.7523	2.5612	-0.3401	
6.45	1.0225	-0.8296	-0.4817	0.6963	2.7258	-0.0508	
6.46	0.8121	-0.8723	-0.597	0.5041	2.456	0.0037	
6.47	0.6081	-0.8646	-0.6535	0.3428	2.683	-0.1434	
6.48	0.5061	-0.9224	-0.8228	0.0841	2.5158	-0.4673	
6.49	0.2959	-0.794	-1.0573	-0.1725	2.3735	-0.9793	
6.5	0.1713	-0.7783	-1.2248	-0.5045	2.0996	-1.1936	
6.51	0.0575	-0.7282	-1.4366	-0.7924	2.1264	-1.6135	
6.52	-0.0302	-0.7462	-1.7818	-1.0152	1.6026	-1.6748	
6.53	-0.0863	-0.6706	-1.9986	-1.3794	1.5956	-1.4312	
6.54	-0.1336	-0.4732	-2.0489	-1.5831	1.6025	-1.194	
6.55	-0.1315	-0.4172	-2.6899	-2.2443	1.2892	-0.6176	
6.56	-0.1126	-0.322	-2.3308	-2.2713	1.2834	-0.1046	
6.57	-0.0657	-0.2213	-2.5797	-2.3735	1.0262	0.3977	
6.58	0.0095	-0.0966	-2.7621	-2.8466	0.9621	0.7025	
6.59	0.1039	0.0009	-2.4438	-2.6638	0.8447	0.8278	
6.6	0.2189	0.0915	-2.3237	-2.6806	0.9829	0.7105	
6.61	0.3535	0.1954	-2.1474	-2.8762	0.8727	0.3346	
6.62	0.491	0.2335	-2.079	-3.1685	0.8373	-0.0367	
6.63	0.6231	0.3334	-1.6977	-2.6252	0.8812	-0.4295	
6.64	0.6625	0.3339	-1.2589	-2.6926	0.9712	-0.7207	
6.65	0.8844	0.4094	-0.8699	-2.8439	1.2261	-0.7839	
6.66	0.9449	0.3772	-0.4208	-2.4566	1.238	-0.6363	
6.67	1.0649	0.3887	-0.0695	-2.2126	1.2536	-0.3482	
6.68	1.1354	0.3404	0.2593	-1.9993	1.5599	0.1366	
6.69	1.2228	0.2939	0.5625	-1.4104	1.7564	0.642	
6.7	1.2964	0.2146	0.7832	-1.347	1.6442	1.2221	
6.71	1.3222	0.1217	0.9146	-0.9897	2.0225	1.4454	
6.72	1.1962	0.0155	1.0905	-0.5385	2.1826	1.7374	
6.73	1.1525	-0.1038	1.0279	-0.2646	1.9551	1.4537	
6.74	1.1071	-0.2697	0.9869	-0.0099	2.288	1.2683	
6.75	0.9531	-0.4504	0.8058	0.2248	2.2016	0.7342	
6.76	0.811	-0.6101	0.5679	0.4835	2.2402	0.3864	
6.77	0.5788	-0.7843	0.336	0.6118	2.1398	0.0535	
6.78	0.404	-1.0041	0.0616	0.6808	2.4508	-0.0798	
6.79	0.2612	-1.1981	-0.2675	0.7851	2.3623	-0.0056	
6.8	0.0345	-1.2455	-0.5117	0.8096	2.1381	0.31	
6.81	-0.169	-1.4098	-0.8858	0.8593	1.8159	0.7073	
6.82	-0.4285	-1.6619	-1.1412	0.729	1.6839	1.2277	
6.83	-0.5679	-1.6839	-1.4934	0.6662	1.5925	1.7647	
6.84	-0.8544	-2.0085	-1.5409	0.4539	1.4609	2.1209	
6.85	-0.898	-2.0951	-1.6009	0.2699	1.1877	1.9443	
6.86	-1.0785	-1.9685	-1.9139	0.0716	0.9863	1.9625	
6.87	-1.2948	-2.2055	-1.9551	-0.1451	0.6222	1.5753	
6.88	-1.3279	-2.4136	-1.6745	-0.3768	0.4226	1.2301	
6.89	-1.6707	-2.1615	-1.8845	-0.6963	0.2052	0.818	
6.9	-1.5577	-2.6413	-1.7442	-0.9538	0.0091	0.4126	
6.91	-1.7633	-2.54	-1.3796	-1.1634	-0.1773	0.1994	
6.92	-1.5745	-2.5792	-1.4137	-1.2976	-0.3797	0.2149	
6.93	-1.6045	-2.3281	-1.0789	-1.5756	-0.4914	0.4742	
6.94	-1.5825	-2.2742	-1.1392	-1.7394	-0.5499	0.7675	
6.95	-1.6817	-2.3321	-0.9969	-1.8487	-0.7449	1.3742	
6.96	-1.4956	-2.1806	-0.926	-1.8717	-0.711	1.8754	
6.97	-1.3953	-2.1299	-0.7556	-1.818	-0.675	1.9039	
6.98	-1.3243	-2.0317	-0.7377	-2.1162	-0.6493	2.0911	
6.99	-1.1318	-2.0504	-0.7684	-1.9716	-0.7246	1.8182	
7.0	-1.0573	-1.6245	-0.858	-2.0123	-0.5741	1.7216	
7.01	-0.8591	-1.6675	-0.9686	-1.7836	-0.4379	1.0324	
7.02	-0.7696	-1.4745	-1.1446	-1.6092	-0.3219	0.5893	
7.03	-0.6164	-1.3703	-1.1083	-1.6526	-0.1832	0.1895	
7.04	-0.5004	-1.399	-1.2096	-1.5715	-0.045	-0.0517	
7.05	-0.481	-1.3097	-1.3197	-1.2158	0.1176	-0.0855	
7.06	-0.3511	-1.1801	-1.4984	-1.1534	0.311	0.0784	
7.07	-0.3368	-0.9601	-1.4281	-1.0705	0.4531	0.4565	
7.08	-0.3489	-0.9811	-1.5136	-0.8034	0.5615	0.8559	
7.09	-0.3575	-0.8848	-1.568	-0.7303	0.7165	1.1815	
7.1	-0.4455	-0.8234	-1.4863	-0.5727	0.8973	1.4417	
7.11	-0.4997	-0.8053	-1.3158	-0.4329	0.8847	1.6434	
7.12	-0.646	-0.9196	-1.0077	-0.3176	0.884	1.5942	
7.13	-0.8249	-0.8369	-0.8864	-0.2491	1.0609	1.1985	
7.14	-0.8926	-0.9294	-0.5209	-0.192	1.0653	0.7085	
7.15	-1.1622	-1.0953	-0.2111	-0.1774	0.9062	0.1239	
7.16	-1.2655	-1.1539	0.0852	-0.1612	0.9395	-0.298	
7.17	-1.3294	-1.1446	0.3889	-0.1538	0.8189	-0.6195	
7.18	-1.5142	-1.2848	0.6665	-0.1547	0.7861	-0.7221	
7.19	-1.985	-1.4527	0.8179	-0.2219	0.6418	-0.5662	
7.2	-2.0547	-1.5235	0.9773	-0.2587	0.5888	-0.2348	
7.21	-2.0894	-1.5547	1.161	-0.2851	0.4092	0.2035	
7.22	-2.3297	-1.911	1.1742	-0.3399	0.2522	0.6177	
7.23	-2.2575	-2.1749	1.2958	-0.3594	0.1239	0.8844	
7.24	-2.5251	-2.2029	1.0829	-0.4322	0.0011	1.0196	
7.25	-2.7309	-2.3263	0.8198	-0.4625	-0.1215	0.9841	
7.26	-2.9424	-2.4959	0.6774	-0.4144	-0.2033	0.5498	
7.27	-3.0112	-2.4116	0.3248	-0.4658	-0.2614	0.1115	
7.28	-2.8377	-2.7839	-0.016	-0.4122	-0.3042	-0.3864	
7.29	-2.573	-2.5404	-0.4154	-0.3755	-0.3894	-0.8613	
7.3	-2.6277	-2.8338	-0.7569	-0.3163	-0.3606	-1.0332	
7.31	-2.8173	-2.7842	-1.2141	-0.2333	-0.2786	-1.2658	
7.32	-2.4184	-2.9072	-1.6039	-0.1705	-0.2041	-1.095	
7.33	-2.4129	-2.7283	-1.9405	-0.1022	-0.1079	-0.7686	
7.34	-2.1868	-2.6972	-2.0056	-0.0099	0.0183	-0.314	
7.35	-2.2339	-2.9246	-2.2209	0.0854	0.1826	0.1142	
7.36	-1.8308	-2.5769	-2.3536	0.1628	0.3316	0.4187	
7.37	-1.7575	-2.7502	-2.3783	0.2497	0.5792	0.6131	
7.38	-1.7744	-2.5388	-2.247	0.2825	0.7475	0.6009	
7.39	-1.4839	-2.4423	-2.1754	0.3492	0.9823	0.3219	
7.4	-1.2816	-2.2612	-1.8476	0.3735	1.3111	-0.12	
7.41	-1.3	-1.8844	-1.8726	0.3641	1.4568	-0.6308	
7.42	-1.0637	-2.0675	-1.5532	0.3923	1.5933	-0.9668	
7.43	-1.0463	-1.6457	-1.3785	0.3407	1.9435	-1.192	
7.44	-0.9206	-1.5971	-0.9718	0.2988	2.2831	-1.2996	
7.45	-0.9595	-1.4246	-0.7686	0.2036	2.1061	-1.1637	
7.46	-0.9049	-1.131	-0.5095	0.086	2.5674	-0.8759	
7.47	-0.8407	-1.0899	-0.2383	-0.0351	2.575	-0.3691	
7.48	-1.0168	-0.9436	-0.0666	-0.1888	2.6358	0.1	
7.49	-1.0772	-0.7315	0.0734	-0.3165	2.5163	0.4775	
7.5	-1.1561	-0.6441	0.1559	-0.4689	2.6327	0.7444	
7.51	-1.3556	-0.4543	0.167	-0.6528	2.7605	0.6896	
7.52	-1.2351	-0.3784	0.1744	-0.8343	2.482	0.5046	
7.53	-1.5419	-0.2522	0.1197	-0.9291	2.144	0.1796	
7.54	-1.7883	-0.198	0.0324	-1.1561	2.2197	-0.2875	
7.55	-1.8493	-0.1217	-0.0664	-1.1446	2.0797	-0.5983	
7.56	-1.9498	-0.0918	-0.18	-1.2232	1.9692	-1.0019	
7.57	-2.1144	-0.0791	-0.302	-1.3033	1.8309	-1.0747	
7.58	-2.3851	-0.0702	-0.4078	-1.2546	1.5691	-0.7902	
7.59	-2.5269	-0.0998	-0.399	-1.1352	1.3607	-0.407	
7.6	-2.525	-0.133	-0.4519	-1.0954	1.2983	0.0544	
7.61	-2.644	-0.1759	-0.4428	-1.0702	1.1099	0.5619	
7.62	-2.659	-0.2727	-0.37	-0.8381	0.9967	0.9624	
7.63	-2.4397	-0.3259	-0.3088	-0.6941	0.8054	1.3877	
7.64	-2.3399	-0.4225	-0.1849	-0.4638	0.7118	1.4757	
7.65	-2.5894	-0.5001	-0.0361	-0.2181	0.6797	1.1301	
7.66	-2.2656	-0.6375	0.1237	0.0626	0.6405	0.9537	
7.67	-2.6103	-0.7735	0.2923	0.3545	0.6417	0.4928	
7.68	-2.3073	-0.8241	0.4811	0.5707	0.5997	0.0899	
7.69	-2.289	-0.8904	0.59	0.9394	0.6299	-0.1714	
7.7	-2.0276	-0.9657	0.8072	1.2625	0.689	-0.2432	
7.71	-1.6679	-1.0173	0.88	1.5553	0.9216	-0.0718	
7.72	-1.72	-1.0043	0.7892	1.8029	0.9796	0.2834	
7.73	-1.4005	-1.1225	0.7483	1.8897	1.0443	0.8477	
7.74	-1.0601	-1.1424	0.6643	2.2076	1.1056	1.2562	
7.75	-0.8855	-1.2634	0.571	2.3038	1.3156	1.6529	
7.76	-0.8083	-1.0523	0.381	2.1593	1.5447	1.9726	
7.77	-0.5443	-1.2213	0.0944	2.3848	1.4367	2.2582	
7.78	-0.462	-1.0628	-0.2006	2.0709	1.8011	2.2282	
7.79	-0.2899	-0.9983	-0.4839	2.3045	1.8711	1.7531	
7.8	-0.1841	-0.8376	-0.8523	1.9956	1.6811	1.1892	
7.81	-0.092	-0.8241	-1.1149	1.7226	1.9666	0.986	
7.82	-0.0205	-0.6485	-1.5033	1.6247	1.8882	0.5579	
7.83	0.0147	-0.5534	-1.7586	1.3027	1.6123	0.4951	
7.84	0.0191	-0.3562	-1.9404	1.0018	1.8785	0.5958	
7.85	-0.0029	-0.1721	-2.2816	0.7287	1.4866	0.8884	
7.86	-0.0467	-0.0096	-2.0597	0.4067	1.3559	1.4807	
7.87	-0.1329	0.1695	-2.0485	0.1377	1.3566	1.8727	
7.88	-0.2028	0.3654	-1.9994	-0.1583	1.2093	2.4275	
7.89	-0.2977	0.5692	-2.0955	-0.4325	0.8932	2.7176	
7.9	-0.4573	0.6855	-1.8795	-0.701	0.7687	2.6608	
7.91	-0.5926	0.9051	-1.314	-0.9382	0.486	2.4756	
7.92	-0.7088	1.0103	-1.1678	-1.0785	0.2464	2.3576	
7.93	-0.7625	1.1193	-0.6531	-1.2906	0.0116	1.9971	
7.94	-1.0092	1.5108	-0.3097	-1.4149	-0.2524	1.4216	
7.95	-1.0355	1.4919	0.0468	-1.4148	-0.4381	1.1525	
7.96	-1.1454	1.463	0.3811	-1.3368	-0.7427	0.9326	
7.97	-1.2795	1.8441	0.7748	-1.3336	-0.8483	1.0125	
7.98	-1.4061	1.9095	0.9819	-1.2157	-0.9571	1.2851	
7.99	-1.4379	1.8186	1.2179	-0.852	-1.1812	1.7317	
8.0	-1.4265	1.9693	1.3204	-0.7638	-1.1687	2.3371	
8.01	-1.3046	1.9239	1.4748	-0.4717	-1.422	2.5894	
8.02	-1.2356	1.763	1.573	-0.1531	-1.3672	2.8939	
8.03	-1.2152	1.7231	1.4343	0.1501	-1.3595	3.0588	
8.04	-1.153	1.6044	1.3276	0.4574	-1.355	2.9342	
8.05	-0.8957	1.6772	1.0487	0.7657	-1.3966	2.6192	
8.06	-0.8611	1.4564	0.9748	1.1377	-1.2917	2.068	
8.07	-0.6511	1.4635	0.7585	1.3121	-1.2467	1.3141	
8.08	-0.4479	1.398	0.4655	1.706	-1.0351	0.9613	
8.09	-0.2397	1.2712	0.2964	1.7669	-0.8814	0.8316	
8.1	-0.0573	1.1978	0.0837	2.0147	-0.6559	0.763	
8.11	0.1488	1.1439	-0.0895	2.1856	-0.6147	1.0897	
8.12	0.3107	0.9653	-0.2385	2.3024	-0.4013	1.2513	
8.13	0.5045	0.8165	-0.2861	2.7057	-0.2633	1.9712	
8.14	0.6367	0.7858	-0.3577	2.6415	-0.1374	2.2375	
8.15	0.8467	0.6089	-0.3729	2.5808	-0.0117	2.545	
8.16	0.97	0.592	-0.2793	2.4934	0.0805	2.3789	
8.17	1.056	0.4705	-0.2247	2.4607	0.1595	2.4044	
8.18	1.0727	0.4093	-0.121	2.2629	0.2098	1.9258	
8.19	1.1122	0.4538	-0.0222	2.0393	0.2146	1.5639	
8.2	1.2908	0.4428	0.0815	1.7365	0.2246	1.0264	
8.21	1.1724	0.4398	0.1733	1.6682	0.1645	0.529	
8.22	1.1024	0.3981	0.2833	1.4987	0.1224	0.2217	
8.23	1.0323	0.482	0.3268	1.2973	0.0234	0.1637	
8.24	0.9435	0.5366	0.3337	0.8505	-0.079	0.3436	
8.25	0.9472	0.6662	0.2523	0.6765	-0.2222	0.6835	
8.26	0.7974	0.681	0.1746	0.4784	-0.3202	1.0801	
8.27	0.5495	0.784	0.0762	0.3492	-0.5083	1.3991	
8.28	0.4638	0.8815	-0.0922	0.1511	-0.586	1.6708	
8.29	0.2733	0.9978	-0.2846	0.0295	-0.7378	1.721	
8.3	0.1458	1.3394	-0.4361	-0.0714	-0.967	1.6654	
8.31	0.0018	1.4594	-0.7429	-0.1381	-1.0149	1.3951	
8.32	-0.1231	1.598	-0.7999	-0.1575	-1.1366	0.7497	
8.33	-0.234	1.6206	-0.9623	-0.15	-1.0741	0.2817	
8.34	-0.3476	1.681	-1.2855	-0.1137	-1.2484	-0.1708	
8.35	-0.4754	1.7446	-1.2672	-0.0415	-1.3481	-0.4858	
8.36	-0.4782	1.9691	-1.1945	0.0472	-1.2821	-0.5438	
8.37	-0.5089	1.9812	-1.3641	0.1624	-1.0808	-0.39	
8.38	-0.53	2.0858	-1.3061	0.2657	-1.1979	-0.0595	
8.39	-0.4374	2.1474	-1.0347	0.4095	-1.0747	0.3789	
8.4	-0.4055	2.5266	-0.8554	0.5853	-0.7787	0.7137	
8.41	-0.3363	2.4245	-0.5255	0.7637	-0.7287	1.106	
8.42	-0.254	2.6767	-0.1867	0.8384	-0.5233	1.2422	
8.43	-0.0995	2.292	0.1663	1.0447	-0.3022	1.1391	
8.44	0.0388	2.293	0.508	1.1636	-0.0765	0.7953	
8.45	0.1925	2.5933	0.9829	1.2802	0.1388	0.2966	
8.46	0.3965	2.3147	1.202	1.2268	0.3964	-0.1844	
8.47	0.5823	2.1381	1.6219	1.339	0.5986	-0.6809	
8.48	0.7152	1.9203	1.9873	1.4067	0.7231	-0.978	
8.49	0.8481	1.83	2.0251	1.4315	0.8875	-1.0389	
8.5	1.0643	1.9665	2.3891	1.4014	1.0895	-0.8138	
8.51	1.1655	1.7421	2.0443	1.3941	1.192	-0.4371	
8.52	1.3819	1.703	2.2806	1.1654	1.4964	0.0007	
8.53	1.4594	1.3747	2.229	1.3363	1.5627	0.4159	
8.54	1.2846	1.3579	2.0981	1.2569	1.5246	0.8287	
8.55	1.4596	0.9963	1.7955	1.2377	1.6696	0.9804	
8.56	1.5146	1.0227	1.5565	1.0689	1.6287	0.9331	
8.57	1.4078	0.8537	1.0246	0.9888	1.5338	0.6873	
8.58	1.4946	0.6089	0.8497	1.0502	1.3964	0.304	
8.59	1.3372	0.4957	0.4367	0.9104	1.3557	-0.1922	
8.6	1.2266	0.4051	0.0998	0.8677	1.1237	-0.546	
8.61	1.0464	0.252	-0.2156	0.9094	0.9717	-0.8634	
8.62	0.8559	0.1804	-0.4806	0.9322	0.7689	-0.845	
8.63	0.8291	0.1207	-0.7096	1.0187	0.587	-0.7626	
8.64	0.5945	0.0719	-0.7522	1.0751	0.4946	-0.3239	
8.65	0.4448	0.035	-0.8032	1.1362	0.3134	0.1455	
8.66	0.2621	0.0297	-0.8575	1.1578	0.1218	0.5908	
8.67	0.0632	0.041	-0.838	1.1495	-0.0368	0.9605	
8.68	-0.1129	0.0713	-0.7373	1.2112	-0.1829	1.3161	
8.69	-0.2632	0.1079	-0.6341	1.331	-0.2929	1.3654	
8.7	-0.4093	0.1726	-0.4646	1.5372	-0.3976	1.184	
8.71	-0.5943	0.2692	-0.312	1.5056	-0.4172	0.7177	
8.72	-0.697	0.3197	-0.0963	1.63	-0.4402	0.2897	
8.73	-0.6916	0.4327	0.0962	1.512	-0.4904	-0.0772	
8.74	-0.8045	0.5299	0.2777	1.6433	-0.4516	-0.357	
8.75	-0.8079	0.7085	0.3901	1.6824	-0.401	-0.4004	
8.76	-0.7129	0.8372	0.4469	1.5061	-0.3322	-0.1979	
8.77	-0.6564	0.8959	0.5386	1.5312	-0.2684	0.1817	
8.78	-0.5976	1.1058	0.5981	1.5075	-0.1675	0.6484	
8.79	-0.6217	1.1832	0.5551	1.3246	-0.0429	1.1447	
8.8	-0.5025	1.2014	0.4969	1.212	0.0815	1.5639	
8.81	-0.3298	1.4012	0.374	0.9453	0.1861	2.011	
8.82	-0.1925	1.2413	0.3254	0.7458	0.2969	1.8353	
8.83	-0.0446	1.3265	0.2063	0.5575	0.411	1.8253	
8.84	0.102	1.3395	0.1115	0.3413	0.5181	1.4959	
8.85	0.2447	1.6016	0.0336	0.1828	0.6327	1.0848	
8.86	0.4153	1.5346	-0.0144	-0.0204	0.575	0.6457	
8.87	0.5864	1.5483	-0.0237	-0.2069	0.6465	0.3406	
8.88	0.6555	1.4033	0.0089	-0.3306	0.6255	0.3111	
8.89	0.7163	1.278	0.0989	-0.5198	0.6083	0.4942	
8.9	0.8689	1.3706	0.2213	-0.5566	0.565	0.7541	
8.91	0.7985	1.0565	0.4172	-0.6198	0.4559	1.2782	
8.92	0.98	1.01	0.6022	-0.6876	0.2872	1.8093	
8.93	0.9841	0.9169	0.8518	-0.642	0.1217	2.1364	
8.94	0.9178	0.7092	1.151	-0.6053	-0.0709	2.6074	
8.95	0.758	0.5696	1.478	-0.5318	-0.2494	2.8264	
8.96	0.6832	0.439	1.7784	-0.384	-0.5437	2.3619	
8.97	0.6475	0.2897	2.053	-0.238	-0.7289	1.9927	
8.98	0.5162	0.1342	2.019	-0.0473	-1.0351	1.6414	
8.99	0.3175	-0.0305	2.3076	0.2001	-1.1894	1.2203	
9.0	0.1667	-0.1995	2.2954	0.3932	-1.5713	0.9632	
9.01	-0.0193	-0.3309	2.1233	0.7354	-1.8362	0.7594	
9.02	-0.2144	-0.4623	2.4545	0.871	-1.7516	0.878	
9.03	-0.3742	-0.6471	2.343	1.1861	-2.2071	1.154	
9.04	-0.5337	-0.6586	1.9588	1.5754	-2.1729	1.541	
9.05	-0.7435	-0.7278	1.6369	1.6708	-2.5005	1.9939	
9.06	-0.8166	-0.9561	1.3709	2.1072	-2.5982	2.5571	
9.07	-1.0436	-0.9853	1.1034	1.9505	-2.7283	2.5832	
9.08	-1.0974	-0.8982	0.6627	2.044	-2.6194	2.718	
9.09	-1.2493	-0.9079	0.2731	2.3448	-2.4068	2.5598	
9.1	-1.1939	-0.9172	-0.1222	2.5741	-2.674	2.1547	
9.11	-1.2377	-0.9395	-0.4497	2.2825	-2.4321	1.5992	
9.12	-1.3248	-0.9921	-0.7443	2.4966	-2.0976	1.1761	
9.13	-1.3073	-0.918	-0.985	2.1998	-2.1131	0.9519	
9.14	-1.1473	-0.6814	-1.1419	1.9858	-2.0043	0.7413	
9.15	-1.0716	-0.6268	-1.1304	1.7157	-2.0637	0.7079	
9.16	-1.0301	-0.5882	-1.2286	1.6902	-1.6503	1.0147	
9.17	-0.9046	-0.4135	-1.1278	1.1999	-1.6011	1.4694	
9.18	-0.733	-0.2587	-0.9347	0.8975	-1.5534	1.695	
9.19	-0.6231	-0.1548	-0.8826	0.666	-1.2789	2.2784	
9.2	-0.448	-0.0072	-0.5048	0.3127	-1.1023	2.2078	
9.21	-0.2459	0.1283	-0.2705	-0.0242	-1.0771	2.4303	
9.22	-0.0878	0.2623	0.0628	-0.3808	-0.8644	2.1433	
9.23	0.0748	0.3861	0.3684	-0.6553	-0.785	1.9511	
9.24	0.257	0.5571	0.6805	-0.9463	-0.7583	1.2576	
9.25	0.374	0.6801	0.9532	-1.1491	-0.7311	0.7835	
9.26	0.5153	0.7799	1.2943	-1.462	-0.8587	0.4482	
9.27	0.5496	0.7582	1.4858	-1.7553	-0.7788	0.1703	
9.28	0.6916	0.7983	1.4471	-1.7882	-0.9481	0.1531	
9.29	0.749	0.9172	1.7535	-1.706	-0.9973	0.3701	
9.3	0.7123	0.9039	1.6537	-1.7937	-0.9904	0.6906	
9.31	0.6796	0.9016	1.8468	-1.7148	-1.3057	1.1905	
9.32	0.608	0.888	1.6315	-1.7382	-1.2821	1.5801	
9.33	0.6217	0.927	1.5715	-1.4433	-1.4626	1.6519	
9.34	0.54	0.88	1.3905	-1.2365	-1.5146	1.5897	
9.35	0.4056	0.7843	1.2386	-0.9844	-1.8587	1.6387	
9.36	0.2764	0.6359	1.1429	-0.9116	-1.881	1.1811	
9.37	0.1344	0.5714	1.082	-0.542	-1.8184	0.5846	
9.38	-0.0159	0.4595	0.9291	-0.2627	-2.1517	0.1006	
9.39	-0.1718	0.3058	0.9012	0.0171	-2.1227	-0.3465	
9.4	-0.3083	0.1973	0.8562	0.3039	-2.22	-0.5713	
9.41	-0.4567	0.0624	0.9028	0.5474	-1.9477	-0.7258	
9.42	-0.5697	-0.0773	0.8602	0.82	-2.1832	-0.5231	
9.43	-0.7436	-0.216	0.8502	0.9695	-2.1709	-0.1894	
9.44	-0.7547	-0.3317	1.1325	1.1255	-1.9259	0.2181	
9.45	-0.8459	-0.4618	1.2734	1.4749	-1.7294	0.6212	
9.46	-0.8919	-0.5962	1.3236	1.4554	-1.6146	0.8865	
9.47	-1.0603	-0.5828	1.5252	1.5997	-1.3506	0.9454	
9.48	-0.9627	-0.6964	1.6818	1.6147	-1.2059	0.8331	
9.49	-0.9113	-0.7196	1.5469	1.6275	-0.9474	0.4285	
9.5	-0.8981	-0.8902	1.8272	1.4802	-0.8052	-0.0758	
9.51	-0.8085	-0.7951	1.7785	1.4337	-0.5631	-0.6091	
9.52	-0.7148	-0.7572	1.8654	1.0594	-0.3579	-1.022	
9.53	-0.4898	-0.7412	1.7278	1.0513	-0.1415	-1.2118	
9.54	-0.3384	-0.8204	1.4071	0.7266	0.0657	-1.2505	
9.55	-0.1785	-0.75	1.3677	0.5189	0.2523	-1.228	
9.56	0.0124	-0.6445	1.1257	0.2492	0.4195	-0.8411	
9.57	0.2117	-0.5536	0.8383	0.0252	0.6029	-0.3724	
9.58	0.3878	-0.4459	0.4734	-0.2239	0.6293	0.012	
9.59	0.5685	-0.3047	0.1646	-0.4559	0.826	0.3277	
9.6	0.7971	-0.1408	-0.1411	-0.7365	0.8749	0.4298	
9.61	1.0335	0.0082	-0.4143	-0.8081	0.8354	0.3427	
9.62	1.1451	0.1703	-0.6593	-1.0424	0.7743	0.0347	
9.63	1.1516	0.3523	-0.8227	-1.2252	0.7948	-0.3927	
9.64	1.2732	0.4996	-1.0098	-1.351	0.6132	-0.9744	
9.65	1.3815	0.6394	-0.9393	-1.3589	0.5524	-1.264	
9.66	1.4515	0.7924	-0.8845	-1.439	0.3856	-1.6684	
9.67	1.5721	0.857	-0.7973	-1.5511	0.2714	-1.7288	
9.68	1.701	1.1497	-0.6338	-1.4865	0.0884	-1.3029	
9.69	1.4857	1.2092	-0.4295	-1.3861	-0.0909	-0.9414	
9.7	1.6666	1.2117	-0.1079	-1.2661	-0.263	-0.6233	
9.71	1.5863	1.491	0.2463	-1.1168	-0.3817	-0.0917	
9.72	1.3665	1.5414	0.6255	-1.1817	-0.6042	0.2693	
9.73	1.2138	1.3874	1.0487	-1.084	-0.7894	0.4417	
9.74	1.1182	1.4576	1.5191	-0.9883	-0.7828	0.4169	
9.75	0.9326	1.6806	1.7862	-0.8392	-0.9803	0.1576	
9.76	0.8852	1.4014	1.9014	-0.643	-0.9779	-0.2055	
9.77	0.6499	1.4242	2.4887	-0.642	-1.12	-0.6358	
9.78	0.5608	1.5153	2.355	-0.5146	-1.1386	-1.0108	
9.79	0.4874	1.4814	2.5737	-0.4202	-1.0146	-1.1752	
9.8	0.3382	1.3029	2.6078	-0.4125	-1.0274	-1.417	
9.81	0.2539	1.3016	2.7609	-0.382	-0.9775	-1.11	
9.82	0.216	1.0024	2.6188	-0.3866	-0.8975	-0.7123	
9.83	0.1769	1.0285	2.3527	-0.4002	-0.8482	-0.2295	
9.84	0.1686	0.8676	2.1513	-0.4301	-0.7261	0.248	
9.85	0.1733	0.7303	1.9704	-0.4532	-0.5003	0.7003	
9.86	0.2195	0.5973	1.7887	-0.516	-0.3633	0.8834	
9.87	0.3041	0.5077	1.4446	-0.4907	-0.2814	0.8701	
9.88	0.4125	0.3073	1.1904	-0.6326	-0.157	0.6807	
9.89	0.48	0.2131	1.0508	-0.694	-0.0322	0.3403	
9.9	0.7343	0.1123	0.7051	-0.7806	0.0606	-0.0778	
9.91	0.8265	0.0161	0.6007	-0.7297	0.1473	-0.4987	
9.92	1.0488	-0.0627	0.4747	-0.7735	0.1788	-0.6611	
9.93	1.324	-0.1216	0.3672	-0.9058	0.2253	-0.754	
9.94	1.4807	-0.1618	0.3557	-0.838	0.2017	-0.5244	
9.95	1.5629	-0.2219	0.3936	-0.8781	0.1672	-0.1984	
9.96	1.9416	-0.2365	0.3921	-0.8361	0.0787	0.3341	
9.97	2.1635	-0.2154	0.4671	-0.7587	-0.0182	0.8662	
9.98	1.9732	-0.1833	0.6663	-0.7726	-0.156	1.2014	
9.99	2.3309	-0.1408	0.7571	-0.6559	-0.2845	1.5238	
10.0	2.4851	-0.0658	0.8324	-0.5683	-0.4506	1.5075	
10.01	2.5983	0.0216	0.9316	-0.4904	-0.6666	1.2741	
10.02	2.7295	0.1274	1.0294	-0.4027	-0.9045	1.0069	
10.03	2.8216	0.2457	1.0935	-0.3026	-1.1736	0.5205	
10.04	2.8962	0.3513	0.9885	-0.2539	-1.399	0.1333	
10.05	2.7506	0.4587	1.0285	-0.1954	-1.6385	-0.1611	
10.06	2.765	0.5625	0.9558	-0.1376	-2.0054	-0.2493	
10.07	2.6905	0.7538	0.7954	-0.1098	-1.987	-0.0962	
10.08	2.2952	0.8874	0.6078	-0.1067	-2.352	0.2552	
10.09	2.1837	1.0463	0.4736	-0.1248	-2.3765	0.7081	
10.1	2.1487	1.0751	0.3333	-0.1765	-2.4143	1.1245	
10.11	1.9284	1.213	0.1434	-0.2549	-2.7107	1.645	
10.12	1.7715	1.2534	0.0045	-0.3268	-2.5032	1.7557	
10.13	1.6377	1.388	-0.1113	-0.5095	-2.4627	2.0293	
10.14	1.4967	1.6606	-0.1785	-0.6184	-2.69	1.6103	
10.15	1.4781	1.6397	-0.2355	-0.8409	-2.6932	1.3815	
10.16	1.2257	1.6877	-0.192	-1.0346	-2.5424	0.8383	
10.17	1.1147	1.7177	-0.0818	-1.102	-2.5818	0.3825	
10.18	0.9622	1.7398	0.0695	-1.3985	-2.5347	0.0348	
10.19	0.9839	1.6251	0.2586	-1.754	-2.2675	-0.1113	
10.2	0.7991	1.4486	0.6065	-1.7935	-2.0578	-0.0393	
10.21	0.8331	1.486	0.7923	-2.1594	-1.9957	0.2456	
10.22	0.7504	1.4451	1.1272	-2.0361	-1.7022	0.5999	
10.23	0.8825	1.3305	1.4982	-2.3249	-1.5591	1.2103	
10.24	0.9706	1.1757	1.8009	-2.2349	-1.5026	1.5292	
10.25	1.059	1.0721	2.0809	-2.2946	-1.2775	1.5734	
10.26	1.1399	0.7812	2.6712	-2.6512	-0.9994	1.7341	
10.27	1.2095	0.6376	2.9198	-2.5349	-1.0051	1.372	
10.28	1.2758	0.5538	2.7742	-2.436	-0.8865	1.1066	
10.29	1.4292	0.3584	2.9901	-2.3755	-0.7832	0.5642	
10.3	1.6732	0.1748	3.1198	-1.9619	-0.6618	0.0925	
10.31	1.6424	-0.0059	2.6362	-2.1568	-0.6458	-0.3122	
10.32	1.9474	-0.1769	2.7207	-1.8326	-0.756	-0.558	
10.33	1.8986	-0.2982	2.3944	-1.4662	-0.6687	-0.4893	
10.34	2.0874	-0.4298	2.3381	-1.2627	-0.7937	-0.2757	
10.35	2.2809	-0.6567	1.8384	-0.9023	-0.8813	0.0904	
10.36	2.4224	-0.7713	1.4605	-0.6421	-0.9999	0.4892	
10.37	2.6352	-0.7569	1.1662	-0.3959	-1.1409	0.8005	
10.38	2.3354	-0.9469	0.8156	-0.1029	-1.0954	1.0614	
10.39	2.6556	-0.9199	0.4752	0.1611	-1.2913	1.1792	
10.4	2.4707	-0.9455	0.1768	0.3503	-1.541	0.8964	
10.41	2.4599	-1.0871	-0.0969	0.539	-1.6677	0.4212	
10.42	2.2793	-1.0027	-0.2804	0.8124	-1.5238	-0.0751	
10.43	2.4305	-0.9633	-0.4403	0.8526	-1.8858	-0.6057	
10.44	2.4787	-1.0242	-0.5349	0.8351	-1.9742	-0.9819	
10.45	2.0178	-0.8951	-0.5189	0.849	-1.7761	-1.2	
10.46	2.1743	-0.8406	-0.4673	0.9668	-1.6935	-1.2816	
10.47	1.6621	-0.7502	-0.4194	0.8048	-1.777	-1.1073	
10.48	1.6596	-0.6491	-0.2638	0.6375	-1.6777	-0.8171	
10.49	1.4166	-0.6092	-0.0551	0.5185	-1.5684	-0.342	
10.5	1.2096	-0.4886	0.1596	0.2629	-1.3988	-0.0035	
10.51	1.0299	-0.4077	0.3721	-0.0155	-1.2651	0.2178	
10.52	0.8775	-0.3243	0.614	-0.299	-1.2286	0.2317	
10.53	0.6229	-0.2026	0.8937	-0.581	-0.9289	0.0471	
10.54	0.5458	-0.1112	1.0438	-0.8616	-0.8716	-0.3329	
10.55	0.334	-0.0276	1.232	-1.3111	-0.5331	-0.7776	
10.56	0.2386	0.0457	1.1649	-1.6998	-0.3249	-1.3078	
10.57	0.1224	0.1044	1.2072	-1.9381	-0.0816	-1.7659	
10.58	0.0651	0.1569	1.1924	-2.0973	0.1536	-2.2071	
10.59	0.0223	0.1836	1.2417	-2.4038	0.3717	-2.2073	
10.6	0.0074	0.1756	1.1192	-2.3092	0.6395	-2.0736	
10.61	0.0184	0.1591	1.1845	-2.6385	0.8247	-1.4295	
10.62	0.0605	0.113	0.8912	-2.6988	0.8927	-1.1056	
10.63	0.1317	0.0652	0.9469	-2.8529	1.0668	-0.7493	
10.64	0.1871	-0.004	0.7063	-2.8139	1.2192	-0.5013	
10.65	0.2993	-0.0968	0.765	-2.6786	1.1611	-0.3934	
10.66	0.4495	-0.2245	0.6568	-2.8809	1.3056	-0.5436	
10.67	0.597	-0.3598	0.6771	-2.5738	1.2739	-0.9599	
10.68	0.6944	-0.4906	0.7249	-2.2376	1.1791	-1.3025	
10.69	0.7736	-0.6597	0.7817	-2.0624	1.3134	-1.9485	
10.7	0.9844	-0.7334	0.8333	-1.7995	1.058	-2.0942	
10.71	1.1211	-0.8919	1.1531	-1.5548	1.1372	-2.4668	
10.72	1.0628	-1.2448	1.1616	-1.1498	0.8417	-2.5265	
10.73	1.1965	-1.205	1.5626	-0.8101	0.8154	-2.2112	
10.74	1.2629	-1.6153	1.8193	-0.517	0.6631	-1.9466	
10.75	1.2617	-1.6531	1.9551	-0.249	0.4905	-1.6014	
10.76	1.3675	-1.7945	1.9262	0.005	0.2939	-1.1268	
10.77	1.1252	-2.2037	2.466	0.2331	0.1359	-0.6526	
10.78	1.1203	-2.1029	2.1211	0.5128	-0.008	-0.6045	
10.79	1.0839	-2.0751	2.5078	0.6935	-0.1463	-0.6855	
10.8	0.9373	-2.2288	2.5873	0.7333	-0.2549	-0.9151	
10.81	0.8291	-2.5087	2.1552	0.9131	-0.2994	-1.3134	
10.82	0.686	-2.649	2.2203	0.8472	-0.4157	-1.9586	
10.83	0.4728	-2.56	1.9302	0.8238	-0.3808	-2.0305	
10.84	0.3014	-2.4886	1.6471	0.9009	-0.4527	-2.233	
10.85	0.0704	-2.8663	1.2227	0.7438	-0.3547	-2.49	
10.86	-0.1358	-2.6502	0.9509	0.6527	-0.2984	-2.1108	
10.87	-0.3546	-2.5058	0.6185	0.522	-0.2433	-1.6592	
10.88	-0.5177	-2.7334	0.2442	0.3392	-0.1671	-1.3717	
10.89	-0.7262	-2.3853	-0.1369	0.1109	-0.0321	-0.7763	
10.9	-0.889	-2.3436	-0.4329	-0.0783	0.0953	-0.4767	
10.91	-1.1828	-2.0696	-0.7572	-0.2675	0.2391	-0.2696	
10.92	-1.3366	-2.1948	-1.0129	-0.4856	0.38	-0.265	
10.93	-1.2879	-1.9923	-1.1149	-0.6721	0.4755	-0.4786	
10.94	-1.4932	-1.8864	-1.0626	-0.9068	0.6298	-0.9285	
10.95	-1.5368	-1.9053	-1.2048	-1.1035	0.7703	-1.2037	
10.96	-1.7431	-1.6316	-0.9956	-1.2183	0.9023	-1.69	
10.97	-1.7353	-1.5033	-0.9414	-1.2033	0.8495	-1.885	
10.98	-1.7168	-1.487	-0.6428	-1.2511	1.0418	-1.8629	
10.99	-1.6081	-1.3462	-0.4039	-1.5427	1.0024	-1.7979	
11.0	-1.588	-1.1211	-0.0552	-1.5585	0.9203	-1.2825	
11.01	-1.4302	-1.1248	0.2895	-1.3927	0.9531	-0.7611	
11.02	-1.1856	-0.9914	0.6089	-1.2332	0.9343	-0.2454	
11.03	-1.2168	-1.1204	0.9576	-1.4177	0.7934	0.1561	
11.04	-1.0935	-0.9075	1.1728	-1.1617	0.6107	0.3742	
11.05	-0.809	-0.9125	1.6357	-1.098	0.4407	0.3921	
11.06	-0.7091	-0.9522	1.8212	-0.9701	0.2556	0.1556	
11.07	-0.6477	-0.9886	1.8688	-0.7888	0.0764	-0.1925	
11.08	-0.5381	-1.0481	1.8163	-0.7119	-0.1478	-0.6665	
11.09	-0.4449	-0.9869	2.0801	-0.5451	-0.3765	-1.0424	
11.1	-0.2909	-1.2573	1.889	-0.4613	-0.5759	-1.1734	
11.11	-0.276	-1.1964	2.0355	-0.3295	-0.7361	-1.2457	
11.12	-0.215	-1.219	1.8682	-0.2519	-0.9419	-1.0935	
11.13	-0.215	-1.4138	1.7263	-0.173	-1.2613	-0.6781	
11.14	-0.2068	-1.7414	1.3379	-0.1006	-1.2355	-0.2511	
11.15	-0.2475	-1.6116	1.2131	-0.0544	-1.5289	0.2963	
11.16	-0.3376	-1.6808	1.0025	-0.0324	-1.5669	0.6215	
11.17	-0.4023	-1.9039	0.9219	-0.0185	-1.6199	0.9199	
11.18	-0.5476	-2.0992	0.7193	-0.0182	-1.7102	0.8903	
11.19	-0.678	-2.2111	0.74	-0.0341	-1.8124	0.6643	
11.2	-0.8278	-2.5102	0.61	-0.0619	-1.7257	0.3454	
11.21	-1.0755	-2.4299	0.5798	-0.0817	-1.8215	-0.1082	
11.22	-1.2342	-2.4732	0.6642	-0.1256	-1.7399	-0.515	
11.23	-1.4226	-2.4315	0.6541	-0.1574	-1.4974	-0.8864	
11.24	-1.4735	-2.8621	0.7362	-0.1758	-1.3409	-0.8313	
11.25	-1.7408	-2.7537	0.8121	-0.1736	-1.1539	-0.8713	
11.26	-2.119	-2.8954	0.9746	-0.1806	-1.0498	-0.5105	
11.27	-1.9052	-2.948	1.1769	-0.1602	-0.7934	-0.024	
11.28	-2.0953	-2.475	1.1932	-0.1557	-0.6041	0.4648	
11.29	-2.5068	-2.8648	1.2381	-0.0991	-0.4842	0.8555	
11.3	-2.3401	-2.7028	1.326	-0.0389	-0.2655	1.0248	
11.31	-2.5061	-2.3971	1.3109	0.0397	-0.1154	1.1063	
11.32	-2.4443	-2.5178	1.1989	0.1516	0.0217	0.7733	
11.33	-2.6339	-2.1529	0.914	0.2454	0.1356	0.4272	
11.34	-2.2967	-1.983	0.7654	0.3655	0.2395	-0.067	
11.35	-2.5242	-2.0837	0.6721	0.4479	0.3029	-0.5909	
11.36	-2.3549	-1.9416	0.3488	0.5479	0.3812	-0.8189	
11.37	-2.0199	-1.6663	0.1073	0.7293	0.3564	-1.0504	
11.38	-2.2838	-1.5491	-0.1895	0.8624	0.3464	-0.984	
11.39	-1.9526	-1.1882	-0.3994	0.8396	0.3682	-0.7298	
11.4	-1.7718	-1.1294	-0.6539	1.0381	0.3066	-0.3153	
11.41	-1.7266	-0.9291	-0.9393	1.1268	0.2057	0.1159	
11.42	-1.2959	-0.7769	-0.9945	0.9751	0.1109	0.5174	
11.43	-1.1585	-0.567	-1.0667	1.1216	-0.0054	0.6708	
11.44	-1.0358	-0.4029	-1.1644	1.138	-0.1156	0.6022	
11.45	-1.0224	-0.2972	-1.137	0.9611	-0.2264	0.4351	
11.46	-0.7418	-0.1682	-1.0316	0.8219	-0.3545	-0.0027	
11.47	-0.6433	-0.0785	-0.8726	0.8506	-0.4801	-0.5522	
11.48	-0.5761	-0.0041	-0.5075	0.6737	-0.5548	-1.0891	
11.49	-0.5012	0.0616	-0.221	0.4445	-0.5919	-1.451	
11.5	-0.4594	0.0904	0.1031	0.3244	-0.6735	-1.6558	
11.51	-0.4409	0.106	0.4287	0.1153	-0.6318	-1.6969	
11.52	-0.4485	0.1158	0.7842	-0.0853	-0.634	-1.4968	
11.53	-0.5113	0.0966	1.2495	-0.2806	-0.6572	-0.9563	
11.54	-0.6069	0.0648	1.6159	-0.4452	-0.6244	-0.6383	
11.55	-0.6776	0.012	1.9128	-0.6851	-0.5096	-0.2671	
11.56	-0.7197	-0.057	2.2414	-0.8303	-0.3144	-0.0516	
11.57	-0.7935	-0.1231	2.4095	-0.9141	-0.192	-0.0492	
11.58	-0.9684	-0.2006	2.1511	-1.0303	0.0086	-0.2777	
11.59	-1.2406	-0.3002	2.2882	-1.1281	0.2333	-0.673	
11.6	-1.4117	-0.3941	2.3023	-1.0101	0.41	-1.2633	
11.61	-1.4773	-0.5282	2.262	-1.0929	0.644	-1.901	
11.62	-1.5644	-0.5746	2.1471	-1.0345	0.8378	-2.1459	
11.63	-1.5893	-0.7477	1.8109	-0.77	1.1168	-2.3676	
11.64	-1.8951	-0.7225	1.5034	-0.754	1.3207	-2.3711	
11.65	-1.7807	-0.8655	1.0647	-0.5148	1.6309	-2.1889	
11.66	-2.1439	-0.8138	0.8925	-0.2486	1.6682	-1.6292	
11.67	-2.0882	-0.9701	0.5747	0.0101	2.0747	-1.2824	
11.68	-2.0426	-1.047	0.2212	0.3039	2.1768	-0.979	
11.69	-2.215	-0.998	-0.0277	0.6579	2.3256	-0.6833	
11.7	-2.0739	-1.0182	-0.2481	0.9964	2.5538	-0.7193	
11.71	-2.131	-0.8961	-0.4204	1.3218	2.6363	-0.9365	
11.72	-1.8437	-0.8969	-0.5416	1.3759	2.5769	-1.2948	
11.73	-1.8397	-0.7358	-0.5053	1.7572	2.3523	-1.6291	
11.74	-1.763	-0.6889	-0.5391	2.0445	2.2671	-2.1048	
11.75	-1.4799	-0.6049	-0.4641	2.155	2.1246	-2.4937	
11.76	-1.3439	-0.4613	-0.4165	2.2878	2.258	-2.7809	
11.77	-1.1889	-0.3453	-0.321	2.5633	2.0171	-2.6565	
11.78	-0.9333	-0.2021	-0.1787	2.761	1.8378	-2.5126	
11.79	-0.6969	-0.0285	-0.0379	2.5835	1.9747	-2.3618	
11.8	-0.4675	0.1298	0.0819	2.5803	1.75	-1.6948	
11.81	-0.3044	0.3015	0.1764	2.6603	1.5422	-1.3809	
11.82	-0.148	0.5404	0.2598	2.6171	1.3697	-1.1503	
11.83	0.0032	0.6949	0.2769	2.4017	1.2953	-0.9216	
11.84	0.1438	0.8559	0.3018	1.9222	1.1295	-1.157	
11.85	0.2404	1.09	0.262	1.8321	0.9636	-1.4693	
11.86	0.3357	1.3052	0.1659	1.5324	0.7275	-1.7259	
11.87	0.4027	1.4878	0.0607	1.111	0.727	-2.254	
11.88	0.3852	1.5787	-0.0607	0.904	0.6722	-2.9493	
11.89	0.4048	1.609	-0.194	0.5976	0.6805	-2.841	
11.9	0.4168	1.6234	-0.3809	0.2883	0.5877	-3.1353	
11.91	0.3182	1.9115	-0.476	-0.0302	0.7365	-2.7551	
11.92	0.2507	2.0524	-0.5533	-0.2992	0.785	-2.3503	
11.93	0.1477	1.7932	-0.6465	-0.5773	0.8045	-1.6165	
11.94	0.0169	2.1073	-0.7112	-0.6979	0.998	-1.278	
11.95	-0.1266	1.9064	-0.6849	-0.877	1.0068	-0.8833	
11.96	-0.2435	2.107	-0.5536	-0.9413	1.1155	-0.8102	
11.97	-0.4222	1.9013	-0.4936	-1.0054	1.236	-0.7703	
11.98	-0.5625	1.8411	-0.2565	-0.9606	1.5011	-1.0561	
11.99	-0.7058	1.776	-0.0266	-1.0474	1.5947	-1.4946	
12.0	-0.7501	1.612	0.2604	-0.8762	1.7283	-1.7193	
12.01	-0.9769	1.6487	0.4987	-0.6881	1.6225	-2.0069	
12.02	-0.959	1.5382	0.8781	-0.5405	1.9545	-2.349	
12.03	-1.0973	1.2474	1.1915	-0.3054	1.9366	-2.2469	
12.04	-1.0983	1.1413	1.4202	-0.0276	1.954	-2.0287	
12.05	-1.0977	1.0642	1.6036	0.249	2.1515	-1.7126	
12.06	-1.0783	0.9218	1.8789	0.5748	2.0777	-1.2076	
12.07	-1.0218	0.8279	2.0216	0.8861	1.6915	-0.7177	
12.08	-1.1383	0.7399	2.0086	1.0497	1.8714	-0.2655	
12.09	-0.9078	0.6555	1.9958	1.3262	1.6941	-0.0716	
12.1	-0.7915	0.5568	1.8299	1.5634	1.5636	-0.0779	
12.11	-0.6683	0.4434	1.8902	2.1298	1.2961	-0.3296	
12.12	-0.5527	0.3781	1.4998	2.0298	1.1313	-0.6393	
12.13	-0.3656	0.3237	1.0962	2.1633	0.8496	-1.0847	
12.14	-0.2383	0.3599	0.8598	2.2681	0.6619	-1.3747	
12.15	-0.0457	0.3336	0.4173	2.4917	0.4322	-1.6707	
12.16	0.1242	0.3386	0.0576	2.7498	0.2277	-1.5604	
12.17	0.3008	0.373	-0.3675	2.4918	0.0344	-1.5317	
12.18	0.5132	0.4209	-0.6564	2.2468	-0.1879	-1.0706	
12.19	0.6676	0.4652	-0.967	2.5304	-0.3837	-0.4814	
12.2	0.7134	0.6349	-1.324	2.2962	-0.5334	0.0364	
12.21	0.8764	0.7078	-1.5534	2.18	-0.6465	0.4178	
12.22	0.9968	0.8787	-1.5374	1.7573	-0.7058	0.6155	
12.23	0.9299	0.9404	-1.88	1.8494	-0.9183	0.68	
12.24	0.9997	1.0705	-1.7423	1.3887	-0.8675	0.4853	
12.25	0.9667	1.1728	-1.51	1.3384	-0.8661	0.0912	
12.26	1.0804	1.2582	-1.531	1.0895	-0.8507	-0.3512	
12.27	0.9599	1.5176	-1.4233	0.9409	-0.8556	-0.6711	
12.28	0.7932	1.6065	-1.0818	0.7784	-0.7329	-1.0225	
12.29	0.7517	1.9136	-0.9468	0.5214	-0.5844	-0.9956	
12.3	0.6482	1.9242	-0.656	0.4082	-0.4878	-0.7526	
12.31	0.5157	2.1074	-0.3626	0.2669	-0.3361	-0.4243	
12.32	0.2896	2.1459	-0.1159	0.213	-0.1452	0.0202	
12.33	0.1496	2.0037	0.0976	0.1467	0.0326	0.5194	
12.34	-0.0239	2.1422	0.258	0.1205	0.2101	0.8208	
12.35	-0.1936	2.4068	0.4168	0.1252	0.4024	1.1191	
12.36	-0.3276	2.1364	0.4742	0.1276	0.5769	1.2068	
12.37	-0.5075	2.2163	0.4732	0.1995	0.669	0.8577	
12.38	-0.5972	2.3776	0.5065	0.2329	0.7994	0.4359	
12.39	-0.8253	2.0665	0.4108	0.3238	0.9784	0.0143	
12.4	-0.832	1.8873	0.3238	0.4142	0.9793	-0.396	
12.41	-1.0038	1.939	0.2269	0.5182	1.0319	-0.7931	
12.42	-0.9663	2.076	0.0948	0.6002	1.2105	-0.897	
12.43	-1.0414	1.6093	-0.0263	0.773	1.0581	-0.6987	
12.44	-1.0622	1.7833	-0.141	0.8863	1.1634	-0.4277	
12.45	-0.9024	1.4518	-0.1895	0.8207	0.9665	0.0362	
12.46	-0.9483	1.3395	-0.2275	0.9425	0.899	0.4641	
12.47	-0.802	1.0669	-0.2482	1.0215	0.8205	0.8424	
12.48	-0.6683	0.985	-0.199	1.0761	0.7038	1.0036	
12.49	-0.5764	0.8155	-0.1458	1.0741	0.595	1.0892	
12.5	-0.4318	0.701	-0.0288	1.1172	0.5569	0.8008	
12.51	-0.2709	0.5322	0.1075	0.9133	0.3569	0.3795	
12.52	-0.1171	0.359	0.258	0.8926	0.2683	-0.1499	
12.53	0.0417	0.2173	0.4323	0.9099	0.1419	-0.6572	
12.54	0.1832	0.1074	0.6553	0.81	0.063	-0.9808	
12.55	0.3049	0.0096	0.7565	0.9006	-0.0118	-1.2147	
12.56	0.4187	-0.0771	0.9599	0.732	-0.0578	-1.1168	
12.57	0.5889	-0.1506	1.0407	0.728	-0.0766	-0.8393	
12.58	0.6598	-0.1824	0.9417	0.6819	-0.0744	-0.449	
12.59	0.6522	-0.2227	0.9565	0.6674	-0.039	0.0094	
12.6	0.6689	-0.2369	0.9349	0.6199	0.0375	0.3907	
12.61	0.7118	-0.2495	0.7246	0.6649	0.1467	0.5487	
12.62	0.6524	-0.1923	0.475	0.6792	0.2938	0.5338	
12.63	0.5921	-0.1465	0.1899	0.731	0.4462	0.2672	
12.64	0.5267	-0.097	-0.095	0.7741	0.5527	-0.1372	
12.65	0.4739	-0.0136	-0.4803	0.7124	0.8523	-0.6772	
12.66	0.3086	0.0798	-0.8419	0.8029	0.9521	-1.278	
12.67	0.1298	0.1853	-1.1299	0.9404	1.3562	-1.5846	
12.68	-0.0298	0.3183	-1.5901	0.9578	1.6095	-1.5874	
12.69	-0.2164	0.4108	-1.8227	1.0499	1.845	-1.7407	
12.7	-0.4118	0.5816	-2.0773	1.2874	2.0196	-1.5162	
12.71	-0.6132	0.6427	-2.0179	1.4176	2.239	-1.1554	
12.72	-0.7188	0.7288	-2.2288	1.3579	2.4452	-0.62	
12.73	-1.0237	0.8945	-2.2757	1.6288	2.5387	-0.3064	
12.74	-1.0166	0.8897	-2.3287	1.4807	2.5921	-0.0839	
12.75	-1.3949	0.9957	-2.1695	1.5661	2.5588	-0.0813	
12.76	-1.3208	1.147	-2.1398	1.7492	2.9959	-0.333	
12.77	-1.4007	1.1419	-1.833	1.4353	3.0723	-0.7609	
12.78	-1.6325	1.2858	-1.377	1.5391	2.8688	-1.185	
12.79	-1.7772	1.3811	-1.0259	1.4346	2.9109	-1.7544	
12.8	-1.6704	1.1572	-0.6796	1.3637	2.5057	-2.1626	
12.81	-1.5028	1.3112	-0.344	1.2246	2.6579	-2.4873	
12.82	-1.5284	1.144	-0.0247	0.9323	2.7529	-2.3711	
12.83	-1.4861	1.1807	0.319	0.761	2.179	-1.9159	
12.84	-1.589	1.1261	0.5577	0.5112	2.2237	-1.5524	
12.85	-1.2078	0.9419	0.8209	0.3339	1.8218	-1.113	
12.86	-1.2776	0.923	0.9369	0.0727	1.9659	-0.7238	
12.87	-1.0447	0.7297	1.0206	-0.1649	1.6959	-0.5315	
12.88	-0.8298	0.6603	0.9985	-0.3687	1.4433	-0.4698	
12.89	-0.7452	0.5261	0.9787	-0.6611	1.3863	-0.5875	
12.9	-0.5672	0.338	0.8667	-0.8344	1.0657	-1.0042	
12.91	-0.4755	0.1775	0.7399	-1.0352	1.1201	-1.3459	
12.92	-0.3409	0.0216	0.5308	-1.0105	0.9207	-2.0387	
12.93	-0.1725	-0.1357	0.3333	-1.203	0.7635	-2.378	
12.94	-0.0761	-0.274	0.0812	-1.1887	0.7324	-2.5755	
12.95	0.0008	-0.4153	-0.1329	-1.2056	0.6984	-2.1879	
12.96	0.0543	-0.517	-0.3671	-1.1356	0.77	-1.9711	
12.97	0.0993	-0.6363	-0.5689	-1.2092	0.8113	-1.8144	
12.98	0.0975	-0.7316	-0.6194	-1.0491	0.7417	-1.1232	
12.99	0.078	-0.9318	-0.8492	-0.8662	0.9707	-0.8047	
13.0	0.0232	-0.9492	-0.7893	-0.6246	0.9628	-0.395	
13.01	-0.0573	-1.0737	-0.9351	-0.3469	1.1386	-0.2803	
13.02	-0.156	-1.0359	-0.8459	-0.0843	1.0992	-0.4032	
13.03	-0.285	-1.047	-0.8478	0.2027	1.2896	-0.6426	
13.04	-0.4554	-1.0368	-0.7434	0.4441	1.4936	-1.133	
13.05	-0.5882	-0.8751	-0.5432	0.7262	1.5175	-1.395	
13.06	-0.8075	-0.9144	-0.5163	0.974	1.5855	-1.997	
13.07	-0.8401	-0.8646	-0.4056	1.1988	1.8204	-1.8401	
13.08	-1.0021	-0.7693	-0.3454	1.65	1.7621	-1.9803	
13.09	-1.1602	-0.6271	-0.3274	1.8312	1.7788	-1.551	
13.1	-1.4569	-0.491	-0.3083	1.9413	1.9748	-1.1492	
13.11	-1.6534	-0.3501	-0.3957	1.8699	1.9339	-0.6935	
13.12	-1.8047	-0.231	-0.4488	1.9072	1.7604	-0.1964	
13.13	-1.6886	-0.1001	-0.6131	1.934	1.8017	0.1593	
13.14	-1.698	0.0534	-0.806	1.9846	1.4354	0.3516	
13.15	-1.9172	0.2155	-0.9594	1.8481	1.3687	0.3075	
13.16	-1.9794	0.3443	-1.2174	1.6236	1.2475	0.0559	
13.17	-1.9207	0.5089	-1.2914	1.5571	1.0346	-0.3254	
13.18	-1.9609	0.6175	-1.7855	1.4262	0.9052	-0.7535	
13.19	-1.6061	0.7053	-2.0385	1.061	0.6436	-1.1059	
13.2	-1.7695	0.8028	-1.9779	0.7639	0.3923	-1.273	
13.21	-1.421	0.9267	-2.2583	0.4032	0.1462	-1.271	
13.22	-1.3448	0.9447	-2.128	0.0491	-0.0809	-1.0068	
13.23	-1.1965	0.9393	-2.2754	-0.2716	-0.2982	-0.437	
13.24	-1.1823	1.1563	-2.3376	-0.5825	-0.5113	0.0528	
13.25	-0.8185	1.1116	-1.9627	-0.9861	-0.7712	0.5258	
13.26	-0.7467	1.0546	-1.7944	-1.2714	-0.8573	0.9482	
13.27	-0.5177	0.9565	-1.5944	-1.3972	-0.9572	1.1628	
13.28	-0.3377	1.0756	-1.2249	-1.6042	-1.0966	1.127	
13.29	-0.1839	0.9667	-0.8905	-1.9682	-1.3062	0.9181	
13.3	-0.0167	0.788	-0.4924	-2.1899	-1.145	0.5782	
13.31	0.1278	0.7214	-0.1901	-2.3358	-1.3758	0.1363	
13.32	0.2372	0.607	0.1701	-2.0039	-1.1944	-0.2043	
13.33	0.335	0.5715	0.4699	-2.101	-1.127	-0.417	
13.34	0.3669	0.4468	0.832	-2.2416	-1.155	-0.4182	
13.35	0.4401	0.2994	0.9764	-1.9961	-0.8922	-0.1522	
13.36	0.4628	0.1661	1.0598	-1.5884	-0.7573	0.2548	
13.37	0.3799	0.0462	1.2224	-1.4386	-0.647	0.7913	
13.38	0.3386	-0.0706	1.3171	-1.4263	-0.4818	1.1398	
13.39	0.2704	-0.2007	1.1455	-0.9797	-0.3144	1.7724	
13.4	0.1869	-0.3008	0.8645	-0.8447	-0.1589	1.8934	
13.41	0.0836	-0.3889	0.7852	-0.5732	-0.0069	1.9038	
13.42	-0.0433	-0.4024	0.4828	-0.2744	0.1442	1.7032	
13.43	-0.1814	-0.4717	0.1322	0.0035	0.2982	1.2476	
13.44	-0.3023	-0.5305	-0.2277	0.2207	0.3657	0.7367	
13.45	-0.4204	-0.5592	-0.5977	0.4672	0.4945	0.3651	
13.46	-0.5323	-0.6109	-0.8825	0.6526	0.5849	0.0921	
13.47	-0.7426	-0.5291	-1.257	0.8487	0.5662	0.042	
13.48	-0.8357	-0.4448	-1.4068	0.9819	0.6506	0.2306	
13.49	-0.8465	-0.4029	-1.8657	0.9528	0.5861	0.5827	
13.5	-0.9663	-0.3635	-1.8209	0.9943	0.5146	0.9395	
13.51	-1.0376	-0.2493	-1.9487	0.9512	0.4931	1.5133	
13.52	-0.9473	-0.1237	-2.1364	0.8961	0.3658	2.0135	
13.53	-1.0104	-0.001	-2.1751	0.863	0.2793	1.9466	
13.54	-0.9858	0.1432	-1.979	0.6472	0.1523	2.1756	
13.55	-0.8538	0.2775	-1.7233	0.5488	0.0204	1.8611	
13.56	-0.6916	0.4333	-1.8719	0.29	-0.1255	1.3197	
13.57	-0.624	0.6207	-1.6673	0.118	-0.2386	0.8351	
13.58	-0.5042	0.7622	-1.3757	-0.0914	-0.385	0.4007	
13.59	-0.2959	0.9916	-1.2426	-0.3274	-0.5226	0.0723	
13.6	-0.1051	1.1907	-1.1238	-0.5289	-0.6313	-0.0366	
13.61	0.0948	1.2655	-0.8917	-0.7382	-0.6584	0.0668	
13.62	0.3362	1.2565	-0.9054	-0.8175	-0.738	0.3376	
13.63	0.4872	1.5215	-0.7962	-1.0083	-0.6912	0.8397	
13.64	0.7806	1.6782	-0.7978	-1.1512	-0.7184	1.2526	
13.65	0.8956	1.5193	-0.8209	-1.4197	-0.6872	1.6591	
13.66	1.1129	1.788	-0.919	-1.4419	-0.6249	1.6834	
13.67	1.2534	1.78	-1.0057	-1.4525	-0.5147	1.5886	
13.68	1.4657	1.8969	-1.1427	-1.5535	-0.3798	1.4848	
13.69	1.5842	1.7323	-1.1848	-1.4103	-0.2481	1.0602	
13.7	1.6486	1.9317	-1.3063	-1.5656	-0.0489	0.4337	
13.71	1.7907	1.6689	-1.3437	-1.4689	0.1514	-0.0134	
13.72	1.7463	1.5831	-1.5556	-1.5418	0.3536	-0.3769	
13.73	1.8337	1.6526	-1.5738	-1.2898	0.5846	-0.5462	
13.74	1.6886	1.6356	-1.5308	-1.2726	0.815	-0.5111	
13.75	1.6799	1.4903	-1.4985	-1.29	1.0041	-0.232	
13.76	1.8274	1.4234	-1.3099	-1.101	1.1501	0.1987	
13.77	1.6414	1.1231	-1.2359	-1.0183	1.4585	0.5734	
13.78	1.45	1.0532	-0.9518	-0.8683	1.4663	0.9185	
13.79	1.2949	0.8772	-0.6737	-0.9652	1.8186	1.1666	
13.8	1.2936	0.7968	-0.4531	-0.9028	1.8801	1.0205	
13.81	1.1181	0.6276	-0.1946	-0.897	1.8503	0.8599	
13.82	0.8926	0.5505	0.074	-0.7934	1.7709	0.3945	
13.83	0.9389	0.4758	0.3285	-0.7763	1.9823	-0.0817	
13.84	0.7867	0.3061	0.4982	-0.856	1.9903	-0.5842	
13.85	0.6563	0.2211	0.6917	-0.8705	1.787	-1.0151	
13.86	0.5124	0.1235	0.8008	-0.9387	1.7303	-1.1011	
13.87	0.4648	0.055	0.7628	-0.8757	1.6238	-1.1631	
13.88	0.485	-0.0015	0.8211	-0.9929	1.4775	-0.8756	
13.89	0.4741	-0.0407	0.6594	-1.0129	1.4297	-0.4494	
13.9	0.4434	-0.0602	0.4883	-1.1336	1.1259	0.0066	
13.91	0.5028	-0.0554	0.212	-1.0567	1.0101	0.4025	
13.92	0.6393	-0.035	-0.1034	-1.2626	0.9069	0.604	
13.93	0.7321	0.0062	-0.4734	-1.308	0.6646	0.5974	
13.94	0.7591	0.0686	-0.7767	-1.3465	0.4959	0.3791	
13.95	0.9325	0.1247	-1.2955	-1.1195	0.2689	0.03	
13.96	1.106	0.246	-1.7449	-1.2937	0.1259	-0.4054	
13.97	1.3368	0.3076	-1.8704	-1.1297	-0.0063	-0.9596	
13.98	1.4157	0.4771	-2.1627	-1.0643	-0.1103	-1.3862	
13.99	1.5553	0.5863	-2.2823	-0.9458	-0.1879	-1.5594	
14.0	1.7615	0.6409	-2.9597	-0.8039	-0.2366	-1.3939	
14.01	2.067	0.8896	-2.7182	-0.7475	-0.2717	-1.2249	
14.02	2.4662	0.9039	-3.0786	-0.6533	-0.2958	-0.6707	
14.03	2.5004	1.0742	-2.7313	-0.4685	-0.2523	-0.2123	
14.04	2.531	1.1275	-2.5542	-0.3638	-0.2077	0.1859	
14.05	2.5795	1.1571	-2.8023	-0.249	-0.1322	0.5089	
14.06	3.0459	1.272	-2.1465	-0.1517	-0.0498	0.5166	
14.07	2.8751	1.4004	-2.1717	-0.0762	0.0584	0.4174	
14.08	2.6572	1.5658	-1.8258	-0.0117	0.1814	0.0835	
14.09	2.9252	1.4574	-1.4268	0.0285	0.2882	-0.3376	
14.1	2.9652	1.745	-1.174	0.0451	0.4015	-0.792	
14.11	2.6909	1.5895	-0.881	0.025	0.5367	-1.1956	
14.12	2.9663	1.6013	-0.6331	-0.0249	0.5873	-1.2144	
14.13	2.7578	1.4364	-0.3974	-0.1124	0.7049	-1.2404	
14.14	2.4505	1.5064	-0.2281	-0.2082	0.6396	-0.8899	
14.15	2.4151	1.3614	-0.1563	-0.3386	0.7405	-0.4485	
14.16	2.2338	1.3787	-0.1045	-0.5711	0.7403	0.0602	
14.17	2.2803	1.2557	-0.1004	-0.7998	0.7006	0.547	
14.18	1.8867	1.1413	-0.1545	-0.9816	0.6254	0.8708	
14.19	1.7034	0.9598	-0.2264	-1.0931	0.4844	0.9504	
14.2	1.6356	0.8042	-0.357	-1.5559	0.4297	0.9954	
14.21	1.5176	0.5913	-0.5055	-1.7656	0.2479	0.6976	
