0.01	0.2698	0.1899	0.468	0.4875	0.2144	0.731	
0.02	0.518	0.378	0.8139	0.7736	0.4143	1.1189	
0.03	0.8318	0.6443	1.0329	1.0892	0.6767	1.0387	
0.04	0.943	0.7813	1.2649	1.1017	0.7808	0.5398	
0.05	1.2585	0.8868	1.2891	1.0558	0.9703	-0.1069	
0.06	1.2083	1.1394	1.1536	0.6697	1.1009	-0.6656	
0.07	1.436	1.1904	0.902	0.322	1.3047	-0.8081	
0.08	1.4041	1.4835	0.6418	-0.0763	1.3749	-0.442	
0.09	1.5146	1.6273	0.3029	-0.4312	1.5878	0.2325	
0.1	1.4004	1.6464	-0.0001	-0.5436	1.7866	0.9496	
0.11	1.38	1.8169	-0.2114	-0.5065	1.6952	1.439	
0.12	1.3001	2.0979	-0.2805	-0.3868	1.6176	1.3588	
0.13	1.0178	2.1773	-0.1954	0.0017	1.8033	0.9651	
0.14	0.8062	2.1357	0.0086	0.4821	1.5728	0.3007	
0.15	0.7031	2.1264	0.3559	0.9657	1.7641	-0.2469	
0.16	0.5823	1.9595	0.7738	1.3788	1.6716	-0.4231	
0.17	0.4471	2.0993	1.1629	1.4449	1.5555	-0.1927	
0.18	0.2547	2.1049	1.593	1.7435	1.4053	0.4114	
0.19	0.1874	2.2723	1.7653	1.6086	1.2782	1.0121	
0.2	0.1008	2.2734	2.2335	1.22	1.3126	1.5581	
0.21	0.0759	1.9753	2.0065	0.9136	1.0229	1.5511	
0.22	0.0978	1.8161	2.088	0.4934	1.0197	1.3995	
0.23	0.168	1.7026	1.7922	0.1843	1.0059	0.7143	
0.24	0.2803	1.6571	1.4734	-0.0363	0.8481	0.1282	
0.25	0.4232	1.7169	1.0446	-0.0634	0.7007	-0.134	
0.26	0.5445	1.4543	0.7452	0.0856	0.6187	0.031	
0.27	0.7883	1.3385	0.4508	0.4257	0.6285	0.5795	
0.28	1.0775	1.0626	0.2929	0.7904	0.6683	1.282	
0.29	1.1576	1.0594	0.2747	1.4236	0.6608	1.6452	
0.3	1.5157	0.8296	0.3851	1.5911	0.626	2.081	
0.31	1.6069	0.687	0.6091	1.8817	0.6126	1.6821	
0.32	2.1287	0.5354	0.9367	2.2742	0.8144	1.1282	
0.33	2.0598	0.2959	1.3065	1.9906	0.8048	0.4209	
0.34	2.1422	0.1456	1.4997	1.8311	0.8883	0.1246	
0.35	2.3831	-0.0142	1.7921	1.4008	0.978	0.1919	
0.36	2.5291	-0.1909	2.0242	0.9991	1.2875	0.7234	
0.37	2.7042	-0.3361	2.1352	0.6256	1.2669	1.3515	
0.38	2.4239	-0.4969	2.2223	0.4109	1.6521	1.8922	
0.39	2.3714	-0.6648	1.9015	0.2952	1.8032	2.2308	
0.4	2.4932	-0.7637	1.6239	0.4463	1.9246	1.7777	
0.41	2.2742	-0.9191	1.3222	0.657	1.9374	1.4653	
0.42	2.052	-0.883	0.7946	1.1796	2.0753	0.6854	
0.43	1.8745	-1.1071	0.5162	1.4613	2.2543	0.3651	
0.44	1.601	-1.2126	0.2276	1.8323	2.6856	0.3547	
0.45	1.3183	-1.2445	0.0496	2.4135	2.6894	0.7534	
0.46	1.0725	-1.3693	0.0284	2.3807	2.8586	1.4688	
0.47	0.8949	-1.2291	0.1377	2.4627	2.8731	1.9709	
0.48	0.8117	-1.1738	0.394	2.08	2.9693	2.3746	
0.49	0.6242	-1.3144	0.6399	1.888	3.0564	2.0031	
0.5	0.5971	-1.3289	1.0724	1.4995	2.9784	1.5555	
0.51	0.537	-1.1383	1.26	1.05	2.7322	1.0379	
0.52	0.5394	-1.0984	1.5152	0.7006	2.8467	0.4884	
0.53	0.5125	-1.1329	1.5757	0.6056	2.8932	0.3995	
0.54	0.642	-1.0661	1.6144	0.5808	2.4721	0.8495	
0.55	0.7964	-0.978	1.4768	0.9087	2.3135	1.5466	
0.56	0.9323	-0.7687	1.3134	1.1323	2.4067	2.127	
0.57	1.0989	-0.752	0.8251	1.7121	2.1354	2.5686	
0.58	1.204	-0.5688	0.4449	2.1852	2.0999	2.0731	
0.59	1.4494	-0.4185	-0.0022	2.6	1.7599	1.9295	
0.6	1.7826	-0.3101	-0.3343	2.6906	1.6897	1.1086	
0.61	1.884	-0.1325	-0.5422	2.5168	1.2889	0.595	
0.62	1.8281	0.0309	-0.6678	2.2468	1.2785	0.4104	
0.63	2.155	0.1878	-0.6113	2.0753	1.0866	0.7096	
0.64	2.0926	0.389	-0.5236	1.6376	0.8529	1.301	
0.65	2.1516	0.5009	-0.2114	1.2369	0.7046	1.9425	
0.66	2.3759	0.6354	0.0956	0.8904	0.619	2.545	
0.67	2.121	0.8784	0.4288	0.661	0.4696	2.48	
0.68	1.8844	1.0215	0.7178	0.7094	0.3546	1.9149	
0.69	2.0773	1.1126	0.9558	0.9523	0.2586	1.0969	
0.7	1.8786	1.3421	0.9327	1.1983	0.2027	0.6498	
0.71	1.4156	1.4739	0.9416	1.6622	0.1654	0.3742	
0.72	1.4419	1.579	0.7295	2.1398	0.151	0.6544	
0.73	0.9943	1.6027	0.3438	2.52	0.1566	1.091	
0.74	0.9262	1.9593	-0.0278	2.3658	0.2161	1.8623	
0.75	0.5489	1.7901	-0.4522	2.3837	0.2509	2.3686	
0.76	0.4069	1.8804	-0.7298	2.4565	0.2914	2.51	
0.77	0.1757	2.049	-1.0811	2.0599	0.4246	2.0089	
0.78	-0.0033	2.2197	-1.1753	1.4534	0.4853	1.1784	
0.79	-0.1438	2.1908	-1.1877	1.1925	0.6237	0.6565	
0.8	-0.2487	2.1503	-1.1635	0.7655	0.6778	0.3136	
0.81	-0.2807	2.1815	-0.8904	0.5431	0.7927	0.4274	
0.82	-0.2948	2.2461	-0.4944	0.5486	0.844	0.8974	
0.83	-0.2516	2.3271	-0.1261	0.6887	1.0338	1.5434	
0.84	-0.1691	2.0567	0.26	1.0189	1.0366	2.132	
0.85	-0.0496	2.32	0.4971	1.5467	1.1313	2.1533	
0.86	0.0936	2.1935	0.6509	1.8461	1.2048	1.8811	
0.87	0.272	2.0511	0.6969	2.2131	1.2224	1.2159	
0.88	0.4564	1.833	0.6399	2.3568	1.1397	0.5275	
0.89	0.5674	1.7297	0.4193	2.476	1.117	0.2137	
0.9	0.7708	1.6469	0.0856	2.4818	1.2508	0.2746	
0.91	0.8808	1.6413	-0.2624	2.037	1.1458	0.7747	
0.92	0.9962	1.7681	-0.6715	1.6433	1.1426	1.263	
0.93	1.253	1.6017	-0.9763	0.9824	0.9778	1.786	
0.94	1.3298	1.3845	-1.0763	0.6983	0.8356	1.9221	
0.95	1.1554	1.3077	-1.1091	0.351	0.6942	1.8228	
0.96	1.2112	1.1248	-0.8999	0.2943	0.5251	1.0799	
0.97	1.133	1.11	-0.6737	0.3912	0.3224	0.467	
0.98	0.9737	1.0211	-0.3792	0.707	0.113	0.052	
0.99	0.944	0.8637	0.0168	1.1384	-0.0634	0.0414	
1.0	0.7462	0.7194	0.441	1.6119	-0.2647	0.4949	
1.01	0.4986	0.6055	0.7953	1.9244	-0.4399	1.156	
1.02	0.3135	0.5421	1.1767	1.9213	-0.6576	1.8145	
1.03	0.0798	0.3792	1.1748	2.1579	-0.8387	2.0508	
1.04	-0.1491	0.3338	1.1736	1.8434	-0.9949	1.5296	
1.05	-0.3966	0.2298	1.072	1.5854	-1.0735	1.1521	
1.06	-0.5299	0.1842	0.8116	1.3222	-1.3142	0.3895	
1.07	-0.7846	0.1157	0.5715	0.7747	-1.5194	-0.1251	
1.08	-0.9125	0.0628	0.2494	0.4082	-1.4785	-0.2097	
1.09	-0.9816	0.0194	-0.0394	0.0971	-1.6303	0.1525	
1.1	-0.8856	-0.0163	-0.2254	-0.0182	-1.7053	0.7781	
1.11	-1.0528	-0.0445	-0.3334	0.0533	-1.5107	1.2631	
1.12	-0.9148	-0.0606	-0.2561	0.3173	-1.5692	1.6207	
1.13	-0.8035	-0.0651	-0.0488	0.6444	-1.7535	1.5876	
1.14	-0.7065	-0.0521	0.277	1.058	-1.5863	0.993	
1.15	-0.5627	-0.0387	0.6658	1.3854	-1.3732	0.2546	
1.16	-0.3231	-0.0182	1.1297	1.6041	-1.4656	-0.2936	
1.17	-0.1325	0.0148	1.4964	1.8625	-1.1661	-0.3991	
1.18	0.0977	0.0487	1.8356	1.6825	-1.1527	-0.1384	
1.19	0.304	0.0927	1.9365	1.4005	-1.0322	0.499	
1.2	0.5183	0.1463	2.2943	0.9235	-0.7753	0.982	
1.21	0.6858	0.2135	2.2991	0.56	-0.6651	1.5191	
1.22	0.781	0.295	2.1058	0.1259	-0.5657	1.4628	
1.23	0.9898	0.3327	1.7586	-0.2064	-0.4387	0.8127	
1.24	0.9742	0.394	1.3068	-0.3586	-0.2993	0.1575	
1.25	1.0191	0.5088	0.9968	-0.332	-0.1864	-0.3879	
1.26	0.976	0.5695	0.8572	-0.1176	-0.087	-0.6537	
1.27	1.0315	0.6983	0.6549	0.234	-0.0087	-0.4456	
1.28	0.9336	0.8007	0.5714	0.597	0.0471	0.1364	
1.29	0.7319	0.8439	0.7428	1.1083	0.0949	0.7985	
1.3	0.6274	0.9012	0.9565	1.4625	0.1163	1.2405	
1.31	0.4206	0.9415	1.3452	1.4452	0.0965	1.103	
1.32	0.2863	0.9395	1.7767	1.4749	0.0652	0.7123	
1.33	0.0773	1.1616	2.3335	1.1222	0.015	0.0947	
1.34	-0.0971	1.1658	2.4537	0.7375	-0.057	-0.5419	
1.35	-0.2501	1.3094	2.6349	0.2867	-0.1411	-0.801	
1.36	-0.4362	1.1887	3.0893	-0.1257	-0.2505	-0.5899	
1.37	-0.5529	1.3422	2.8352	-0.4738	-0.4111	-0.1268	
1.38	-0.6191	1.2554	2.8962	-0.6792	-0.5064	0.5347	
1.39	-0.6163	1.2941	2.2203	-0.7031	-0.6138	0.9944	
1.4	-0.5568	1.3003	2.2342	-0.4574	-0.867	1.1085	
1.41	-0.468	1.3723	1.6521	-0.141	-0.8957	0.6487	
1.42	-0.3639	1.4331	1.51	0.2781	-1.1615	0.0632	
1.43	-0.2204	1.4223	1.164	0.6387	-1.1631	-0.6121	
1.44	-0.037	1.5058	1.0825	0.9724	-1.2918	-1.0195	
1.45	0.1928	1.49	1.01	1.1409	-1.558	-0.8771	
1.46	0.4095	1.5433	1.1118	1.1051	-1.5186	-0.3726	
1.47	0.7015	1.4999	1.489	0.8472	-1.6128	0.3049	
1.48	0.9184	1.4306	1.5771	0.5766	-1.5824	0.8364	
1.49	1.2023	1.362	1.9245	0.1207	-1.7706	0.9646	
1.5	1.4542	1.482	2.57	-0.3173	-1.7769	0.6646	
1.51	1.6799	1.3096	2.9517	-0.7072	-1.478	0.0802	
1.52	1.8468	1.4174	2.9793	-0.9556	-1.5808	-0.5453	
1.53	1.7982	1.3396	2.6997	-0.9815	-1.3384	-0.9669	
1.54	1.9954	1.2818	2.5138	-0.813	-1.374	-0.9599	
1.55	2.0301	1.1659	2.6565	-0.4649	-1.1099	-0.5193	
1.56	1.7613	1.1347	2.0326	-0.028	-1.0998	0.1375	
1.57	1.9058	1.0881	1.5629	0.4268	-0.8983	0.6963	
1.58	1.7898	1.1541	1.1911	0.7704	-0.7549	0.9031	
1.59	1.5701	1.0767	0.909	0.9522	-0.6366	0.7821	
1.6	1.3531	1.0121	0.6724	1.003	-0.4162	0.1494	
1.61	1.362	1.0825	0.5296	0.8008	-0.2183	-0.5548	
1.62	1.1244	1.0318	0.5938	0.4702	-0.0536	-0.9496	
1.63	0.9197	0.9604	0.7839	0.0728	0.1184	-1.0769	
1.64	0.6678	0.969	0.9708	-0.3909	0.2597	-0.572	
1.65	0.5609	0.8798	1.2105	-0.752	0.4511	0.044	
1.66	0.4376	0.9304	1.6313	-0.9829	0.5467	0.6375	
1.67	0.3871	0.9381	1.8741	-1.1069	0.6715	1.0481	
1.68	0.3335	0.9113	2.2656	-0.9221	0.6871	0.7555	
1.69	0.307	1.0055	2.2512	-0.6468	0.7699	0.3129	
1.7	0.351	0.9402	2.0869	-0.2099	0.811	-0.3834	
1.71	0.3933	1.0399	1.9932	0.2547	0.8424	-0.9237	
1.72	0.5683	1.0027	1.4121	0.5956	0.86	-0.9323	
1.73	0.7273	1.0457	1.1038	0.9055	0.7641	-0.689	
1.74	0.8781	1.0623	0.6226	0.8903	0.6839	-0.0072	
1.75	1.2127	1.0955	0.2542	0.8217	0.6419	0.6355	
1.76	1.3697	1.1104	-0.0576	0.5575	0.4872	1.0417	
1.77	1.6234	1.0024	-0.279	0.133	0.3617	0.9101	
1.78	1.7587	1.1346	-0.3094	-0.2758	0.2526	0.4491	
1.79	1.9878	1.0464	-0.2102	-0.7328	0.1254	-0.1888	
1.8	2.2379	1.0902	-0.0229	-0.9557	-0.0286	-0.763	
1.81	2.4289	1.0975	0.2829	-1.0451	-0.1841	-0.9718	
1.82	2.2191	1.0545	0.6329	-0.835	-0.3515	-0.6418	
1.83	2.3945	1.1165	0.955	-0.6653	-0.4881	0.0057	
1.84	2.3105	1.2391	1.1728	-0.2228	-0.5619	0.6684	
1.85	2.3384	1.0343	1.3804	0.1937	-0.7376	1.1341	
1.86	2.2955	1.0959	1.3908	0.5775	-0.871	1.0281	
1.87	2.2662	1.1845	1.2165	0.8564	-0.8385	0.7425	
1.88	2.2003	1.2163	0.7893	1.1021	-0.9961	0.0827	
1.89	1.706	1.1184	0.4899	0.8899	-0.9572	-0.4589	
1.9	1.7813	1.0629	0.1152	0.6858	-1.0442	-0.7848	
1.91	1.5506	0.9749	-0.2925	0.3148	-1.0137	-0.4648	
1.92	1.1011	1.0734	-0.6478	-0.0974	-0.9958	0.0724	
1.93	0.9031	0.9345	-0.7819	-0.49	-0.9762	0.7825	
1.94	0.7793	0.892	-1.0131	-0.7989	-0.78	1.1431	
1.95	0.5758	0.8936	-0.8928	-0.8148	-0.804	1.2474	
1.96	0.4772	0.9501	-0.7776	-0.8205	-0.6138	0.9486	
1.97	0.3272	0.8979	-0.4716	-0.536	-0.5326	0.4051	
1.98	0.2838	0.7812	-0.1065	-0.1528	-0.3731	-0.2004	
1.99	0.2676	0.7608	0.2591	0.2679	-0.2457	-0.5142	
2.0	0.2549	0.648	0.5452	0.7277	-0.0855	-0.3456	
2.01	0.3255	0.6607	0.8124	1.1029	0.0604	0.1951	
2.02	0.4252	0.5822	0.9066	1.1971	0.195	0.91	
2.03	0.5989	0.5431	0.9561	1.0914	0.3383	1.3353	
2.04	0.6711	0.4855	0.8243	0.9696	0.46	1.6106	
2.05	0.8925	0.4264	0.4896	0.5786	0.5679	1.196	
2.06	1.0209	0.3203	0.1463	0.1934	0.6552	0.6802	
2.07	1.2089	0.274	-0.2487	-0.2156	0.738	0.1003	
2.08	1.317	0.2119	-0.6031	-0.4838	0.7661	-0.2631	
2.09	1.4013	0.1509	-0.8192	-0.698	0.7985	-0.1729	
2.1	1.6891	0.1089	-0.9617	-0.5806	0.7711	0.3248	
2.11	1.7854	0.0761	-0.8884	-0.3814	0.7889	0.9688	
2.12	1.8729	0.0316	-0.8202	-0.008	0.6448	1.5227	
2.13	1.691	0.0008	-0.5146	0.4006	0.5719	1.6773	
2.14	1.7171	-0.0224	-0.1155	0.8995	0.5345	1.6567	
2.15	1.5877	-0.0405	0.293	1.1891	0.3606	1.0028	
2.16	1.5017	-0.051	0.6461	1.4535	0.2671	0.4085	
2.17	1.1944	-0.0593	1.0261	1.3325	0.1008	0.0388	
2.18	0.9248	-0.0501	1.3329	1.3549	-0.053	0.0441	
2.19	0.7275	-0.0383	1.3464	0.8775	-0.2217	0.4414	
2.2	0.4308	-0.0171	1.1684	0.5373	-0.3929	1.1504	
2.21	0.1871	0.0113	1.0777	0.133	-0.6038	1.679	
2.22	-0.0923	0.0449	0.7612	-0.1863	-0.78	2.0473	
2.23	-0.366	0.0947	0.5145	-0.3464	-0.8686	1.8164	
2.24	-0.5271	0.1585	0.1619	-0.3835	-1.0881	1.4075	
2.25	-0.7124	0.2014	-0.093	-0.1683	-1.3293	0.834	
2.26	-0.8877	0.2942	-0.2536	0.164	-1.4783	0.3143	
2.27	-0.9304	0.3396	-0.2929	0.6557	-1.4689	0.2514	
2.28	-1.0436	0.3908	-0.1921	1.1666	-1.4688	0.6727	
2.29	-1.0258	0.4595	0.0643	1.5087	-1.6752	1.2793	
2.3	-1.097	0.5947	0.4515	1.6165	-1.7206	1.8902	
2.31	-1.0615	0.7509	0.9025	1.7574	-1.7432	2.5087	
2.32	-0.9592	0.8406	1.1705	1.7043	-1.7297	2.3744	
2.33	-0.7563	0.9556	1.6257	1.3924	-1.4964	1.7272	
2.34	-0.6884	0.9935	1.7712	0.8469	-1.5142	1.0911	
2.35	-0.5332	1.1426	1.918	0.4205	-1.3454	0.6386	
2.36	-0.3203	1.2644	2.0355	0.0974	-1.2231	0.4629	
2.37	-0.1805	1.1528	1.9535	-0.1062	-1.1621	0.8123	
2.38	-0.0606	1.3448	1.8298	-0.1332	-1.1024	1.4096	
2.39	0.0463	1.422	1.5551	0.0183	-0.979	2.2758	
2.4	0.1326	1.611	1.1943	0.3573	-0.8571	2.2923	
2.41	0.1745	1.5317	0.7325	0.8312	-0.6742	2.5921	
2.42	0.1616	1.692	0.6183	1.2733	-0.485	2.188	
2.43	0.1165	1.6045	0.4424	1.5893	-0.3433	1.3079	
2.44	0.0195	1.6341	0.4323	2.0065	-0.2278	0.9175	
2.45	-0.1199	1.8054	0.6663	1.8196	-0.135	0.6249	
2.46	-0.2796	1.6233	0.8837	1.7296	-0.0269	0.9171	
2.47	-0.5097	1.7989	1.3924	1.6756	0.0528	1.5805	
2.48	-0.7005	1.756	1.5557	1.1267	0.128	2.2777	
2.49	-1.054	1.5891	2.2213	0.7305	0.1727	2.5937	
2.5	-1.1669	1.7394	2.2688	0.3734	0.1832	2.6037	
2.51	-1.5347	1.7384	2.439	0.0925	0.1865	2.5098	
2.52	-1.8093	1.7086	2.6984	0.0205	0.1364	1.754	
2.53	-1.7497	1.3666	2.7586	0.1385	0.088	1.0261	
2.54	-2.1017	1.3524	2.1311	0.4187	0.0202	0.7302	
2.55	-2.2523	1.3529	2.0962	0.8113	-0.0645	0.9262	
2.56	-2.2194	1.2236	1.5103	1.2366	-0.1902	1.6161	
2.57	-2.1812	1.0509	1.2388	1.5459	-0.2764	2.1178	
2.58	-2.4427	0.9759	1.0368	2.1417	-0.4147	2.5459	
2.59	-2.1803	0.8975	0.7031	2.1688	-0.6046	2.7025	
2.6	-2.4574	0.7797	0.6036	2.0448	-0.6718	2.6309	
2.61	-2.1329	0.6121	0.6206	1.559	-0.8651	1.8573	
2.62	-2.2374	0.441	0.8613	1.2909	-0.9758	1.3	
2.63	-1.9439	0.3126	1.0772	0.9685	-1.0454	0.833	
2.64	-1.8336	0.144	1.3284	0.485	-1.2008	0.9585	
2.65	-1.4543	-0.0174	1.8473	0.1961	-1.2478	1.3743	
2.66	-1.2203	-0.1831	2.1003	0.0679	-1.3579	1.9762	
2.67	-1.1865	-0.304	2.4732	0.1286	-1.4219	2.7912	
2.68	-0.9641	-0.4961	2.4423	0.3856	-1.5782	2.7835	
2.69	-0.7511	-0.6664	2.5913	0.6933	-1.3548	2.7065	
2.7	-0.7581	-0.6976	2.2215	1.2721	-1.5486	1.8201	
2.71	-0.6162	-0.9143	1.9516	1.6622	-1.2795	1.2941	
2.72	-0.6193	-1.0432	1.3976	1.9523	-1.3293	0.8408	
2.73	-0.6811	-1.2315	1.0136	1.9161	-1.3081	0.9729	
2.74	-0.7921	-1.108	0.5648	2.1169	-1.063	1.3218	
2.75	-0.8036	-1.1969	0.2773	1.727	-1.0166	2.0172	
2.76	-0.9296	-1.4798	0.0852	1.4689	-0.816	2.7912	
2.77	-1.1727	-1.5078	0.0146	0.9115	-0.7344	2.8111	
2.78	-1.4236	-1.5374	0.0844	0.4379	-0.4574	2.7725	
2.79	-1.4186	-1.6148	0.2956	0.1327	-0.2713	1.9241	
2.8	-1.6316	-1.5376	0.5867	-0.0227	-0.0964	1.3619	
2.81	-1.9806	-1.4293	0.8464	-0.0016	0.1072	0.9582	
2.82	-2.2735	-1.5997	1.1856	0.2095	0.3063	0.8732	
2.83	-2.3826	-1.6188	1.3037	0.5406	0.5171	1.2303	
2.84	-2.2033	-1.4359	1.5377	1.0343	0.6829	1.7551	
2.85	-2.3911	-1.4143	1.3832	1.3365	0.911	2.2621	
2.86	-2.5956	-1.3836	1.3467	1.7098	1.0891	2.8913	
2.87	-2.7141	-1.3103	1.0387	1.8659	1.2442	2.491	
2.88	-2.3353	-1.0945	0.6725	1.847	1.2247	2.0388	
2.89	-2.4952	-0.9949	0.2671	1.6288	1.4715	1.3485	
2.9	-1.9492	-0.9773	-0.1657	1.1711	1.44	0.8181	
2.91	-2.0035	-0.7885	-0.5429	0.8177	1.5816	0.6707	
2.92	-1.5868	-0.6028	-0.8585	0.3252	1.4659	0.8451	
2.93	-1.4542	-0.5151	-0.9235	-0.0463	1.4174	1.5871	
2.94	-1.2047	-0.3549	-1.0772	-0.2588	1.5736	2.2249	
2.95	-1.1034	-0.2129	-0.9039	-0.2859	1.3192	2.6288	
2.96	-0.8393	-0.0355	-0.6583	-0.1149	1.2214	2.5726	
2.97	-0.6256	0.1292	-0.286	0.1887	1.1432	2.0219	
2.98	-0.4198	0.2978	0.013	0.5701	1.0768	1.2386	
2.99	-0.221	0.4291	0.2702	0.9118	1.1025	0.6424	
3.0	-0.1177	0.6474	0.4989	1.2988	0.8985	0.4094	
3.01	-0.0562	0.7519	0.5456	1.3829	0.7782	0.6449	
3.02	-0.0341	0.9828	0.549	1.4405	0.7225	1.3076	
3.03	-0.0483	1.0962	0.328	1.2083	0.6245	1.83	
3.04	-0.1053	1.1443	-0.004	0.9486	0.4893	2.2844	
3.05	-0.2045	1.3174	-0.3642	0.5029	0.4759	2.2221	
3.06	-0.3312	1.4176	-0.738	0.023	0.412	1.9684	
3.07	-0.5265	1.531	-1.1301	-0.37	0.3606	1.2245	
3.08	-0.7068	1.4145	-1.3859	-0.6721	0.3168	0.5134	
3.09	-0.8035	1.6704	-1.5995	-0.728	0.3163	0.1749	
3.1	-0.9858	1.5862	-1.7896	-0.5789	0.3744	0.2876	
3.11	-1.1782	1.5282	-1.498	-0.3105	0.3922	0.7907	
3.12	-1.3197	1.6887	-1.387	0.0813	0.4795	1.3726	
3.13	-1.5511	1.7747	-1.0912	0.4886	0.5216	2.0234	
3.14	-1.5475	1.799	-0.717	0.8547	0.665	1.944	
3.15	-1.6285	1.5583	-0.3778	1.1126	0.8361	1.5181	
3.16	-1.4	1.4431	-0.0942	1.0341	1.0449	1.0384	
3.17	-1.5531	1.4441	0.086	0.8758	1.0144	0.3215	
3.18	-1.441	1.3392	0.1338	0.5514	1.1857	-0.0883	
3.19	-1.2863	1.3564	0.0582	0.1045	1.3374	-0.0326	
3.2	-1.0782	1.1785	-0.1481	-0.3971	1.6336	0.382	
3.21	-0.8177	1.0566	-0.4658	-0.7191	1.6538	1.0652	
3.22	-0.6345	0.8406	-0.8709	-1.1506	2.1724	1.5472	
3.23	-0.4041	0.7302	-1.1293	-1.103	2.3806	1.6669	
3.24	-0.1296	0.501	-1.6074	-1.1741	2.406	1.2904	
3.25	0.1002	0.3487	-1.6098	-0.8782	2.3159	0.7697	
3.26	0.3463	0.139	-1.6062	-0.547	2.8347	0.0812	
3.27	0.4832	-0.0626	-1.6095	-0.0952	2.8139	-0.4067	
3.28	0.6321	-0.2348	-1.5561	0.2271	2.8973	-0.4277	
3.29	0.7115	-0.4687	-1.1486	0.4494	2.7771	0.0111	
3.3	0.8675	-0.677	-0.7877	0.5454	2.6579	0.6389	
3.31	0.8411	-0.7685	-0.3682	0.4139	2.8607	1.242	
3.32	0.8666	-0.9611	-0.005	0.0933	2.7137	1.455	
3.33	0.7942	-1.2419	0.3033	-0.316	2.6694	1.102	
3.34	0.7516	-1.4397	0.4302	-0.7351	2.5236	0.5832	
3.35	0.5106	-1.7446	0.4882	-1.2574	2.596	-0.1307	
3.36	0.3553	-1.9206	0.3513	-1.7102	2.4074	-0.6029	
3.37	0.1775	-1.7582	0.1357	-1.8242	2.4985	-0.7241	
3.38	-0.0049	-2.0588	-0.172	-1.5808	2.0719	-0.3729	
3.39	-0.226	-2.0268	-0.515	-1.4925	2.0523	0.2101	
3.4	-0.431	-2.1365	-0.8264	-1.0733	1.7231	0.7508	
3.41	-0.5658	-2.4674	-1.0114	-0.747	1.4943	1.0264	
3.42	-0.6935	-2.2195	-1.1578	-0.3489	1.3742	0.8493	
3.43	-0.9182	-2.3699	-1.2574	-0.0754	1.1511	0.3722	
3.44	-0.8811	-2.4736	-0.9159	0.0264	1.0294	-0.3513	
3.45	-0.9148	-2.3756	-0.6962	-0.066	0.9624	-0.8634	
3.46	-1.0536	-2.7141	-0.345	-0.3442	0.8089	-0.9981	
3.47	-0.9367	-2.4796	0.104	-0.7517	0.6989	-0.7233	
3.48	-0.8733	-2.3994	0.4705	-1.2315	0.5666	-0.1804	
3.49	-0.7067	-2.3993	0.9329	-1.8191	0.5474	0.4519	
3.5	-0.5411	-2.497	1.1325	-1.8304	0.4675	0.7876	
3.51	-0.416	-2.2264	1.1081	-2.3994	0.3854	0.6289	
3.52	-0.1931	-2.1839	1.1698	-2.3776	0.4369	0.1698	
3.53	0.0151	-2.1192	1.0289	-2.1089	0.3892	-0.5242	
3.54	0.2266	-1.7791	0.7654	-1.6628	0.4159	-1.0686	
3.55	0.4238	-1.7456	0.4075	-1.1547	0.4909	-1.3305	
3.56	0.5837	-1.788	0.0369	-0.9615	0.5804	-1.1538	
3.57	0.6695	-1.6501	-0.2298	-0.5512	0.6156	-0.5534	
3.58	0.7219	-1.2101	-0.4161	-0.4631	0.7343	0.0953	
3.59	0.8203	-1.2053	-0.5545	-0.4951	0.8406	0.5457	
3.6	0.837	-1.0528	-0.4557	-0.7388	1.0186	0.48	
3.61	0.865	-0.7592	-0.262	-1.0585	1.0325	0.0473	
3.62	0.7372	-0.6409	0.0772	-1.5139	1.2451	-0.5695	
3.63	0.5909	-0.4546	0.455	-2.0202	1.2322	-1.1646	
3.64	0.4482	-0.2528	0.8048	-2.3909	1.1805	-1.6887	
3.65	0.2184	-0.1015	1.2998	-2.4502	1.2661	-1.3505	
3.66	-0.0092	0.0669	1.4204	-2.3944	1.3962	-0.9428	
3.67	-0.2288	0.2317	1.5749	-2.3874	1.304	-0.2211	
3.68	-0.4583	0.4002	1.5226	-2.2682	1.35	0.2705	
3.69	-0.7671	0.516	1.5981	-1.8511	1.4458	0.3341	
3.7	-0.9	0.6514	1.1471	-1.2684	1.3027	-0.0402	
3.71	-1.0458	0.756	0.9258	-0.8994	1.388	-0.7475	
3.72	-1.2287	0.863	0.4715	-0.8159	1.1613	-1.3202	
3.73	-1.5738	0.9626	0.1139	-0.786	1.1112	-1.5945	
3.74	-1.6825	0.9162	-0.2002	-0.9028	0.9928	-1.4698	
3.75	-1.4328	0.9745	-0.3511	-1.2719	0.825	-1.0542	
3.76	-1.6211	1.0997	-0.3923	-1.6228	0.6279	-0.4841	
3.77	-1.5106	1.1783	-0.3181	-2.1078	0.3935	0.0658	
3.78	-1.4605	1.1299	-0.1019	-2.8518	0.1609	0.2238	
3.79	-1.2945	1.0289	0.1806	-2.7506	-0.0495	-0.0817	
3.8	-1.2163	1.0955	0.5442	-3.0216	-0.2852	-0.7039	
3.81	-0.9599	1.0349	0.8568	-2.4585	-0.4597	-1.2556	
3.82	-0.8413	0.9126	1.1374	-2.5852	-0.743	-1.6401	
3.83	-0.6347	0.7733	1.434	-2.0722	-0.8469	-1.6405	
3.84	-0.4515	0.6591	1.3596	-1.4917	-1.1246	-1.3818	
3.85	-0.2883	0.6188	1.2747	-1.155	-1.4178	-0.5945	
3.86	-0.2019	0.4936	0.9245	-0.9847	-1.3749	-0.0619	
3.87	-0.0961	0.3431	0.6059	-0.9826	-1.5836	0.1746	
3.88	-0.0357	0.1935	0.1927	-1.1313	-1.9142	-0.0592	
3.89	-0.0182	0.0367	-0.2436	-1.482	-1.9295	-0.6035	
3.9	-0.052	-0.1289	-0.6613	-1.7172	-2.0482	-1.2099	
3.91	-0.1128	-0.3204	-0.9018	-2.129	-2.1207	-1.6681	
3.92	-0.2225	-0.5137	-1.0178	-2.4822	-2.0423	-1.8203	
3.93	-0.3745	-0.6221	-1.1346	-3.1416	-2.1193	-1.4119	
3.94	-0.5382	-0.8742	-0.876	-2.7736	-2.1147	-0.7333	
3.95	-0.8404	-1.0036	-0.6751	-2.9502	-1.9596	-0.1343	
3.96	-0.9354	-1.2038	-0.436	-2.7034	-1.9929	0.1518	
3.97	-1.2251	-1.431	-0.0856	-2.124	-1.7654	0.0147	
3.98	-1.6244	-1.4107	0.1754	-1.6391	-1.5673	-0.5213	
3.99	-1.8659	-1.5374	0.3677	-1.2844	-1.7117	-1.1027	
4.0	-1.8652	-1.6609	0.4345	-0.9417	-1.4786	-1.7267	
4.01	-1.9935	-2.0189	0.4202	-0.9346	-1.3446	-1.7808	
4.02	-2.1056	-1.9417	0.1915	-1.0053	-1.3037	-1.463	
4.03	-2.0779	-2.3201	-0.1465	-1.3731	-1.1505	-0.8084	
4.04	-2.4329	-2.4399	-0.523	-1.8274	-0.9828	-0.171	
4.05	-2.2511	-2.5022	-0.9791	-2.1957	-0.8679	0.2238	
4.06	-2.4543	-2.3937	-1.4253	-2.2688	-0.9211	0.1378	
4.07	-1.9905	-2.2972	-1.799	-2.9905	-0.8262	-0.3108	
4.08	-1.9145	-2.7123	-1.9574	-3.0437	-0.8002	-0.9067	
4.09	-1.735	-2.7104	-2.0163	-2.9701	-0.8163	-1.48	
4.1	-1.6822	-2.5148	-2.0862	-2.4505	-0.8158	-1.8482	
4.11	-1.4842	-2.4161	-1.7708	-2.1917	-0.7665	-1.4892	
4.12	-1.2962	-2.4499	-1.563	-1.5185	-0.8859	-0.8684	
4.13	-1.0183	-2.5023	-1.3099	-1.2968	-0.9585	-0.1284	
4.14	-0.9285	-2.5069	-0.8325	-0.9844	-1.0176	0.3125	
4.15	-0.6395	-2.5084	-0.636	-0.6844	-1.1507	0.2972	
4.16	-0.4928	-2.3908	-0.552	-0.7198	-1.3721	-0.116	
4.17	-0.3904	-2.4703	-0.4365	-1.0845	-1.5214	-0.8128	
4.18	-0.3535	-2.1867	-0.5912	-1.4029	-1.5436	-1.3551	
4.19	-0.3166	-2.0899	-0.7997	-1.6863	-1.5312	-1.708	
4.2	-0.3313	-1.9797	-1.2874	-1.9739	-1.8185	-1.4513	
4.21	-0.4063	-2.0278	-1.7311	-2.4546	-1.8434	-0.7305	
4.22	-0.4705	-1.6222	-2.0288	-2.369	-1.9759	-0.0827	
4.23	-0.6248	-1.624	-2.5614	-2.2873	-2.2161	0.3736	
4.24	-0.7489	-1.4234	-2.674	-2.3401	-2.2103	0.4528	
4.25	-0.9833	-1.4454	-2.9727	-1.7795	-2.3642	0.1571	
4.26	-1.2109	-1.23	-2.6141	-1.322	-2.6699	-0.4772	
4.27	-1.2914	-1.0459	-2.5557	-0.9524	-2.9533	-1.0993	
4.28	-1.599	-0.8979	-2.2338	-0.5711	-2.5373	-1.4905	
4.29	-1.5048	-0.843	-1.7506	-0.4592	-3.0362	-1.2162	
4.3	-1.6679	-0.6581	-1.4728	-0.4262	-3.0121	-0.6357	
4.31	-1.8617	-0.4956	-1.1592	-0.6658	-2.606	-0.0052	
4.32	-1.8437	-0.4317	-0.9077	-0.8906	-2.8014	0.5417	
4.33	-2.0008	-0.3184	-0.8131	-1.3758	-2.4754	0.6893	
4.34	-2.0554	-0.1863	-0.8315	-1.6346	-2.6277	0.4355	
4.35	-1.853	-0.1227	-0.975	-1.9772	-2.5652	-0.1865	
4.36	-1.7664	-0.0304	-1.2289	-2.4026	-2.3814	-0.7942	
4.37	-1.6311	0.0375	-1.5586	-2.0418	-2.1692	-1.1807	
4.38	-1.3067	0.0889	-1.802	-1.8005	-1.6999	-1.0565	
4.39	-1.0811	0.1488	-2.1656	-1.6412	-1.808	-0.5576	
4.4	-0.8616	0.1678	-2.4208	-1.1894	-1.4107	0.0807	
4.41	-0.5739	0.2031	-2.4064	-0.6376	-1.2926	0.6956	
4.42	-0.2955	0.2294	-2.5182	-0.2716	-1.1123	0.8333	
4.43	-0.0741	0.224	-2.3921	-0.0351	-0.967	0.7452	
4.44	0.1479	0.2151	-2.256	0.0018	-0.7166	0.1323	
4.45	0.3651	0.1889	-1.7862	-0.147	-0.6132	-0.5081	
4.46	0.4969	0.1535	-1.5357	-0.4094	-0.379	-1.0176	
4.47	0.6445	0.1011	-0.9741	-0.8777	-0.3004	-0.8974	
4.48	0.7429	0.0528	-0.7634	-1.1445	-0.164	-0.5313	
4.49	0.7378	-0.001	-0.5145	-1.6297	-0.0753	0.1437	
4.5	0.7405	-0.0686	-0.3402	-1.5929	-0.0091	0.8104	
4.51	0.6707	-0.1371	-0.4016	-1.6694	0.0366	1.0962	
4.52	0.6085	-0.205	-0.4891	-1.595	0.0611	1.0068	
4.53	0.5622	-0.2849	-0.7824	-1.1568	0.0499	0.3677	
4.54	0.4248	-0.363	-1.2113	-0.7561	0.0289	-0.2558	
4.55	0.2451	-0.5313	-1.3407	-0.2511	-0.0165	-0.7112	
4.56	0.0982	-0.6144	-1.6864	0.1222	-0.0822	-0.8152	
4.57	-0.0528	-0.7333	-1.9787	0.4222	-0.1461	-0.473	
4.58	-0.1976	-0.8116	-2.107	0.4196	-0.2535	0.1916	
4.59	-0.2977	-0.8804	-1.7949	0.361	-0.3647	0.8463	
4.6	-0.4231	-0.98	-1.5404	0.0684	-0.4505	1.2796	
4.61	-0.4163	-1.0375	-1.2298	-0.3074	-0.5923	1.1293	
4.62	-0.4507	-1.0609	-0.9611	-0.7787	-0.6793	0.7147	
4.63	-0.4534	-1.1165	-0.4707	-1.1379	-0.6787	-0.0044	
4.64	-0.3244	-1.3225	-0.092	-1.3954	-0.8575	-0.5047	
4.65	-0.2561	-1.3759	0.2044	-1.3583	-0.8213	-0.6751	
4.66	-0.0741	-1.4773	0.3927	-1.1182	-0.9573	-0.4014	
4.67	0.1232	-1.578	0.4532	-0.8723	-1.0441	0.2022	
4.68	0.3357	-1.5852	0.389	-0.3857	-0.9807	0.9183	
4.69	0.5652	-1.4243	0.1691	0.0747	-1.0506	1.2897	
4.7	0.9225	-1.4154	-0.1269	0.5259	-0.9007	1.3909	
4.71	1.1622	-1.4759	-0.4331	0.8426	-0.8656	0.7854	
4.72	1.2587	-1.4806	-0.7886	0.9458	-0.7866	0.2095	
4.73	1.7426	-1.7518	-1.0859	0.7238	-0.73	-0.3848	
4.74	1.6516	-1.7028	-1.2062	0.5035	-0.5705	-0.5761	
4.75	2.181	-1.5262	-1.2331	0.1652	-0.4759	-0.4253	
4.76	2.329	-1.7131	-1.0892	-0.2205	-0.2762	0.177	
4.77	2.4424	-1.5529	-0.7746	-0.6352	-0.1306	0.8466	
4.78	2.1511	-1.6117	-0.4857	-0.8835	0.0566	1.2145	
4.79	2.0937	-1.4233	-0.0601	-0.9133	0.2234	1.2939	
4.8	2.0435	-1.3803	0.3146	-0.8491	0.483	1.0282	
4.81	2.0489	-1.4159	0.7127	-0.5336	0.6449	0.3504	
4.82	2.0559	-1.3717	0.9365	-0.1131	0.875	-0.2896	
4.83	1.7093	-1.3297	1.0603	0.3256	1.0053	-0.5412	
4.84	1.708	-1.1904	0.9645	0.7206	1.167	-0.4116	
4.85	1.3947	-1.2558	0.7948	1.0851	1.3977	0.0968	
4.86	1.3501	-1.2116	0.4436	1.2729	1.326	0.8243	
4.87	1.0587	-1.146	0.069	1.1612	1.5291	1.188	
4.88	1.0012	-1.0466	-0.2745	0.9784	1.6189	1.3843	
4.89	0.823	-0.9739	-0.5824	0.558	1.8801	1.0501	
4.9	0.735	-0.8741	-0.8331	0.1527	1.8045	0.4524	
4.91	0.7147	-0.8248	-0.9263	-0.2442	1.7004	-0.1959	
4.92	0.6262	-0.923	-0.9529	-0.5265	1.7812	-0.6388	
4.93	0.7483	-0.8949	-0.8212	-0.7165	1.6892	-0.5062	
4.94	0.8015	-0.795	-0.5782	-0.6199	1.6932	-0.0568	
4.95	0.7979	-0.6703	-0.273	-0.3693	1.7497	0.5814	
4.96	0.9536	-0.702	0.1131	0.039	1.6323	1.1501	
4.97	1.0632	-0.7041	0.4671	0.461	1.4299	1.4099	
4.98	1.4547	-0.6093	0.6911	0.8317	1.188	0.9999	
4.99	1.4708	-0.6443	0.8497	1.2166	1.2114	0.4334	
5.0	1.9424	-0.6257	0.6901	1.2763	1.0292	-0.2072	
5.01	1.8166	-0.6354	0.6196	1.3285	0.8104	-0.6659	
5.02	2.3093	-0.5772	0.2916	1.0872	0.6635	-0.615	
5.03	2.3877	-0.6106	-0.0897	0.8749	0.5833	-0.2612	
5.04	2.2959	-0.619	-0.5292	0.3652	0.4465	0.3887	
5.05	2.5921	-0.5879	-0.9852	-0.0197	0.2893	0.9007	
5.06	2.7058	-0.5425	-1.1904	-0.3232	0.1951	1.1852	
5.07	2.5433	-0.6454	-1.608	-0.4848	0.0878	0.9433	
5.08	2.5459	-0.5628	-1.4527	-0.5045	0.0207	0.4156	
5.09	2.7639	-0.555	-1.5177	-0.2912	-0.0306	-0.2737	
5.1	2.212	-0.662	-1.3086	0.071	-0.0564	-0.8043	
5.11	2.2359	-0.6424	-1.0644	0.534	-0.058	-0.9242	
5.12	1.9865	-0.6833	-0.7512	0.8474	-0.0365	-0.5494	
5.13	1.7339	-0.6501	-0.4757	1.1508	0.0053	0.0915	
5.14	1.5377	-0.6718	-0.1712	1.3967	0.065	0.6875	
5.15	1.5395	-0.68	-0.015	1.4641	0.1666	0.9442	
5.16	1.0804	-0.6862	0.0163	1.3202	0.2605	0.9068	
5.17	0.9363	-0.6779	-0.0977	0.9524	0.3993	0.3602	
5.18	0.8403	-0.7107	-0.3134	0.4601	0.5023	-0.3828	
5.19	0.5951	-0.7243	-0.6379	0.0803	0.6246	-0.9947	
5.2	0.4792	-0.6988	-1.0545	-0.3065	0.7011	-1.0007	
5.21	0.3606	-0.6121	-1.4206	-0.5146	0.9212	-0.7917	
5.22	0.3558	-0.6974	-1.9833	-0.4886	1.0399	-0.2291	
5.23	0.3818	-0.6605	-2.3626	-0.3586	1.1687	0.395	
5.24	0.3837	-0.6065	-2.4792	-0.0397	1.3011	0.8083	
5.25	0.4636	-0.5768	-2.2376	0.367	1.4774	0.6659	
5.26	0.6382	-0.5546	-2.4534	0.8528	1.5324	0.1851	
5.27	0.7872	-0.4894	-2.1831	1.0884	1.4335	-0.4868	
5.28	0.8285	-0.5234	-1.8533	1.4126	1.6502	-1.1009	
5.29	1.1243	-0.4716	-1.4744	1.5423	1.5008	-1.2927	
5.3	1.2737	-0.4318	-1.0694	1.3111	1.6733	-1.1023	
5.31	1.5532	-0.3813	-0.7921	0.93	1.435	-0.6412	
5.32	1.6051	-0.3203	-0.7041	0.4537	1.5383	0.0176	
5.33	1.5659	-0.2919	-0.8155	0.0468	1.3214	0.4735	
5.34	1.8525	-0.2133	-0.8411	-0.3453	1.3108	0.3983	
5.35	1.875	-0.1803	-1.2514	-0.624	1.3003	0.002	
5.36	1.8553	-0.1398	-1.516	-0.6581	1.016	-0.7304	
5.37	1.7535	-0.1053	-2.019	-0.5593	0.9059	-1.3742	
5.38	1.5737	-0.0533	-2.4248	-0.2609	0.7038	-1.6335	
5.39	1.6446	-0.0131	-2.8456	0.1529	0.5543	-1.5172	
5.4	1.2895	0.0258	-2.9603	0.5669	0.3701	-1.0431	
5.41	1.3233	0.0614	-2.8639	0.9497	0.2127	-0.3506	
5.42	1.0836	0.1003	-3.0037	1.2532	0.0436	0.0965	
5.43	0.7689	0.1152	-2.7271	1.218	-0.13	0.1602	
5.44	0.5025	0.1476	-2.2969	1.0657	-0.3132	-0.2135	
5.45	0.2662	0.1715	-1.8175	0.7331	-0.4484	-0.8077	
5.46	0.025	0.1745	-1.5093	0.3571	-0.5281	-1.6836	
5.47	-0.1816	0.1767	-1.1967	-0.0637	-0.7139	-2.0942	
5.48	-0.4001	0.1823	-1.0494	-0.4709	-0.7736	-1.7229	
5.49	-0.4883	0.1788	-0.7768	-0.7206	-0.8385	-1.4362	
5.5	-0.6764	0.1539	-0.9099	-0.9522	-0.871	-0.7325	
5.51	-0.6898	0.1351	-1.0306	-0.8685	-0.9411	-0.2479	
5.52	-0.7498	0.1024	-1.2931	-0.5456	-0.9202	-0.108	
5.53	-0.6922	0.0776	-1.5166	-0.1653	-0.8384	-0.3833	
5.54	-0.6169	0.0331	-1.9167	0.2616	-0.7128	-0.9826	
5.55	-0.5166	-0.0137	-2.2058	0.6707	-0.6739	-1.8181	
5.56	-0.3295	-0.0672	-2.5689	0.863	-0.5562	-2.012	
5.57	-0.1503	-0.1221	-2.7295	1.0905	-0.4371	-2.2475	
5.58	0.0315	-0.1838	-2.5805	0.8721	-0.3288	-1.9159	
5.59	0.2053	-0.2292	-2.3376	0.6917	-0.1683	-1.2215	
5.6	0.4256	-0.3253	-2.0875	0.2229	-0.0298	-0.5533	
5.61	0.5398	-0.4132	-1.6213	-0.2326	0.1094	-0.4035	
5.62	0.7846	-0.4464	-1.1359	-0.6794	0.2456	-0.6111	
5.63	0.8964	-0.5314	-0.7511	-0.871	0.4439	-1.2459	
5.64	1.038	-0.5802	-0.4793	-1.1112	0.5533	-2.0483	
5.65	1.0018	-0.7002	-0.3008	-1.1326	0.723	-2.3083	
5.66	1.0556	-0.6734	-0.2164	-0.9112	0.7305	-2.2667	
5.67	0.8617	-0.8363	-0.2728	-0.4488	0.898	-1.9226	
5.68	0.9021	-0.938	-0.4543	-0.0602	0.9457	-1.3606	
5.69	0.7814	-0.9867	-0.7735	0.3382	1.0573	-0.9349	
5.7	0.538	-0.9902	-1.0703	0.5915	0.9251	-0.6404	
5.71	0.4319	-1.0311	-1.399	0.7022	0.9004	-0.7893	
5.72	0.1968	-1.0471	-1.5614	0.6676	1.0402	-1.3558	
5.73	-0.0048	-1.0074	-1.6362	0.51	0.9245	-1.9445	
5.74	-0.2196	-1.1855	-1.6028	0.1122	0.9143	-2.6238	
5.75	-0.3824	-1.1634	-1.4152	-0.3216	0.7054	-2.572	
5.76	-0.5723	-1.1128	-1.3818	-0.8302	0.6431	-2.4255	
5.77	-0.7637	-1.1825	-0.831	-1.2097	0.5043	-1.8708	
5.78	-0.8482	-1.0653	-0.498	-1.2325	0.4169	-1.0904	
5.79	-0.9813	-1.1237	-0.0464	-1.3919	0.2852	-0.8114	
5.8	-0.9263	-0.9589	0.3535	-1.1934	0.1385	-0.8523	
5.81	-0.8998	-0.9988	0.5916	-0.7996	-0.0137	-1.4374	
5.82	-1.0167	-1.005	0.7889	-0.3473	-0.1647	-2.0642	
5.83	-0.8695	-0.8125	0.8096	0.0915	-0.2972	-2.9263	
5.84	-0.6396	-0.7794	0.5649	0.3959	-0.4211	-2.6311	
5.85	-0.5789	-0.6755	0.3759	0.6279	-0.5029	-2.4784	
5.86	-0.3336	-0.5654	0.0617	0.6288	-0.5777	-1.8847	
5.87	-0.0947	-0.5188	-0.2712	0.4023	-0.7043	-1.3585	
5.88	0.1312	-0.3825	-0.5731	0.0281	-0.7474	-1.0622	
5.89	0.3569	-0.2406	-0.7858	-0.425	-0.7233	-1.0237	
5.9	0.5866	-0.1118	-0.7638	-0.8805	-0.7085	-1.3371	
5.91	0.7829	0.0183	-0.7659	-1.186	-0.73	-2.2445	
5.92	0.909	0.1587	-0.5467	-1.5134	-0.6512	-2.5325	
5.93	1.0422	0.2699	-0.2963	-1.43	-0.6087	-3.1755	
5.94	1.1473	0.4445	0.0882	-1.1306	-0.4947	-2.9409	
5.95	1.2959	0.5315	0.5407	-0.8871	-0.4107	-2.0926	
5.96	1.1922	0.665	0.8575	-0.5393	-0.2814	-1.5601	
5.97	1.2892	0.7781	1.0724	-0.0702	-0.1102	-1.0261	
5.98	1.2452	1.0317	1.317	0.3121	0.0536	-1.1099	
5.99	1.0871	1.1328	1.3388	0.5146	0.2353	-1.3884	
6.0	0.8812	1.2193	1.2368	0.563	0.4335	-1.8772	
6.01	0.7133	1.3143	1.0384	0.3605	0.6146	-2.871	
6.02	0.609	1.563	0.7959	0.063	0.6826	-2.8368	
6.03	0.4455	1.4552	0.3336	-0.3294	1.0052	-2.7197	
6.04	0.2131	1.473	0.007	-0.7208	1.0079	-2.2976	
6.05	0.0652	1.7687	-0.2964	-1.1817	1.1748	-1.7338	
6.06	-0.0798	1.5588	-0.5283	-1.3637	1.4648	-1.1112	
6.07	-0.1921	1.6808	-0.5729	-1.452	1.4835	-0.9799	
6.08	-0.261	1.8594	-0.5025	-1.2651	1.6532	-1.2867	
6.09	-0.3152	1.7986	-0.2559	-1.044	1.6635	-1.9109	
6.1	-0.3002	1.8766	0.029	-0.5771	1.6962	-2.4203	
6.11	-0.2467	1.7551	0.4058	-0.1045	1.6242	-3.1575	
6.12	-0.141	1.8044	0.7608	0.2575	1.5126	-2.8719	
6.13	0.0105	1.8272	1.1094	0.5044	1.6353	-2.3349	
6.14	0.1741	1.814	1.1907	0.673	1.6794	-1.6919	
6.15	0.3668	1.5455	1.193	0.561	1.5604	-1.0234	
6.16	0.6558	1.5049	1.1564	0.226	1.3148	-0.8859	
6.17	0.814	1.379	1.0101	-0.1689	1.2543	-1.0496	
6.18	1.1026	1.337	0.7113	-0.5942	1.0685	-1.6092	
6.19	1.3692	1.2608	0.3109	-1.0113	0.8805	-2.4836	
6.2	1.6337	1.0391	-0.1195	-1.1193	0.7333	-2.9376	
6.21	1.6665	0.9362	-0.4963	-1.3468	0.59	-2.5727	
6.22	1.7602	0.826	-0.816	-1.2181	0.5152	-2.563	
6.23	2.0083	0.7356	-1.0474	-0.7852	0.367	-1.5864	
6.24	2.2877	0.5124	-1.019	-0.4744	0.2281	-0.998	
6.25	2.226	0.355	-0.8766	-0.0011	0.0942	-0.8042	
6.26	2.2805	0.2517	-0.6152	0.3924	-0.0222	-0.852	
6.27	1.9615	0.0804	-0.3252	0.782	-0.124	-1.5102	
6.28	1.7635	-0.0674	-0.0199	0.8728	-0.2024	-2.1954	
6.29	1.6011	-0.2255	0.2773	0.8429	-0.2248	-2.5541	
6.3	1.5182	-0.3281	0.5173	0.5118	-0.2851	-2.427	
6.31	1.4912	-0.4545	0.6132	0.1869	-0.2927	-2.1002	
6.32	1.2999	-0.6523	0.6285	-0.2225	-0.2357	-1.5889	
6.33	0.9299	-0.6846	0.4393	-0.6663	-0.2272	-0.9087	
6.34	0.7779	-0.9262	0.1568	-0.888	-0.1645	-0.5133	
6.35	0.5927	-1.0287	-0.2018	-0.9011	-0.0654	-0.5867	
6.36	0.4868	-0.9359	-0.671	-0.8217	0.0262	-1.0317	
6.37	0.349	-1.0711	-1.1342	-0.6067	0.1353	-1.8393	
6.38	0.2712	-1.2333	-1.4275	-0.2412	0.2578	-2.2979	
6.39	0.249	-1.1131	-1.496	0.2355	0.3545	-2.2406	
6.4	0.2612	-1.3049	-1.7851	0.6848	0.5716	-2.0371	
6.41	0.3256	-1.2295	-1.5654	0.9662	0.6591	-1.4339	
6.42	0.3814	-1.156	-1.611	1.1348	0.8008	-0.7149	
6.43	0.529	-1.2002	-1.1083	1.2091	0.8465	-0.3447	
6.44	0.6419	-1.1125	-0.8683	0.9235	1.0891	-0.304	
6.45	0.8726	-1.0861	-0.4994	0.5741	1.0685	-0.6687	
6.46	1.0515	-0.9267	-0.2345	0.1945	1.1358	-1.4343	
6.47	1.2702	-0.9411	-0.0395	-0.1719	1.2065	-1.9898	
6.48	1.496	-0.8107	0.0303	-0.4699	1.1732	-1.9334	
6.49	1.4934	-0.6297	-0.0305	-0.6621	1.3031	-1.9304	
6.5	1.6588	-0.5812	-0.2491	-0.5031	1.3386	-1.4008	
6.51	1.9577	-0.4516	-0.4929	-0.311	1.131	-0.5567	
6.52	2.0144	-0.2786	-0.9128	0.0734	1.235	-0.102	
6.53	2.0926	-0.0967	-1.2508	0.4938	1.0768	-0.0033	
6.54	2.244	0.0876	-1.7899	0.9732	0.9438	-0.3484	
6.55	1.8619	0.2718	-2.0919	1.4387	0.765	-0.9825	
6.56	2.0903	0.455	-2.0322	1.6886	0.6381	-1.5958	
6.57	1.813	0.6076	-1.8348	1.5434	0.5058	-1.6888	
6.58	1.5836	0.7765	-1.9373	1.3463	0.3334	-1.8242	
6.59	1.5355	1.0074	-1.5471	1.2068	0.1245	-1.0489	
6.6	1.1593	1.3085	-1.1986	0.6769	-0.0845	-0.4002	
6.61	0.9061	1.3312	-0.7894	0.3005	-0.2935	0.1385	
6.62	0.6857	1.7023	-0.4699	0.0085	-0.5186	0.3292	
6.63	0.4375	1.6448	-0.1898	-0.1407	-0.6857	0.0231	
6.64	0.1863	1.7987	-0.0059	-0.1309	-0.9535	-0.5273	
6.65	-0.0132	1.9156	0.0529	0.0763	-0.9575	-1.1798	
6.66	-0.1896	2.4345	-0.0389	0.4163	-1.2467	-1.5905	
6.67	-0.3031	2.4639	-0.2313	0.8279	-1.3486	-1.3651	
6.68	-0.4515	2.7081	-0.5474	1.4414	-1.5222	-0.9395	
6.69	-0.5239	2.5898	-0.8796	1.6723	-1.4659	-0.284	
6.7	-0.4946	2.6312	-1.2781	2.1914	-1.5509	0.3304	
6.71	-0.4622	2.4609	-1.5408	2.0211	-1.6711	0.5401	
6.72	-0.4278	2.6145	-1.6742	2.0029	-1.7282	0.3772	
6.73	-0.2793	2.8669	-1.572	1.4723	-1.6341	-0.2026	
6.74	-0.1553	2.5903	-1.3801	1.2608	-1.7626	-0.7983	
6.75	-0.0133	2.5648	-1.2715	0.8319	-1.68	-1.3153	
6.76	0.1553	2.7699	-0.9842	0.5282	-1.475	-1.1697	
6.77	0.2976	2.986	-0.4675	0.2747	-1.5187	-0.8078	
6.78	0.5013	2.8614	-0.0485	0.2631	-1.4339	-0.1141	
6.79	0.6022	2.5085	0.346	0.4898	-1.353	0.5189	
6.8	0.7366	2.7062	0.63	0.8125	-1.2423	0.7638	
6.81	0.8304	2.5325	0.7272	1.1924	-1.1367	0.6453	
6.82	0.8237	2.1911	0.7629	1.5701	-0.9044	0.154	
6.83	0.78	2.2705	0.6332	1.8994	-0.8382	-0.5239	
6.84	0.7271	2.1221	0.479	2.3546	-0.6887	-0.9511	
6.85	0.656	1.7612	0.1784	2.6721	-0.6671	-1.0764	
6.86	0.5031	1.5895	-0.1535	2.4588	-0.617	-0.6169	
6.87	0.2872	1.5336	-0.4276	2.1711	-0.4863	-0.011	
6.88	0.0678	1.227	-0.6795	1.8433	-0.5232	0.6177	
6.89	-0.1881	1.2269	-0.7156	1.203	-0.5134	0.9875	
6.9	-0.4314	1.0286	-0.6272	1.0225	-0.4889	0.8848	
6.91	-0.7363	0.8465	-0.4494	0.7385	-0.4954	0.4697	
6.92	-1.044	0.6297	-0.0988	0.6022	-0.5488	-0.1987	
6.93	-1.12	0.4648	0.2829	0.8027	-0.6501	-0.7158	
6.94	-1.5662	0.2477	0.6918	1.0483	-0.7926	-0.9263	
6.95	-1.67	0.0859	1.1245	1.3947	-0.839	-0.5368	
6.96	-1.7934	-0.0708	1.6382	1.8957	-0.9388	0.0405	
6.97	-2.1042	-0.2511	1.6308	2.1334	-1.1044	0.6587	
6.98	-2.1543	-0.3856	1.8504	2.4792	-1.4607	1.0794	
6.99	-2.2145	-0.5361	1.6666	2.7456	-1.381	1.2018	
7.0	-1.8378	-0.6111	1.607	2.555	-1.8008	0.7317	
7.01	-1.8679	-0.7089	1.276	2.371	-1.8177	0.0332	
7.02	-1.9002	-0.8172	1.0483	2.1615	-2.1533	-0.53	
7.03	-1.6664	-0.7998	0.6998	1.6845	-2.322	-0.7177	
7.04	-1.6092	-0.8866	0.4399	1.2216	-2.437	-0.5774	
7.05	-1.3351	-0.9297	0.2466	0.9981	-2.314	0.0364	
7.06	-1.2796	-1.0809	0.2177	0.7998	-2.3682	0.7526	
7.07	-0.9904	-1.0686	0.2966	0.9825	-2.7576	1.2993	
7.08	-0.9944	-0.9522	0.5414	1.2443	-2.6178	1.348	
7.09	-0.8195	-0.9896	0.9917	1.6229	-2.8053	0.8607	
7.1	-0.6343	-0.8585	1.232	2.1839	-2.6089	0.215	
7.11	-0.5571	-0.7632	1.8395	2.5298	-2.7074	-0.3665	
7.12	-0.5437	-0.7147	1.8893	3.0115	-2.4963	-0.6972	
7.13	-0.5699	-0.5598	2.4447	2.663	-2.6867	-0.5571	
7.14	-0.6453	-0.5437	2.5631	2.6849	-2.8066	-0.0304	
7.15	-0.7924	-0.3374	2.6111	2.6857	-2.5353	0.6123	
7.16	-0.9012	-0.2474	2.4802	2.2634	-2.3858	1.1684	
7.17	-1.121	-0.0816	2.1047	1.8888	-2.3451	1.2297	
7.18	-1.2222	0.0815	1.5115	1.3035	-2.2321	0.9742	
7.19	-1.5602	0.2643	1.1835	1.2226	-1.8557	0.3222	
7.2	-1.5686	0.4055	0.8539	0.9224	-1.7136	-0.3099	
7.21	-1.9914	0.5924	0.6219	0.9998	-1.4698	-0.6683	
7.22	-1.9935	0.799	0.4907	1.2659	-1.3747	-0.5626	
7.23	-2.4116	0.8831	0.5241	1.4783	-1.1825	-0.1513	
7.24	-2.6681	1.2089	0.5884	1.9951	-0.9784	0.467	
7.25	-2.602	1.3181	0.7759	2.5244	-0.7791	1.0805	
7.26	-2.8834	1.64	1.284	2.5004	-0.6815	1.1919	
7.27	-2.58	1.5962	1.5428	2.7957	-0.5234	1.0194	
7.28	-2.8489	1.7931	1.8365	3.1172	-0.4147	0.3687	
7.29	-2.7206	1.9541	2.1177	2.6667	-0.2947	-0.295	
7.3	-2.435	1.9894	2.4496	2.49	-0.244	-0.6802	
7.31	-2.622	2.2127	2.2606	1.8449	-0.1787	-0.7688	
7.32	-2.5216	2.139	1.9601	1.3674	-0.1706	-0.3311	
7.33	-2.0114	2.446	1.8302	1.0817	-0.1609	0.3282	
7.34	-1.7696	2.7591	1.597	0.9315	-0.2085	0.8146	
7.35	-1.607	2.6545	1.2268	0.8241	-0.2262	1.255	
7.36	-1.4251	2.9026	0.6796	0.963	-0.3143	0.8799	
7.37	-1.3521	2.5755	0.3471	1.3921	-0.3566	0.3759	
7.38	-1.1207	2.6745	0.1051	1.622	-0.4123	-0.3359	
7.39	-0.8534	2.5302	-0.0076	2.2571	-0.5226	-0.7608	
7.4	-0.7993	2.6882	0.0142	2.4618	-0.6454	-0.851	
7.41	-0.7389	2.5182	0.1563	2.8056	-0.6695	-0.4999	
7.42	-0.5735	2.5484	0.4641	2.7767	-0.7668	0.0697	
7.43	-0.5862	2.6869	0.8044	2.3776	-0.961	0.6191	
7.44	-0.6192	2.3945	1.1689	2.1373	-1.0475	0.9546	
7.45	-0.7318	2.2707	1.4423	1.5526	-1.0247	0.8698	
7.46	-0.7594	2.4411	1.6659	1.1481	-1.0322	0.3121	
7.47	-1.0187	2.2937	1.4638	0.9555	-1.0279	-0.365	
7.48	-1.1916	2.2874	1.5464	0.6504	-1.217	-0.9145	
7.49	-1.2194	1.852	1.2514	0.5944	-1.1418	-1.1713	
7.5	-1.3806	1.8185	1.0539	0.7492	-1.0514	-0.7489	
7.51	-1.8061	1.8302	0.5724	1.0462	-0.9659	-0.2013	
7.52	-1.947	1.6263	0.1588	1.2578	-0.8234	0.3944	
7.53	-2.0962	1.295	-0.2203	1.9203	-0.7575	0.7348	
7.54	-1.9904	1.3435	-0.554	2.3222	-0.6547	0.7229	
7.55	-1.9401	1.2186	-0.766	2.2225	-0.4544	0.2489	
7.56	-2.0698	0.9856	-0.8448	2.1916	-0.2882	-0.4206	
7.57	-1.9448	0.8612	-0.6924	2.1604	-0.0909	-0.9615	
7.58	-2.0688	0.7086	-0.4152	1.9117	0.1148	-1.3293	
7.59	-2.0651	0.5431	-0.1618	1.4949	0.2956	-1.1263	
7.6	-1.8615	0.3489	0.189	0.9562	0.4909	-0.4533	
7.61	-1.62	0.2538	0.5142	0.5352	0.6912	0.1505	
7.62	-1.3667	0.0989	0.8472	0.2322	0.9356	0.5846	
7.63	-1.181	-0.0096	0.887	0.1351	1.2929	0.5935	
7.64	-0.9575	-0.123	0.9347	0.2274	1.2801	0.1375	
7.65	-0.7164	-0.2049	0.8177	0.5026	1.425	-0.5337	
7.66	-0.394	-0.2826	0.6085	0.7748	1.7789	-1.2243	
7.67	-0.201	-0.3478	0.2436	1.3173	1.8081	-1.4162	
7.68	-0.0036	-0.4012	-0.1574	1.5772	2.1612	-1.347	
7.69	0.1578	-0.47	-0.479	1.7542	2.3286	-0.8642	
7.7	0.3111	-0.4771	-0.8301	1.8815	2.4144	-0.1434	
7.71	0.3946	-0.4689	-1.0795	1.8604	2.2025	0.3263	
7.72	0.4042	-0.5138	-1.1719	1.4316	2.1598	0.4142	
7.73	0.4299	-0.4832	-1.1778	1.0382	2.3727	0.0543	
7.74	0.3895	-0.4909	-0.8758	0.5519	2.343	-0.5866	
7.75	0.305	-0.4793	-0.5392	0.1025	2.3348	-1.2282	
7.76	0.1661	-0.4559	-0.186	-0.2009	2.1757	-1.6621	
7.77	0.0136	-0.3379	0.1823	-0.3564	2.0769	-1.7046	
7.78	-0.152	-0.292	0.5499	-0.3364	1.9592	-1.102	
7.79	-0.3451	-0.2079	0.8598	-0.1067	1.9569	-0.4663	
7.8	-0.4802	-0.1313	0.9099	0.229	1.6945	0.0886	
7.81	-0.7273	-0.0578	0.9353	0.6107	1.5976	0.2442	
7.82	-0.9229	0.0386	0.7461	0.9141	1.5878	-0.0365	
7.83	-0.9199	0.1457	0.5375	1.1949	1.4035	-0.6201	
7.84	-1.1217	0.2653	0.2029	1.4198	1.2038	-1.2953	
7.85	-1.2044	0.3641	-0.1229	1.2666	1.0583	-1.7771	
7.86	-1.1005	0.4303	-0.395	0.9491	1.1415	-1.7169	
7.87	-1.0649	0.5135	-0.6483	0.545	0.9478	-1.2589	
7.88	-1.0802	0.6286	-0.8291	0.1105	0.9886	-0.6886	
7.89	-0.828	0.806	-0.7348	-0.3341	0.9631	-0.1191	
7.9	-0.6673	0.9633	-0.5361	-0.6516	0.8205	0.1148	
7.91	-0.5893	0.984	-0.2502	-0.9408	0.8615	-0.0972	
7.92	-0.3426	1.1666	0.1266	-0.8905	0.9684	-0.7269	
7.93	-0.1213	1.0604	0.5021	-0.6725	1.0278	-1.2937	
7.94	0.1125	1.3083	0.9949	-0.3308	1.1577	-1.8261	
7.95	0.3353	1.3492	1.2393	0.0315	1.0947	-2.0661	
7.96	0.489	1.4176	1.5163	0.4383	1.3594	-1.5744	
7.97	0.6471	1.5556	1.5421	0.7526	1.2935	-0.9695	
7.98	0.9155	1.5642	1.5727	0.8405	1.523	-0.3131	
7.99	0.8898	1.6406	1.3176	0.8128	1.6847	0.0178	
8.0	1.1187	1.686	1.2601	0.5425	1.7294	-0.1314	
8.01	0.9801	1.5765	0.7693	0.1395	1.9689	-0.5894	
8.02	1.0122	1.5655	0.4862	-0.3344	2.0328	-1.2633	
8.03	0.9933	1.5855	0.2818	-0.7203	2.0817	-1.7097	
8.04	0.8976	1.4759	0.1363	-1.0902	2.2217	-2.1333	
8.05	0.7791	1.6844	0.1003	-1.2679	2.434	-1.6515	
8.06	0.5215	1.4174	0.1976	-1.4033	2.6372	-1.0357	
8.07	0.3387	1.6039	0.4435	-1.1601	2.8081	-0.3801	
8.08	0.1275	1.6166	0.743	-0.9535	2.6283	-0.0326	
8.09	-0.0747	1.4805	1.3309	-0.5055	2.9429	-0.0931	
8.1	-0.3224	1.372	1.5747	-0.1174	2.6591	-0.5941	
8.11	-0.4784	1.4419	2.2432	0.1932	2.5686	-1.2745	
8.12	-0.6431	1.1311	2.4693	0.3594	2.369	-1.7263	
8.13	-0.8709	1.1738	2.5486	0.3593	2.6407	-2.07	
8.14	-0.9865	1.18	2.6323	0.179	2.4244	-1.7213	
8.15	-1.1003	1.0849	2.4645	-0.1706	2.2587	-1.0739	
8.16	-1.0414	1.0401	2.2872	-0.6404	2.3157	-0.4907	
8.17	-1.0006	0.831	1.7939	-1.0384	1.9071	-0.0391	
8.18	-0.9478	0.8243	1.5673	-1.3834	1.7671	-0.0169	
8.19	-0.8797	0.7322	1.2371	-1.6555	1.6311	-0.4616	
8.2	-0.6632	0.6075	1.0517	-1.8361	1.4968	-1.0436	
8.21	-0.5344	0.5434	0.9479	-1.727	1.1335	-1.4989	
8.22	-0.4158	0.5391	0.9133	-1.4021	0.8873	-1.9818	
8.23	-0.176	0.3952	1.0651	-0.883	0.8377	-1.8124	
8.24	-0.0073	0.3477	1.4332	-0.5107	0.6244	-1.0574	
8.25	0.1722	0.3228	1.7624	-0.169	0.3677	-0.5211	
8.26	0.3054	0.2441	1.9671	0.0336	0.2535	0.0192	
8.27	0.4897	0.1849	2.3552	0.0639	0.1006	0.1135	
8.28	0.5806	0.1709	2.7946	-0.0851	-0.0299	-0.2261	
8.29	0.6305	0.1199	3.196	-0.3676	-0.1227	-0.8508	
8.3	0.6	0.0823	3.1633	-0.877	-0.2154	-1.4795	
8.31	0.5738	0.0639	3.1334	-1.2281	-0.2349	-1.8609	
8.32	0.4973	0.0358	2.9409	-1.573	-0.3131	-1.7858	
8.33	0.3475	0.0219	2.3412	-2.0611	-0.3047	-1.0407	
8.34	0.2034	0.0105	1.8483	-2.195	-0.2708	-0.4646	
8.35	0.026	0.0025	1.4577	-2.0412	-0.2393	0.1284	
8.36	-0.2036	0.0001	1.3499	-1.6401	-0.1891	0.2975	
8.37	-0.4069	0.0016	0.9992	-1.2879	-0.1153	0.0385	
8.38	-0.7313	0.0072	0.9277	-0.8104	-0.0237	-0.5778	
8.39	-0.9355	0.016	0.9474	-0.4258	0.0692	-1.2335	
8.4	-1.0835	0.0272	1.1199	-0.1689	0.1848	-1.6791	
8.41	-1.3788	0.0414	1.5226	-0.0858	0.2943	-1.5205	
8.42	-1.5511	0.0606	1.7824	-0.183	0.3563	-0.9519	
8.43	-1.8138	0.0662	1.9228	-0.5009	0.5175	-0.2998	
8.44	-1.8932	0.0956	2.4087	-0.9607	0.549	0.2877	
8.45	-1.6586	0.1033	2.4164	-1.3812	0.6266	0.5886	
8.46	-1.6823	0.1189	2.8147	-1.6417	0.6412	0.3429	
8.47	-1.8296	0.1332	2.3883	-2.1001	0.6993	-0.204	
8.48	-1.7681	0.1431	2.5863	-2.2276	0.7846	-0.7579	
8.49	-1.7395	0.1598	2.2572	-2.2003	0.7921	-1.3725	
8.5	-1.3697	0.1634	1.584	-1.9218	0.6788	-1.3441	
8.51	-1.2784	0.1872	1.2024	-1.3547	0.6634	-0.7818	
8.52	-1.1722	0.2009	0.8112	-0.8692	0.5933	-0.1493	
8.53	-0.8543	0.1716	0.5685	-0.5687	0.5586	0.4761	
8.54	-0.6257	0.1903	0.3099	-0.2364	0.4338	0.8047	
8.55	-0.53	0.1798	0.255	-0.1013	0.2872	0.6541	
8.56	-0.3711	0.1542	0.3452	-0.1496	0.1083	0.1928	
8.57	-0.2341	0.1621	0.5228	-0.4276	-0.0533	-0.4842	
8.58	-0.1497	0.1349	0.8092	-0.811	-0.2302	-0.8384	
8.59	-0.1063	0.1274	1.0664	-1.1549	-0.376	-0.9663	
8.6	-0.1216	0.0958	1.2986	-1.4644	-0.5989	-0.646	
8.61	-0.1696	0.0658	1.7987	-2.0758	-0.8067	0.0258	
8.62	-0.2651	0.048	1.7726	-2.2259	-1.024	0.7279	
8.63	-0.3795	0.0142	1.6689	-1.8258	-1.1519	1.0686	
8.64	-0.5649	-0.0178	1.7888	-1.8695	-1.2606	0.9506	
8.65	-0.7016	-0.0475	1.3527	-1.3828	-1.5293	0.5875	
8.66	-0.9458	-0.0857	1.0042	-0.9765	-1.6202	-0.0378	
8.67	-1.0925	-0.1237	0.5302	-0.5095	-1.7826	-0.56	
8.68	-1.3633	-0.1684	0.1539	-0.1669	-1.714	-0.6645	
8.69	-1.4803	-0.1791	-0.2451	0.0177	-1.8602	-0.4333	
8.7	-1.8759	-0.2338	-0.538	0.0013	-1.9394	0.2408	
8.71	-1.7627	-0.2403	-0.6454	-0.19	-1.9613	0.8466	
8.72	-1.9444	-0.2805	-0.668	-0.5433	-1.9615	1.405	
8.73	-2.0009	-0.33	-0.4542	-0.8923	-1.9555	1.4896	
8.74	-1.9091	-0.294	-0.2434	-1.3348	-1.7868	1.0373	
8.75	-2.232	-0.3477	0.0807	-1.7474	-1.6909	0.4041	
8.76	-1.9109	-0.3766	0.4209	-1.8464	-1.81	-0.1649	
8.77	-1.9584	-0.381	0.706	-1.9425	-1.6753	-0.3673	
8.78	-1.6522	-0.4009	0.8747	-1.521	-1.4294	-0.1517	
8.79	-1.5383	-0.3971	0.9696	-1.2957	-1.2449	0.4205	
8.8	-1.5039	-0.3462	1.0142	-0.7533	-1.0474	1.1144	
8.81	-1.096	-0.3313	0.7943	-0.3267	-0.9008	1.6393	
8.82	-0.9541	-0.3727	0.5041	0.0106	-0.7499	1.7896	
8.83	-0.6412	-0.3231	0.1341	0.2281	-0.5889	1.368	
8.84	-0.4491	-0.3224	-0.2694	0.2644	-0.484	0.7784	
8.85	-0.2296	-0.2773	-0.6155	0.0951	-0.3866	0.2138	
8.86	-0.0728	-0.2328	-0.9113	-0.2068	-0.2759	-0.0648	
8.87	0.0844	-0.1974	-1.1104	-0.6741	-0.1581	0.1025	
8.88	0.1919	-0.1633	-1.1352	-1.0873	-0.0681	0.5933	
8.89	0.256	-0.1061	-0.9778	-1.2753	-0.0117	1.3088	
8.9	0.2685	-0.062	-0.7791	-1.4473	0.0241	1.7258	
8.91	0.2656	-0.0142	-0.4261	-1.6323	0.0405	2.0776	
8.92	0.1807	0.0368	-0.0685	-1.43	0.0288	1.732	
8.93	0.0979	0.0857	0.3273	-1.0683	-0.0059	1.0924	
8.94	-0.0343	0.1425	0.5602	-0.635	-0.0662	0.5783	
8.95	-0.177	0.1878	0.8405	-0.1743	-0.1304	0.2423	
8.96	-0.3594	0.2431	0.9226	0.2062	-0.224	0.3377	
8.97	-0.5064	0.2859	0.7968	0.4353	-0.3687	0.7921	
8.98	-0.6403	0.3361	0.6612	0.5589	-0.416	1.4344	
8.99	-0.8414	0.3913	0.3213	0.4142	-0.6387	2.2326	
9.0	-0.9828	0.3825	-0.0099	0.1127	-0.7601	2.3833	
9.01	-1.0815	0.4013	-0.3856	-0.29	-0.8026	2.0511	
9.02	-1.0283	0.5054	-0.5984	-0.6705	-0.9923	1.513	
9.03	-1.0767	0.497	-0.7798	-1.0974	-1.0469	0.8611	
9.04	-0.9982	0.5013	-0.9183	-1.3339	-1.3095	0.5556	
9.05	-0.9559	0.5085	-0.7912	-1.2185	-1.3106	0.4721	
9.06	-0.9354	0.4533	-0.6047	-1.2797	-1.4726	0.9606	
9.07	-0.636	0.4866	-0.2434	-0.8926	-1.5699	1.6003	
9.08	-0.4876	0.4094	0.1367	-0.4138	-1.4117	2.2221	
9.09	-0.2681	0.4441	0.5477	0.0103	-1.6646	2.377	
9.1	-0.0093	0.4172	0.9723	0.4201	-1.6173	2.6099	
9.11	0.2635	0.3353	1.3564	0.7205	-1.3895	1.7745	
9.12	0.5658	0.2868	1.3975	0.7389	-1.5019	1.2288	
9.13	0.7925	0.2214	1.4888	0.7278	-1.4962	0.7335	
9.14	1.1193	0.12	1.2175	0.4062	-1.3149	0.6849	
9.15	1.2311	0.0553	1.1762	0.0522	-1.1164	1.0317	
9.16	1.3642	-0.0365	0.7893	-0.3398	-1.0045	1.7429	
9.17	1.634	-0.1265	0.4943	-0.7124	-0.8312	2.4905	
9.18	1.6447	-0.2384	0.1756	-1.0044	-0.7396	2.7823	
9.19	1.6612	-0.311	-0.0414	-1.0003	-0.5696	2.6432	
9.2	1.63	-0.4627	-0.1602	-1.0596	-0.3662	1.9101	
9.21	1.8426	-0.5552	-0.1386	-0.6539	-0.2031	1.565	
9.22	1.5694	-0.6237	0.022	-0.3336	-0.0187	0.9528	
9.23	1.5741	-0.7498	0.2938	0.1308	0.1405	0.7572	
9.24	1.2756	-0.9036	0.6606	0.4937	0.2827	1.0758	
9.25	1.1264	-1.033	1.1884	0.8205	0.4934	1.5729	
9.26	0.9877	-1.1549	1.5428	1.0323	0.5617	2.4168	
9.27	0.9828	-1.17	1.8829	0.8176	0.6777	2.8697	
9.28	0.7993	-1.3412	2.1971	0.6555	0.7133	2.8981	
9.29	0.6102	-1.4258	2.3712	0.3084	0.878	2.2036	
9.3	0.4663	-1.5168	2.2311	-0.1373	0.9801	1.4891	
9.31	0.4049	-1.8089	1.9127	-0.55	0.8722	1.1177	
9.32	0.4019	-1.5982	1.7896	-0.8275	0.9076	0.7335	
9.33	0.3895	-1.7799	1.4064	-0.9061	0.9512	0.9467	
9.34	0.4657	-1.727	1.0589	-0.9576	0.7634	1.5682	
9.35	0.5818	-1.7399	0.6767	-0.6245	0.7459	2.4164	
9.36	0.6896	-1.9997	0.5186	-0.2931	0.5872	2.9239	
9.37	0.837	-2.1658	0.3821	0.129	0.5479	2.8445	
9.38	1.0324	-1.9513	0.5171	0.5096	0.3867	2.5187	
9.39	1.3433	-1.8977	0.6962	0.8596	0.2226	1.5354	
9.4	1.4151	-1.7975	0.8912	1.1126	0.0917	1.003	
9.41	1.8995	-2.0074	1.4061	1.0024	-0.0649	0.7964	
9.42	2.0245	-2.0212	1.7075	0.7209	-0.2126	0.9757	
9.43	2.1866	-1.9093	2.1005	0.3812	-0.3445	1.4997	
9.44	2.4294	-1.8123	2.3433	-0.0151	-0.5196	1.9255	
9.45	2.6162	-1.6535	2.6332	-0.4709	-0.5644	2.5153	
9.46	2.873	-1.7747	2.261	-0.7336	-0.7155	2.6853	
9.47	2.5033	-1.5149	2.3553	-0.9102	-0.8998	2.1938	
9.48	2.7261	-1.5423	1.99	-0.8588	-0.9087	1.6504	
9.49	2.9559	-1.2429	1.5538	-0.7354	-0.9549	0.9759	
9.5	2.8691	-1.2782	1.2327	-0.3636	-0.8901	0.7228	
9.51	2.4333	-1.1489	0.8809	0.0307	-1.0739	0.6919	
9.52	2.5463	-0.9463	0.5476	0.4606	-0.9129	1.1131	
9.53	2.3218	-0.874	0.3884	0.7826	-0.9276	1.8672	
9.54	1.9298	-0.6161	0.3281	0.954	-0.9589	2.3497	
9.55	2.0856	-0.5045	0.4179	1.0466	-0.8666	2.6732	
9.56	1.6341	-0.4219	0.6393	0.8121	-0.6628	2.1503	
9.57	1.365	-0.257	0.8666	0.3898	-0.6278	1.5705	
9.58	1.3731	-0.1243	1.1441	-0.0244	-0.458	1.0197	
9.59	1.0365	0.0177	1.5116	-0.4699	-0.2844	0.5721	
9.6	0.9488	0.1375	1.8618	-0.9107	-0.1687	0.58	
9.61	0.8817	0.2749	1.8466	-1.0788	-0.0309	1.0027	
9.62	0.9025	0.4102	1.8917	-1.1278	0.0985	1.4671	
9.63	0.8304	0.5041	1.8249	-0.8681	0.2413	2.1209	
9.64	0.7831	0.615	1.7012	-0.5918	0.3456	2.2251	
9.65	0.9206	0.7178	1.0958	-0.2074	0.4361	2.3607	
9.66	0.9669	0.6558	0.8173	0.2076	0.5773	1.7479	
9.67	1.249	0.7585	0.3389	0.5443	0.6275	0.9509	
9.68	1.3594	0.7623	-0.0395	0.727	0.7056	0.4214	
9.69	1.3792	0.758	-0.3106	0.8385	0.7728	0.2997	
9.7	1.7311	0.8105	-0.4755	0.6065	0.7625	0.6919	
9.71	1.8814	0.7774	-0.4976	0.307	0.6685	1.287	
9.72	1.8821	0.8402	-0.4039	-0.1568	0.7247	2.0145	
9.73	2.2162	0.7917	-0.1677	-0.5744	0.5722	2.3644	
9.74	2.514	0.6759	0.1114	-1.039	0.5192	2.0244	
9.75	2.3015	0.6499	0.4057	-1.1939	0.4301	1.6004	
9.76	2.2497	0.5113	0.7523	-1.3543	0.2732	0.7204	
9.77	2.6672	0.4388	0.9276	-1.2091	0.1379	0.232	
9.78	2.3957	0.3374	0.8955	-0.9068	-0.0341	0.0442	
9.79	2.2828	0.235	0.8264	-0.5156	-0.1895	0.3291	
9.8	2.1995	0.086	0.7654	-0.1577	-0.3907	0.9273	
9.81	1.8757	-0.0607	0.3534	0.1957	-0.5293	1.3826	
9.82	1.7555	-0.2273	-0.0261	0.4743	-0.7729	1.8803	
9.83	1.5977	-0.3581	-0.4463	0.4918	-0.8995	1.667	
9.84	1.4512	-0.5709	-0.9486	0.3828	-1.0126	1.2709	
9.85	1.0244	-0.795	-1.1319	0.0534	-1.2358	0.6955	
9.86	0.8426	-0.8434	-1.4391	-0.3671	-1.3539	0.0467	
9.87	0.5881	-1.1575	-1.582	-0.8822	-1.4392	-0.1814	
9.88	0.416	-1.3257	-1.3863	-1.1349	-1.5176	0.0069	
9.89	0.2265	-1.4507	-1.2652	-1.5072	-1.5627	0.5989	
9.9	0.0735	-1.5942	-1.0273	-1.7576	-1.725	1.2626	
9.91	-0.0312	-1.967	-0.6647	-1.5783	-1.6977	1.6232	
9.92	-0.1049	-1.8723	-0.354	-1.2733	-1.762	1.5838	
9.93	-0.1172	-2.189	-0.0887	-0.9631	-1.5968	1.1881	
9.94	-0.1009	-2.4341	0.0841	-0.5999	-1.6479	0.5046	
9.95	-0.0285	-2.4605	0.1226	-0.1802	-1.3652	-0.1103	
9.96	0.0788	-2.5684	0.0105	0.0754	-1.3146	-0.4039	
9.97	0.2117	-2.5521	-0.2241	0.155	-1.1581	-0.3004	
9.98	0.3486	-2.9677	-0.5317	0.0579	-1.1418	0.226	
9.99	0.5119	-3.0643	-0.9515	-0.2122	-0.9531	0.8309	
10.0	0.7468	-2.6598	-1.4447	-0.6429	-0.7905	1.2283	
10.01	0.8188	-3.1039	-1.8457	-1.0818	-0.5571	1.3993	
10.02	0.9927	-2.7514	-2.1181	-1.4442	-0.4518	1.0059	
10.03	1.1215	-2.7615	-1.968	-1.9205	-0.2808	0.4029	
10.04	1.2729	-2.8333	-1.8927	-1.9578	-0.1668	-0.2574	
10.05	1.214	-2.6251	-1.9617	-1.8433	-0.0327	-0.6023	
10.06	1.2654	-2.6681	-1.4913	-1.9007	0.0942	-0.5123	
10.07	1.3808	-3.0619	-1.1331	-1.4045	0.1951	-0.0819	
10.08	1.2747	-2.7578	-0.8551	-0.9038	0.2616	0.5369	
10.09	1.1993	-2.5848	-0.4641	-0.5425	0.3025	1.1725	
10.1	0.9922	-2.296	-0.239	-0.2784	0.3933	1.3309	
10.11	0.8281	-2.2519	-0.0753	-0.1813	0.3751	1.0368	
10.12	0.6111	-2.2354	-0.0561	-0.2538	0.3644	0.371	
10.13	0.3295	-1.9199	-0.1623	-0.4594	0.3553	-0.347	
10.14	0.1353	-2.0749	-0.455	-0.9511	0.2627	-0.8357	
10.15	-0.1209	-1.8577	-0.7729	-1.3676	0.2372	-0.8111	
10.16	-0.3733	-1.6109	-1.0401	-1.8229	0.1259	-0.3238	
10.17	-0.5595	-1.3549	-1.5048	-2.1846	0.0268	0.3141	
10.18	-0.7084	-1.1357	-1.6072	-2.198	-0.0935	0.9304	
10.19	-0.9364	-1.0874	-1.9337	-2.3258	-0.2146	1.1066	
10.2	-1.079	-0.8986	-1.7667	-2.0484	-0.3162	0.8358	
10.21	-1.0455	-0.6222	-1.7072	-1.7543	-0.4302	0.3276	
10.22	-1.0132	-0.4234	-1.3679	-1.279	-0.6178	-0.3536	
10.23	-0.9596	-0.2438	-1.0538	-0.8589	-0.6982	-0.8927	
10.24	-0.9552	-0.0966	-0.6667	-0.5818	-0.8316	-0.9923	
10.25	-0.8115	0.0838	-0.2544	-0.4515	-0.875	-0.49	
10.26	-0.6496	0.2436	0.1124	-0.4333	-1.0299	0.1026	
10.27	-0.4801	0.4041	0.3583	-0.6864	-1.1009	0.6787	
10.28	-0.2722	0.5548	0.4749	-0.9597	-1.1296	0.9886	
10.29	-0.0896	0.5901	0.4196	-1.4299	-1.0617	0.8374	
10.3	0.123	0.7721	0.3215	-1.7621	-1.1246	0.3315	
10.31	0.2858	0.8372	0.0473	-2.4869	-0.9599	-0.3693	
10.32	0.4593	0.8579	-0.2556	-2.5166	-1.059	-0.9157	
10.33	0.6879	0.9267	-0.5443	-2.4114	-0.814	-1.0869	
10.34	0.7959	1.0909	-0.9405	-2.3463	-0.8551	-0.6939	
10.35	0.7574	1.0423	-1.1856	-2.1066	-0.6102	-0.0549	
10.36	0.8265	1.0295	-1.1406	-1.7462	-0.4591	0.5789	
10.37	0.9167	0.92	-1.0721	-1.1917	-0.3438	1.0137	
10.38	0.737	1.0093	-0.789	-0.7688	-0.1414	0.8337	
10.39	0.6911	0.8695	-0.5196	-0.5689	0.0491	0.464	
10.4	0.5514	0.8987	-0.1391	-0.6547	0.2764	-0.226	
10.41	0.4583	0.7001	0.2956	-0.7085	0.4411	-0.87	
10.42	0.2485	0.6721	0.6984	-1.0187	0.6904	-1.0526	
10.43	0.0431	0.508	0.9605	-1.6126	0.7846	-0.7642	
10.44	-0.1642	0.4372	1.0401	-1.7799	1.0812	-0.1599	
10.45	-0.3516	0.2551	1.08	-2.2745	1.1589	0.5264	
10.46	-0.5165	0.1217	1.0447	-2.7592	1.4704	0.9018	
10.47	-0.7308	-0.0525	0.9126	-2.7567	1.6671	1.0388	
10.48	-0.7748	-0.2142	0.5557	-2.4139	1.5859	0.5839	
10.49	-0.9431	-0.4066	0.2024	-1.9923	1.7673	-0.0783	
10.5	-0.8269	-0.5299	-0.1401	-1.7734	1.6487	-0.703	
10.51	-0.814	-0.7862	-0.4261	-1.2869	1.9638	-0.9848	
10.52	-0.9135	-0.9306	-0.5482	-0.9242	1.7434	-0.75	
10.53	-0.7782	-1.1984	-0.5556	-0.6783	1.9352	-0.1766	
10.54	-0.6433	-1.4034	-0.5203	-0.5609	1.697	0.5264	
10.55	-0.4105	-1.4606	-0.2503	-0.7175	1.8695	1.0258	
10.56	-0.2327	-1.7992	0.0803	-1.0471	1.8704	1.0532	
10.57	-0.001	-1.874	0.4629	-1.2855	1.546	0.8224	
10.58	0.2582	-2.0825	0.7638	-1.7101	1.5107	0.1393	
10.59	0.4924	-2.0822	1.1003	-2.0868	1.3516	-0.5085	
10.6	0.6813	-2.3472	1.2494	-2.6086	1.3631	-0.7918	
10.61	0.8455	-2.2499	1.5493	-2.3078	1.247	-0.616	
10.62	1.1814	-2.5723	1.2824	-2.3465	1.1387	-0.158	
10.63	1.257	-2.6614	1.0378	-1.923	1.0703	0.5217	
10.64	1.3108	-2.5977	0.8858	-1.7924	0.9391	1.1189	
10.65	1.4352	-2.5745	0.3963	-1.272	0.8219	1.1711	
10.66	1.4875	-2.5386	0.0421	-0.7614	0.718	1.0609	
10.67	1.5562	-2.8072	-0.3135	-0.4867	0.6493	0.3997	
10.68	1.351	-2.8351	-0.5781	-0.4012	0.6421	-0.2265	
10.69	1.2457	-2.5819	-0.7899	-0.5	0.5584	-0.5739	
10.7	1.1019	-2.8348	-0.7671	-0.7549	0.5352	-0.5743	
10.71	1.0407	-2.6018	-0.5585	-1.1408	0.6417	-0.0719	
10.72	0.9454	-2.3849	-0.3444	-1.3458	0.6056	0.6101	
10.73	0.6241	-2.5074	-0.0489	-1.9361	0.7623	1.183	
10.74	0.5408	-2.5198	0.2727	-2.0076	0.7404	1.4666	
10.75	0.296	-2.1012	0.5529	-2.1545	0.8633	1.2324	
10.76	0.1564	-1.9925	0.8007	-2.2771	0.9488	0.6383	
10.77	0.031	-2.1585	0.9146	-1.8366	1.2771	0.0662	
10.78	-0.0633	-1.7468	0.864	-1.4843	1.4042	-0.3562	
10.79	-0.1067	-1.618	0.7524	-1.007	1.5791	-0.388	
10.8	-0.1238	-1.4171	0.4157	-0.5383	1.8052	0.0356	
10.81	-0.0958	-1.3941	-0.0132	-0.2296	1.7613	0.7056	
10.82	-0.0225	-1.2033	-0.4316	-0.0634	2.1471	1.2493	
10.83	0.1038	-1.0454	-0.8372	-0.0767	2.2188	1.5762	
10.84	0.2461	-0.8275	-1.3087	-0.2635	2.4476	1.6464	
10.85	0.4673	-0.7072	-1.4049	-0.6349	2.5822	1.0778	
10.86	0.6247	-0.5553	-1.6574	-1.0606	2.3114	0.3448	
10.87	0.9278	-0.4008	-1.6315	-1.5122	2.3366	-0.1052	
10.88	0.9894	-0.2196	-1.4517	-1.8345	2.8521	-0.1877	
10.89	1.3147	-0.0481	-1.128	-1.9195	2.608	0.183	
10.9	1.443	0.0914	-0.79	-1.8307	2.6241	0.7589	
10.91	1.6765	0.2236	-0.4976	-1.6501	2.9287	1.4652	
10.92	1.8124	0.3635	-0.2121	-1.0645	2.5767	1.9032	
10.93	1.9725	0.537	-0.0689	-0.6258	2.6032	1.9077	
10.94	2.0635	0.6548	-0.0474	-0.2005	2.5223	1.4258	
10.95	1.9377	0.7229	-0.1716	0.1682	2.141	0.6922	
10.96	1.9702	0.7732	-0.4064	0.3536	2.2101	0.1632	
10.97	1.9413	0.7611	-0.7798	0.4438	2.2181	0.0175	
10.98	1.7542	0.8793	-1.1438	0.2551	2.0631	0.3188	
10.99	1.7043	0.9819	-1.6198	-0.0556	1.6539	0.9059	
11.0	1.3963	0.9164	-2.158	-0.428	1.5299	1.711	
11.01	1.3408	0.9755	-2.4339	-0.9196	1.2377	2.14	
11.02	1.0771	1.0424	-2.3797	-1.1222	1.193	2.0021	
11.03	0.869	0.9918	-2.3117	-1.3898	0.9936	1.5872	
11.04	0.6438	0.9029	-2.4265	-1.2079	0.7179	1.0274	
11.05	0.4526	0.834	-2.0465	-1.1508	0.6114	0.461	
11.06	0.2419	0.8308	-1.8394	-0.6244	0.4366	0.2288	
11.07	0.0734	0.6545	-1.419	-0.2336	0.322	0.4106	
11.08	-0.0329	0.5994	-1.2733	0.2318	0.1659	1.0014	
11.09	-0.1081	0.5266	-1.0096	0.6488	0.0845	1.7992	
11.1	-0.1267	0.4089	-0.7586	0.8931	-0.0025	2.1229	
11.11	-0.1275	0.3721	-0.792	1.0581	-0.0555	2.4554	
11.12	-0.073	0.224	-1.0577	0.8795	-0.0901	2.0716	
11.13	0.0235	0.1249	-1.1488	0.6138	-0.1032	1.2392	
11.14	0.1598	-0.0071	-1.7252	0.187	-0.0947	0.6663	
11.15	0.3157	-0.1186	-2.0614	-0.2143	-0.0559	0.4012	
11.16	0.4707	-0.2387	-2.5052	-0.5186	-0.0127	0.5477	
11.17	0.7066	-0.3775	-2.5416	-0.67	0.0477	1.112	
11.18	0.8587	-0.4543	-2.6847	-0.7853	0.1328	1.9242	
11.19	1.0776	-0.5997	-2.9216	-0.5062	0.2274	2.2755	
11.2	1.1794	-0.676	-2.6519	-0.1961	0.2913	2.5517	
11.21	1.323	-0.8301	-2.485	0.2287	0.4051	2.04	
11.22	1.2937	-0.9338	-2.1875	0.6537	0.5149	1.5891	
11.23	1.2531	-0.9846	-2.0214	1.0313	0.5182	0.9822	
11.24	1.4461	-1.1761	-1.3698	1.3336	0.6234	0.492	
11.25	1.2855	-1.2718	-1.1441	1.4384	0.6936	0.5614	
11.26	1.1842	-1.2556	-0.8516	1.4613	0.8092	1.1543	
11.27	1.0965	-1.4038	-0.8706	1.217	0.7362	1.7047	
11.28	0.957	-1.4592	-0.7855	0.8498	0.7717	2.4403	
11.29	0.6623	-1.2877	-0.9928	0.4096	0.7934	2.3319	
11.3	0.422	-1.3776	-1.2426	0.0572	0.7324	2.3155	
11.31	0.1674	-1.4696	-1.53	-0.1627	0.6869	1.5848	
11.32	-0.0928	-1.4342	-1.9201	-0.2138	0.6154	1.0129	
11.33	-0.3219	-1.4434	-2.243	-0.0685	0.4524	0.6831	
11.34	-0.6051	-1.4845	-2.2844	0.2607	0.3144	0.6621	
11.35	-0.7835	-1.3356	-2.7778	0.7008	0.1926	1.0013	
11.36	-1.0228	-1.2629	-2.5897	1.0496	0.0159	1.8148	
11.37	-1.1142	-1.3586	-2.2544	1.5197	-0.1569	2.2607	
11.38	-1.4087	-1.1667	-2.0745	1.7552	-0.4013	2.3259	
11.39	-1.3739	-1.3001	-1.43	2.1985	-0.6334	2.5543	
11.4	-1.3185	-1.2084	-1.0496	1.9626	-0.8651	1.6864	
11.41	-1.4161	-0.9588	-0.7218	1.7645	-0.9366	1.1493	
11.42	-1.228	-1.0194	-0.4039	1.4291	-1.1834	0.6319	
11.43	-1.3195	-0.8571	-0.2201	1.0233	-1.4303	0.5233	
11.44	-1.1904	-0.8107	-0.1385	0.6274	-1.7664	0.8646	
11.45	-0.9856	-0.6884	-0.2232	0.3159	-1.6841	1.6648	
11.46	-0.7504	-0.5982	-0.4383	0.2271	-1.9648	1.9968	
11.47	-0.699	-0.4317	-0.632	0.3311	-2.3016	2.3414	
11.48	-0.5081	-0.3419	-0.9528	0.5506	-2.1418	2.251	
11.49	-0.3894	-0.2817	-1.2354	1.0775	-2.3559	1.8486	
11.5	-0.2835	-0.1935	-1.4692	1.5282	-2.3635	1.2545	
11.51	-0.1626	-0.0753	-1.8482	1.862	-2.2651	0.6358	
11.52	-0.1352	0.0093	-1.8617	2.4192	-2.6249	0.5237	
11.53	-0.1141	0.0915	-1.5114	2.2837	-2.3961	0.7989	
11.54	-0.152	0.166	-1.3541	2.493	-2.2201	1.2485	
11.55	-0.251	0.2682	-1.0058	1.9261	-2.417	2.059	
11.56	-0.3884	0.3015	-0.4885	1.7257	-2.4991	2.544	
11.57	-0.5726	0.3913	-0.0893	1.393	-2.1237	2.4863	
11.58	-0.729	0.405	0.2461	0.8997	-2.2027	1.9775	
11.59	-0.903	0.5235	0.5622	0.6226	-2.2039	1.2859	
11.6	-1.0808	0.5696	0.6416	0.561	-1.9819	0.5637	
11.61	-1.5313	0.6168	0.5914	0.5888	-1.689	0.3182	
11.62	-1.6264	0.5677	0.5227	0.8884	-1.7402	0.5397	
11.63	-1.8972	0.6306	0.2604	1.2986	-1.5041	1.0552	
11.64	-1.9931	0.6301	-0.0811	1.511	-1.2731	1.6389	
11.65	-2.3387	0.6246	-0.4691	2.1866	-1.3389	2.2496	
11.66	-2.3113	0.6597	-0.7094	2.4341	-1.1509	2.1815	
11.67	-2.4935	0.6764	-0.9013	2.8089	-1.0764	1.7232	
11.68	-2.7545	0.6969	-1.0767	2.7229	-1.0773	1.1816	
11.69	-2.9647	0.6059	-1.0797	2.4098	-0.9752	0.4706	
11.7	-2.7893	0.5612	-0.821	1.9549	-0.9063	0.1185	
11.71	-2.6673	0.5846	-0.5964	1.5761	-0.868	0.2352	
11.72	-2.2683	0.57	-0.2295	1.2494	-1.0387	0.7975	
11.73	-2.5063	0.5203	0.1632	0.8804	-1.0228	1.4895	
11.74	-2.1411	0.4775	0.5173	0.7246	-1.0415	1.7006	
11.75	-2.1364	0.4337	0.8384	0.7351	-1.0985	1.7935	
11.76	-1.7289	0.4212	0.9355	0.8418	-1.2274	1.6438	
11.77	-1.4697	0.4184	1.0298	1.3041	-1.3483	1.029	
11.78	-1.3522	0.4021	0.7862	1.615	-1.6033	0.2819	
11.79	-1.2574	0.3252	0.5639	1.9067	-1.7667	-0.117	
11.8	-1.1706	0.2918	0.2833	2.3861	-1.8349	-0.0785	
11.81	-0.9271	0.2695	-0.1194	2.4222	-1.9372	0.369	
11.82	-0.8828	0.2607	-0.4871	2.4049	-2.1345	1.0894	
11.83	-0.9134	0.2264	-0.8943	2.6411	-2.1683	1.6092	
11.84	-0.9591	0.1997	-1.0572	2.3445	-2.3332	1.8342	
11.85	-0.9564	0.1984	-1.0166	1.6377	-2.2554	1.3957	
11.86	-1.0049	0.2076	-1.0681	1.2523	-2.2631	0.8401	
11.87	-1.2027	0.1792	-0.7911	0.8651	-2.376	0.0724	
11.88	-1.4644	0.1795	-0.5962	0.7403	-2.7375	-0.4039	
11.89	-1.4981	0.1846	-0.2725	0.6313	-2.584	-0.3944	
11.9	-1.9157	0.1982	0.0922	0.7591	-2.4003	-0.0284	
11.91	-1.9104	0.219	0.3586	0.9796	-2.5296	0.54	
11.92	-2.0755	0.2155	0.5495	1.5325	-2.6207	1.1071	
11.93	-2.236	0.2421	0.6507	2.0765	-2.2704	1.3402	
11.94	-2.4145	0.2702	0.4868	2.1915	-2.2983	1.0505	
11.95	-2.4824	0.2574	0.3026	2.4152	-2.1201	0.5643	
11.96	-2.4653	0.2946	-0.0524	2.6851	-1.9237	-0.1519	
11.97	-2.6712	0.3411	-0.4586	2.5254	-1.9223	-0.704	
11.98	-2.5681	0.3387	-0.9016	1.9648	-1.6988	-0.8212	
11.99	-2.9105	0.3896	-1.3149	1.5944	-1.4026	-0.4799	
12.0	-2.633	0.3976	-1.5644	1.1436	-1.1016	0.1451	
12.01	-2.4467	0.3939	-1.8396	0.7934	-1.0279	0.7338	
12.02	-2.2163	0.4919	-1.7402	0.5454	-0.7109	1.0005	
12.03	-2.0483	0.512	-1.7513	0.4579	-0.5455	0.9177	
12.04	-1.8358	0.4972	-1.4598	0.4884	-0.3954	0.3437	
12.05	-1.5085	0.4973	-1.2586	0.8549	-0.2087	-0.3814	
12.06	-1.2817	0.578	-0.7875	1.166	-0.037	-1.0218	
12.07	-1.0106	0.5322	-0.4991	1.4414	0.1164	-1.1661	
12.08	-0.7744	0.6369	-0.3511	1.8527	0.234	-0.8679	
12.09	-0.5707	0.5359	-0.2029	2.1309	0.326	-0.3041	
12.1	-0.431	0.5941	-0.2074	2.5112	0.409	0.3556	
12.11	-0.3198	0.575	-0.409	2.0848	0.4643	0.6733	
12.12	-0.2691	0.6075	-0.7417	1.8389	0.5159	0.5912	
12.13	-0.1943	0.5699	-1.1399	1.5529	0.508	0.1209	
12.14	-0.2258	0.6436	-1.4742	0.9352	0.5645	-0.5777	
12.15	-0.2516	0.5761	-1.9111	0.5573	0.5327	-1.1096	
12.16	-0.3296	0.5538	-2.2765	0.2667	0.4565	-1.3621	
12.17	-0.4504	0.5659	-2.4745	0.1256	0.3441	-1.3398	
12.18	-0.6277	0.5	-2.5974	0.1896	0.3158	-0.6707	
12.19	-0.7759	0.4715	-2.397	0.4159	0.2014	-0.0545	
12.2	-0.8838	0.4848	-2.4127	0.7213	0.0981	0.3557	
12.21	-1.1242	0.3894	-1.9012	1.1217	0.0018	0.3583	
12.22	-1.141	0.3995	-1.7428	1.5744	-0.1101	-0.0819	
12.23	-1.3228	0.3659	-1.2758	1.7397	-0.1913	-0.7996	
12.24	-1.6538	0.3157	-0.9484	2.0425	-0.3173	-1.428	
12.25	-1.5287	0.2813	-0.8107	1.7854	-0.3859	-1.7457	
12.26	-1.493	0.2477	-0.8039	1.6096	-0.4721	-1.5822	
12.27	-1.6574	0.2289	-0.7613	1.2687	-0.5135	-0.9759	
12.28	-1.6869	0.1836	-1.0921	0.7072	-0.4854	-0.3931	
12.29	-1.3528	0.1723	-1.3665	0.2725	-0.5546	0.052	
12.3	-1.2545	0.1557	-1.7302	-0.0359	-0.5433	0.1354	
12.31	-1.1518	0.1207	-2.162	-0.2322	-0.4172	-0.2465	
12.32	-0.8445	0.098	-2.1938	-0.2018	-0.4035	-0.9622	
12.33	-0.6515	0.0874	-2.4376	0.0042	-0.3106	-1.6965	
12.34	-0.4765	0.0931	-2.9005	0.3311	-0.2165	-1.783	
12.35	-0.2238	0.0892	-2.8261	0.7567	-0.0776	-1.6992	
12.36	0.0365	0.1074	-2.6174	1.1468	0.0631	-1.4565	
12.37	0.2842	0.1036	-2.5186	1.3389	0.2053	-0.7001	
12.38	0.5123	0.144	-1.7565	1.5297	0.3586	-0.2101	
12.39	0.6097	0.1673	-1.4647	1.5967	0.5939	-0.058	
12.4	0.7573	0.1883	-1.2264	1.4344	0.7663	-0.332	
12.41	0.894	0.2149	-0.8883	0.8934	0.924	-0.9495	
12.42	0.9141	0.2799	-0.6214	0.4641	1.166	-1.6747	
12.43	0.8339	0.3565	-0.5604	0.0269	1.2948	-2.2062	
12.44	0.9344	0.4009	-0.6523	-0.3049	1.4514	-2.0907	
12.45	0.8262	0.436	-0.8494	-0.5956	1.5614	-1.4918	
12.46	0.6291	0.4899	-1.1423	-0.5993	1.8752	-1.0487	
12.47	0.4983	0.5653	-1.4318	-0.3731	1.7273	-0.4151	
12.48	0.3406	0.731	-1.9393	-0.0682	1.9235	-0.191	
12.49	0.1446	0.7737	-2.1233	0.3111	2.1427	-0.4256	
12.5	-0.0502	0.9679	-2.2093	0.7972	2.0046	-1.0541	
12.51	-0.2535	0.9362	-2.3617	1.1136	2.1149	-1.7862	
12.52	-0.4127	1.1278	-2.2725	1.2492	2.2392	-2.1048	
12.53	-0.5585	1.1551	-1.7585	1.1215	2.1341	-2.3381	
12.54	-0.6273	1.2503	-1.4509	1.0462	2.132	-1.869	
12.55	-0.7655	1.3296	-1.0543	0.6633	1.9567	-1.1978	
12.56	-0.7448	1.4331	-0.5913	0.2484	1.8035	-0.5809	
12.57	-0.855	1.5076	-0.1851	-0.19	1.7377	-0.2973	
12.58	-0.7663	1.612	0.0972	-0.6089	1.6161	-0.4113	
12.59	-0.6697	1.7307	0.245	-0.8788	1.2707	-0.9851	
12.6	-0.5583	1.6328	0.296	-0.7828	1.3115	-1.4663	
12.61	-0.4125	1.7269	0.179	-0.6916	1.1023	-2.1685	
12.62	-0.1967	1.945	-0.0612	-0.3812	0.7929	-2.1053	
12.63	0.0047	1.9634	-0.337	-0.008	0.7564	-2.0578	
12.64	0.2043	2.0276	-0.7355	0.4059	0.563	-1.3964	
12.65	0.3914	2.0638	-0.8974	0.7388	0.3908	-0.7163	
12.66	0.6094	1.998	-1.1468	1.0511	0.3181	-0.292	
12.67	0.8011	1.9161	-1.309	0.9371	0.1948	-0.3392	
12.68	0.9933	2.0147	-1.2238	0.8347	0.1081	-0.8821	
12.69	1.0983	2.1061	-1.0554	0.6061	0.0321	-1.573	
12.7	1.0747	2.0724	-0.6338	0.1352	-0.0176	-2.0271	
12.71	1.1893	1.8465	-0.2525	-0.3248	-0.0429	-2.4376	
12.72	1.2026	1.927	0.1799	-0.6704	-0.0361	-1.9431	
12.73	1.0495	1.8113	0.6308	-0.8707	-0.0156	-1.2956	
12.74	0.8807	1.6743	0.9854	-0.951	0.0322	-0.719	
12.75	0.8151	1.6319	1.2364	-0.9543	0.0918	-0.2639	
12.76	0.593	1.7119	1.2458	-0.5728	0.199	-0.2482	
12.77	0.3563	1.6422	1.2927	-0.2289	0.2606	-0.7098	
12.78	0.1699	1.3051	1.0621	0.187	0.4017	-1.2026	
12.79	-0.0785	1.4656	0.6795	0.5883	0.5233	-1.811	
12.8	-0.3293	1.2461	0.3584	0.8639	0.6624	-1.9522	
12.81	-0.5651	0.9871	0.0314	0.8376	0.728	-1.8761	
12.82	-0.7382	0.9167	-0.2333	0.8778	0.8954	-1.3706	
12.83	-0.9187	0.9197	-0.43	0.5782	1.0482	-0.6489	
12.84	-0.9389	0.7706	-0.4545	0.148	1.0353	-0.2107	
12.85	-1.0194	0.6229	-0.3677	-0.2866	1.3227	-0.126	
12.86	-1.0671	0.4821	-0.1271	-0.6441	1.2851	-0.5024	
12.87	-1.1297	0.3153	0.1712	-0.8983	1.5103	-0.9877	
12.88	-1.1026	0.2205	0.5609	-0.9819	1.5891	-1.6484	
12.89	-1.1334	0.0747	0.9167	-0.9153	1.3571	-1.8681	
12.9	-0.9488	-0.0275	1.3061	-0.7187	1.3354	-1.7312	
12.91	-0.7875	-0.1311	1.5468	-0.3011	1.5148	-1.4489	
12.92	-0.6559	-0.2148	1.8071	0.1003	1.5256	-0.7304	
12.93	-0.4692	-0.3034	1.7303	0.5596	1.4289	-0.1105	
12.94	-0.2542	-0.3861	1.3472	0.84	1.1743	0.0612	
12.95	-0.0762	-0.4863	1.228	0.8697	1.0413	-0.2203	
12.96	0.0834	-0.5375	0.774	0.847	1.0962	-0.7925	
12.97	0.2229	-0.5526	0.3792	0.7117	0.7978	-1.3301	
12.98	0.3606	-0.5864	0.0491	0.2749	0.7306	-1.9057	
12.99	0.4083	-0.537	-0.2266	-0.1614	0.5422	-1.5807	
13.0	0.4435	-0.5258	-0.3575	-0.5998	0.3676	-1.225	
13.01	0.4294	-0.5414	-0.395	-0.7875	0.158	-0.6335	
13.02	0.3188	-0.4996	-0.3004	-1.039	-0.0111	0.0115	
13.03	0.2476	-0.51	-0.0646	-0.9588	-0.1712	0.2501	
13.04	0.0906	-0.3734	0.2303	-0.724	-0.3673	0.0606	
13.05	-0.089	-0.3642	0.5726	-0.3001	-0.4708	-0.455	
13.06	-0.3029	-0.2349	0.9876	0.1533	-0.6562	-1.0388	
13.07	-0.4752	-0.142	1.1278	0.5273	-0.6672	-1.573	
13.08	-0.7536	-0.0294	1.3626	0.9924	-0.7661	-1.5215	
13.09	-0.8819	0.0919	1.4318	1.049	-0.9523	-1.2606	
13.1	-1.0915	0.2231	1.1247	1.1679	-0.9452	-0.4856	
13.11	-1.2818	0.3956	0.958	0.8483	-0.8763	0.134	
13.12	-1.6252	0.4966	0.5342	0.5612	-0.9279	0.4415	
13.13	-1.7083	0.692	0.1146	0.1042	-0.9515	0.3439	
13.14	-1.7587	0.8865	-0.3059	-0.3168	-0.9146	-0.1845	
13.15	-1.858	1.0004	-0.5782	-0.5629	-0.7199	-0.8097	
13.16	-1.9858	1.2576	-0.817	-0.8095	-0.7346	-1.282	
13.17	-1.8397	1.2173	-1.0557	-0.6853	-0.5225	-1.5209	
13.18	-1.8967	1.6277	-1.0028	-0.4977	-0.4502	-0.9722	
13.19	-1.6193	1.7974	-0.9	-0.1795	-0.2984	-0.3997	
13.2	-1.3906	1.7445	-0.5605	0.2755	-0.1442	0.2841	
13.21	-1.4118	2.0397	-0.2301	0.7436	-0.0001	0.7016	
13.22	-1.1848	2.1746	0.0748	1.1199	0.1489	0.548	
13.23	-0.8372	2.2704	0.3631	1.4125	0.3324	0.1092	
13.24	-0.6366	2.4362	0.5243	1.3854	0.4788	-0.5844	
13.25	-0.429	2.3759	0.6164	1.2113	0.5733	-1.1648	
13.26	-0.2527	2.4967	0.6022	0.7955	0.7528	-1.1957	
13.27	-0.1327	2.5246	0.3643	0.4066	0.8056	-1.0348	
13.28	-0.0096	2.9109	0.023	0.0227	0.8949	-0.2932	
13.29	0.0743	3.0078	-0.3917	-0.2978	0.9854	0.3656	
13.3	0.1088	2.6331	-0.8627	-0.4933	1.0462	0.8188	
13.31	0.0927	2.9548	-1.2424	-0.4707	0.9299	0.7593	
13.32	0.0452	3.0475	-1.3748	-0.3179	0.9327	0.3635	
13.33	-0.0426	2.7423	-1.7843	0.005	1.0131	-0.2793	
13.34	-0.1825	2.8522	-1.6349	0.4287	0.8509	-0.8704	
13.35	-0.2997	2.5067	-1.5562	0.8306	0.7979	-1.1532	
13.36	-0.5403	2.5966	-1.2066	1.1819	0.6811	-0.877	
13.37	-0.6235	2.7318	-1.0896	1.6238	0.6047	-0.2703	
13.38	-0.8171	2.638	-0.7028	1.6294	0.4441	0.4168	
13.39	-1.0699	2.3138	-0.3086	1.5032	0.3599	0.89	
13.4	-1.1079	2.1603	-0.0324	1.0798	0.2005	1.033	
13.41	-1.3409	1.9747	0.1457	0.7077	0.0718	0.6574	
13.42	-1.3512	2.0252	0.1792	0.3822	-0.0671	-0.0237	
13.43	-1.6876	1.6862	0.0602	0.0024	-0.1843	-0.573	
13.44	-1.6751	1.4703	-0.1509	-0.2313	-0.3475	-0.8877	
13.45	-1.5113	1.4359	-0.4642	-0.2775	-0.483	-0.8787	
13.46	-1.3442	1.344	-0.8603	-0.128	-0.5454	-0.2616	
13.47	-1.2378	1.0342	-1.2036	0.1669	-0.628	0.3772	
13.48	-1.2653	0.8713	-1.4692	0.5569	-0.6246	0.9859	
13.49	-1.0817	0.6308	-1.8911	1.1266	-0.7697	0.9722	
13.5	-0.8744	0.4609	-1.8718	1.3471	-0.7342	0.7839	
13.51	-0.514	0.3047	-1.7599	1.5676	-0.6417	0.1662	
13.52	-0.3086	0.1188	-1.4495	1.872	-0.6793	-0.4326	
13.53	-0.0519	-0.0599	-1.2191	1.8227	-0.6183	-0.8188	
13.54	0.1806	-0.2448	-0.8082	1.5206	-0.4778	-0.821	
13.55	0.3916	-0.3786	-0.3613	1.1023	-0.3763	-0.3422	
13.56	0.6649	-0.556	0.0041	0.721	-0.273	0.3104	
13.57	0.7728	-0.7181	0.2674	0.2601	-0.1575	0.9228	
13.58	0.8774	-0.7486	0.4527	0.0181	0.0025	1.1892	
13.59	0.9439	-0.9596	0.4032	-0.0695	0.166	0.8121	
13.6	1.1339	-0.99	0.3253	0.0301	0.3709	0.2945	
13.61	1.1392	-1.0381	0.0832	0.3233	0.5077	-0.3623	
13.62	1.0479	-1.1969	-0.226	0.7067	0.6356	-0.8703	
13.63	0.9313	-1.1179	-0.5555	1.0959	0.8213	-0.7734	
13.64	0.9098	-1.2672	-0.7761	1.6917	0.9189	-0.4566	
13.65	0.6823	-1.2754	-1.0188	1.9225	1.2262	0.1958	
13.66	0.5868	-1.1669	-1.0533	2.048	1.1897	0.7653	
13.67	0.4273	-1.1205	-1.1507	1.8857	1.2575	1.033	
13.68	0.2392	-0.9859	-0.8992	1.5379	1.5105	0.8189	
13.69	0.1082	-1.0139	-0.6054	1.2749	1.4527	0.3655	
13.7	-0.0116	-0.8456	-0.2234	0.8537	1.541	-0.3261	
13.71	-0.1155	-0.8985	0.2455	0.498	1.4364	-0.8161	
13.72	-0.17	-0.6455	0.6574	0.1579	1.4794	-0.983	
13.73	-0.1848	-0.5389	1.082	0.0302	1.5213	-0.6004	
13.74	-0.1706	-0.4296	1.1682	0.0942	1.6109	0.0213	
13.75	-0.1032	-0.2851	1.2541	0.3116	1.2785	0.6754	
13.76	-0.0005	-0.1371	1.4164	0.7174	1.4189	0.9432	
13.77	0.1432	0.0388	1.0594	1.0246	1.2491	0.904	
13.78	0.3512	0.2102	0.8523	1.4709	1.0099	0.3401	
13.79	0.5939	0.3631	0.6287	1.7222	0.8786	-0.3564	
13.8	0.7777	0.6063	0.2852	2.023	0.7574	-0.9854	
13.81	1.1584	0.7874	0.0453	2.0203	0.5794	-1.123	
13.82	1.2675	0.9481	-0.1065	1.6245	0.3942	-0.8139	
13.83	1.7218	1.0906	-0.1403	1.273	0.2671	-0.2146	
13.84	1.8826	1.1958	-0.0174	0.8743	0.105	0.3703	
13.85	2.0776	1.3258	0.2538	0.4973	-0.0375	0.8	
13.86	2.1112	1.6366	0.5894	0.1721	-0.1537	0.7487	
13.87	2.4214	1.842	1.0233	-0.0002	-0.2494	0.2897	
13.88	2.5917	1.9386	1.4394	0.0082	-0.3913	-0.3653	
13.89	2.5626	2.0601	1.74	0.1967	-0.4175	-1.1067	
13.9	2.6454	2.3659	1.9328	0.5221	-0.5088	-1.1491	
13.91	2.4303	2.0513	2.2422	0.8905	-0.4701	-0.9992	
13.92	2.5005	2.2416	2.2051	1.3409	-0.5412	-0.5534	
13.93	2.2736	2.4604	2.2831	1.5376	-0.5073	0.1154	
13.94	2.1782	2.6681	1.9425	1.8436	-0.4659	0.5987	
13.95	1.967	2.6842	1.6525	1.7218	-0.3529	0.5954	
13.96	1.7232	2.5626	1.2266	1.6255	-0.3061	0.1695	
13.97	1.5211	2.3836	1.0395	1.2614	-0.2103	-0.5071	
13.98	1.3043	2.3077	0.7431	0.7908	-0.0898	-1.2605	
13.99	1.2639	2.5338	0.5626	0.4583	0.0241	-1.3828	
14.0	1.0116	2.4046	0.6558	0.0473	0.151	-1.2768	
14.01	1.0291	2.2476	0.7983	-0.1921	0.2569	-0.8405	
14.02	0.8509	2.1704	0.9469	-0.2014	0.438	-0.2184	
14.03	0.8216	1.9707	1.2712	-0.0722	0.5445	0.2647	
14.04	0.8187	2.1175	1.6975	0.2302	0.6483	0.3476	
14.05	0.9372	1.9175	1.9719	0.5764	0.6781	0.009	
14.06	1.0026	1.6523	2.6297	1.0275	0.753	-0.6092	
14.07	1.1106	1.4417	2.6026	1.297	0.9317	-1.1999	
14.08	1.2213	1.478	2.6321	1.6576	0.9061	-1.6525	
14.09	1.5703	1.2043	2.4648	1.5697	0.9098	-1.7095	
14.1	1.6849	1.0761	2.2554	1.3857	0.9451	-1.2224	
14.11	1.7909	0.9006	1.994	1.1276	0.8407	-0.5416	
14.12	2.193	0.718	1.719	0.6038	0.776	-0.0507	
14.13	2.2637	0.493	1.3061	0.1733	0.7644	0.1154	
14.14	2.6311	0.3464	0.8552	-0.2396	0.6516	-0.1563	
14.15	2.5349	0.1405	0.6946	-0.4623	0.4862	-0.8593	
14.16	2.7865	-0.0399	0.5231	-0.5765	0.3031	-1.4234	
14.17	2.6898	-0.2186	0.5747	-0.4368	0.1556	-2.0859	
14.18	2.8272	-0.37	0.7559	-0.2109	-0.0175	-1.817	
14.19	2.811	-0.5008	0.9946	0.1937	-0.1919	-1.6823	
14.2	3.0192	-0.7624	1.2587	0.5587	-0.372	-0.8864	
14.21	2.7946	-0.8221	1.7502	0.9461	-0.6543	-0.367	
14.22	2.3112	-1.0118	1.8307	1.1064	-0.8267	-0.1577	
14.23	2.1873	-1.1019	2.0725	1.1277	-1.0285	-0.3455	
14.24	2.1403	-1.2107	2.3037	1.0012	-1.1332	-0.9148	
14.25	2.0372	-1.1596	2.1114	0.7393	-1.5005	-1.6289	
14.26	1.6134	-1.2624	1.9077	0.2979	-1.3932	-2.2302	
14.27	1.4088	-1.45	1.8437	-0.1757	-1.5583	-2.0521	
14.28	1.1614	-1.4505	1.365	-0.6582	-1.7272	-1.9536	
14.29	1.045	-1.5121	0.7861	-0.839	-1.8206	-1.1812	
14.3	0.808	-1.4367	0.488	-1.1006	-2.1476	-0.7079	
14.31	0.6106	-1.4959	0.136	-0.9416	-2.2069	-0.4365	
14.32	0.6175	-1.4783	-0.0589	-0.7057	-1.8958	-0.5625	
14.33	0.5269	-1.4771	-0.1238	-0.3412	-2.0118	-1.126	
14.34	0.5496	-1.2907	-0.0573	0.0222	-1.9442	-1.7394	
14.35	0.5739	-1.1747	0.1384	0.389	-1.7938	-2.3742	
14.36	0.6513	-1.2235	0.425	0.6469	-1.8256	-2.5431	
14.37	0.7213	-1.225	0.7472	0.6744	-1.7009	-2.2651	
14.38	0.8321	-1.1085	0.9668	0.5458	-1.6619	-1.7598	
14.39	1.0874	-1.0006	1.2404	0.2815	-1.471	-1.0114	
14.4	1.2263	-0.7698	1.5242	-0.123	-1.4888	-0.6834	
14.41	1.4347	-0.7055	1.5598	-0.6465	-1.4712	-0.6573	
14.42	1.5387	-0.5524	1.3236	-0.957	-1.135	-1.2276	
14.43	1.6866	-0.4313	1.1322	-1.4803	-1.0766	-1.8648	
14.44	1.8775	-0.2741	0.699	-1.5444	-1.0832	-2.5346	
14.45	1.8327	-0.1251	0.2791	-1.3752	-0.9498	-2.6457	
14.46	1.753	0.007	-0.1039	-1.3248	-0.8125	-2.2555	
14.47	1.8402	0.1319	-0.4499	-1.0726	-0.7107	-2.0223	
14.48	1.919	0.3008	-0.7476	-0.6327	-0.7116	-1.2278	
14.49	1.8139	0.3782	-0.8681	-0.2106	-0.5975	-0.9083	
14.5	1.592	0.5607	-0.7463	0.0681	-0.6952	-0.8803	
14.51	1.4025	0.7003	-0.7052	0.1838	-0.6653	-1.2599	
14.52	1.199	0.7517	-0.4035	0.1079	-0.7009	-1.8705	
14.53	1.1946	0.8209	-0.0652	-0.1591	-0.7029	-2.4539	
14.54	0.9164	0.9764	0.3134	-0.4989	-0.866	-2.7386	
14.55	0.6581	1.0002	0.6508	-1.0964	-0.8373	-2.9495	
14.56	0.3268	1.1458	0.879	-1.3941	-0.9661	-2.0976	
14.57	0.1046	1.2261	0.951	-2.0209	-1.1625	-1.4988	
14.58	-0.1151	1.2103	0.8584	-2.0112	-1.3169	-1.0788	
14.59	-0.3486	1.1446	0.8287	-2.0384	-1.5109	-0.8513	
14.6	-0.502	1.3581	0.4805	-1.7757	-1.6244	-1.2516	
14.61	-0.5852	1.2369	0.1505	-1.6352	-1.6845	-1.7163	
14.62	-0.7459	1.1554	-0.2384	-1.0576	-1.7709	-2.3616	
14.63	-0.6552	1.2216	-0.6219	-0.8362	-2.0157	-2.909	
14.64	-0.7334	1.2358	-0.8306	-0.439	-2.089	-2.6005	
14.65	-0.6635	1.0931	-0.9532	-0.3307	-2.3459	-2.4827	
14.66	-0.5035	1.0153	-0.9142	-0.3137	-2.5725	-1.5262	
14.67	-0.4162	1.0504	-0.8304	-0.5373	-2.6305	-1.0347	
14.68	-0.2594	0.8707	-0.6299	-0.9449	-2.7654	-0.867	
14.69	-0.0844	0.8681	-0.2756	-1.2969	-2.7739	-1.1999	
14.7	0.1059	0.6974	0.1557	-1.8695	-2.3682	-1.8064	
14.71	0.2887	0.6691	0.5298	-2.1662	-2.7911	-2.4998	
14.72	0.4107	0.6018	0.9074	-2.4562	-2.4545	-2.6483	
14.73	0.651	0.4203	1.0628	-2.402	-2.4668	-2.699	
14.74	0.6676	0.3352	1.2352	-2.2248	-2.3866	-2.5895	
14.75	0.8501	0.2355	1.1437	-1.8549	-2.0124	-1.6861	
14.76	0.8869	0.1085	0.8733	-1.5459	-2.0175	-1.1267	
14.77	0.9263	-0.0175	0.7444	-1.2254	-1.915	-0.9758	
14.78	0.7781	-0.1435	0.3927	-0.8195	-1.8092	-1.0826	
14.79	0.8006	-0.2295	0.0325	-0.6408	-1.4375	-1.8052	
14.8	0.6213	-0.3449	-0.2363	-0.7204	-1.3756	-2.3072	
14.81	0.4867	-0.5165	-0.4185	-0.9316	-1.1442	-2.5272	
14.82	0.2564	-0.5697	-0.4313	-1.3016	-0.9342	-2.9858	
14.83	0.058	-0.7239	-0.3759	-1.5854	-0.8035	-2.202	
14.84	-0.1541	-0.768	-0.1463	-2.2448	-0.5596	-1.8172	
14.85	-0.3513	-0.8234	0.2099	-2.4742	-0.3531	-1.0548	
14.86	-0.5808	-0.9095	0.6769	-2.8669	-0.2295	-0.8164	
14.87	-0.8505	-0.9466	1.0863	-2.8135	-0.0619	-0.8818	
14.88	-0.9036	-1.0093	1.3601	-2.6332	0.0672	-1.4343	
14.89	-1.1111	-1.1683	1.914	-2.6419	0.1644	-2.0935	
14.9	-1.2305	-1.2611	1.9644	-2.1678	0.2837	-2.4722	
14.91	-1.3596	-1.3003	2.1114	-1.6179	0.3392	-2.8941	
14.92	-1.1883	-1.1443	1.9021	-1.1023	0.3403	-2.3165	
14.93	-1.1243	-1.2671	1.6837	-1.0132	0.4345	-1.6838	
14.94	-1.1658	-1.1972	1.3474	-0.9428	0.3804	-1.0843	
14.95	-1.0085	-1.2423	1.0107	-1.1222	0.3578	-0.6023	
14.96	-0.9337	-1.1859	0.7147	-1.4267	0.3592	-0.6738	
14.97	-0.7403	-1.3721	0.5855	-1.8337	0.2803	-1.053	
14.98	-0.5125	-1.367	0.4203	-2.3472	0.2046	-1.7044	
14.99	-0.2642	-1.3184	0.4009	-2.6383	0.1196	-2.3928	
15.0	-0.0304	-1.2553	0.6345	-2.793	0.0288	-2.6852	
15.01	0.1701	-1.2343	0.9662	-3.1442	-0.0668	-2.0806	
15.02	0.3876	-1.0658	1.3254	-2.985	-0.1619	-1.7492	
15.03	0.6147	-1.1331	1.8246	-2.3963	-0.214	-0.9188	
15.04	0.7293	-1.0464	2.0832	-1.9864	-0.2897	-0.483	
15.05	0.8382	-0.9551	2.68	-1.7657	-0.379	-0.4142	
15.06	0.8172	-0.8808	2.4707	-1.4345	-0.4295	-0.8154	
15.07	0.82	-0.9434	2.8422	-1.0347	-0.4277	-1.3157	
15.08	0.8826	-0.7682	2.9111	-1.0375	-0.5107	-2.1423	
15.09	0.8425	-0.7657	2.4682	-1.138	-0.472	-2.0801	
15.1	0.6746	-0.7408	2.1563	-1.1886	-0.4211	-2.0621	
15.11	0.5677	-0.687	1.8168	-1.5978	-0.3684	-1.4149	
15.12	0.3514	-0.5736	1.4654	-1.9186	-0.2977	-0.8307	
15.13	0.2162	-0.6172	1.1649	-2.4153	-0.209	-0.24	
15.14	0.0208	-0.5325	0.9389	-2.9487	-0.0635	-0.1318	
15.15	-0.1504	-0.4539	0.9422	-2.9724	0.0749	-0.4851	
15.16	-0.3695	-0.449	0.9951	-3.0658	0.2265	-0.9939	
15.17	-0.4561	-0.4337	1.1246	-2.5886	0.4062	-1.7087	
15.18	-0.5642	-0.3967	1.3523	-2.4121	0.6774	-2.0124	
15.19	-0.6719	-0.3878	1.8261	-1.8674	0.7987	-1.7334	
15.2	-0.7317	-0.3764	2.1318	-1.2699	0.9713	-1.3042	
15.21	-0.8178	-0.372	2.7767	-0.9721	1.3651	-0.5834	
15.22	-0.7088	-0.3796	2.9657	-0.7839	1.3737	-0.0001	
15.23	-0.628	-0.3557	2.8182	-0.7975	1.7473	0.1994	
15.24	-0.5304	-0.4056	2.9718	-1.0901	1.9234	-0.0705	
15.25	-0.3021	-0.414	2.7905	-1.3655	2.0521	-0.6278	
15.26	-0.1293	-0.4143	2.3429	-1.8257	2.1511	-1.3229	
15.27	0.1047	-0.4405	2.2429	-2.4376	2.2111	-1.769	
15.28	0.3664	-0.4453	1.7033	-2.5794	2.4652	-1.5215	
15.29	0.5399	-0.5128	1.4134	-2.8349	2.5952	-0.9746	
15.3	0.7563	-0.5119	0.9918	-2.5003	2.5831	-0.3683	
15.31	0.98	-0.5494	0.8524	-2.4301	2.7045	0.2369	
15.32	1.128	-0.5293	0.781	-2.1071	2.5627	0.4963	
15.33	1.5245	-0.6351	0.8128	-1.6313	2.8439	0.3372	
15.34	1.4353	-0.6279	1.0551	-1.1459	2.5251	-0.215	
15.35	1.5265	-0.6534	1.1469	-0.7661	2.6608	-0.9019	
15.36	1.6087	-0.6896	1.5169	-0.5534	2.6493	-1.3166	
15.37	1.5606	-0.6889	1.9221	-0.5191	2.6436	-1.3904	
15.38	1.6091	-0.7266	1.997	-0.812	2.2784	-0.8727	
15.39	1.4064	-0.7377	2.2484	-0.9745	2.314	-0.1786	
15.4	1.2211	-0.7692	2.2814	-1.4861	2.1818	0.4818	
15.41	1.2935	-0.8153	2.1663	-1.897	1.9908	0.767	
15.42	0.9025	-0.8861	2.0861	-2.3884	1.6328	0.6475	
15.43	0.7991	-0.7994	1.5027	-2.1782	1.7085	0.1672	
15.44	0.6389	-0.8885	1.0645	-2.3078	1.5576	-0.4368	
15.45	0.4222	-0.7585	0.7284	-2.3139	1.3699	-0.9741	
15.46	0.2377	-0.7787	0.3387	-1.8475	1.1462	-1.1005	
15.47	0.0709	-0.843	0.0449	-1.1736	1.0381	-0.6932	
15.48	-0.0557	-0.7595	-0.1274	-0.7922	1.0403	-0.0002	
15.49	-0.1378	-0.8603	-0.1273	-0.4479	0.948	0.7179	
15.5	-0.176	-0.864	-0.0229	-0.2294	1.0278	1.0511	
15.51	-0.1798	-0.8634	0.2085	-0.1531	1.0188	0.9875	
15.52	-0.1381	-0.7819	0.52	-0.3127	1.0184	0.5652	
15.53	-0.0541	-0.7131	0.8387	-0.5942	1.0456	-0.1074	
15.54	0.0735	-0.7097	1.2155	-0.9311	0.9789	-0.5977	
15.55	0.2188	-0.6539	1.1959	-1.2312	1.0324	-0.7848	
15.56	0.4252	-0.6811	1.2881	-1.854	1.099	-0.4824	
15.57	0.6083	-0.6712	1.2521	-1.7365	1.2818	0.1329	
15.58	0.8846	-0.582	1.1897	-1.8386	1.3656	0.7928	
15.59	0.9974	-0.6426	0.8902	-1.8997	1.4227	1.1879	
15.6	1.1023	-0.665	0.4745	-1.5181	1.7165	1.3153	
15.61	1.3908	-0.6434	0.0127	-0.8652	1.6996	0.8263	
15.62	1.5476	-0.5503	-0.425	-0.514	1.6961	0.2092	
15.63	1.6633	-0.5818	-0.6513	-0.0669	2.0233	-0.3177	
15.64	1.5554	-0.536	-1.0091	0.2289	2.2749	-0.5854	
15.65	1.6975	-0.5704	-1.0977	0.3173	2.3681	-0.3485	
15.66	1.5038	-0.5989	-0.9895	0.2309	2.307	0.2437	
15.67	1.4311	-0.6117	-0.7791	-0.0536	2.4036	0.9975	
15.68	1.5669	-0.6108	-0.4513	-0.3956	2.5323	1.516	
15.69	1.2883	-0.5906	-0.1052	-0.7609	2.3642	1.5128	
15.7	1.0977	-0.6686	0.2233	-1.1865	2.5373	1.0354	
15.71	0.7833	-0.5795	0.4879	-1.4773	2.251	0.5001	
15.72	0.5902	-0.675	0.6488	-1.5523	2.3971	-0.1206	
15.73	0.3967	-0.7794	0.7626	-1.2308	2.2696	-0.4456	
15.74	0.134	-0.7552	0.6347	-0.9244	2.0999	-0.2686	
15.75	-0.1133	-0.7934	0.4537	-0.5853	1.9463	0.2649	
15.76	-0.312	-0.8873	0.1464	-0.0974	1.6802	0.8787	
15.77	-0.4522	-0.9834	-0.2184	0.2936	1.5137	1.4443	
15.78	-0.6548	-0.9415	-0.6042	0.6226	1.2831	1.7067	
15.79	-0.6903	-1.0798	-0.8828	0.711	1.109	1.3306	
15.8	-0.8565	-1.1939	-1.0649	0.7179	1.1096	0.7552	
15.81	-0.7603	-1.2745	-1.2108	0.4312	0.7214	0.064	
15.82	-0.7513	-1.2966	-1.2633	0.0908	0.5459	-0.3318	
15.83	-0.6574	-1.2943	-1.1182	-0.3301	0.4108	-0.236	
15.84	-0.5789	-1.4987	-0.7367	-0.6454	0.1697	0.2119	
15.85	-0.4891	-1.329	-0.3586	-0.9455	-0.0144	0.9611	
15.86	-0.3207	-1.5561	0.0047	-0.9513	-0.2023	1.3748	
15.87	-0.174	-1.529	0.338	-0.8821	-0.3652	1.6014	
15.88	-0.022	-1.6637	0.7169	-0.6909	-0.4452	1.3599	
15.89	0.1297	-1.8738	0.8079	-0.2465	-0.6479	0.7992	
15.9	0.273	-1.7737	0.8474	0.1882	-0.7455	0.1971	
15.91	0.3561	-1.9177	0.7584	0.6896	-0.7834	-0.2428	
15.92	0.4935	-1.7848	0.5524	0.9305	-0.8067	-0.2624	
15.93	0.5615	-1.8624	0.2196	1.013	-0.8143	0.1392	
15.94	0.544	-1.7988	-0.1295	1.0846	-0.7776	0.8453	
15.95	0.4636	-1.9496	-0.4549	0.8699	-0.7853	1.2627	
15.96	0.3569	-1.8203	-0.7027	0.4846	-0.6754	1.5293	
15.97	0.239	-1.8601	-0.8216	0.1107	-0.6863	1.484	
15.98	0.0752	-1.8975	-0.763	-0.2898	-0.5316	0.9779	
15.99	-0.1405	-2.0622	-0.7412	-0.5391	-0.5294	0.2748	
16.0	-0.3811	-1.8476	-0.4048	-0.6956	-0.372	-0.2592	
16.01	-0.6257	-1.9638	-0.0431	-0.6178	-0.2817	-0.3286	
16.02	-0.8495	-1.683	0.3911	-0.4035	-0.1751	-0.0064	
16.03	-1.2055	-1.615	0.8229	-0.0468	-0.0729	0.6737	
16.04	-1.4126	-1.6702	1.0841	0.4408	0.0249	1.2703	
16.05	-1.5605	-1.558	1.3525	0.7709	0.1162	1.5781	
16.06	-1.7533	-1.5692	1.6098	1.069	0.1746	1.3878	
16.07	-1.9363	-1.2601	1.4805	1.4824	0.2172	1.0171	
16.08	-2.1387	-1.3297	1.4782	1.3274	0.259	0.2873	
16.09	-2.0786	-1.236	1.0308	1.178	0.2881	-0.2617	
16.1	-2.1972	-1.0037	0.8224	0.8923	0.2567	-0.4527	
16.11	-2.0601	-1.0363	0.4019	0.3847	0.2598	-0.2119	
16.12	-2.385	-0.8283	0.1599	0.0073	0.1979	0.391	
16.13	-2.2887	-0.7846	-0.0395	-0.342	0.1192	0.9982	
16.14	-1.8837	-0.6538	-0.1085	-0.478	0.0319	1.4882	
16.15	-1.7073	-0.4807	-0.0408	-0.4783	-0.09	1.4393	
16.16	-1.6557	-0.4021	0.1716	-0.2782	-0.2336	0.9308	
16.17	-1.4562	-0.2946	0.5064	0.0406	-0.3903	0.2265	
16.18	-1.4334	-0.1546	0.8972	0.4622	-0.516	-0.3886	
16.19	-1.2263	-0.0651	1.2349	0.9352	-0.6602	-0.6157	
16.2	-1.053	0.0343	1.5915	1.1573	-0.9235	-0.3976	
16.21	-0.9283	0.1147	1.8138	1.6136	-1.1596	0.1237	
16.22	-0.7685	0.213	2.1084	1.4885	-1.1414	0.8349	
16.23	-0.7229	0.2885	2.2859	1.3572	-1.3924	1.1156	
16.24	-0.7678	0.3377	1.889	1.1001	-1.6914	1.2796	
16.25	-0.8769	0.3982	1.8249	0.5788	-1.7634	0.8296	
16.26	-0.9374	0.4483	1.4806	0.1609	-1.9445	0.1721	
16.27	-0.9601	0.4315	1.2112	-0.2143	-1.9587	-0.494	
16.28	-1.1295	0.5023	0.7107	-0.4119	-1.8744	-0.7387	
16.29	-1.5088	0.4469	0.5163	-0.4587	-2.1243	-0.6942	
16.3	-1.5729	0.4686	0.2819	-0.2921	-2.3108	-0.1565	
16.31	-1.6908	0.4596	0.2415	-0.006	-2.3146	0.4691	
16.32	-2.251	0.3793	0.3548	0.406	-2.262	0.8948	
16.33	-2.3767	0.3571	0.5412	0.7799	-1.9342	1.0117	
16.34	-2.6371	0.2626	0.8256	1.3229	-2.1887	0.7344	
16.35	-2.7491	0.166	1.3151	1.4272	-1.9048	0.0966	
16.36	-2.8398	0.1027	1.7256	1.6254	-1.8975	-0.5167	
16.37	-2.9655	-0.0058	1.8589	1.4797	-1.5924	-0.9522	
16.38	-2.9285	-0.1261	2.1538	0.9839	-1.6464	-0.9785	
16.39	-2.9856	-0.2325	2.2218	0.6489	-1.5719	-0.4421	
16.4	-3.1462	-0.3672	2.0226	0.1676	-1.2774	0.225	
16.41	-2.9075	-0.5159	2.0242	-0.2182	-1.1643	0.71	
16.42	-2.8169	-0.699	1.461	-0.4671	-0.8762	0.9163	
16.43	-2.746	-0.7088	1.1412	-0.5702	-0.7445	0.6482	
16.44	-2.3993	-0.9531	0.7586	-0.4217	-0.6345	0.0185	
16.45	-2.3033	-0.9907	0.3353	-0.1949	-0.4802	-0.6322	
16.46	-2.0413	-1.1987	0.052	0.2245	-0.3512	-1.1991	
16.47	-1.7728	-1.5074	-0.103	0.6413	-0.1899	-1.0204	
16.48	-1.5209	-1.5381	-0.1303	0.9982	-0.1143	-0.6586	
16.49	-1.1806	-1.5359	-0.0103	1.2722	-0.0232	-0.0779	
16.5	-1.045	-1.6198	0.2267	1.4449	0.0296	0.4804	
16.51	-0.8722	-1.7931	0.5481	1.2287	0.0692	0.7151	
16.52	-0.7865	-2.0122	0.7876	0.9458	0.065	0.4944	
16.53	-0.7274	-2.2948	1.1397	0.5605	0.0556	-0.0436	
16.54	-0.7824	-2.3019	1.3042	0.1067	0.0201	-0.6903	
16.55	-0.7353	-2.3385	1.419	-0.3028	-0.0391	-1.2861	
16.56	-0.777	-2.2164	1.4716	-0.5799	-0.1102	-1.4412	
16.57	-1.0068	-2.5455	1.0817	-0.7602	-0.2166	-0.8731	
16.58	-1.1147	-2.3719	0.9283	-0.6107	-0.3104	-0.3598	
16.59	-1.2369	-2.3173	0.4736	-0.4132	-0.3944	0.274	
16.6	-1.5378	-2.6122	0.0379	-0.0742	-0.5716	0.5515	
16.61	-1.6388	-2.5473	-0.3686	0.3254	-0.696	0.4641	
16.62	-1.7802	-2.2858	-0.7078	0.6883	-0.8646	-0.0824	
16.63	-1.7327	-2.3587	-1.0363	0.9707	-1.0048	-0.7937	
16.64	-2.1772	-2.5501	-1.0369	1.2526	-1.118	-1.2213	
16.65	-1.9645	-2.1647	-1.1683	0.9948	-1.2733	-1.5778	
16.66	-2.077	-2.2609	-0.9272	0.7627	-1.3513	-1.0823	
16.67	-2.3508	-2.0232	-0.6241	0.4165	-1.3222	-0.5489	
16.68	-2.239	-2.0956	-0.3133	-0.0394	-1.4931	0.0678	
16.69	-2.0999	-1.9031	-0.0328	-0.4581	-1.3921	0.4246	
16.7	-1.9424	-1.627	0.2089	-0.8335	-1.427	0.3924	
16.71	-2.0692	-1.6177	0.4095	-0.9791	-1.4951	-0.0657	
16.72	-1.8119	-1.4173	0.3703	-0.8984	-1.3469	-0.7714	
16.73	-1.4268	-1.304	0.2775	-0.7805	-1.1533	-1.2069	
16.74	-1.2076	-1.0661	0.0375	-0.3585	-1.137	-1.6919	
16.75	-1.1376	-0.8685	-0.3226	0.0341	-1.1364	-1.3419	
16.76	-0.7964	-0.7064	-0.7795	0.4603	-0.8627	-0.773	
16.77	-0.5505	-0.6165	-1.1838	0.7996	-0.8878	-0.077	
16.78	-0.2803	-0.3737	-1.6795	0.914	-0.5908	0.3484	
16.79	-0.0711	-0.1921	-1.6914	0.8577	-0.5105	0.3974	
16.8	0.1183	-0.0097	-2.1005	0.6049	-0.3148	-0.0134	
16.81	0.2794	0.1603	-2.02	0.2846	-0.1384	-0.6059	
16.82	0.3288	0.322	-2.0328	-0.179	0.0505	-1.213	
16.83	0.394	0.4855	-1.5704	-0.6493	0.2116	-1.576	
16.84	0.4189	0.6138	-1.3871	-1.0162	0.3789	-1.4468	
16.85	0.4433	0.8905	-0.9116	-1.0892	0.5671	-0.8873	
16.86	0.3124	0.9838	-0.607	-1.2004	0.7323	-0.1786	
16.87	0.2337	1.053	-0.3972	-0.923	0.8217	0.3046	
16.88	0.0886	1.0914	-0.2428	-0.6863	0.8114	0.4215	
16.89	-0.0755	1.2655	-0.2486	-0.2691	0.9274	0.0972	
16.9	-0.2648	1.3443	-0.3791	0.1485	0.906	-0.476	
16.91	-0.4434	1.3902	-0.6391	0.5101	0.9438	-1.2226	
16.92	-0.6071	1.5305	-1.0484	0.7359	0.97	-1.5668	
16.93	-0.7316	1.585	-1.4992	0.6444	1.0585	-1.4037	
16.94	-0.9115	1.5135	-1.7093	0.5171	1.0003	-0.828	
16.95	-0.9879	1.5765	-2.203	0.1409	0.7914	-0.2102	
16.96	-0.9281	1.311	-2.3771	-0.3013	0.72	0.3279	
16.97	-1.0676	1.3162	-2.4436	-0.6803	0.7041	0.5773	
16.98	-1.0388	1.4105	-2.2966	-1.1714	0.488	0.2617	
16.99	-0.9081	1.0941	-2.0223	-1.2101	0.348	-0.3184	
17.0	-0.8246	1.1074	-1.4688	-1.4058	0.2276	-0.9164	
