0.01	0.1593	0.2691	0.283	
0.02	0.3685	0.4704	0.5569	
0.03	0.5057	0.7594	0.7071	
0.04	0.6787	0.9889	0.887	
0.05	0.7748	1.0827	1.1962	
0.06	0.9374	1.3845	1.3361	
0.07	1.0397	1.3207	1.3159	
0.08	1.2446	1.6069	1.6015	
0.09	1.2509	1.5812	1.5265	
0.1	1.3622	1.6859	1.6106	
0.11	1.5196	1.5703	1.3396	
0.12	1.798	1.642	1.2103	
0.13	1.6043	1.537	1.2137	
0.14	1.8851	1.3418	1.0067	
0.15	2.0161	1.3271	0.9071	
0.16	2.0397	1.2146	0.8102	
0.17	2.1227	1.013	0.5636	
0.18	1.8864	0.9616	0.4268	
0.19	1.9585	0.753	0.3662	
0.2	1.9416	0.6311	0.2394	
0.21	2.1512	0.5664	0.1618	
0.22	1.8839	0.4666	0.1544	
0.23	1.9128	0.3985	0.1539	
0.24	1.6906	0.3753	0.1771	
0.25	1.716	0.3908	0.2794	
0.26	1.5661	0.4484	0.3841	
0.27	1.7831	0.4864	0.5736	
0.28	1.5358	0.5875	0.6893	
0.29	1.3738	0.751	0.8545	
0.3	1.5199	0.9738	1.0285	
0.31	1.2838	1.1426	1.3027	
0.32	1.1957	1.2197	1.5258	
0.33	1.2002	1.3824	1.7107	
0.34	0.9731	1.6111	1.7983	
0.35	1.0355	1.8197	2.0371	
0.36	0.8653	2.2329	1.9841	
0.37	0.7597	2.1082	2.2943	
0.38	0.715	2.0922	2.3935	
0.39	0.6112	2.5009	2.327	
0.4	0.5848	2.3371	2.0694	
0.41	0.5703	2.3154	2.2614	
0.42	0.568	2.512	1.8878	
0.43	0.4909	2.3789	1.8199	
0.44	0.4195	2.225	1.6269	
0.45	0.4141	2.2384	1.4088	
0.46	0.4299	1.9604	1.2387	
0.47	0.4208	2.1188	0.8836	
0.48	0.5048	1.7347	0.7788	
0.49	0.4577	1.6922	0.4741	
0.5	0.552	1.3041	0.3014	
0.51	0.5934	1.005	0.1607	
0.52	0.5897	0.8439	0.0262	
0.53	0.5999	0.727	-0.0655	
0.54	0.6851	0.5168	-0.1377	
0.55	0.7942	0.3137	-0.1372	
0.56	0.7504	0.193	-0.1221	
0.57	0.9168	0.0667	-0.0749	
0.58	0.9539	-0.0083	0.0169	
0.59	0.9769	-0.0577	0.1443	
0.6	1.0493	-0.0643	0.2864	
0.61	1.088	-0.0394	0.4031	
0.62	1.1246	0.0177	0.5481	
0.63	1.2648	0.0963	0.6753	
0.64	1.2584	0.1922	0.8496	
0.65	1.5273	0.3301	0.9277	
0.66	1.5734	0.4643	1.1567	
0.67	1.3208	0.5803	1.2839	
0.68	1.6012	0.8277	1.2074	
0.69	1.4021	0.922	1.2861	
0.7	1.6634	1.0114	1.1001	
0.71	1.41	1.2001	1.1817	
0.72	1.493	1.1679	1.0657	
0.73	1.6126	1.2057	0.858	
0.74	1.3351	1.3914	0.6759	
0.75	1.3983	1.2292	0.4702	
0.76	1.4148	1.1625	0.2393	
0.77	1.2353	1.1473	-0.01	
0.78	1.2765	1.1267	-0.245	
0.79	1.0371	0.951	-0.4937	
0.8	1.0347	0.8155	-0.6132	
0.81	0.9009	0.536	-0.8521	
0.82	0.8178	0.375	-0.9176	
0.83	0.701	0.1904	-1.1345	
0.84	0.5723	-0.0292	-1.0785	
0.85	0.4894	-0.236	-1.1656	
0.86	0.3429	-0.4356	-1.0727	
0.87	0.2191	-0.6161	-1.1975	
0.88	0.1265	-0.7991	-1.1032	
0.89	-0.0029	-0.8797	-0.8087	
0.9	-0.1206	-0.9561	-0.7608	
0.91	-0.2385	-0.9456	-0.49	
0.92	-0.3703	-0.972	-0.305	
0.93	-0.4727	-1.0154	-0.1259	
0.94	-0.5738	-1.0055	0.0824	
0.95	-0.6513	-0.856	0.2656	
0.96	-0.6655	-0.7284	0.4519	
0.97	-0.8239	-0.4983	0.6688	
0.98	-0.9087	-0.3698	0.7181	
0.99	-0.9233	-0.1764	0.868	
1.0	-0.8897	0.0291	0.9808	
1.01	-0.9585	0.2279	0.9058	
1.02	-0.909	0.4547	0.8468	
1.03	-1.0085	0.7075	0.8911	
1.04	-0.8605	0.7797	0.8016	
1.05	-0.9264	0.987	0.6241	
1.06	-0.8791	1.0475	0.4618	
1.07	-0.7635	1.1901	0.3423	
1.08	-0.6706	1.1999	0.1863	
1.09	-0.5767	1.2377	0.0266	
1.1	-0.5522	1.2639	-0.1166	
1.11	-0.477	1.3233	-0.2598	
1.12	-0.3505	1.2305	-0.3927	
1.13	-0.1965	1.2375	-0.4363	
1.14	-0.0832	1.1605	-0.5103	
1.15	0.0498	0.8631	-0.4811	
1.16	0.1967	0.8512	-0.4605	
1.17	0.3548	0.6848	-0.3449	
1.18	0.4372	0.5358	-0.2353	
1.19	0.6519	0.368	-0.0628	
1.2	0.7472	0.2344	0.1429	
1.21	0.9094	0.14	0.3955	
1.22	1.066	0.0614	0.6418	
1.23	1.1887	0.0058	0.8333	
1.24	1.381	-0.0229	1.0648	
1.25	1.3794	-0.0147	1.3482	
1.26	1.6931	0.027	1.6138	
1.27	1.7349	0.0964	1.8617	
1.28	1.7903	0.2158	2.0855	
1.29	1.8568	0.3351	2.3016	
1.3	1.8489	0.5177	2.0913	
1.31	1.8373	0.7557	2.4306	
1.32	2.1557	0.8676	2.6225	
1.33	2.1302	1.1698	2.6091	
1.34	1.9421	1.3192	2.3366	
1.35	2.0984	1.5718	2.2469	
1.36	2.0697	1.5908	2.2332	
1.37	1.9654	1.8657	2.0874	
1.38	2.2604	1.9208	1.8071	
1.39	2.255	2.1145	1.7127	
1.4	1.9199	2.4496	1.5158	
1.41	2.2003	2.4456	1.3684	
1.42	1.984	2.2234	1.1725	
1.43	2.0457	2.1372	1.0897	
1.44	1.8276	2.2098	0.9681	
1.45	1.9295	2.1204	0.919	
1.46	1.6618	2.1841	1.0087	
1.47	1.6749	1.832	0.9133	
1.48	1.535	1.7978	1.0928	
1.49	1.4797	1.7186	1.0445	
1.5	1.3141	1.2896	1.1224	
1.51	1.3699	1.1884	1.288	
1.52	1.1881	1.0953	1.5024	
1.53	1.0419	0.887	1.6567	
1.54	0.9729	0.578	1.8728	
1.55	0.8491	0.432	1.9328	
1.56	0.9007	0.3388	2.2414	
1.57	0.8827	0.2142	2.5551	
1.58	0.7155	0.1183	2.623	
1.59	0.7677	0.055	2.7392	
1.6	0.6526	0.0385	2.8937	
1.61	0.5755	0.0491	2.9285	
1.62	0.5919	0.0996	2.6533	
1.63	0.6094	0.1632	3.0285	
1.64	0.6199	0.2603	2.8367	
1.65	0.6052	0.3787	2.7752	
1.66	0.5876	0.5133	2.5508	
1.67	0.5803	0.5739	2.1114	
1.68	0.6638	0.6696	2.1758	
1.69	0.6494	0.8569	1.7458	
1.7	0.6379	0.9463	1.6963	
1.71	0.7936	0.9693	1.4339	
1.72	0.7493	1.1381	1.0764	
1.73	0.8873	1.0601	0.8702	
1.74	0.8597	1.0634	0.7147	
1.75	0.9554	1.0889	0.5551	
1.76	0.9342	1.0267	0.4748	
1.77	1.0729	0.8666	0.3495	
1.78	1.1731	0.8567	0.3125	
1.79	1.1153	0.6737	0.2987	
1.8	1.2205	0.4549	0.3176	
1.81	1.1866	0.2047	0.3978	
1.82	1.2588	-0.0133	0.4983	
1.83	1.3854	-0.2617	0.5902	
1.84	1.339	-0.5028	0.6747	
1.85	1.5024	-0.8012	0.9528	
1.86	1.252	-1.0004	0.9538	
1.87	1.4707	-1.1478	1.2308	
1.88	1.3341	-1.5252	1.2865	
1.89	1.4341	-1.6525	1.3076	
1.9	1.1834	-1.9888	1.4343	
1.91	1.2171	-1.7742	1.5916	
1.92	1.1706	-2.0251	1.5824	
1.93	1.0406	-2.16	1.572	
1.94	1.0631	-1.991	1.4381	
1.95	0.9905	-2.2147	1.453	
1.96	0.7659	-2.025	1.1423	
1.97	0.688	-2.0987	0.9805	
1.98	0.5552	-1.8009	0.7143	
1.99	0.4864	-1.8436	0.5621	
2.0	0.3206	-1.6029	0.3513	
2.01	0.1826	-1.4249	0.0808	
2.02	0.0498	-1.1949	-0.1698	
2.03	-0.1122	-1.0907	-0.4029	
2.04	-0.2792	-0.9914	-0.544	
2.05	-0.4259	-0.947	-0.8039	
2.06	-0.6195	-0.7865	-0.9608	
2.07	-0.7408	-0.7097	-0.979	
2.08	-0.8524	-0.6854	-1.1146	
2.09	-1.1013	-0.6563	-0.9829	
2.1	-1.2776	-0.6907	-1.0856	
2.11	-1.4445	-0.8585	-0.915	
2.12	-1.5852	-0.8062	-0.7932	
2.13	-1.619	-1.0276	-0.6558	
2.14	-1.7438	-1.1798	-0.5733	
2.15	-1.9884	-1.3371	-0.3558	
2.16	-1.8166	-1.5322	-0.1382	
2.17	-2.0882	-1.7867	0.0688	
2.18	-1.9562	-1.9693	0.2376	
2.19	-2.2124	-1.9801	0.4903	
2.2	-2.1663	-2.2282	0.6297	
2.21	-2.411	-2.1253	0.6921	
2.22	-2.1012	-2.6562	0.7985	
2.23	-2.4196	-2.5273	0.9621	
2.24	-2.237	-2.7578	0.9757	
2.25	-2.2374	-2.5418	0.9235	
2.26	-2.1764	-2.7278	0.8869	
2.27	-2.0712	-2.3961	0.7433	
2.28	-2.2437	-2.4194	0.631	
2.29	-1.9773	-2.4392	0.5656	
2.3	-1.9252	-1.9809	0.3945	
2.31	-2.0707	-1.9452	0.2025	
2.32	-1.7655	-1.659	0.0282	
2.33	-1.5965	-1.5686	-0.1291	
2.34	-1.458	-1.2741	-0.3034	
2.35	-1.5724	-1.0363	-0.3777	
2.36	-1.3747	-0.8164	-0.5207	
2.37	-1.2037	-0.6412	-0.5321	
2.38	-1.0195	-0.4273	-0.6409	
2.39	-1.0671	-0.1974	-0.6399	
2.4	-0.8294	-0.0724	-0.5762	
2.41	-0.7698	0.0472	-0.4708	
2.42	-0.5928	0.1276	-0.2684	
2.43	-0.4704	0.158	-0.1365	
2.44	-0.4543	0.1664	0.0729	
2.45	-0.3172	0.1694	0.3298	
2.46	-0.2534	0.0953	0.5675	
2.47	-0.1602	0.0222	0.7815	
2.48	-0.0762	-0.0798	1.0758	
2.49	-0.0211	-0.2079	1.2247	
2.5	0.0309	-0.3581	1.6088	
2.51	0.0633	-0.456	1.5269	
2.52	0.0937	-0.638	1.6602	
2.53	0.1248	-0.6988	1.8037	
2.54	0.1172	-0.9592	2.0633	
2.55	0.128	-0.8999	2.2921	
2.56	0.1218	-1.148	2.0927	
2.57	0.0972	-1.0971	1.873	
2.58	0.0652	-1.0981	2.1189	
2.59	0.0259	-1.2035	1.8366	
2.6	-0.0158	-1.1511	1.768	
2.61	-0.0692	-1.0061	1.6549	
2.62	-0.1284	-0.838	1.3364	
2.63	-0.1814	-0.8498	1.1918	
2.64	-0.2469	-0.691	0.9838	
2.65	-0.3468	-0.4514	0.8544	
2.66	-0.4066	-0.2904	0.7616	
2.67	-0.4756	-0.0637	0.5859	
2.68	-0.5441	0.1277	0.4777	
2.69	-0.6385	0.3267	0.4315	
2.7	-0.6891	0.5275	0.4245	
2.71	-0.7699	0.6515	0.4715	
2.72	-0.792	0.749	0.5632	
2.73	-0.7989	0.8569	0.6289	
2.74	-0.902	1.0924	0.6953	
2.75	-0.9068	1.1256	0.8409	
2.76	-1.002	1.1353	1.1716	
2.77	-1.072	1.0622	1.2032	
2.78	-1.0751	0.9473	1.4117	
2.79	-0.9402	0.8975	1.7653	
2.8	-1.0341	0.6807	1.7502	
2.81	-0.9344	0.5757	2.014	
2.82	-0.9266	0.3682	2.2567	
2.83	-1.0048	0.1506	2.3004	
2.84	-0.9039	-0.0411	2.3215	
2.85	-0.9009	-0.2516	2.4421	
2.86	-0.8549	-0.4262	2.2806	
2.87	-0.8052	-0.6238	1.9736	
2.88	-0.6712	-0.9186	1.921	
2.89	-0.5354	-0.9884	1.8741	
2.9	-0.4751	-1.1943	1.7205	
2.91	-0.3825	-1.179	1.4846	
2.92	-0.307	-1.238	1.1111	
2.93	-0.2586	-1.482	0.9359	
2.94	-0.1531	-1.2636	0.6666	
2.95	-0.0688	-1.3067	0.5161	
2.96	0.0232	-1.3416	0.2411	
2.97	0.1084	-1.2174	0.0261	
2.98	0.1932	-1.1723	-0.1621	
2.99	0.2789	-0.9838	-0.2957	
3.0	0.3586	-0.7703	-0.4047	
3.01	0.3646	-0.6789	-0.5136	
3.02	0.4249	-0.4908	-0.4998	
3.03	0.5085	-0.355	-0.5133	
3.04	0.4815	-0.2585	-0.5106	
3.05	0.5317	-0.1168	-0.4087	
3.06	0.5171	-0.0407	-0.3211	
3.07	0.6196	0.0234	-0.1833	
3.08	0.5866	0.0519	-0.0314	
3.09	0.5539	0.0495	0.1176	
3.1	0.5153	0.0166	0.2696	
3.11	0.4283	-0.0548	0.3917	
3.12	0.3576	-0.1482	0.4902	
3.13	0.3003	-0.2884	0.5894	
3.14	0.2184	-0.4125	0.6025	
3.15	0.1535	-0.6533	0.6035	
3.16	0.0385	-0.825	0.6508	
3.17	-0.0751	-0.9199	0.5952	
3.18	-0.1858	-1.2096	0.4392	
3.19	-0.3526	-1.3022	0.3379	
3.2	-0.442	-1.645	0.1213	
3.21	-0.5429	-1.6026	-0.0619	
3.22	-0.7673	-1.9751	-0.267	
3.23	-0.8625	-2.1922	-0.5468	
3.24	-1.0057	-1.9152	-0.7952	
3.25	-1.216	-2.3526	-1.0279	
3.26	-1.2194	-1.9773	-1.3588	
3.27	-1.56	-2.1197	-1.5205	
3.28	-1.6812	-2.1021	-1.8122	
3.29	-1.7091	-1.9347	-1.9482	
3.3	-1.7923	-1.9607	-1.8243	
3.31	-1.9389	-1.5258	-2.0183	
3.32	-1.9696	-1.3903	-2.196	
3.33	-2.0739	-1.2486	-1.9585	
3.34	-2.4632	-1.0865	-2.1124	
3.35	-2.3435	-0.7921	-2.0075	
3.36	-2.3567	-0.6371	-1.6229	
3.37	-2.3351	-0.4704	-1.6181	
3.38	-2.8159	-0.2553	-1.4683	
3.39	-2.9148	-0.0654	-1.3183	
3.4	-2.6783	0.0774	-0.962	
3.41	-2.8682	0.2054	-0.9148	
3.42	-2.4487	0.3169	-0.632	
3.43	-2.6331	0.3853	-0.5122	
3.44	-2.4959	0.3923	-0.3226	
3.45	-2.5664	0.3819	-0.2247	
3.46	-2.3972	0.3578	-0.1575	
3.47	-2.2449	0.2508	-0.1175	
3.48	-2.3894	0.1843	-0.098	
3.49	-2.3248	0.0823	-0.146	
3.5	-2.4021	-0.0287	-0.2322	
3.51	-2.2142	-0.1417	-0.3362	
3.52	-2.0494	-0.2839	-0.4875	
3.53	-1.8586	-0.3799	-0.6251	
3.54	-1.6417	-0.4792	-0.7647	
3.55	-1.7467	-0.5615	-0.9683	
3.56	-1.4007	-0.69	-1.1635	
3.57	-1.4015	-0.7042	-1.2409	
3.58	-1.3783	-0.707	-1.5193	
3.59	-1.0855	-0.6097	-1.4434	
3.6	-1.1329	-0.5715	-1.6278	
3.61	-0.9748	-0.4386	-1.7148	
3.62	-0.8158	-0.2874	-1.6103	
3.63	-0.6899	-0.1426	-1.5352	
3.64	-0.5596	0.0567	-1.5093	
3.65	-0.5618	0.2631	-1.4189	
3.66	-0.421	0.5081	-1.2286	
3.67	-0.3434	0.7624	-1.1432	
3.68	-0.3122	1.0746	-0.8449	
3.69	-0.2717	1.2494	-0.6839	
3.7	-0.2061	1.6049	-0.3724	
3.71	-0.1589	1.6684	-0.1366	
3.72	-0.1615	1.8298	0.0857	
3.73	-0.1327	2.1199	0.3188	
3.74	-0.1344	2.0337	0.5057	
3.75	-0.1197	2.4792	0.693	
3.76	-0.137	2.2883	0.7998	
3.77	-0.1591	2.4889	0.9702	
3.78	-0.1758	2.2768	1.0054	
3.79	-0.1974	2.4486	1.0933	
3.8	-0.2306	2.1496	0.9221	
3.81	-0.2977	2.3784	0.9104	
3.82	-0.3409	2.135	0.8645	
3.83	-0.3801	1.9159	0.642	
3.84	-0.4208	1.7567	0.4718	
3.85	-0.488	1.7786	0.3314	
3.86	-0.4979	1.4198	0.1833	
3.87	-0.5011	1.2966	-0.0082	
3.88	-0.508	1.1544	-0.172	
3.89	-0.5825	1.1766	-0.3239	
3.9	-0.5881	1.087	-0.4474	
3.91	-0.5964	0.8492	-0.5212	
3.92	-0.6632	0.8241	-0.6497	
3.93	-0.665	0.8308	-0.6966	
3.94	-0.6485	0.8395	-0.6049	
3.95	-0.6871	0.9399	-0.6131	
3.96	-0.5947	1.0851	-0.5017	
3.97	-0.5715	1.046	-0.3796	
3.98	-0.5353	1.1754	-0.2688	
3.99	-0.4986	1.4961	-0.1032	
4.0	-0.3819	1.7013	0.0823	
4.01	-0.3622	1.6634	0.2563	
4.02	-0.2924	2.0105	0.4442	
4.03	-0.1726	1.9223	0.6511	
4.04	-0.0795	2.3027	0.8451	
4.05	0.0217	2.2844	1.0081	
4.06	0.1465	2.2503	1.0561	
4.07	0.2274	2.4215	1.1674	
4.08	0.3957	2.5479	1.1988	
4.09	0.4953	2.3717	1.193	
4.1	0.6506	2.4938	1.0071	
4.11	0.835	2.5918	0.9702	
4.12	0.9828	2.4464	0.7533	
4.13	1.0688	2.0851	0.7024	
4.14	1.1164	2.1285	0.4233	
4.15	1.2739	1.782	0.2288	
4.16	1.4031	1.4467	-0.03	
4.17	1.4183	1.3458	-0.2877	
4.18	1.5068	1.1449	-0.5034	
4.19	1.6765	0.8584	-0.8121	
4.2	1.741	0.6293	-0.9661	
4.21	1.77	0.4009	-1.2821	
4.22	1.945	0.2113	-1.3609	
4.23	1.9837	0.024	-1.6008	
4.24	1.9882	-0.1144	-1.4363	
4.25	2.0422	-0.221	-1.6203	
4.26	2.2016	-0.3041	-1.4784	
4.27	2.2446	-0.3862	-1.5156	
4.28	2.3152	-0.3867	-1.3874	
4.29	2.0935	-0.3454	-1.3349	
4.3	2.2599	-0.2939	-1.4176	
4.31	1.8785	-0.2216	-1.238	
4.32	2.1087	-0.1008	-1.0663	
4.33	2.0633	0.017	-0.7781	
4.34	1.9954	0.1532	-0.7455	
4.35	1.6635	0.3209	-0.5658	
4.36	1.8517	0.4604	-0.447	
4.37	1.5025	0.5921	-0.4142	
4.38	1.5693	0.7337	-0.3681	
4.39	1.3934	0.8621	-0.3886	
4.4	1.2892	0.9499	-0.4347	
4.41	1.0722	0.9488	-0.464	
4.42	0.9516	0.9191	-0.6133	
4.43	0.7905	1.0087	-0.7043	
4.44	0.6701	0.9453	-0.8702	
4.45	0.5549	0.9141	-1.0994	
4.46	0.3503	0.7917	-1.3285	
4.47	0.2576	0.6437	-1.7693	
4.48	0.1132	0.479	-1.8564	
4.49	-0.0137	0.3087	-1.925	
4.5	-0.1405	0.1193	-2.1688	
4.51	-0.2673	-0.0838	-2.4303	
4.52	-0.3251	-0.2626	-2.673	
4.53	-0.4344	-0.4459	-2.6848	
4.54	-0.4856	-0.5957	-2.9087	
4.55	-0.6464	-0.792	-2.9227	
4.56	-0.6127	-0.9248	-2.9645	
4.57	-0.7566	-0.9394	-2.9912	
4.58	-0.7428	-1.1748	-2.5863	
4.59	-0.7253	-1.0498	-2.8208	
4.6	-0.8047	-1.0562	-2.7623	
4.61	-0.8052	-1.0281	-2.2967	
4.62	-0.7349	-0.9826	-2.1871	
4.63	-0.7246	-0.9315	-2.1013	
4.64	-0.6965	-0.7918	-1.727	
4.65	-0.6615	-0.5553	-1.6681	
4.66	-0.5566	-0.4115	-1.4713	
4.67	-0.488	-0.1754	-1.1385	
4.68	-0.4179	0.0208	-1.0038	
4.69	-0.3661	0.2181	-0.9273	
4.7	-0.2849	0.4095	-0.8742	
4.71	-0.2008	0.6543	-0.8074	
4.72	-0.1226	0.8447	-0.9114	
4.73	-0.0201	1.0567	-0.8153	
4.74	0.0801	1.2332	-1.0518	
4.75	0.1711	1.1655	-1.1445	
4.76	0.2792	1.2861	-1.2731	
4.77	0.3954	1.3745	-1.4241	
4.78	0.4448	1.3842	-1.5042	
4.79	0.5081	1.2146	-1.6448	
4.8	0.6687	1.3122	-1.8879	
4.81	0.7002	1.2047	-1.9374	
4.82	0.7479	1.0191	-2.1099	
4.83	0.7643	0.8169	-2.3164	
4.84	0.8249	0.7346	-2.1618	
4.85	0.8979	0.5993	-2.0811	
4.86	0.9403	0.4273	-2.1707	
4.87	0.8981	0.296	-2.0203	
4.88	0.9511	0.1489	-2.193	
4.89	1.0212	0.0497	-1.8963	
4.9	0.9209	-0.0503	-1.7217	
4.91	0.993	-0.1043	-1.4374	
4.92	0.9249	-0.1386	-1.217	
4.93	0.9873	-0.1545	-1.0033	
4.94	0.8658	-0.1139	-0.7691	
4.95	0.9351	-0.0552	-0.5711	
4.96	0.8387	0.0336	-0.302	
4.97	0.7176	0.1527	-0.0602	
4.98	0.7146	0.3352	0.1292	
4.99	0.7075	0.489	0.2917	
5.0	0.6449	0.5926	0.4368	
5.01	0.5497	0.8266	0.5458	
5.02	0.5122	1.0196	0.5695	
5.03	0.4374	1.2108	0.5292	
5.04	0.3848	1.3655	0.4815	
5.05	0.3069	1.4417	0.4585	
5.06	0.2393	1.5917	0.3397	
5.07	0.1962	1.7287	0.1746	
5.08	0.1501	1.8598	0.0338	
5.09	0.1192	2.0801	-0.1367	
5.1	0.1095	1.9278	-0.2882	
5.11	0.0886	1.7765	-0.503	
5.12	0.0749	1.6917	-0.641	
5.13	0.0718	1.507	-0.7764	
5.14	0.0829	1.4835	-0.8258	
5.15	0.1235	1.2603	-0.9118	
5.16	0.1491	1.2445	-0.9202	
5.17	0.1803	1.0135	-1.0182	
5.18	0.2616	0.7535	-1.014	
5.19	0.3058	0.4606	-0.8772	
5.2	0.4075	0.2623	-0.8169	
5.21	0.4487	0.0348	-0.6343	
5.22	0.5609	-0.1735	-0.4543	
5.23	0.6942	-0.3142	-0.2328	
5.24	0.7776	-0.4948	-0.0559	
5.25	0.9801	-0.6257	0.1474	
5.26	1.1014	-0.7343	0.3605	
5.27	1.0948	-0.7546	0.4665	
5.28	1.2841	-0.8732	0.7104	
5.29	1.3298	-0.8468	0.7429	
5.3	1.5148	-0.7666	0.8903	
5.31	1.6701	-0.6747	0.9275	
5.32	1.6997	-0.607	0.8727	
5.33	1.7893	-0.4865	0.8982	
5.34	2.133	-0.4066	0.9156	
5.35	1.9625	-0.2934	0.7324	
5.36	2.2104	-0.1896	0.61	
5.37	2.2004	-0.0761	0.3825	
5.38	2.7316	0.0305	0.2051	
5.39	2.6776	0.112	-0.0378	
5.4	2.625	0.1557	-0.2968	
5.41	2.6469	0.1825	-0.4792	
5.42	2.6494	0.1812	-0.7365	
5.43	2.6072	0.1571	-0.8747	
5.44	2.9451	0.0883	-1.2422	
5.45	2.9692	-0.0079	-1.3784	
5.46	2.9829	-0.1358	-1.549	
5.47	3.0894	-0.2901	-1.6056	
5.48	2.5913	-0.5243	-1.7576	
5.49	2.7203	-0.7197	-1.5793	
5.5	2.7691	-1.0118	-1.6444	
5.51	2.5952	-1.078	-1.561	
5.52	2.4758	-1.2929	-1.4964	
5.53	2.4283	-1.7956	-1.3575	
5.54	2.3448	-1.8565	-1.0879	
5.55	2.2215	-2.1542	-0.9797	
5.56	2.0502	-2.0776	-0.7943	
5.57	1.9021	-2.2849	-0.7242	
5.58	1.9814	-2.7075	-0.6042	
5.59	1.8298	-2.7779	-0.4567	
5.6	1.4261	-2.5382	-0.3404	
5.61	1.3708	-2.9402	-0.2648	
5.62	1.2374	-2.477	-0.2503	
5.63	1.177	-2.5946	-0.2545	
5.64	1.0388	-2.6131	-0.3188	
5.65	0.7751	-2.6432	-0.4321	
5.66	0.6539	-2.4965	-0.5253	
5.67	0.5361	-2.3092	-0.6599	
5.68	0.395	-1.8677	-0.9304	
5.69	0.263	-1.6818	-1.0195	
5.7	0.1153	-1.7267	-1.1766	
5.71	0.0005	-1.5626	-1.4302	
5.72	-0.1003	-1.3607	-1.6389	
5.73	-0.2219	-1.2913	-2.0517	
5.74	-0.3109	-1.0935	-2.2058	
5.75	-0.3576	-0.9144	-2.292	
5.76	-0.4059	-0.8576	-2.235	
5.77	-0.5236	-0.954	-2.5587	
5.78	-0.5279	-0.9573	-2.6871	
5.79	-0.5248	-0.8646	-2.7814	
5.8	-0.5657	-1.0362	-2.6844	
5.81	-0.6341	-1.2081	-2.4334	
5.82	-0.5664	-1.2709	-2.4551	
5.83	-0.5467	-1.4314	-2.3222	
5.84	-0.6015	-1.4722	-1.9071	
5.85	-0.5348	-1.6672	-1.9892	
5.86	-0.483	-1.8445	-1.7578	
5.87	-0.4502	-1.81	-1.3609	
5.88	-0.3865	-2.1317	-1.1769	
5.89	-0.3619	-2.0582	-0.8824	
5.9	-0.307	-2.407	-0.7765	
5.91	-0.2608	-2.2158	-0.58	
5.92	-0.2365	-2.4861	-0.4582	
5.93	-0.1707	-2.1993	-0.3975	
5.94	-0.1166	-2.0823	-0.3177	
5.95	-0.0665	-2.3555	-0.3364	
5.96	-0.0171	-2.2562	-0.3623	
5.97	0.0235	-1.7468	-0.3985	
5.98	0.0585	-1.7378	-0.5053	
5.99	0.0891	-1.4881	-0.5485	
6.0	0.1149	-1.2195	-0.7509	
6.01	0.1292	-1.1597	-0.9033	
6.02	0.1531	-0.7828	-1.0269	
6.03	0.1278	-0.589	-1.1349	
6.04	0.1347	-0.3787	-1.1832	
6.05	0.11	-0.1361	-1.4078	
6.06	0.0886	0.0757	-1.6429	
6.07	0.0509	0.2654	-1.6738	
6.08	0.011	0.3932	-1.7544	
6.09	-0.0394	0.5153	-1.4797	
6.1	-0.0938	0.625	-1.4866	
6.11	-0.1771	0.6893	-1.4219	
6.12	-0.2608	0.5844	-1.2592	
6.13	-0.3184	0.6409	-1.1781	
6.14	-0.4251	0.5795	-0.8539	
6.15	-0.4917	0.4414	-0.6668	
6.16	-0.545	0.3434	-0.4121	
6.17	-0.6946	0.2368	-0.1389	
6.18	-0.7559	0.0809	0.1294	
6.19	-0.9675	-0.0661	0.4023	
6.2	-0.9997	-0.2238	0.5761	
6.21	-1.1509	-0.3766	0.8703	
6.22	-1.1879	-0.4549	1.0029	
6.23	-1.2298	-0.5323	1.0868	
6.24	-1.2375	-0.6404	1.2764	
6.25	-1.3214	-0.6867	1.4764	
6.26	-1.4479	-0.6911	1.3949	
6.27	-1.7081	-0.8233	1.2257	
6.28	-1.7189	-0.7448	1.3468	
6.29	-1.5666	-0.5994	1.1879	
6.3	-1.7022	-0.5011	1.0029	
6.31	-1.6544	-0.4055	0.9084	
6.32	-1.8654	-0.2611	0.7183	
6.33	-1.7217	-0.1185	0.6759	
6.34	-1.6156	0.0722	0.4646	
6.35	-1.6577	0.2421	0.2927	
6.36	-1.4967	0.3978	0.1588	
6.37	-1.5235	0.6065	0.0578	
6.38	-1.5718	0.7119	-0.0298	
6.39	-1.471	0.9719	-0.0761	
6.4	-1.4185	1.1303	-0.0965	
6.41	-1.1989	1.2441	-0.0568	
6.42	-1.2441	1.2731	0.0034	
6.43	-1.0118	1.1492	0.1125	
6.44	-0.8685	1.2606	0.253	
6.45	-0.8034	1.1781	0.3645	
6.46	-0.7105	1.1987	0.5389	
6.47	-0.5307	1.0481	0.7448	
6.48	-0.394	0.87	0.9578	
6.49	-0.224	0.6464	1.2336	
6.5	-0.0931	0.4921	1.4199	
6.51	0.0351	0.2654	1.5582	
6.52	0.1659	0.0354	1.794	
6.53	0.2952	-0.1886	1.6307	
6.54	0.4098	-0.4229	1.7041	
6.55	0.5355	-0.5606	1.74	
6.56	0.7212	-0.7942	1.8673	
6.57	0.8295	-0.9941	1.879	
6.58	0.8423	-1.1042	1.7987	
6.59	0.95	-1.0983	1.4714	
6.6	1.1026	-1.3588	1.5196	
6.61	0.9721	-1.3339	1.3491	
6.62	1.1575	-1.3493	1.0839	
6.63	1.0908	-1.2825	0.874	
6.64	1.1015	-1.1188	0.6171	
6.65	1.2886	-1.1237	0.3329	
6.66	1.1372	-0.8961	0.128	
6.67	1.0775	-0.7823	-0.0899	
6.68	1.155	-0.6667	-0.2453	
6.69	0.9886	-0.4868	-0.4008	
6.7	1.0629	-0.3031	-0.559	
6.71	0.9259	-0.195	-0.6273	
6.72	0.9084	-0.0394	-0.5816	
6.73	0.8091	0.0838	-0.5913	
6.74	0.7358	0.1645	-0.5142	
6.75	0.566	0.2753	-0.4807	
6.76	0.4839	0.3077	-0.3316	
6.77	0.3612	0.3241	-0.1955	
6.78	0.2395	0.2726	-0.0457	
6.79	0.1086	0.2222	0.1161	
6.8	-0.0213	0.1262	0.2792	
6.81	-0.1568	0.013	0.3969	
6.82	-0.2885	-0.1168	0.5197	
6.83	-0.3878	-0.278	0.7047	
6.84	-0.5416	-0.4631	0.7787	
6.85	-0.7069	-0.6756	0.8555	
6.86	-0.8424	-0.7501	0.7601	
6.87	-0.8993	-1.0126	0.7977	
6.88	-0.9048	-1.2415	0.6757	
6.89	-1.0374	-1.4036	0.5598	
6.9	-1.0801	-1.3125	0.4419	
6.91	-1.219	-1.3633	0.3256	
6.92	-1.3391	-1.5552	0.1024	
6.93	-1.2807	-1.739	-0.0994	
6.94	-1.4387	-1.5334	-0.3041	
6.95	-1.4665	-1.4327	-0.5574	
6.96	-1.4249	-1.3276	-0.7608	
6.97	-1.6213	-1.2686	-0.9436	
6.98	-1.5783	-1.0421	-1.1921	
6.99	-1.4515	-0.9946	-1.1704	
7.0	-1.3802	-0.8095	-1.4572	
7.01	-1.6356	-0.5597	-1.3481	
7.02	-1.412	-0.3104	-1.6046	
7.03	-1.498	-0.0737	-1.4954	
7.04	-1.363	0.1445	-1.5298	
7.05	-1.322	0.343	-1.3372	
7.06	-1.4123	0.5913	-1.1588	
7.07	-1.1699	0.6963	-1.0685	
7.08	-1.239	0.8789	-0.7788	
7.09	-1.1992	1.0497	-0.518	
7.1	-1.1258	1.2572	-0.3721	
7.11	-1.0102	1.2603	-0.1223	
7.12	-1.0163	1.3443	0.0821	
7.13	-0.8588	1.3521	0.2679	
7.14	-0.9422	1.0985	0.4929	
7.15	-0.7706	1.0651	0.6098	
7.16	-0.825	0.9965	0.6962	
7.17	-0.7768	0.9849	0.7759	
7.18	-0.7479	0.9101	0.7642	
7.19	-0.6767	0.6635	0.794	
7.2	-0.7816	0.6191	0.8181	
7.21	-0.6851	0.4675	0.7108	
7.22	-0.7757	0.3946	0.5579	
7.23	-0.7962	0.2699	0.4684	
7.24	-0.7903	0.218	0.3577	
7.25	-0.7426	0.183	0.1689	
7.26	-0.7902	0.1867	0.0339	
7.27	-0.8458	0.2424	-0.1159	
7.28	-1.0024	0.2657	-0.2632	
7.29	-0.9963	0.3778	-0.3208	
7.3	-1.2308	0.5658	-0.4179	
7.31	-1.1268	0.6717	-0.4885	
7.32	-1.4153	0.8999	-0.4751	
7.33	-1.5237	1.153	-0.4188	
7.34	-1.5712	1.3504	-0.3445	
7.35	-1.548	1.3908	-0.2135	
7.36	-1.8653	1.8431	-0.0457	
7.37	-1.8513	1.9029	0.1474	
7.38	-1.7959	2.0766	0.3549	
7.39	-1.9127	2.39	0.5908	
7.4	-2.0022	2.4112	0.9088	
7.41	-2.192	2.4686	1.0687	
7.42	-2.4736	2.5802	1.4134	
7.43	-2.1893	2.6097	1.7539	
7.44	-2.3083	3.1545	1.8537	
7.45	-2.2898	3.0833	1.9382	
7.46	-2.548	2.81	1.9993	
7.47	-2.3805	3.1001	2.282	
7.48	-2.4174	2.6563	2.2154	
7.49	-2.6124	2.7073	2.312	
7.5	-2.389	2.3318	2.3535	
7.51	-2.4347	2.1016	2.153	
7.52	-2.5792	1.9154	2.2399	
7.53	-2.606	1.6921	2.1601	
7.54	-2.6761	1.6125	2.001	
7.55	-2.3098	1.381	1.8907	
7.56	-2.1573	1.3363	1.722	
7.57	-2.4404	1.1254	1.6492	
7.58	-1.9589	1.1319	1.4843	
7.59	-2.1402	0.9978	1.2622	
7.6	-1.8293	0.8509	1.1761	
7.61	-1.8427	0.7492	0.9816	
7.62	-1.7574	0.8134	0.9345	
7.63	-1.5405	0.8461	0.8825	
7.64	-1.2628	0.9886	0.9066	
7.65	-1.1701	1.0633	0.9051	
7.66	-0.9816	1.1599	1.0907	
7.67	-0.8957	1.09	1.1894	
7.68	-0.6996	1.3911	1.3381	
7.69	-0.5651	1.3758	1.3863	
7.7	-0.3344	1.6368	1.6418	
7.71	-0.1856	1.6084	1.9299	
7.72	-0.0495	1.9975	2.1236	
7.73	0.1166	1.7784	2.1688	
7.74	0.2622	1.9451	2.2261	
7.75	0.3698	1.9673	2.4655	
7.76	0.5076	2.1994	2.4857	
7.77	0.6107	2.1026	2.5104	
7.78	0.7605	2.0811	2.8948	
7.79	0.932	1.8831	2.7503	
7.8	0.8955	1.7113	2.9195	
7.81	0.9749	1.4637	2.6155	
7.82	1.0269	1.457	2.2653	
7.83	1.0885	1.2991	2.4854	
7.84	1.0861	1.0632	2.3606	
7.85	1.2753	0.7916	2.0731	
7.86	1.1069	0.5352	1.7483	
7.87	1.1795	0.2316	1.6078	
7.88	1.2674	0.0073	1.1307	
7.89	1.2793	-0.2015	1.0302	
7.9	1.2339	-0.3984	0.7962	
7.91	1.163	-0.6199	0.5993	
7.92	1.1518	-0.7838	0.367	
7.93	0.9336	-0.8123	0.2468	
7.94	0.9197	-1.0096	0.1779	
7.95	0.8097	-1.0549	0.1139	
7.96	0.7537	-0.9413	0.1033	
7.97	0.6979	-0.9472	0.1379	
7.98	0.6618	-0.8073	0.1977	
7.99	0.533	-0.8333	0.3055	
8.0	0.4626	-0.6126	0.4049	
8.01	0.373	-0.4773	0.5586	
8.02	0.2994	-0.3842	0.7231	
8.03	0.2207	-0.2166	0.9297	
8.04	0.1575	-0.0557	1.0842	
8.05	0.0892	0.0854	1.0935	
8.06	0.0341	0.2317	1.3732	
8.07	-0.0209	0.3486	1.2729	
8.08	-0.0713	0.4576	1.4941	
8.09	-0.1047	0.4993	1.4776	
8.1	-0.1299	0.5704	1.3699	
8.11	-0.1545	0.5418	1.2347	
8.12	-0.1786	0.4639	1.15	
8.13	-0.1664	0.4098	1.0904	
8.14	-0.1784	0.3015	1.0234	
8.15	-0.1569	0.228	0.75	
8.16	-0.1474	0.0774	0.5325	
8.17	-0.0945	-0.0914	0.3326	
8.18	-0.0689	-0.2518	0.0707	
8.19	-0.0196	-0.4039	-0.1549	
8.2	0.0364	-0.6781	-0.3326	
8.21	0.0943	-0.7408	-0.5945	
8.22	0.1524	-1.0047	-0.7857	
8.23	0.2391	-1.0833	-0.8852	
8.24	0.2961	-1.2949	-0.9564	
8.25	0.3666	-1.1992	-0.9557	
8.26	0.4517	-1.3264	-0.986	
8.27	0.5636	-1.3143	-0.9791	
8.28	0.601	-1.2209	-0.8479	
8.29	0.6843	-1.2907	-0.7107	
8.3	0.6801	-1.1892	-0.5749	
8.31	0.7529	-1.1178	-0.4395	
8.32	0.7891	-0.845	-0.2237	
8.33	0.9526	-0.6687	-0.0315	
8.34	0.9537	-0.5749	0.1909	
8.35	0.9155	-0.325	0.3972	
8.36	1.0987	-0.1089	0.571	
8.37	1.0939	0.1279	0.824	
8.38	1.0739	0.3031	0.9119	
8.39	1.044	0.5508	1.0173	
8.4	0.9617	0.6859	1.0117	
8.41	0.952	0.9479	1.1884	
8.42	1.0542	1.0674	1.1935	
8.43	0.9901	1.1037	1.1531	
8.44	0.9374	1.0612	1.036	
8.45	0.8571	1.1669	0.8962	
8.46	0.7822	1.2352	0.8588	
8.47	0.6426	1.1144	0.7405	
8.48	0.6309	0.9684	0.5328	
8.49	0.5594	0.8845	0.3592	
8.5	0.4086	0.7976	0.2102	
8.51	0.2988	0.7113	0.0643	
8.52	0.1902	0.5384	-0.0683	
8.53	0.0879	0.3627	-0.1702	
8.54	-0.0372	0.2005	-0.2165	
8.55	-0.1408	0.0317	-0.267	
8.56	-0.263	-0.1217	-0.235	
8.57	-0.4063	-0.2537	-0.1734	
8.58	-0.5147	-0.3651	-0.101	
8.59	-0.6012	-0.4328	0.0432	
8.6	-0.6462	-0.4611	0.2256	
8.61	-0.8639	-0.5107	0.4292	
8.62	-0.8418	-0.4352	0.5912	
8.63	-0.9579	-0.3744	0.8836	
8.64	-1.1223	-0.3087	1.08	
8.65	-1.0977	-0.2023	1.3034	
8.66	-1.1654	-0.0808	1.639	
8.67	-1.1286	0.0665	1.9583	
8.68	-1.239	0.2567	1.8771	
8.69	-1.161	0.4386	2.0658	
8.7	-1.1238	0.5779	2.4204	
8.71	-1.239	0.7186	2.4382	
8.72	-1.0769	0.8311	2.3711	
8.73	-1.1486	0.9766	2.2217	
8.74	-1.178	1.2558	2.3999	
8.75	-0.9988	1.2503	2.1179	
8.76	-0.8721	1.2657	2.0103	
8.77	-0.7749	1.1976	2.1378	
8.78	-0.7494	1.2674	1.8723	
8.79	-0.5646	1.2114	1.5604	
8.8	-0.5142	1.0914	1.5757	
8.81	-0.3371	0.9421	1.4078	
8.82	-0.2245	0.8724	1.0934	
8.83	-0.0864	0.5486	1.0722	
8.84	0.0619	0.4308	0.8706	
8.85	0.2114	0.1477	0.8243	
8.86	0.3426	-0.0781	0.7428	
8.87	0.5137	-0.2876	0.6881	
8.88	0.6287	-0.5905	0.7169	
8.89	0.7715	-0.7789	0.7228	
8.9	0.9055	-0.8909	0.8234	
8.91	1.1571	-1.2344	1.0686	
8.92	1.1481	-1.3326	1.0319	
8.93	1.4929	-1.4516	1.3608	
8.94	1.4445	-1.6521	1.3999	
8.95	1.5015	-1.5818	1.6293	
8.96	1.8985	-1.6191	1.7813	
8.97	1.9206	-1.6004	1.8844	
8.98	1.935	-1.4697	2.0306	
8.99	2.0684	-1.5509	2.0869	
9.0	2.225	-1.5111	2.3805	
9.01	2.2893	-1.2588	2.2685	
9.02	2.2508	-1.1947	2.3458	
9.03	1.9931	-1.0767	2.1617	
9.04	2.396	-0.876	2.4874	
9.05	2.1466	-0.8401	2.038	
9.06	2.1733	-0.7008	2.1151	
9.07	2.0002	-0.6239	1.9685	
9.08	1.9982	-0.5036	1.6522	
9.09	2.0647	-0.536	1.4923	
9.1	2.2296	-0.5168	1.14	
9.11	1.9034	-0.5247	0.9161	
9.12	2.131	-0.6234	0.5472	
9.13	2.049	-0.6807	0.3927	
9.14	1.6817	-0.751	0.1393	
9.15	1.8213	-0.865	-0.0391	
9.16	1.71	-1.2322	-0.1881	
9.17	1.5207	-1.2149	-0.3417	
9.18	1.5243	-1.4243	-0.4253	
9.19	1.3438	-1.695	-0.4709	
9.2	1.4264	-1.7661	-0.4617	
9.21	1.3901	-1.9759	-0.3863	
9.22	1.1508	-2.3276	-0.3032	
9.23	1.1207	-2.5168	-0.2486	
9.24	1.0599	-2.7251	-0.0987	
9.25	0.9993	-3.0595	0.0276	
9.26	1.0976	-2.8141	0.1713	
9.27	0.9459	-3.237	0.3104	
9.28	1.0627	-3.2065	0.4654	
9.29	0.953	-2.9192	0.5585	
9.3	0.9995	-3.0755	0.6665	
9.31	0.9905	-2.9983	0.7638	
9.32	0.9754	-2.5921	0.697	
9.33	1.0403	-2.5261	0.7476	
9.34	1.0512	-2.2226	0.637	
9.35	1.1143	-2.0911	0.6133	
9.36	0.9958	-1.8213	0.46	
9.37	1.2241	-1.8492	0.3219	
9.38	1.2156	-1.5172	0.1252	
9.39	1.3059	-1.3274	-0.0902	
9.4	1.2572	-1.1466	-0.2935	
9.41	1.2577	-1.0503	-0.5487	
9.42	1.3636	-0.7877	-0.8097	
9.43	1.4464	-0.8003	-1.1206	
9.44	1.6171	-0.6026	-1.3021	
9.45	1.7032	-0.6194	-1.2856	
9.46	1.6493	-0.5828	-1.5788	
9.47	1.7428	-0.6327	-1.6437	
9.48	1.9695	-0.641	-1.7622	
9.49	1.9696	-0.6838	-1.8682	
9.5	1.9824	-0.8055	-1.6976	
9.51	2.0723	-0.9849	-1.8693	
9.52	1.888	-0.9813	-1.7294	
9.53	2.044	-1.2657	-1.5326	
9.54	2.197	-1.3337	-1.3198	
9.55	1.9245	-1.4732	-1.0671	
9.56	2.1838	-1.502	-1.04	
9.57	2.0683	-1.5066	-0.7711	
9.58	1.9458	-1.5436	-0.5065	
9.59	2.0428	-1.8171	-0.338	
9.6	2.0541	-1.88	-0.1356	
9.61	1.9095	-1.7702	0.0071	
9.62	1.5792	-1.5725	0.1284	
9.63	1.5489	-1.6194	0.2501	
9.64	1.3971	-1.295	0.2792	
9.65	1.2903	-1.1638	0.3173	
9.66	1.2254	-1.0702	0.2614	
9.67	1.2128	-0.8028	0.2295	
9.68	0.9954	-0.5844	0.1164	
9.69	0.8662	-0.3122	-0.0002	
9.7	0.7224	-0.0803	-0.1587	
9.71	0.6457	0.1656	-0.3312	
9.72	0.3909	0.3693	-0.4874	
9.73	0.295	0.5838	-0.6722	
9.74	0.1218	0.7346	-0.8322	
9.75	-0.0462	0.9796	-0.9923	
9.76	-0.2127	1.1949	-1.0838	
9.77	-0.3565	1.238	-1.2319	
9.78	-0.5497	1.3446	-1.2206	
9.79	-0.702	1.437	-1.3113	
9.8	-0.7182	1.3086	-1.0609	
9.81	-0.882	1.1501	-1.0701	
9.82	-1.0205	1.2851	-1.0652	
9.83	-1.2161	1.1842	-0.8554	
9.84	-1.2288	0.8949	-0.6522	
9.85	-1.3139	0.8281	-0.458	
9.86	-1.2842	0.6154	-0.2281	
9.87	-1.4458	0.4651	0.025	
9.88	-1.4435	0.313	0.2468	
9.89	-1.6815	0.1997	0.5013	
9.9	-1.4409	0.0408	0.7514	
9.91	-1.472	-0.0722	0.866	
9.92	-1.4634	-0.1711	1.1055	
9.93	-1.4111	-0.229	1.2858	
9.94	-1.4647	-0.276	1.3437	
9.95	-1.322	-0.2639	1.3157	
9.96	-1.3718	-0.2826	1.435	
9.97	-1.3924	-0.1908	1.4705	
9.98	-1.1585	-0.1105	1.3188	
9.99	-1.2389	-0.0034	1.2058	
10.0	-1.1187	0.1373	1.051	
10.01	-0.9009	0.259	0.9147	
10.02	-0.9199	0.4982	0.7576	
10.03	-0.8119	0.6422	0.5235	
10.04	-0.5854	0.7408	0.3485	
10.05	-0.4841	0.9702	0.205	
10.06	-0.3915	1.1193	0.0231	
10.07	-0.2945	1.12	-0.1289	
10.08	-0.1998	1.4238	-0.2464	
10.09	-0.0697	1.4371	-0.3554	
10.1	0.0333	1.6044	-0.3546	
10.11	0.123	1.4912	-0.4055	
10.12	0.2439	1.5427	-0.319	
10.13	0.349	1.4893	-0.2853	
10.14	0.384	1.247	-0.1891	
10.15	0.4512	1.1356	-0.0592	
10.16	0.5619	1.0638	0.0888	
10.17	0.5396	0.7484	0.2569	
10.18	0.6295	0.6223	0.4069	
10.19	0.6847	0.428	0.6296	
10.2	0.6638	0.1658	0.8116	
10.21	0.7169	-0.0539	0.8911	
10.22	0.7574	-0.2791	1.1433	
10.23	0.6684	-0.4686	1.2876	
10.24	0.6036	-0.5957	1.2806	
10.25	0.5884	-0.7876	1.2544	
10.26	0.5615	-0.9499	1.3529	
10.27	0.5313	-1.0569	1.1285	
10.28	0.5292	-1.116	1.1376	
10.29	0.4628	-1.0798	0.8522	
10.3	0.4161	-1.123	0.787	
10.31	0.2852	-1.0462	0.5738	
10.32	0.2245	-0.9823	0.3131	
10.33	0.1795	-0.7729	0.0635	
10.34	0.0881	-0.7133	-0.1796	
10.35	0.0181	-0.5833	-0.4661	
10.36	-0.0614	-0.3835	-0.7447	
10.37	-0.1281	-0.2186	-0.9132	
10.38	-0.2197	-0.0458	-1.0942	
10.39	-0.2485	0.1253	-1.2421	
10.4	-0.3144	0.2702	-1.2997	
10.41	-0.4065	0.3741	-1.4936	
10.42	-0.4529	0.5297	-1.6786	
10.43	-0.4944	0.5721	-1.6613	
10.44	-0.5138	0.6063	-1.6847	
10.45	-0.5794	0.6669	-1.3887	
10.46	-0.56	0.6639	-1.5066	
10.47	-0.5878	0.6217	-1.222	
10.48	-0.5807	0.5627	-1.1594	
10.49	-0.5453	0.3788	-1.0019	
10.5	-0.4899	0.2808	-0.8857	
10.51	-0.5261	0.1524	-0.7842	
10.52	-0.4095	-0.0136	-0.6252	
10.53	-0.3757	-0.1819	-0.5124	
10.54	-0.3192	-0.3659	-0.469	
10.55	-0.2981	-0.4563	-0.4074	
10.56	-0.2312	-0.6678	-0.3831	
10.57	-0.1414	-0.7769	-0.3975	
10.58	-0.0699	-0.8336	-0.4886	
10.59	0.0071	-1.0076	-0.6286	
10.6	0.0838	-0.9658	-0.7918	
10.61	0.1609	-0.9389	-0.9523	
10.62	0.253	-0.8976	-1.057	
10.63	0.3475	-0.7942	-1.2451	
10.64	0.4233	-0.7533	-1.5609	
10.65	0.4588	-0.6906	-1.7405	
10.66	0.5367	-0.4175	-1.8719	
10.67	0.6436	-0.2584	-2.0225	
10.68	0.66	-0.0475	-2.5169	
10.69	0.8167	0.1814	-2.4679	
10.7	0.8428	0.3888	-2.5838	
10.71	0.807	0.6763	-2.8579	
10.72	0.9433	0.9842	-2.5694	
10.73	0.8451	1.0382	-2.6403	
10.74	0.8866	1.3832	-2.7454	
10.75	0.7823	1.5155	-2.6477	
10.76	0.8721	1.8021	-2.3528	
10.77	0.7673	1.6193	-2.3734	
10.78	0.7328	1.8469	-2.1549	
10.79	0.7032	1.916	-2.1003	
10.8	0.645	2.0225	-1.7991	
10.81	0.4974	1.9467	-1.7616	
10.82	0.4645	1.8631	-1.4237	
10.83	0.3169	1.9201	-1.1343	
10.84	0.2526	1.616	-1.0921	
10.85	0.0976	1.6644	-0.8165	
10.86	-0.0294	1.3954	-0.7463	
10.87	-0.1602	1.2316	-0.6277	
10.88	-0.3419	1.2151	-0.6839	
10.89	-0.4605	1.0353	-0.6871	
10.9	-0.6796	1.0235	-0.7268	
10.91	-0.7838	0.9206	-0.7464	
10.92	-1.0101	0.7611	-0.7758	
10.93	-1.1353	0.6849	-0.9296	
10.94	-1.1977	0.6449	-1.0794	
10.95	-1.3685	0.7532	-1.2155	
10.96	-1.479	0.7341	-1.5192	
10.97	-1.8212	0.8794	-1.6744	
10.98	-2.0006	0.8956	-1.8717	
10.99	-1.9638	1.0912	-1.8947	
11.0	-2.0783	1.1503	-1.9769	
11.01	-2.4605	1.296	-1.9539	
11.02	-2.276	1.7669	-2.135	
11.03	-2.2934	1.9751	-1.9161	
11.04	-2.5521	1.9314	-1.8578	
11.05	-2.7517	2.0422	-1.783	
11.06	-2.437	2.3162	-1.5555	
11.07	-2.5906	2.3368	-1.5209	
11.08	-2.8565	2.5457	-1.3954	
11.09	-2.7494	2.6932	-1.0064	
11.1	-2.9981	2.7094	-0.9357	
11.11	-2.5714	2.8466	-0.6535	
11.12	-2.8584	2.8109	-0.3496	
11.13	-2.9167	3.0391	-0.1336	
11.14	-2.6838	3.0046	0.0996	
11.15	-2.564	2.6807	0.295	
11.16	-2.3836	2.5858	0.453	
11.17	-2.617	2.1636	0.6009	
11.18	-2.4922	1.9946	0.7059	
11.19	-2.3945	1.8466	0.6264	
11.2	-2.3678	1.6517	0.7332	
11.21	-2.0182	1.4507	0.6891	
11.22	-2.1242	1.3214	0.5122	
11.23	-2.0233	1.1502	0.4751	
11.24	-1.7776	0.8783	0.282	
11.25	-1.8186	0.7195	0.1536	
11.26	-1.427	0.5531	-0.0326	
11.27	-1.4634	0.4303	-0.2031	
11.28	-1.2492	0.3751	-0.4014	
11.29	-1.321	0.3184	-0.5301	
11.3	-1.1171	0.2562	-0.7199	
11.31	-1.0494	0.2585	-0.7987	
11.32	-0.9184	0.3457	-0.9809	
11.33	-0.9726	0.4188	-0.9613	
11.34	-0.7913	0.5161	-0.9542	
11.35	-0.8003	0.6213	-1.0024	
11.36	-0.7534	0.69	-0.9124	
11.37	-0.6916	0.8665	-0.8819	
11.38	-0.6881	1.0217	-0.6619	
11.39	-0.6201	0.9441	-0.5674	
11.4	-0.6748	1.2144	-0.3518	
11.41	-0.6532	1.2332	-0.2144	
11.42	-0.6784	1.4058	-0.0121	
11.43	-0.615	1.2328	0.1736	
11.44	-0.641	1.2491	0.3405	
11.45	-0.7673	1.2789	0.4577	
11.46	-0.8211	1.216	0.6379	
11.47	-0.7668	1.0721	0.7015	
11.48	-0.8072	1.0176	0.725	
11.49	-0.9615	0.7465	0.7402	
11.5	-0.98	0.5873	0.7214	
11.51	-0.963	0.3936	0.6728	
11.52	-1.1202	0.1378	0.5556	
11.53	-1.1447	-0.1121	0.3726	
11.54	-1.1445	-0.3689	0.1964	
11.55	-1.2901	-0.5509	-0.034	
11.56	-1.1487	-0.7394	-0.2865	
11.57	-1.3611	-0.9993	-0.4706	
11.58	-1.1861	-1.1198	-0.7627	
11.59	-1.2832	-1.3491	-1.0292	
11.6	-1.3025	-1.5242	-1.2902	
11.61	-1.4403	-1.741	-1.5729	
11.62	-1.3381	-1.7389	-1.5305	
11.63	-1.3996	-1.53	-1.9236	
11.64	-1.2469	-1.6946	-1.7064	
11.65	-1.3525	-1.5564	-2.0268	
11.66	-1.1097	-1.3778	-1.9909	
11.67	-1.1749	-1.545	-2.0459	
11.68	-1.0471	-1.1659	-2.0124	
11.69	-1.0147	-1.0523	-1.7814	
11.7	-0.8766	-0.9684	-1.7971	
11.71	-0.7963	-0.751	-1.5784	
11.72	-0.8016	-0.5557	-1.4518	
11.73	-0.6096	-0.4818	-1.1866	
11.74	-0.5603	-0.3048	-1.0372	
11.75	-0.3912	-0.1575	-0.832	
11.76	-0.2993	-0.0572	-0.815	
11.77	-0.1666	0.0158	-0.6674	
11.78	-0.0312	0.0558	-0.5607	
11.79	0.0913	0.0681	-0.5978	
11.8	0.2534	0.058	-0.6057	
11.81	0.3331	0.0048	-0.6705	
11.82	0.5371	-0.0732	-0.6674	
11.83	0.5891	-0.1685	-0.8047	
11.84	0.6769	-0.2954	-1.0324	
11.85	0.8042	-0.4642	-1.0514	
11.86	0.9994	-0.6791	-1.4222	
11.87	1.0337	-0.8288	-1.5151	
11.88	1.0822	-1.0166	-1.7848	
11.89	1.1899	-1.1911	-1.9164	
11.9	1.3388	-1.1409	-2.3055	
11.91	1.4345	-1.3282	-2.5421	
11.92	1.3074	-1.577	-2.4088	
11.93	1.3667	-1.383	-2.5571	
11.94	1.5967	-1.6132	-2.6012	
11.95	1.5133	-1.6197	-2.7455	
11.96	1.3717	-1.515	-2.7223	
11.97	1.5455	-1.3361	-2.8743	
11.98	1.5825	-1.3776	-2.7307	
11.99	1.2754	-1.2844	-2.7048	
12.0	1.3379	-0.9882	-2.6204	
12.01	1.2547	-0.885	-2.4036	
12.02	1.1496	-0.7031	-1.9831	
12.03	1.0051	-0.4433	-1.7867	
12.04	0.9858	-0.2223	-1.6765	
12.05	0.9234	0.0003	-1.3462	
12.06	0.7654	0.2117	-1.1148	
12.07	0.6967	0.4274	-0.9989	
12.08	0.558	0.5723	-0.7713	
12.09	0.3923	0.6951	-0.6322	
12.1	0.2628	0.8051	-0.5164	
12.11	0.1422	0.9731	-0.4539	
12.12	-0.0063	0.956	-0.4406	
12.13	-0.1541	1.0519	-0.4161	
12.14	-0.2918	0.9115	-0.5171	
12.15	-0.371	0.9294	-0.5508	
12.16	-0.515	0.8839	-0.6756	
12.17	-0.7027	0.7154	-0.7883	
12.18	-0.8308	0.5437	-0.9991	
12.19	-0.9277	0.4334	-1.1451	
12.2	-0.9301	0.2643	-1.1758	
12.21	-1.0946	0.0822	-1.4357	
12.22	-1.0437	-0.0944	-1.5422	
12.23	-1.1255	-0.2902	-1.6603	
12.24	-1.1746	-0.4201	-1.5108	
12.25	-1.2279	-0.5388	-1.73	
12.26	-1.2894	-0.6972	-1.5021	
12.27	-1.4157	-0.7468	-1.697	
12.28	-1.371	-0.8301	-1.5411	
12.29	-1.4049	-0.8457	-1.4858	
12.3	-1.3122	-0.8786	-1.205	
12.31	-1.19	-0.7475	-0.9124	
12.32	-1.1686	-0.6781	-0.7895	
12.33	-1.2764	-0.6479	-0.5379	
12.34	-1.1202	-0.5238	-0.2648	
12.35	-1.1332	-0.3181	-0.0003	
12.36	-0.921	-0.1848	0.2353	
12.37	-0.9213	-0.0286	0.4453	
12.38	-0.7456	0.1208	0.7579	
12.39	-0.6879	0.2692	0.8563	
12.4	-0.6711	0.3799	1.0082	
12.41	-0.4727	0.5705	1.1112	
12.42	-0.3909	0.6545	1.1173	
12.43	-0.3342	0.6463	1.3059	
12.44	-0.2447	0.7278	1.2293	
12.45	-0.1227	0.7173	1.2578	
12.46	-0.0397	0.7422	1.1279	
12.47	0.0461	0.6525	0.8817	
12.48	0.146	0.4986	0.8188	
12.49	0.1958	0.367	0.6189	
12.5	0.2605	0.1757	0.4546	
12.51	0.3696	-0.029	0.2781	
12.52	0.4121	-0.2563	0.1224	
12.53	0.4342	-0.5046	-0.0263	
12.54	0.4666	-0.7413	-0.1627	
12.55	0.4982	-0.9522	-0.2334	
12.56	0.4903	-1.2143	-0.3172	
12.57	0.4825	-1.3779	-0.3553	
12.58	0.5718	-1.4672	-0.3262	
12.59	0.5295	-1.6352	-0.2841	
12.6	0.5364	-1.8008	-0.1929	
12.61	0.461	-1.9017	-0.0878	
12.62	0.4469	-2.0697	0.06	
12.63	0.4614	-2.0442	0.214	
12.64	0.3823	-1.987	0.4361	
12.65	0.3477	-2.0958	0.5773	
12.66	0.3022	-2.1944	0.85	
12.67	0.2135	-2.1383	0.9317	
12.68	0.1603	-1.8966	1.1982	
12.69	0.1257	-1.8061	1.3953	
12.7	0.0666	-1.725	1.3309	
12.71	0.0083	-1.5325	1.4759	
12.72	-0.0398	-1.4526	1.4334	
12.73	-0.0843	-1.2295	1.3787	
12.74	-0.1344	-1.1809	1.5589	
12.75	-0.1734	-1.004	1.2909	
12.76	-0.2112	-0.9364	1.3151	
12.77	-0.2272	-0.8873	0.9904	
12.78	-0.2442	-0.7611	0.9047	
12.79	-0.2193	-0.8445	0.6158	
12.8	-0.2235	-0.9024	0.4071	
12.81	-0.2014	-0.8757	0.1528	
12.82	-0.2035	-1.0682	-0.0854	
12.83	-0.162	-1.0941	-0.3153	
12.84	-0.111	-1.2194	-0.4883	
12.85	-0.0505	-1.4557	-0.7654	
12.86	0.0199	-1.6057	-0.9045	
12.87	0.1029	-1.7103	-0.9115	
12.88	0.2075	-1.9475	-1.1184	
12.89	0.3038	-2.2126	-1.1699	
12.9	0.4009	-2.4166	-0.9969	
12.91	0.5185	-2.3784	-1.0353	
12.92	0.6273	-2.5387	-1.0234	
12.93	0.7002	-2.4168	-0.8076	
12.94	0.9877	-2.651	-0.7486	
12.95	0.96	-2.9196	-0.5176	
12.96	1.1794	-2.8393	-0.4016	
12.97	1.3775	-2.5068	-0.2022	
12.98	1.5526	-2.8227	-0.0613	
12.99	1.6702	-2.5032	0.0889	
13.0	1.7856	-2.4316	0.2058	
13.01	1.8081	-1.8957	0.2736	
13.02	2.2011	-2.0704	0.3899	
13.03	2.3002	-1.5998	0.3916	
13.04	2.4499	-1.4143	0.3616	
13.05	2.3038	-1.1193	0.3359	
13.06	2.4354	-0.9215	0.2286	
13.07	2.5758	-0.6749	0.0882	
13.08	2.9418	-0.5105	-0.0709	
13.09	2.617	-0.3539	-0.2384	
13.1	2.6449	-0.1814	-0.4464	
13.11	2.7413	-0.0459	-0.6255	
13.12	2.89	0.0511	-0.9279	
13.13	3.229	0.119	-1.1851	
13.14	2.8698	0.1505	-1.2329	
13.15	3.1538	0.1394	-1.4637	
13.16	3.1369	0.0996	-1.5391	
13.17	3.2224	0.0453	-1.8428	
13.18	2.688	-0.0338	-1.9122	
13.19	2.878	-0.132	-1.5947	
13.2	2.9752	-0.2369	-1.7966	
13.21	2.5095	-0.3602	-1.7526	
13.22	2.8242	-0.4778	-1.6262	
13.23	2.3814	-0.6203	-1.3088	
13.24	2.3749	-0.637	-1.2371	
13.25	2.2262	-0.7434	-1.056	
13.26	1.9676	-0.7682	-0.8065	
13.27	2.0662	-0.9314	-0.6003	
13.28	1.9945	-0.866	-0.3803	
13.29	1.8828	-0.8354	-0.1275	
13.3	1.5006	-0.6612	0.0895	
13.31	1.5479	-0.5791	0.3022	
13.32	1.3246	-0.5197	0.482	
13.33	1.1801	-0.3183	0.6081	
13.34	1.1012	-0.1282	0.6197	
13.35	0.8608	0.0923	0.6497	
13.36	0.7429	0.3447	0.6513	
13.37	0.6593	0.5175	0.7105	
13.38	0.563	0.7653	0.5677	
13.39	0.4386	1.0199	0.5629	
13.4	0.3467	1.173	0.434	
13.41	0.2779	1.368	0.3082	
13.42	0.2009	1.607	0.1408	
13.43	0.1223	1.6228	-0.0048	
13.44	0.0816	1.8115	-0.1358	
13.45	0.0359	2.1232	-0.2588	
13.46	0.005	2.1167	-0.3839	
13.47	-0.015	2.1554	-0.4828	
13.48	-0.0234	1.9944	-0.4681	
13.49	-0.0239	2.0821	-0.5344	
13.5	-0.0178	1.7254	-0.4596	
13.51	0.0019	1.733	-0.3638	
13.52	0.0258	1.4631	-0.2694	
13.53	0.0627	1.4811	-0.1123	
13.54	0.0942	1.1349	0.086	
13.55	0.1375	1.1051	0.3034	
13.56	0.1976	0.8982	0.5925	
13.57	0.2581	0.6246	0.7254	
13.58	0.3289	0.5378	1.1236	
13.59	0.394	0.3464	1.2236	
13.6	0.3905	0.2528	1.4151	
13.61	0.5037	0.1578	1.6437	
13.62	0.4958	0.1265	2.1586	
13.63	0.5661	0.0928	2.2385	
13.64	0.629	0.1012	2.2348	
13.65	0.6167	0.1607	2.3992	
13.66	0.7356	0.2402	2.1496	
13.67	0.7069	0.3184	2.5116	
13.68	0.832	0.487	2.5552	
13.69	0.7916	0.5729	2.4336	
13.7	0.7377	0.7051	1.9695	
13.71	0.7246	0.8784	1.853	
13.72	0.8218	1.1162	1.9292	
13.73	0.7171	1.2818	1.534	
13.74	0.7215	1.365	1.631	
13.75	0.7597	1.3543	1.2759	
13.76	0.659	1.4324	1.1631	
13.77	0.6133	1.4877	1.0647	
13.78	0.5111	1.6513	0.8489	
13.79	0.4359	1.5151	0.7984	
13.8	0.3972	1.6143	0.8269	
13.81	0.3058	1.5813	0.7705	
13.82	0.2305	1.3285	0.8199	
13.83	0.1325	1.1357	0.7789	
13.84	0.0324	1.153	0.9845	
13.85	-0.0737	0.8896	1.1283	
13.86	-0.1552	0.7447	1.2496	
13.87	-0.2687	0.4798	1.5289	
13.88	-0.3381	0.2348	1.4269	
13.89	-0.4176	0.0188	1.8947	
13.9	-0.5742	-0.1915	1.9323	
13.91	-0.5868	-0.3487	1.9182	
13.92	-0.6734	-0.5056	2.071	
13.93	-0.7854	-0.7475	2.2753	
13.94	-0.9019	-0.8142	2.2742	
13.95	-1.008	-0.8862	2.4387	
13.96	-0.9669	-0.9402	2.3234	
13.97	-0.9726	-0.8972	2.6309	
13.98	-1.0791	-0.9075	2.2346	
13.99	-1.1339	-0.8023	2.3521	
14.0	-1.1321	-0.7599	1.9304	
14.01	-1.1405	-0.6028	2.0897	
14.02	-0.9742	-0.5394	1.8015	
14.03	-0.952	-0.3351	1.3758	
14.04	-0.9835	-0.1499	1.2229	
14.05	-0.9884	0.0301	0.8876	
14.06	-0.891	0.2072	0.7036	
14.07	-0.8145	0.3812	0.5658	
14.08	-0.6432	0.5351	0.3385	
14.09	-0.6138	0.7263	0.1554	
14.1	-0.5044	0.7514	0.0091	
14.11	-0.356	0.8275	-0.085	
14.12	-0.2602	0.9969	-0.1414	
14.13	-0.1106	0.9499	-0.1597	
14.14	0.0091	0.9113	-0.1528	
14.15	0.1544	0.988	-0.0771	
14.16	0.2932	0.7847	0.0144	
14.17	0.4488	0.7069	0.1339	
14.18	0.5215	0.6834	0.2726	
14.19	0.7058	0.5525	0.4573	
14.2	0.8308	0.3776	0.5671	
14.21	1.0414	0.2095	0.7723	
14.22	1.123	0.0489	0.8887	
14.23	1.2375	-0.1032	0.9496	
14.24	1.4165	-0.2336	1.0536	
14.25	1.5257	-0.3234	1.2477	
14.26	1.4925	-0.426	1.2176	
14.27	1.6753	-0.502	1.251	
14.28	1.5672	-0.4777	1.1194	
14.29	1.55	-0.5493	1.0111	
14.3	1.7602	-0.4788	0.9712	
14.31	1.734	-0.3496	0.7596	
14.32	1.7688	-0.2441	0.6858	
14.33	1.8547	-0.1223	0.4145	
14.34	1.7169	0.0545	0.2227	
14.35	1.9052	0.2512	0.0158	
14.36	1.7912	0.4481	-0.196	
14.37	1.8124	0.7246	-0.438	
14.38	1.7285	0.9868	-0.6226	
14.39	1.5484	1.1467	-0.6899	
14.4	1.4395	1.4881	-0.7828	
14.41	1.3536	1.747	-0.9659	
14.42	1.2175	1.8111	-1.0758	
14.43	1.048	2.0581	-1.0749	
14.44	0.9542	2.302	-0.9669	
14.45	0.8732	2.4154	-0.852	
14.46	0.8156	2.1015	-0.736	
14.47	0.6887	2.0974	-0.608	
14.48	0.4674	2.47	-0.4204	
14.49	0.4115	2.3081	-0.201	
14.5	0.2438	2.3893	0.0231	
14.51	0.1116	2.1514	0.2601	
14.52	-0.0139	1.893	0.4812	
14.53	-0.1526	1.877	0.6307	
14.54	-0.2502	1.5415	0.9323	
14.55	-0.3374	1.5392	1.1316	
14.56	-0.4368	1.4374	1.2424	
14.57	-0.5293	1.1472	1.1765	
14.58	-0.6226	1.1957	1.4177	
14.59	-0.7121	0.9504	1.2266	
14.6	-0.7639	0.8175	1.2895	
14.61	-0.912	0.7236	1.1907	
14.62	-0.8663	0.8258	1.0908	
14.63	-1.0525	0.8063	1.0418	
14.64	-1.0687	0.8052	0.9673	
14.65	-1.0397	0.8302	0.842	
14.66	-1.0982	0.9771	0.6533	
14.67	-1.0499	1.0625	0.4353	
14.68	-1.0501	1.2222	0.3547	
14.69	-1.0412	1.3442	0.2042	
14.7	-1.0351	1.4569	0.1088	
14.71	-1.0461	1.7231	0.0563	
14.72	-0.9332	1.7511	0.0222	
14.73	-0.9896	1.9805	0.0316	
14.74	-0.9428	2.0429	0.0836	
14.75	-0.7871	2.0699	0.1902	
14.76	-0.8152	2.32	0.2836	
14.77	-0.7631	2.2842	0.4848	
14.78	-0.6859	2.6295	0.6889	
14.79	-0.622	2.4048	0.9533	
14.8	-0.6587	2.3087	1.1425	
14.81	-0.6083	2.1683	1.2945	
14.82	-0.4914	2.0578	1.5128	
14.83	-0.5354	2.1389	1.9855	
14.84	-0.4894	1.9862	2.1989	
14.85	-0.5194	1.7079	2.1712	
14.86	-0.4723	1.5931	2.2216	
14.87	-0.4544	1.2213	2.6326	
14.88	-0.4956	1.0555	2.8095	
14.89	-0.4947	0.7749	2.6012	
14.9	-0.5566	0.5275	2.9833	
14.91	-0.6113	0.2785	2.4934	
14.92	-0.5423	0.0744	2.4685	
14.93	-0.6981	-0.1259	2.4281	
14.94	-0.7404	-0.3103	2.3455	
14.95	-0.7839	-0.4423	2.1405	
14.96	-0.8221	-0.4858	2.0859	
14.97	-1.0056	-0.6106	1.7632	
14.98	-1.1239	-0.597	1.6076	
14.99	-1.0917	-0.5929	1.5249	
15.0	-1.2714	-0.638	1.3656	
15.01	-1.3896	-0.5362	1.0984	
15.02	-1.4705	-0.4612	1.0595	
15.03	-1.5694	-0.3396	1.0112	
15.04	-1.8156	-0.2419	0.9729	
15.05	-1.8501	-0.1066	0.9069	
15.06	-1.9415	0.0073	0.9747	
15.07	-1.8956	0.1232	1.0309	
15.08	-2.3619	0.2107	1.0707	
15.09	-2.1223	0.3049	1.2549	
15.1	-2.5527	0.3819	1.3928	
15.11	-2.581	0.3396	1.4644	
15.12	-2.7057	0.3519	1.7688	
15.13	-2.7169	0.3504	1.9479	
15.14	-2.5957	0.2849	2.1872	
15.15	-2.4796	0.1588	2.1273	
15.16	-2.5254	0.0279	2.3009	
15.17	-2.6956	-0.1327	2.6407	
15.18	-2.5379	-0.3499	2.6403	
15.19	-2.7881	-0.5176	2.3019	
15.2	-2.8856	-0.7265	2.43	
15.21	-2.6386	-1.0188	2.3877	
15.22	-2.5944	-1.144	2.3817	
15.23	-2.6321	-1.3982	2.2858	
15.24	-2.8209	-1.5663	1.7353	
15.25	-2.5567	-1.8437	1.7325	
15.26	-2.4298	-1.8454	1.5786	
15.27	-2.2188	-2.0278	1.1063	
15.28	-2.3612	-2.1848	0.9899	
15.29	-1.9532	-2.3474	0.7431	
15.3	-2.0368	-2.5262	0.4363	
15.31	-1.8907	-2.3669	0.2222	
15.32	-1.8031	-2.2912	0.0215	
15.33	-1.4477	-2.3394	-0.139	
15.34	-1.4001	-2.2139	-0.2527	
15.35	-1.1828	-1.863	-0.3427	
15.36	-1.0876	-1.6698	-0.3638	
15.37	-0.9686	-1.4429	-0.4222	
15.38	-0.6959	-1.413	-0.3657	
15.39	-0.6315	-1.2795	-0.3015	
15.4	-0.4994	-1.0684	-0.1975	
15.41	-0.2824	-0.7999	-0.0825	
15.42	-0.1779	-0.6979	0.0608	
15.43	-0.0451	-0.5507	0.2292	
15.44	0.0777	-0.3935	0.3761	
15.45	0.1836	-0.2771	0.5433	
15.46	0.2702	-0.2469	0.6379	
15.47	0.3971	-0.2143	0.7666	
15.48	0.4526	-0.2188	0.7735	
15.49	0.561	-0.2485	0.7851	
15.5	0.5761	-0.3343	0.9065	
15.51	0.629	-0.3764	0.853	
15.52	0.6918	-0.5193	0.8022	
15.53	0.6977	-0.6988	0.6815	
15.54	0.7268	-0.7572	0.5196	
15.55	0.6822	-0.9539	0.3061	
15.56	0.6529	-1.0012	0.1162	
15.57	0.5977	-1.2957	-0.1064	
15.58	0.5909	-1.3221	-0.316	
15.59	0.5244	-1.462	-0.5997	
15.6	0.4538	-1.4052	-0.7222	
15.61	0.4386	-1.664	-1.0509	
15.62	0.3802	-1.5286	-1.2117	
15.63	0.2595	-1.6899	-1.3697	
15.64	0.1834	-1.4912	-1.5129	
15.65	0.1013	-1.3792	-1.4042	
15.66	0.0216	-1.3238	-1.5004	
15.67	-0.0585	-1.3249	-1.4078	
15.68	-0.1474	-1.0048	-1.3848	
15.69	-0.2117	-0.9393	-1.4045	
15.7	-0.3434	-0.682	-1.1726	
15.71	-0.418	-0.4077	-1.0732	
15.72	-0.4897	-0.231	-0.7995	
15.73	-0.5796	0.0068	-0.6121	
15.74	-0.5514	0.2043	-0.4303	
15.75	-0.5894	0.4119	-0.2044	
15.76	-0.6876	0.585	0.0108	
15.77	-0.7125	0.7352	0.2076	
15.78	-0.694	0.7951	0.3813	
15.79	-0.7588	0.9275	0.4843	
15.8	-0.7442	1.0254	0.5974	
15.81	-0.8687	0.9558	0.6355	
15.82	-0.7739	0.871	0.7767	
15.83	-0.8202	0.8511	0.6769	
15.84	-0.7734	0.6549	0.6742	
15.85	-0.669	0.5948	0.5655	
15.86	-0.7159	0.419	0.4989	
15.87	-0.5899	0.2833	0.322	
15.88	-0.5884	0.0828	0.1999	
15.89	-0.4877	-0.0989	0.0192	
15.9	-0.4583	-0.3155	-0.1481	
15.91	-0.3572	-0.5114	-0.2994	
15.92	-0.2737	-0.5758	-0.4635	
15.93	-0.2311	-0.8429	-0.5593	
15.94	-0.153	-0.8355	-0.5932	
15.95	-0.0722	-0.9942	-0.6292	
15.96	-0.0002	-1.0448	-0.7371	
15.97	0.0651	-0.9884	-0.7242	
15.98	0.1468	-0.9878	-0.5907	
15.99	0.189	-1.0551	-0.476	
16.0	0.2354	-0.994	-0.4022	
16.01	0.3302	-0.9549	-0.1971	
16.02	0.3594	-0.8328	-0.0004	
16.03	0.4095	-0.6165	0.2409	
16.04	0.4009	-0.4824	0.4777	
16.05	0.41	-0.3099	0.6371	
16.06	0.439	-0.1899	0.8556	
16.07	0.3967	-0.0337	1.0521	
16.08	0.4519	0.0901	1.4102	
16.09	0.4205	0.1872	1.4552	
16.1	0.3661	0.3043	1.6005	
16.11	0.304	0.3675	1.8623	
16.12	0.2526	0.3855	1.6896	
16.13	0.1888	0.3686	1.7548	
16.14	0.1093	0.3272	1.8079	
16.15	0.0312	0.2139	1.6823	
16.16	-0.0559	0.116	1.7774	
16.17	-0.1697	-0.0288	1.5879	
16.18	-0.2546	-0.2027	1.46	
16.19	-0.3582	-0.3975	1.0946	
16.2	-0.495	-0.5835	0.9193	
16.21	-0.6226	-0.8194	0.6806	
16.22	-0.7705	-1.1358	0.505	
16.23	-0.7817	-1.3181	0.4131	
16.24	-0.8951	-1.6524	0.2115	
16.25	-1.1475	-1.8124	0.0758	
16.26	-1.0992	-1.7632	-0.0148	
16.27	-1.1749	-2.1399	-0.0872	
16.28	-1.3466	-2.0688	-0.1096	
16.29	-1.3417	-2.4813	-0.088	
16.3	-1.4301	-2.5078	-0.0402	
16.31	-1.5181	-2.5187	0.0398	
16.32	-1.6734	-2.493	0.1483	
16.33	-1.6061	-2.3375	0.2935	
16.34	-1.8412	-2.3353	0.4873	
16.35	-1.6866	-1.9803	0.6714	
16.36	-1.707	-2.0278	0.8267	
16.37	-1.9583	-1.9411	0.9022	
16.38	-1.8886	-1.6292	1.1677	
16.39	-1.9291	-1.5941	1.3057	
16.4	-1.6561	-1.3962	1.1988	
16.41	-1.7116	-1.0473	1.3944	
16.42	-1.7596	-0.9292	1.5405	
16.43	-1.4918	-0.801	1.5185	
16.44	-1.5664	-0.6733	1.3175	
16.45	-1.564	-0.6706	1.3257	
16.46	-1.3551	-0.6024	1.1163	
16.47	-1.2663	-0.5456	0.822	
16.48	-1.1736	-0.5953	0.7042	
16.49	-0.9291	-0.5791	0.4851	
16.5	-0.8811	-0.7074	0.1972	
16.51	-0.6441	-0.8747	-0.0684	
16.52	-0.4816	-0.8425	-0.3161	
16.53	-0.3419	-1.0866	-0.6314	
16.54	-0.199	-1.2646	-0.8462	
16.55	-0.0227	-1.4149	-1.1294	
