0.01	0.171	0.1571	0.717	
0.02	0.3582	0.3384	1.1721	
0.03	0.5059	0.48	0.8381	
0.04	0.6792	0.6375	0.2264	
0.05	0.7838	0.7488	-0.3838	
0.06	0.878	1.0196	-0.5466	
0.07	0.9825	1.0849	-0.0983	
0.08	1.2694	1.2946	0.7782	
0.09	1.3183	1.2491	1.5869	
0.1	1.5189	1.4474	1.8124	
0.11	1.3533	1.4704	1.1798	
0.12	1.4301	1.6991	0.6274	
0.13	1.6195	1.7264	0.0053	
0.14	1.7272	1.832	-0.0554	
0.15	1.7113	1.6071	0.5194	
0.16	1.6752	1.6142	1.2457	
0.17	1.7713	1.8147	2.0449	
0.18	1.5604	1.6625	2.0427	
0.19	1.5779	1.7605	1.5416	
0.2	1.4798	1.5638	0.6861	
0.21	1.5347	1.5291	0.2083	
0.22	1.3293	1.3826	0.2223	
0.23	1.2694	1.5389	0.8098	
0.24	1.213	1.4761	1.6376	
0.25	1.1702	1.1872	2.1041	
0.26	1.1996	1.2591	1.9833	
0.27	1.0007	1.0231	1.5356	
0.28	0.9061	0.9893	0.6757	
0.29	0.855	0.9106	0.1699	
0.3	0.7045	0.8878	0.2742	
0.31	0.7404	0.8179	0.9344	
0.32	0.6609	0.7065	1.5459	
0.33	0.5605	0.6373	2.1382	
0.34	0.5777	0.6249	1.7982	
0.35	0.4968	0.5387	1.0415	
0.36	0.5245	0.4875	0.3106	
0.37	0.5191	0.4608	-0.1168	
0.38	0.5671	0.4694	0.0852	
0.39	0.6123	0.5577	0.6791	
0.4	0.5661	0.5032	1.3674	
0.41	0.7121	0.5789	1.5748	
0.42	0.7969	0.6137	1.462	
0.43	0.8068	0.7069	0.5796	
0.44	0.9927	0.7541	-0.2048	
0.45	1.0387	0.7836	-0.5057	
0.46	1.0552	0.9277	-0.2631	
0.47	1.316	1.0326	0.4441	
0.48	1.2754	1.1792	1.0106	
0.49	1.4048	1.2293	1.2632	
0.5	1.5189	1.2735	0.6759	
0.51	1.6376	1.3325	-0.0721	
0.52	2.0741	1.6012	-0.7934	
0.53	2.2162	1.587	-0.9045	
0.54	2.226	1.7393	-0.6603	
0.55	2.1306	1.7885	0.1142	
0.56	2.6582	1.9613	0.6507	
0.57	2.3786	2.097	0.7646	
0.58	2.7278	2.0768	0.1834	
0.59	2.8956	2.2511	-0.6732	
0.6	2.7343	2.3591	-1.3107	
0.61	2.5985	2.191	-1.3103	
0.62	2.6043	2.2012	-0.7931	
0.63	3.0327	2.4188	-0.0436	
0.64	2.7427	2.2132	0.4788	
0.65	3.0421	2.3817	0.4363	
0.66	2.728	2.6171	-0.1584	
0.67	2.822	2.5784	-0.8639	
0.68	2.9908	2.197	-1.3844	
0.69	2.8666	2.2585	-1.3901	
0.7	2.7532	2.3959	-0.8171	
0.71	2.6689	2.0274	0.0257	
0.72	2.4973	2.0152	0.4894	
0.73	2.1303	1.901	0.337	
0.74	2.2257	1.8623	-0.2429	
0.75	1.955	1.553	-1.1006	
0.76	1.7966	1.4383	-1.4162	
0.77	1.7485	1.2877	-1.0952	
0.78	1.4587	1.2893	-0.4661	
0.79	1.3337	1.1423	0.3387	
0.8	1.3965	0.9595	0.72	
0.81	1.0998	0.7021	0.5467	
0.82	1.1568	0.5602	-0.0955	
0.83	1.021	0.5032	-0.7817	
0.84	0.8377	0.3721	-1.0439	
0.85	0.6966	0.1949	-0.697	
0.86	0.7038	0.1	0.1482	
0.87	0.655	-0.0003	0.9323	
0.88	0.5479	-0.0864	1.1964	
0.89	0.4839	-0.1614	0.8514	
0.9	0.4926	-0.2329	0.2389	
0.91	0.4322	-0.2746	-0.3311	
0.92	0.4627	-0.3163	-0.4504	
0.93	0.4595	-0.3488	0.0191	
0.94	0.4785	-0.3587	0.8277	
0.95	0.6055	-0.3561	1.4902	
0.96	0.6472	-0.3441	1.6971	
0.97	0.6748	-0.2986	1.5325	
0.98	0.7692	-0.2258	0.7271	
0.99	0.8813	-0.1784	0.152	
1.0	0.9499	-0.1127	0.1246	
1.01	1.0542	-0.0416	0.6962	
1.02	1.0102	0.047	1.616	
1.03	1.1154	0.1256	2.2383	
1.04	1.2594	0.2045	2.4895	
1.05	1.3685	0.3385	1.9335	
1.06	1.3532	0.4235	1.0053	
1.07	1.5564	0.4771	0.514	
1.08	1.6233	0.5864	0.6437	
1.09	1.595	0.7229	1.2114	
1.1	1.6824	0.6899	1.9622	
1.11	1.5451	0.7714	2.5731	
1.12	1.7982	0.9361	2.3087	
1.13	1.7185	1.0063	1.8431	
1.14	1.6507	0.8995	1.1512	
1.15	1.741	1.1132	0.7038	
1.16	1.7196	1.1111	0.9829	
1.17	1.4702	1.0826	1.5641	
1.18	1.4988	1.1191	2.5344	
1.19	1.4108	0.9683	2.913	
1.2	1.197	1.0736	2.5978	
1.21	1.1319	1.0104	1.9081	
1.22	0.9503	0.8378	1.0787	
1.23	0.8135	0.7502	0.7732	
1.24	0.7189	0.8137	0.9035	
1.25	0.62	0.6728	1.7306	
1.26	0.4186	0.5848	2.2962	
1.27	0.2819	0.4297	2.4455	
1.28	0.0898	0.3213	2.1983	
1.29	-0.0582	0.237	1.5008	
1.3	-0.2073	0.1022	0.6955	
1.31	-0.3499	-0.0041	0.4026	
1.32	-0.4999	-0.1238	0.7836	
1.33	-0.6109	-0.2333	1.5667	
1.34	-0.7681	-0.3248	1.9589	
1.35	-0.9656	-0.4864	2.0662	
1.36	-1.0154	-0.5047	1.6489	
1.37	-1.0409	-0.5855	0.8735	
1.38	-1.2571	-0.6416	0.1688	
1.39	-1.2761	-0.7233	-0.0077	
1.4	-1.2643	-0.9042	0.4249	
1.41	-1.4272	-0.8228	1.0822	
1.42	-1.2888	-0.9156	1.5536	
1.43	-1.4949	-0.8683	1.6809	
1.44	-1.415	-0.8073	0.9793	
1.45	-1.4121	-0.9436	0.2385	
1.46	-1.3679	-0.8885	-0.3906	
1.47	-1.3174	-0.7353	-0.4747	
1.48	-1.279	-0.6592	0.055	
1.49	-1.0529	-0.6851	0.7929	
1.5	-1.0693	-0.576	1.362	
1.51	-0.8859	-0.4463	1.2196	
1.52	-0.8716	-0.3232	0.4548	
1.53	-0.6901	-0.22	-0.3173	
1.54	-0.6815	-0.0732	-0.8384	
1.55	-0.5059	0.0739	-0.7141	
1.56	-0.4351	0.2249	-0.1663	
1.57	-0.3251	0.3592	0.6239	
1.58	-0.2879	0.4966	1.0261	
1.59	-0.1673	0.6888	0.7252	
1.6	-0.1063	0.8469	0.109	
1.61	-0.0529	0.9624	-0.7233	
1.62	-0.0057	1.0809	-1.1082	
1.63	0.0303	1.1145	-0.7528	
1.64	0.0597	1.2168	-0.1148	
1.65	0.0594	1.2891	0.6733	
1.66	0.061	1.3673	0.8841	
1.67	0.0429	1.715	0.7394	
1.68	0.008	1.6668	-0.0239	
1.69	-0.0348	1.5647	-0.7748	
1.7	-0.0951	1.5974	-0.9561	
1.71	-0.1775	1.7959	-0.6147	
1.72	-0.2682	1.9006	0.1995	
1.73	-0.3781	1.6635	1.0062	
1.74	-0.4451	1.9275	1.2148	
1.75	-0.586	1.8613	0.8515	
1.76	-0.6171	1.6391	0.1268	
1.77	-0.8282	1.6721	-0.5057	
1.78	-0.9115	1.6278	-0.6198	
1.79	-1.0213	1.5706	-0.1061	
1.8	-1.1307	1.4407	0.7003	
1.81	-1.2823	1.3801	1.4693	
1.82	-1.5339	1.3166	1.4858	
1.83	-1.4048	1.1175	1.1981	
1.84	-1.5729	1.1078	0.4155	
1.85	-1.8874	1.0072	-0.0662	
1.86	-1.9982	0.8086	-0.0469	
1.87	-1.8895	0.7861	0.546	
1.88	-1.782	0.6708	1.3679	
1.89	-1.9128	0.5268	1.9609	
1.9	-2.1716	0.4644	1.9497	
1.91	-2.1817	0.429	1.4579	
1.92	-1.8458	0.3691	0.7858	
1.93	-2.1076	0.3136	0.4171	
1.94	-1.87	0.3167	0.5097	
1.95	-2.0476	0.2806	1.284	
1.96	-1.9199	0.258	2.0965	
1.97	-1.912	0.2427	2.811	
1.98	-1.5976	0.2842	2.6608	
1.99	-1.5968	0.301	1.8061	
2.0	-1.3459	0.3543	1.1002	
2.01	-1.4657	0.4364	0.8797	
2.02	-1.3457	0.4652	1.1154	
2.03	-1.0621	0.5668	1.7134	
2.04	-1.0699	0.6765	2.5959	
2.05	-0.7639	0.8002	2.9316	
2.06	-0.651	0.8528	2.7028	
2.07	-0.5379	0.933	1.8461	
2.08	-0.4841	1.0809	1.2254	
2.09	-0.3154	1.1908	0.9482	
2.1	-0.226	1.1729	1.1937	
2.11	-0.1105	1.3937	2.2044	
2.12	-0.004	1.5948	2.6113	
2.13	0.0814	1.6402	2.8137	
2.14	0.1623	1.6711	2.5613	
2.15	0.2145	1.8372	1.9112	
2.16	0.2569	1.8745	1.1687	
2.17	0.3074	1.944	0.9891	
2.18	0.3039	2.0457	1.3708	
2.19	0.3145	2.106	1.844	
2.2	0.2654	1.9663	2.3863	
2.21	0.2698	1.9926	2.9414	
2.22	0.2199	2.0102	2.465	
2.23	0.1696	1.9942	1.4747	
2.24	0.0945	1.7574	0.7588	
2.25	0.0213	2.0263	0.6139	
2.26	-0.0708	1.6183	0.9996	
2.27	-0.1673	1.735	1.703	
2.28	-0.2761	1.6556	2.2197	
2.29	-0.3615	1.4152	2.2455	
2.3	-0.4563	1.4135	1.7388	
2.31	-0.6114	1.1717	0.7299	
2.32	-0.642	1.1709	0.2045	
2.33	-0.7466	1.0265	0.154	
2.34	-0.7899	0.881	0.6433	
2.35	-0.9497	0.6063	1.3031	
2.36	-1.0096	0.4532	1.7371	
2.37	-1.1157	0.3192	1.6489	
2.38	-1.0841	0.1438	0.9219	
2.39	-1.1811	-0.0055	0.1325	
2.4	-1.2238	-0.1465	-0.3935	
2.41	-1.2221	-0.2816	-0.2804	
2.42	-1.2366	-0.4876	0.3251	
2.43	-1.3184	-0.6098	0.9908	
2.44	-1.3071	-0.6736	1.235	
2.45	-1.2585	-0.8679	1.0744	
2.46	-1.2247	-0.8816	0.3465	
2.47	-1.0004	-0.9416	-0.4563	
2.48	-0.9869	-0.9901	-0.7721	
2.49	-0.9191	-1.1624	-0.6242	
2.5	-0.7545	-1.2044	0.0658	
2.51	-0.62	-1.3166	0.8042	
2.52	-0.5211	-1.1162	1.111	
2.53	-0.4145	-1.2111	0.7145	
2.54	-0.2827	-1.316	-0.073	
2.55	-0.1449	-1.1588	-0.7836	
2.56	-0.0224	-1.1173	-1.0362	
2.57	0.1144	-1.1298	-0.6251	
2.58	0.2266	-1.1055	0.0635	
2.59	0.3715	-1.0218	0.7083	
2.6	0.5161	-0.9304	0.86	
2.61	0.5872	-0.9465	0.4917	
2.62	0.701	-0.8678	-0.2499	
2.63	0.8223	-0.787	-0.8958	
2.64	0.9498	-0.7104	-0.9804	
2.65	0.9923	-0.5846	-0.4226	
2.66	0.9853	-0.4943	0.3365	
2.67	0.9559	-0.487	1.0806	
2.68	0.9503	-0.3913	1.0443	
2.69	1.0611	-0.357	0.564	
2.7	0.9598	-0.3105	-0.1059	
2.71	1.0365	-0.3136	-0.5732	
2.72	0.8744	-0.2787	-0.5855	
2.73	0.886	-0.3025	0.0117	
2.74	0.7867	-0.3284	0.9156	
2.75	0.7689	-0.3062	1.4972	
2.76	0.6548	-0.3624	1.5606	
2.77	0.5736	-0.4491	0.9933	
2.78	0.4711	-0.4898	0.1971	
2.79	0.3476	-0.5655	-0.2276	
2.8	0.2101	-0.6977	-0.0556	
2.81	0.0866	-0.777	0.5906	
2.82	-0.0306	-0.9365	1.3706	
2.83	-0.1482	-0.9108	2.0702	
2.84	-0.266	-1.0033	1.9589	
2.85	-0.4169	-1.2443	1.2468	
2.86	-0.5135	-1.3085	0.539	
2.87	-0.589	-1.654	0.2324	
2.88	-0.6265	-1.7256	0.4926	
2.89	-0.8291	-1.816	1.3663	
2.9	-0.7639	-1.9943	1.9032	
2.91	-0.8719	-2.1637	2.498	
2.92	-0.8835	-2.1646	2.2688	
2.93	-1.073	-2.1456	1.4071	
2.94	-0.9381	-2.5	0.9033	
2.95	-1.0926	-2.7221	0.6368	
2.96	-0.9314	-2.8293	0.9165	
2.97	-0.9487	-2.8417	1.6058	
2.98	-0.9684	-2.6294	2.2968	
2.99	-0.8346	-2.6688	2.7604	
3.0	-0.7734	-2.9066	2.4564	
3.01	-0.7649	-2.9578	1.7646	
3.02	-0.6161	-3.0041	0.8806	
3.03	-0.4778	-2.5759	0.7497	
3.04	-0.4191	-2.7901	1.2646	
3.05	-0.2834	-2.6265	2.0038	
3.06	-0.1841	-2.8799	2.8072	
3.07	-0.0901	-2.7679	2.9571	
3.08	0.0243	-2.5399	2.1025	
3.09	0.1251	-2.408	1.293	
3.1	0.2207	-2.1458	0.7202	
3.11	0.3545	-2.0519	0.7495	
3.12	0.4109	-1.9263	1.2604	
3.13	0.4884	-1.9741	1.9125	
3.14	0.5471	-1.7907	2.6536	
3.15	0.593	-1.5004	2.5269	
3.16	0.7246	-1.417	1.7441	
3.17	0.7233	-1.477	0.8577	
3.18	0.684	-1.307	0.3659	
3.19	0.7489	-1.122	0.3497	
3.2	0.746	-1.0793	0.9684	
3.21	0.7182	-0.7859	1.4987	
3.22	0.6056	-0.7614	2.011	
3.23	0.6106	-0.5999	1.762	
3.24	0.5789	-0.5924	1.2358	
3.25	0.4884	-0.4917	0.2995	
3.26	0.4088	-0.4454	-0.2094	
3.27	0.2752	-0.3882	-0.0896	
3.28	0.1689	-0.3726	0.5368	
3.29	0.0384	-0.3466	1.1088	
3.3	-0.0872	-0.2872	1.4613	
3.31	-0.2257	-0.3124	1.1371	
3.32	-0.3487	-0.3236	0.3727	
3.33	-0.4851	-0.373	-0.3858	
3.34	-0.656	-0.3889	-0.8325	
3.35	-0.6961	-0.4427	-0.5571	
3.36	-0.8291	-0.5523	0.0867	
3.37	-0.9913	-0.6356	0.7453	
3.38	-1.0838	-0.7049	0.9704	
3.39	-1.263	-0.7158	0.5211	
3.4	-1.2861	-0.8313	-0.2564	
3.41	-1.2492	-0.9607	-0.9471	
3.42	-1.5291	-1.0342	-1.1872	
3.43	-1.3684	-1.1394	-0.8988	
3.44	-1.4957	-1.2066	-0.1845	
3.45	-1.6024	-1.2573	0.4828	
3.46	-1.361	-1.2104	0.5326	
3.47	-1.428	-1.2979	0.1006	
3.48	-1.4594	-1.5229	-0.7488	
3.49	-1.4938	-1.5037	-1.2308	
3.5	-1.3562	-1.3287	-1.5697	
3.51	-1.2019	-1.5538	-0.8912	
3.52	-1.1472	-1.6066	-0.1984	
3.53	-0.9853	-1.4705	0.4063	
3.54	-1.0133	-1.4644	0.4505	
3.55	-0.7833	-1.4675	-0.0845	
3.56	-0.7412	-1.4065	-0.8456	
3.57	-0.6566	-1.3803	-1.3738	
3.58	-0.4591	-1.2363	-1.3614	
3.59	-0.3435	-1.0955	-0.6823	
3.6	-0.2414	-1.0094	0.0564	
3.61	-0.1268	-0.8054	0.5716	
3.62	0.0002	-0.8008	0.5247	
3.63	0.1026	-0.6014	-0.0237	
3.64	0.2083	-0.4929	-0.6886	
3.65	0.3246	-0.3307	-1.1513	
3.66	0.3914	-0.2001	-0.941	
3.67	0.4228	-0.0567	-0.2584	
3.68	0.5114	0.0859	0.5132	
3.69	0.5067	0.2064	1.0856	
3.7	0.6388	0.3368	0.8601	
3.71	0.5628	0.4775	0.2164	
3.72	0.5927	0.5469	-0.4531	
3.73	0.5871	0.751	-0.786	
3.74	0.52	0.8533	-0.4579	
3.75	0.5572	0.9463	0.3028	
3.76	0.467	0.9798	1.0247	
3.77	0.4281	1.1297	1.5528	
3.78	0.3312	1.0874	1.1666	
3.79	0.21	1.224	0.6088	
3.8	0.1285	1.0683	-0.0984	
3.81	0.0451	1.1111	-0.296	
3.82	-0.055	1.2252	0.1323	
3.83	-0.1467	1.1723	0.9849	
3.84	-0.2682	1.1382	1.6871	
3.85	-0.3357	0.9105	1.9553	
3.86	-0.4998	1.0109	1.4141	
3.87	-0.5154	0.7707	0.8545	
3.88	-0.7034	0.7254	0.1982	
3.89	-0.715	0.6849	0.0927	
3.9	-0.8531	0.5973	0.5501	
3.91	-0.8117	0.4696	1.3872	
3.92	-0.9828	0.289	1.8772	
3.93	-0.8653	0.179	2.0501	
3.94	-0.9984	0.0469	1.5763	
3.95	-0.9834	-0.0695	0.8612	
3.96	-0.8497	-0.1945	0.2493	
3.97	-0.8275	-0.3429	0.2259	
3.98	-0.8483	-0.4204	0.8152	
3.99	-0.8534	-0.5812	1.6691	
4.0	-0.7485	-0.6429	2.1986	
4.01	-0.6069	-0.8164	1.8893	
4.02	-0.587	-0.8197	1.5459	
4.03	-0.4691	-0.9858	0.6111	
4.04	-0.3223	-0.9999	0.0942	
4.05	-0.1824	-1.0392	0.1479	
4.06	-0.0386	-0.9728	0.7653	
4.07	0.1016	-1.1233	1.4587	
4.08	0.2545	-1.0023	1.7329	
4.09	0.3692	-1.0147	1.7651	
4.1	0.5404	-0.9831	0.9153	
4.11	0.7096	-0.9494	0.1442	
4.12	0.8962	-0.8761	-0.2932	
4.13	1.0127	-0.9711	-0.1871	
4.14	1.0202	-0.9096	0.4939	
4.15	1.3683	-0.685	1.1269	
4.16	1.4952	-0.6798	1.5171	
4.17	1.566	-0.5456	1.1404	
4.18	1.695	-0.4723	0.2977	
4.19	1.5848	-0.437	-0.495	
4.2	1.6881	-0.3057	-0.8188	
4.21	1.9095	-0.2233	-0.6966	
4.22	1.7099	-0.1113	0.0273	
4.23	1.8091	-0.0333	0.6446	
4.24	1.735	0.0499	0.886	
4.25	1.9304	0.1282	0.3621	
4.26	1.9461	0.1823	-0.4341	
4.27	1.6473	0.2385	-1.2072	
4.28	1.6378	0.2973	-1.4583	
4.29	1.4657	0.302	-1.0554	
4.3	1.4959	0.3367	-0.3873	
4.31	1.5628	0.3599	0.1739	
4.32	1.3897	0.3736	0.2506	
4.33	1.2123	0.3007	-0.2877	
4.34	1.2291	0.2789	-1.1263	
4.35	1.1612	0.2594	-1.8114	
4.36	0.9763	0.1888	-1.7623	
4.37	0.9127	0.1254	-1.2659	
4.38	0.783	0.0325	-0.6287	
4.39	0.7844	-0.0537	-0.1311	
4.4	0.6131	-0.1528	-0.1689	
4.41	0.5715	-0.2784	-0.7695	
4.42	0.5216	-0.4098	-1.5791	
4.43	0.4268	-0.5622	-1.9878	
4.44	0.403	-0.6769	-2.1224	
4.45	0.4086	-0.777	-1.4812	
4.46	0.4017	-0.9534	-0.7467	
4.47	0.3946	-0.9411	-0.2023	
4.48	0.402	-1.1784	-0.3281	
4.49	0.4118	-1.3272	-0.9065	
4.5	0.4801	-1.3338	-1.7695	
4.51	0.5362	-1.4148	-2.0889	
4.52	0.6302	-1.4696	-1.9251	
4.53	0.6653	-1.556	-1.1136	
4.54	0.8293	-1.7852	-0.4293	
4.55	0.902	-1.7678	-0.0307	
4.56	1.0485	-1.8693	-0.2356	
4.57	1.2288	-1.9526	-0.8264	
4.58	1.3475	-1.912	-1.6927	
4.59	1.4299	-1.9308	-1.837	
4.6	1.6311	-1.9736	-1.6354	
4.61	1.5394	-1.7619	-0.8162	
4.62	1.7787	-1.7989	0.0138	
4.63	1.9378	-1.7357	0.3519	
4.64	1.9167	-1.7684	0.0664	
4.65	1.96	-1.6515	-0.5963	
4.66	2.2261	-1.3485	-1.3292	
4.67	2.3953	-1.4224	-1.5019	
4.68	2.3517	-1.1597	-0.8812	
4.69	2.5769	-1.1988	-0.1571	
4.7	2.4444	-1.0816	0.6316	
4.71	2.6072	-0.922	0.8161	
4.72	2.6074	-0.6985	0.4308	
4.73	2.4239	-0.5548	-0.3185	
4.74	2.3532	-0.4338	-0.8165	
4.75	2.7239	-0.2808	-0.9449	
4.76	2.2139	-0.159	-0.357	
4.77	2.5867	-0.0192	0.4224	
4.78	2.1469	0.1048	1.1596	
4.79	2.2411	0.2443	1.2411	
4.8	1.9019	0.3209	0.6566	
4.81	2.1102	0.4645	-0.0444	
4.82	1.9718	0.5529	-0.5508	
4.83	1.7592	0.5273	-0.5437	
4.84	1.725	0.6831	0.0705	
4.85	1.3436	0.7288	0.9691	
4.86	1.2849	0.6564	1.4837	
4.87	1.188	0.6676	1.2949	
4.88	1.0257	0.7472	0.762	
4.89	0.8244	0.6718	-0.0031	
4.9	0.8206	0.7469	-0.5077	
4.91	0.6035	0.695	-0.3228	
4.92	0.567	0.6482	0.3	
4.93	0.4146	0.5842	0.9966	
4.94	0.3458	0.553	1.4731	
4.95	0.2292	0.4878	1.1479	
4.96	0.155	0.373	0.5099	
4.97	0.0978	0.3285	-0.2132	
4.98	0.0495	0.264	-0.6267	
4.99	0.0203	0.2086	-0.3916	
5.0	0.0007	0.1127	0.2773	
5.01	-0.0034	0.0507	0.903	
5.02	0.0058	-0.0081	1.1698	
5.03	0.0287	-0.0641	0.8446	
5.04	0.0659	-0.1235	0.0775	
5.05	0.1106	-0.1525	-0.6623	
5.06	0.1556	-0.1721	-0.982	
5.07	0.2467	-0.1944	-0.7528	
5.08	0.329	-0.1965	-0.0348	
5.09	0.4002	-0.2176	0.5925	
5.1	0.4352	-0.1887	0.66	
5.11	0.545	-0.1302	0.251	
5.12	0.6225	-0.0951	-0.554	
5.13	0.6654	-0.0307	-1.3151	
5.14	0.721	0.0431	-1.4401	
5.15	0.8669	0.1511	-1.102	
5.16	0.9455	0.246	-0.4683	
5.17	0.9765	0.3746	0.1068	
5.18	1.0903	0.4613	0.1255	
5.19	1.0597	0.6284	-0.4699	
5.2	1.1591	0.6928	-1.3305	
5.21	1.1798	0.8233	-1.9072	
5.22	1.1389	1.0409	-2.2051	
5.23	1.0681	1.0986	-1.4654	
5.24	1.0277	1.4587	-0.7968	
5.25	1.0355	1.6524	-0.3424	
5.26	0.8488	1.7167	-0.4129	
5.27	0.8859	1.7316	-1.1869	
5.28	0.7708	2.0554	-1.7977	
5.29	0.5995	2.3016	-2.7129	
5.3	0.4779	2.167	-2.3744	
5.31	0.3834	2.2951	-1.9504	
5.32	0.2448	2.6173	-1.1698	
5.33	0.072	2.821	-0.6889	
5.34	-0.0836	2.5428	-0.8786	
5.35	-0.241	2.5735	-1.5239	
5.36	-0.384	2.9794	-2.1746	
5.37	-0.5374	2.6516	-2.6868	
5.38	-0.7645	2.8553	-2.7854	
5.39	-0.9535	2.6819	-1.9309	
5.4	-0.9743	2.7216	-1.1305	
5.41	-1.2829	2.6475	-0.8058	
5.42	-1.4487	3.0065	-1.0385	
5.43	-1.3973	2.8258	-1.8601	
5.44	-1.6719	2.798	-2.2952	
5.45	-1.7015	2.4278	-2.8903	
5.46	-1.9706	2.6397	-2.3405	
5.47	-2.0017	2.4859	-1.5686	
5.48	-1.8692	2.1968	-0.9332	
5.49	-2.2454	2.2503	-0.6075	
5.5	-2.1152	2.0833	-0.8498	
5.51	-2.2133	1.8277	-1.6248	
5.52	-2.3157	1.8774	-2.4567	
5.53	-2.3648	1.5647	-2.2946	
5.54	-2.3056	1.6986	-1.9895	
5.55	-2.0265	1.4811	-1.1468	
5.56	-2.0552	1.2855	-0.369	
5.57	-1.9519	1.3254	-0.1898	
5.58	-2.0457	1.0832	-0.6007	
5.59	-1.8814	1.0045	-1.3952	
5.6	-1.8547	0.9594	-2.0621	
5.61	-1.7055	0.9763	-1.9518	
5.62	-1.5558	0.9448	-1.2273	
5.63	-1.6398	0.8923	-0.4416	
5.64	-1.5125	0.8743	0.1693	
5.65	-1.3125	0.8687	0.2267	
5.66	-1.2782	0.8497	-0.2323	
5.67	-1.2037	0.9368	-0.9766	
5.68	-0.9846	0.8916	-1.475	
5.69	-1.0206	0.9969	-1.4484	
5.7	-0.9616	0.9054	-0.673	
5.71	-0.9917	1.1181	0.1386	
5.72	-0.9423	1.0718	0.6674	
5.73	-0.8581	1.1634	0.6637	
5.74	-0.8878	1.3034	0.0393	
5.75	-0.8164	1.3699	-0.6543	
5.76	-0.8824	1.5675	-1.1212	
5.77	-0.8836	1.6457	-0.9147	
5.78	-1.0571	1.5219	-0.1828	
5.79	-0.9459	1.8024	0.5929	
5.8	-1.0016	1.9339	1.0799	
5.81	-1.2617	1.8509	0.7612	
5.82	-1.167	1.7172	0.1295	
5.83	-1.3452	1.924	-0.5533	
5.84	-1.417	1.9134	-1.0011	
5.85	-1.7542	1.907	-0.6931	
5.86	-1.8687	2.0563	0.0528	
5.87	-2.0221	2.0794	0.7792	
5.88	-2.0431	2.0653	0.989	
5.89	-2.1318	1.9445	0.7074	
5.9	-2.1408	1.8794	-0.06	
5.91	-2.4045	1.8241	-0.8531	
5.92	-2.5014	1.9216	-1.0279	
5.93	-2.6	1.9421	-0.6646	
5.94	-2.4212	1.749	0.0263	
5.95	-2.822	1.6062	0.5956	
5.96	-2.8762	1.6495	0.7417	
5.97	-2.624	1.2543	0.3299	
5.98	-3.016	1.2289	-0.5165	
5.99	-3.0507	1.0941	-1.2104	
6.0	-2.7271	0.9109	-1.3554	
6.01	-2.6741	0.7723	-1.0212	
6.02	-3.0568	0.6031	-0.2245	
6.03	-2.7633	0.4789	0.2828	
6.04	-2.5571	0.2949	0.2855	
6.05	-2.6424	0.1591	-0.314	
6.06	-2.5006	0.004	-1.2256	
6.07	-2.7255	-0.1581	-1.696	
6.08	-2.6207	-0.3006	-1.9234	
6.09	-2.2458	-0.4502	-1.4357	
6.1	-2.3807	-0.5525	-0.6159	
6.11	-1.9322	-0.638	-0.1818	
6.12	-1.7765	-0.8066	-0.2846	
6.13	-1.8897	-0.8223	-1.0196	
6.14	-1.7217	-0.8682	-1.9401	
6.15	-1.5188	-0.8993	-2.3194	
6.16	-1.3945	-0.9223	-2.5193	
6.17	-1.2236	-0.9965	-1.811	
6.18	-1.0314	-1.0036	-0.9458	
6.19	-0.8968	-1.0748	-0.6109	
6.2	-0.7751	-0.9731	-0.9105	
6.21	-0.7252	-1.0155	-1.7281	
6.22	-0.5425	-0.8998	-2.245	
6.23	-0.4485	-0.8475	-2.8391	
6.24	-0.4317	-0.8509	-2.4085	
6.25	-0.3426	-0.7282	-2.0541	
6.26	-0.2844	-0.6711	-1.2168	
6.27	-0.252	-0.5839	-0.9346	
6.28	-0.2178	-0.4448	-1.2653	
6.29	-0.2245	-0.3256	-1.9046	
6.3	-0.2422	-0.262	-2.8397	
6.31	-0.2684	-0.1448	-2.7966	
6.32	-0.2503	-0.0568	-2.6587	
6.33	-0.3369	0.0478	-1.838	
6.34	-0.3715	0.1385	-1.2773	
6.35	-0.4444	0.2379	-0.902	
6.36	-0.4678	0.2768	-1.451	
6.37	-0.5972	0.39	-1.9101	
6.38	-0.7015	0.4322	-2.5662	
6.39	-0.741	0.4777	-2.6812	
6.4	-0.7406	0.5735	-2.3316	
6.41	-0.8421	0.5312	-1.5565	
6.42	-1.0477	0.6049	-0.9587	
6.43	-1.0032	0.5072	-0.8629	
6.44	-1.0514	0.5095	-1.1709	
6.45	-1.0969	0.5507	-2.0834	
6.46	-1.2164	0.4999	-2.3099	
6.47	-1.1086	0.4258	-2.5659	
6.48	-1.2346	0.3686	-1.789	
6.49	-1.2045	0.3167	-1.0942	
6.5	-1.2548	0.1967	-0.4502	
6.51	-1.2024	0.121	-0.3999	
6.52	-1.0776	0.0221	-0.8466	
6.53	-1.0157	-0.0821	-1.7444	
6.54	-0.9503	-0.201	-1.8706	
6.55	-0.9267	-0.2745	-1.9335	
6.56	-0.9057	-0.387	-1.1917	
6.57	-0.7922	-0.4901	-0.3661	
6.58	-0.6813	-0.6364	0.1322	
6.59	-0.5197	-0.6766	0.0745	
6.6	-0.3883	-0.8617	-0.4867	
6.61	-0.2194	-0.9458	-1.2336	
6.62	-0.0485	-0.853	-1.555	
6.63	0.1201	-0.9209	-1.2498	
6.64	0.2975	-1.1495	-0.5345	
6.65	0.4446	-1.1878	0.2297	
6.66	0.6174	-1.0117	0.6734	
6.67	0.7532	-1.0476	0.435	
6.68	0.9594	-1.0043	-0.1998	
6.69	1.0804	-1.1534	-0.7959	
6.7	1.2444	-1.1104	-1.2058	
6.71	1.2392	-0.9748	-0.8623	
6.72	1.5822	-0.9247	-0.0347	
6.73	1.4552	-0.8696	0.7328	
6.74	1.5838	-0.7421	1.0801	
6.75	1.8872	-0.7161	0.6336	
6.76	1.8201	-0.5739	-0.0744	
6.77	2.0066	-0.4671	-0.7667	
6.78	1.7695	-0.3284	-0.9653	
6.79	1.9593	-0.1737	-0.5619	
6.8	1.8375	-0.0429	0.2223	
6.81	1.8671	0.0974	0.9142	
6.82	2.0447	0.2462	1.0412	
6.83	1.703	0.3816	0.5353	
6.84	1.8227	0.4845	-0.2549	
6.85	1.7523	0.6652	-0.9177	
6.86	1.5511	0.7707	-0.8947	
6.87	1.6993	0.8558	-0.5399	
6.88	1.4721	1.0	0.2302	
6.89	1.4997	1.0079	0.8409	
6.9	1.2105	1.323	0.8398	
6.91	1.3204	1.3689	0.1795	
6.92	1.129	1.2797	-0.703	
6.93	1.0319	1.4464	-1.2869	
6.94	0.8767	1.5375	-1.1826	
6.95	0.8071	1.4704	-0.6754	
6.96	0.6905	1.5435	0.0021	
6.97	0.7158	1.3698	0.4513	
6.98	0.6309	1.3256	0.2588	
6.99	0.5791	1.3252	-0.3712	
7.0	0.5122	1.3195	-1.1189	
7.01	0.5443	1.2607	-1.641	
7.02	0.456	1.165	-1.5502	
7.03	0.4853	1.1121	-1.067	
7.04	0.4719	1.0212	-0.3773	
7.05	0.5178	0.8204	-0.0306	
7.06	0.5588	0.8458	-0.3236	
7.07	0.5786	0.7139	-1.0599	
7.08	0.7613	0.5049	-1.9363	
7.09	0.7781	0.4589	-2.351	
7.1	0.9027	0.3027	-2.1902	
7.11	0.9273	0.2042	-1.2514	
7.12	1.1878	0.0965	-0.7086	
7.13	1.2833	-0.017	-0.4613	
7.14	1.239	-0.1256	-0.8197	
7.15	1.3982	-0.226	-1.751	
7.16	1.652	-0.2891	-2.3044	
7.17	1.6923	-0.3944	-2.7503	
7.18	1.8188	-0.4124	-2.141	
7.19	1.7794	-0.4366	-1.4513	
7.2	2.1826	-0.4686	-0.906	
7.21	1.9509	-0.4914	-0.6971	
7.22	2.3431	-0.4996	-1.2242	
7.23	2.1856	-0.5073	-2.1393	
7.24	2.4765	-0.5372	-2.3855	
7.25	2.5653	-0.532	-2.8347	
7.26	2.5806	-0.4621	-2.1708	
7.27	2.3982	-0.4445	-1.5862	
7.28	2.5959	-0.3239	-0.8322	
7.29	2.2824	-0.2516	-0.8391	
7.3	2.5963	-0.2004	-1.2699	
7.31	2.2269	-0.1221	-1.8523	
7.32	2.4044	-0.0354	-2.3775	
7.33	2.47	0.0506	-2.7128	
7.34	2.2639	0.131	-1.8803	
7.35	2.1597	0.2177	-1.1473	
7.36	1.9814	0.3127	-0.5878	
7.37	1.7191	0.3637	-0.5813	
7.38	1.775	0.4573	-1.1207	
7.39	1.654	0.5967	-1.8074	
7.4	1.4588	0.6067	-2.2734	
7.41	1.3696	0.6617	-2.2416	
7.42	1.2575	0.6508	-1.3901	
7.43	1.0492	0.718	-0.4969	
7.44	0.8426	0.6913	-0.0518	
7.45	0.7524	0.7596	-0.1555	
7.46	0.5522	0.726	-0.7223	
7.47	0.5024	0.6352	-1.4898	
7.48	0.3471	0.5817	-1.8328	
7.49	0.2461	0.5428	-1.4493	
7.5	0.1412	0.5437	-0.65	
7.51	0.0678	0.4547	0.1292	
7.52	-0.0003	0.3198	0.5865	
7.53	-0.0539	0.2221	0.3149	
7.54	-0.0949	0.077	-0.3392	
7.55	-0.1241	-0.0531	-0.9191	
7.56	-0.1352	-0.2075	-1.2245	
7.57	-0.11	-0.351	-0.7363	
7.58	-0.1079	-0.4939	0.0277	
7.59	-0.0705	-0.6506	0.797	
7.6	-0.0194	-0.8352	1.0244	
7.61	0.037	-0.9336	0.7138	
7.62	0.101	-1.0542	0.0266	
7.63	0.1835	-1.2709	-0.6484	
7.64	0.2431	-1.5932	-0.701	
7.65	0.3583	-1.4866	-0.244	
7.66	0.4442	-1.853	0.5708	
7.67	0.4977	-2.0024	1.2116	
7.68	0.635	-2.1952	1.2636	
7.69	0.7746	-2.1719	0.832	
7.7	0.803	-2.4132	0.1701	
7.71	0.9754	-2.1397	-0.3774	
7.72	0.9861	-2.2899	-0.4415	
7.73	1.0101	-2.6386	0.0899	
7.74	1.1119	-2.4521	0.8713	
7.75	1.0807	-2.3169	1.4387	
7.76	1.2499	-2.265	1.3509	
7.77	1.3079	-2.5543	0.8655	
7.78	1.2914	-2.2184	0.037	
7.79	1.3104	-2.3699	-0.5257	
7.8	1.2216	-2.3701	-0.4082	
7.81	1.0795	-2.1452	0.1266	
7.82	0.9858	-2.0229	0.8686	
7.83	0.9933	-2.2278	1.3222	
7.84	1.0166	-2.0972	1.1033	
7.85	0.827	-2.0862	0.445	
7.86	0.7703	-1.7557	-0.3661	
7.87	0.6319	-1.9513	-0.8077	
7.88	0.5258	-1.8285	-0.7119	
7.89	0.3652	-1.6123	-0.0563	
7.9	0.2613	-1.4353	0.6421	
7.91	0.0886	-1.3504	0.9097	
7.92	-0.0463	-1.3219	0.6681	
7.93	-0.1812	-1.3291	-0.0907	
7.94	-0.3594	-1.0838	-0.8408	
7.95	-0.5116	-1.0157	-1.3185	
7.96	-0.5774	-1.17	-1.1016	
7.97	-0.7429	-1.1142	-0.398	
7.98	-0.7884	-1.0094	0.2574	
7.99	-0.9289	-0.9817	0.5222	
8.0	-1.02	-1.084	0.0836	
8.01	-1.1708	-0.9181	-0.6931	
8.02	-1.2484	-0.9627	-1.4717	
8.03	-1.1775	-0.9905	-1.7289	
8.04	-1.2635	-1.0091	-1.511	
8.05	-1.3957	-1.2385	-0.6915	
8.06	-1.2317	-1.3039	-0.0576	
8.07	-1.3986	-1.3307	0.0508	
8.08	-1.2507	-1.4551	-0.4529	
8.09	-1.378	-1.3823	-1.1956	
8.1	-1.1913	-1.7286	-2.0918	
8.11	-1.1081	-1.7722	-1.9889	
8.12	-1.1448	-1.9298	-1.686	
8.13	-0.9635	-2.024	-0.8047	
8.14	-0.9971	-2.0172	-0.2531	
8.15	-0.7526	-2.3119	-0.2123	
8.16	-0.7817	-2.3699	-0.7309	
8.17	-0.5809	-2.3478	-1.519	
8.18	-0.5051	-2.2254	-2.2825	
8.19	-0.3441	-2.1976	-2.1387	
8.2	-0.2575	-2.668	-1.3968	
8.21	-0.1355	-2.5101	-0.6395	
8.22	-0.0331	-2.6236	-0.1781	
8.23	0.0702	-2.5517	-0.2777	
8.24	0.1559	-2.688	-0.8161	
8.25	0.2701	-2.7702	-1.7481	
8.26	0.335	-2.7197	-1.8689	
8.27	0.3951	-2.6166	-1.7548	
8.28	0.4796	-2.6057	-1.1085	
8.29	0.5139	-2.2788	-0.3426	
8.3	0.5206	-2.228	0.1254	
8.31	0.5272	-2.0329	-0.0316	
8.32	0.4869	-2.0019	-0.6451	
8.33	0.5224	-1.7628	-1.2943	
8.34	0.4664	-1.999	-1.765	
8.35	0.4063	-1.7714	-1.2296	
8.36	0.3044	-1.4139	-0.5743	
8.37	0.2789	-1.2609	0.2366	
8.38	0.1669	-1.2175	0.5768	
8.39	0.0887	-1.132	0.3839	
8.4	-0.0112	-0.9673	-0.294	
8.41	-0.1191	-0.7245	-0.9468	
8.42	-0.2148	-0.5054	-1.0608	
8.43	-0.3385	-0.4079	-0.6497	
8.44	-0.4647	-0.2568	0.1895	
8.45	-0.5839	-0.1166	0.8556	
8.46	-0.7015	0.0193	1.1751	
8.47	-0.7716	0.1317	0.8787	
8.48	-0.9402	0.2607	0.1517	
8.49	-0.9249	0.3154	-0.4445	
8.5	-0.9979	0.4209	-0.5256	
8.51	-1.1804	0.5255	0.0511	
8.52	-1.1907	0.5816	0.8217	
8.53	-1.3396	0.5925	1.7087	
8.54	-1.278	0.65	1.6203	
8.55	-1.2298	0.6007	1.1836	
8.56	-1.3743	0.6588	0.5678	
8.57	-1.4166	0.5646	-0.0095	
8.58	-1.323	0.5754	0.019	
8.59	-1.1367	0.5858	0.6518	
8.6	-1.1167	0.5454	1.4558	
8.61	-1.0874	0.4741	2.0304	
8.62	-1.0395	0.3715	2.0271	
8.63	-0.8464	0.2912	1.4892	
8.64	-0.763	0.2486	0.7225	
8.65	-0.6844	0.1458	0.1905	
8.66	-0.623	0.0648	0.313	
8.67	-0.4605	-0.0112	0.9044	
8.68	-0.3333	-0.098	1.5578	
8.69	-0.2037	-0.1815	2.266	
8.7	-0.0532	-0.2441	1.7986	
8.71	0.0725	-0.2825	1.2833	
8.72	0.2119	-0.3608	0.5913	
8.73	0.3404	-0.4329	0.1208	
8.74	0.4495	-0.4084	0.2972	
8.75	0.5146	-0.5067	0.9436	
8.76	0.705	-0.4923	1.6775	
8.77	0.6759	-0.4781	1.899	
8.78	0.7855	-0.4747	1.6618	
8.79	0.8642	-0.4259	1.0289	
8.8	0.8766	-0.3982	0.1596	
8.81	0.8964	-0.3471	-0.1458	
8.82	0.9629	-0.259	0.1234	
8.83	0.9097	-0.1826	0.8405	
8.84	0.8889	-0.1152	1.5259	
8.85	0.9424	-0.0192	1.691	
8.86	0.8086	0.0865	1.2798	
8.87	0.775	0.2009	0.3892	
8.88	0.692	0.2979	-0.3541	
8.89	0.6407	0.4598	-0.6384	
8.9	0.5408	0.5683	-0.2298	
8.91	0.5203	0.7496	0.4464	
8.92	0.3623	0.798	1.1653	
8.93	0.2551	0.9556	1.1171	
8.94	0.1424	0.9821	0.5904	
8.95	0.0376	1.1127	-0.234	
8.96	-0.0864	1.25	-0.9814	
8.97	-0.1788	1.2828	-0.9355	
8.98	-0.2812	1.6154	-0.5175	
8.99	-0.4113	1.6126	0.2001	
9.0	-0.4794	1.6596	0.6569	
9.01	-0.5939	1.7057	0.6003	
9.02	-0.763	1.5854	0.052	
9.03	-0.7383	1.7811	-0.8198	
9.04	-0.7583	1.8293	-1.3657	
9.05	-0.9237	1.8413	-1.4054	
9.06	-0.8428	1.5606	-0.779	
9.07	-0.9455	1.8214	0.0345	
9.08	-1.0253	1.7197	0.5075	
9.09	-0.9435	1.573	0.3789	
9.1	-0.8514	1.5373	-0.2923	
9.11	-0.8368	1.3629	-0.9653	
9.12	-0.881	1.1746	-1.4491	
9.13	-0.7429	1.2792	-1.3169	
9.14	-0.6349	1.027	-0.6956	
9.15	-0.6237	0.9948	0.1384	
9.16	-0.5255	0.796	0.4961	
9.17	-0.4341	0.7112	0.337	
9.18	-0.2718	0.5195	-0.3755	
9.19	-0.175	0.3993	-1.0153	
9.2	-0.0672	0.2468	-1.4446	
9.21	0.0425	0.1148	-0.9792	
9.22	0.1481	-0.0245	-0.2495	
9.23	0.2769	-0.1451	0.5216	
9.24	0.4007	-0.282	0.7859	
9.25	0.4857	-0.3721	0.5141	
9.26	0.5747	-0.4191	-0.1867	
9.27	0.688	-0.5253	-0.8091	
9.28	0.6977	-0.5841	-0.9671	
9.29	0.7437	-0.6494	-0.4884	
9.3	0.8533	-0.7421	0.3074	
9.31	0.7674	-0.7922	1.0725	
9.32	0.7926	-0.7855	1.1583	
9.33	0.7678	-0.7432	0.8887	
9.34	0.7288	-0.6756	0.1985	
9.35	0.7069	-0.7694	-0.3639	
9.36	0.7271	-0.612	-0.3686	
9.37	0.5989	-0.6395	0.1666	
9.38	0.5268	-0.5107	0.9569	
9.39	0.4409	-0.4967	1.5426	
9.4	0.383	-0.4393	1.7071	
9.41	0.2665	-0.3469	1.4522	
9.42	0.1541	-0.2057	0.6681	
9.43	0.0132	-0.1346	0.1515	
9.44	-0.123	-0.0296	0.2179	
9.45	-0.2384	0.0679	0.9208	
9.46	-0.4271	0.1582	1.7565	
9.47	-0.5058	0.2435	2.5038	
9.48	-0.6407	0.3707	2.2836	
9.49	-0.8841	0.454	1.5657	
9.5	-0.8763	0.478	1.0321	
9.51	-1.1312	0.6218	0.5657	
9.52	-1.176	0.6658	0.6951	
9.53	-1.2661	0.637	1.4185	
9.54	-1.4402	0.8075	2.3362	
9.55	-1.4316	0.8349	2.5722	
9.56	-1.657	0.7925	2.3126	
9.57	-1.424	0.8263	1.9965	
9.58	-1.6906	0.7543	1.0745	
9.59	-1.5997	0.7635	0.8058	
9.6	-1.6841	0.6724	1.002	
9.61	-1.6078	0.6195	1.7004	
9.62	-1.57	0.5666	2.5379	
9.63	-1.6856	0.5186	2.7608	
9.64	-1.5353	0.377	2.214	
9.65	-1.6159	0.3459	1.6028	
9.66	-1.4439	0.2355	1.0075	
9.67	-1.2989	0.1052	0.7296	
9.68	-1.2611	0.0041	0.9683	
9.69	-1.1008	-0.1008	1.7768	
9.7	-1.1181	-0.2369	2.366	
9.71	-0.8642	-0.3042	2.4791	
9.72	-0.7982	-0.4461	2.0075	
9.73	-0.6682	-0.5094	1.195	
9.74	-0.599	-0.6639	0.6413	
9.75	-0.4836	-0.7567	0.4258	
9.76	-0.3638	-0.8498	0.7506	
9.77	-0.3426	-0.8865	1.4861	
9.78	-0.2451	-0.8979	2.2821	
9.79	-0.1533	-1.0553	2.0637	
9.8	-0.1026	-1.0736	1.697	
9.81	-0.0573	-1.0339	0.7348	
9.82	-0.0295	-1.0139	0.0625	
9.83	-0.0141	-1.0451	-0.0291	
9.84	-0.0094	-0.9901	0.4547	
9.85	-0.0223	-1.0819	1.0815	
9.86	-0.0492	-1.0187	1.5837	
9.87	-0.0892	-0.8676	1.6286	
9.88	-0.1392	-0.7494	0.9312	
9.89	-0.2181	-0.6938	0.062	
9.9	-0.2968	-0.5461	-0.511	
9.91	-0.373	-0.4608	-0.45	
9.92	-0.4849	-0.3037	0.1084	
9.93	-0.5347	-0.1706	0.8136	
9.94	-0.6682	-0.0267	1.2431	
9.95	-0.8373	0.1295	1.1002	
9.96	-1.0009	0.2464	0.313	
9.97	-1.0463	0.4265	-0.4216	
9.98	-1.2141	0.5698	-0.9491	
9.99	-1.3316	0.7343	-0.7344	
10.0	-1.4929	0.8647	-0.0742	
10.01	-1.6308	1.1216	0.6401	
10.02	-1.6746	1.07	0.9717	
10.03	-1.8475	1.2379	0.7376	
10.04	-1.6244	1.4972	-0.0254	
10.05	-1.9662	1.4917	-0.6876	
10.06	-1.9862	1.6488	-1.1315	
10.07	-1.8384	1.7258	-0.8186	
10.08	-2.1873	1.8673	-0.0049	
10.09	-2.1105	1.9008	0.648	
10.1	-2.1856	1.7928	0.9927	
10.11	-2.1501	1.8617	0.5583	
10.12	-1.7517	2.0391	-0.1273	
10.13	-1.8829	1.6953	-0.8106	
10.14	-1.7302	2.0111	-0.848	
10.15	-1.8046	1.6535	-0.4365	
10.16	-1.8101	1.6503	0.3507	
10.17	-1.5212	1.8913	1.1158	
10.18	-1.2962	1.615	1.2099	
10.19	-1.2284	1.5619	0.7456	
10.2	-1.1517	1.4688	0.047	
10.21	-1.1062	1.3211	-0.477	
10.22	-0.9592	1.2538	-0.5615	
10.23	-0.6832	1.1917	0.0526	
10.24	-0.5543	1.1572	0.8932	
10.25	-0.4804	1.14	1.4366	
10.26	-0.3	1.1299	1.4807	
10.27	-0.1763	0.9809	1.1251	
10.28	-0.0614	0.9234	0.4129	
10.29	0.0614	0.8123	-0.059	
10.3	0.1531	0.7516	0.0587	
10.31	0.2695	0.74	0.7	
10.32	0.3361	0.7464	1.6339	
10.33	0.4034	0.6556	2.0024	
10.34	0.4793	0.6279	1.8786	
10.35	0.4915	0.6858	1.6477	
10.36	0.5908	0.6495	0.8367	
10.37	0.6152	0.7779	0.3985	
10.38	0.6242	0.8375	0.6109	
10.39	0.5229	0.9261	1.4204	
10.4	0.5335	0.9096	2.4058	
10.41	0.4557	0.9199	2.7271	
10.42	0.4633	1.1448	2.5804	
10.43	0.3471	1.1312	1.6399	
10.44	0.2943	1.2977	1.2318	
10.45	0.2557	1.297	0.8189	
10.46	0.1564	1.5403	1.2256	
10.47	0.0779	1.6969	1.8285	
10.48	-0.0089	1.9581	2.8194	
10.49	-0.0903	1.873	2.7372	
10.5	-0.1632	2.1907	2.5551	
10.51	-0.2716	1.9417	1.7751	
10.52	-0.3564	2.2659	1.1547	
10.53	-0.3808	2.4011	0.9484	
10.54	-0.4482	2.6461	1.4583	
10.55	-0.4686	2.5308	2.3353	
10.56	-0.5143	2.5735	2.7874	
10.57	-0.6075	2.4717	3.1451	
10.58	-0.5929	2.7427	2.3429	
10.59	-0.5459	2.7506	1.7134	
10.6	-0.5625	2.5448	1.1389	
10.61	-0.5926	2.6439	1.0031	
10.62	-0.543	3.0355	1.4099	
10.63	-0.4553	2.7825	2.0688	
10.64	-0.3406	2.7064	2.7833	
10.65	-0.2539	2.6284	2.6987	
10.66	-0.1792	2.4256	2.1635	
10.67	-0.0575	2.7044	1.1547	
10.68	0.0663	2.3488	0.6141	
10.69	0.2193	2.3426	0.5618	
10.7	0.3263	2.2789	1.1779	
10.71	0.4656	1.956	1.7634	
10.72	0.6214	1.9644	2.3006	
10.73	0.8765	1.8859	1.9996	
10.74	0.9108	1.6176	1.435	
10.75	1.0619	1.387	0.6685	
10.76	1.2421	1.2225	0.0955	
10.77	1.476	1.2561	0.148	
10.78	1.4718	1.1493	0.7737	
10.79	1.6232	0.8982	1.453	
10.8	1.8893	0.7835	1.7137	
10.81	2.146	0.6804	1.4785	
10.82	2.234	0.516	0.8176	
10.83	2.3741	0.3729	-0.0207	
10.84	2.454	0.2587	-0.4349	
10.85	2.2353	0.1873	-0.2867	
10.86	2.1547	0.1164	0.3903	
10.87	2.5262	0.0406	1.0107	
10.88	2.4507	-0.0138	1.2801	
10.89	2.2061	-0.0559	0.8947	
10.9	2.3001	-0.0748	0.1753	
10.91	2.2524	-0.0924	-0.5657	
10.92	2.3172	-0.0972	-0.886	
10.93	2.2221	-0.0928	-0.6058	
10.94	1.997	-0.0672	0.1612	
10.95	1.9915	-0.0258	0.8193	
10.96	2.2293	0.0177	0.9646	
10.97	1.9199	0.0683	0.5608	
10.98	1.9826	0.1282	-0.2051	
10.99	1.8706	0.1979	-0.9522	
11.0	1.7937	0.2451	-1.1132	
11.01	1.5885	0.3429	-0.5453	
11.02	1.4339	0.3696	0.1802	
11.03	1.3407	0.4778	0.873	
11.04	1.3524	0.5786	1.0053	
11.05	1.2588	0.6506	0.4766	
11.06	1.1316	0.6404	-0.3479	
11.07	1.0044	0.7467	-0.9032	
11.08	0.9658	0.7797	-0.8506	
11.09	0.9467	0.8359	-0.3338	
11.1	0.8282	0.7759	0.466	
11.11	0.9197	0.7538	1.0432	
11.12	0.8094	0.8163	1.1917	
11.13	0.9663	0.7588	0.533	
11.14	0.8699	0.7864	-0.1623	
11.15	1.0229	0.6581	-0.5795	
11.16	0.9464	0.6491	-0.5204	
11.17	1.0659	0.5672	0.1809	
11.18	1.0719	0.4911	0.9188	
11.19	1.1154	0.3785	1.4396	
11.2	1.3084	0.2446	1.4097	
11.21	1.2891	0.1652	0.9077	
11.22	1.5935	0.0226	0.1596	
11.23	1.6604	-0.1047	-0.1787	
11.24	1.6139	-0.2567	0.0738	
11.25	1.9438	-0.4349	0.739	
11.26	2.1216	-0.6025	1.6232	
11.27	1.8944	-0.6514	1.8975	
11.28	2.4027	-0.878	1.7726	
11.29	2.3345	-1.0461	1.1215	
11.3	2.1898	-1.2331	0.4983	
11.31	2.6093	-1.3289	0.2804	
11.32	2.7028	-1.5254	0.5898	
11.33	2.3722	-1.4239	1.5313	
11.34	2.5864	-1.4954	2.2793	
11.35	2.7292	-1.7769	2.6822	
11.36	2.417	-1.8329	2.2135	
11.37	2.8606	-1.8031	1.4672	
11.38	2.7575	-1.9232	0.8418	
11.39	2.6091	-1.884	0.7204	
11.4	2.7346	-2.1396	1.0292	
11.41	2.7458	-2.26	2.0102	
11.42	2.1809	-1.9099	2.723	
11.43	2.3494	-2.034	2.7021	
11.44	1.9959	-1.9038	2.3426	
11.45	2.0488	-1.9978	1.44	
11.46	2.1051	-2.0198	0.9712	
11.47	1.7541	-1.9224	0.8295	
11.48	1.6827	-1.8063	1.2434	
11.49	1.4356	-1.6683	2.0933	
11.5	1.2691	-1.618	2.8026	
11.51	1.2111	-1.4025	2.4608	
11.52	1.0258	-1.2418	2.1536	
11.53	0.864	-1.1158	1.1904	
11.54	0.8138	-1.1219	0.7104	
11.55	0.6431	-0.9123	0.7294	
11.56	0.4678	-0.8471	1.2001	
11.57	0.3551	-0.7375	1.8819	
11.58	0.2028	-0.6142	2.3702	
11.59	0.0966	-0.547	2.4069	
11.6	0.0083	-0.4438	1.6193	
11.61	-0.0804	-0.2959	0.7868	
11.62	-0.1536	-0.2363	0.3011	
11.63	-0.185	-0.1672	0.3503	
11.64	-0.244	-0.1012	0.9431	
11.65	-0.2594	-0.0451	1.7878	
11.66	-0.2856	-0.0116	1.9168	
11.67	-0.2928	0.0113	1.853	
11.68	-0.2463	0.0182	0.8686	
11.69	-0.2466	0.0159	0.1272	
11.7	-0.2073	-0.0021	-0.2704	
11.71	-0.1547	-0.0325	-0.0838	
11.72	-0.0899	-0.0721	0.5218	
11.73	-0.0252	-0.1255	1.1078	
11.74	0.045	-0.1924	1.3954	
11.75	0.1195	-0.2642	0.9331	
11.76	0.1792	-0.3262	0.2265	
11.77	0.2858	-0.4608	-0.5694	
11.78	0.3302	-0.4757	-0.78	
11.79	0.4444	-0.643	-0.5084	
11.8	0.4875	-0.729	0.1629	
11.81	0.5359	-0.7853	0.8099	
11.82	0.5945	-0.9195	0.9679	
11.83	0.5991	-0.9596	0.3911	
11.84	0.6397	-1.0156	-0.3748	
11.85	0.712	-1.2387	-1.104	
11.86	0.6224	-1.286	-1.2367	
11.87	0.638	-1.2274	-0.7651	
11.88	0.6098	-1.1811	-0.09	
11.89	0.6323	-1.3807	0.4475	
11.9	0.5442	-1.4035	0.5555	
11.91	0.4735	-1.3721	-0.0202	
11.92	0.392	-1.4654	-0.868	
11.93	0.2927	-1.3239	-1.426	
11.94	0.1659	-1.3942	-1.545	
11.95	0.0396	-1.3092	-0.9398	
11.96	-0.0885	-1.264	-0.0764	
11.97	-0.225	-1.0878	0.4887	
11.98	-0.3716	-0.984	0.4323	
11.99	-0.4902	-1.0572	-0.1882	
12.0	-0.6631	-0.8122	-0.9596	
12.01	-0.8265	-0.7054	-1.3603	
12.02	-1.0628	-0.652	-1.2741	
12.03	-1.312	-0.5326	-0.6498	
12.04	-1.4881	-0.3612	0.1873	
12.05	-1.4492	-0.2495	0.6608	
12.06	-1.6644	-0.0971	0.5008	
12.07	-1.6244	0.0383	-0.1049	
12.08	-2.0391	0.1856	-0.7731	
12.09	-1.9895	0.3015	-1.1201	
12.1	-2.2196	0.4106	-0.8093	
12.11	-2.1642	0.5742	-0.116	
12.12	-2.0931	0.7015	0.652	
12.13	-2.4784	0.7536	1.008	
12.14	-2.3427	0.8019	0.8264	
12.15	-2.236	0.8201	0.1653	
12.16	-2.4592	1.0026	-0.5033	
12.17	-2.3854	0.9738	-0.7095	
12.18	-2.5986	1.1374	-0.3052	
12.19	-2.6291	1.124	0.5307	
12.2	-2.3684	0.975	1.233	
12.21	-2.31	1.0261	1.4976	
12.22	-2.2582	0.9417	1.2682	
12.23	-2.0172	0.8701	0.4532	
12.24	-2.0978	0.8645	-0.102	
12.25	-1.8327	0.7983	-0.2302	
12.26	-1.9186	0.6744	0.2919	
12.27	-1.9368	0.6078	1.1658	
12.28	-1.6576	0.5373	1.7708	
12.29	-1.4196	0.4362	1.8016	
12.3	-1.3276	0.2831	1.4485	
12.31	-1.38	0.1651	0.7243	
12.32	-1.3898	0.0395	0.1645	
12.33	-1.1863	-0.0947	0.1583	
12.34	-1.1411	-0.2423	0.6557	
12.35	-1.0189	-0.3371	1.5227	
12.36	-0.9626	-0.5244	1.9572	
12.37	-0.9711	-0.5499	2.2042	
12.38	-0.8882	-0.6718	1.4013	
12.39	-0.8925	-0.7524	0.7417	
12.4	-0.8852	-1.0001	0.2297	
12.41	-0.819	-0.9423	0.2926	
12.42	-0.9823	-1.1232	0.8246	
12.43	-1.0075	-1.0782	1.6152	
12.44	-1.044	-1.2629	2.2892	
12.45	-0.98	-1.3452	2.1441	
12.46	-1.17	-1.3983	1.3824	
12.47	-1.1356	-1.2509	0.525	
12.48	-1.182	-1.251	0.0427	
12.49	-1.2821	-1.1938	0.1733	
12.5	-1.3934	-1.3355	0.8732	
12.51	-1.486	-1.2422	1.4141	
12.52	-1.8073	-1.0655	1.8185	
12.53	-1.9812	-1.1128	1.4947	
12.54	-2.06	-1.0415	0.8554	
12.55	-2.1066	-1.0	-0.0071	
12.56	-2.0246	-0.9721	-0.3966	
12.57	-2.4713	-0.8643	-0.1505	
12.58	-2.3161	-0.7439	0.4892	
12.59	-2.6607	-0.6317	1.1096	
12.6	-2.5197	-0.5042	1.3152	
12.61	-2.4646	-0.4754	0.9867	
12.62	-2.4886	-0.3815	0.0981	
12.63	-2.4236	-0.3229	-0.6272	
12.64	-2.6911	-0.2466	-0.9363	
12.65	-2.404	-0.1803	-0.5779	
12.66	-2.3752	-0.1375	0.087	
12.67	-2.6477	-0.1066	0.6652	
12.68	-2.3826	-0.0726	0.6937	
12.69	-2.6356	-0.0682	0.1943	
12.7	-2.2268	-0.0646	-0.6893	
12.71	-2.362	-0.0806	-1.4578	
12.72	-2.2171	-0.1057	-1.3774	
12.73	-1.9558	-0.1592	-1.0946	
12.74	-1.7112	-0.2198	-0.3357	
12.75	-1.603	-0.3071	0.2045	
12.76	-1.5068	-0.3396	0.1565	
12.77	-1.5368	-0.4708	-0.417	
12.78	-1.274	-0.5873	-1.3509	
12.79	-1.1799	-0.6843	-1.8787	
12.8	-0.952	-0.7675	-1.7004	
12.81	-0.8932	-0.9699	-1.2637	
12.82	-0.7226	-0.9906	-0.5857	
12.83	-0.575	-1.152	-0.1048	
12.84	-0.383	-1.2319	-0.2411	
12.85	-0.291	-1.5941	-0.889	
12.86	-0.1421	-1.7981	-1.7811	
12.87	-0.0487	-1.7321	-1.9251	
12.88	0.0394	-2.0161	-2.1866	
12.89	0.1079	-2.1048	-1.2342	
12.9	0.1651	-2.0501	-0.5422	
12.91	0.2402	-2.3266	-0.1727	
12.92	0.2746	-2.2056	-0.3852	
12.93	0.2755	-2.2213	-1.0459	
12.94	0.2659	-2.3818	-1.8775	
12.95	0.2485	-2.5067	-2.2611	
12.96	0.2297	-2.7465	-1.8645	
12.97	0.1843	-2.8993	-1.1454	
12.98	0.1684	-2.739	-0.3425	
12.99	0.0925	-2.8191	0.0101	
13.0	0.0327	-2.4239	-0.2581	
13.01	-0.0404	-2.397	-1.0258	
13.02	-0.1082	-2.4568	-1.7235	
13.03	-0.1896	-2.7203	-1.9589	
13.04	-0.2653	-2.2471	-1.3524	
13.05	-0.3382	-2.4062	-0.623	
13.06	-0.4692	-2.1148	0.1497	
13.07	-0.4898	-2.2705	0.4141	
13.08	-0.6278	-1.9403	0.0254	
13.09	-0.6771	-2.0216	-0.705	
13.1	-0.6989	-1.9368	-1.171	
13.11	-0.8163	-1.5214	-1.3179	
13.12	-0.8825	-1.4196	-0.7937	
13.13	-0.8141	-1.4117	0.0267	
13.14	-0.9015	-1.266	0.7125	
13.15	-0.9113	-1.0234	0.7438	
13.16	-0.8062	-1.0124	0.3913	
13.17	-0.8357	-0.917	-0.369	
13.18	-0.7727	-0.746	-0.8151	
13.19	-0.7588	-0.6517	-0.8309	
13.2	-0.6491	-0.645	-0.2399	
13.21	-0.5527	-0.5086	0.6115	
13.22	-0.4311	-0.4336	1.1647	
13.23	-0.347	-0.3951	1.2324	
13.24	-0.2107	-0.3524	0.5718	
13.25	-0.0694	-0.3236	-0.1288	
13.26	0.0701	-0.3227	-0.5411	
13.27	0.2137	-0.309	-0.4485	
13.28	0.3957	-0.3511	0.2142	
13.29	0.5389	-0.3578	1.0226	
13.3	0.5973	-0.4084	1.5184	
13.31	0.8756	-0.4137	1.3546	
13.32	0.9345	-0.5096	0.6731	
13.33	1.0973	-0.6034	-0.0858	
13.34	1.1488	-0.5598	-0.4486	
13.35	1.3075	-0.6716	-0.2729	
13.36	1.4136	-0.7991	0.4426	
13.37	1.4569	-0.847	1.1613	
13.38	1.7476	-0.8556	1.5554	
13.39	1.8396	-1.0354	1.1203	
13.4	1.6784	-1.0943	0.3786	
13.41	1.6608	-1.0462	-0.3399	
13.42	1.9265	-1.1468	-0.7099	
13.43	1.7806	-1.2545	-0.3521	
13.44	1.808	-1.1438	0.3627	
13.45	2.0298	-1.2543	0.9796	
13.46	1.8492	-1.3056	1.164	
13.47	1.7473	-1.3607	0.7732	
13.48	1.6211	-1.3407	-0.0758	
13.49	1.5387	-1.343	-0.8616	
13.5	1.6054	-1.1672	-1.0268	
13.51	1.4324	-1.2564	-0.6704	
13.52	1.4542	-1.2264	0.0284	
13.53	1.2503	-1.0709	0.6476	
13.54	1.1863	-0.8894	0.6074	
13.55	1.0364	-0.8889	0.0818	
13.56	0.9912	-0.7283	-0.7388	
13.57	0.7603	-0.5315	-1.3327	
13.58	0.6451	-0.4374	-1.6835	
13.59	0.5264	-0.3161	-1.0879	
13.6	0.5206	-0.144	-0.3957	
13.61	0.3652	0.0245	0.0986	
13.62	0.3171	0.2052	0.0137	
13.63	0.2381	0.3874	-0.6327	
13.64	0.1537	0.5358	-1.5269	
13.65	0.1232	0.637	-1.9982	
13.66	0.0768	0.9251	-2.1499	
13.67	0.0633	0.9464	-1.5014	
13.68	0.0502	1.1029	-0.7225	
13.69	0.059	1.4325	-0.36	
13.7	0.0734	1.5532	-0.5426	
13.71	0.1109	1.7	-1.3101	
13.72	0.1688	1.5759	-2.1544	
13.73	0.2339	1.7811	-2.6486	
13.74	0.2789	1.6999	-2.3609	
13.75	0.3746	2.0967	-1.7016	
13.76	0.4506	1.8842	-1.0596	
13.77	0.581	2.0675	-0.6569	
13.78	0.6374	2.165	-1.013	
13.79	0.8391	2.1244	-1.6129	
13.8	0.9034	2.0126	-2.5599	
13.81	0.9418	2.1348	-2.5821	
13.82	1.0782	2.0773	-2.5382	
13.83	1.2538	2.089	-1.8186	
13.84	1.274	1.7568	-1.0427	
13.85	1.3633	1.6157	-0.7521	
13.86	1.3902	1.6454	-1.0464	
13.87	1.6722	1.4888	-1.9097	
13.88	1.7364	1.4552	-2.4653	
13.89	1.625	1.5613	-2.7112	
13.9	1.7466	1.4578	-2.1879	
13.91	1.6027	1.1235	-1.3174	
13.92	1.7724	1.1179	-0.7675	
13.93	1.7149	1.0448	-0.5523	
13.94	1.604	0.9524	-0.9695	
13.95	1.6669	0.8622	-1.7655	
13.96	1.6319	0.836	-2.1485	
13.97	1.4797	0.6872	-2.484	
13.98	1.5523	0.5912	-1.6818	
13.99	1.5671	0.6113	-0.8371	
14.0	1.2427	0.5554	-0.2997	
14.01	1.3279	0.5072	-0.1786	
14.02	1.054	0.4527	-0.7003	
14.03	1.0388	0.532	-1.3118	
14.04	0.9149	0.471	-1.8124	
14.05	0.6427	0.5611	-1.7365	
14.06	0.5216	0.5505	-1.0686	
14.07	0.4129	0.5525	-0.3019	
14.08	0.3144	0.6676	0.2701	
14.09	0.1692	0.6846	0.2361	
14.1	0.024	0.8129	-0.3216	
14.11	-0.0989	0.9402	-1.0879	
14.12	-0.2159	0.9308	-1.5182	
14.13	-0.2928	0.9967	-1.2173	
14.14	-0.3875	1.1652	-0.5402	
14.15	-0.4592	1.168	0.2947	
14.16	-0.5975	1.2462	0.7239	
14.17	-0.5907	1.3665	0.574	
14.18	-0.6184	1.5342	-0.0356	
14.19	-0.6898	1.7551	-0.7153	
14.2	-0.7156	1.9118	-1.1667	
14.21	-0.7092	1.8491	-0.7716	
14.22	-0.6683	1.7902	-0.0573	
14.23	-0.6169	1.9052	0.6378	
14.24	-0.5905	2.172	1.0115	
14.25	-0.5591	2.1368	0.6813	
14.26	-0.4723	2.292	0.0191	
14.27	-0.3371	1.9659	-0.6211	
14.28	-0.2875	1.9627	-0.9444	
14.29	-0.1938	2.133	-0.622	
14.3	-0.0828	2.0931	0.1611	
14.31	0.0309	1.8619	0.7544	
14.32	0.1417	1.9974	0.9702	
14.33	0.2573	1.7307	0.55	
14.34	0.3755	1.8295	-0.1861	
14.35	0.4471	1.5561	-0.87	
14.36	0.5539	1.4172	-1.0762	
14.37	0.6209	1.2915	-0.5855	
14.38	0.7283	1.166	0.105	
14.39	0.7719	1.1522	0.6979	
14.4	0.8812	1.0976	0.697	
14.41	0.9943	0.8382	0.1588	
14.42	1.0498	0.7462	-0.6858	
14.43	0.894	0.5112	-1.4056	
14.44	1.0809	0.4267	-1.3004	
14.45	0.974	0.2776	-0.9396	
14.46	0.9113	0.1121	-0.1761	
14.47	0.9918	-0.0082	0.2622	
14.48	0.7972	-0.1267	0.1766	
14.49	0.8652	-0.2398	-0.4591	
14.5	0.6815	-0.3324	-1.3789	
14.51	0.6884	-0.4624	-1.8837	
14.52	0.5424	-0.4965	-1.9468	
