0.01	0.1746	0.6552	0.3679	-0.7263	
0.02	0.323	0.9409	0.7175	1.1045	
0.03	0.5165	1.0987	0.9582	-0.3027	
0.04	0.5929	0.752	1.1639	-0.4111	
0.05	0.7739	0.3077	1.3105	1.0421	
0.06	0.9735	-0.2209	1.3642	-0.488	
0.07	1.1815	-0.5887	1.198	0.0785	
0.08	1.2918	-0.69	1.1551	1.0527	
0.09	1.4302	-0.4688	0.8613	-0.6991	
0.1	1.3381	0.0391	0.7173	0.5165	
0.11	1.4062	0.6794	0.4387	0.8709	
0.12	1.5985	1.082	0.2183	-0.5786	
0.13	1.8046	1.3721	0.0477	0.9413	
0.14	1.8128	1.2441	-0.0596	0.608	
0.15	1.7365	0.9651	-0.0677	-0.485	
0.16	1.7014	0.4057	0.0117	1.4353	
0.17	1.6671	-0.0916	0.1906	0.3398	
0.18	1.959	-0.3923	0.4457	-0.1799	
0.19	1.6373	-0.2715	0.7487	1.5774	
0.2	1.8734	0.0948	1.1308	0.0787	
0.21	1.6089	0.6359	1.3295	0.2457	
0.22	1.7788	1.3215	1.7117	1.731	
0.23	1.6061	1.8472	1.9962	-0.1242	
0.24	1.423	1.8448	2.2406	0.7296	
0.25	1.3787	1.4971	2.5463	1.5592	
0.26	1.3098	0.9415	2.3463	-0.2411	
0.27	1.3128	0.4461	2.2438	1.2097	
0.28	1.1879	0.0543	2.2305	1.3514	
0.29	1.2399	-0.0639	2.0335	-0.1746	
0.3	1.0393	0.1439	1.6398	1.7239	
0.31	0.9819	0.6722	1.3749	0.9617	
0.32	1.0324	1.2171	1.1026	0.0509	
0.33	0.9511	1.9435	0.9601	1.7384	
0.34	0.8937	1.9202	0.7597	0.6276	
0.35	0.8765	2.1232	0.785	0.348	
0.36	0.7274	1.6736	0.7629	2.0169	
0.37	0.7515	1.0186	0.864	0.3664	
0.38	0.7597	0.5562	1.0134	0.8203	
0.39	0.7084	0.2226	1.3024	1.8366	
0.4	0.7601	0.2632	1.503	0.2132	
0.41	0.7924	0.5817	2.0305	1.1789	
0.42	0.7189	1.1407	2.28	1.7565	
0.43	0.7404	1.8778	2.7362	0.1313	
0.44	0.8816	1.9723	2.5966	1.8267	
0.45	0.9529	2.4658	2.6365	1.5792	
0.46	0.8917	1.9528	2.7044	0.2166	
0.47	0.9964	1.4067	2.5851	2.1392	
0.48	1.0494	0.9818	2.7632	1.0936	
0.49	1.242	0.474	2.6178	0.4416	
0.5	1.4574	0.3698	2.2692	2.1338	
0.51	1.4236	0.5943	1.8257	0.8896	
0.52	1.7162	0.9659	1.5653	0.8075	
0.53	1.6823	1.6874	1.1647	2.4161	
0.54	1.7285	2.1389	1.0438	0.5873	
0.55	1.9787	2.4237	0.8328	1.2258	
0.56	1.8801	2.1588	0.6962	2.257	
0.57	2.2974	2.0964	0.7541	0.4526	
0.58	2.3248	1.4949	0.9488	1.8237	
0.59	2.2368	0.9172	1.1218	1.9624	
0.6	2.4888	0.5251	1.2459	0.3907	
0.61	2.5621	0.555	1.6436	2.2314	
0.62	2.6853	0.7828	2.0565	1.71	
0.63	2.5907	1.4618	2.0399	0.4672	
0.64	2.5969	1.8797	2.399	2.3662	
0.65	3.1238	2.4452	2.6452	1.1871	
0.66	3.0164	2.3975	2.3179	0.7934	
0.67	2.7385	2.1173	2.4915	2.3851	
0.68	2.6625	1.6071	2.172	0.8791	
0.69	2.7134	1.2349	1.8186	1.2341	
0.7	2.672	0.7032	1.5067	2.6146	
0.71	2.6819	0.4678	1.2721	0.5859	
0.72	2.8779	0.7039	0.9366	1.4053	
0.73	2.7089	1.138	0.6346	2.3911	
0.74	2.7386	1.7744	0.3482	0.5525	
0.75	2.3669	2.0611	0.1342	1.8164	
0.76	2.5563	2.3378	0.0348	1.7829	
0.77	2.39	2.5192	0.0174	0.5306	
0.78	2.4562	2.1375	0.0899	2.2774	
0.79	1.9906	1.5082	0.2327	1.6595	
0.8	1.882	0.9087	0.4133	0.6288	
0.81	1.9593	0.5377	0.7399	2.2586	
0.82	1.69	0.5054	0.9228	1.121	
0.83	1.501	0.8186	1.1709	1.0025	
0.84	1.4438	1.3854	1.4007	2.2767	
0.85	1.1818	1.89	1.4707	0.8184	
0.86	1.0788	2.3274	1.5748	1.3884	
0.87	0.9495	2.373	1.5565	2.1336	
0.88	0.8031	2.0709	1.2621	0.5309	
0.89	0.7122	1.668	0.9944	1.6696	
0.9	0.6715	1.0841	0.7656	2.2699	
0.91	0.5741	0.5597	0.4232	0.4132	
0.92	0.3972	0.3337	0.0579	2.1657	
0.93	0.3016	0.4686	-0.2774	1.7215	
0.94	0.2419	0.8675	-0.5987	0.5294	
0.95	0.1981	1.598	-0.7732	2.2889	
0.96	0.1415	1.8647	-0.8745	1.3101	
0.97	0.0855	2.3433	-1.092	0.7145	
0.98	0.0648	2.3242	-0.9552	2.5633	
0.99	0.0386	1.8097	-0.8358	0.9069	
1.0	0.0363	1.1463	-0.6211	0.863	
1.01	0.0369	0.5607	-0.3326	2.4532	
1.02	0.0605	0.253	-0.1129	0.5951	
1.03	0.0833	0.1717	0.1392	1.2058	
1.04	0.1084	0.4594	0.3577	2.0109	
1.05	0.1698	1.084	0.5314	0.3482	
1.06	0.2053	1.5484	0.6085	1.5329	
1.07	0.2872	1.825	0.5588	1.6492	
1.08	0.3202	1.9001	0.4381	0.2913	
1.09	0.3659	1.6912	0.2398	1.8376	
1.1	0.463	1.4106	-0.0244	1.3587	
1.11	0.484	0.7087	-0.3359	0.3619	
1.12	0.569	0.1917	-0.6701	2.2097	
1.13	0.6457	-0.0492	-0.9929	1.0239	
1.14	0.7451	0.0621	-1.368	0.5573	
1.15	0.7039	0.4586	-1.4212	2.0918	
1.16	0.8734	1.1256	-1.5595	0.633	
1.17	0.885	1.6598	-1.7349	0.9253	
1.18	0.7897	1.8383	-1.8249	1.9286	
1.19	0.8903	1.8864	-1.4653	0.2373	
1.2	0.8044	1.2469	-1.4855	1.1649	
1.21	0.9221	0.7515	-1.1845	1.7492	
1.22	0.9141	0.1759	-0.7543	0.0679	
1.23	0.908	-0.1898	-0.5554	1.5515	
1.24	0.8683	-0.2446	-0.2419	1.4189	
1.25	0.7656	0.0072	-0.0582	0.0336	
1.26	0.74	0.5538	0.0563	1.659	
1.27	0.5952	1.1315	0.0911	0.9924	
1.28	0.5137	1.4067	0.0354	0.1361	
1.29	0.381	1.4828	-0.117	1.881	
1.3	0.2774	1.4131	-0.3414	0.5329	
1.31	0.1749	0.9074	-0.6625	0.4034	
1.32	0.0399	0.2467	-0.9551	1.932	
1.33	-0.0869	-0.2519	-1.1918	0.1626	
1.34	-0.2443	-0.459	-1.5507	0.6943	
1.35	-0.3994	-0.3596	-1.59	1.6717	
1.36	-0.546	0.0079	-1.7287	-0.1192	
1.37	-0.7687	0.5235	-2.0511	0.9751	
1.38	-0.8369	1.0935	-1.8791	1.2626	
1.39	-0.9918	1.3784	-1.7073	-0.267	
1.4	-1.0849	1.3016	-1.4098	1.3861	
1.41	-1.3777	0.8942	-1.2587	1.0518	
1.42	-1.3403	0.3284	-0.8963	-0.2691	
1.43	-1.478	-0.2117	-0.6232	1.3727	
1.44	-1.688	-0.6754	-0.3556	0.5475	
1.45	-1.8198	-0.627	-0.0843	-0.0849	
1.46	-1.9875	-0.4591	0.094	1.7361	
1.47	-2.2533	0.0749	0.1773	0.1007	
1.48	-2.1904	0.6049	0.192	0.1733	
1.49	-2.3292	1.0392	0.0793	1.4377	
1.5	-2.4901	1.2821	-0.0952	-0.2757	
1.51	-2.2363	1.0313	-0.3186	0.4894	
1.52	-2.1645	0.5003	-0.667	1.3989	
1.53	-2.1757	-0.0949	-0.8863	-0.4738	
1.54	-2.2808	-0.643	-1.1955	0.8736	
1.55	-2.1861	-0.9114	-1.4004	0.9072	
1.56	-2.5553	-0.6859	-1.5236	-0.6041	
1.57	-2.331	-0.3905	-1.5692	1.0575	
1.58	-2.1439	0.2051	-1.5029	0.4849	
1.59	-2.2645	0.7655	-1.4827	-0.4768	
1.6	-2.2939	1.1	-1.2234	1.1941	
1.61	-2.1814	0.9321	-0.9073	0.0906	
1.62	-2.1408	0.6136	-0.7131	-0.2879	
1.63	-2.0514	0.1058	-0.3207	1.1938	
1.64	-1.953	-0.4779	-0.0224	-0.3047	
1.65	-1.8474	-0.9327	0.2486	0.0191	
1.66	-1.4616	-1.0487	0.4811	1.1235	
1.67	-1.4053	-0.7391	0.5897	-0.6201	
1.68	-1.4373	-0.182	0.6021	0.349	
1.69	-1.2073	0.4118	0.5485	0.9928	
1.7	-1.329	0.8658	0.3949	-0.7367	
1.71	-1.187	0.9506	0.2049	0.7223	
1.72	-1.1393	0.8902	-0.0692	0.5066	
1.73	-0.9071	0.3464	-0.3546	-0.8671	
1.74	-0.8848	-0.2431	-0.701	0.9978	
1.75	-0.9452	-0.8136	-0.9011	0.1326	
1.76	-0.8505	-1.0736	-0.9678	-0.646	
1.77	-0.8423	-0.9748	-1.1752	1.1165	
1.78	-0.6911	-0.4857	-1.1761	-0.2658	
1.79	-0.7457	0.0786	-1.1234	-0.4003	
1.8	-0.7753	0.6752	-0.8574	1.1463	
1.81	-0.8066	0.9424	-0.6005	-0.6795	
1.82	-0.8503	0.9559	-0.33	-0.045	
1.83	-0.8211	0.618	-0.0431	0.9176	
1.84	-0.9565	0.0774	0.2883	-0.8295	
1.85	-0.934	-0.5228	0.5862	0.313	
1.86	-1.0683	-0.9291	0.7424	0.696	
1.87	-1.0109	-1.0036	0.9414	-1.0389	
1.88	-1.0744	-0.7362	0.9177	0.6563	
1.89	-1.2636	-0.1801	0.999	0.2514	
1.9	-1.2594	0.4333	0.8142	-0.8806	
1.91	-1.4199	0.8384	0.6102	0.8685	
1.92	-1.6253	1.0794	0.2985	-0.1472	
1.93	-1.7658	0.988	-0.0002	-0.6959	
1.94	-1.5416	0.4273	-0.3255	1.0747	
1.95	-1.6963	-0.1196	-0.6186	-0.5681	
1.96	-1.7253	-0.6334	-0.8626	-0.3996	
1.97	-2.14	-0.9307	-0.9372	0.8781	
1.98	-2.054	-0.7966	-0.9866	-0.7803	
1.99	-2.0995	-0.3501	-1.0089	0.0152	
2.0	-2.2639	0.219	-0.7593	0.8352	
2.01	-2.4396	0.8084	-0.5842	-0.9917	
2.02	-2.393	1.1684	-0.3739	0.4015	
2.03	-2.1647	1.1689	-0.0648	0.4479	
2.04	-2.3491	0.8457	0.2552	-0.9745	
2.05	-2.4996	0.3307	0.5248	0.6983	
2.06	-2.1879	-0.2284	0.6837	0.0876	
2.07	-2.2069	-0.5847	0.8888	-0.8447	
2.08	-2.416	-0.6767	1.0243	0.8657	
2.09	-2.0641	-0.4661	0.901	-0.2765	
2.1	-1.976	0.0735	0.7068	-0.5175	
2.11	-1.8357	0.7084	0.6228	0.9362	
2.12	-1.9511	1.066	0.3134	-0.6733	
2.13	-2.0037	1.2709	-0.0153	-0.1994	
2.14	-1.8217	1.3315	-0.3202	1.011	
2.15	-1.6641	0.8535	-0.6663	-0.8599	
2.16	-1.3856	0.2672	-0.8279	0.2315	
2.17	-1.3099	-0.2446	-1.0487	0.704	
2.18	-1.1606	-0.5351	-1.1706	-0.8514	
2.19	-0.94	-0.4384	-1.084	0.6529	
2.2	-0.9412	0.0007	-1.1779	0.3881	
2.21	-0.7176	0.5907	-0.8711	-0.8171	
2.22	-0.5521	1.1484	-0.7176	0.8564	
2.23	-0.4125	1.5719	-0.4023	0.0606	
2.24	-0.2666	1.6575	-0.1418	-0.6244	
2.25	-0.1405	1.3831	0.1175	1.0311	
2.26	-0.0011	0.7543	0.3746	-0.2755	
2.27	0.1316	0.2279	0.4747	-0.3165	
2.28	0.2636	-0.1716	0.6177	1.2572	
2.29	0.3415	-0.2373	0.5621	-0.6076	
2.3	0.4217	-0.005	0.4917	0.1156	
2.31	0.5324	0.5006	0.2628	0.9408	
2.32	0.6574	1.1622	0.0192	-0.6774	
2.33	0.6873	1.6848	-0.2914	0.588	
2.34	0.7523	1.8609	-0.6561	0.8929	
2.35	0.8397	1.8134	-0.8804	-0.6934	
2.36	0.7639	1.392	-1.2965	0.9602	
2.37	0.8516	0.7275	-1.3339	0.527	
2.38	0.9099	0.2616	-1.4374	-0.5978	
2.39	0.8038	-0.0054	-1.6888	1.1464	
2.4	0.7706	0.0672	-1.3855	0.1508	
2.41	0.7916	0.4887	-1.3444	-0.3254	
2.42	0.7178	1.0754	-1.245	1.2459	
2.43	0.6653	1.5603	-0.8388	-0.1545	
2.44	0.5756	2.1658	-0.559	0.0895	
2.45	0.5465	2.2361	-0.3063	1.5148	
2.46	0.5263	1.9783	-0.064	-0.3874	
2.47	0.4038	1.4255	0.1376	0.536	
2.48	0.3499	0.693	0.2369	1.2429	
2.49	0.2611	0.3308	0.2816	-0.4622	
2.5	0.1918	0.2383	0.1896	0.9263	
2.51	0.1435	0.4454	0.0521	0.9241	
2.52	0.0625	0.9813	-0.1951	-0.4137	
2.53	-0.0005	1.6801	-0.4163	1.4473	
2.54	-0.0561	2.2581	-0.8195	0.6316	
2.55	-0.1022	2.3305	-1.1296	-0.2214	
2.56	-0.1552	2.0166	-1.3329	1.588	
2.57	-0.1895	1.9184	-1.4402	0.3608	
2.58	-0.1926	1.1685	-1.7347	0.1491	
2.59	-0.2267	0.6575	-1.7399	1.6958	
2.6	-0.2223	0.4652	-1.697	0.0594	
2.61	-0.1869	0.5248	-1.5734	0.611	
2.62	-0.1933	0.7828	-1.4092	1.6738	
2.63	-0.1401	1.3143	-1.1615	-0.1033	
2.64	-0.1075	2.223	-0.784	0.9453	
2.65	-0.038	2.4955	-0.4333	1.5045	
2.66	0.0323	2.701	-0.1477	-0.1387	
2.67	0.1159	2.0705	0.09	1.5518	
2.68	0.2044	1.7304	0.2734	1.318	
2.69	0.309	1.1515	0.3747	-0.0227	
2.7	0.4317	0.6869	0.3133	1.635	
2.71	0.5453	0.5486	0.2173	0.8712	
2.72	0.6031	0.8449	0.0477	0.2499	
2.73	0.7206	1.3157	-0.1786	2.0577	
2.74	0.9952	1.7368	-0.5024	0.6103	
2.75	1.0825	2.5385	-0.7828	0.6371	
2.76	1.1623	2.6171	-1.0613	1.9787	
2.77	1.3444	2.6267	-1.2589	0.292	
2.78	1.5902	1.9656	-1.2511	1.0962	
2.79	1.6491	1.6084	-1.4327	2.0462	
2.8	1.7295	1.0679	-1.4584	0.2031	
2.81	1.7479	0.6602	-1.2145	1.5239	
2.82	1.9508	0.6676	-0.9931	1.763	
2.83	1.9513	1.0852	-0.7201	0.2231	
2.84	1.9826	1.5664	-0.3699	1.9872	
2.85	2.0063	2.0009	-0.0444	1.2711	
2.86	2.3253	2.6606	0.3034	0.3738	
2.87	2.2435	2.673	0.6223	2.2144	
2.88	2.3894	2.6023	0.7595	1.0187	
2.89	2.4413	1.9003	0.9983	0.6951	
2.9	2.209	1.3225	0.9394	2.4962	
2.91	2.5145	0.8808	0.8778	0.74	
2.92	2.2121	0.6886	0.7221	1.1817	
2.93	2.1284	0.7718	0.5819	2.1505	
2.94	2.4218	1.3056	0.305	0.5942	
2.95	2.1168	1.8702	0.0715	1.6488	
2.96	1.9129	2.2557	-0.1926	2.0646	
2.97	2.1403	2.4635	-0.378	0.4328	
2.98	2.0706	2.3123	-0.585	1.8842	
2.99	1.947	1.9181	-0.6111	2.025	
3.0	1.8409	1.4211	-0.5925	0.4876	
3.01	1.6032	1.0365	-0.4703	2.223	
3.02	1.34	0.6371	-0.2293	1.4796	
3.03	1.4912	0.6743	0.0523	0.658	
3.04	1.3591	0.9578	0.3786	2.7569	
3.05	1.2263	1.465	0.6789	1.2635	
3.06	0.9249	2.2138	1.0432	0.9736	
3.07	0.9242	2.5644	1.5095	2.6946	
3.08	0.7614	2.6968	1.7432	0.8161	
3.09	0.6823	2.3924	1.6853	1.3942	
3.1	0.5307	1.6406	1.7141	2.3464	
3.11	0.5022	1.1904	1.995	0.7311	
3.12	0.3947	0.591	1.8296	1.8303	
3.13	0.3172	0.4509	1.7206	2.459	
3.14	0.2423	0.591	1.2859	0.596	
3.15	0.2206	0.9714	1.1338	2.1963	
3.16	0.1531	1.7187	0.8682	2.1122	
3.17	0.1382	1.9488	0.6147	0.8092	
3.18	0.1307	2.4566	0.4556	2.394	
3.19	0.1165	2.0733	0.2955	1.6255	
3.2	0.137	1.8795	0.3304	0.9295	
3.21	0.1594	1.2843	0.4386	2.4417	
3.22	0.1782	0.5593	0.5661	1.3221	
3.23	0.2505	0.242	0.8788	1.3373	
3.24	0.2632	0.2154	1.1717	2.422	
3.25	0.3537	0.503	1.3478	0.934	
3.26	0.385	1.0524	1.9852	1.6487	
3.27	0.5215	1.6522	2.0316	2.492	
3.28	0.543	1.9532	2.1404	0.7022	
3.29	0.6506	1.9757	2.7907	2.1074	
3.3	0.7205	1.8079	2.4024	2.0711	
3.31	0.7981	1.2563	2.7308	0.7779	
3.32	0.8337	0.6386	2.2947	2.1922	
3.33	1.097	0.1179	2.3526	1.8499	
3.34	1.0364	-0.0934	1.9536	0.8603	
3.35	1.1157	0.0263	1.6205	2.6555	
3.36	1.1204	0.4624	1.3909	1.3255	
3.37	1.1811	0.9125	1.3275	1.1739	
3.38	1.2696	1.5072	1.092	2.5599	
3.39	1.4589	1.7977	0.8802	1.0158	
3.4	1.3939	1.7493	0.709	1.3065	
3.41	1.3709	1.1423	0.8381	2.4558	
3.42	1.4893	0.5598	0.8449	0.7886	
3.43	1.4659	0.0196	1.0867	1.841	
3.44	1.5884	-0.3954	1.3461	2.274	
3.45	1.379	-0.3789	1.5591	0.6744	
3.46	1.295	-0.1363	1.777	2.2144	
3.47	1.2815	0.3725	2.0451	1.9749	
3.48	1.2917	0.8464	2.582	0.6	
3.49	1.2978	1.3201	2.7422	2.3266	
3.5	1.032	1.2534	2.5789	1.5953	
3.51	1.0604	1.1151	2.4859	0.7479	
3.52	0.9735	0.5207	2.6239	2.4457	
3.53	0.7324	-0.0472	2.5446	1.07	
3.54	0.6685	-0.6128	2.1273	1.0327	
3.55	0.5833	-0.845	1.874	2.3411	
3.56	0.3985	-0.6829	1.3243	0.8603	
3.57	0.2817	-0.2773	1.2175	1.3413	
3.58	0.1049	0.2552	0.9028	2.2691	
3.59	-0.0283	0.8307	0.6131	0.5657	
3.6	-0.1585	0.9709	0.4423	1.7497	
3.61	-0.2865	0.9812	0.4662	2.1328	
3.62	-0.4402	0.5176	0.5071	0.4155	
3.63	-0.5193	-0.078	0.6247	1.9971	
3.64	-0.7048	-0.6222	0.7725	1.6025	
3.65	-0.8103	-1.0424	1.1383	0.4882	
3.66	-0.8629	-1.2053	1.2247	2.1302	
3.67	-1.0226	-0.8336	1.6041	1.2593	
3.68	-1.1304	-0.3973	1.9004	0.6146	
3.69	-1.2288	0.1509	1.8923	2.3545	
3.7	-1.221	0.5889	1.9102	0.6831	
3.71	-1.3654	0.7064	1.9068	0.8685	
3.72	-1.2047	0.3807	1.866	1.9732	
3.73	-1.3818	-0.1051	1.6753	0.3768	
3.74	-1.3383	-0.7628	1.4466	1.2112	
3.75	-1.2678	-1.3659	1.0506	2.0112	
3.76	-1.3244	-1.6455	0.6499	0.136	
3.77	-1.3904	-1.292	0.3255	1.5107	
3.78	-1.318	-1.0832	-0.0345	1.4281	
3.79	-1.222	-0.4045	-0.3198	0.0523	
3.8	-1.0874	0.0575	-0.4677	1.9154	
3.81	-1.0155	0.3285	-0.6119	1.1512	
3.82	-1.031	0.2764	-0.5541	0.1314	
3.83	-0.8278	-0.1375	-0.5475	1.9836	
3.84	-0.7465	-0.6931	-0.3631	0.6047	
3.85	-0.7384	-1.3622	-0.1786	0.2978	
3.86	-0.5962	-1.6949	0.0721	1.733	
3.87	-0.5446	-1.8688	0.2965	0.1788	
3.88	-0.4408	-1.584	0.5655	0.6144	
3.89	-0.3286	-0.9661	0.6427	1.5416	
3.9	-0.2171	-0.4865	0.8375	-0.1458	
3.91	-0.1438	-0.0625	0.7684	0.9276	
3.92	-0.0746	0.0594	0.6014	1.2738	
3.93	0.0035	-0.1744	0.448	-0.3388	
3.94	0.0698	-0.6701	0.205	1.1757	
3.95	0.1307	-1.2077	-0.1402	1.0198	
3.96	0.1594	-1.7245	-0.5156	-0.3884	
3.97	0.1957	-2.1197	-0.7993	1.4913	
3.98	0.2373	-1.9728	-1.1245	0.4288	
3.99	0.216	-1.4981	-1.4494	-0.2774	
4.0	0.2458	-0.9267	-1.8999	1.4082	
4.01	0.2074	-0.4214	-1.7088	-0.0059	
4.02	0.1781	-0.16	-1.9181	-0.0492	
4.03	0.1661	-0.2007	-1.8769	1.4597	
4.04	0.1046	-0.6202	-1.821	-0.3863	
4.05	0.0433	-1.1194	-1.4725	0.2193	
4.06	-0.0208	-1.5836	-1.2193	1.1472	
4.07	-0.1098	-2.2241	-0.9078	-0.7502	
4.08	-0.1758	-2.1101	-0.7213	0.5344	
4.09	-0.2962	-2.1325	-0.5726	0.7672	
4.1	-0.3868	-1.3976	-0.4073	-0.8796	
4.11	-0.5293	-0.8512	-0.4204	0.7689	
4.12	-0.573	-0.4339	-0.4453	0.3239	
4.13	-0.7398	-0.2589	-0.5477	-0.8176	
4.14	-0.7859	-0.4842	-0.7924	0.8991	
4.15	-0.898	-0.8795	-1.0973	-0.1802	
4.16	-1.0907	-1.6997	-1.4136	-0.6757	
4.17	-1.1127	-1.8699	-1.6879	0.9106	
4.18	-1.2306	-2.0864	-2.2366	-0.6772	
4.19	-1.3405	-2.3926	-2.2116	-0.3841	
4.2	-1.4256	-1.7351	-2.5284	0.857	
4.21	-1.3647	-1.3015	-2.8201	-1.083	
4.22	-1.4261	-0.7492	-2.5664	-0.1198	
4.23	-1.5835	-0.3701	-2.8832	0.5602	
4.24	-1.7863	-0.3642	-2.4219	-1.3081	
4.25	-1.8067	-0.6717	-2.5226	0.1845	
4.26	-1.6125	-1.1848	-2.1396	0.1299	
4.27	-1.7524	-1.8959	-1.903	-1.3526	
4.28	-1.7142	-2.2781	-1.4522	0.3978	
4.29	-1.5886	-2.5328	-1.1556	-0.3318	
4.3	-1.6248	-2.2629	-1.0531	-1.3085	
4.31	-1.5478	-1.4987	-0.9374	0.4873	
4.32	-1.6934	-0.9827	-0.9742	-0.8656	
4.33	-1.4333	-0.4558	-1.0491	-1.07	
4.34	-1.3595	-0.2974	-1.1287	0.446	
4.35	-1.4319	-0.4719	-1.5347	-1.1164	
4.36	-1.2937	-1.0251	-1.6218	-0.7337	
4.37	-1.1388	-1.586	-2.1476	0.3218	
4.38	-1.0162	-2.0142	-2.2975	-1.5075	
4.39	-0.852	-2.4716	-2.5447	-0.3954	
4.4	-0.7786	-2.2406	-2.8334	-0.0193	
4.41	-0.5777	-1.8872	-2.6429	-1.6632	
4.42	-0.4534	-1.1915	-2.947	-0.1328	
4.43	-0.3762	-0.5995	-2.6736	-0.4611	
4.44	-0.2367	-0.2493	-2.7914	-1.555	
4.45	-0.1033	-0.2651	-2.5015	0.0742	
4.46	0.0123	-0.5484	-2.1395	-0.9166	
4.47	0.133	-0.9934	-1.642	-1.4139	
4.48	0.203	-1.6178	-1.3706	0.1438	
4.49	0.2947	-2.0022	-1.1137	-1.3921	
4.5	0.4304	-2.1931	-0.7789	-1.3229	
4.51	0.4477	-1.7167	-0.6432	0.0849	
4.52	0.5402	-1.3985	-0.5324	-1.783	
4.53	0.6354	-0.739	-0.5383	-1.0251	
4.54	0.5696	-0.2989	-0.6727	-0.1409	
4.55	0.5928	-0.063	-0.9249	-1.7587	
4.56	0.6937	-0.2158	-1.1097	-0.6666	
4.57	0.6075	-0.6952	-1.2798	-0.4687	
4.58	0.6953	-1.1399	-1.7052	-2.1388	
4.59	0.6027	-1.5818	-2.0381	-0.3687	
4.6	0.5556	-1.9508	-2.2372	-0.7947	
4.61	0.5556	-1.7752	-2.1869	-2.0062	
4.62	0.4241	-1.3679	-2.2842	-0.1434	
4.63	0.412	-0.9116	-1.9473	-1.1989	
4.64	0.2941	-0.2842	-1.9101	-1.7176	
4.65	0.2294	0.0637	-1.8183	-0.1138	
4.66	0.1343	0.0978	-1.4534	-1.674	
4.67	0.0474	-0.1995	-1.0275	-1.5096	
4.68	-0.0578	-0.6559	-0.6344	-0.2041	
4.69	-0.1416	-1.1679	-0.2941	-2.1564	
4.7	-0.2513	-1.7874	-0.0107	-1.0908	
4.71	-0.3653	-1.831	0.1923	-0.4705	
4.72	-0.4104	-1.5607	0.3377	-2.3662	
4.73	-0.5219	-1.0047	0.4206	-0.747	
4.74	-0.6759	-0.3484	0.3042	-0.7786	
4.75	-0.7584	0.118	0.1853	-1.9698	
4.76	-0.7973	0.3144	-0.0006	-0.4457	
4.77	-0.8925	0.22	-0.2289	-1.3018	
4.78	-0.8781	-0.197	-0.4606	-2.0529	
4.79	-0.8447	-0.6962	-0.7791	-0.2686	
4.8	-0.9726	-1.3686	-0.9623	-1.4525	
4.81	-1.0028	-1.4718	-1.138	-1.7121	
4.82	-0.9321	-1.4077	-1.1879	-0.2488	
4.83	-1.0494	-1.1399	-0.9621	-1.9926	
4.84	-0.9796	-0.508	-0.9236	-1.3746	
4.85	-0.9655	0.0916	-0.6658	-0.3799	
4.86	-0.8345	0.4346	-0.3783	-2.0258	
4.87	-0.8313	0.5063	-0.0379	-0.9389	
4.88	-0.7913	0.2358	0.3152	-0.6582	
4.89	-0.6868	-0.2521	0.6258	-2.3645	
4.9	-0.5468	-0.8375	0.9954	-0.5548	
4.91	-0.5134	-1.2261	1.1929	-0.9546	
4.92	-0.3998	-1.4158	1.3354	-2.2341	
4.93	-0.2341	-1.1342	1.3216	-0.3165	
4.94	-0.1396	-0.6261	1.3113	-1.2812	
4.95	-0.0198	0.0092	1.2725	-1.9214	
4.96	0.0988	0.4891	1.132	-0.1926	
4.97	0.2067	0.8126	0.856	-1.6406	
4.98	0.3547	0.6424	0.5829	-1.6115	
4.99	0.4851	0.2246	0.2704	-0.2267	
5.0	0.5873	-0.3507	0.0644	-2.0728	
5.01	0.6436	-0.7909	-0.1154	-1.1567	
5.02	0.7022	-1.2123	-0.1917	-0.3975	
5.03	0.7968	-1.1768	-0.1841	-2.2348	
5.04	0.9119	-0.7586	-0.1127	-0.7646	
5.05	0.9877	-0.1287	0.075	-0.5781	
5.06	1.0193	0.4012	0.3131	-1.9325	
5.07	1.1464	0.7945	0.6668	-0.3772	
5.08	1.0905	0.8357	1.0168	-1.0335	
5.09	1.187	0.5523	1.3329	-1.9005	
5.1	1.1399	0.0987	1.4339	-0.1585	
5.11	1.1358	-0.4309	1.805	-1.2499	
5.12	1.2596	-0.9235	2.0322	-1.7174	
5.13	1.1325	-0.9779	2.0454	-0.0511	
5.14	1.1575	-0.849	2.0496	-1.6124	
5.15	1.0659	-0.3092	1.842	-1.2953	
5.16	1.0944	0.2882	1.6946	-0.0968	
5.17	0.8988	0.7353	1.2786	-1.7734	
5.18	0.8375	0.972	1.0705	-0.8519	
5.19	0.7337	0.9101	0.8733	-0.2938	
5.2	0.6775	0.5227	0.5783	-1.8483	
5.21	0.5926	-0.1031	0.326	-0.4367	
5.22	0.4513	-0.5765	0.1693	-0.5361	
5.23	0.3036	-1.004	0.0945	-1.887	
5.24	0.2083	-0.9346	0.1305	-0.0808	
5.25	0.09	-0.5363	0.2438	-0.8812	
5.26	-0.026	0.0096	0.4116	-1.5937	
5.27	-0.1282	0.6287	0.763	0.1202	
5.28	-0.2282	0.8682	0.9316	-1.358	
5.29	-0.343	1.0753	1.3929	-1.416	
5.3	-0.47	0.7287	1.6072	0.1914	
5.31	-0.5015	0.2522	1.6312	-1.5123	
5.32	-0.6171	-0.3787	1.8095	-0.9353	
5.33	-0.6744	-0.8004	1.965	0.0953	
5.34	-0.6738	-0.9089	2.1531	-1.7857	
5.35	-0.8018	-0.7092	1.8526	-0.3889	
5.36	-0.8067	-0.2999	1.7136	-0.1222	
5.37	-0.892	0.2649	1.3453	-1.8251	
5.38	-0.8202	0.7985	1.0122	-0.026	
5.39	-0.9284	1.0906	0.7552	-0.3857	
5.4	-0.859	0.8108	0.446	-1.457	
5.41	-0.764	0.5108	0.1527	0.2752	
5.42	-0.6991	-0.0964	-0.0499	-0.8329	
5.43	-0.6734	-0.5907	-0.1694	-1.2614	
5.44	-0.6705	-1.0656	-0.1822	0.464	
5.45	-0.6418	-1.0351	-0.0996	-1.074	
5.46	-0.4657	-0.6671	0.0459	-0.84	
5.47	-0.3843	-0.1203	0.2628	0.4874	
5.48	-0.3487	0.4368	0.5752	-1.4156	
5.49	-0.2034	0.8697	0.8492	-0.4498	
5.5	-0.1285	0.9423	1.1432	0.328	
5.51	-0.0105	0.5955	1.3452	-1.426	
5.52	0.0912	0.09	1.5393	0.0112	
5.53	0.2048	-0.5431	1.6739	0.0649	
5.54	0.3233	-0.9759	1.4472	-1.4895	
5.55	0.387	-1.0583	1.5382	0.4015	
5.56	0.486	-1.0355	1.2107	-0.2822	
5.57	0.6145	-0.5851	1.0413	-1.2118	
5.58	0.734	0.0175	0.6163	0.5933	
5.59	0.8324	0.5281	0.3642	-0.5633	
5.6	0.7549	0.6927	0.0068	-0.7811	
5.61	0.8364	0.6279	-0.2567	0.7748	
5.62	0.9697	0.2024	-0.4692	-0.9005	
5.63	1.0064	-0.3584	-0.5995	-0.4605	
5.64	1.0629	-0.8915	-0.6384	0.6817	
5.65	1.0379	-1.4049	-0.6019	-1.0811	
5.66	0.9316	-1.2573	-0.515	-0.0017	
5.67	0.9684	-0.98	-0.3024	0.4633	
5.68	1.0279	-0.5317	-0.057	-1.1268	
5.69	0.8728	0.0742	0.2416	0.3676	
5.7	0.8262	0.4276	0.5442	0.1817	
5.71	0.8347	0.4937	0.7568	-1.1331	
5.72	0.6427	0.2674	0.9141	0.6543	
5.73	0.586	-0.2472	0.9683	-0.155	
5.74	0.5636	-0.8715	1.0803	-0.8275	
5.75	0.3939	-1.2602	1.0601	0.8671	
5.76	0.33	-1.6194	0.8949	-0.4976	
5.77	0.1965	-1.5334	0.6653	-0.4957	
5.78	0.097	-1.1116	0.3172	1.0187	
5.79	-0.0194	-0.4706	0.0304	-0.74	
5.8	-0.1262	0.0412	-0.2621	-0.0714	
5.81	-0.2524	0.2629	-0.5434	0.8469	
5.82	-0.388	0.1968	-0.7391	-1.0336	
5.83	-0.4766	-0.2125	-1.036	0.3367	
5.84	-0.533	-0.8358	-1.078	0.5518	
5.85	-0.7047	-1.3257	-0.9766	-0.8872	
5.86	-0.6751	-1.9269	-0.9241	0.7371	
5.87	-0.7822	-1.9774	-0.6363	0.2533	
5.88	-0.7954	-1.3994	-0.4054	-0.9103	
5.89	-0.9724	-0.9433	-0.1051	0.9627	
5.9	-0.9723	-0.4788	0.2162	-0.151	
5.91	-1.0944	-0.063	0.4866	-0.5454	
5.92	-1.0621	0.018	0.7165	1.0612	
5.93	-1.01	-0.2558	0.8225	-0.5027	
5.94	-0.9484	-0.7512	0.9001	-0.238	
5.95	-0.9336	-1.2498	1.0083	1.1363	
5.96	-0.9616	-2.0595	0.8032	-0.8083	
5.97	-0.9535	-2.2847	0.5837	0.1609	
5.98	-0.7895	-1.9508	0.3462	0.7675	
5.99	-0.7669	-1.5225	0.0804	-0.8465	
6.0	-0.6649	-1.0588	-0.1977	0.5769	
6.01	-0.5903	-0.4868	-0.4754	0.5188	
6.02	-0.537	-0.2383	-0.7226	-0.953	
6.03	-0.4288	-0.2916	-0.899	0.9157	
6.04	-0.2999	-0.7665	-0.9253	0.1351	
6.05	-0.19	-1.3209	-0.9186	-0.6735	
6.06	-0.0573	-2.0661	-0.7473	1.0763	
6.07	0.0712	-2.4789	-0.5944	-0.2511	
6.08	0.1981	-2.1618	-0.3388	-0.4194	
6.09	0.2928	-1.8874	-0.0506	1.1857	
6.1	0.4142	-1.5581	0.2873	-0.5584	
6.11	0.4879	-0.8888	0.5652	-0.078	
6.12	0.6657	-0.527	0.8837	0.9117	
6.13	0.7285	-0.4375	0.9738	-0.8959	
6.14	0.7799	-0.7477	1.1269	0.3171	
6.15	0.9923	-1.3122	1.1473	0.686	
6.16	1.0687	-1.9395	1.1989	-0.9681	
6.17	0.9698	-2.4828	0.95	0.6635	
6.18	1.1848	-2.4483	0.6684	0.3343	
6.19	1.1598	-2.2393	0.4344	-0.9857	
6.2	1.1325	-2.0629	0.1864	0.9175	
6.21	1.1099	-1.3851	-0.1085	-0.0752	
6.22	1.203	-0.8695	-0.3328	-0.7265	
6.23	1.2468	-0.7052	-0.5399	1.0842	
6.24	1.1951	-0.6713	-0.6427	-0.4716	
6.25	1.0214	-1.0457	-0.6488	-0.4147	
6.26	1.1178	-1.5033	-0.565	0.9441	
6.27	0.9515	-2.1503	-0.3863	-0.8213	
6.28	0.9013	-2.7302	-0.1045	-0.0765	
6.29	0.9147	-2.4975	0.182	0.775	
6.3	0.7339	-2.3796	0.4871	-1.1399	
6.31	0.6927	-1.9907	0.7984	0.2718	
6.32	0.5293	-1.3707	1.1294	0.4477	
6.33	0.4523	-0.8984	1.3757	-1.0941	
6.34	0.3735	-0.8114	1.4596	0.5579	
6.35	0.2701	-0.9989	1.422	-0.0021	
6.36	0.1602	-1.5223	1.3452	-0.9624	
6.37	0.0491	-1.913	1.266	0.7891	
6.38	-0.051	-2.5797	1.1706	-0.4113	
6.39	-0.1513	-2.8114	0.9242	-0.8669	
6.4	-0.223	-2.8835	0.5576	0.755	
6.41	-0.301	-2.0764	0.2596	-0.779	
6.42	-0.394	-1.8242	-0.0101	-0.588	
6.43	-0.3962	-1.0922	-0.2069	0.6482	
6.44	-0.4836	-0.8499	-0.3567	-1.0472	
6.45	-0.5513	-0.8941	-0.4129	-0.1888	
6.46	-0.5037	-1.1726	-0.3307	0.3766	
6.47	-0.5454	-1.6345	-0.2192	-1.3984	
6.48	-0.562	-2.1309	-0.0223	0.1217	
6.49	-0.5392	-2.7521	0.2607	-0.009	
6.5	-0.4986	-2.5535	0.5766	-1.5101	
6.51	-0.4631	-2.4121	0.9206	0.317	
6.52	-0.4629	-1.796	1.0224	-0.4584	
6.53	-0.3752	-1.3451	1.4538	-1.2034	
6.54	-0.3117	-0.8439	1.5483	0.4535	
6.55	-0.2178	-0.7921	1.659	-0.8534	
6.56	-0.1175	-0.8438	1.5605	-1.0277	
6.57	-0.022	-1.366	1.2581	0.4303	
6.58	0.0919	-2.0041	1.23	-1.357	
6.59	0.1793	-2.407	0.8597	-0.7854	
6.6	0.3288	-2.7929	0.5678	0.2543	
6.61	0.4347	-2.7526	0.2689	-1.4297	
6.62	0.5409	-2.2315	-0.0576	-0.4217	
6.63	0.7096	-1.5789	-0.3181	-0.0921	
6.64	0.8278	-1.0357	-0.4561	-1.6955	
6.65	0.8842	-0.7122	-0.6215	-0.1331	
6.66	1.0269	-0.7194	-0.5839	-0.542	
6.67	1.1914	-0.9533	-0.5912	-1.8128	
6.68	1.224	-1.5556	-0.3451	0.0535	
6.69	1.3873	-2.0381	-0.1514	-0.8873	
6.7	1.4798	-2.5502	0.1287	-1.6148	
6.71	1.3356	-2.6358	0.3842	0.1169	
6.72	1.4553	-2.178	0.6403	-1.4955	
6.73	1.6177	-1.7955	0.8148	-1.3918	
6.74	1.4964	-0.9901	1.094	0.0125	
6.75	1.6981	-0.5576	1.1429	-1.6254	
6.76	1.648	-0.391	0.9839	-0.9955	
6.77	1.4873	-0.5746	0.9934	-0.2187	
6.78	1.5172	-0.9344	0.7192	-2.1073	
6.79	1.5411	-1.5691	0.4129	-0.654	
6.8	1.48	-2.2397	0.1075	-0.5755	
6.81	1.452	-2.2563	-0.2256	-2.0329	
6.82	1.405	-2.0484	-0.5304	-0.376	
6.83	1.1471	-1.9171	-0.9455	-1.0951	
6.84	1.068	-1.2475	-1.1311	-2.1432	
6.85	1.057	-0.6218	-1.2207	-0.2543	
6.86	0.9619	-0.2206	-1.2186	-1.5761	
6.87	0.7483	-0.1983	-1.1819	-1.8489	
6.88	0.6213	-0.4727	-1.24	-0.2508	
6.89	0.567	-0.9398	-0.97	-1.7454	
6.9	0.4253	-1.3945	-0.7552	-1.6258	
6.91	0.293	-1.8823	-0.4954	-0.4289	
6.92	0.175	-2.0098	-0.2242	-2.3295	
6.93	0.0758	-1.6827	0.0108	-1.291	
6.94	-0.0415	-1.1223	0.159	-0.6574	
6.95	-0.1569	-0.5437	0.232	-2.5606	
6.96	-0.2399	-0.049	0.2561	-0.8761	
6.97	-0.333	0.1766	0.1288	-0.9892	
6.98	-0.4084	0.0361	-0.0536	-2.6483	
6.99	-0.5278	-0.4177	-0.3219	-0.6412	
7.0	-0.6072	-0.9817	-0.6928	-1.6253	
7.01	-0.6249	-1.3144	-1.0336	-2.3155	
7.02	-0.6322	-1.6026	-1.2379	-0.5375	
7.03	-0.7477	-1.648	-1.7085	-1.8156	
7.04	-0.7305	-1.0641	-2.0668	-2.1099	
7.05	-0.6474	-0.5441	-1.8863	-0.599	
7.06	-0.6542	0.0693	-2.2522	-2.4043	
7.07	-0.6859	0.4112	-2.3527	-1.6647	
7.08	-0.6473	0.5399	-2.106	-0.8034	
7.09	-0.5405	0.2171	-1.9531	-2.575	
7.1	-0.5182	-0.2905	-1.5957	-1.4452	
7.11	-0.4255	-0.904	-1.4035	-1.1478	
7.12	-0.402	-1.1026	-1.1287	-2.7224	
7.13	-0.3466	-1.3428	-0.9146	-1.0323	
7.14	-0.237	-0.988	-0.6242	-1.4215	
7.15	-0.1352	-0.5277	-0.5298	-2.6249	
7.16	-0.0543	0.1441	-0.4527	-0.8504	
7.17	0.0346	0.5794	-0.5898	-2.0985	
7.18	0.1163	0.8717	-0.7134	-2.2468	
7.19	0.2306	0.8315	-0.873	-0.7382	
7.2	0.3154	0.325	-1.3166	-2.4283	
7.21	0.4268	-0.2061	-1.5567	-2.2397	
7.22	0.4988	-0.7174	-1.9582	-0.9467	
7.23	0.4856	-0.9884	-2.1233	-2.6176	
7.24	0.6307	-0.8181	-2.1591	-1.7316	
7.25	0.6108	-0.3985	-2.7098	-1.1689	
7.26	0.7655	0.1666	-2.822	-2.5985	
7.27	0.7906	0.8224	-2.8536	-1.3686	
7.28	0.6904	1.2247	-2.5385	-1.4081	
7.29	0.7793	1.2735	-2.5319	-2.626	
7.3	0.6929	0.8822	-2.1083	-1.2056	
7.31	0.7756	0.4621	-1.9688	-1.77	
7.32	0.6574	-0.1155	-1.631	-2.5836	
7.33	0.6255	-0.5282	-1.2871	-0.8784	
7.34	0.6045	-0.579	-0.8948	-2.1022	
7.35	0.5178	-0.3615	-0.6981	-2.3932	
7.36	0.4502	0.1749	-0.6575	-0.8265	
7.37	0.3752	0.7499	-0.6475	-2.4591	
7.38	0.2476	1.3052	-0.7315	-2.1864	
7.39	0.1347	1.6708	-0.8919	-0.8967	
7.4	0.0295	1.529	-1.1108	-2.9848	
7.41	-0.102	1.011	-1.3512	-1.5849	
7.42	-0.2134	0.4936	-1.5956	-1.2151	
7.43	-0.3599	-0.0416	-1.8065	-3.0358	
7.44	-0.4896	-0.3173	-2.2459	-1.2298	
7.45	-0.5973	-0.232	-2.4679	-1.4559	
7.46	-0.7177	0.1441	-2.5263	-2.8568	
7.47	-0.8366	0.7258	-2.2251	-0.9417	
7.48	-1.0699	1.4396	-2.2672	-1.7543	
7.49	-1.1686	1.7562	-2.1772	-2.7095	
7.5	-1.192	1.8112	-1.9763	-0.8346	
7.51	-1.4021	1.3959	-1.4691	-2.277	
7.52	-1.4978	1.059	-1.0678	-2.1689	
7.53	-1.6853	0.4194	-0.7492	-0.758	
7.54	-1.687	0.0247	-0.4825	-2.7175	
7.55	-1.8782	-0.0894	-0.2771	-1.9924	
7.56	-1.8096	0.1333	-0.0889	-1.0447	
7.57	-1.9556	0.6818	-0.0136	-2.5708	
7.58	-1.6893	1.1612	-0.0359	-1.4293	
7.59	-1.8677	1.6586	-0.139	-1.1262	
7.6	-2.0419	2.0457	-0.29	-2.6656	
7.61	-1.9768	2.01	-0.5952	-1.0852	
7.62	-1.9781	1.5748	-0.8645	-1.4324	
7.63	-1.9176	0.9019	-1.0066	-2.6577	
7.64	-1.8821	0.3666	-1.22	-0.7475	
7.65	-1.768	0.0939	-1.5447	-1.788	
7.66	-1.6841	0.1195	-1.4478	-2.4073	
7.67	-1.5489	0.4648	-1.4053	-0.6983	
7.68	-1.5079	0.9615	-1.4356	-1.9988	
7.69	-1.4255	1.6653	-1.2354	-1.9911	
7.7	-1.3988	1.9434	-0.9089	-0.6258	
7.71	-1.2739	1.9627	-0.4904	-2.1849	
7.72	-1.2106	1.7104	-0.1769	-1.5737	
7.73	-1.0637	1.2112	0.1999	-0.7773	
7.74	-0.9768	0.7042	0.5682	-2.5601	
7.75	-0.8249	0.2718	0.8696	-1.1057	
7.76	-0.723	0.1369	0.9367	-1.1533	
7.77	-0.6136	0.3595	1.041	-2.2409	
7.78	-0.5307	0.8183	1.1431	-0.6464	
7.79	-0.4175	1.2794	1.1589	-1.4612	
7.8	-0.3368	2.0182	1.0615	-2.3607	
7.81	-0.3134	2.2689	0.7277	-0.3982	
7.82	-0.2754	1.8829	0.5728	-1.609	
7.83	-0.2189	1.6733	0.2783	-1.9601	
7.84	-0.179	1.0696	0.0641	-0.3215	
7.85	-0.1422	0.4683	-0.1097	-2.0402	
7.86	-0.1602	0.1821	-0.1826	-1.4364	
7.87	-0.1482	0.1859	-0.199	-0.3662	
7.88	-0.1584	0.4818	-0.1211	-2.2566	
7.89	-0.192	1.1424	0.0401	-0.9371	
7.9	-0.2335	1.7602	0.2735	-0.5644	
7.91	-0.2594	1.8821	0.6207	-1.9283	
7.92	-0.3296	1.9077	0.994	-0.4848	
7.93	-0.42	1.6685	1.2925	-0.8153	
7.94	-0.5028	1.2677	1.6255	-1.7963	
7.95	-0.6047	0.7098	2.1004	-0.1525	
7.96	-0.6182	0.2547	2.3914	-1.1952	
7.97	-0.7493	0.0742	2.2949	-1.6457	
7.98	-0.9273	0.2296	2.3845	0.0539	
7.99	-0.9015	0.7225	2.1347	-1.3622	
8.0	-1.0541	1.3465	2.38	-1.3988	
8.01	-1.2767	1.9265	1.8286	0.1218	
8.02	-1.1941	2.0584	1.664	-1.6668	
8.03	-1.2252	1.8135	1.3998	-0.752	
8.04	-1.4987	1.4584	1.1781	0.0377	
8.05	-1.4884	0.973	1.0626	-1.606	
8.06	-1.7461	0.3751	0.7723	-0.3395	
8.07	-1.8247	-0.0033	0.7477	-0.1765	
8.08	-1.7768	-0.0153	0.8055	-1.8011	
8.09	-1.6414	0.2806	0.9467	0.0697	
8.1	-1.8891	0.8635	1.0649	-0.4112	
8.11	-1.987	1.4155	1.3777	-1.564	
8.12	-1.9651	1.6953	1.7433	0.3994	
8.13	-1.9421	1.7693	1.8461	-0.7853	
8.14	-1.6701	1.4916	2.1333	-1.074	
8.15	-1.6475	1.0561	2.7464	0.5164	
8.16	-1.8548	0.4449	2.925	-0.9539	
8.17	-1.5178	-0.0306	2.8123	-0.6175	
8.18	-1.4557	-0.2394	2.8041	0.5126	
8.19	-1.6092	-0.0828	3.1307	-1.0903	
8.2	-1.4865	0.3508	2.8549	-0.1698	
8.21	-1.1848	0.8552	2.5532	0.425	
8.22	-1.0866	1.4777	2.0628	-1.2802	
8.23	-1.0418	1.589	1.9656	0.3091	
8.24	-0.9067	1.4575	1.5838	0.2048	
8.25	-0.7244	1.2709	1.3254	-1.1023	
8.26	-0.601	0.5223	1.1781	0.7282	
8.27	-0.5297	-0.0054	1.0584	-0.114	
8.28	-0.3302	-0.3631	0.9391	-0.8806	
8.29	-0.1824	-0.4156	1.0258	0.9511	
8.3	-0.0425	-0.0984	1.1508	-0.4052	
8.31	0.0886	0.4032	1.4179	-0.5317	
8.32	0.2511	0.9079	1.5662	1.0891	
8.33	0.3753	1.4086	1.734	-0.5944	
8.34	0.4851	1.5383	2.2173	-0.0322	
8.35	0.5744	1.2156	2.1471	0.9201	
8.36	0.6412	0.6713	2.4722	-0.7413	
8.37	0.7238	0.0653	2.8884	0.4446	
8.38	0.9367	-0.3917	2.6981	0.8676	
8.39	0.873	-0.6228	2.4743	-0.8155	
8.4	0.943	-0.5078	2.2803	0.8889	
8.41	0.9739	-0.0736	2.2619	0.4985	
8.42	1.0267	0.5202	2.0515	-0.6792	
8.43	1.0914	0.9245	1.4127	1.2938	
8.44	1.0444	1.2406	1.1624	0.1841	
8.45	1.0829	1.069	0.9046	-0.3596	
8.46	1.0859	0.8106	0.5831	1.3806	
8.47	0.9898	0.1934	0.4198	-0.1068	
8.48	1.1375	-0.3874	0.26	0.0683	
8.49	0.9925	-0.7811	0.2455	1.4993	
8.5	0.8667	-0.8211	0.3194	-0.3413	
8.51	0.866	-0.5362	0.4493	0.4795	
8.52	0.7845	0.0103	0.6733	1.3304	
8.53	0.7185	0.6039	1.0013	-0.3959	
8.54	0.6897	0.9547	1.0829	1.0222	
8.55	0.6073	1.1145	1.2886	0.9605	
8.56	0.5595	0.8557	1.7532	-0.4143	
8.57	0.4239	0.3697	1.7729	1.2974	
8.58	0.3275	-0.265	1.8778	0.6841	
8.59	0.2751	-0.7745	1.8153	-0.2232	
8.6	0.2451	-1.0609	1.4294	1.4377	
8.61	0.1631	-0.8301	1.3029	0.3599	
8.62	0.1286	-0.4096	0.9022	0.1137	
8.63	0.0693	0.1469	0.5676	1.5623	
8.64	0.0416	0.6193	0.235	0.0895	
8.65	0.0215	0.9634	-0.099	0.5296	
8.66	0.0123	0.8937	-0.4449	1.682	
8.67	0.0147	0.5007	-0.588	-0.118	
8.68	0.0272	-0.0678	-0.8022	0.9201	
8.69	0.061	-0.6408	-0.811	1.4798	
8.7	0.0921	-1.0643	-0.8457	-0.1763	
8.71	0.1576	-1.1009	-0.6555	1.2157	
8.72	0.2098	-0.8345	-0.4904	1.2264	
8.73	0.2699	-0.2299	-0.2582	-0.121	
8.74	0.341	0.3319	-0.026	1.8156	
8.75	0.4466	0.7497	0.2351	0.8446	
8.76	0.5907	0.8269	0.4084	0.0905	
8.77	0.6671	0.6511	0.5261	1.9983	
8.78	0.8463	0.1868	0.6862	0.4193	
8.79	0.8557	-0.4287	0.6423	0.3992	
8.8	1.0587	-0.9708	0.4853	1.9644	
8.81	1.2216	-1.074	0.2735	0.1739	
8.82	1.3891	-0.9015	-0.0251	0.8826	
8.83	1.326	-0.5539	-0.3496	1.6746	
8.84	1.6593	0.0078	-0.6589	-0.0268	
8.85	1.8512	0.4905	-1.0715	1.2888	
8.86	1.8936	0.8852	-1.2527	1.6064	
8.87	2.0888	0.7821	-1.4474	-0.079	
8.88	2.084	0.4398	-1.7998	1.4222	
8.89	2.3357	-0.0918	-1.9616	1.1761	
8.9	2.3294	-0.6808	-1.6577	0.0305	
8.91	2.5241	-0.9272	-1.7045	1.844	
8.92	2.5975	-1.164	-1.4299	0.7827	
8.93	2.5071	-0.8214	-1.3756	0.2509	
8.94	2.7358	-0.2385	-0.8864	1.8732	
8.95	2.6802	0.3648	-0.7205	0.3968	
8.96	2.7076	0.8493	-0.4945	0.5495	
8.97	2.3858	1.0321	-0.2505	1.8729	
8.98	2.7785	0.798	-0.1417	0.1044	
8.99	2.4446	0.2884	-0.1191	0.9393	
9.0	2.5523	-0.2909	-0.2127	1.753	
9.01	2.6391	-0.8437	-0.3321	-0.061	
9.02	2.512	-1.0339	-0.5807	1.2247	
9.03	2.5117	-0.8726	-0.8606	1.2902	
9.04	2.1417	-0.4299	-1.1194	-0.0903	
9.05	2.1328	0.1506	-1.6047	1.5208	
9.06	1.956	0.7636	-1.7943	1.0029	
9.07	2.1558	0.9596	-1.8801	0.0487	
9.08	1.9199	1.1308	-2.2589	1.9771	
9.09	1.88	0.7061	-2.073	0.5177	
9.1	1.7683	0.1685	-2.2977	0.3036	
9.11	1.5933	-0.4072	-1.9648	1.9123	
9.12	1.3156	-0.7569	-1.8421	0.1658	
9.13	1.2404	-0.7629	-1.715	0.6126	
9.14	1.0253	-0.5565	-1.37	1.7551	
9.15	1.0833	0.0061	-1.0319	-0.0925	
9.16	0.9478	0.5843	-0.6701	0.9661	
9.17	0.7239	0.9857	-0.4809	1.3419	
9.18	0.6588	1.2436	-0.301	-0.2151	
9.19	0.5626	1.0785	-0.2132	1.2491	
9.2	0.5213	0.709	-0.2391	1.0165	
9.21	0.5016	0.093	-0.2979	-0.1847	
9.22	0.4172	-0.378	-0.5076	1.5731	
9.23	0.3977	-0.5932	-0.6684	0.6483	
9.24	0.3826	-0.5064	-1.0389	-0.044	
9.25	0.3119	-0.0754	-1.2002	1.7438	
9.26	0.3218	0.5748	-1.5687	0.2357	
9.27	0.3201	1.192	-1.8176	0.239	
9.28	0.3332	1.3793	-1.8635	1.5374	
9.29	0.3738	1.5928	-2.1809	-0.1382	
9.3	0.4254	1.2315	-2.1489	0.5887	
9.31	0.4617	0.5971	-1.979	1.3044	
9.32	0.5462	0.1	-1.6424	-0.3304	
9.33	0.5347	-0.3015	-1.3406	0.8872	
9.34	0.6748	-0.3437	-1.0758	1.0147	
9.35	0.7018	-0.0604	-0.7735	-0.4598	
9.36	0.8164	0.4718	-0.4541	1.1083	
9.37	0.9055	1.1327	-0.1305	0.6241	
9.38	0.9671	1.6957	0.0785	-0.4114	
9.39	1.072	1.7138	0.1984	1.4885	
9.4	1.058	1.6742	0.2563	0.2425	
9.41	1.1326	1.1414	0.205	-0.2	
9.42	1.223	0.5854	0.0617	1.2966	
9.43	1.3842	0.1537	-0.1394	-0.1814	
9.44	1.2128	-0.0741	-0.4125	0.0952	
9.45	1.4657	0.0255	-0.6617	1.3203	
9.46	1.3795	0.4382	-0.8676	-0.4381	
9.47	1.3255	1.0174	-1.1494	0.428	
9.48	1.558	1.644	-1.3477	1.0606	
9.49	1.4421	2.0887	-1.4032	-0.6539	
9.5	1.4136	1.9521	-1.3687	0.7219	
9.51	1.3775	1.7772	-1.4127	0.7496	
9.52	1.2399	1.2664	-1.1936	-0.6535	
9.53	1.2874	0.6423	-0.9302	0.9804	
9.54	1.2904	0.2934	-0.5566	0.2733	
9.55	1.0933	0.2208	-0.2577	-0.5888	
9.56	1.0345	0.4373	0.0762	1.0795	
9.57	0.9384	1.0757	0.3915	-0.1615	
9.58	0.8852	1.729	0.5533	-0.3581	
9.59	0.6312	2.0187	0.7582	1.0725	
9.6	0.5507	2.4777	0.8151	-0.575	
9.61	0.4012	2.347	0.8588	-0.036	
9.62	0.2624	1.631	0.6425	0.9784	
9.63	0.0988	1.0833	0.491	-0.8924	
9.64	-0.0622	0.6785	0.2479	0.3159	
9.65	-0.2399	0.4559	-0.0467	0.7415	
9.66	-0.413	0.4972	-0.3626	-0.8947	
9.67	-0.5291	0.9415	-0.6283	0.6676	
9.68	-0.7445	1.4671	-0.8594	0.3087	
9.69	-0.8757	2.3109	-0.887	-1.0146	
9.7	-1.0406	2.4425	-1.0526	0.8307	
9.71	-1.0877	2.5318	-0.9213	-0.1372	
9.72	-1.1571	2.2386	-0.7144	-0.7185	
9.73	-1.4616	1.6174	-0.5856	0.9202	
9.74	-1.6123	1.0807	-0.2769	-0.5237	
9.75	-1.4629	0.7317	0.0311	-0.4536	
9.76	-1.6516	0.7148	0.3503	0.9507	
9.77	-1.7301	0.9224	0.6404	-0.9269	
9.78	-1.7011	1.2804	0.9514	-0.1265	
9.79	-1.7795	2.149	1.1031	0.6681	
9.8	-2.0258	2.3082	1.2291	-1.0397	
9.81	-2.0696	2.7507	1.1226	0.2391	
9.82	-1.9287	2.7724	0.9531	0.3536	
9.83	-2.0718	2.0669	0.7236	-1.2696	
9.84	-1.999	1.6071	0.5419	0.5755	
9.85	-2.0862	1.0133	0.2344	-0.0555	
9.86	-1.7204	0.8616	-0.0661	-1.0088	
9.87	-1.9255	0.9146	-0.3662	0.7648	
9.88	-1.8487	1.2007	-0.649	-0.4363	
9.89	-1.7837	1.9292	-0.7683	-0.7909	
9.9	-1.617	2.2951	-0.9135	0.7574	
9.91	-1.6605	2.6853	-0.8679	-0.8837	
9.92	-1.5492	2.7389	-0.8282	-0.5185	
9.93	-1.5567	2.3688	-0.5601	0.7176	
9.94	-1.4463	2.2124	-0.3858	-1.1748	
9.95	-1.2512	1.3775	-0.0692	-0.1226	
9.96	-1.2411	1.058	0.2387	0.4619	
9.97	-1.101	0.8892	0.5502	-1.3511	
9.98	-0.967	1.1368	0.7295	0.2393	
9.99	-0.8924	1.599	0.9583	0.0996	
10.0	-0.9135	2.3795	0.9205	-1.3111	
10.01	-0.8361	2.4271	0.9724	0.4989	
10.02	-0.901	2.809	0.943	-0.2659	
10.03	-0.7497	2.7753	0.7698	-0.9722	
10.04	-0.7833	2.3534	0.4333	0.7147	
10.05	-0.7553	1.6266	0.1493	-0.6865	
10.06	-0.8023	1.1543	-0.1498	-0.7051	
10.07	-0.8337	0.8493	-0.492	0.7209	
10.08	-0.7584	0.9204	-0.756	-0.9162	
10.09	-0.9313	1.3801	-1.0265	-0.4179	
10.1	-0.9499	1.7307	-0.9998	0.5948	
10.11	-0.8968	2.2685	-1.1618	-1.122	
10.12	-0.9699	2.9932	-1.0704	0.0097	
10.13	-1.016	2.5453	-0.9986	0.3558	
10.14	-1.2937	2.6902	-0.6555	-1.2701	
10.15	-1.2645	1.8296	-0.449	0.3829	
10.16	-1.4246	1.2835	-0.1705	-0.0095	
10.17	-1.4345	0.8522	0.1108	-1.2368	
10.18	-1.6977	0.8451	0.3337	0.5977	
10.19	-1.5915	0.9511	0.5749	-0.4124	
10.2	-1.9687	1.4135	0.6114	-0.8246	
10.21	-1.8623	2.1141	0.6982	0.8542	
10.22	-2.1577	2.5159	0.6751	-0.7617	
10.23	-2.3888	2.97	0.4914	-0.5273	
10.24	-2.4283	2.719	0.2382	0.7165	
10.25	-2.2008	2.0387	-0.0489	-0.9056	
10.26	-2.3118	1.6195	-0.3701	-0.124	
10.27	-2.6708	0.9259	-0.745	0.6446	
10.28	-2.4118	0.6996	-0.9331	-1.1607	
10.29	-2.7799	0.7123	-1.2014	0.3019	
10.3	-2.7337	1.0377	-1.2539	0.3242	
10.31	-2.5199	1.4634	-1.3357	-1.0924	
10.32	-2.938	2.0411	-1.4672	0.6567	
10.33	-2.8349	2.6436	-1.2749	0.0162	
10.34	-2.9987	2.43	-0.9622	-0.9281	
10.35	-2.995	2.2548	-0.8312	0.8644	
10.36	-2.5102	1.8064	-0.5139	-0.3351	
10.37	-2.7969	1.1324	-0.1625	-0.5561	
10.38	-2.3928	0.5668	0.1049	1.0915	
10.39	-2.3476	0.386	0.3365	-0.684	
10.4	-2.2671	0.513	0.552	-0.189	
10.41	-2.2694	1.0491	0.5476	0.8923	
10.42	-2.2729	1.4778	0.5516	-0.8266	
10.43	-2.2037	2.1709	0.4123	0.2508	
10.44	-2.1789	2.0442	0.2257	0.7451	
10.45	-1.9658	2.0683	-0.0104	-0.8169	
10.46	-1.8502	1.732	-0.3095	0.7168	
10.47	-1.74	1.1512	-0.5382	0.4666	
10.48	-1.3391	0.4792	-0.7969	-0.8451	
10.49	-1.2124	0.1322	-1.1272	0.9342	
10.5	-1.1661	0.1155	-1.1556	0.168	
10.51	-0.9033	0.4475	-1.1939	-0.4974	
10.52	-0.8605	0.9588	-1.2069	1.2734	
10.53	-0.7112	1.6145	-1.2654	-0.1671	
10.54	-0.5708	1.6624	-0.9822	-0.1714	
10.55	-0.4974	1.835	-0.6578	1.1765	
10.56	-0.3679	1.6505	-0.4084	-0.3854	
10.57	-0.2548	1.0544	-0.0508	0.2857	
10.58	-0.1443	0.452	0.2465	1.2739	
10.59	-0.0485	-0.0488	0.5692	-0.5235	
10.6	0.0302	-0.2286	0.8095	0.7657	
10.61	0.084	-0.1212	0.8168	1.095	
10.62	0.1543	0.3399	0.9869	-0.497	
10.63	0.1976	0.939	0.7896	1.0683	
10.64	0.2055	1.3767	0.6982	0.6995	
10.65	0.228	1.5524	0.4823	-0.3824	
10.66	0.2246	1.4804	0.2305	1.4062	
10.67	0.2009	1.0928	-0.058	0.4248	
10.68	0.2135	0.4499	-0.3077	-0.0377	
10.69	0.1629	-0.1797	-0.579	1.5914	
10.7	0.148	-0.5614	-0.652	0.1254	
10.71	0.089	-0.5571	-0.7574	0.3518	
10.72	0.0396	-0.3163	-0.8322	1.8006	
10.73	-0.0143	0.2351	-0.6688	-0.0839	
10.74	-0.0766	0.8261	-0.4042	0.7561	
10.75	-0.1251	1.2042	-0.1873	1.5003	
10.76	-0.198	1.2395	0.14	-0.1675	
10.77	-0.2542	0.952	0.4783	1.3135	
10.78	-0.3348	0.3765	0.767	1.1977	
10.79	-0.4001	-0.2354	1.2312	-0.0859	
10.8	-0.3907	-0.6804	1.4781	1.5468	
10.81	-0.4305	-0.987	1.3958	0.9606	
10.82	-0.5545	-0.7674	1.7495	0.1533	
10.83	-0.4888	-0.4447	1.5702	2.0467	
10.84	-0.6012	0.1513	1.4684	0.7533	
10.85	-0.5166	0.6279	1.1862	0.5167	
10.86	-0.5779	0.8996	1.1567	2.2658	
10.87	-0.5258	0.7329	0.7734	0.4142	
10.88	-0.5608	0.3444	0.5286	0.9895	
10.89	-0.5008	-0.2543	0.3068	1.9918	
10.9	-0.4348	-0.78	0.1032	0.2889	
10.91	-0.3568	-1.1195	0.0117	1.3469	
10.92	-0.3196	-1.1324	-0.0016	1.6862	
10.93	-0.1979	-0.8703	0.0744	0.266	
10.94	-0.122	-0.4944	0.2392	1.8073	
10.95	-0.0093	0.0985	0.4789	1.553	
10.96	0.1128	0.5208	0.8855	0.3643	
10.97	0.2283	0.5613	1.1312	1.9762	
10.98	0.3748	0.3315	1.4864	1.272	
10.99	0.4957	-0.1874	1.7288	0.6093	
11.0	0.6658	-0.8873	1.8925	2.2883	
11.01	0.7911	-1.2629	2.2692	0.953	
11.02	0.9463	-1.3925	2.1864	0.9966	
11.03	1.0295	-1.5568	2.4202	2.6581	
11.04	1.1633	-1.0597	2.342	0.6923	
11.05	1.3315	-0.463	2.1607	1.5047	
11.06	1.7241	0.0662	1.9275	2.4855	
11.07	1.5737	0.3309	1.4639	0.6297	
11.08	2.0562	0.2649	1.2478	1.8404	
11.09	1.8737	-0.1453	0.9122	2.0637	
11.1	2.1902	-0.6613	0.7881	0.5806	
11.11	2.3636	-1.1733	0.5757	2.4562	
11.12	2.1683	-1.824	0.5034	1.6817	
11.13	2.3206	-1.7994	0.5919	0.8203	
11.14	2.4728	-1.4891	0.6622	2.4917	
11.15	2.7084	-0.9447	0.9452	1.5703	
11.16	2.8473	-0.3417	1.0244	1.1261	
11.17	2.5298	0.0468	1.4298	2.9371	
11.18	2.7597	0.1557	1.8456	1.2616	
11.19	2.9216	-0.0631	1.9568	1.4448	
11.2	2.6146	-0.5743	2.1081	2.7537	
11.21	2.7983	-1.208	2.5955	0.9654	
11.22	2.4986	-1.8199	2.7516	1.9842	
11.23	2.6746	-1.9193	2.3862	2.3476	
11.24	2.5272	-1.639	2.3396	0.9087	
11.25	2.4683	-1.3459	2.4097	2.1637	
11.26	2.4262	-0.7914	1.8762	2.399	
11.27	2.1383	-0.2374	1.7623	0.8552	
11.28	2.2654	0.0404	1.3581	2.6646	
11.29	2.3476	-0.002	1.126	1.7887	
11.3	1.904	-0.3749	0.8046	1.0497	
11.31	1.8408	-0.9754	0.5577	3.099	
11.32	1.8622	-1.3804	0.3982	1.5662	
11.33	1.6048	-1.8247	0.3593	1.434	
11.34	1.4749	-1.796	0.462	2.634	
11.35	1.4879	-1.6854	0.5613	1.2484	
11.36	1.4497	-1.1625	0.7236	1.8723	
11.37	1.312	-0.5059	1.0953	2.8381	
11.38	1.1637	-0.1129	1.1877	1.0692	
11.39	1.3174	0.0405	1.4397	2.1461	
11.4	1.1021	-0.1711	1.8037	2.7706	
11.41	1.0038	-0.6523	1.9753	1.0299	
11.42	1.122	-1.2925	2.1263	2.4591	
11.43	0.9462	-1.69	1.9969	2.1984	
11.44	0.9501	-1.7861	1.8588	1.088	
11.45	1.0109	-1.6572	1.6855	2.8367	
11.46	1.0219	-1.3824	1.4586	1.8953	
11.47	1.0036	-0.8782	1.0783	1.1486	
11.48	1.0059	-0.2452	0.7116	3.1252	
11.49	1.1342	0.0516	0.4119	1.335	
11.5	1.0635	0.0387	0.0735	1.6373	
11.51	1.1951	-0.3099	-0.1825	2.9116	
11.52	1.3082	-0.9001	-0.4124	1.2687	
11.53	1.3441	-1.459	-0.4455	2.138	
11.54	1.285	-1.925	-0.4601	2.8414	
11.55	1.4033	-1.7921	-0.4332	0.9218	
11.56	1.4029	-1.447	-0.2569	2.3147	
11.57	1.6606	-1.0807	-0.0264	2.5027	
11.58	1.7336	-0.4084	0.1982	1.0312	
11.59	1.7913	0.0281	0.4548	2.6845	
11.6	1.7822	0.196	0.7467	2.2043	
11.61	2.0162	0.0265	0.7877	1.049	
11.62	2.1408	-0.4361	0.8628	2.8991	
11.63	2.193	-1.088	0.9197	1.7138	
11.64	2.241	-1.5914	0.8208	1.2922	
11.65	2.0288	-1.5667	0.5759	2.7941	
11.66	2.3557	-1.5097	0.3793	1.17	
11.67	2.1119	-1.1327	0.0434	1.5198	
11.68	2.1184	-0.6046	-0.3445	2.8541	
11.69	2.1442	-0.0335	-0.6335	0.9891	
11.7	2.402	0.3334	-1.1157	2.1301	
11.71	2.4076	0.3071	-1.241	2.4989	
11.72	2.3321	-0.0027	-1.4593	0.7991	
11.73	2.1271	-0.5883	-1.7395	2.5059	
11.74	2.0495	-1.0324	-1.6277	1.9579	
11.75	2.2624	-1.3934	-1.5611	0.8437	
11.76	2.1207	-1.4338	-1.6203	2.5689	
11.77	1.7924	-1.2944	-1.4288	1.7545	
11.78	1.6582	-0.7176	-1.0814	0.8589	
11.79	1.7735	-0.1104	-0.7688	2.4193	
11.8	1.5526	0.333	-0.6676	1.3238	
11.81	1.4697	0.5707	-0.431	1.2057	
11.82	1.4216	0.3973	-0.3165	2.8126	
11.83	1.1475	-0.0543	-0.2575	0.8654	
11.84	1.0801	-0.631	-0.2936	1.4831	
11.85	0.8484	-1.0637	-0.4309	2.4786	
11.86	0.6747	-1.3103	-0.7302	0.6351	
11.87	0.5003	-1.1833	-0.9058	1.781	
11.88	0.3313	-0.748	-1.2051	1.9902	
11.89	0.1922	-0.2264	-1.61	0.5042	
11.9	0.0318	0.3078	-2.22	1.9001	
11.91	-0.1233	0.6308	-2.1942	1.5052	
11.92	-0.2517	0.7636	-2.6303	0.5126	
11.93	-0.3587	0.4336	-2.8141	2.2594	
11.94	-0.5233	-0.1206	-2.5385	1.3199	
11.95	-0.6218	-0.6439	-2.563	0.7011	
11.96	-0.7599	-0.9906	-2.6223	2.3982	
11.97	-0.7879	-1.1184	-2.493	0.7853	
11.98	-0.8674	-0.9064	-1.8603	0.9626	
11.99	-0.9381	-0.3472	-1.7334	2.3964	
12.0	-1.0135	0.26	-1.5553	0.4209	
12.01	-1.1208	0.7753	-1.1388	1.224	
12.02	-1.1699	0.9175	-1.1613	2.0848	
12.03	-1.0914	0.7962	-0.9611	0.1811	
12.04	-1.1458	0.3549	-0.9057	1.6925	
12.05	-1.1125	-0.1965	-1.0737	1.7056	
12.06	-1.1318	-0.777	-1.3186	0.0796	
12.07	-1.0011	-0.8893	-1.4893	1.9343	
12.08	-1.0355	-0.9117	-1.8531	1.025	
12.09	-1.025	-0.4592	-2.1897	0.1523	
12.1	-0.971	0.0887	-2.5083	1.7172	
12.11	-0.8872	0.6595	-2.795	0.6518	
12.12	-0.8804	1.0434	-2.893	0.3565	
12.13	-0.6923	1.1076	-3.1257	2.0162	
12.14	-0.7283	0.6928	-2.9665	0.2017	
12.15	-0.639	0.2111	-3.1335	0.6299	
12.16	-0.5384	-0.3158	-3.0127	1.7125	
12.17	-0.5389	-0.7848	-2.5733	-0.1141	
12.18	-0.4477	-0.9202	-2.2488	0.9894	
12.19	-0.4185	-0.618	-1.7307	1.5099	
12.2	-0.3464	-0.0961	-1.6866	-0.3375	
12.21	-0.3286	0.4855	-1.3358	1.3137	
12.22	-0.2996	0.9185	-1.1268	0.8926	
12.23	-0.2511	1.2076	-0.9159	-0.3699	
12.24	-0.2427	1.1158	-0.709	1.3128	
12.25	-0.2608	0.5981	-0.758	0.4699	
12.26	-0.2613	0.0414	-0.9178	-0.2443	
12.27	-0.2553	-0.4752	-0.9594	1.3637	
12.28	-0.3032	-0.7254	-1.2207	0.0271	
12.29	-0.3412	-0.7376	-1.516	-0.0093	
12.3	-0.3901	-0.3042	-1.7611	1.391	
12.31	-0.4764	0.2702	-2.1985	-0.341	
12.32	-0.5665	0.7533	-2.3005	0.2885	
12.33	-0.7247	1.2413	-2.3394	1.157	
12.34	-0.8452	1.2525	-2.4651	-0.6627	
12.35	-0.8742	0.954	-2.0818	0.5834	
12.36	-1.0892	0.3986	-2.0635	0.7799	
12.37	-1.101	-0.1921	-2.0061	-0.8359	
12.38	-1.3144	-0.6692	-1.7432	0.9026	
12.39	-1.3517	-0.7626	-1.3511	0.3513	
12.4	-1.5818	-0.5474	-0.8999	-0.7549	
12.41	-1.6035	-0.0539	-0.5776	0.9922	
12.42	-1.8493	0.4777	-0.2215	-0.1068	
12.43	-1.8303	1.0642	-0.011	-0.5951	
12.44	-2.2182	1.1258	0.1168	1.054	
12.45	-2.2042	1.0448	0.1774	-0.5003	
12.46	-2.4508	0.6303	0.135	-0.3263	
12.47	-2.5786	0.0579	-0.0003	0.8842	
12.48	-2.4968	-0.4949	-0.1981	-0.9261	
12.49	-2.3457	-0.8118	-0.3977	0.0082	
12.5	-2.8586	-0.686	-0.7079	0.6685	
12.51	-2.6875	-0.4201	-0.9551	-1.1115	
12.52	-2.5305	0.1527	-1.0704	0.3193	
12.53	-2.7099	0.6369	-1.3314	0.2954	
12.54	-2.8165	1.1069	-1.3579	-1.1787	
12.55	-3.1406	1.0768	-1.2721	0.614	
12.56	-2.9482	0.7705	-1.1285	-0.1784	
12.57	-3.0799	0.2511	-0.8998	-1.0728	
12.58	-2.6575	-0.3525	-0.5632	0.6358	
12.59	-3.0192	-0.8453	-0.1579	-0.5812	
12.6	-2.5858	-0.884	0.2144	-0.8653	
12.61	-2.7298	-0.81	0.5823	0.6417	
12.62	-2.437	-0.3099	0.9419	-0.9471	
12.63	-2.2769	0.2675	1.0384	-0.4759	
12.64	-2.1449	0.8173	1.1757	0.516	
12.65	-2.1606	1.0155	1.3679	-1.3517	
12.66	-2.0178	0.7441	1.4354	-0.1875	
12.67	-2.0426	0.3524	1.1224	0.2232	
12.68	-1.741	-0.1952	0.9851	-1.5273	
12.69	-1.7705	-0.8383	0.8495	0.1423	
12.7	-1.7032	-1.1161	0.5824	-0.151	
12.71	-1.509	-1.1801	0.3021	-1.5458	
12.72	-1.3337	-0.8358	0.0889	0.3415	
12.73	-1.2939	-0.2472	-0.0741	-0.5718	
12.74	-1.1197	0.2909	-0.1498	-1.294	
12.75	-1.071	0.7298	-0.1317	0.4524	
12.76	-0.9126	0.6754	-0.048	-1.0737	
12.77	-0.8656	0.411	0.1348	-0.9852	
12.78	-0.7664	-0.1292	0.3832	0.4507	
12.79	-0.6293	-0.7852	0.7183	-1.334	
12.8	-0.6131	-1.1265	0.9669	-0.5411	
12.81	-0.5222	-1.3481	1.3769	0.2404	
12.82	-0.4706	-1.2306	1.6102	-1.4093	
12.83	-0.5147	-0.7094	1.8457	-0.2183	
12.84	-0.4905	-0.2076	2.3279	-0.0829	
12.85	-0.4458	0.2625	2.4139	-1.7141	
12.86	-0.483	0.5011	2.0582	0.0738	
12.87	-0.4573	0.3646	1.9831	-0.4645	
12.88	-0.4808	-0.084	1.8422	-1.4889	
12.89	-0.5265	-0.7144	1.7629	0.3009	
12.9	-0.526	-1.2626	1.2593	-0.9314	
12.91	-0.6547	-1.6833	0.9677	-1.2757	
12.92	-0.7528	-1.7527	0.7759	0.3783	
12.93	-0.7766	-1.4179	0.5359	-1.3391	
12.94	-0.8314	-0.734	0.4576	-1.007	
12.95	-0.9684	-0.2288	0.357	0.2951	
12.96	-0.8882	0.1199	0.4609	-1.4331	
12.97	-1.1082	0.1821	0.5636	-0.4925	
12.98	-1.157	-0.1248	0.6855	0.073	
12.99	-1.263	-0.6798	1.1212	-1.5088	
13.0	-1.1418	-1.3816	1.4101	-0.1538	
13.01	-1.376	-1.6593	1.4866	-0.252	
13.02	-1.4085	-1.9661	2.0659	-1.6673	
13.03	-1.4389	-1.9919	2.0667	0.1508	
13.04	-1.4993	-1.3627	2.3433	-0.6287	
13.05	-1.3738	-0.8595	2.423	-1.4635	
13.06	-1.5217	-0.3303	2.5264	0.3627	
13.07	-1.5252	-0.1178	2.3195	-1.0807	
13.08	-1.4178	-0.2229	1.9492	-1.108	
13.09	-1.4138	-0.6456	1.6668	0.3626	
13.1	-1.3243	-1.2217	1.5913	-1.377	
13.11	-1.4559	-1.6666	1.2285	-0.7062	
13.12	-1.348	-2.0	0.87	0.2509	
13.13	-1.2636	-2.427	0.5389	-1.3584	
13.14	-1.2144	-1.9405	0.3172	-0.3071	
13.15	-1.1353	-1.3983	0.246	0.0461	
13.16	-0.8805	-0.9125	0.2201	-1.567	
13.17	-0.7635	-0.4352	0.3117	0.06	
13.18	-0.717	-0.3633	0.4644	-0.2596	
13.19	-0.5018	-0.6905	0.6027	-1.3721	
13.2	-0.4225	-1.1574	0.8527	0.3391	
13.21	-0.224	-1.9391	1.1781	-0.6152	
13.22	-0.0828	-2.3853	1.5843	-1.2839	
13.23	0.0668	-2.7015	1.7814	0.4631	
13.24	0.2249	-2.2182	1.7944	-0.9428	
13.25	0.3859	-1.972	1.8922	-0.8495	
13.26	0.5559	-1.4083	2.094	0.5553	
13.27	0.7031	-0.8938	1.8297	-1.1632	
13.28	0.8536	-0.6384	1.7581	-0.4372	
13.29	0.9531	-0.7143	1.2782	0.3847	
13.3	1.2102	-1.0334	0.9392	-1.3201	
13.31	1.1756	-1.6663	0.68	-0.0004	
13.32	1.4043	-2.4551	0.3349	0.1016	
13.33	1.3211	-2.858	0.0408	-1.4306	
13.34	1.4546	-2.8881	-0.1861	0.3403	
13.35	1.5502	-2.3327	-0.3679	-0.2212	
13.36	1.7842	-1.7135	-0.4021	-1.218	
13.37	1.8154	-1.3851	-0.3564	0.5645	
13.38	1.9509	-0.8685	-0.2352	-0.6109	
13.39	1.9822	-0.8268	-0.0662	-0.926	
13.4	1.8584	-0.9738	0.18	0.7923	
13.41	1.978	-1.5382	0.4643	-0.8203	
13.42	1.6993	-1.9664	0.6626	-0.4448	
13.43	1.7472	-2.6644	0.8727	0.7207	
13.44	1.8225	-2.6837	1.1041	-1.0493	
13.45	1.7193	-2.9765	1.2046	-0.0342	
13.46	1.4944	-2.4029	1.2379	0.5405	
13.47	1.5236	-1.7824	1.1376	-1.1351	
13.48	1.4596	-1.096	0.9831	0.3962	
13.49	1.4525	-0.9821	0.7428	0.2442	
13.5	1.2599	-1.0211	0.4851	-1.1374	
13.51	1.1983	-1.3428	0.1178	0.7247	
13.52	1.224	-1.8127	-0.2078	-0.1014	
13.53	1.1828	-2.7618	-0.4784	-0.81	
13.54	0.9836	-2.661	-0.6991	1.0009	
13.55	0.9678	-2.6464	-0.8406	-0.3983	
13.56	0.8356	-2.5204	-1.0077	-0.501	
13.57	0.7426	-2.2234	-1.028	0.9469	
13.58	0.6998	-1.5721	-0.94	-0.6662	
13.59	0.6754	-0.9913	-0.6858	-0.0523	
13.6	0.5784	-1.0008	-0.4232	0.8976	
13.61	0.4932	-1.2026	-0.1835	-0.8381	
13.62	0.504	-1.7167	0.1055	0.4022	
13.63	0.4481	-2.255	0.3732	0.6295	
13.64	0.4226	-2.9778	0.6117	-0.8582	
13.65	0.488	-3.2051	0.6889	0.7382	
13.66	0.4942	-2.6527	0.7561	0.3733	
13.67	0.468	-2.5971	0.722	-0.7505	
13.68	0.4956	-1.9472	0.6993	1.0245	
13.69	0.6436	-1.2077	0.4067	0.0263	
13.7	0.6395	-1.0193	0.1699	-0.4612	
13.71	0.7627	-0.9554	-0.1347	1.1085	
13.72	0.8734	-1.4239	-0.4749	-0.2825	
13.73	0.8532	-1.9432	-0.6657	-0.0886	
13.74	0.9385	-2.2682	-1.0436	1.2124	
13.75	1.1683	-2.7997	-1.2485	-0.5752	
13.76	1.2553	-2.7582	-1.1818	0.3281	
13.77	1.2006	-2.5791	-1.2348	1.0925	
13.78	1.4617	-2.0765	-1.2073	-0.6575	
13.79	1.4407	-1.4168	-0.9943	0.7288	
13.8	1.4687	-1.0099	-0.7286	0.868	
13.81	1.7607	-0.8115	-0.4169	-0.5971	
13.82	1.6932	-1.0033	-0.1027	1.0134	
13.83	1.8225	-1.3862	0.2178	0.4821	
13.84	2.07	-2.0802	0.4317	-0.4138	
13.85	2.2929	-2.5461	0.7197	1.3778	
13.86	2.2927	-2.4633	0.8333	0.0936	
13.87	2.3442	-2.2982	0.7539	-0.1502	
13.88	2.5102	-2.2957	0.7303	1.3882	
13.89	2.4553	-1.4734	0.5124	-0.2373	
13.9	2.5807	-0.945	0.3292	0.251	
13.91	2.5044	-0.6121	0.0447	1.3329	
13.92	2.2917	-0.5643	-0.2271	-0.4431	
13.93	2.5612	-0.9656	-0.5886	0.717	
13.94	2.5677	-1.577	-0.8375	1.2394	
13.95	2.1066	-2.0749	-0.9681	-0.4805	
13.96	2.302	-2.1877	-1.0013	1.077	
13.97	2.4086	-2.2483	-1.1523	0.7863	
13.98	2.0584	-1.9754	-0.9581	-0.4579	
13.99	1.8627	-1.4445	-0.8322	1.333	
14.0	2.0036	-1.0394	-0.6166	0.4654	
14.01	1.7082	-0.4759	-0.3083	-0.2625	
14.02	1.8096	-0.2675	0.0443	1.5399	
14.03	1.4979	-0.46	0.3807	0.0754	
14.04	1.5107	-0.8889	0.6575	0.0813	
14.05	1.3882	-1.4862	0.8543	1.6418	
14.06	1.2296	-2.0727	1.0094	-0.257	
14.07	1.0547	-2.0032	1.0099	0.4474	
14.08	0.9099	-1.9298	1.0396	1.2436	
14.09	0.7096	-1.472	0.879	-0.4089	
14.1	0.5934	-0.9756	0.7478	0.8052	
14.11	0.4429	-0.3933	0.454	1.0711	
14.12	0.3077	-0.033	0.1543	-0.483	
14.13	0.2102	-0.0138	-0.141	1.1347	
14.14	0.1023	-0.2945	-0.4478	0.7304	
14.15	0.0032	-0.8377	-0.6281	-0.4186	
14.16	-0.0871	-1.3101	-0.7606	1.5105	
14.17	-0.1641	-1.771	-0.7458	0.303	
14.18	-0.2373	-1.8223	-0.7477	-0.1439	
14.19	-0.2831	-1.5178	-0.5694	1.5433	
14.2	-0.3241	-0.9595	-0.3509	-0.0796	
14.21	-0.4114	-0.347	-0.1024	0.1838	
14.22	-0.4402	0.1468	0.2209	1.4761	
14.23	-0.4519	0.3529	0.5221	-0.4082	
14.24	-0.3894	0.2218	0.8473	0.5352	
14.25	-0.398	-0.2374	1.0859	1.299	
14.26	-0.3697	-0.7857	1.2846	-0.5565	
14.27	-0.3438	-1.3045	1.3461	0.9741	
14.28	-0.2605	-1.3711	1.3278	0.8751	
14.29	-0.2433	-1.4548	1.0444	-0.6024	
14.3	-0.1751	-1.0	0.8717	1.1917	
14.31	-0.1022	-0.2925	0.6525	0.3839	
14.32	-0.0209	0.2851	0.3481	-0.4153	
14.33	0.0514	0.6799	0.0706	1.3663	
14.34	0.1358	0.7294	-0.2472	0.0008	
14.35	0.2272	0.3734	-0.4477	-0.1996	
14.36	0.292	-0.1402	-0.6697	1.2465	
14.37	0.3883	-0.6742	-0.8087	-0.3496	
14.38	0.4582	-1.0334	-0.8113	0.1187	
14.39	0.5294	-1.2088	-0.7077	1.1526	
14.4	0.5513	-0.9096	-0.4274	-0.6541	
14.41	0.6345	-0.3062	-0.2286	0.5061	
14.42	0.7188	0.2933	0.0581	0.828	
14.43	0.6465	0.8479	0.358	-0.7353	
14.44	0.7164	1.1027	0.562	0.7316	
14.45	0.7173	0.8175	0.9356	0.4809	
14.46	0.8092	0.4848	1.0253	-0.8554	
14.47	0.6586	-0.1089	1.1215	1.0072	
14.48	0.6703	-0.6119	1.1196	0.0149	
14.49	0.6935	-0.7563	0.937	-0.6247	
14.5	0.6185	-0.7395	0.764	1.0237	
14.51	0.5452	-0.3012	0.5427	-0.3929	
14.52	0.4551	0.3092	0.1812	-0.3835	
14.53	0.4137	0.7802	-0.136	1.0793	
14.54	0.325	1.2299	-0.4914	-0.8581	
14.55	0.198	1.2427	-0.7068	-0.0485	
14.56	0.1041	0.9496	-0.8928	0.723	
14.57	-0.0225	0.4309	-1.0666	-1.0571	
14.58	-0.1582	-0.0987	-1.0534	0.2671	
14.59	-0.2904	-0.5054	-1.1784	0.3737	
14.6	-0.4515	-0.5762	-0.9585	-1.2262	
14.61	-0.5233	-0.3155	-0.7839	0.5514	
14.62	-0.7385	0.1967	-0.5243	-0.0373	
14.63	-0.7518	0.752	-0.2639	-1.1137	
14.64	-1.002	1.1962	0.0195	0.6583	
14.65	-1.1454	1.4761	0.2546	-0.4886	
14.66	-1.1562	1.2701	0.447	-0.8553	
14.67	-1.2423	0.9231	0.4692	0.6413	
14.68	-1.5696	0.3694	0.4894	-1.0073	
14.69	-1.6249	-0.1147	0.4231	-0.5742	
14.7	-1.4829	-0.343	0.2229	0.5057	
14.71	-1.7257	-0.3196	-0.0179	-1.278	
14.72	-1.677	0.081	-0.3591	-0.332	
14.73	-1.8981	0.692	-0.7142	0.2682	
14.74	-1.9411	1.34	-1.0765	-1.4035	
14.75	-1.9798	1.5384	-1.2249	-0.0263	
14.76	-1.9961	1.7272	-1.7093	-0.1405	
14.77	-1.9309	1.3443	-1.9001	-1.6012	
14.78	-1.7832	0.8353	-1.9708	0.1853	
14.79	-2.0213	0.253	-1.8842	-0.5987	
14.8	-1.7615	-0.1447	-1.8682	-1.5629	
14.81	-1.6526	-0.2848	-1.4182	0.3022	
14.82	-1.6434	-0.0421	-1.2218	-1.0528	
14.83	-1.5303	0.4566	-1.0586	-1.3045	
14.84	-1.6485	1.1218	-0.6898	0.23	
14.85	-1.5208	1.4135	-0.4655	-1.6095	
14.86	-1.2806	1.7184	-0.3311	-0.897	
14.87	-1.3482	1.7666	-0.1617	0.0261	
14.88	-1.1688	1.18	-0.1277	-1.8606	
14.89	-1.1834	0.5647	-0.1852	-0.6253	
14.9	-0.9563	0.0794	-0.3751	-0.2903	
14.91	-0.8936	-0.2065	-0.6262	-1.7745	
14.92	-0.6881	-0.1686	-0.8121	-0.3647	
14.93	-0.6751	0.1931	-1.2502	-0.7519	
14.94	-0.4956	0.7862	-1.5268	-1.7884	
14.95	-0.4545	1.2359	-1.8458	-0.1945	
14.96	-0.3526	1.5511	-2.0067	-1.2439	
14.97	-0.2756	1.8595	-2.0967	-1.8799	
14.98	-0.1954	1.5563	-2.512	-0.1377	
14.99	-0.1265	0.9641	-2.3269	-1.7145	
15.0	-0.0816	0.3247	-2.4324	-1.6348	
15.01	-0.0354	-0.1105	-1.98	-0.2353	
15.02	-0.0044	-0.2409	-1.6678	-1.9581	
15.03	0.0138	-0.0634	-1.601	-1.313	
15.04	0.0186	0.405	-1.3203	-0.5005	
15.05	0.0099	0.9284	-1.0374	-2.4358	
15.06	-0.0102	1.586	-0.6947	-0.9555	
15.07	-0.042	1.7198	-0.535	-0.8845	
15.08	-0.0853	1.5338	-0.4485	-2.4981	
15.09	-0.1275	1.0711	-0.3991	-0.7161	
15.1	-0.2138	0.5892	-0.5658	-1.3415	
15.11	-0.244	-0.0054	-0.6905	-2.0891	
15.12	-0.3183	-0.3134	-1.0048	-0.5017	
15.13	-0.4701	-0.3202	-1.1884	-1.704	
15.14	-0.563	0.0438	-1.5637	-2.1802	
15.15	-0.599	0.5601	-1.7495	-0.4961	
15.16	-0.6614	1.0456	-2.2367	-2.2659	
15.17	-0.7844	1.534	-2.1866	-1.6452	
15.18	-0.856	1.6666	-2.3524	-0.7291	
15.19	-0.917	1.3654	-2.4476	-2.6636	
15.2	-1.1512	0.6987	-2.3017	-1.5865	
15.21	-1.2706	0.1206	-2.1086	-0.977	
15.22	-1.3737	-0.3193	-1.8135	-2.4683	
15.23	-1.3037	-0.5439	-1.5014	-1.2712	
15.24	-1.5421	-0.3192	-1.1421	-1.2461	
15.25	-1.5459	0.1329	-0.758	-2.4369	
15.26	-1.6074	0.6843	-0.453	-0.9598	
15.27	-1.6918	1.245	-0.2468	-1.6261	
15.28	-1.6823	1.3206	-0.0859	-2.6605	
15.29	-1.7011	1.2587	-0.0154	-0.8847	
15.3	-1.6673	0.8586	-0.045	-2.2207	
15.31	-1.7228	0.27	-0.1503	-2.0903	
15.32	-1.5506	-0.3262	-0.3082	-0.8858	
15.33	-1.3587	-0.6424	-0.5439	-2.7882	
15.34	-1.4333	-0.5883	-0.777	-1.8197	
15.35	-1.4358	-0.331	-1.1441	-1.041	
15.36	-1.2207	0.2132	-1.38	-2.8069	
15.37	-1.2771	0.7139	-1.4037	-1.707	
15.38	-1.1724	1.0393	-1.4413	-1.2155	
15.39	-1.0348	1.1288	-1.5621	-3.0965	
15.4	-0.8157	0.9444	-1.3388	-1.226	
15.41	-0.7713	0.4133	-1.3391	-1.6545	
15.42	-0.6217	-0.2363	-0.9577	-3.1168	
15.43	-0.4959	-0.6734	-0.6765	-1.0732	
15.44	-0.3774	-0.833	-0.3224	-2.281	
15.45	-0.2301	-0.673	0.0537	-2.6867	
15.46	-0.1111	-0.2567	0.3666	-0.9348	
15.47	0.0299	0.32	0.6771	-2.3077	
15.48	0.1467	0.7853	0.9154	-2.2559	
15.49	0.2636	1.042	0.9453	-1.0907	
15.5	0.4161	0.925	1.0826	-2.8568	
15.51	0.4682	0.4941	0.9951	-1.8329	
15.52	0.6324	-0.0875	0.8546	-1.2965	
15.53	0.6878	-0.6435	0.5672	-3.2268	
15.54	0.7844	-0.983	0.3693	-1.5446	
15.55	0.8714	-1.0751	0.1041	-1.4667	
15.56	0.9374	-0.713	-0.1184	-2.7714	
15.57	0.9767	-0.171	-0.2965	-1.2059	
15.58	1.0127	0.3466	-0.3855	-1.8868	
15.59	0.9005	0.7716	-0.363	-2.7724	
15.6	1.0615	0.8365	-0.3263	-1.1406	
15.61	0.9745	0.5474	-0.1603	-2.309	
15.62	0.8915	0.0515	0.1012	-2.7794	
15.63	0.8675	-0.5407	0.4591	-0.9222	
15.64	0.9185	-1.1199	0.7632	-2.5876	
15.65	0.9033	-1.3361	1.2077	-2.1622	
15.66	0.7558	-1.1246	1.3531	-1.0625	
15.67	0.7669	-0.5929	1.7904	-3.1046	
15.68	0.6287	-0.0482	2.1429	-1.6389	
15.69	0.5357	0.4836	2.2065	-1.1845	
15.7	0.4561	0.7359	2.2206	-3.0975	
15.71	0.3071	0.62	2.2195	-1.4125	
15.72	0.2452	0.2147	1.8224	-1.6001	
15.73	0.1352	-0.3939	1.9386	-2.7648	
15.74	0.0392	-0.9539	1.6219	-1.1357	
15.75	-0.0492	-1.3727	1.4257	-1.7863	
15.76	-0.1506	-1.2763	1.0149	-2.6347	
15.77	-0.227	-0.945	0.7806	-0.9567	
15.78	-0.3137	-0.467	0.748	-2.3751	
15.79	-0.4276	0.1245	0.6222	-2.1258	
15.8	-0.435	0.4852	0.6872	-0.773	
15.81	-0.5431	0.6482	0.7343	-2.4928	
15.82	-0.5245	0.3557	1.0115	-2.012	
15.83	-0.5558	-0.1304	1.2238	-1.0155	
15.84	-0.6122	-0.6794	1.6338	-2.9666	
15.85	-0.6324	-1.1366	1.737	-1.3965	
15.86	-0.5996	-1.5106	2.0574	-1.1718	
15.87	-0.6245	-1.145	2.5992	-2.686	
15.88	-0.6136	-0.7326	2.665	-1.0346	
15.89	-0.5676	-0.2146	2.7844	-1.4207	
15.9	-0.5186	0.3266	3.1326	-2.4112	
15.91	-0.4791	0.5591	2.9307	-0.7655	
15.92	-0.3823	0.5688	2.9732	-1.8475	
15.93	-0.2958	0.1704	2.405	-2.2653	
15.94	-0.2114	-0.4296	2.2033	-0.563	
15.95	-0.1076	-0.9277	1.8422	-2.2057	
15.96	0.0057	-1.2146	1.5369	-1.744	
15.97	0.1111	-1.332	1.2518	-0.5731	
15.98	0.2489	-1.0276	1.176	-2.3626	
15.99	0.3377	-0.5051	1.1126	-1.3759	
16.0	0.4601	0.1083	0.9498	-0.7233	
16.01	0.5965	0.5529	1.0908	-2.3978	
16.02	0.7253	0.62	1.1778	-0.9993	
16.03	0.7471	0.4305	1.345	-1.09	
16.04	0.9067	-0.0386	1.8104	-2.4061	
16.05	1.0143	-0.6677	2.026	-0.645	
16.06	0.9807	-1.0753	2.4163	-1.4296	
16.07	1.2546	-1.1989	2.6518	-2.2771	
16.08	1.1528	-1.1778	2.8553	-0.303	
16.09	1.3309	-0.6335	2.542	-1.6313	
16.1	1.2115	-0.0849	2.6494	-1.768	
16.11	1.3142	0.4478	2.5269	-0.2016	
16.12	1.3347	0.7465	2.4145	-1.705	
16.13	1.3724	0.7042	2.4885	-1.2129	
16.14	1.4655	0.4088	2.0627	-0.2567	
16.15	1.3288	-0.1772	1.7751	-2.0951	
16.16	1.3528	-0.6806	1.247	-0.8427	
16.17	1.2974	-1.0358	1.1554	-0.4255	
16.18	1.3347	-1.0422	0.8615	-2.2288	
16.19	1.1175	-0.8073	0.5996	-0.4431	
16.2	1.1936	-0.2344	0.4463	-0.7549	
16.21	0.9671	0.359	0.471	-1.8421	
16.22	0.8716	0.8439	0.5493	-0.0828	
16.23	0.8107	0.8826	0.6324	-1.0803	
16.24	0.6715	0.838	0.9135	-1.4629	
16.25	0.6485	0.346	1.0433	0.124	
16.26	0.4989	-0.2406	1.3595	-1.4278	
16.27	0.3612	-0.7516	1.5539	-1.1104	
16.28	0.2567	-0.8748	1.9048	0.1796	
16.29	0.1358	-0.7965	2.0754	-1.5977	
16.3	0.0205	-0.3044	1.8646	-0.7725	
16.31	-0.0874	0.2923	1.9583	0.094	
16.32	-0.2148	0.8697	1.8532	-1.4935	
16.33	-0.3002	1.2159	1.3552	-0.303	
16.34	-0.3862	1.0852	1.2114	-0.1061	
16.35	-0.5268	0.7781	0.8335	-1.5851	
16.36	-0.5843	0.2867	0.4208	0.1165	
16.37	-0.5972	-0.2044	0.1023	-0.4417	
16.38	-0.6313	-0.6184	-0.2251	-1.4061	
16.39	-0.6873	-0.6105	-0.4593	0.4145	
16.4	-0.7888	-0.2768	-0.6336	-0.7671	
16.41	-0.7787	0.2278	-0.7087	-1.0324	
16.42	-0.8452	0.8972	-0.6188	0.5258	
16.43	-0.8146	1.3993	-0.5526	-1.0406	
16.44	-0.7671	1.4494	-0.3623	-0.688	
16.45	-0.7368	1.3275	-0.1323	0.5741	
16.46	-0.6561	0.8192	0.1054	-1.1727	
16.47	-0.6427	0.3626	0.3478	-0.1728	
16.48	-0.5408	-0.1264	0.5019	0.4218	
16.49	-0.4719	-0.3653	0.7037	-1.2123	
16.5	-0.3685	-0.2117	0.6867	0.2542	
16.51	-0.2958	0.2365	0.6503	0.1594	
16.52	-0.2016	0.7775	0.5763	-1.1265	
16.53	-0.104	1.5108	0.3307	0.5988	
16.54	0.0077	1.7266	0.0444	-0.1513	
16.55	0.1236	1.8698	-0.2715	-0.8378	
16.56	0.2212	1.3409	-0.6095	0.9268	
16.57	0.3072	1.0135	-0.91	-0.5126	
16.58	0.4269	0.4237	-1.251	-0.5673	
16.59	0.4814	0.0441	-1.6679	0.9456	
16.6	0.6552	-0.0011	-1.6199	-0.7632	
16.61	0.6447	0.3202	-1.9868	-0.124	
16.62	0.7392	0.8377	-1.9017	0.8702	
16.63	0.8387	1.4933	-1.8088	-0.8968	
16.64	0.9829	1.9383	-1.6075	0.3021	
16.65	0.9609	2.2244	-1.425	0.6696	
16.66	1.0435	1.8423	-1.1492	-0.8376	
16.67	1.051	1.619	-0.7242	0.705	
16.68	1.1093	0.8968	-0.5517	0.3917	
16.69	0.9938	0.5472	-0.3386	-0.8479	
16.7	0.9355	0.2847	-0.2798	1.0078	
16.71	0.8913	0.4054	-0.2706	0.0126	
16.72	0.9356	0.8209	-0.3319	-0.5459	
16.73	0.8674	1.4788	-0.5336	1.147	
16.74	0.8498	2.1843	-0.7294	-0.3347	
16.75	0.8164	2.164	-1.0577	-0.162	
16.76	0.6848	2.4144	-1.4664	1.0922	
16.77	0.5564	2.2655	-1.648	-0.5172	
16.78	0.4583	1.5573	-2.0839	0.2557	
16.79	0.3561	1.0023	-2.1596	0.9724	
16.8	0.3003	0.6828	-2.3538	-0.6632	
16.81	0.1842	0.548	-2.5627	0.6626	
16.82	0.0563	0.8259	-2.2983	0.8126	
16.83	-0.0503	1.3491	-2.3754	-0.6542	
16.84	-0.1652	2.0708	-2.18	0.964	
16.85	-0.2533	2.5201	-1.8233	0.3888	
16.86	-0.384	2.7622	-1.7786	-0.541	
16.87	-0.4804	2.303	-1.3239	1.1879	
16.88	-0.5958	2.2272	-1.0095	0.0518	
16.89	-0.6352	1.4205	-0.8671	-0.2381	
16.9	-0.7253	0.9231	-0.6809	1.2291	
16.91	-0.8489	0.7299	-0.5596	-0.2633	
16.92	-0.847	0.8847	-0.5341	0.1427	
16.93	-0.8705	1.2167	-0.5995	1.2357	
16.94	-0.9667	1.7451	-0.828	-0.4855	
16.95	-0.8791	2.5411	-1.0035	0.5648	
16.96	-1.0443	2.9653	-1.4641	1.1438	
16.97	-0.9562	2.9895	-1.7673	-0.6089	
16.98	-0.8844	2.4701	-2.0033	0.9778	
16.99	-0.9186	2.1764	-2.1851	0.7982	
17.0	-0.9384	1.509	-2.31	-0.5924	
17.01	-0.8435	0.9973	-2.2718	1.2688	
17.02	-0.7039	0.8383	-2.3279	0.3553	
17.03	-0.72	1.1388	-2.3542	-0.3535	
17.04	-0.6193	1.6154	-2.0786	1.3395	
17.05	-0.4753	2.1514	-1.6408	-0.0462	
17.06	-0.3921	2.541	-1.5689	-0.0766	
17.07	-0.283	2.978	-1.0751	1.3513	
17.08	-0.1731	2.8021	-0.8363	-0.3769	
17.09	-0.0517	2.4273	-0.4933	0.2843	
17.1	0.0741	1.9093	-0.3004	1.2688	
17.11	0.1847	1.2728	-0.1673	-0.5406	
17.12	0.319	1.0352	-0.1008	0.6392	
17.13	0.4248	1.1431	-0.1614	0.8611	
17.14	0.5528	1.3724	-0.2923	-0.605	
17.15	0.701	2.1748	-0.5031	0.9942	
17.16	0.7801	2.3964	-0.7208	0.5718	
17.17	0.8167	2.799	-0.9154	-0.6248	
17.18	0.9187	2.702	-1.3447	1.1582	
17.19	1.0552	2.4564	-1.3694	0.1108	
17.2	1.0759	2.117	-1.5433	-0.3738	
17.21	1.074	1.5314	-1.5967	1.3188	
17.22	1.1239	1.0638	-1.8992	-0.2454	
17.23	1.2787	1.0131	-1.7899	-0.055	
17.24	1.1011	1.1052	-1.5625	1.2092	
17.25	1.0949	1.6585	-1.219	-0.5289	
17.26	1.1678	2.1864	-0.8775	0.2829	
17.27	1.1458	2.9871	-0.5537	1.0357	
17.28	1.0062	3.192	-0.1641	-0.69	
17.29	0.9803	2.5603	0.1354	0.5857	
17.3	1.0001	2.4396	0.4142	0.6308	
17.31	0.9172	1.5855	0.5742	-0.8264	
17.32	0.8511	1.1703	0.591	0.9073	
17.33	0.6797	0.823	0.5729	0.2201	
17.34	0.7074	1.029	0.5659	-0.6207	
17.35	0.5266	1.303	0.3679	1.1588	
17.36	0.4795	1.9736	0.1083	-0.2133	
17.37	0.3554	2.3588	-0.1768	-0.4335	
17.38	0.2179	2.8942	-0.398	1.1926	
17.39	0.1421	3.0455	-0.7265	-0.6434	
17.4	0.0239	2.7043	-0.8698	-0.1232	
17.41	-0.0835	2.032	-0.9155	0.939	
17.42	-0.1825	1.2502	-0.9483	-0.8086	
17.43	-0.2901	0.7844	-0.9216	0.209	
17.44	-0.3411	0.6578	-0.7251	0.6393	
17.45	-0.4712	0.8366	-0.6162	-1.048	
17.46	-0.4505	1.2882	-0.2881	0.5731	
17.47	-0.5782	2.0395	0.0543	0.2811	
17.48	-0.6452	2.4095	0.4188	-0.9886	
17.49	-0.6552	2.4881	0.6735	0.7053	
17.5	-0.6382	2.256	0.8821	-0.1686	
17.51	-0.6456	1.9911	1.2231	-0.9175	
17.52	-0.6038	1.4168	1.2123	0.8026	
17.53	-0.5918	0.7865	1.195	-0.6044	
17.54	-0.6651	0.4611	1.1454	-0.6407	
17.55	-0.5869	0.4888	1.0034	0.8238	
17.56	-0.4994	0.8143	0.745	-0.9101	
17.57	-0.4376	1.2593	0.4018	-0.2493	
17.58	-0.378	1.9139	0.1329	0.5823	
17.59	-0.3441	2.2384	-0.126	-1.2179	
17.6	-0.2396	2.526	-0.3867	0.0905	
17.61	-0.1451	2.1256	-0.4993	0.2641	
17.62	-0.0376	1.3291	-0.6741	-1.211	
17.63	0.0655	0.871	-0.6061	0.3715	
17.64	0.1758	0.3776	-0.5158	-0.1669	
17.65	0.2773	0.1812	-0.2854	-1.2636	
17.66	0.3948	0.3209	-0.0572	0.6068	
17.67	0.4983	0.7982	0.227	-0.6493	
17.68	0.6297	1.2267	0.4902	-1.1254	
17.69	0.7615	1.9503	0.8642	0.6414	
17.7	0.7617	2.0309	1.1477	-0.9971	
17.71	0.9639	1.9373	1.3879	-0.6609	
17.72	0.9374	1.3867	1.3016	0.4628	
17.73	1.0622	0.8646	1.3952	-1.1986	
17.74	1.1166	0.2357	1.3739	-0.3952	
17.75	1.0958	-0.0864	1.0323	0.2489	
17.76	1.1421	-0.0978	0.9094	-1.3736	
17.77	1.2339	0.2105	0.6167	-0.0463	
17.78	1.18	0.7646	0.2844	-0.1326	
17.79	1.3115	1.3261	-0.0393	-1.4634	
