0.01	0.3581	0.1677	0.1582	1.0791	1.5437	
0.02	0.657	0.3327	0.3043	1.1831	0.6053	
0.03	0.9904	0.5212	0.4788	0.4958	0.2327	
0.04	1.0371	0.6598	0.6255	-0.2266	1.6499	
0.05	1.2358	0.8521	0.7945	-0.2656	0.9974	
0.06	1.2005	0.857	0.8539	0.6129	-1.0247	
0.07	1.0595	1.0934	0.9874	1.4804	-0.7395	
0.08	0.8704	1.1769	1.0729	2.0866	0.1843	
0.09	0.5798	1.2458	1.2588	1.2619	-0.8397	
0.1	0.2774	1.3618	1.359	0.3649	-1.2897	
0.11	-0.0103	1.2669	1.5014	0.1117	0.8585	
0.12	-0.2554	1.466	1.3736	0.7106	1.5727	
0.13	-0.4155	1.3869	1.6908	1.7256	0.3255	
0.14	-0.56	1.3694	1.5663	1.9524	0.9011	
0.15	-0.5319	1.3741	1.7183	1.4119	2.2743	
0.16	-0.4781	1.5893	1.6484	0.392	0.6447	
0.17	-0.2513	1.3987	1.7379	-0.1517	-0.8884	
0.18	-0.0	1.2988	1.5434	0.2641	0.1113	
0.19	0.3356	1.3725	1.5542	1.0519	0.2411	
0.2	0.7167	1.1762	1.7285	1.6452	-1.3051	
0.21	1.0794	1.064	1.6809	1.008	-0.6321	
0.22	1.1835	1.1845	1.5311	-0.0958	1.391	
0.23	1.4242	0.9524	1.5741	-0.87	1.2093	
0.24	1.569	0.9001	1.5032	-0.6136	0.4615	
0.25	1.7243	0.7787	1.4275	0.223	1.9266	
0.26	1.7779	0.6734	1.2681	0.7736	2.2931	
0.27	1.6268	0.5897	1.2345	0.3549	0.3236	
0.28	1.3938	0.5243	1.1442	-0.6399	-0.2626	
0.29	0.9987	0.4333	1.0781	-1.5193	0.7798	
0.3	0.7275	0.3972	0.8873	-1.2267	-0.0255	
0.31	0.517	0.3455	0.9177	-0.5545	-1.3113	
0.32	0.2344	0.2484	0.7361	0.2561	0.1937	
0.33	0.0708	0.214	0.6459	0.1179	1.5302	
0.34	-0.02	0.2053	0.5919	-0.7333	0.7884	
0.35	-0.0107	0.2205	0.5256	-1.6306	0.8163	
0.36	0.0895	0.2187	0.4573	-1.6569	2.3135	
0.37	0.3007	0.2474	0.4494	-0.6229	2.2331	
0.38	0.5713	0.2667	0.4118	0.3203	0.1765	
0.39	0.8293	0.3163	0.3249	0.4488	0.4872	
0.4	1.3139	0.4116	0.3183	-0.1769	0.9859	
0.41	1.5353	0.4572	0.2933	-0.9641	-0.4378	
0.42	1.9578	0.6033	0.3019	-1.0942	-0.9542	
0.43	2.0635	0.7407	0.2845	-0.1564	0.9791	
0.44	1.9774	0.893	0.2941	0.9044	1.3678	
0.45	1.9767	0.9897	0.3181	1.3581	0.4616	
0.46	2.2938	1.0218	0.3794	0.8638	1.4126	
0.47	1.8371	1.1402	0.4147	0.0014	2.8545	
0.48	1.8477	1.5343	0.453	-0.1833	1.464	
0.49	1.5352	1.5646	0.5327	0.5798	0.3028	
0.5	1.1117	1.8262	0.558	1.4702	1.2433	
0.51	0.8431	1.6709	0.6756	2.171	1.0759	
0.52	0.5615	2.1121	0.7809	1.8623	-0.7516	
0.53	0.4444	2.142	0.8875	0.7683	-0.4202	
0.54	0.3248	2.345	1.034	0.4026	1.2678	
0.55	0.3802	2.5486	1.0376	0.867	0.9943	
0.56	0.472	2.306	1.0544	2.0306	0.4543	
0.57	0.6605	2.3678	1.3276	2.3375	1.9634	
0.58	0.9803	2.5826	1.3501	1.9304	2.9044	
0.59	1.3318	2.6277	1.39	1.1669	1.1434	
0.6	1.5443	2.6577	1.5117	0.4342	0.8658	
0.61	2.0863	2.8561	1.6449	0.7022	1.8297	
0.62	2.2441	2.4807	1.5973	1.5466	0.5254	
0.63	2.3987	2.6625	1.7618	2.1791	-0.962	
0.64	2.4613	2.6362	1.8009	1.8756	0.2211	
0.65	2.473	2.4127	1.8335	0.7238	1.3149	
0.66	2.3278	2.3474	1.7235	-0.1021	0.3243	
0.67	1.9826	2.289	1.7734	-0.113	0.7903	
0.68	1.9708	2.1733	2.0777	0.5832	2.455	
0.69	1.5155	2.0684	1.8115	1.4244	2.2135	
0.7	1.1878	2.0507	1.8206	1.1155	0.8765	
0.71	0.9211	2.1223	2.0686	0.1842	1.4393	
0.72	0.8112	1.787	1.9284	-0.7797	1.7549	
0.73	0.553	1.6455	1.7756	-0.9594	-0.0563	
0.74	0.5426	1.7954	1.7262	-0.2189	-0.8333	
0.75	0.5158	1.572	1.8134	0.5561	0.7918	
0.76	0.6719	1.3573	1.5538	0.6591	0.8637	
0.77	0.9641	1.418	1.488	-0.1512	-0.0897	
0.78	1.2344	1.3056	1.5222	-1.1551	1.11	
0.79	1.6095	1.1161	1.2614	-1.3852	2.8428	
0.8	1.9253	1.0371	1.1637	-0.5783	1.8417	
0.81	2.2093	0.9371	1.0245	0.4092	0.8217	
0.82	2.5057	0.7998	0.982	0.7793	2.1152	
0.83	2.5795	0.8881	0.8401	0.1524	1.4776	
0.84	2.4618	0.7812	0.7658	-0.6844	-0.6285	
0.85	2.3029	0.6909	0.5395	-0.9844	-0.3713	
0.86	2.4462	0.7174	0.4555	-0.314	0.9065	
0.87	1.9159	0.8479	0.2825	0.7623	0.1677	
0.88	1.8919	0.7329	0.1705	1.4366	-0.2363	
0.89	1.6647	0.9288	0.029	0.9961	1.856	
0.9	1.1044	0.9761	-0.1113	0.2024	2.7189	
0.91	0.9138	1.0209	-0.2058	-0.1862	0.9904	
0.92	0.65	1.0153	-0.3733	0.3648	1.2897	
0.93	0.5258	1.0651	-0.4696	1.6159	2.1213	
0.94	0.5024	1.1549	-0.5397	2.1683	0.842	
0.95	0.4826	1.2395	-0.6189	2.1418	-0.9061	
0.96	0.6287	1.4855	-0.6928	1.1735	0.0908	
0.97	0.8931	1.4584	-0.835	0.611	0.67	
0.98	1.0662	1.726	-0.8681	0.8338	-0.5977	
0.99	1.3399	1.8615	-0.8244	2.0062	-0.1061	
1.0	1.8823	1.8541	-0.9531	2.8448	1.903	
1.01	1.9601	2.0429	-0.9254	2.4082	1.7017	
1.02	2.4187	2.1254	-0.8907	1.6524	0.6729	
1.03	2.5369	2.0947	-0.9353	0.9198	1.7702	
1.04	2.2388	2.2946	-0.8964	1.0052	2.2052	
1.05	2.4055	2.2679	-0.8224	1.8574	0.0629	
1.06	2.1746	2.4741	-0.8175	2.5219	-0.8296	
1.07	1.762	2.6244	-0.8408	2.2776	0.4434	
1.08	1.7468	2.4205	-0.6746	1.5031	0.0703	
1.09	1.1785	2.2968	-0.6667	0.5171	-1.0834	
1.1	1.0198	2.3387	-0.4983	0.3308	0.2368	
1.11	0.6391	2.5825	-0.4801	0.9144	1.7469	
1.12	0.4438	2.3429	-0.3647	1.8372	1.034	
1.13	0.3131	2.3797	-0.2587	1.7924	0.6168	
1.14	0.2535	2.0812	-0.169	1.0327	1.8792	
1.15	0.3213	2.0816	-0.0767	-0.1126	1.5375	
1.16	0.4582	1.9851	0.0159	-0.5194	-0.5891	
1.17	0.6295	1.8549	0.1121	0.0497	-0.5154	
1.18	0.9971	1.781	0.2227	0.8185	0.434	
1.19	1.2615	1.7502	0.3195	1.2088	-0.6942	
1.2	1.461	1.5852	0.3598	0.4262	-1.2993	
1.21	1.6865	1.3876	0.5028	-0.5795	0.5445	
1.22	1.8205	1.1539	0.5171	-1.0623	1.4614	
1.23	2.232	0.93	0.6194	-0.5899	0.2504	
1.24	1.892	0.7931	0.6668	0.4137	0.7714	
1.25	2.1432	0.6601	0.7116	0.9304	1.8647	
1.26	1.8812	0.6022	0.7101	0.4944	0.6959	
1.27	1.5543	0.4469	0.8203	-0.4974	-0.8075	
1.28	1.12	0.3281	0.7618	-0.9613	-0.1089	
1.29	0.9123	0.2086	0.7426	-0.4981	0.0321	
1.3	0.5769	0.0992	0.7029	0.5783	-1.4439	
1.31	0.2939	0.0253	0.7994	1.3473	-1.1354	
1.32	0.066	-0.0385	0.7448	1.1038	0.7311	
1.33	-0.0644	-0.0841	0.6172	0.2739	0.6054	
1.34	-0.0985	-0.1262	0.5644	-0.2789	-0.2439	
1.35	-0.0241	-0.1455	0.6167	0.0956	1.157	
1.36	0.1449	-0.1322	0.5267	1.0783	1.9228	
1.37	0.3473	-0.1326	0.4535	1.9684	-0.1173	
1.38	0.616	-0.1106	0.377	1.9262	-0.7783	
1.39	0.9684	-0.0616	0.2759	1.3018	0.1316	
1.4	1.2759	0.0008	0.1836	0.5539	-0.6951	
1.41	1.5194	0.0673	0.103	0.8468	-1.9699	
1.42	1.5333	0.1625	0.0185	1.6583	-0.9097	
1.43	1.8518	0.231	-0.0703	2.8279	0.5355	
1.44	1.5838	0.3626	-0.1477	2.9563	-0.3069	
1.45	1.4487	0.46	-0.2325	1.8736	-0.3215	
1.46	1.4646	0.5375	-0.3108	1.1699	1.4428	
1.47	1.1273	0.6399	-0.3757	1.0756	1.2135	
1.48	0.7664	0.8066	-0.4067	1.705	-0.7007	
1.49	0.461	0.8822	-0.5271	2.8315	-0.5518	
1.5	0.1243	0.9595	-0.5876	2.6292	0.0745	
1.51	-0.1561	0.9427	-0.5324	2.1818	-1.6516	
1.52	-0.3574	1.1348	-0.647	1.1709	-2.1541	
1.53	-0.4126	1.2113	-0.6125	0.7307	-0.5549	
1.54	-0.4205	1.1023	-0.6093	1.1676	-0.0462	
1.55	-0.3739	1.1728	-0.6496	2.1368	-1.0752	
1.56	-0.2021	1.3367	-0.5564	2.2792	-0.0993	
1.57	0.0587	1.1978	-0.5274	1.6479	1.4449	
1.58	0.3597	1.333	-0.5207	0.5213	0.3372	
1.59	0.6972	1.233	-0.4615	-0.092	-1.02	
1.6	0.9019	1.2591	-0.3872	0.2777	-0.1381	
1.61	1.1887	1.1124	-0.3172	1.0702	-0.333	
1.62	1.3763	0.9513	-0.1989	1.5472	-2.3219	
1.63	1.3284	0.8742	-0.0989	0.9883	-2.1116	
1.64	1.2362	0.7929	0.009	-0.0974	-0.4479	
1.65	1.2	0.6784	0.1347	-0.7464	-0.789	
1.66	0.9735	0.593	0.2426	-0.4768	-1.4473	
1.67	0.6396	0.4524	0.4063	0.3449	0.2784	
1.68	0.3444	0.3271	0.5266	1.0526	1.264	
1.69	0.0292	0.1925	0.6371	0.7257	-0.3917	
1.7	-0.2844	0.0564	0.795	-0.2087	-0.8957	
1.71	-0.5193	-0.0817	0.9417	-0.9068	0.1381	
1.72	-0.663	-0.2336	1.0284	-0.7865	-1.0075	
1.73	-0.8078	-0.3803	1.3384	0.2281	-2.6512	
1.74	-0.7407	-0.5392	1.4053	1.1116	-1.8759	
1.75	-0.5995	-0.6117	1.4926	1.0603	-0.5793	
1.76	-0.4681	-0.6981	1.7185	0.332	-1.5395	
1.77	-0.1998	-0.8887	1.8415	-0.3976	-1.4139	
1.78	0.1118	-1.0231	1.8266	-0.2845	0.6516	
1.79	0.4065	-1.0188	1.9535	0.6685	0.5448	
1.8	0.6664	-1.0914	2.3289	1.7128	-0.8537	
1.81	0.8706	-1.0742	2.4062	1.9923	-0.4229	
1.82	1.0088	-1.2729	2.1359	1.1473	0.1231	
1.83	1.0372	-1.2274	2.4188	0.5088	-1.5689	
1.84	1.0315	-1.2148	2.3075	0.4536	-2.8661	
1.85	0.9537	-1.1728	2.313	1.244	-1.2955	
1.86	0.648	-1.2207	2.6351	2.5149	-1.2132	
1.87	0.3571	-1.2093	2.3764	2.6969	-2.115	
1.88	0.0593	-0.9906	2.4229	1.9994	-0.9674	
1.89	-0.2321	-1.1036	2.5445	1.131	0.6886	
1.9	-0.5218	-0.8393	2.4096	0.9478	-0.1245	
1.91	-0.7259	-0.7661	2.5698	1.6099	-1.0354	
1.92	-0.9514	-0.691	2.4149	2.6905	0.1092	
1.93	-0.9324	-0.5858	2.2378	2.8715	-0.1631	
1.94	-0.8589	-0.5432	2.4367	2.5658	-2.4647	
1.95	-0.7522	-0.4141	2.0787	1.5243	-2.1901	
1.96	-0.5151	-0.252	2.2309	0.8274	-1.0778	
1.97	-0.255	-0.1319	2.0912	1.1321	-1.8253	
1.98	0.0348	-0.0264	1.8342	2.2067	-2.4072	
1.99	0.3355	0.0809	1.8661	2.8243	-0.486	
2.0	0.5827	0.1983	1.8533	2.2311	0.5824	
2.01	0.8062	0.29	1.811	1.072	-0.7701	
2.02	0.9502	0.3485	1.7603	0.2092	-0.6117	
2.03	1.0362	0.4456	1.4772	0.396	0.525	
2.04	0.9725	0.5017	1.566	1.2334	-0.7046	
2.05	0.7923	0.529	1.2862	1.6002	-2.5667	
2.06	0.5398	0.4875	1.396	1.2571	-1.7381	
2.07	0.2488	0.5274	1.299	0.3455	-1.021	
2.08	-0.0613	0.4755	1.1699	-0.5488	-2.4814	
2.09	-0.3502	0.5154	1.2186	-0.48	-1.9288	
2.1	-0.6608	0.4176	1.0296	0.2902	0.0408	
2.11	-0.846	0.3903	1.0854	0.9825	0.117	
2.12	-0.9329	0.3377	0.9349	0.8257	-1.0484	
2.13	-0.9499	0.2661	1.0608	-0.0269	-0.0142	
2.14	-0.8744	0.1599	0.9451	-0.836	0.6915	
2.15	-0.7963	0.046	1.031	-0.9378	-1.2155	
2.16	-0.4951	-0.0734	0.9478	-0.1541	-2.3999	
2.17	-0.1673	-0.1684	1.103	0.8347	-1.0354	
2.18	0.1279	-0.2949	1.0488	1.0015	-1.4873	
2.19	0.4812	-0.402	1.0985	0.2354	-2.8324	
2.2	0.6862	-0.5759	1.2663	-0.553	-1.4519	
2.21	0.9074	-0.7222	1.1343	-0.7685	0.2554	
2.22	1.133	-0.8332	1.2912	0.0872	-0.4563	
2.23	1.0538	-0.9839	1.4671	1.0809	-0.8194	
2.24	0.9158	-1.111	1.416	1.436	0.6245	
2.25	0.8052	-1.031	1.4339	1.09	0.4744	
2.26	0.608	-1.2076	1.5103	0.2308	-1.6328	
2.27	0.316	-1.4006	1.6531	-0.0014	-1.5957	
2.28	0.0084	-1.2967	1.854	0.6894	-0.671	
2.29	-0.2632	-1.3185	1.9039	1.9322	-1.8481	
2.3	-0.5513	-1.4245	2.0517	2.3982	-2.7464	
2.31	-0.7374	-1.513	1.9729	2.0104	-0.7143	
2.32	-0.8773	-1.3213	2.2639	1.0502	0.2365	
2.33	-0.7625	-1.4405	2.4546	0.6806	-0.7246	
2.34	-0.742	-1.2581	2.2958	1.0898	-0.2306	
2.35	-0.5407	-1.3699	2.4604	2.2375	1.3254	
2.36	-0.2127	-1.2141	2.38	2.899	0.1191	
2.37	0.096	-1.1472	2.6332	2.4969	-1.5537	
2.38	0.3899	-1.118	2.5826	1.5357	-0.8669	
2.39	0.7536	-1.001	2.3781	0.803	-0.5727	
2.4	1.0831	-0.7594	2.5044	1.082	-2.3723	
2.41	1.1091	-0.7075	2.4164	2.0893	-1.9721	
2.42	1.3589	-0.5219	2.6483	2.5265	-0.1184	
2.43	1.23	-0.3603	2.2473	2.4179	-0.1088	
2.44	1.1737	-0.2845	2.3038	1.3108	-0.7854	
2.45	1.1405	-0.1283	2.49	0.4285	0.4962	
2.46	0.8813	0.0132	2.0205	0.3851	1.3813	
2.47	0.5081	0.137	2.1928	1.1503	-0.2745	
2.48	0.2479	0.2541	2.0633	1.737	-1.016	
2.49	-0.047	0.4111	1.7478	1.6732	-0.0401	
2.5	-0.2772	0.4589	1.6808	0.6165	-0.8086	
2.51	-0.4003	0.5612	1.6648	-0.3711	-2.4427	
2.52	-0.4998	0.6658	1.4699	-0.5616	-1.3933	
2.53	-0.4964	0.6577	1.4024	0.0832	0.2323	
2.54	-0.3334	0.8418	1.2926	0.8588	-0.4754	
2.55	-0.119	0.7814	1.103	0.9543	-0.5619	
2.56	0.1538	0.7704	0.9657	0.1242	1.4622	
2.57	0.5085	0.8396	0.8858	-0.9287	1.4338	
2.58	0.8992	0.8383	0.7176	-1.1047	-0.4376	
2.59	1.1131	0.7901	0.5275	-0.6028	-0.2594	
2.6	1.2965	0.7053	0.3716	0.3881	0.4067	
2.61	1.4528	0.6677	0.2359	0.6807	-1.1387	
2.62	1.5872	0.633	0.0967	0.1171	-1.9036	
2.63	1.6611	0.4602	-0.0172	-0.7341	-0.4205	
2.64	1.4794	0.4373	-0.1377	-1.1671	0.1902	
2.65	1.4041	0.3056	-0.2228	-0.5583	-0.7246	
2.66	1.1041	0.2073	-0.3275	0.4653	0.1538	
2.67	0.8318	0.0763	-0.3985	1.05	1.9189	
2.68	0.4941	-0.0345	-0.5272	0.7232	1.0125	
2.69	0.2642	-0.1657	-0.5587	-0.118	-0.2446	
2.7	0.0569	-0.2497	-0.596	-0.5388	0.5566	
2.71	-0.077	-0.3962	-0.6502	-0.0414	0.571	
2.72	-0.1296	-0.49	-0.639	1.0673	-1.2939	
2.73	-0.0667	-0.6023	-0.6987	1.642	-1.3487	
2.74	0.0868	-0.6655	-0.6422	1.8045	0.1933	
2.75	0.2967	-0.7592	-0.6219	0.8192	-0.0673	
2.76	0.5914	-0.7925	-0.6176	0.2541	-0.7752	
2.77	0.9297	-0.8725	-0.5616	0.5824	0.9821	
2.78	1.2623	-0.9698	-0.5245	1.523	2.2694	
2.79	1.6904	-0.9885	-0.4262	2.3215	0.6744	
2.8	1.9979	-0.9527	-0.397	2.2947	0.3067	
2.81	2.072	-0.883	-0.3113	1.3756	1.3813	
2.82	2.1952	-0.8295	-0.2393	0.6476	0.4172	
2.83	1.9672	-0.8658	-0.145	0.6458	-1.3976	
2.84	2.1062	-0.6865	-0.0503	1.6296	-0.5674	
2.85	1.7404	-0.6238	0.0421	2.1875	0.5216	
2.86	1.5378	-0.5598	0.1416	2.4988	-0.4428	
2.87	1.125	-0.4703	0.2459	1.3337	-0.3256	
2.88	0.8254	-0.4059	0.346	0.4644	1.796	
2.89	0.5872	-0.2522	0.3698	0.2223	1.794	
2.9	0.428	-0.1245	0.4475	0.8002	0.5636	
2.91	0.2902	0.0039	0.6116	1.5178	1.0862	
2.92	0.2232	0.1285	0.6933	1.6085	1.8295	
2.93	0.3039	0.2709	0.7752	0.9147	0.0354	
2.94	0.453	0.4404	0.7533	-0.179	-1.0326	
2.95	0.7809	0.5716	0.851	-0.6643	0.2003	
2.96	1.0463	0.689	0.9093	-0.1527	0.4525	
2.97	1.3098	0.8198	0.8413	0.6105	-0.7029	
2.98	1.7178	0.9157	0.9656	0.9899	0.3581	
2.99	1.8237	0.8912	0.9831	0.2473	2.2406	
3.0	2.0116	0.9492	0.9374	-0.7731	1.4569	
3.01	2.3412	1.2289	0.8275	-1.2989	0.6594	
3.02	2.5742	1.212	0.8581	-1.0201	1.8619	
3.03	2.3373	1.1032	0.7796	-0.0756	1.7934	
3.04	2.1209	1.274	0.797	0.4296	-0.2968	
3.05	1.8998	1.3132	0.7655	-0.0434	-0.4956	
3.06	1.7037	1.3197	0.6504	-1.0931	0.7038	
3.07	1.276	1.1767	0.5663	-1.7218	0.0344	
3.08	0.9854	1.2098	0.5414	-1.3305	-0.643	
3.09	0.7439	1.011	0.4217	-0.2166	1.1455	
3.1	0.6426	1.029	0.3526	0.5008	2.4861	
3.11	0.54	0.8281	0.2555	0.3264	1.0938	
3.12	0.5293	0.76	0.1486	-0.5086	1.1538	
3.13	0.6239	0.6172	0.067	-1.157	2.2972	
3.14	0.7161	0.6028	-0.0186	-0.778	1.5303	
3.15	1.0876	0.4395	-0.1074	0.1952	-0.3552	
3.16	1.4517	0.3264	-0.1913	1.0515	0.2225	
3.17	1.6563	0.1775	-0.278	1.0714	0.9482	
3.18	2.0335	0.0395	-0.3592	0.4131	-0.4777	
3.19	2.2944	-0.0952	-0.3883	-0.3124	-0.3515	
3.2	2.2355	-0.2322	-0.4568	-0.1807	1.679	
3.21	2.4038	-0.3376	-0.5355	0.6852	1.7817	
3.22	2.5318	-0.4532	-0.5412	1.6189	0.8455	
3.23	2.6929	-0.5734	-0.6304	1.771	1.8535	
3.24	2.2996	-0.6742	-0.6324	1.2243	2.552	
3.25	1.9132	-0.7566	-0.6279	0.3592	0.9363	
3.26	1.8099	-0.8236	-0.6538	0.2194	-0.1676	
3.27	1.4632	-0.8023	-0.6495	0.9483	0.9256	
3.28	1.0823	-0.8478	-0.5762	1.9603	0.5972	
3.29	0.9138	-0.8414	-0.5255	2.2075	-0.8496	
3.3	0.7006	-0.8704	-0.498	1.5082	0.1583	
3.31	0.5587	-0.7825	-0.4234	0.4084	1.8123	
3.32	0.5676	-0.7788	-0.3353	0.0137	1.4099	
3.33	0.6318	-0.8403	-0.2817	0.5371	1.0374	
3.34	0.7992	-0.7675	-0.1615	1.4453	2.6326	
3.35	1.0545	-0.6541	-0.052	1.5643	2.708	
3.36	1.5049	-0.6086	0.0535	0.9254	0.4772	
3.37	1.8515	-0.4408	0.1713	-0.0788	0.2893	
3.38	2.0084	-0.3773	0.311	-0.7177	1.2822	
3.39	2.1748	-0.2677	0.4587	-0.4263	0.0674	
3.4	2.5935	-0.17	0.5572	0.3993	-1.0004	
3.41	2.6876	-0.0422	0.7814	0.9116	0.6778	
3.42	2.6899	0.0743	0.9502	0.3065	1.769	
3.43	2.3781	0.1715	0.9139	-0.7335	0.78	
3.44	1.9814	0.2951	1.0968	-1.5829	1.2684	
3.45	1.8281	0.3939	1.3846	-1.4693	2.6773	
3.46	1.7392	0.5138	1.4054	-0.4914	1.9988	
3.47	1.3792	0.5654	1.419	0.0965	0.3092	
3.48	0.9097	0.6786	1.6268	-0.1916	0.8583	
3.49	0.7322	0.6266	1.9071	-1.152	1.1484	
3.5	0.5123	0.6974	1.7728	-1.8893	-0.5962	
3.51	0.4105	0.8286	1.9739	-1.8373	-0.7621	
3.52	0.4444	0.8416	2.1553	-0.9609	1.177	
3.53	0.549	0.7656	1.9936	-0.0972	1.139	
3.54	0.7173	0.7951	2.1442	-0.1061	0.3559	
3.55	0.9747	0.7003	2.0601	-0.9048	1.7565	
3.56	1.3132	0.6016	2.4587	-1.555	2.8503	
3.57	1.6343	0.5446	2.4792	-1.62	1.2456	
3.58	2.0246	0.5084	2.3868	-0.6724	0.3655	
3.59	1.9527	0.4133	2.227	0.2885	1.3119	
3.6	2.4468	0.2798	2.1273	0.5917	0.6274	
3.61	2.3727	0.1554	2.3523	-0.0826	-1.137	
3.62	2.4014	0.0144	2.2943	-0.8404	-0.3347	
3.63	2.2287	-0.1283	2.019	-0.8634	1.1578	
3.64	1.7192	-0.2652	2.0842	-0.1143	0.4512	
3.65	1.4857	-0.402	1.8764	0.9338	0.3031	
3.66	1.2816	-0.6136	2.0908	1.306	2.1407	
3.67	0.91	-0.7599	1.9539	0.7516	2.4667	
3.68	0.668	-0.8919	1.678	-0.0581	0.6208	
3.69	0.3349	-1.1067	1.53	-0.3629	0.6564	
3.7	0.1692	-1.0777	1.5202	0.3037	1.5386	
3.71	0.095	-1.1596	1.4505	1.2011	-0.0793	
3.72	0.115	-1.3827	1.2115	1.6971	-1.3574	
3.73	0.235	-1.4481	1.1999	1.393	0.0778	
3.74	0.4062	-1.5706	1.2401	0.267	0.8027	
3.75	0.6641	-1.4851	0.9951	-0.2562	-0.2867	
3.76	1.0008	-1.654	1.0088	0.1069	0.4861	
3.77	1.2921	-1.7112	0.8352	1.0156	2.5097	
3.78	1.4674	-1.8285	0.7624	1.376	1.4988	
3.79	1.7512	-1.9171	0.7542	1.0753	0.3339	
3.8	1.6753	-1.8002	0.7092	0.0066	1.2025	
3.81	1.7535	-1.7619	0.5924	-0.81	1.1098	
3.82	1.6182	-1.8561	0.6003	-0.6151	-0.8769	
3.83	1.6144	-1.7235	0.5182	0.1411	-1.18	
3.84	1.2387	-1.4465	0.4622	0.6816	0.3004	
3.85	1.095	-1.6509	0.5321	0.3762	0.039	
3.86	0.7717	-1.2966	0.5422	-0.6726	-0.7724	
3.87	0.3795	-1.3018	0.4857	-1.6716	0.8631	
3.88	0.0673	-1.3027	0.5736	-1.7078	2.1664	
3.89	-0.1814	-1.0554	0.556	-0.897	0.8262	
3.9	-0.3429	-1.0866	0.6302	-0.1832	0.3341	
3.91	-0.4436	-0.9738	0.6071	-0.2543	1.4184	
3.92	-0.3606	-0.8689	0.745	-1.1789	0.5397	
3.93	-0.2571	-0.7534	0.808	-2.2777	-1.379	
3.94	-0.0459	-0.6311	0.9154	-2.4387	-0.9497	
3.95	0.2322	-0.5342	0.9179	-1.4748	0.1828	
3.96	0.5418	-0.4804	0.9467	-0.617	-0.9105	
3.97	0.7685	-0.3947	0.9717	-0.4384	-0.965	
3.98	0.9235	-0.3166	1.247	-1.2748	1.1319	
3.99	1.0988	-0.2574	1.1912	-2.1551	1.3796	
4.0	1.3266	-0.238	1.434	-2.4552	0.1397	
4.01	1.4159	-0.256	1.4316	-1.3728	0.5273	
4.02	1.1591	-0.2519	1.5892	-0.444	1.289	
4.03	0.9693	-0.3022	1.646	-0.0422	-0.3209	
4.04	0.7502	-0.33	1.6223	-0.5251	-1.4947	
4.05	0.4293	-0.3896	1.6038	-1.4768	-0.5744	
4.06	0.0535	-0.4713	1.5851	-1.7801	-0.3132	
4.07	-0.2841	-0.6025	1.6826	-1.0964	-1.5551	
4.08	-0.5718	-0.592	1.9309	0.1106	-0.7672	
4.09	-0.7325	-0.7519	1.896	0.6836	1.205	
4.1	-0.9526	-0.9217	1.7054	0.3765	0.611	
4.11	-0.9503	-1.0844	1.8718	-0.5002	-0.2055	
4.12	-0.9673	-1.1007	1.7679	-1.0184	0.9615	
4.13	-0.7512	-1.227	1.6668	-0.4687	0.9706	
4.14	-0.5685	-1.5511	1.591	0.5693	-1.0152	
4.15	-0.3274	-1.4449	1.4639	1.3149	-1.6657	
4.16	-0.0428	-1.7653	1.4936	0.9697	-0.3716	
4.17	0.2504	-1.8821	1.5115	0.1284	-1.0247	
4.18	0.5006	-1.9615	1.3907	-0.542	-2.2267	
4.19	0.6785	-2.0917	1.1955	-0.3588	-0.3994	
4.2	0.7172	-2.1566	1.1434	0.6071	0.8143	
4.21	0.6663	-2.3911	0.9238	1.3799	-0.1616	
4.22	0.5913	-2.2012	0.8592	1.1107	-0.19	
4.23	0.3179	-2.5247	0.6771	0.1051	1.1837	
4.24	0.063	-2.3521	0.5431	-0.8219	0.3442	
4.25	-0.2637	-2.3615	0.4377	-0.8379	-1.4837	
4.26	-0.6624	-2.4769	0.2905	-0.1285	-1.1582	
4.27	-1.0156	-2.7452	0.1286	0.6484	-0.5393	
4.28	-1.1305	-2.7676	-0.0131	0.4668	-2.1007	
4.29	-1.4429	-2.4907	-0.1729	-0.4272	-2.2367	
4.3	-1.4085	-2.7003	-0.3179	-1.4201	-0.133	
4.31	-1.5323	-2.1846	-0.4614	-1.647	0.2682	
4.32	-1.5425	-2.5441	-0.6217	-1.0704	-0.8121	
4.33	-1.4203	-2.0242	-0.7519	-0.3636	0.1356	
4.34	-1.0422	-2.0955	-0.847	-0.2831	1.2681	
4.35	-0.7925	-2.087	-0.909	-1.1613	-0.4167	
4.36	-0.5969	-1.9099	-1.0457	-2.3357	-1.6039	
4.37	-0.2776	-1.8202	-1.0873	-2.4366	-0.7632	
4.38	-0.051	-1.588	-1.3054	-2.1098	-1.0651	
4.39	0.0923	-1.4364	-1.3631	-0.9798	-2.4153	
4.4	0.1679	-1.3591	-1.4359	-0.6725	-1.8143	
4.41	0.1298	-1.3563	-1.3574	-1.1932	-0.0436	
4.42	-0.0165	-1.0336	-1.5155	-2.1576	-0.4719	
4.43	-0.2319	-1.1322	-1.6045	-2.5694	-0.9663	
4.44	-0.5687	-1.0	-1.44	-2.3211	0.622	
4.45	-0.8556	-0.8348	-1.4643	-1.1438	0.8603	
4.46	-1.235	-0.6981	-1.4863	-0.5485	-1.0367	
4.47	-1.4247	-0.6092	-1.3403	-0.8043	-1.4506	
4.48	-1.6968	-0.6424	-1.4957	-1.9139	-0.5113	
4.49	-1.9907	-0.5903	-1.4083	-2.3111	-1.6538	
4.5	-2.0312	-0.5072	-1.4393	-1.7393	-2.6835	
4.51	-1.9688	-0.5241	-1.2261	-0.7108	-1.3973	
4.52	-1.8375	-0.5316	-1.1447	0.0989	-0.3012	
4.53	-1.7163	-0.5801	-1.1032	-0.0293	-1.3403	
4.54	-1.661	-0.5395	-1.1004	-0.9122	-0.8132	
4.55	-1.3011	-0.6025	-0.954	-1.4471	0.9852	
4.56	-0.9963	-0.6975	-0.9334	-1.2134	0.2637	
4.57	-0.6165	-0.8095	-0.8118	-0.11	-1.4759	
4.58	-0.411	-0.7875	-0.6549	0.7508	-0.9682	
4.59	-0.275	-0.8899	-0.5769	0.7944	-0.5767	
4.6	-0.2519	-1.0531	-0.4989	-0.0315	-2.3928	
4.61	-0.3043	-1.1865	-0.4005	-0.7468	-2.895	
4.62	-0.4268	-1.186	-0.3497	-0.7433	-1.0617	
4.63	-0.6572	-1.2326	-0.3031	0.0858	-0.8375	
4.64	-0.9198	-1.5073	-0.1983	0.8985	-1.4974	
4.65	-1.2717	-1.6199	-0.1469	1.0258	-0.3411	
4.66	-1.4866	-1.6735	-0.1108	0.213	0.9679	
4.67	-1.7531	-1.7859	-0.0808	-0.7661	-0.3774	
4.68	-1.9806	-1.9	-0.0533	-1.0319	-1.3173	
4.69	-2.2325	-1.7971	-0.0355	-0.3204	-0.3862	
4.7	-2.492	-1.9185	-0.0316	0.5148	-0.9342	
4.71	-2.3131	-1.9796	-0.041	0.5596	-2.9177	
4.72	-2.2859	-2.192	-0.0573	-0.1902	-2.0879	
4.73	-1.8104	-1.9158	-0.091	-1.336	-0.815	
4.74	-1.6538	-2.1623	-0.1201	-1.834	-1.2834	
4.75	-1.3136	-1.8774	-0.1655	-1.3682	-1.5477	
4.76	-1.2046	-2.0666	-0.2287	-0.4284	0.2571	
4.77	-0.9104	-2.1428	-0.2657	-0.1789	0.7904	
4.78	-0.5966	-2.0656	-0.3371	-0.8327	-0.8258	
4.79	-0.463	-1.7542	-0.4402	-1.8398	-0.8154	
4.8	-0.4331	-1.866	-0.5204	-2.7049	0.0216	
4.81	-0.5393	-1.7787	-0.6048	-2.1182	-1.5023	
4.82	-0.706	-1.4798	-0.7626	-1.2943	-2.7558	
4.83	-0.8983	-1.2697	-0.7403	-0.767	-1.6509	
4.84	-1.2731	-1.2603	-0.9698	-1.236	-0.7726	
4.85	-1.5226	-1.0905	-0.9906	-2.4723	-2.0018	
4.86	-1.8334	-0.914	-1.0851	-3.163	-1.2028	
4.87	-2.2859	-0.7772	-1.2739	-2.6028	0.7224	
4.88	-2.5102	-0.5696	-1.2988	-1.5148	0.3024	
4.89	-2.5722	-0.4677	-1.3986	-0.9279	-0.8821	
4.9	-2.2758	-0.2772	-1.3597	-1.1695	-0.1453	
4.91	-2.2094	-0.1512	-1.3439	-1.8084	0.1105	
4.92	-2.4016	-0.0042	-1.5873	-2.6786	-1.9398	
4.93	-2.1355	0.1251	-1.5139	-2.2175	-2.6714	
4.94	-1.6232	0.2384	-1.6946	-1.3212	-0.9676	
4.95	-1.5051	0.3834	-1.6603	-0.4152	-1.2006	
4.96	-1.1709	0.4389	-1.4851	-0.3347	-2.1986	
4.97	-0.838	0.5614	-1.5974	-1.1705	-0.5201	
4.98	-0.6184	0.6683	-1.4486	-1.8255	0.9044	
4.99	-0.4508	0.6591	-1.6914	-1.8175	-0.1289	
5.0	-0.4176	0.7078	-1.5669	-0.6808	-0.6357	
5.01	-0.5175	0.7245	-1.4779	0.2402	0.572	
5.02	-0.6656	0.6813	-1.4925	0.529	-0.0952	
5.03	-0.883	0.7299	-1.2247	-0.1481	-2.0091	
5.04	-1.1001	0.6077	-1.3145	-0.9864	-1.7575	
5.05	-1.5509	0.6809	-1.1721	-1.003	-0.5979	
5.06	-1.9817	0.5891	-1.0573	-0.3023	-1.5509	
5.07	-2.0439	0.4729	-0.9694	0.6982	-1.6998	
5.08	-2.2163	0.4143	-0.8798	0.8952	0.2044	
5.09	-2.249	0.3243	-0.6663	0.3254	0.7918	
5.1	-2.1883	0.2523	-0.5111	-0.677	-0.4438	
5.11	-2.251	0.1633	-0.4298	-1.0774	0.0495	
5.12	-1.9143	0.0856	-0.2659	-0.5183	1.1842	
5.13	-1.709	-0.0111	-0.1168	0.4451	-0.488	
5.14	-1.4928	-0.106	0.0194	0.8539	-1.8208	
5.15	-1.1337	-0.1835	0.1415	0.1954	-0.8389	
5.16	-0.8141	-0.2686	0.2993	-0.8274	-0.6043	
5.17	-0.6174	-0.3276	0.4561	-1.5275	-1.8282	
5.18	-0.4221	-0.3511	0.5808	-1.2748	-1.1547	
5.19	-0.2963	-0.414	0.6757	-0.3895	0.8429	
5.2	-0.2501	-0.4955	0.7087	0.0449	0.5144	
5.21	-0.31	-0.495	0.9023	-0.4247	-0.3174	
5.22	-0.5328	-0.4868	0.8943	-1.4278	0.8294	
5.23	-0.7364	-0.5025	1.1165	-2.3374	1.1776	
5.24	-1.1371	-0.4272	1.0996	-2.1257	-0.706	
5.25	-1.3351	-0.3657	1.2153	-1.2719	-1.3153	
5.26	-1.7179	-0.3312	1.1473	-0.7916	-0.2031	
5.27	-1.9354	-0.2256	1.1096	-1.1053	-0.9025	
5.28	-2.2109	-0.1598	1.2314	-1.8598	-1.7963	
5.29	-2.2615	-0.0441	1.1188	-2.9345	-0.4263	
5.3	-2.162	0.0703	1.2904	-2.936	1.1162	
5.31	-2.0626	0.1997	1.1038	-1.758	0.1392	
5.32	-1.8763	0.364	1.2049	-1.0438	0.1369	
5.33	-1.3594	0.4871	1.127	-1.1998	1.6668	
5.34	-1.1582	0.5972	1.0284	-1.881	1.1669	
5.35	-0.8524	0.8784	0.992	-2.4643	-0.8666	
5.36	-0.5117	0.9064	0.89	-2.9805	-0.5422	
5.37	-0.2317	1.1892	0.8258	-1.827	0.1761	
5.38	-0.038	1.3004	0.7456	-0.8894	-1.1873	
5.39	0.0664	1.4527	0.7092	-0.5402	-1.6473	
5.4	0.0659	1.6074	0.5668	-1.0793	0.3691	
5.41	-0.0377	1.8272	0.4836	-2.016	0.9695	
5.42	-0.205	1.6965	0.348	-2.0428	-0.0528	
5.43	-0.4633	1.9092	0.2634	-1.3551	0.8295	
5.44	-0.8063	2.0658	0.1494	-0.1957	2.1148	
5.45	-1.0879	2.1253	0.051	0.2741	0.7388	
5.46	-1.3537	2.4313	-0.045	-0.1941	-0.5642	
5.47	-1.6376	2.368	-0.1409	-1.0528	0.393	
5.48	-1.5982	2.3986	-0.2333	-1.2172	0.2045	
5.49	-1.8953	2.372	-0.3207	-0.6255	-1.4439	
5.5	-1.8115	2.2253	-0.413	0.3713	-0.9145	
5.51	-1.4313	2.3411	-0.4154	0.899	1.0077	
5.52	-1.4449	2.327	-0.4814	0.562	0.5944	
5.53	-1.0177	2.4461	-0.5172	-0.4196	0.0796	
5.54	-0.7385	2.3475	-0.5503	-0.9038	1.589	
5.55	-0.3652	2.0816	-0.5686	-0.5784	2.1721	
5.56	-0.0642	2.2652	-0.5603	0.3442	0.4885	
5.57	0.1697	1.8215	-0.5911	0.9476	0.0648	
5.58	0.3341	1.932	-0.6376	0.5554	0.985	
5.59	0.4709	1.7476	-0.6147	-0.4059	-0.0686	
5.6	0.4406	1.6932	-0.5467	-1.1938	-1.4716	
5.61	0.3048	1.537	-0.488	-1.1053	-0.1117	
5.62	0.0955	1.5891	-0.4361	-0.2861	1.1849	
5.63	-0.1699	1.227	-0.4461	0.3531	0.213	
5.64	-0.4839	1.304	-0.3236	0.083	0.5121	
5.65	-0.8051	1.0834	-0.2828	-0.9837	2.4919	
5.66	-0.9568	1.0425	-0.2164	-2.0092	2.1617	
5.67	-1.2597	1.0728	-0.1136	-2.0801	0.3654	
5.68	-1.3189	0.8783	-0.0428	-1.1434	0.8287	
5.69	-1.2769	0.9237	0.0403	-0.5542	1.2317	
5.7	-1.3317	0.8982	0.1143	-0.5836	-0.4266	
5.71	-1.2216	0.7835	0.1905	-1.3604	-1.1801	
5.72	-0.8388	0.7665	0.2838	-2.2672	0.6756	
5.73	-0.6177	0.7677	0.3627	-2.6598	0.833	
5.74	-0.2716	0.8204	0.4131	-1.8701	-0.026	
5.75	0.0338	0.962	0.4631	-1.0013	1.1759	
5.76	0.3017	1.0294	0.5027	-0.9139	3.0382	
5.77	0.5978	1.0421	0.6105	-1.7231	1.5148	
5.78	0.7625	1.0064	0.5903	-2.6609	0.5721	
5.79	0.7017	1.0954	0.6188	-2.7598	1.6667	
5.8	0.6734	1.3268	0.7144	-2.248	1.098	
5.81	0.582	1.3897	0.5916	-1.0733	-0.7644	
5.82	0.348	1.4532	0.5957	-0.5904	-0.4418	
5.83	0.0785	1.7856	0.6787	-1.1564	1.0271	
5.84	-0.2323	1.9915	0.6142	-1.8771	0.4064	
5.85	-0.5252	2.085	0.5762	-2.2063	0.0309	
5.86	-0.8185	2.1093	0.4571	-1.6965	1.7729	
5.87	-1.0541	2.125	0.4518	-0.5686	2.5482	
5.88	-1.1065	2.3639	0.3538	0.1223	1.205	
5.89	-1.1259	2.3948	0.2454	-0.1561	1.1241	
5.9	-1.0791	2.3162	0.1349	-0.9205	1.9703	
5.91	-0.7851	2.8606	0.017	-1.3902	0.7589	
5.92	-0.664	2.6917	-0.1161	-0.8651	-0.855	
5.93	-0.3059	2.9247	-0.2452	0.1148	0.2433	
5.94	0.0128	2.5958	-0.3797	0.9078	1.0808	
5.95	0.3127	3.0498	-0.5097	0.7627	-0.1029	
5.96	0.6227	3.0191	-0.6882	-0.1308	0.3762	
5.97	0.7794	2.8347	-0.8696	-0.7292	2.2918	
5.98	0.8628	3.1529	-0.8755	-0.5538	2.4555	
5.99	0.9487	2.6708	-1.0172	0.395	0.9449	
6.0	0.8205	2.6167	-1.3129	1.2328	1.6689	
6.01	0.6827	2.8247	-1.3628	1.1473	2.2789	
6.02	0.4845	2.5865	-1.428	0.1333	0.1925	
6.03	0.1874	2.4023	-1.5648	-0.7512	-0.5134	
6.04	-0.1237	2.2184	-1.7536	-0.742	0.7389	
6.05	-0.3996	2.3928	-1.847	-0.0395	0.5948	
6.06	-0.6167	2.4102	-2.1742	0.6603	-0.4879	
6.07	-0.9463	2.1878	-2.0315	0.679	1.0261	
6.08	-0.8842	1.9124	-2.0421	-0.1818	2.6993	
6.09	-1.0643	1.7398	-2.1855	-1.1208	1.4584	
6.1	-0.9598	1.7549	-2.2592	-1.5165	1.1294	
6.11	-0.6836	1.4617	-2.3372	-1.0144	2.4278	
6.12	-0.4755	1.3064	-2.3989	-0.1306	1.6965	
6.13	-0.1624	1.315	-2.3496	-0.0056	-0.2525	
6.14	0.1426	1.1169	-2.6503	-0.8683	-0.0834	
6.15	0.4235	0.985	-2.7223	-1.9949	0.9303	
6.16	0.7275	0.8122	-2.7229	-2.1779	-0.0816	
6.17	0.8281	0.7502	-2.6764	-1.7687	-0.5618	
6.18	0.9925	0.7058	-2.2662	-0.8202	1.5378	
6.19	1.0171	0.6747	-2.5422	-0.5937	2.4438	
6.2	0.9167	0.6327	-2.6088	-1.0836	0.9285	
6.21	0.6211	0.5677	-2.2319	-2.318	1.5311	
6.22	0.4078	0.5053	-2.2644	-2.7995	2.406	
6.23	0.111	0.5961	-2.0208	-2.3449	1.1709	
6.24	-0.1946	0.5411	-2.1983	-1.0911	-0.4325	
6.25	-0.5084	0.5532	-1.9165	-0.4849	0.4187	
6.26	-0.7761	0.6265	-1.8488	-0.8488	0.7078	
6.27	-0.9887	0.6879	-1.9228	-1.781	-0.7301	
6.28	-1.0144	0.7929	-1.8449	-2.4268	-0.3122	
6.29	-0.9709	0.9161	-1.5693	-1.9088	1.8559	
6.3	-0.9794	0.8998	-1.4489	-0.7473	1.5229	
6.31	-0.8275	1.0877	-1.3905	0.0677	0.7293	
6.32	-0.5014	1.0862	-1.3137	-0.0164	2.0437	
6.33	-0.2027	1.2646	-1.3429	-0.8287	2.4778	
6.34	0.0935	1.2896	-1.2215	-1.3676	0.4943	
6.35	0.3795	1.2894	-1.1018	-1.086	-0.3155	
6.36	0.6664	1.6721	-1.0576	-0.0762	0.7699	
6.37	0.701	1.4994	-0.9636	0.8274	0.0898	
6.38	0.8768	1.7612	-1.0077	0.8837	-1.293	
6.39	0.8078	1.6786	-0.9621	0.17	0.0695	
6.4	0.6587	1.9803	-0.9303	-0.5933	1.6622	
6.41	0.4238	2.004	-0.8648	-0.534	0.7817	
6.42	0.166	1.8276	-0.9804	0.3416	0.631	
6.43	-0.1456	1.9646	-0.9437	1.2272	2.3278	
6.44	-0.4769	2.0223	-0.9278	1.4355	1.9995	
6.45	-0.8004	2.1119	-0.9355	0.7628	-0.0978	
6.46	-1.0581	2.0695	-1.0985	-0.2129	0.0542	
6.47	-1.2207	1.9435	-1.1195	-0.4497	0.7724	
6.48	-1.3991	1.9483	-1.0768	0.23	-0.6951	
6.49	-1.1979	1.8661	-1.1977	1.1426	-1.28	
6.5	-1.1407	1.7715	-1.2091	1.4245	0.4569	
6.51	-0.992	1.538	-1.3762	0.5411	1.0447	
6.52	-0.7155	1.3325	-1.4409	-0.4664	0.0351	
6.53	-0.4109	1.4179	-1.4999	-0.9131	0.8367	
6.54	-0.1184	1.2122	-1.4534	-0.5194	2.2304	
6.55	0.1535	1.1001	-1.5395	0.3527	1.0295	
6.56	0.3471	0.8352	-1.5965	0.6506	-0.3364	
6.57	0.4758	0.7681	-1.7272	0.0319	0.4383	
6.58	0.5722	0.5098	-2.0828	-1.1513	0.3545	
6.59	0.5133	0.4089	-2.1311	-1.8633	-1.5516	
6.6	0.3133	0.2488	-1.9646	-1.3782	-1.3144	
6.61	0.0872	0.0853	-2.0266	-0.4984	0.5294	
6.62	-0.2184	-0.064	-2.016	-0.0432	0.2565	
6.63	-0.5235	-0.1925	-2.2827	-0.4574	-0.4153	
6.64	-0.9078	-0.3071	-2.4489	-1.4909	1.2006	
6.65	-1.2484	-0.428	-2.3993	-2.1919	2.1162	
6.66	-1.4262	-0.544	-2.1355	-1.8527	0.2572	
6.67	-1.4686	-0.6313	-2.543	-0.9897	-0.3093	
6.68	-1.5883	-0.7566	-2.4915	-0.3319	0.6371	
6.69	-1.5422	-0.7398	-2.232	-0.4866	-0.368	
6.7	-1.5314	-0.8075	-2.3188	-1.3335	-2.0694	
6.71	-1.3436	-0.7539	-2.305	-1.9057	-0.8478	
6.72	-1.0972	-0.8494	-2.0559	-1.8362	0.3009	
6.73	-0.7727	-0.8674	-2.1331	-0.9581	-0.5938	
6.74	-0.441	-0.7036	-2.1852	0.0626	-0.4012	
6.75	-0.1762	-0.7803	-2.0747	0.1892	1.5162	
6.76	0.0212	-0.7027	-1.6185	-0.5421	1.2509	
6.77	0.1435	-0.5692	-1.7733	-1.1808	-0.3349	
6.78	0.1509	-0.5109	-1.5418	-1.2908	0.0337	
6.79	0.0639	-0.3842	-1.455	-0.2231	0.5877	
6.8	-0.1122	-0.3172	-1.3281	0.8311	-1.3509	
6.81	-0.3646	-0.2415	-1.1225	1.064	-1.9878	
6.82	-0.7145	-0.1331	-0.9396	0.5003	-0.6093	
6.83	-1.0897	-0.0218	-0.9268	-0.3067	-0.3226	
6.84	-1.3125	0.0808	-0.652	-0.3813	-1.402	
6.85	-1.4795	0.1727	-0.5278	0.348	-0.217	
6.86	-1.6755	0.2732	-0.4227	1.4356	1.4085	
6.87	-1.9316	0.3585	-0.2884	1.6968	0.465	
6.88	-1.9008	0.4349	-0.1549	1.2933	-0.5466	
6.89	-1.8534	0.5046	-0.0266	0.3237	0.4203	
6.9	-1.6764	0.5533	0.0928	-0.0533	0.087	
6.91	-1.6004	0.5831	0.198	0.5022	-2.0654	
6.92	-1.2681	0.5895	0.3377	1.3483	-1.8673	
6.93	-0.9777	0.6609	0.3817	1.937	-0.5615	
6.94	-0.7541	0.6872	0.5034	1.4991	-1.2443	
6.95	-0.5146	0.5481	0.5795	0.3459	-1.6495	
6.96	-0.3537	0.5646	0.6116	-0.3039	0.1556	
6.97	-0.2542	0.463	0.6652	-0.032	1.0812	
6.98	-0.2184	0.4138	0.6656	0.7396	-0.297	
6.99	-0.3506	0.3755	0.6553	1.2402	-0.3861	
7.0	-0.5469	0.2772	0.7153	0.9566	0.5859	
7.01	-0.7173	0.1673	0.7548	-0.1727	-0.6171	
7.02	-1.1882	0.0351	0.6555	-1.0318	-2.6065	
7.03	-1.4959	-0.0971	0.7144	-0.983	-1.4835	
7.04	-1.8509	-0.2184	0.5957	-0.1084	-0.7606	
7.05	-2.2191	-0.3653	0.5593	0.4808	-2.1272	
7.06	-2.4203	-0.4648	0.4674	0.2692	-1.6539	
7.07	-2.4134	-0.6626	0.4348	-0.6713	0.4071	
7.08	-2.3632	-0.7311	0.3205	-1.4975	0.436	
7.09	-2.3303	-0.9678	0.2662	-1.596	-0.84	
7.1	-2.3393	-1.0051	0.1798	-0.8299	-0.0016	
7.11	-1.9682	-1.1484	0.073	0.0148	0.5151	
7.12	-1.6102	-1.4134	-0.0204	0.0324	-1.2541	
7.13	-1.2851	-1.482	-0.1319	-0.8268	-2.1861	
7.14	-0.9344	-1.6317	-0.2142	-1.5171	-1.0652	
7.15	-0.8344	-1.6724	-0.3048	-1.7376	-1.1998	
7.16	-0.637	-1.6051	-0.4374	-0.8031	-2.3917	
7.17	-0.4897	-1.6963	-0.5327	0.1149	-1.3054	
7.18	-0.5038	-1.6713	-0.5834	0.4275	0.4712	
7.19	-0.6307	-1.8262	-0.6604	-0.2003	-0.3023	
7.2	-0.8651	-1.79	-0.7514	-1.0412	-0.848	
7.21	-1.1317	-1.7154	-0.8119	-1.1128	0.4347	
7.22	-1.3029	-1.5536	-0.8582	-0.3837	0.1852	
7.23	-1.5844	-1.6294	-0.9649	0.6964	-2.0574	
7.24	-2.1273	-1.5719	-0.9766	1.3191	-1.8311	
7.25	-2.4616	-1.3061	-0.954	0.8492	-0.9439	
7.26	-2.4632	-1.3613	-1.0483	-0.0133	-1.8209	
7.27	-2.5117	-1.2616	-1.0833	-0.3547	-2.5583	
7.28	-2.3378	-1.1611	-0.9359	0.3052	-0.7484	
7.29	-2.5264	-0.9933	-1.0648	1.3338	0.2149	
7.3	-2.0983	-0.9073	-0.8676	1.9565	-0.8235	
7.31	-2.1743	-0.7466	-1.0035	1.7804	-0.5465	
7.32	-1.7457	-0.6415	-0.9101	0.8149	0.7617	
7.33	-1.3654	-0.5132	-0.9029	0.3019	-0.4135	
7.34	-1.0897	-0.411	-0.796	0.6573	-2.0525	
7.35	-0.7823	-0.2786	-0.6497	1.5783	-1.2474	
7.36	-0.6827	-0.1415	-0.6326	2.1241	-1.041	
7.37	-0.6414	-0.0523	-0.5566	2.2414	-2.523	
7.38	-0.6711	0.0361	-0.4926	1.135	-2.5663	
7.39	-0.8392	0.1097	-0.4088	0.2919	-0.2952	
7.4	-0.8897	0.1681	-0.3098	0.4166	-0.3161	
7.41	-1.2409	0.2278	-0.2127	1.1607	-1.1415	
7.42	-1.5302	0.2376	-0.1204	2.0291	0.0819	
7.43	-1.9803	0.2705	-0.0337	1.6612	0.9057	
7.44	-2.0483	0.2411	0.0407	0.7891	-0.9206	
7.45	-2.3057	0.2512	0.1205	-0.2141	-1.7457	
7.46	-2.6105	0.1879	0.1746	-0.3446	-0.7856	
7.47	-2.3635	0.1608	0.2358	0.3207	-1.299	
7.48	-2.4664	0.0929	0.2762	1.1064	-2.7186	
7.49	-2.2946	0.0204	0.3304	1.0473	-1.6036	
7.5	-2.2308	-0.0739	0.3699	0.1428	-0.155	
7.51	-2.1007	-0.151	0.3658	-0.9269	-0.9196	
7.52	-1.6974	-0.2454	0.4289	-1.1779	-0.919	
7.53	-1.2722	-0.3993	0.3725	-0.4708	0.6798	
7.54	-0.9788	-0.4942	0.3587	0.3347	0.5835	
7.55	-0.6809	-0.6581	0.3142	0.559	-1.3535	
7.56	-0.622	-0.6856	0.3186	-0.1613	-1.1088	
7.57	-0.5519	-0.8173	0.2544	-1.0781	-0.4942	
7.58	-0.5284	-0.9876	0.1992	-1.409	-1.9289	
7.59	-0.7441	-0.9907	0.1186	-0.8218	-2.5353	
7.6	-0.8214	-1.0808	0.0194	0.1572	-1.0014	
7.61	-1.1829	-1.3629	-0.0785	0.6625	-0.2875	
7.62	-1.5185	-1.3068	-0.196	0.1727	-1.2037	
7.63	-1.8033	-1.2934	-0.3128	-0.7633	-0.4256	
7.64	-2.1137	-1.5136	-0.4041	-1.1633	1.2722	
7.65	-2.1274	-1.596	-0.5631	-0.4868	0.2035	
7.66	-2.1561	-1.5616	-0.6447	0.6357	-1.3083	
7.67	-2.2923	-1.4806	-0.7974	1.3387	-0.4124	
7.68	-2.1454	-1.6555	-1.0642	1.0722	-0.4079	
7.69	-2.109	-1.3633	-1.1527	0.2199	-2.3334	
7.7	-1.7559	-1.5762	-1.1999	-0.2399	-2.3273	
7.71	-1.6838	-1.3674	-1.5202	0.1824	-0.5158	
7.72	-1.2315	-1.417	-1.6597	1.4005	-0.6673	
7.73	-0.9798	-1.0906	-1.521	1.9503	-1.249	
7.74	-0.6689	-1.1753	-1.7652	1.9214	0.2989	
7.75	-0.4212	-0.9902	-1.7667	1.1961	1.2839	
7.76	-0.2478	-0.7822	-1.8942	0.5218	-0.2109	
7.77	-0.2263	-0.7884	-2.0301	0.7605	-0.8307	
7.78	-0.2604	-0.6557	-2.1401	1.8138	0.2427	
7.79	-0.4271	-0.4223	-2.3393	2.3596	-0.6394	
7.8	-0.6483	-0.3384	-2.2848	2.3862	-2.1676	
7.81	-0.8281	-0.1925	-2.6209	1.5361	-1.5051	
7.82	-1.2623	-0.0402	-2.5666	0.7548	-0.2403	
7.83	-1.3591	0.0871	-2.6028	0.8008	-1.0296	
7.84	-1.6999	0.2114	-2.5473	1.369	-0.9845	
7.85	-1.7892	0.3534	-2.4116	2.4077	1.0127	
7.86	-1.9313	0.4492	-2.7189	2.1991	1.1022	
7.87	-1.8886	0.5313	-2.4356	1.458	-0.3863	
7.88	-1.8572	0.6449	-2.5772	0.5061	0.0278	
7.89	-1.8355	0.6876	-2.2708	0.1759	0.7612	
7.9	-1.4269	0.6937	-2.5925	0.7287	-1.0368	
7.91	-1.1755	0.7127	-2.1861	1.57	-2.2553	
7.92	-0.7	0.7335	-2.2615	1.8276	-0.6686	
7.93	-0.4508	0.7186	-2.043	0.8654	-0.3046	
7.94	-0.121	0.7159	-2.0706	-0.1569	-1.4513	
7.95	0.0997	0.7219	-1.8794	-0.6015	-0.2428	
7.96	0.2449	0.655	-1.9986	-0.1906	1.6423	
7.97	0.2621	0.6414	-1.8586	0.6299	0.7892	
7.98	0.2183	0.5116	-1.6157	1.0187	-0.1607	
7.99	0.0553	0.4848	-1.5449	0.4277	0.9889	
8.0	-0.1657	0.3495	-1.3376	-0.6213	0.7148	
8.01	-0.4035	0.2892	-1.3356	-1.2213	-1.2754	
8.02	-0.7382	0.1716	-1.1827	-0.6932	-1.5417	
8.03	-1.0807	0.0439	-1.2168	0.2067	-0.0278	
8.04	-1.3233	-0.0717	-1.0525	0.7865	-0.633	
8.05	-1.5064	-0.1959	-1.0491	0.5243	-1.1535	
8.06	-1.3693	-0.3225	-0.8784	-0.386	0.6395	
8.07	-1.4578	-0.3926	-0.7767	-1.0848	1.8404	
8.08	-1.337	-0.5404	-0.8553	-0.6799	0.505	
8.09	-1.0469	-0.5853	-0.6771	0.363	0.4596	
8.1	-0.8251	-0.738	-0.676	1.291	1.4741	
8.11	-0.4493	-0.7805	-0.7215	1.2624	0.6031	
8.12	-0.1175	-0.8976	-0.7144	0.3756	-1.3531	
8.13	0.2215	-0.864	-0.6535	-0.2415	-0.5409	
8.14	0.5121	-0.9819	-0.7164	-0.0178	0.2639	
8.15	0.7037	-0.9573	-0.7082	0.9808	-0.8993	
8.16	0.7631	-0.9226	-0.6356	1.8881	-0.7222	
8.17	0.8974	-0.9566	-0.725	2.0517	1.276	
8.18	0.7428	-1.0381	-0.7435	1.3664	1.5581	
8.19	0.6053	-0.8843	-0.8379	0.6008	0.4244	
8.2	0.3726	-0.8483	-0.9173	0.6602	1.1864	
8.21	0.1095	-0.8126	-1.0189	1.4937	2.0186	
8.22	-0.1983	-0.6351	-0.9787	2.3641	0.2174	
8.23	-0.4834	-0.5664	-1.0127	2.8514	-0.9165	
8.24	-0.6295	-0.445	-1.1443	2.0104	0.2356	
8.25	-0.7466	-0.3343	-1.3446	1.1582	0.1345	
8.26	-0.903	-0.232	-1.3008	0.9031	-1.1445	
8.27	-0.8308	-0.1069	-1.3865	1.6079	-0.0673	
8.28	-0.7079	0.0133	-1.5129	2.3929	1.6753	
8.29	-0.4012	0.1312	-1.4244	3.0362	1.183	
8.3	-0.1159	0.2704	-1.7073	2.0631	0.6659	
8.31	0.219	0.414	-1.7571	1.0371	2.1041	
8.32	0.5671	0.5098	-1.622	0.6106	1.8146	
8.33	0.9545	0.6223	-1.808	1.0477	-0.0442	
8.34	1.2466	0.6571	-1.8233	1.7996	-0.2072	
8.35	1.2904	0.7977	-1.8417	2.4481	0.7573	
8.36	1.4605	0.904	-1.8282	1.6914	-0.2024	
8.37	1.4931	0.9733	-1.7279	0.5346	-0.9781	
8.38	1.3768	1.0463	-2.0198	-0.146	0.7139	
8.39	1.1759	1.0378	-1.7955	0.0943	1.6966	
8.4	0.9768	1.1432	-1.6792	1.0095	0.8132	
8.41	0.6087	0.9889	-1.6165	1.4506	1.0562	
8.42	0.3486	0.9438	-1.5984	0.9518	2.4235	
8.43	0.0759	0.9896	-1.6124	-0.0326	1.8094	
8.44	-0.1295	0.9501	-1.628	-0.7549	-0.0668	
8.45	-0.2523	0.8477	-1.4514	-0.6239	0.5965	
8.46	-0.3114	0.8267	-1.4118	0.2242	0.9875	
8.47	-0.2079	0.7036	-1.3455	0.8766	-0.6619	
8.48	-0.0643	0.5381	-1.0582	0.7625	-0.7057	
8.49	0.1734	0.426	-1.0296	-0.111	1.3384	
8.5	0.4661	0.3083	-0.8034	-0.8531	1.4287	
8.51	0.8859	0.2021	-0.745	-0.7792	0.6625	
8.52	1.2193	0.0619	-0.5334	0.1087	1.8469	
8.53	1.4121	-0.0757	-0.4381	1.1361	2.6256	
8.54	1.7107	-0.225	-0.2946	1.107	1.2629	
8.55	1.9253	-0.3729	-0.1127	0.4719	0.2404	
8.56	1.7529	-0.5058	0.0346	-0.3214	1.3406	
8.57	2.0466	-0.5773	0.1767	-0.282	0.7204	
8.58	1.7318	-0.725	0.2996	0.5409	-0.9576	
8.59	1.6331	-0.841	0.4824	1.7799	-0.055	
8.6	1.3636	-1.0015	0.6014	2.0377	1.5651	
8.61	0.978	-0.9413	0.7553	1.5218	0.9229	
8.62	0.767	-1.095	0.8315	0.6452	0.7041	
8.63	0.4337	-1.0739	0.8997	0.4253	2.4727	
8.64	0.278	-1.109	1.0832	1.1371	2.5603	
8.65	0.152	-1.2251	1.2135	2.4014	0.7319	
8.66	0.1539	-1.2332	1.1288	2.6573	0.7397	
8.67	0.2305	-1.1974	1.2315	2.0606	1.6616	
8.68	0.3863	-1.2492	1.3284	1.3758	0.1263	
8.69	0.681	-1.0833	1.4684	1.0199	-1.017	
8.7	0.9498	-1.0229	1.4828	1.6014	0.6051	
8.71	1.2695	-0.9303	1.3673	2.5909	1.3351	
8.72	1.6348	-0.9587	1.3278	2.7534	0.4292	
8.73	1.9527	-0.7392	1.4773	2.6163	1.1661	
8.74	2.1	-0.7527	1.3752	1.3778	2.8283	
8.75	2.2902	-0.6483	1.3435	0.8631	2.2364	
8.76	2.3559	-0.5332	1.2034	1.1775	0.719	
8.77	2.0345	-0.4138	1.0897	2.1195	1.4561	
8.78	2.0424	-0.3031	1.0594	2.5442	1.548	
8.79	1.663	-0.1596	1.0895	1.9778	-0.431	
8.8	1.4434	-0.0568	0.8704	1.0548	-0.6541	
8.81	1.2082	0.0351	0.8609	0.2353	0.9837	
8.82	0.9025	0.1381	0.8545	0.2609	0.8394	
8.83	0.6441	0.217	0.73	1.0055	0.0621	
8.84	0.5316	0.2654	0.5841	1.6918	1.652	
8.85	0.4281	0.3025	0.508	1.5924	2.9788	
8.86	0.3955	0.3801	0.4024	0.4157	1.3813	
8.87	0.4794	0.3639	0.3226	-0.5076	0.7309	
8.88	0.5984	0.4228	0.2068	-0.5329	1.7352	
8.89	0.9152	0.4421	0.1433	0.1677	1.013	
8.9	1.2707	0.3559	0.0563	1.0141	-0.8154	
8.91	1.5389	0.3386	-0.0081	0.9727	-0.235	
8.92	1.9854	0.3007	-0.073	0.1424	0.9856	
8.93	1.9486	0.2433	-0.114	-0.8752	0.1017	
8.94	2.4745	0.1329	-0.1767	-0.8821	0.0419	
8.95	2.1985	0.0354	-0.2167	-0.2066	2.2558	
8.96	2.4012	-0.069	-0.2275	0.6866	2.5209	
8.97	2.5177	-0.1914	-0.22	1.1441	0.803	
8.98	1.9345	-0.2954	-0.2425	0.421	1.2	
8.99	1.8177	-0.4921	-0.2486	-0.3981	1.8865	
9.0	1.5408	-0.5952	-0.1937	-0.6089	0.2583	
9.01	1.2686	-0.6816	-0.1791	0.0548	-1.0119	
9.02	0.9258	-0.8628	-0.1527	1.1493	0.2174	
9.03	0.7033	-0.961	-0.0883	1.5318	0.5671	
9.04	0.5354	-1.2856	-0.0354	1.3864	-0.6234	
9.05	0.4012	-1.3503	0.0317	0.469	0.2741	
9.06	0.4415	-1.4032	0.1066	0.0961	2.0243	
9.07	0.5218	-1.4613	0.1763	0.7047	1.7423	
9.08	0.7372	-1.682	0.2624	1.9182	0.6014	
9.09	0.9451	-1.8822	0.3584	2.3713	1.7732	
9.1	1.1779	-1.8281	0.418	2.1947	1.7801	
9.11	1.4626	-2.0165	0.5429	1.2337	-0.4459	
9.12	1.6825	-2.1537	0.6618	0.7617	-0.7912	
9.13	2.1858	-2.0573	0.7317	1.0336	0.3978	
9.14	2.3658	-2.1091	0.7816	1.9463	-0.1673	
9.15	2.295	-1.8836	0.8012	3.1121	-1.065	
9.16	2.3406	-2.2027	0.9902	2.5716	0.6226	
9.17	2.0171	-1.9168	1.0523	1.6685	1.9172	
9.18	2.1093	-1.9563	1.0998	1.0058	0.8353	
9.19	1.6018	-1.8159	1.0274	1.0412	0.6403	
9.2	1.2851	-1.8644	1.0788	1.8295	1.8983	
9.21	0.9887	-1.8085	1.2382	2.6341	0.8874	
9.22	0.7234	-1.5485	1.2258	2.4964	-1.0784	
9.23	0.4984	-1.506	1.245	1.5752	-0.487	
9.24	0.3081	-1.4134	1.3609	0.4766	0.2442	
9.25	0.248	-1.2724	1.3034	0.3516	-0.9508	
9.26	0.2519	-1.2367	1.2316	0.9407	-1.1225	
9.27	0.4058	-1.1053	1.1199	1.7236	0.9645	
9.28	0.5548	-0.8888	1.1718	1.5782	1.2882	
9.29	0.873	-0.8689	1.0016	0.9035	0.1427	
9.3	1.0796	-0.6805	0.9123	-0.2337	0.8475	
9.31	1.4637	-0.6659	0.9766	-0.6	1.7403	
9.32	1.5417	-0.5974	0.8733	0.0301	0.1581	
9.33	2.0204	-0.441	0.7162	0.8537	-1.1211	
9.34	1.9899	-0.4463	0.6062	1.0759	-0.168	
9.35	1.9841	-0.3543	0.476	0.3155	-0.2591	
9.36	2.1391	-0.3055	0.3156	-0.7366	-1.8916	
9.37	1.783	-0.3043	0.2007	-1.134	-0.9172	
9.38	1.6039	-0.2893	0.0629	-0.6081	0.9382	
9.39	1.4171	-0.2972	-0.0793	0.384	0.487	
9.4	1.0238	-0.3903	-0.2092	0.8955	-0.165	
9.41	0.778	-0.393	-0.3468	0.341	1.1932	
9.42	0.4395	-0.4586	-0.4774	-0.5588	1.5253	
9.43	0.1733	-0.4887	-0.6558	-1.1503	-0.5945	
9.44	0.016	-0.5641	-0.772	-0.5479	-0.9896	
9.45	-0.0562	-0.6661	-0.8348	0.5529	-0.0335	
9.46	-0.0256	-0.9015	-0.9597	1.2603	-1.04	
9.47	0.0921	-0.9474	-1.0566	0.9351	-2.302	
9.48	0.2813	-1.0128	-1.2529	0.1413	-0.6006	
9.49	0.5818	-1.0908	-1.2099	-0.3743	0.6023	
9.5	0.8019	-1.4268	-1.3088	0.0128	-0.3634	
9.51	1.1847	-1.5505	-1.451	1.0621	-0.1104	
9.52	1.5011	-1.5918	-1.4811	1.772	1.4867	
9.53	1.6422	-1.7967	-1.4412	1.7397	0.6984	
9.54	1.8379	-1.7748	-1.5994	1.1764	-1.0902	
9.55	1.6166	-1.9708	-1.623	0.3782	-0.6658	
9.56	1.7078	-1.9927	-1.5606	0.5537	-0.2446	
9.57	1.4402	-2.0482	-1.5769	1.619	-1.9081	
9.58	1.308	-2.1557	-1.4176	2.4023	-2.0994	
9.59	0.8968	-2.1948	-1.5106	2.447	-0.3525	
9.6	0.6614	-2.146	-1.382	1.831	-0.0866	
9.61	0.3209	-2.4951	-1.3358	0.8844	-0.9105	
9.62	0.0129	-2.2654	-1.3504	0.8318	0.2007	
9.63	-0.2334	-2.2736	-1.1833	1.6072	1.4579	
9.64	-0.4032	-2.4271	-1.2672	2.4917	-0.1286	
9.65	-0.4537	-2.2982	-1.0005	2.6259	-1.187	
9.66	-0.3616	-1.9608	-0.9498	1.5753	-0.2884	
9.67	-0.2375	-2.2013	-0.8093	0.6901	-0.7748	
9.68	-0.0137	-2.0194	-0.8248	0.3099	-2.7595	
9.69	0.2561	-1.935	-0.6627	0.8272	-2.0209	
9.7	0.5404	-1.8715	-0.5068	1.5536	-0.3198	
9.71	0.8963	-1.5633	-0.4476	1.6829	-0.9284	
9.72	1.0054	-1.5373	-0.2852	1.2034	-1.0912	
9.73	1.2113	-1.3517	-0.1976	-0.004	0.5638	
9.74	1.3872	-1.1693	-0.1096	-0.5361	0.9991	
9.75	1.5153	-0.9805	-0.0166	-0.1707	-0.758	
9.76	1.4307	-0.8443	0.065	0.6482	-0.978	
9.77	1.0499	-0.7463	0.1368	1.091	-0.091	
9.78	0.817	-0.6008	0.2365	0.433	-1.4259	
9.79	0.5615	-0.5236	0.301	-0.5738	-3.0434	
9.8	0.2428	-0.4063	0.3419	-1.3363	-1.492	
9.81	-0.0982	-0.3007	0.4152	-0.8791	-0.6548	
9.82	-0.3795	-0.1983	0.4233	-0.0595	-1.6768	
9.83	-0.5975	-0.0892	0.4559	0.5666	-1.0966	
9.84	-0.7325	-0.0213	0.4064	0.2017	0.8898	
9.85	-0.7195	0.0349	0.4243	-0.7857	0.2987	
9.86	-0.7219	0.0825	0.3892	-1.5649	-1.0128	
9.87	-0.5255	0.1081	0.425	-1.268	-0.4035	
9.88	-0.3003	0.1239	0.353	-0.1699	-0.203	
9.89	0.0109	0.1042	0.3449	0.6656	-2.2944	
9.9	0.34	0.0872	0.2679	0.5513	-2.7483	
9.91	0.6299	0.0529	0.2193	-0.2065	-1.0266	
9.92	0.7901	0.0085	0.1712	-0.9343	-1.1715	
9.93	1.026	-0.0498	0.0964	-0.7738	-2.0361	
9.94	1.1289	-0.1362	0.0327	0.2614	-0.5535	
9.95	1.0837	-0.1944	-0.0416	1.1969	0.8527	
9.96	0.9462	-0.2802	-0.1234	1.5104	-0.3275	
9.97	0.7683	-0.3831	-0.1923	0.6435	-1.0533	
9.98	0.5816	-0.4515	-0.2921	-0.0596	0.0803	
9.99	0.2493	-0.6235	-0.3622	-0.0613	-0.6633	
10.0	-0.0879	-0.7058	-0.4124	0.819	-2.6934	
10.01	-0.3603	-0.8216	-0.4503	1.7766	-2.023	
10.02	-0.7073	-0.9362	-0.5303	1.9682	-0.9618	
10.03	-0.8235	-1.0219	-0.5905	1.3819	-1.6528	
10.04	-0.8988	-0.9926	-0.6715	0.6119	-2.0972	
10.05	-0.9332	-1.1028	-0.6093	0.3256	0.0133	
10.06	-0.8031	-1.1594	-0.6634	1.0811	0.5591	
10.07	-0.6494	-1.1879	-0.6505	2.024	-0.7644	
10.08	-0.4438	-1.2845	-0.7065	2.2417	-0.5297	
10.09	-0.1023	-1.1828	-0.7581	1.79	0.3646	
10.1	0.2096	-1.2692	-0.7113	0.6755	-1.0702	
10.11	0.5262	-1.2141	-0.709	0.1482	-2.5234	
10.12	0.6735	-1.19	-0.5871	0.587	-1.5129	
10.13	0.8411	-1.1585	-0.5259	1.4881	-1.1756	
10.14	1.0755	-1.0118	-0.5185	1.7206	-2.5667	
10.15	1.0419	-0.9246	-0.4174	1.2125	-1.7222	
10.16	0.9361	-0.8962	-0.317	0.1606	0.4537	
10.17	0.698	-0.7559	-0.1809	-0.5789	0.0614	
10.18	0.3675	-0.6257	-0.0922	-0.408	-0.842	
10.19	0.0691	-0.418	0.0398	0.4517	0.1399	
10.2	-0.2353	-0.3169	0.1752	1.007	0.397	
10.21	-0.5424	-0.1429	0.3033	0.5153	-1.5883	
10.22	-0.7737	0.0101	0.4687	-0.5658	-2.3987	
10.23	-1.006	0.1894	0.6262	-1.4789	-0.9416	
10.24	-1.0187	0.3622	0.7052	-1.4094	-1.6253	
10.25	-1.0279	0.514	0.8364	-0.5144	-2.6485	
10.26	-0.8031	0.6369	1.0186	0.2067	-0.9261	
10.27	-0.6319	0.7469	1.291	0.0373	0.5542	
10.28	-0.3533	0.8705	1.3611	-0.8595	-0.4507	
10.29	-0.0463	1.1763	1.4469	-1.8696	-0.5856	
10.3	0.2584	1.3055	1.5008	-1.6975	0.8101	
10.31	0.5899	1.2558	1.7594	-0.8961	0.1332	
10.32	0.7553	1.4608	1.7016	0.01	-1.9719	
10.33	0.9725	1.6206	2.0378	0.1216	-1.6001	
10.34	0.9916	1.4319	2.2104	-0.5441	-0.6625	
10.35	1.0875	1.6765	2.2172	-1.4328	-2.0684	
10.36	0.8103	1.8196	2.1665	-1.5154	-2.343	
10.37	0.6425	1.541	2.2305	-0.6659	-0.2389	
10.38	0.402	1.6912	2.6145	0.4219	0.3537	
10.39	0.0909	1.5237	2.4345	0.7756	-0.7013	
10.4	-0.1895	1.4875	2.4656	0.2248	0.0751	
10.41	-0.4454	1.4561	2.5607	-0.5887	1.1161	
10.42	-0.7488	1.5588	2.2607	-0.8085	-0.2498	
10.43	-0.8946	1.5834	2.5712	-0.0584	-1.5395	
10.44	-0.8395	1.2826	2.3038	1.1333	-0.7263	
10.45	-0.8407	1.425	2.3296	1.5075	-0.6737	
10.46	-0.6594	1.2781	2.284	1.0411	-2.3378	
10.47	-0.413	1.1157	2.2647	0.2047	-1.666	
10.48	-0.1155	1.0723	2.4458	-0.1981	0.2932	
10.49	0.2168	0.9088	2.2666	0.3085	-0.0243	
10.5	0.4909	0.7909	2.1395	1.3775	-0.6515	
10.51	0.8731	0.7821	1.9795	1.9145	0.93	
10.52	1.0058	0.6813	2.0279	1.6723	1.2252	
10.53	1.0849	0.6032	1.7072	0.5704	-0.6331	
10.54	1.346	0.5509	1.7207	-0.0955	-0.9924	
10.55	1.1539	0.4212	1.6262	0.1459	-0.0411	
10.56	1.0404	0.4214	1.6602	1.0594	-0.9223	
10.57	0.8499	0.4204	1.4313	1.7451	-2.2644	
10.58	0.5656	0.4261	1.3682	1.3457	-0.8726	
10.59	0.2679	0.3657	1.2902	0.2432	0.4523	
10.6	-0.002	0.4142	1.1791	-0.6623	-0.3814	
10.61	-0.2793	0.4708	1.1557	-0.6609	-0.1295	
10.62	-0.4214	0.4701	0.9866	0.1434	1.5472	
10.63	-0.6064	0.6026	1.002	0.7978	1.0246	
10.64	-0.6309	0.7245	0.886	0.6328	-0.6307	
10.65	-0.4634	0.684	0.8423	-0.4117	-0.1982	
10.66	-0.28	0.86	0.8051	-1.4319	0.3361	
10.67	-0.0453	1.0255	0.7713	-1.5741	-1.4113	
10.68	0.2712	1.0402	0.8169	-0.8017	-1.834	
10.69	0.6418	1.2681	0.6814	-0.1051	-0.0251	
10.7	0.8779	1.2786	0.7573	-0.0954	0.3658	
10.71	1.1702	1.5359	0.7837	-0.9721	-0.5236	
10.72	1.3454	1.6551	0.7354	-1.7765	0.6647	
10.73	1.5285	1.8139	0.9101	-2.2335	2.0953	
10.74	1.5834	1.8237	0.9419	-1.4426	0.819	
10.75	1.5191	2.0387	0.9482	-0.5756	-0.2973	
10.76	1.4079	2.4353	0.9718	-0.3092	0.6435	
10.77	1.2542	2.573	0.9806	-0.9407	0.3118	
10.78	0.8695	2.5813	1.1484	-1.9307	-1.5001	
10.79	0.5667	2.5782	1.1993	-2.0981	-1.1309	
10.8	0.3135	2.7604	1.2711	-1.3783	0.4713	
10.81	0.0764	2.7174	1.434	-0.4043	0.0031	
10.82	-0.0928	2.9165	1.603	0.145	-0.3795	
10.83	-0.1844	2.9074	1.5732	-0.2718	1.5681	
10.84	-0.1713	3.1501	1.5011	-1.1197	1.958	
10.85	-0.071	3.1149	1.6609	-1.4437	0.521	
10.86	0.141	3.1051	1.7828	-1.0121	0.3982	
10.87	0.4285	2.6891	2.0415	0.1711	1.3767	
10.88	0.724	2.5907	1.9038	0.8736	0.0138	
10.89	1.139	2.9428	1.8675	0.6957	-1.5763	
10.9	1.455	2.8473	2.1759	-0.2026	-0.2999	
10.91	1.6208	2.7779	2.1	-0.7903	0.6628	
10.92	1.9932	2.3116	2.0197	-0.3534	-0.3895	
10.93	2.05	2.2093	2.2925	0.6423	0.167	
10.94	1.8679	2.2897	1.9494	1.3964	2.2963	
10.95	1.8129	2.3547	2.0686	1.2109	1.8169	
10.96	1.8691	2.0744	2.0879	0.3778	0.4652	
10.97	1.4828	1.9471	2.2015	-0.3527	1.321	
10.98	1.1153	1.87	1.8322	-0.2704	1.4851	
10.99	0.9252	1.7462	1.968	0.5998	-0.372	
11.0	0.6241	1.4516	1.9939	1.2055	-1.0699	
11.01	0.4131	1.4738	1.8914	1.1578	0.4755	
11.02	0.2888	1.3451	1.8562	0.305	0.4547	
11.03	0.2151	1.2057	1.4975	-0.669	-0.5118	
11.04	0.2443	1.0813	1.4039	-0.7408	0.8958	
11.05	0.3462	1.0241	1.3752	-0.1654	2.6115	
11.06	0.5464	0.9655	1.2531	0.6295	1.3695	
11.07	0.8665	0.9027	1.1459	0.6826	0.8635	
11.08	1.2959	1.0573	1.0109	-0.2669	2.1598	
11.09	1.5749	1.0014	0.902	-1.3884	1.4083	
11.1	1.7853	0.9343	0.7867	-1.7432	-0.5552	
11.11	2.208	1.0065	0.6295	-1.1616	-0.3685	
11.12	2.2359	1.0039	0.4048	-0.367	0.8839	
11.13	2.5302	1.0299	0.2741	-0.152	-0.0213	
11.14	2.5726	1.0686	0.1411	-0.9574	-0.3508	
11.15	2.3361	1.1207	0.0227	-1.986	1.7692	
11.16	2.1703	1.2128	-0.0971	-2.3228	2.2838	
11.17	1.8194	1.4897	-0.2359	-1.8809	1.1925	
11.18	1.3818	1.4277	-0.3121	-1.012	1.3822	
11.19	1.3122	1.4891	-0.4562	-0.5903	2.3833	
11.2	0.9817	1.6588	-0.5313	-1.094	0.9838	
11.21	0.7478	1.8745	-0.6352	-2.2016	-0.5824	
11.22	0.5312	1.9842	-0.7067	-2.635	0.3503	
11.23	0.489	2.2435	-0.7401	-2.382	0.8205	
11.24	0.5145	2.1384	-0.734	-1.144	-0.4659	
11.25	0.7213	2.081	-0.8478	-0.4123	0.0481	
11.26	0.9634	2.485	-0.7942	-0.6957	1.9469	
11.27	1.2312	2.5014	-0.8359	-1.3601	1.817	
11.28	1.5205	2.7333	-0.889	-1.9456	0.9039	
11.29	1.9609	2.675	-0.8505	-1.5745	2.2025	
11.3	1.9644	2.7041	-0.7154	-0.7338	2.7545	
11.31	2.4944	2.6445	-0.7643	0.2058	0.5094	
11.32	2.4096	2.7275	-0.675	0.1821	-0.2374	
11.33	2.8496	2.611	-0.5734	-0.5494	0.8831	
11.34	2.7254	2.4548	-0.526	-1.2074	0.3807	
11.35	2.272	2.6141	-0.4171	-1.0547	-0.705	
11.36	2.281	2.381	-0.3352	-0.1077	0.6115	
11.37	1.9081	2.5575	-0.2583	0.9146	2.1294	
11.38	1.6682	2.5032	-0.1588	1.0011	1.4448	
11.39	1.3651	2.1099	-0.0393	0.213	1.1008	
11.4	0.9756	1.8678	0.0702	-0.625	2.679	
11.41	0.8219	2.063	0.1593	-0.781	2.341	
11.42	0.7476	1.8389	0.2599	0.069	0.1473	
11.43	0.6161	1.5322	0.3891	0.9394	0.3391	
11.44	0.7218	1.3526	0.4716	1.249	1.1692	
11.45	0.8356	1.4077	0.6186	0.4114	-0.2361	
11.46	1.0027	1.2689	0.6723	-0.6459	-0.6789	
11.47	1.278	0.987	0.7409	-1.0321	1.1865	
11.48	1.8278	0.9218	0.7627	-0.4268	1.8745	
11.49	1.8628	0.7636	0.881	0.446	0.8593	
11.5	2.2162	0.614	0.8708	0.7018	1.6255	
11.51	2.452	0.4023	1.0172	-0.0142	2.8038	
11.52	2.7755	0.3408	1.0705	-1.0523	1.4967	
11.53	2.6576	0.2113	1.0372	-1.7899	0.0392	
11.54	2.3558	0.1408	1.0639	-1.2983	0.8344	
11.55	2.3487	0.0536	1.0728	-0.5346	0.8291	
11.56	2.0225	-0.0057	1.0595	-0.1257	-0.856	
11.57	1.9772	-0.0473	1.1636	-0.6673	-0.4335	
11.58	1.6663	-0.0791	0.9646	-1.9197	1.4104	
11.59	1.3178	-0.0968	0.9084	-2.7244	1.1602	
11.6	0.93	-0.0851	0.9645	-2.3522	0.5621	
11.61	0.7272	-0.0689	0.9746	-1.4344	1.8486	
11.62	0.6297	-0.0312	0.9074	-0.8439	2.6443	
11.63	0.6292	0.0183	0.8195	-1.2256	0.8283	
11.64	0.6339	0.0806	0.6887	-2.095	0.2352	
11.65	0.8832	0.1382	0.614	-2.8574	1.2449	
11.66	1.1162	0.2274	0.5187	-2.4307	0.2553	
11.67	1.3518	0.3147	0.4561	-1.7828	-1.1757	
11.68	1.4939	0.3749	0.3791	-0.9249	-0.0286	
11.69	2.1239	0.5275	0.2876	-0.8526	1.2387	
11.7	2.1198	0.5674	0.2041	-1.7501	0.3939	
11.71	2.2984	0.6876	0.1347	-2.6088	0.5582	
11.72	2.4655	0.7452	0.0779	-2.1726	2.1672	
11.73	2.3028	0.9183	0.0098	-1.3327	1.9639	
11.74	2.3378	0.8912	-0.0427	-0.3959	0.3161	
11.75	2.1941	1.0995	-0.1008	-0.2167	0.6587	
11.76	2.121	1.0821	-0.1346	-0.8067	1.1879	
11.77	1.7192	1.0694	-0.156	-1.6401	-0.5014	
11.78	1.3483	1.2687	-0.1901	-1.6511	-1.2343	
11.79	1.0519	1.2845	-0.1784	-0.7735	0.3583	
11.8	0.7161	1.1522	-0.1728	0.2428	0.7605	
11.81	0.4394	1.2612	-0.1893	0.5847	-0.2282	
11.82	0.3419	1.0463	-0.1497	0.036	0.8078	
11.83	0.3275	1.066	-0.0964	-0.7661	2.2847	
11.84	0.3823	0.9685	-0.058	-1.0265	1.2711	
11.85	0.5892	0.9907	0.0104	-0.4388	0.1105	
11.86	0.8195	0.8381	0.0899	0.6596	1.0326	
11.87	1.1174	0.7705	0.1777	1.0718	0.6664	
11.88	1.2515	0.6981	0.275	0.5214	-1.1678	
11.89	1.6067	0.4698	0.3871	-0.4879	-1.0156	
11.9	1.7466	0.3389	0.4989	-1.0557	0.3848	
11.91	2.1189	0.2405	0.6443	-0.5442	-0.0864	
11.92	2.3033	0.0692	0.7218	0.3303	-0.6584	
11.93	2.1223	-0.0839	0.959	0.8433	1.2323	
11.94	1.8407	-0.2647	0.9363	0.2695	1.9372	
11.95	1.6546	-0.378	1.1939	-0.7425	0.5091	
11.96	1.3689	-0.5269	1.399	-1.4583	0.2256	
11.97	1.1109	-0.6824	1.4861	-1.3496	1.1649	
11.98	0.7835	-0.8156	1.5436	-0.5292	-0.0282	
11.99	0.478	-0.9094	1.8753	-0.0033	-1.8647	
12.0	0.2095	-1.0868	1.7665	-0.364	-0.7913	
12.01	-0.003	-1.3022	2.036	-1.3871	0.1246	
12.02	-0.1115	-1.3957	2.3003	-2.3371	-0.8616	
12.03	-0.1223	-1.5045	2.0958	-2.2457	-0.5771	
12.04	-0.038	-1.4921	2.4654	-1.4502	1.426	
12.05	0.1262	-1.6215	2.6465	-0.8297	1.3988	
12.06	0.3448	-1.6614	2.4093	-0.8712	-0.0701	
12.07	0.5955	-1.6925	2.6814	-1.9738	0.5278	
12.08	1.0164	-1.6694	2.8792	-2.6602	1.0537	
12.09	1.2935	-1.5978	2.5634	-2.7059	-0.7891	
12.1	1.4191	-1.4386	2.9197	-1.9631	-1.6459	
12.11	1.445	-1.4726	2.628	-1.1793	-0.4719	
12.12	1.5907	-1.4266	3.0217	-1.0067	-0.5542	
12.13	1.6219	-1.3146	2.8568	-1.7777	-1.5566	
12.14	1.4886	-1.1723	2.8067	-2.8769	-0.3509	
12.15	1.1236	-1.0869	2.84	-2.6783	1.3364	
12.16	0.8813	-1.0204	2.7082	-2.0199	0.4044	
12.17	0.4815	-0.9217	2.7804	-0.8553	-0.2749	
12.18	0.1813	-0.839	2.3729	-0.5284	0.9655	
12.19	-0.1384	-0.7657	2.2621	-0.9788	0.5762	
12.2	-0.4465	-0.5897	2.5003	-1.8715	-1.5749	
12.21	-0.6523	-0.4478	2.099	-2.1059	-1.4644	
12.22	-0.6519	-0.3821	2.0639	-1.3371	-0.4034	
12.23	-0.6388	-0.2843	2.1601	-0.2921	-1.4125	
12.24	-0.5347	-0.2223	1.9988	0.2934	-1.9496	
12.25	-0.3706	-0.1187	1.6997	-0.0737	-0.0259	
12.26	-0.1419	-0.0655	1.8906	-0.9218	0.8954	
12.27	0.1383	-0.0175	1.5112	-1.3966	-0.3529	
12.28	0.4307	0.0185	1.5139	-0.8106	-0.102	
12.29	0.6096	0.0349	1.5766	0.2363	1.1752	
12.3	0.8525	0.0421	1.2975	0.9694	-0.2083	
12.31	0.9668	0.029	1.3609	0.5903	-2.0553	
12.32	1.0246	-0.0022	1.2069	-0.294	-1.1937	
12.33	0.9906	-0.0482	1.1554	-0.9609	-0.7849	
12.34	0.7447	-0.1121	1.0734	-0.6591	-1.9515	
12.35	0.5329	-0.1859	0.8432	0.192	-1.9938	
12.36	0.1721	-0.279	0.9452	0.9465	0.2116	
12.37	-0.1613	-0.3428	0.7955	0.6512	0.1826	
12.38	-0.5249	-0.4335	0.7846	-0.3657	-0.7938	
12.39	-0.7748	-0.535	0.7905	-1.3185	0.2823	
12.4	-1.1266	-0.6567	0.7266	-1.2821	1.0081	
12.41	-1.2047	-0.9236	0.6765	-0.4482	-0.9742	
12.42	-1.2455	-1.029	0.8056	0.207	-1.9476	
12.43	-1.1614	-1.0345	0.7471	0.0728	-0.8786	
12.44	-1.1072	-1.2	0.8292	-0.8248	-1.3338	
12.45	-0.89	-1.482	0.795	-1.9376	-2.6236	
12.46	-0.7125	-1.3405	0.9238	-1.9127	-1.4396	
12.47	-0.3762	-1.4748	0.8981	-1.5318	0.1668	
12.48	-0.1241	-1.7161	0.9655	-0.7246	-0.6311	
12.49	0.1351	-1.9397	1.0099	-0.6531	-0.931	
12.5	0.2986	-2.0573	1.2315	-1.444	0.7777	
12.51	0.4427	-1.7859	1.1974	-2.4051	0.511	
12.52	0.4536	-1.9162	1.2185	-2.6589	-1.5145	
12.53	0.335	-1.9025	1.2711	-2.2906	-1.6347	
12.54	0.1292	-2.1976	1.3154	-1.363	-0.7674	
12.55	-0.136	-2.1031	1.6237	-0.9699	-1.8394	
12.56	-0.4332	-2.0637	1.4519	-1.466	-2.5307	
12.57	-0.8521	-2.0031	1.5299	-2.7361	-1.012	
12.58	-1.1053	-2.141	1.8751	-3.0297	-0.1996	
12.59	-1.5027	-1.7097	1.9097	-2.0867	-1.3139	
12.6	-1.6111	-1.8447	1.631	-1.3328	-0.5618	
12.61	-1.8408	-1.6238	1.9818	-0.6293	0.8928	
12.62	-1.8553	-1.5799	1.7674	-1.0759	-0.1491	
12.63	-1.9446	-1.5054	1.9171	-1.7876	-1.8291	
12.64	-1.4842	-1.3633	1.7581	-2.5057	-0.8954	
12.65	-1.4028	-1.341	2.0315	-1.9723	-0.8515	
12.66	-1.2058	-1.1521	2.0682	-0.7146	-2.4921	
12.67	-0.8356	-1.0404	1.7911	0.0772	-2.5434	
12.68	-0.5772	-0.8396	1.9303	-0.0891	-0.653	
12.69	-0.3261	-0.6694	1.9247	-0.9706	-0.842	
12.7	-0.1286	-0.5766	1.5619	-1.3351	-1.4715	
12.71	-0.0348	-0.4131	1.5674	-1.186	0.0504	
12.72	-0.0464	-0.3379	1.4942	-0.0606	0.8588	
12.73	-0.1453	-0.2176	1.3828	0.8633	-0.7582	
12.74	-0.3637	-0.1188	1.2629	0.7675	-1.4351	
12.75	-0.591	-0.0325	1.0967	-0.0783	-0.3965	
12.76	-0.9886	0.0346	1.1581	-0.8889	-1.4056	
12.77	-1.2705	0.0929	0.8778	-0.7616	-2.9452	
12.78	-1.684	0.1366	0.7527	0.1643	-2.1162	
12.79	-2.0318	0.1657	0.6713	1.0733	-0.5754	
12.8	-1.8781	0.1568	0.5592	0.9927	-1.2604	
12.81	-2.3313	0.1604	0.3947	0.1514	-1.2095	
12.82	-2.0614	0.1263	0.232	-0.7145	0.6197	
12.83	-2.1495	0.0742	0.0783	-0.9267	0.5958	
12.84	-2.0899	0.026	-0.0681	-0.2972	-1.1069	
12.85	-1.631	-0.045	-0.2305	0.5498	-0.8749	
12.86	-1.3611	-0.1193	-0.3486	0.5583	-0.1504	
12.87	-1.0382	-0.222	-0.5113	-0.1907	-1.8701	
12.88	-0.8481	-0.301	-0.5959	-1.3067	-3.0135	
12.89	-0.5753	-0.4153	-0.7052	-1.6164	-1.1847	
12.9	-0.3776	-0.5143	-0.8617	-1.2236	-0.8466	
12.91	-0.3241	-0.7037	-0.9634	-0.3885	-1.9207	
12.92	-0.3194	-0.7817	-0.9879	-0.1306	-0.709	
12.93	-0.4303	-0.8324	-1.1706	-0.744	0.9741	
12.94	-0.6571	-0.9801	-1.1235	-1.7799	0.1382	
12.95	-1.0076	-0.9819	-1.1618	-2.5057	-1.0336	
12.96	-1.3463	-1.1334	-1.2706	-1.897	-0.075	
12.97	-1.6322	-1.2919	-1.2669	-1.2117	-0.1996	
12.98	-1.6705	-1.3185	-1.2335	-0.6991	-2.3546	
12.99	-2.1701	-1.5083	-1.2867	-1.165	-2.5032	
13.0	-2.423	-1.4642	-1.2514	-2.2589	-0.7965	
13.01	-2.4253	-1.5199	-1.2738	-2.7917	-1.0979	
13.02	-2.2326	-1.6391	-1.064	-2.1304	-1.7803	
13.03	-2.0886	-1.6243	-1.0747	-1.3957	-0.0006	
13.04	-2.1029	-1.4176	-1.006	-0.6407	1.14	
13.05	-1.7761	-1.563	-0.9388	-0.9068	-0.2715	
13.06	-1.5742	-1.3183	-0.8333	-1.5836	-0.536	
13.07	-1.2028	-1.4131	-0.8322	-2.2362	0.5385	
13.08	-0.8946	-1.2797	-0.7552	-1.8171	-0.5316	
13.09	-0.6183	-1.0879	-0.5867	-1.047	-2.3083	
13.1	-0.4008	-1.0248	-0.4992	-0.0687	-1.4424	
13.11	-0.3739	-0.9787	-0.4508	-0.0272	-0.5088	
13.12	-0.4067	-0.8783	-0.3243	-0.8096	-1.6508	
13.13	-0.5056	-0.6147	-0.2189	-1.3719	-1.4845	
13.14	-0.7055	-0.5612	-0.1214	-1.2169	0.6343	
13.15	-0.926	-0.3922	-0.0185	-0.2902	0.8017	
13.16	-1.3868	-0.2361	0.0668	0.6394	-0.379	
13.17	-1.5181	-0.1141	0.1687	0.8618	0.2617	
13.18	-2.0562	0.0203	0.2127	0.1937	0.9295	
13.19	-1.9906	0.1575	0.3157	-0.5508	-0.8321	
13.2	-2.3703	0.2958	0.3611	-0.6564	-1.7838	
13.21	-2.2672	0.4045	0.4332	0.1158	-0.752	
13.22	-2.3263	0.4739	0.4756	1.015	-0.6513	
13.23	-2.1768	0.5461	0.4861	1.4929	-1.7422	
13.24	-2.0144	0.6247	0.523	0.6819	-0.7515	
13.25	-1.5091	0.7104	0.5533	-0.2387	1.2435	
13.26	-1.3339	0.8526	0.5364	-0.6562	0.5179	
13.27	-0.9877	0.864	0.5105	-0.0492	-0.1838	
13.28	-0.6554	0.7641	0.5074	0.9292	1.0062	
13.29	-0.4861	0.841	0.4383	1.1953	0.9552	
13.3	-0.3185	0.8279	0.3877	0.5764	-1.0701	
13.31	-0.2426	0.7856	0.3589	-0.5666	-1.1363	
13.32	-0.2602	0.7308	0.3304	-1.1644	-0.1115	
13.33	-0.4069	0.7049	0.2505	-0.8553	-0.9367	
13.34	-0.6395	0.6303	0.1584	0.055	-1.7533	
13.35	-0.9502	0.494	0.0924	0.4866	0.1416	
13.36	-1.1885	0.386	0.0112	-0.0425	1.3793	
13.37	-1.6171	0.3124	-0.067	-1.1887	0.1962	
13.38	-1.8921	0.1765	-0.171	-1.9023	0.4309	
13.39	-2.0013	0.0713	-0.2516	-1.8384	1.748	
13.4	-2.1776	-0.0569	-0.3026	-0.8961	0.7909	
13.41	-2.0783	-0.159	-0.4407	-0.2353	-1.0902	
13.42	-2.0018	-0.296	-0.4484	-0.5677	-0.355	
13.43	-1.9954	-0.4423	-0.594	-1.599	0.1329	
13.44	-1.6135	-0.5195	-0.6556	-2.1872	-1.2645	
13.45	-1.338	-0.5941	-0.7298	-1.9931	-1.1631	
13.46	-0.8983	-0.7268	-0.8069	-1.2237	0.8028	
13.47	-0.6456	-0.8697	-0.8448	-0.4658	1.124	
13.48	-0.3988	-0.874	-0.8184	-0.4764	0.1144	
13.49	-0.1398	-0.8596	-0.8126	-1.2454	1.2701	
13.5	0.0038	-0.9556	-0.8737	-1.9831	1.9693	
13.51	0.0466	-1.0794	-0.9236	-1.8773	0.4202	
13.52	-0.0062	-1.0582	-0.7671	-1.1208	-0.6031	
13.53	-0.1639	-0.9977	-0.894	-0.133	0.3985	
13.54	-0.3512	-0.9697	-0.8206	0.124	0.0093	
13.55	-0.6772	-0.8634	-0.771	-0.5049	-1.4328	
13.56	-1.0053	-0.9663	-0.6455	-1.2096	-0.4717	
13.57	-1.1463	-0.7523	-0.6114	-1.2418	1.2768	
13.58	-1.3666	-0.7298	-0.5268	-0.5285	0.6966	
13.59	-1.8295	-0.612	-0.4785	0.6349	0.3874	
13.6	-1.7403	-0.5468	-0.3085	0.9498	1.8754	
13.61	-1.8823	-0.391	-0.2205	0.5499	1.9252	
13.62	-1.6717	-0.3112	-0.1148	-0.3149	0.1798	
13.63	-1.4559	-0.1699	0.0172	-0.5766	0.1076	
13.64	-1.2405	-0.0624	0.1497	0.1231	0.9685	
13.65	-0.8229	0.0651	0.2957	1.1956	-0.3607	
13.66	-0.5849	0.204	0.4377	1.6059	-1.2437	
13.67	-0.2327	0.2837	0.557	1.2882	0.3817	
13.68	0.0381	0.4457	0.6828	0.289	1.33	
13.69	0.2538	0.5613	0.8279	-0.2268	0.358	
13.7	0.3447	0.5683	0.9363	0.2019	0.923	
13.71	0.3604	0.6581	1.1113	1.1661	2.8999	
13.72	0.3495	0.7315	1.1784	1.7962	1.6891	
13.73	0.1583	0.8682	1.449	1.2602	0.2354	
13.74	-0.0762	0.8783	1.5223	0.284	0.9942	
13.75	-0.3586	0.9349	1.5423	-0.4997	1.1101	
13.76	-0.7208	0.9653	1.6764	-0.3433	-0.769	
13.77	-0.9857	0.8745	1.7846	0.4972	-0.7527	
13.78	-1.2193	0.8301	1.8548	1.0663	1.0274	
13.79	-1.2233	0.7917	1.9381	0.7949	0.8986	
13.8	-1.5618	0.842	1.9906	-0.2688	0.2267	
13.81	-1.3737	0.6864	1.8463	-1.0534	1.7416	
13.82	-1.1641	0.6718	1.9403	-1.2832	2.9979	
13.83	-1.0888	0.5575	1.9644	-0.3811	1.2588	
13.84	-0.8506	0.4199	1.7881	0.3121	0.5595	
13.85	-0.5102	0.2873	1.8974	0.1556	1.694	
13.86	-0.1539	0.1542	1.8971	-0.7041	0.8029	
13.87	0.1671	0.0225	1.6458	-1.6844	-0.9797	
13.88	0.432	-0.1178	1.8048	-1.9128	-0.159	
13.89	0.6451	-0.2463	1.5644	-1.0086	1.1021	
13.9	0.7002	-0.3895	1.5016	-0.2389	0.4658	
13.91	0.6751	-0.5752	1.5457	-0.0679	0.4046	
13.92	0.6168	-0.615	1.4068	-0.8777	2.3943	
13.93	0.3972	-0.7878	1.3614	-1.8617	2.3711	
13.94	0.181	-0.9552	1.1814	-1.856	0.8997	
13.95	-0.0962	-0.9626	1.0913	-1.2459	1.2583	
13.96	-0.4219	-1.02	0.997	-0.1152	1.9468	
13.97	-0.6325	-1.2715	0.7562	0.3307	0.3301	
13.98	-0.955	-1.2881	0.6409	-0.2101	-0.8992	
13.99	-1.0036	-1.3816	0.6006	-1.089	0.5229	
14.0	-1.1511	-1.3519	0.4781	-1.32	1.0218	
14.01	-1.1606	-1.3161	0.398	-0.6351	-0.035	
14.02	-0.9596	-1.3165	0.2632	0.502	0.7698	
14.03	-0.7764	-1.3403	0.163	1.0508	2.8856	
14.04	-0.4845	-1.3605	0.077	0.7976	2.211	
14.05	-0.1584	-1.3399	0.003	-0.0261	0.845	
14.06	0.181	-1.3601	-0.0697	-0.4217	1.8445	
14.07	0.5149	-1.1788	-0.1171	0.0719	1.7365	
14.08	0.6468	-1.1639	-0.1843	1.2031	-0.2364	
14.09	0.9435	-1.074	-0.2079	2.0777	-0.5227	
14.1	0.8962	-0.8309	-0.2471	1.5246	0.9159	
14.11	0.9674	-0.7819	-0.2671	0.768	0.4493	
14.12	0.8517	-0.7043	-0.2938	0.1535	-0.3143	
14.13	0.5702	-0.5968	-0.2521	0.4672	1.435	
14.14	0.3496	-0.4799	-0.2751	1.3673	2.7837	
14.15	0.0225	-0.3888	-0.2512	2.0048	1.456	
14.16	-0.3033	-0.2596	-0.2116	1.7955	1.084	
14.17	-0.522	-0.1355	-0.1639	1.1302	2.2535	
14.18	-0.7645	-0.0563	-0.1174	0.1938	1.2309	
14.19	-1.027	0.0285	-0.0575	0.1524	-0.6237	
14.2	-1.0736	0.099	0.0071	0.8731	-0.0102	
14.21	-0.9348	0.1698	0.0796	1.6593	0.8398	
14.22	-0.8487	0.2129	0.1369	1.4935	-0.2109	
14.23	-0.515	0.2553	0.2187	0.6666	-0.2346	
14.24	-0.2683	0.2512	0.3006	-0.3156	1.7275	
14.25	0.0266	0.2703	0.3234	-0.5755	2.2187	
14.26	0.3569	0.2183	0.4654	0.0452	0.9002	
14.27	0.6449	0.2053	0.5154	0.8323	1.4312	
14.28	0.7684	0.1547	0.5845	0.8526	2.2069	
14.29	0.9953	0.0794	0.6093	0.0807	0.6277	
14.3	1.0537	-0.0	0.6852	-1.0092	-0.6013	
14.31	0.9913	-0.0928	0.7472	-1.2675	0.4683	
14.32	0.7527	-0.2037	0.7331	-0.7698	0.4996	
14.33	0.584	-0.3183	0.7254	0.1047	-0.8768	
14.34	0.3072	-0.4006	0.8416	0.4041	0.0699	
14.35	-0.0222	-0.564	0.7883	-0.1793	1.9899	
14.36	-0.3453	-0.7734	0.81	-1.2749	1.3719	
14.37	-0.6169	-0.8299	0.8373	-1.6969	0.6983	
14.38	-0.875	-1.0655	0.7859	-1.0226	1.9052	
14.39	-0.933	-1.2022	0.6259	-0.0684	2.1955	
14.4	-0.9631	-1.2694	0.6007	0.4947	-0.0315	
14.41	-0.917	-1.2629	0.6039	0.1679	-0.424	
14.42	-0.7606	-1.5807	0.4507	-0.6474	0.6521	
14.43	-0.5283	-1.6966	0.4363	-1.085	-0.2416	
14.44	-0.2618	-1.8361	0.2711	-0.7682	-1.1851	
14.45	0.0151	-1.8618	0.1746	0.3385	0.4377	
14.46	0.3079	-1.9744	0.0665	1.0608	1.6536	
14.47	0.5633	-1.8516	-0.0534	1.0246	0.5983	
14.48	0.7229	-1.9988	-0.1923	0.2594	0.8731	
14.49	0.8239	-2.2071	-0.3062	-0.3214	2.1053	
14.5	0.8809	-1.8939	-0.4414	0.0032	1.367	
14.51	0.8766	-2.1188	-0.6047	1.0805	-0.4611	
14.52	0.6042	-2.1381	-0.7547	1.9467	-0.0081	
14.53	0.3464	-1.7735	-0.8928	1.9945	0.5132	
14.54	0.0753	-2.0806	-1.0741	1.1894	-1.1586	
14.55	-0.2657	-1.7475	-1.1654	0.4551	-1.1947	
14.56	-0.5444	-1.6982	-1.2265	0.5524	0.7053	
14.57	-0.909	-1.8055	-1.5272	1.6072	1.0343	
14.58	-0.9992	-1.4804	-1.6382	2.5301	0.039	
14.59	-1.1587	-1.421	-1.8823	2.6758	1.0157	
14.6	-1.3207	-1.3927	-1.7137	1.6346	2.2125	
14.61	-1.2362	-1.1843	-2.0534	0.7712	0.5931	
14.62	-0.9403	-1.0182	-1.9516	0.5606	-0.5687	
14.63	-0.7613	-0.9873	-2.0703	1.2549	0.307	
14.64	-0.4727	-0.7684	-2.0622	2.1236	-0.0794	
14.65	-0.1557	-0.6773	-2.3768	2.3774	-1.579	
14.66	0.1175	-0.5298	-2.2889	1.5477	-0.8985	
14.67	0.3595	-0.4788	-2.4782	0.4757	0.7695	
14.68	0.4932	-0.3697	-2.4231	-0.0012	0.1543	
14.69	0.5578	-0.2343	-2.1889	0.458	-0.2408	
14.7	0.6065	-0.1776	-2.4456	1.2234	1.4187	
14.71	0.4957	-0.1298	-2.1991	1.6567	1.6969	
14.72	0.3	-0.073	-2.3136	0.9502	-0.1985	
14.73	0.013	-0.0534	-2.4073	-0.1814	-0.3937	
14.74	-0.3339	-0.0348	-2.2229	-0.7095	0.4528	
14.75	-0.6317	-0.0382	-2.1759	-0.4532	-0.82	
14.76	-0.8703	-0.0557	-2.2531	0.4235	-2.0604	
14.77	-1.1191	-0.0884	-1.8373	0.8324	-0.7158	
14.78	-1.319	-0.1473	-1.7965	0.4736	0.3126	
14.79	-1.6028	-0.1852	-1.8615	-0.6297	-0.6963	
14.8	-1.4691	-0.2464	-1.6755	-1.1845	-0.1505	
14.81	-1.3708	-0.3568	-1.7667	-0.9921	1.649	
14.82	-1.2463	-0.4535	-1.5227	-0.0009	0.8654	
14.83	-1.043	-0.5598	-1.3132	0.688	-0.7027	
14.84	-0.7617	-0.6406	-1.1911	0.5304	-0.0464	
14.85	-0.5082	-0.7552	-1.1669	-0.3691	0.1634	
14.86	-0.2137	-0.9748	-1.0979	-1.0619	-1.7989	
14.87	0.0294	-0.931	-0.9976	-0.7392	-2.1538	
14.88	0.1914	-1.0504	-0.9708	0.2004	-0.4259	
14.89	0.2608	-1.2189	-0.847	1.0826	-0.3876	
14.9	0.2194	-1.4458	-0.7191	1.1343	-1.3546	
14.91	0.059	-1.508	-0.6699	0.4732	0.1742	
14.92	-0.1549	-1.5466	-0.6871	-0.2625	1.4076	
14.93	-0.4807	-1.5071	-0.6453	-0.1248	0.0847	
14.94	-0.7724	-1.5893	-0.6228	0.8034	-0.7507	
14.95	-1.148	-1.7718	-0.5574	1.7125	0.2882	
14.96	-1.3427	-1.6963	-0.4827	2.2246	-0.4473	
14.97	-1.6392	-1.6579	-0.5491	1.5066	-2.4078	
14.98	-1.8355	-1.8159	-0.5562	0.6543	-1.9795	
14.99	-2.1013	-1.7768	-0.5582	0.5741	-0.4578	
15.0	-2.0454	-1.7623	-0.5812	1.4509	-1.3101	
15.01	-1.844	-1.4817	-0.6199	2.53	-1.5397	
15.02	-1.5289	-1.6603	-0.7318	2.4817	0.5168	
15.03	-1.3941	-1.4262	-0.694	2.023	0.9303	
15.04	-1.0072	-1.2166	-0.7385	1.1399	-0.5433	
15.05	-0.8957	-1.1174	-0.9241	0.8502	-0.4702	
15.06	-0.5738	-1.1816	-0.8648	1.4873	0.4276	
15.07	-0.3655	-0.9275	-1.0889	2.4584	-1.233	
15.08	-0.2166	-0.8762	-1.0533	2.9251	-2.8202	
15.09	-0.1534	-0.6349	-1.0736	2.1562	-1.2769	
15.1	-0.2224	-0.5022	-1.3607	1.0861	-0.7742	
15.11	-0.377	-0.3581	-1.4495	0.4601	-1.8986	
15.12	-0.588	-0.2086	-1.4961	0.8548	-1.3607	
15.13	-0.8308	-0.0473	-1.5026	1.6023	0.6735	
15.14	-1.3279	0.0933	-1.6996	2.3097	0.2542	
15.15	-1.4287	0.2124	-1.4948	1.6384	-0.8438	
15.16	-1.832	0.3547	-1.8554	0.5337	0.0385	
15.17	-1.9312	0.457	-1.7901	-0.2067	0.2033	
15.18	-2.3817	0.5626	-1.6892	-0.0843	-1.9976	
15.19	-2.3666	0.7228	-1.8168	0.7374	-2.2723	
15.2	-2.4127	0.821	-1.7759	1.2351	-0.9766	
15.21	-2.2196	0.8694	-1.8272	0.9567	-1.3854	
15.22	-2.0631	0.9277	-1.6671	0.016	-2.4129	
15.23	-1.8192	0.9455	-1.935	-0.7656	-0.8485	
15.24	-1.2967	1.0071	-1.8411	-0.7449	0.6734	
15.25	-1.0491	0.8919	-1.7019	0.0351	-0.4403	
15.26	-0.8585	0.9713	-1.7287	0.8286	-0.7638	
15.27	-0.645	0.9206	-1.5758	0.8129	0.4518	
15.28	-0.5793	0.8144	-1.4299	-0.0274	-0.3094	
15.29	-0.4696	0.7852	-1.386	-0.8364	-2.354	
15.3	-0.6245	0.7775	-1.4109	-0.95	-1.7542	
15.31	-0.7223	0.5963	-1.4151	-0.0279	-1.071	
15.32	-0.9328	0.5325	-1.2128	0.9243	-1.9554	
15.33	-1.2477	0.5003	-1.0869	1.0945	-2.2099	
15.34	-1.5661	0.3737	-0.9333	0.5597	-0.3055	
15.35	-2.0138	0.3112	-0.836	-0.2196	0.2378	
15.36	-2.4111	0.1991	-0.7051	-0.3116	-1.0306	
15.37	-2.569	0.0956	-0.506	0.4417	-0.3448	
15.38	-2.6453	0.0127	-0.3549	1.6251	0.714	
15.39	-2.5099	-0.0746	-0.2328	1.8423	-0.9696	
15.4	-2.3685	-0.1422	-0.1162	1.3998	-2.2836	
15.41	-2.2232	-0.2062	0.0256	0.7137	-1.3014	
15.42	-2.1257	-0.2836	0.1516	0.4277	-1.2533	
15.43	-1.8793	-0.3007	0.3017	0.9996	-2.8509	
15.44	-1.4836	-0.3147	0.4205	2.0909	-2.0735	
15.45	-1.3427	-0.3254	0.554	2.8256	0.0366	
15.46	-0.9537	-0.3227	0.5469	2.4332	-0.345	
15.47	-0.8787	-0.2745	0.6928	1.373	-0.9463	
15.48	-0.7305	-0.2543	0.8102	1.0324	0.3478	
15.49	-0.7095	-0.1981	0.798	1.4861	0.5825	
15.5	-0.7414	-0.1303	0.9765	2.283	-1.2665	
15.51	-0.9471	-0.0486	1.0203	3.1971	-1.8511	
15.52	-1.2942	0.0536	0.9098	2.748	-0.7962	
15.53	-1.5825	0.1676	0.9385	1.6709	-1.8427	
15.54	-1.9785	0.2631	0.9159	0.8327	-2.9292	
15.55	-2.0437	0.457	0.9533	1.1077	-1.3166	
15.56	-2.2787	0.5307	0.8697	1.7912	0.0698	
15.57	-2.4747	0.7825	0.8861	2.5527	-0.8754	
15.58	-2.5414	0.8204	0.7907	2.3067	-0.7419	
15.59	-2.6599	1.1039	0.7594	1.1943	0.8892	
15.6	-2.4505	1.1122	0.7924	0.2678	0.318	
15.61	-2.6504	1.3535	0.5945	0.1873	-1.6452	
15.62	-2.0012	1.6273	0.5735	0.9016	-1.2272	
15.63	-1.7152	1.5483	0.4839	1.5875	-0.6162	
15.64	-1.4228	1.7237	0.3397	1.4922	-2.2301	
15.65	-1.2461	1.8253	0.2454	0.5995	-2.2974	
15.66	-0.9192	2.2122	0.1509	-0.4443	-0.6041	
15.67	-0.7298	2.1944	0.0336	-0.5864	-0.1669	
15.68	-0.7062	2.251	-0.0802	0.0239	-1.0173	
15.69	-0.7421	2.5256	-0.1839	0.8692	-0.0255	
15.7	-0.7114	2.5869	-0.3205	0.9661	1.304	
15.71	-0.9661	2.3342	-0.3902	0.2675	-0.1266	
15.72	-1.2302	2.2537	-0.5127	-0.6283	-1.282	
15.73	-1.4744	2.4667	-0.5756	-1.065	-0.3752	
15.74	-1.7853	2.4669	-0.6974	-0.329	-0.6727	
15.75	-2.0077	2.6217	-0.7765	0.7352	-2.6937	
15.76	-2.1785	2.2923	-0.9077	1.2029	-2.035	
15.77	-2.2656	2.2462	-0.9178	0.5944	-0.1584	
15.78	-2.4209	2.2614	-0.9321	-0.2791	-0.5881	
15.79	-2.3186	2.0566	-0.9642	-0.5836	-0.9184	
15.8	-2.2883	1.917	-0.9825	0.0044	0.8429	
15.81	-2.3911	1.8257	-1.1908	1.1694	1.4201	
15.82	-1.8247	2.0512	-1.0439	1.8344	-0.422	
15.83	-1.6958	1.8709	-1.1568	1.3515	-0.7789	
15.84	-1.3459	1.8012	-1.1439	0.5753	0.2157	
15.85	-0.9006	1.5054	-1.1242	0.1789	-0.9475	
15.86	-0.6954	1.4027	-1.0753	0.6615	-2.4917	
15.87	-0.5266	1.2245	-1.016	1.7134	-1.0885	
15.88	-0.4378	1.1316	-1.0715	2.7041	-0.0199	
15.89	-0.4262	1.0769	-0.8393	2.4743	-0.9203	
15.9	-0.5893	1.1141	-0.7963	1.5911	-0.4348	
15.91	-0.7695	1.0162	-0.7458	0.9009	1.5282	
15.92	-0.9191	0.9868	-0.712	1.0322	1.0755	
15.93	-1.3358	0.9039	-0.6007	1.9697	-0.4557	
15.94	-1.6517	0.879	-0.5893	2.9099	0.1315	
15.95	-1.7381	0.855	-0.5058	2.9198	0.5295	
15.96	-2.1189	0.9864	-0.4456	1.9641	-1.2542	
15.97	-2.1493	0.9242	-0.3706	1.1087	-1.9503	
15.98	-2.1311	0.9654	-0.3014	1.0525	-0.3236	
15.99	-2.3656	0.9211	-0.2019	1.7325	-0.1838	
16.0	-2.0527	1.0948	-0.1472	2.7612	-1.1032	
16.01	-1.8149	1.138	-0.1032	2.5889	0.2995	
16.02	-1.3826	1.1806	-0.0492	1.5176	1.8706	
16.03	-1.0955	1.3856	-0.0109	0.6423	0.655	
16.04	-0.8432	1.3806	0.0199	0.302	-0.1061	
16.05	-0.4957	1.4779	0.0384	0.8884	0.8935	
16.06	-0.2696	1.8931	0.0498	1.6259	0.454	
16.07	-0.0902	2.0275	0.044	1.8719	-1.4401	
16.08	-0.0069	2.1658	0.0267	0.9495	-1.256	
16.09	-0.0265	2.2098	0.0021	-0.0824	0.195	
16.1	-0.1289	2.0585	-0.0345	-0.5396	-0.5904	
16.11	-0.3454	2.5753	-0.0833	-0.0465	-0.7983	
16.12	-0.6163	2.5346	-0.1364	0.7637	1.067	
16.13	-0.9034	2.7589	-0.2434	1.0728	1.8969	
16.14	-1.2602	2.709	-0.3149	0.4826	0.4406	
16.15	-1.403	2.7499	-0.3728	-0.5484	0.5842	
16.16	-1.7465	2.6227	-0.4915	-1.094	1.4332	
16.17	-1.6855	2.9429	-0.6257	-0.5986	0.1576	
16.18	-1.7537	3.1709	-0.8102	0.3651	-1.2799	
16.19	-1.5707	3.2307	-0.7981	0.9092	-0.3402	
16.2	-1.5225	2.7425	-1.0993	0.5568	0.273	
16.21	-1.2599	2.6783	-1.1066	-0.3666	-0.9578	
16.22	-0.8234	3.1301	-1.2595	-0.9776	-0.2828	
16.23	-0.6125	2.9479	-1.5351	-0.4837	1.8585	
16.24	-0.2284	2.9063	-1.6327	0.4866	1.7059	
16.25	0.0825	2.9511	-1.8419	1.278	0.4572	
16.26	0.3421	2.8377	-1.7889	1.2594	1.3292	
16.27	0.4426	2.5943	-1.9352	0.4092	1.6563	
16.28	0.5232	2.3181	-2.1087	-0.2117	-0.1642	
16.29	0.5732	2.5263	-2.3795	0.0533	-0.8997	
16.3	0.4226	2.0732	-2.3623	0.992	0.3967	
16.31	0.1776	2.2178	-2.375	2.0325	0.0609	
16.32	-0.0661	1.9933	-2.481	2.141	-1.0002	
16.33	-0.3334	1.7999	-2.706	1.362	0.5228	
16.34	-0.6451	1.5848	-2.5892	0.6311	2.1957	
16.35	-0.845	1.3526	-3.0362	0.7139	1.0823	
16.36	-0.9702	1.2894	-2.7292	1.4973	0.8381	
16.37	-1.1312	1.1595	-2.8167	2.5009	2.1871	
16.38	-1.03	1.1304	-2.9478	2.8033	1.5799	
16.39	-0.9907	1.0178	-2.638	2.055	-0.3477	
16.4	-0.8783	0.9269	-2.934	0.9791	-0.1351	
16.41	-0.557	0.7406	-3.0658	0.7885	0.8264	
16.42	-0.2489	0.7244	-2.7073	1.3587	-0.3916	
16.43	0.0975	0.6671	-2.6737	2.5227	-0.7601	
16.44	0.4646	0.6388	-2.7514	2.5068	1.1266	
16.45	0.8103	0.6494	-2.5175	2.0088	1.9349	
16.46	0.9448	0.5274	-2.6277	0.8899	0.8266	
16.47	1.0369	0.6161	-2.3155	0.3354	1.4977	
16.48	1.1972	0.6769	-2.4727	0.8296	2.4781	
16.49	0.9984	0.6531	-2.2921	1.5944	1.1931	
16.5	0.8874	0.69	-2.2228	1.826	-0.2402	
16.51	0.7606	0.7059	-2.113	1.3154	0.613	
16.52	0.4603	0.9072	-2.0783	0.184	0.8297	
16.53	0.1868	0.8768	-2.0609	-0.4938	-0.7661	
16.54	-0.1033	1.06	-1.7295	-0.1963	-0.2653	
16.55	-0.3382	1.2196	-1.5208	0.5991	1.6209	
16.56	-0.4479	1.1312	-1.5508	1.0149	1.6386	
16.57	-0.5681	1.351	-1.4722	0.6738	0.7505	
16.58	-0.5514	1.368	-1.3809	-0.4335	2.2452	
16.59	-0.4198	1.3696	-1.2203	-1.1436	2.4542	
16.6	-0.2245	1.4778	-1.1709	-0.8818	0.7872	
16.61	0.0645	1.7204	-1.1667	-0.0591	0.164	
16.62	0.3645	1.8894	-1.0849	0.6214	1.2271	
16.63	0.7145	1.7925	-0.9278	0.4096	0.3454	
16.64	0.9878	1.6939	-0.9153	-0.4535	-1.0145	
16.65	1.2448	1.717	-0.7901	-1.1993	0.4067	
16.66	1.458	1.8642	-0.8032	-1.0626	1.7337	
16.67	1.5176	2.0126	-0.7519	-0.1694	0.8633	
16.68	1.7123	1.9691	-0.7624	0.7479	1.0136	
16.69	1.4621	1.7371	-0.7685	0.7246	2.5159	
16.7	1.4157	1.8899	-0.7825	0.0658	2.2702	
16.71	1.2524	1.7268	-0.8229	-0.6791	0.5214	
16.72	0.9773	1.7827	-0.8253	-0.5942	0.7575	
16.73	0.6194	1.6233	-0.9653	0.2655	1.2433	
16.74	0.3243	1.5986	-0.9354	1.4063	-0.2224	
16.75	0.1151	1.5392	-1.0502	1.4506	-0.934	
16.76	-0.0282	1.2225	-0.9615	1.0264	1.0224	
16.77	-0.0931	1.0444	-1.191	0.1947	1.3769	
16.78	-0.0484	0.941	-1.0961	0.0744	0.4407	
16.79	0.0851	0.9004	-1.2858	0.8772	1.4784	
16.8	0.3284	0.7014	-1.3933	1.9494	3.1213	
16.81	0.593	0.4777	-1.3932	2.3691	1.6603	
16.82	0.8203	0.3052	-1.6215	1.7488	0.4365	
16.83	1.1231	0.1871	-1.54	0.8873	1.2149	
16.84	1.7049	0.018	-1.7543	0.5153	1.1398	
16.85	1.9139	-0.144	-1.7524	0.9448	-0.711	
16.86	2.1045	-0.2752	-1.8605	2.182	-0.4751	
16.87	2.2164	-0.4079	-1.9174	2.6837	1.1301	
16.88	1.9831	-0.5295	-1.8332	1.9362	0.8608	
16.89	1.9737	-0.6006	-1.7447	0.911	0.2953	
16.9	1.8428	-0.8011	-1.7257	0.2467	1.8906	
16.91	1.3708	-0.8856	-1.9987	0.5999	2.834	
16.92	1.1691	-0.9287	-2.0185	1.3793	1.1607	
16.93	0.8451	-1.024	-2.0073	1.9328	0.7585	
16.94	0.6786	-0.9803	-1.7085	1.4311	1.6844	
16.95	0.4488	-1.0722	-1.6766	0.4178	0.5398	
16.96	0.2901	-1.0141	-1.8208	-0.4189	-1.0037	
16.97	0.23	-0.872	-1.745	-0.3301	-0.0194	
16.98	0.2476	-0.8811	-1.707	0.3843	1.0953	
16.99	0.397	-0.7958	-1.7148	1.031	0.0534	
17.0	0.6479	-0.8935	-1.5248	0.6627	0.4003	
17.01	0.8867	-0.7124	-1.3374	-0.3175	2.4196	
17.02	1.1572	-0.7204	-1.2626	-1.2565	2.146	
17.03	1.5584	-0.5655	-1.2274	-1.219	0.5779	
17.04	1.8504	-0.4923	-0.9484	-0.5287	1.0828	
17.05	2.267	-0.4043	-0.9242	0.2703	1.7159	
17.06	2.0763	-0.3092	-0.674	0.24	-0.2369	
17.07	2.3649	-0.1783	-0.5632	-0.6638	-1.1889	
17.08	2.1334	-0.1091	-0.4373	-1.3835	0.362	
17.09	1.9832	-0.0155	-0.2871	-1.7199	0.511	
17.1	1.8461	0.0716	-0.1558	-0.8976	-0.5981	
17.11	1.6954	0.1488	-0.0131	0.0956	0.7473	
17.12	1.2467	0.2185	0.1217	0.3375	2.1724	
17.13	1.0643	0.2621	0.2665	-0.31	1.313	
17.14	0.725	0.2736	0.4257	-1.1265	0.53	
17.15	0.5467	0.3294	0.5025	-1.3066	1.449	
17.16	0.3566	0.3183	0.5655	-0.5503	1.2197	
17.17	0.3347	0.2882	0.7621	0.4722	-0.9772	
17.18	0.3432	0.2868	0.7505	0.9155	-0.7822	
17.19	0.4808	0.2508	0.9032	0.5145	0.4514	
17.2	0.8139	0.1837	0.9976	-0.292	-0.3237	
17.21	1.0508	0.1201	0.9569	-0.5968	-0.8825	
17.22	1.344	0.0313	1.0699	0.0228	0.9587	
17.23	1.6833	-0.0757	1.0305	1.084	1.8498	
17.24	2.1043	-0.2009	1.1858	1.6027	0.5706	
17.25	2.2737	-0.3175	1.0444	1.5303	0.6962	
17.26	2.4013	-0.409	1.2262	0.5495	1.8346	
17.27	2.4587	-0.6329	1.0991	-0.0012	0.3856	
17.28	2.3755	-0.7299	1.109	0.4285	-1.1892	
17.29	1.9563	-0.8791	1.061	1.3666	-0.4675	
17.3	1.6473	-1.0083	1.0232	2.2006	0.097	
17.31	1.4978	-1.0926	0.8906	1.6938	-1.145	
17.32	1.2906	-1.288	0.7569	0.8348	-0.8733	
17.33	0.8759	-1.3953	0.7498	0.0698	1.2599	
17.34	0.5694	-1.6448	0.6681	0.1977	1.1391	
17.35	0.4135	-1.6757	0.5392	1.0391	0.0611	
17.36	0.2681	-1.928	0.4431	1.8356	1.0862	
17.37	0.2297	-1.8327	0.3497	1.5555	1.684	
17.38	0.2826	-2.1625	0.255	0.4845	-0.4297	
17.39	0.4205	-2.1608	0.1566	-0.4652	-1.4134	
17.4	0.706	-2.0415	0.0358	-0.6087	-0.2002	
17.41	0.9741	-2.1271	-0.0636	0.1204	-0.5709	
17.42	1.2566	-2.0863	-0.1654	0.7745	-1.9651	
17.43	1.6188	-2.0235	-0.2892	0.7223	-0.5722	
17.44	1.7277	-2.2825	-0.3637	-0.1563	1.0822	
17.45	2.1023	-1.9534	-0.4888	-1.1447	0.2798	
