0.01	0.311	0.1791	0.4605	
0.02	0.6719	0.364	0.8821	
0.03	0.9112	0.5833	1.2201	
0.04	1.1866	0.6883	1.4021	
0.05	1.4201	0.8685	1.149	
0.06	1.7392	0.987	1.138	
0.07	1.6993	1.1373	0.9236	
0.08	1.6159	1.3033	0.5447	
0.09	1.8944	1.4182	0.184	
0.1	1.7569	1.4905	-0.0584	
0.11	1.6087	1.7505	-0.1894	
0.12	1.4819	1.8662	-0.2021	
0.13	1.4548	1.8518	-0.0592	
0.14	1.273	1.7985	0.234	
0.15	1.0364	2.0501	0.6256	
0.16	0.8331	2.2202	0.9713	
0.17	0.5749	1.9285	1.4497	
0.18	0.4361	2.2182	1.9831	
0.19	0.3024	2.0289	1.943	
0.2	0.1582	2.0133	2.2251	
0.21	0.0469	2.0745	2.2347	
0.22	-0.0124	2.1044	1.7397	
0.23	-0.0316	1.7216	1.5311	
0.24	-0.0207	1.7077	1.1878	
0.25	0.0327	1.5774	0.733	
0.26	0.1135	1.6183	0.4339	
0.27	0.2092	1.4448	0.2487	
0.28	0.3506	1.2838	0.2155	
0.29	0.4741	1.2542	0.3376	
0.3	0.5996	1.0749	0.623	
0.31	0.6625	0.8736	0.9782	
0.32	0.8198	0.7457	1.3364	
0.33	0.8071	0.581	1.8201	
0.34	0.8685	0.4104	2.1101	
0.35	0.79	0.2431	2.1676	
0.36	0.9018	0.0919	2.09	
0.37	0.7532	-0.049	1.8951	
0.38	0.664	-0.1798	1.4686	
0.39	0.4736	-0.3149	1.209	
0.4	0.254	-0.4846	0.8425	
0.41	0.0175	-0.5408	0.3793	
0.42	-0.226	-0.6076	0.0428	
0.43	-0.4277	-0.7149	-0.1498	
0.44	-0.7492	-0.9043	-0.213	
0.45	-0.9547	-0.8777	-0.1232	
0.46	-1.2025	-0.9813	0.1029	
0.47	-1.1698	-1.0362	0.3747	
0.48	-1.4736	-1.1595	0.705	
0.49	-1.4225	-1.0352	1.1331	
0.5	-1.4547	-1.1292	1.3956	
0.51	-1.5223	-1.0367	1.4632	
0.52	-1.4066	-1.008	1.2151	
0.53	-1.1598	-1.1103	1.0888	
0.54	-1.029	-0.9267	0.722	
0.55	-0.7548	-1.0595	0.3564	
0.56	-0.5009	-0.8651	-0.0857	
0.57	-0.1986	-0.8359	-0.5158	
0.58	0.1236	-0.7265	-0.7542	
0.59	0.4311	-0.6444	-1.0327	
0.6	0.6964	-0.5193	-1.0015	
0.61	1.0704	-0.5093	-0.9112	
0.62	1.3669	-0.3799	-0.6699	
0.63	1.6789	-0.2259	-0.2925	
0.64	1.6686	-0.1431	0.0328	
0.65	1.6833	-0.0223	0.3311	
0.66	1.9609	0.0935	0.5823	
0.67	2.0359	0.2139	0.7073	
0.68	2.0433	0.3134	0.6493	
0.69	1.7538	0.4656	0.448	
0.7	1.9923	0.5705	0.1205	
0.71	1.5377	0.6792	-0.2371	
0.72	1.4176	0.7986	-0.6328	
0.73	1.4506	0.854	-0.9847	
0.74	1.1314	0.9895	-1.3525	
0.75	1.1683	1.0297	-1.2678	
0.76	0.8501	1.0751	-1.382	
0.77	0.8134	1.0248	-1.018	
0.78	0.7557	1.2819	-0.8517	
0.79	0.6728	1.1956	-0.4346	
0.8	0.6338	1.3635	0.0078	
0.81	0.6986	1.2007	0.3477	
0.82	0.7486	1.1954	0.6583	
0.83	0.801	1.3545	0.7553	
0.84	0.9158	1.2716	0.7059	
0.85	1.0836	1.2438	0.6255	
0.86	1.0662	1.1867	0.3319	
0.87	1.2914	1.377	0.0016	
0.88	1.3628	1.2497	-0.3624	
0.89	1.4041	1.1381	-0.5834	
0.9	1.5056	1.2503	-0.7358	
0.91	1.6276	1.2482	-0.8266	
0.92	1.8053	1.0933	-0.6446	
0.93	1.6648	1.1227	-0.4501	
0.94	1.6417	1.1544	-0.0584	
0.95	1.5671	0.9255	0.3857	
0.96	1.4627	0.918	0.924	
0.97	1.1831	0.8592	1.2476	
0.98	0.9597	0.8435	1.546	
0.99	0.704	0.9253	1.7553	
1.0	0.4354	0.8193	1.5742	
1.01	0.1418	0.8735	1.5488	
1.02	-0.1229	0.7913	1.3092	
1.03	-0.4064	0.8182	0.8431	
1.04	-0.6188	0.7301	0.6268	
1.05	-0.8097	0.6875	0.3666	
1.06	-0.9436	0.6459	0.2258	
1.07	-1.0385	0.6964	0.2224	
1.08	-1.0888	0.6807	0.3432	
1.09	-1.1221	0.6989	0.669	
1.1	-1.2059	0.79	1.0782	
1.11	-0.9577	0.8041	1.6003	
1.12	-0.8309	0.8434	2.0852	
1.13	-0.6575	0.8777	2.4669	
1.14	-0.4011	0.8947	2.5667	
1.15	-0.1165	0.9205	2.6513	
1.16	0.1915	0.8871	2.6528	
1.17	0.4327	0.8604	2.5913	
1.18	0.7543	0.9306	2.2244	
1.19	1.0498	0.9574	1.6041	
1.2	1.3728	0.9765	1.2684	
1.21	1.6281	1.0392	1.0356	
1.22	1.6362	1.1963	0.9734	
1.23	1.6688	1.0766	0.959	
1.24	1.8377	1.0747	1.0186	
1.25	2.0783	1.2398	1.1836	
1.26	1.7667	1.1956	1.5133	
1.27	2.032	1.3575	2.1863	
1.28	1.7054	1.2203	2.4033	
1.29	1.8528	1.1716	2.711	
1.3	1.5645	1.1435	3.1171	
1.31	1.5809	1.2986	2.8349	
1.32	1.4134	1.2503	2.8401	
1.33	1.2132	1.2329	2.2866	
1.34	1.1198	1.0525	2.2152	
1.35	0.9382	1.2077	1.7922	
1.36	0.8777	1.1926	1.1701	
1.37	0.9314	1.0233	0.9487	
1.38	0.8646	0.99	0.6354	
1.39	0.9559	0.8633	0.6872	
1.4	1.0108	0.7768	0.7824	
1.41	1.2772	0.7714	0.9707	
1.42	1.3727	0.6483	1.2553	
1.43	1.5638	0.6696	1.5118	
1.44	1.6727	0.5461	1.9053	
1.45	1.994	0.4429	2.136	
1.46	2.1423	0.4038	2.1986	
1.47	2.3143	0.2713	2.292	
1.48	2.0019	0.2379	2.1192	
1.49	2.2223	0.136	1.5407	
1.5	2.4248	0.073	1.2127	
1.51	2.1937	0.0	0.7471	
1.52	2.3339	-0.0583	0.3077	
1.53	2.1195	-0.1124	0.0043	
1.54	1.8895	-0.1881	-0.2169	
1.55	1.8529	-0.1949	-0.2638	
1.56	1.4328	-0.2309	-0.1437	
1.57	1.2025	-0.266	0.0788	
1.58	0.9191	-0.3121	0.3674	
1.59	0.6764	-0.2882	0.7394	
1.6	0.3598	-0.2945	1.1157	
1.61	0.0537	-0.2718	1.2237	
1.62	-0.2096	-0.2404	1.2964	
1.63	-0.4415	-0.1912	1.2976	
1.64	-0.5942	-0.1426	0.9595	
1.65	-0.8198	-0.081	0.735	
1.66	-0.8367	-0.0073	0.3146	
1.67	-1.0171	0.0834	-0.1033	
1.68	-0.963	0.168	-0.4517	
1.69	-0.9366	0.2955	-0.7966	
1.7	-0.7947	0.3936	-0.921	
1.71	-0.6154	0.5084	-0.9327	
1.72	-0.3665	0.626	-0.6875	
1.73	-0.1517	0.8516	-0.4698	
1.74	0.1028	0.8254	-0.0833	
1.75	0.3318	0.9604	0.3116	
1.76	0.6368	1.183	0.5892	
1.77	0.8788	1.372	0.925	
1.78	1.0252	1.3791	1.037	
1.79	1.3627	1.6829	1.0077	
1.8	1.4552	1.9027	0.8349	
1.81	1.5392	1.9323	0.4496	
1.82	1.4814	2.0447	0.1284	
1.83	1.7042	2.3218	-0.2243	
1.84	1.6605	2.1073	-0.5646	
1.85	1.7262	2.5384	-0.7476	
1.86	1.6391	2.4389	-0.7505	
1.87	1.3774	2.6697	-0.7778	
1.88	1.2227	2.7702	-0.4794	
1.89	1.245	2.8102	-0.1086	
1.9	0.9965	2.5975	0.3448	
1.91	0.9831	2.6492	0.7723	
1.92	0.8821	2.8802	1.0391	
1.93	0.8743	2.8224	1.3583	
1.94	0.8147	2.6848	1.5733	
1.95	0.7508	2.5752	1.4391	
1.96	0.778	2.6845	1.4573	
1.97	0.8716	2.5922	1.1083	
1.98	0.9887	2.5898	0.8255	
1.99	1.1394	2.3819	0.4526	
2.0	1.4957	2.5011	0.2099	
2.01	1.7348	2.1873	0.0425	
2.02	1.7345	2.2963	0.031	
2.03	2.0907	1.939	0.1753	
2.04	2.068	1.9759	0.4618	
2.05	2.1242	1.6088	0.8619	
2.06	2.5516	1.5221	1.4047	
2.07	2.4347	1.502	1.8215	
2.08	2.6821	1.2804	2.1734	
2.09	2.4216	0.9993	2.4308	
2.1	2.4718	0.9278	2.7125	
2.11	2.2597	0.7305	2.3826	
2.12	2.0778	0.5243	2.3946	
2.13	2.1472	0.3608	2.0381	
2.14	1.7878	0.1686	1.5596	
2.15	1.5614	0.0216	1.2454	
2.16	1.2142	-0.1439	0.9796	
2.17	1.0172	-0.2962	0.7549	
2.18	0.6586	-0.4103	0.8678	
2.19	0.3012	-0.5409	0.9614	
2.2	0.0263	-0.6861	1.2715	
2.21	-0.2533	-0.6781	1.5276	
2.22	-0.4293	-0.8224	2.0752	
2.23	-0.6781	-0.9768	2.3289	
2.24	-0.8147	-0.9882	2.5155	
2.25	-0.8973	-1.0831	2.8821	
2.26	-0.9393	-1.0991	2.6919	
2.27	-0.8975	-1.0775	2.865	
2.28	-0.7928	-1.0136	2.4688	
2.29	-0.6994	-0.8831	2.0075	
2.3	-0.4657	-0.9735	1.7955	
2.31	-0.3211	-0.8155	1.4186	
2.32	-0.0868	-0.781	1.0983	
2.33	0.1182	-0.7592	0.8084	
2.34	0.3167	-0.5512	0.7775	
2.35	0.5509	-0.5206	0.8083	
2.36	0.7632	-0.3422	1.1839	
2.37	0.8575	-0.2243	1.3852	
2.38	0.9841	-0.0705	1.7302	
2.39	1.123	0.0841	2.224	
2.4	1.1845	0.2572	2.3811	
2.41	1.0633	0.4225	2.4592	
2.42	1.0688	0.5841	2.4637	
2.43	0.9822	0.6895	2.1753	
2.44	0.9152	0.9967	1.8696	
2.45	0.7771	1.0474	1.4252	
2.46	0.6829	1.3201	0.964	
2.47	0.5591	1.3611	0.5468	
2.48	0.4981	1.7172	0.1733	
2.49	0.3587	1.572	-0.0383	
2.5	0.3043	1.7653	-0.1104	
2.51	0.2778	1.9629	-0.0206	
2.52	0.2629	2.2006	0.2038	
2.53	0.3101	2.2267	0.5369	
2.54	0.3423	2.2382	0.7732	
2.55	0.4719	2.1962	1.1029	
2.56	0.6334	2.3402	1.2803	
2.57	0.8235	2.6124	1.3506	
2.58	1.0325	2.3071	1.185	
2.59	1.1566	2.8275	1.0427	
2.6	1.6302	2.4016	0.6789	
2.61	1.7677	2.7882	0.316	
2.62	1.7849	2.3835	-0.1393	
2.63	2.3657	2.5589	-0.5501	
2.64	2.3283	2.292	-0.93	
2.65	2.4692	2.5691	-1.0345	
2.66	2.4945	2.2787	-1.1709	
2.67	2.5271	2.1388	-0.9753	
2.68	2.7687	2.2593	-0.6564	
2.69	2.25	2.0262	-0.3301	
2.7	2.3617	2.1908	0.0265	
2.71	2.0651	1.7505	0.375	
2.72	1.915	1.8291	0.6261	
2.73	1.7133	1.7549	0.6719	
2.74	1.3902	1.4708	0.5767	
2.75	1.0755	1.2424	0.3652	
2.76	0.7187	1.3063	0.0836	
2.77	0.3982	1.1417	-0.3193	
2.78	0.075	0.9219	-0.7192	
2.79	-0.1863	0.916	-1.1193	
2.8	-0.4742	0.7178	-1.3329	
2.81	-0.6922	0.6377	-1.2912	
2.82	-0.8214	0.4718	-1.2948	
2.83	-0.8657	0.393	-1.0686	
2.84	-0.9515	0.2522	-0.8213	
2.85	-0.866	0.1579	-0.3288	
2.86	-0.9629	0.0717	0.0578	
2.87	-0.774	0.0013	0.4574	
2.88	-0.6421	-0.0716	0.7146	
2.89	-0.5904	-0.1132	0.8958	
2.9	-0.3983	-0.1845	0.872	
2.91	-0.1975	-0.1975	0.6513	
2.92	-0.0327	-0.2575	0.3734	
2.93	0.131	-0.2289	0.0058	
2.94	0.2422	-0.2586	-0.3542	
2.95	0.3851	-0.2662	-0.6733	
2.96	0.4089	-0.244	-0.7743	
2.97	0.4938	-0.2117	-0.8862	
2.98	0.4593	-0.2126	-0.6949	
2.99	0.4378	-0.1519	-0.3977	
3.0	0.4449	-0.1162	-0.0378	
3.01	0.3236	-0.0823	0.4086	
3.02	0.2061	-0.0298	0.7714	
3.03	0.0683	0.0242	1.1466	
3.04	-0.0725	0.0804	1.5373	
3.05	-0.2141	0.1374	1.5294	
3.06	-0.3393	0.2084	1.4756	
3.07	-0.4752	0.2598	1.3037	
3.08	-0.5339	0.328	1.0587	
3.09	-0.5428	0.3634	0.7187	
3.1	-0.5215	0.4447	0.4281	
3.11	-0.4743	0.5535	0.1603	
3.12	-0.3835	0.5206	0.005	
3.13	-0.2575	0.5556	-0.0098	
3.14	-0.0983	0.6991	0.1229	
3.15	0.1018	0.621	0.3691	
3.16	0.3631	0.7589	0.83	
3.17	0.6644	0.7693	1.089	
3.18	0.8614	0.708	1.5327	
3.19	1.1243	0.8354	1.8795	
3.2	1.5304	0.7934	2.3114	
3.21	1.722	0.7799	2.2377	
3.22	1.7684	0.7917	2.1761	
3.23	1.8624	0.7221	1.9811	
3.24	1.9068	0.776	1.6641	
3.25	2.2625	0.738	1.0161	
3.26	2.0733	0.7283	0.7735	
3.27	2.1023	0.685	0.4587	
3.28	2.0643	0.6706	0.2669	
3.29	1.9885	0.6197	0.197	
3.3	1.5151	0.6776	0.3183	
3.31	1.3715	0.5582	0.5022	
3.32	1.0683	0.5332	0.9342	
3.33	0.9009	0.4878	1.1271	
3.34	0.5463	0.4699	1.4111	
3.35	0.2689	0.4534	1.999	
3.36	-0.0378	0.4185	2.0038	
3.37	-0.2739	0.3862	1.8676	
3.38	-0.4969	0.4052	1.827	
3.39	-0.7733	0.329	1.3048	
3.4	-0.8443	0.3197	1.0516	
3.41	-1.0044	0.3382	0.6032	
3.42	-1.0747	0.3141	0.1257	
3.43	-1.134	0.3425	-0.2211	
3.44	-0.98	0.354	-0.4737	
3.45	-1.0881	0.3652	-0.4584	
3.46	-0.8342	0.355	-0.452	
3.47	-0.7244	0.3753	-0.2306	
3.48	-0.7003	0.411	0.0846	
3.49	-0.4812	0.4267	0.4181	
3.5	-0.4084	0.4438	0.6698	
3.51	-0.2624	0.4606	0.8716	
3.52	-0.1764	0.5041	0.9152	
3.53	-0.0911	0.5875	0.9727	
3.54	-0.0567	0.639	0.6084	
3.55	-0.0561	0.7324	0.34	
3.56	-0.1068	0.7392	-0.1365	
3.57	-0.1757	0.8334	-0.5491	
3.58	-0.2477	0.8764	-0.9853	
3.59	-0.3837	0.8931	-1.4822	
3.6	-0.5589	1.0676	-1.6066	
3.61	-0.66	1.0896	-1.5023	
3.62	-0.8096	1.0659	-1.3616	
3.63	-0.9501	1.0511	-1.1851	
3.64	-1.167	1.2302	-0.8741	
3.65	-1.3248	1.1008	-0.5677	
3.66	-1.3656	1.3099	-0.2665	
3.67	-1.3211	1.2327	-0.0711	
3.68	-1.5929	1.3132	0.002	
3.69	-1.3677	1.2493	-0.0734	
3.7	-1.3642	1.2858	-0.3089	
3.71	-1.2637	1.3117	-0.5783	
3.72	-1.0816	1.1693	-1.0086	
3.73	-0.7441	1.11	-1.4548	
3.74	-0.5526	0.9891	-1.7879	
3.75	-0.235	0.9626	-2.1203	
3.76	0.0662	1.0181	-2.1068	
3.77	0.3493	0.8829	-2.3893	
3.78	0.6909	0.718	-1.8759	
3.79	0.9365	0.6899	-1.5279	
3.8	1.203	0.6478	-1.3741	
3.81	1.3199	0.4917	-0.89	
3.82	1.6011	0.3666	-0.5443	
3.83	1.7414	0.2715	-0.286	
3.84	1.7309	0.1195	-0.189	
3.85	1.5078	0.0019	-0.2127	
3.86	1.4317	-0.1303	-0.3981	
3.87	1.3915	-0.2386	-0.7463	
3.88	1.3415	-0.3718	-1.0933	
3.89	1.1623	-0.5533	-1.2854	
3.9	0.8965	-0.6082	-1.7012	
3.91	0.6169	-0.7316	-1.9613	
3.92	0.2838	-0.8239	-2.0879	
3.93	0.0257	-1.0759	-2.0134	
3.94	-0.2292	-1.2367	-1.5035	
3.95	-0.4441	-1.3096	-1.1572	
3.96	-0.6605	-1.3818	-0.8257	
3.97	-0.8826	-1.431	-0.3083	
3.98	-1.1116	-1.3515	0.0489	
3.99	-1.0662	-1.5072	0.2922	
4.0	-1.1178	-1.5646	0.4465	
4.01	-1.1285	-1.4754	0.4554	
4.02	-1.2456	-1.5695	0.2611	
4.03	-1.1831	-1.5436	-0.0278	
4.04	-0.9912	-1.486	-0.3373	
4.05	-0.9145	-1.5856	-0.6691	
4.06	-0.8612	-1.7245	-0.9452	
4.07	-0.6349	-1.5979	-1.1529	
4.08	-0.5647	-1.4108	-1.0556	
4.09	-0.4785	-1.2411	-0.9965	
4.1	-0.4004	-1.4051	-0.7041	
4.11	-0.3963	-1.2456	-0.288	
4.12	-0.3843	-0.9628	0.1246	
4.13	-0.4885	-1.002	0.5572	
4.14	-0.5137	-0.8079	0.9258	
4.15	-0.6782	-0.6259	1.1514	
4.16	-0.8206	-0.4887	1.1864	
4.17	-1.0062	-0.4001	1.0302	
4.18	-1.0575	-0.216	0.8313	
4.19	-1.4118	-0.0464	0.6485	
4.2	-1.6375	0.1153	0.2193	
4.21	-1.7923	0.272	-0.1248	
4.22	-1.9258	0.4523	-0.3817	
4.23	-1.9273	0.549	-0.578	
4.24	-1.9868	0.7222	-0.603	
4.25	-2.1744	0.968	-0.4719	
4.26	-2.1112	1.0153	-0.2616	
4.27	-2.4387	1.0955	0.1008	
4.28	-2.2289	1.3834	0.4437	
4.29	-2.1324	1.2973	0.9181	
4.3	-1.684	1.4436	1.2288	
4.31	-1.6345	1.6005	1.1864	
4.32	-1.3403	1.607	1.289	
4.33	-1.0993	1.836	1.1433	
4.34	-0.756	1.6205	0.7604	
4.35	-0.4147	1.5879	0.4747	
4.36	-0.1406	1.8638	0.0231	
4.37	0.1572	1.9061	-0.3816	
4.38	0.427	1.6155	-0.7346	
4.39	0.6266	1.7655	-0.979	
4.4	0.7739	1.5848	-0.9549	
4.41	0.9159	1.6427	-0.9893	
4.42	1.0561	1.5278	-0.7412	
4.43	1.1428	1.3217	-0.3536	
4.44	1.0793	1.3076	-0.0484	
4.45	1.0118	1.0559	0.2516	
4.46	0.8688	0.9428	0.5006	
4.47	0.648	0.8302	0.5805	
4.48	0.5031	0.6194	0.4723	
4.49	0.2349	0.4646	0.2943	
4.5	0.0098	0.2694	-0.0717	
4.51	-0.2053	0.1029	-0.4727	
4.52	-0.4789	-0.0843	-0.9586	
4.53	-0.7131	-0.2967	-1.4563	
4.54	-0.8867	-0.4701	-1.8296	
4.55	-0.9681	-0.6373	-2.1342	
4.56	-1.1742	-0.7559	-2.1233	
4.57	-1.2547	-0.91	-1.886	
4.58	-1.099	-1.1243	-1.5733	
4.59	-1.2632	-1.2066	-1.3246	
4.6	-1.2037	-1.5436	-0.9322	
4.61	-1.1518	-1.5446	-0.7008	
4.62	-1.0426	-1.661	-0.5531	
4.63	-0.921	-1.8639	-0.4177	
4.64	-0.7157	-2.0213	-0.5809	
4.65	-0.6769	-2.2132	-0.7279	
4.66	-0.5723	-2.0645	-1.0565	
4.67	-0.5114	-2.4484	-1.3904	
4.68	-0.4506	-2.3425	-2.0898	
4.69	-0.4408	-2.1779	-2.3693	
4.7	-0.4506	-2.477	-2.6406	
4.71	-0.5512	-2.3002	-2.8368	
4.72	-0.6971	-2.4725	-2.7544	
4.73	-0.8159	-2.3311	-2.5235	
4.74	-0.9835	-2.2747	-2.2737	
4.75	-1.1491	-2.2771	-1.8014	
4.76	-1.4371	-2.1191	-1.5568	
4.77	-1.7298	-1.9533	-1.2924	
4.78	-1.7586	-1.8273	-1.1128	
4.79	-1.9785	-1.7207	-0.9925	
4.8	-2.2109	-1.5895	-0.9305	
4.81	-2.5983	-1.6384	-1.1918	
4.82	-2.5608	-1.5799	-1.5349	
4.83	-2.9464	-1.3116	-1.7979	
4.84	-2.8844	-1.1641	-2.2869	
4.85	-2.9026	-1.0925	-2.4965	
4.86	-2.8053	-0.9017	-2.9179	
4.87	-2.7441	-0.848	-2.8703	
4.88	-2.5308	-0.6788	-2.8736	
4.89	-2.297	-0.5324	-2.5297	
4.9	-1.897	-0.3499	-2.0174	
4.91	-1.6599	-0.2535	-1.7846	
4.92	-1.3848	-0.1195	-1.1836	
4.93	-1.0439	-0.0133	-0.907	
4.94	-0.8351	0.1037	-0.5949	
4.95	-0.4696	0.2022	-0.3901	
4.96	-0.207	0.269	-0.4108	
4.97	0.0403	0.3346	-0.653	
4.98	0.2409	0.4068	-0.8245	
4.99	0.4326	0.4978	-1.167	
5.0	0.5355	0.5171	-1.4489	
5.01	0.5725	0.5237	-1.7197	
5.02	0.5512	0.5435	-1.9949	
5.03	0.5298	0.6537	-2.1346	
5.04	0.4761	0.6642	-1.6408	
5.05	0.3237	0.5977	-1.676	
5.06	0.1653	0.5902	-1.1609	
5.07	-0.028	0.5161	-0.6835	
5.08	-0.2009	0.5138	-0.257	
5.09	-0.3797	0.4235	0.1359	
5.1	-0.5335	0.3412	0.3595	
5.11	-0.815	0.2919	0.478	
5.12	-0.862	0.2523	0.4878	
5.13	-0.9864	0.1416	0.2822	
5.14	-0.9722	0.0668	-0.028	
5.15	-1.1786	-0.0292	-0.3692	
5.16	-1.0019	-0.1133	-0.7225	
5.17	-1.0934	-0.2069	-0.9311	
5.18	-0.9392	-0.3193	-1.0943	
5.19	-0.9633	-0.4157	-1.2283	
5.2	-0.8114	-0.4799	-1.0695	
5.21	-0.6263	-0.5747	-0.6744	
5.22	-0.5531	-0.6869	-0.3485	
5.23	-0.3863	-0.7763	0.0613	
5.24	-0.2907	-0.8758	0.4848	
5.25	-0.2363	-0.9974	0.8273	
5.26	-0.194	-1.0894	1.0123	
5.27	-0.2017	-1.097	1.0421	
5.28	-0.2494	-1.225	0.8218	
5.29	-0.3235	-1.2132	0.6128	
5.3	-0.4425	-1.234	0.2268	
5.31	-0.6371	-1.3575	-0.1453	
5.32	-0.7453	-1.3877	-0.5073	
5.33	-1.0733	-1.2827	-0.9185	
5.34	-1.2676	-1.3072	-1.042	
5.35	-1.6753	-1.2763	-0.9975	
5.36	-1.9855	-1.2623	-0.9087	
5.37	-2.0946	-1.3862	-0.7809	
5.38	-2.5116	-1.3642	-0.4423	
5.39	-2.721	-1.3563	-0.0632	
5.4	-2.7769	-1.3661	0.2416	
5.41	-2.8687	-1.3332	0.471	
5.42	-2.9779	-1.1313	0.6319	
5.43	-2.8016	-1.2816	0.5567	
5.44	-2.7868	-1.2687	0.4168	
5.45	-3.0237	-1.2272	0.052	
5.46	-2.775	-1.1856	-0.3988	
5.47	-2.314	-1.0724	-0.8834	
5.48	-2.4993	-0.9776	-1.2475	
5.49	-1.8258	-1.1055	-1.439	
5.5	-1.872	-1.0708	-1.7882	
5.51	-1.4424	-1.0477	-1.7074	
5.52	-1.087	-0.9662	-1.5883	
5.53	-0.8868	-0.8484	-1.4928	
5.54	-0.5499	-0.8345	-1.2139	
5.55	-0.3013	-0.9269	-0.7908	
5.56	-0.1166	-0.8457	-0.56	
5.57	0.053	-0.8358	-0.3922	
5.58	0.1833	-0.9105	-0.2888	
5.59	0.2614	-0.8944	-0.3237	
5.6	0.2449	-1.0211	-0.5942	
5.61	0.226	-0.9515	-0.9583	
5.62	0.1963	-1.0688	-1.3691	
5.63	0.0828	-1.0665	-1.7609	
5.64	-0.0314	-1.1617	-2.2589	
5.65	-0.1616	-1.178	-2.5055	
5.66	-0.2883	-1.1889	-2.7258	
5.67	-0.4236	-1.1615	-2.8682	
5.68	-0.625	-1.2313	-2.61	
5.69	-0.661	-1.3826	-2.1149	
5.7	-0.8363	-1.4113	-1.823	
5.71	-0.8461	-1.3782	-1.4902	
5.72	-0.9294	-1.3053	-1.2264	
5.73	-0.9165	-1.502	-0.9655	
5.74	-0.8913	-1.4397	-0.8844	
5.75	-0.8266	-1.5538	-0.9946	
5.76	-0.6916	-1.7121	-1.0269	
5.77	-0.5477	-1.4302	-1.4768	
5.78	-0.3863	-1.5523	-1.8866	
5.79	-0.2032	-1.644	-2.3069	
5.8	-0.0621	-1.5131	-2.7065	
5.81	0.0734	-1.6531	-2.815	
5.82	0.2014	-1.5187	-3.0018	
5.83	0.2768	-1.6098	-3.0101	
5.84	0.3718	-1.5963	-2.5038	
5.85	0.3655	-1.5015	-2.0492	
5.86	0.3394	-1.4422	-1.798	
5.87	0.2219	-1.5199	-1.3359	
5.88	0.1104	-1.3886	-1.0566	
5.89	-0.0581	-1.2183	-0.7374	
5.9	-0.2532	-1.1352	-0.5482	
5.91	-0.4759	-1.1082	-0.6537	
5.92	-0.7729	-1.048	-0.8356	
5.93	-0.9991	-0.9546	-0.9857	
5.94	-1.3851	-0.9063	-1.4283	
5.95	-1.5016	-0.7687	-1.5337	
5.96	-1.8745	-0.7759	-2.1026	
5.97	-2.1246	-0.6205	-2.3173	
5.98	-2.4651	-0.4606	-2.1663	
5.99	-2.5424	-0.3923	-2.0178	
6.0	-2.8325	-0.279	-1.5994	
6.01	-2.764	-0.1905	-1.246	
6.02	-2.7678	-0.1121	-0.8594	
6.03	-2.6169	-0.0173	-0.3726	
6.04	-2.5558	0.0707	-0.0021	
6.05	-2.4753	0.1374	0.2936	
6.06	-2.4193	0.2367	0.4267	
6.07	-1.8037	0.2596	0.3947	
6.08	-1.6339	0.346	0.2057	
6.09	-1.5708	0.387	-0.0621	
6.1	-1.0802	0.4291	-0.3997	
6.11	-0.8095	0.4322	-0.7184	
6.12	-0.633	0.4071	-0.8682	
6.13	-0.4032	0.4667	-1.0319	
6.14	-0.19	0.424	-1.1916	
6.15	-0.0503	0.3888	-0.9742	
6.16	0.076	0.3738	-0.6664	
6.17	0.1473	0.3064	-0.2285	
6.18	0.1821	0.2256	0.1869	
6.19	0.1741	0.1313	0.5712	
6.2	0.1073	0.0547	1.017	
6.21	0.0335	-0.0559	1.1115	
6.22	-0.0722	-0.1777	1.2839	
6.23	-0.1936	-0.3105	1.2709	
6.24	-0.3155	-0.4017	1.0016	
6.25	-0.4432	-0.5965	0.6212	
6.26	-0.5235	-0.6931	0.2362	
6.27	-0.6145	-0.8864	-0.1142	
6.28	-0.6023	-0.8985	-0.3867	
6.29	-0.6046	-1.202	-0.619	
6.3	-0.6175	-1.2368	-0.6089	
6.31	-0.6047	-1.4559	-0.5086	
6.32	-0.4996	-1.7141	-0.2139	
6.33	-0.3421	-1.6152	0.1202	
6.34	-0.2266	-2.0557	0.5026	
6.35	-0.0404	-2.1695	0.9342	
6.36	0.1468	-2.1878	1.1012	
6.37	0.3624	-2.2538	1.3581	
6.38	0.5229	-2.4032	1.2627	
6.39	0.6653	-2.7626	1.194	
6.4	0.8875	-2.5938	0.7303	
6.41	1.0301	-2.9385	0.3912	
6.42	1.1555	-2.7535	-0.0375	
6.43	1.0161	-2.9357	-0.4458	
6.44	0.9965	-2.8453	-0.7811	
6.45	0.9798	-2.9662	-0.939	
6.46	0.8224	-2.6743	-0.945	
6.47	0.754	-2.9186	-0.8338	
6.48	0.4951	-2.7225	-0.7355	
6.49	0.2373	-2.99	-0.3316	
6.5	-0.018	-2.8395	-0.0263	
6.51	-0.3244	-2.663	0.2781	
6.52	-0.594	-2.6507	0.485	
6.53	-0.8425	-2.2829	0.5963	
6.54	-1.1526	-2.3726	0.5332	
6.55	-1.39	-2.4061	0.3156	
6.56	-1.8307	-2.0663	-0.0329	
6.57	-1.8057	-2.0923	-0.4896	
6.58	-2.0786	-1.8373	-0.9452	
6.59	-2.0016	-1.4945	-1.1907	
6.6	-2.1223	-1.5525	-1.7231	
6.61	-2.0047	-1.2827	-1.6785	
6.62	-2.0162	-1.0353	-1.9926	
6.63	-2.1063	-0.7912	-1.852	
6.64	-1.7889	-0.636	-1.4788	
6.65	-1.479	-0.5247	-1.1085	
6.66	-1.2508	-0.3163	-0.6804	
6.67	-1.2185	-0.1744	-0.4469	
6.68	-0.9345	0.006	-0.1966	
6.69	-0.6116	0.1535	-0.1234	
6.7	-0.446	0.3216	-0.171	
6.71	-0.2183	0.4575	-0.4313	
6.72	-0.0497	0.6408	-0.6951	
6.73	0.0879	0.7699	-1.0011	
6.74	0.2019	0.8777	-1.498	
6.75	0.2403	0.9195	-2.0234	
6.76	0.2683	0.9697	-2.1144	
6.77	0.2297	0.9633	-2.3779	
6.78	0.1787	1.1197	-2.1125	
6.79	0.1138	1.1113	-1.7729	
6.8	0.0132	1.0545	-1.5963	
6.81	-0.0859	1.1161	-1.2969	
6.82	-0.2088	1.0582	-0.7527	
6.83	-0.3171	1.1113	-0.5056	
6.84	-0.3446	0.9977	-0.2086	
6.85	-0.4001	0.8952	-0.0871	
6.86	-0.4877	0.899	-0.1071	
6.87	-0.4242	0.7579	-0.2803	
6.88	-0.3676	0.6848	-0.5998	
6.89	-0.3007	0.4999	-0.9339	
6.9	-0.148	0.4442	-1.3067	
6.91	0.0063	0.2461	-1.6494	
6.92	0.2087	0.1358	-1.6934	
6.93	0.4272	-0.0223	-1.7174	
6.94	0.6372	-0.1616	-1.567	
6.95	0.9577	-0.3517	-1.1839	
6.96	1.0211	-0.4816	-0.9368	
6.97	1.3739	-0.7097	-0.4254	
6.98	1.57	-0.7353	-0.0119	
6.99	1.6365	-0.9534	0.3503	
7.0	1.8313	-1.1465	0.6717	
7.01	1.8536	-1.1773	0.7653	
7.02	1.7577	-1.2665	0.7624	
7.03	1.8005	-1.3969	0.5812	
7.04	1.6847	-1.5359	0.3617	
7.05	1.5106	-1.9127	0.0521	
7.06	1.318	-2.0421	-0.2526	
7.07	1.1748	-1.9595	-0.5539	
7.08	0.7985	-1.9831	-0.663	
7.09	0.5477	-2.0534	-0.6389	
7.1	0.2796	-1.9697	-0.4531	
7.11	-0.038	-1.978	-0.1528	
7.12	-0.313	-2.34	0.2278	
7.13	-0.64	-2.1236	0.7621	
7.14	-0.8151	-2.2594	1.1131	
7.15	-0.9909	-2.2322	1.4168	
7.16	-1.1763	-2.187	1.8216	
7.17	-1.2798	-2.0566	1.9496	
7.18	-1.4938	-2.1361	1.6995	
7.19	-1.2774	-2.1468	1.6272	
7.2	-1.3514	-2.0609	1.2811	
7.21	-1.2388	-1.7448	0.8595	
7.22	-1.1331	-1.93	0.5577	
7.23	-1.0485	-1.5869	0.338	
7.24	-0.8555	-1.6463	0.1633	
7.25	-0.5746	-1.4295	0.1731	
7.26	-0.4298	-1.3547	0.2872	
7.27	-0.2094	-1.2842	0.6304	
7.28	-0.0108	-1.0761	0.9885	
7.29	0.1508	-1.0021	1.3979	
7.3	0.3025	-0.9353	1.8262	
7.31	0.393	-0.8081	1.9289	
7.32	0.4114	-0.6148	2.3998	
7.33	0.4391	-0.5417	2.2994	
7.34	0.4869	-0.4009	2.0895	
7.35	0.4126	-0.2787	1.8192	
7.36	0.3543	-0.208	1.3596	
7.37	0.2556	-0.1197	1.0392	
7.38	0.1477	-0.0432	0.5975	
7.39	0.0251	0.0303	0.3406	
7.4	-0.08	0.0991	0.1166	
7.41	-0.1937	0.1703	0.0744	
7.42	-0.2304	0.205	0.1706	
7.43	-0.3172	0.263	0.3999	
7.44	-0.3078	0.2625	0.7011	
7.45	-0.2871	0.2842	1.1648	
7.46	-0.2158	0.3381	1.5555	
7.47	-0.08	0.3383	1.5139	
7.48	0.0721	0.3372	1.7742	
7.49	0.2732	0.3142	1.6252	
7.5	0.4917	0.321	1.4051	
7.51	0.7954	0.2969	1.155	
7.52	1.043	0.2365	0.6667	
7.53	1.2203	0.2226	0.2713	
7.54	1.6549	0.1667	-0.1452	
7.55	1.6827	0.1389	-0.4409	
7.56	1.9497	0.0896	-0.6953	
7.57	2.1196	0.0492	-0.718	
7.58	2.5904	0.0055	-0.5741	
7.59	2.2721	-0.0406	-0.3353	
7.6	2.4224	-0.0837	-0.0125	
7.61	2.3382	-0.1322	0.3556	
7.62	2.4239	-0.1716	0.5738	
7.63	2.3643	-0.2156	0.9097	
7.64	1.984	-0.2498	0.9616	
7.65	2.0713	-0.2551	0.7925	
7.66	1.7105	-0.322	0.6689	
7.67	1.3674	-0.2946	0.3018	
7.68	1.0634	-0.3511	-0.1159	
7.69	0.8507	-0.3735	-0.5437	
7.7	0.5468	-0.3167	-0.8285	
7.71	0.2595	-0.3805	-1.0789	
7.72	-0.0005	-0.3461	-1.2071	
7.73	-0.2001	-0.356	-1.4042	
7.74	-0.3784	-0.3268	-1.1066	
7.75	-0.5567	-0.3034	-0.8574	
7.76	-0.6027	-0.2554	-0.4878	
7.77	-0.6606	-0.2674	-0.0563	
7.78	-0.6093	-0.2359	0.2538	
7.79	-0.5241	-0.1918	0.5309	
7.8	-0.452	-0.1551	0.6729	
7.81	-0.3074	-0.1015	0.625	
7.82	-0.1487	-0.0688	0.3829	
7.83	0.0071	-0.0342	0.1114	
7.84	0.1688	0.004	-0.269	
7.85	0.3343	0.0369	-0.6569	
7.86	0.5181	0.0744	-0.8973	
7.87	0.6037	0.115	-1.0279	
7.88	0.7413	0.142	-1.1052	
7.89	0.679	0.146	-1.1301	
7.9	0.8235	0.1956	-0.7878	
7.91	0.7435	0.1794	-0.4449	
7.92	0.6619	0.219	0.001	
7.93	0.6372	0.2178	0.4021	
7.94	0.5438	0.2076	0.8793	
7.95	0.3642	0.1883	1.0686	
7.96	0.2276	0.2026	1.1767	
7.97	0.0886	0.1694	1.3406	
7.98	-0.0355	0.1366	1.0871	
7.99	-0.1637	0.1	0.74	
8.0	-0.2145	0.0606	0.5066	
8.01	-0.2969	0.0151	0.1476	
8.02	-0.3241	-0.0347	-0.1015	
8.03	-0.254	-0.1031	-0.2556	
8.04	-0.185	-0.1576	-0.259	
8.05	-0.0783	-0.2299	-0.0837	
8.06	0.0901	-0.2792	0.2322	
8.07	0.2832	-0.3839	0.6115	
8.08	0.5328	-0.4013	1.0567	
8.09	0.8088	-0.5216	1.6371	
8.1	1.2147	-0.6123	1.9713	
8.11	1.5371	-0.5917	2.0951	
8.12	1.6606	-0.7296	2.4952	
8.13	2.0717	-0.8327	2.1621	
8.14	2.302	-0.8684	2.2513	
8.15	2.2633	-0.8709	1.7611	
8.16	2.3921	-1.0221	1.4045	
8.17	3.0407	-1.0809	1.1766	
8.18	2.6561	-1.0632	0.7948	
8.19	2.8335	-1.0714	0.6767	
8.2	2.637	-1.0199	0.6446	
8.21	2.866	-1.0152	0.8927	
8.22	2.5259	-1.087	1.2188	
8.23	2.5412	-1.1079	1.5878	
8.24	2.1329	-1.0155	1.9936	
8.25	1.8694	-1.0232	2.4958	
8.26	1.7306	-0.8684	2.7373	
8.27	1.4228	-0.9895	2.9761	
8.28	1.2631	-0.9043	2.8076	
8.29	0.8716	-0.7047	2.5788	
8.3	0.6603	-0.6675	2.3483	
8.31	0.422	-0.5563	2.0935	
8.32	0.3056	-0.4275	1.5932	
8.33	0.1706	-0.3806	1.4551	
8.34	0.0828	-0.2412	1.1601	
8.35	0.0518	-0.1099	0.8555	
8.36	0.0621	0.0309	0.8622	
8.37	0.1014	0.1805	0.9247	
8.38	0.1837	0.3235	1.2562	
8.39	0.3221	0.4447	1.4471	
8.4	0.3924	0.6571	1.8878	
8.41	0.513	0.8074	2.3269	
8.42	0.7191	0.9721	2.3268	
8.43	0.8286	1.1559	2.3515	
8.44	0.9306	1.112	2.3768	
8.45	0.9364	1.3449	2.3856	
8.46	0.9421	1.4273	1.8676	
8.47	1.0789	1.5119	1.584	
8.48	1.1118	1.8044	1.1452	
8.49	0.9062	1.8026	0.6726	
8.5	0.8935	1.9441	0.4212	
8.51	0.759	2.0758	0.2004	
8.52	0.5758	2.1453	0.1751	
8.53	0.3879	2.151	0.2471	
8.54	0.2324	2.0391	0.4908	
8.55	0.0551	2.1691	0.7969	
8.56	-0.1118	1.956	1.1422	
8.57	-0.2566	2.1323	1.3775	
8.58	-0.3489	2.0106	1.7939	
8.59	-0.4175	2.0974	1.5769	
8.6	-0.493	1.8537	1.5411	
8.61	-0.4696	2.0063	1.456	
8.62	-0.3851	1.9991	1.0056	
8.63	-0.2967	1.8536	0.5802	
8.64	-0.1246	1.5091	0.164	
8.65	0.073	1.486	-0.2465	
8.66	0.3383	1.3225	-0.4987	
8.67	0.5785	1.2435	-0.7023	
8.68	0.8609	1.0291	-0.6864	
8.69	1.2975	1.0498	-0.5278	
8.7	1.4149	0.7479	-0.3054	
8.71	1.8519	0.6777	0.0496	
8.72	2.1535	0.4843	0.3897	
8.73	2.1206	0.2999	0.7017	
8.74	2.5099	0.1541	0.8611	
8.75	2.7187	-0.0146	1.114	
8.76	2.8769	-0.1924	1.0713	
8.77	2.8639	-0.3341	0.8405	
8.78	2.8499	-0.4842	0.4063	
8.79	2.9182	-0.5855	0.0593	
8.8	2.7259	-0.7217	-0.3538	
8.81	2.7321	-0.8916	-0.7076	
8.82	2.613	-1.0728	-0.9533	
8.83	2.0875	-1.0118	-0.9679	
8.84	1.9589	-1.1768	-0.846	
8.85	1.5702	-1.2279	-0.6987	
8.86	1.5516	-1.2513	-0.3455	
8.87	1.1661	-1.3323	0.0674	
8.88	0.9376	-1.5275	0.4427	
8.89	0.8848	-1.3849	0.8662	
8.9	0.6349	-1.4942	1.1384	
8.91	0.6174	-1.5299	1.2199	
8.92	0.5425	-1.4002	1.3066	
8.93	0.5038	-1.4225	1.0381	
8.94	0.4645	-1.1365	0.7226	
8.95	0.4922	-1.1333	0.3813	
8.96	0.5998	-0.9674	0.0781	
8.97	0.6673	-1.0098	-0.1864	
8.98	0.8769	-0.8195	-0.3361	
8.99	0.8879	-0.6791	-0.3982	
9.0	1.0277	-0.5244	-0.2383	
9.01	1.0808	-0.3725	0.047	
9.02	1.2024	-0.1833	0.4054	
9.03	1.2181	-0.032	0.8532	
9.04	1.3516	0.1527	1.4547	
9.05	1.2834	0.2913	1.6998	
9.06	1.174	0.4919	1.8851	
9.07	1.0072	0.7237	1.9985	
9.08	0.9478	0.8707	1.9915	
9.09	0.7377	1.0358	1.7295	
9.1	0.5244	1.2296	1.7404	
9.11	0.331	1.4286	1.281	
9.12	0.1033	1.5767	0.9843	
9.13	-0.1165	1.7666	0.6434	
9.14	-0.3426	1.9481	0.4925	
9.15	-0.4942	2.0511	0.5	
9.16	-0.6108	2.1527	0.6686	
9.17	-0.726	2.2267	0.9426	
9.18	-0.8299	2.4887	1.2337	
9.19	-0.8958	2.3238	1.7263	
9.2	-0.8965	2.3255	2.0678	
9.21	-0.7371	2.5128	2.4081	
9.22	-0.5669	2.5472	2.9515	
9.23	-0.3706	2.4449	3.008	
9.24	-0.1862	2.625	2.8545	
9.25	0.1039	2.7091	2.3904	
9.26	0.3654	2.5451	2.0813	
9.27	0.6965	2.4074	1.6842	
9.28	1.0628	2.247	1.2675	
9.29	1.398	2.347	1.0405	
9.3	1.4542	2.3486	0.8904	
9.31	1.9815	2.0336	0.9103	
9.32	2.2659	2.0461	0.9891	
9.33	2.4332	1.9599	1.2709	
9.34	2.5175	1.8414	1.5326	
9.35	2.286	1.613	1.7946	
9.36	2.4353	1.5843	2.1627	
9.37	2.4146	1.6398	2.4332	
9.38	2.362	1.4592	2.6592	
9.39	2.4405	1.1894	2.4862	
9.4	2.0312	1.0344	2.32	
9.41	2.0882	1.0605	2.3563	
9.42	1.8402	0.7602	1.8385	
9.43	1.5582	0.7073	1.4249	
9.44	1.2654	0.6332	0.9886	
9.45	1.0887	0.5074	0.5488	
9.46	0.9336	0.3808	0.3936	
9.47	0.8565	0.261	0.3406	
9.48	0.6756	0.1828	0.4233	
9.49	0.5798	0.1125	0.7067	
9.5	0.5354	0.0392	0.9382	
9.51	0.5262	-0.0244	1.3712	
9.52	0.5421	-0.0809	1.5933	
9.53	0.6297	-0.1154	1.6199	
9.54	0.7612	-0.1407	1.8284	
9.55	0.8063	-0.167	1.6931	
9.56	1.0024	-0.1866	1.4511	
9.57	0.9564	-0.1659	1.1244	
9.58	1.0917	-0.1842	0.7773	
9.59	1.3488	-0.151	0.2755	
9.6	1.3152	-0.131	-0.1475	
9.61	1.4495	-0.0848	-0.5031	
9.62	1.2788	-0.0422	-0.7221	
9.63	1.1609	0.0106	-0.6405	
9.64	1.1028	0.0694	-0.6431	
9.65	1.0282	0.1178	-0.3125	
9.66	0.7687	0.2081	-0.0263	
9.67	0.6341	0.2579	0.3249	
9.68	0.4137	0.3568	0.6289	
9.69	0.1506	0.4242	0.8381	
9.7	-0.1148	0.475	0.9147	
9.71	-0.4126	0.559	0.8431	
9.72	-0.6366	0.6126	0.5749	
9.73	-0.9185	0.7859	0.2469	
9.74	-1.0981	0.8506	-0.1768	
9.75	-1.1862	0.7747	-0.6236	
9.76	-1.2453	0.8734	-0.9647	
9.77	-1.4087	0.9968	-1.1804	
9.78	-1.3667	0.9499	-1.3422	
9.79	-1.3551	0.983	-1.2148	
9.8	-1.2668	1.0621	-1.0323	
9.81	-0.9783	1.0966	-0.8896	
9.82	-0.8163	1.2013	-0.417	
9.83	-0.6073	1.2123	-0.049	
9.84	-0.3242	1.2579	0.2974	
9.85	-0.026	1.2962	0.5653	
9.86	0.2633	1.1424	0.5941	
9.87	0.5544	1.2726	0.5335	
9.88	0.7821	1.2106	0.422	
9.89	1.0443	1.1147	0.1018	
9.9	1.3087	1.2377	-0.2358	
9.91	1.4012	1.2069	-0.5837	
9.92	1.5329	1.0581	-0.9454	
9.93	1.8684	1.1706	-1.1641	
9.94	1.9524	1.0131	-1.2407	
9.95	1.6979	1.0281	-1.0803	
9.96	1.6731	0.9793	-0.8176	
9.97	1.6602	0.9833	-0.377	
9.98	1.6409	0.9927	0.0517	
9.99	1.3089	1.0635	0.515	
10.0	1.1963	0.953	0.8091	
10.01	0.9569	0.8958	1.0374	
10.02	0.899	0.8958	1.3231	
10.03	0.6267	0.8633	1.2685	
10.04	0.496	0.8865	1.0701	
10.05	0.4465	0.8912	0.7673	
10.06	0.3554	0.8437	0.4402	
10.07	0.2942	0.9083	0.0759	
10.08	0.2948	0.8789	-0.1833	
10.09	0.3034	0.8709	-0.3038	
10.1	0.3754	0.8822	-0.3561	
10.11	0.5084	0.9519	-0.194	
10.12	0.5447	0.9652	0.1108	
10.13	0.6621	0.9459	0.5123	
10.14	0.9151	1.0943	1.0126	
10.15	1.0409	1.0542	1.2821	
10.16	1.0797	1.073	1.8688	
10.17	1.294	1.3089	1.9308	
10.18	1.2918	1.3042	1.9017	
10.19	1.3539	1.2798	2.0626	
10.2	1.2258	1.4383	1.8109	
10.21	1.1219	1.3983	1.3573	
10.22	1.0726	1.5822	0.9985	
10.23	0.8629	1.5714	0.6189	
10.24	0.7392	1.6476	0.3843	
10.25	0.5092	1.5672	0.2324	
10.26	0.1979	1.7001	0.2325	
10.27	-0.0744	1.6518	0.329	
10.28	-0.355	1.7113	0.5562	
10.29	-0.626	1.7188	0.9536	
10.3	-0.8603	1.7084	1.4653	
10.31	-1.3201	1.9935	1.581	
10.32	-1.3499	1.9298	2.058	
10.33	-1.7366	1.8273	2.0581	
10.34	-1.7213	1.8191	1.9391	
10.35	-1.9555	1.9834	1.8874	
10.36	-2.013	1.8219	1.7739	
10.37	-1.9418	1.735	1.3699	
10.38	-1.7961	1.7693	0.7852	
10.39	-1.7937	1.7903	0.4887	
10.4	-1.6004	1.7162	0.1497	
10.41	-1.4115	1.6458	-0.0609	
10.42	-1.0346	1.3653	-0.1085	
10.43	-0.878	1.3851	-0.0168	
10.44	-0.5142	1.3122	0.2128	
10.45	-0.2737	1.1453	0.4751	
10.46	-0.0066	1.1078	0.8202	
10.47	0.2413	0.9715	1.1485	
10.48	0.4405	0.8716	1.2507	
10.49	0.5783	0.6217	1.5721	
10.5	0.7963	0.5638	1.3904	
10.51	0.901	0.4314	1.0822	
10.52	0.88	0.3013	0.757	
10.53	0.9384	0.1918	0.3258	
10.54	0.7726	0.0803	-0.1074	
10.55	0.7027	-0.037	-0.5792	
10.56	0.657	-0.1425	-0.961	
10.57	0.531	-0.255	-1.1697	
10.58	0.4311	-0.3169	-1.1669	
10.59	0.2554	-0.4132	-0.9979	
10.6	0.1237	-0.4661	-0.7493	
10.61	-0.0075	-0.5449	-0.472	
10.62	-0.1078	-0.5742	-0.1877	
10.63	-0.191	-0.6881	0.0987	
10.64	-0.2104	-0.687	0.2663	
10.65	-0.2011	-0.706	0.3863	
10.66	-0.1692	-0.6354	0.2687	
10.67	-0.1212	-0.6307	0.0219	
10.68	-0.0099	-0.6596	-0.3048	
10.69	0.1177	-0.6428	-0.7554	
10.7	0.269	-0.5737	-1.1445	
10.71	0.4451	-0.4691	-1.5668	
10.72	0.6264	-0.4293	-1.84	
10.73	0.6783	-0.2953	-2.1115	
10.74	0.8276	-0.1857	-1.9562	
10.75	1.0512	-0.0902	-1.9594	
10.76	1.0965	0.042	-1.7216	
10.77	1.0806	0.1947	-1.3578	
10.78	1.0418	0.3438	-0.8684	
10.79	1.1352	0.4487	-0.5697	
10.8	0.8844	0.5694	-0.318	
10.81	0.7743	0.7223	-0.2413	
10.82	0.6232	0.9722	-0.2705	
10.83	0.3149	1.0468	-0.4624	
10.84	0.0573	1.2901	-0.7603	
10.85	-0.2265	1.4023	-1.1109	
10.86	-0.5804	1.5856	-1.6585	
10.87	-0.9164	1.7157	-1.8973	
10.88	-1.2025	1.992	-2.2939	
10.89	-1.5483	2.1211	-2.3265	
10.9	-1.7794	2.0561	-1.9132	
10.91	-1.9291	2.2576	-1.7013	
10.92	-1.9493	2.482	-1.5508	
10.93	-2.4638	2.3637	-0.9655	
10.94	-2.4379	2.3147	-0.6833	
10.95	-2.1963	2.3927	-0.2739	
10.96	-2.4837	2.8288	-0.0232	
10.97	-2.3007	2.6463	0.0949	
10.98	-1.9443	2.6535	0.0567	
10.99	-1.812	2.5817	-0.1275	
11.0	-1.5889	2.7066	-0.4379	
11.01	-1.5878	2.7353	-0.7972	
11.02	-1.3652	2.5035	-1.0767	
11.03	-1.0824	2.4709	-1.296	
11.04	-0.8203	2.3927	-1.5399	
11.05	-0.5403	2.266	-1.4941	
11.06	-0.3996	2.2327	-1.4171	
11.07	-0.2079	2.1076	-1.0607	
11.08	-0.0963	2.138	-0.7223	
11.09	-0.0196	1.9781	-0.2074	
11.1	0.0157	1.627	0.2012	
11.11	0.0099	1.5164	0.5932	
11.12	-0.0307	1.3817	0.7897	
11.13	-0.1086	1.3096	0.8599	
11.14	-0.2179	1.1254	0.793	
11.15	-0.3141	0.889	0.6519	
11.16	-0.4712	0.7174	0.385	
11.17	-0.5255	0.6156	0.0119	
11.18	-0.7484	0.4124	-0.3132	
11.19	-0.7332	0.2151	-0.5534	
11.2	-0.7892	0.0334	-0.7611	
11.21	-0.9605	-0.1463	-0.7325	
11.22	-0.9529	-0.33	-0.6338	
11.23	-0.8718	-0.4555	-0.3493	
11.24	-0.707	-0.6077	0.05	
11.25	-0.688	-0.7439	0.4666	
11.26	-0.5467	-0.911	0.9027	
