0.01	0.7721	0.2515	0.3752	0.3508	0.2733	
0.02	-0.814	-0.2877	0.6929	0.6972	0.5537	
0.03	0.8283	0.671	0.9026	0.9723	0.8685	
0.04	0.7253	-0.5602	1.114	1.1332	1.1121	
0.05	-0.5245	0.9593	1.0591	1.3095	1.211	
0.06	1.3704	-0.68	1.0287	1.2217	1.3307	
0.07	0.4171	1.3996	0.8295	1.1929	1.499	
0.08	0.0248	-0.6337	0.4267	1.0404	1.7853	
0.09	1.6787	1.4207	0.1274	0.9329	1.6212	
0.1	0.1432	-0.5007	-0.1841	0.6674	1.683	
0.11	0.6705	1.1585	-0.4101	0.3994	1.6786	
0.12	1.7599	-0.2179	-0.5637	0.1899	1.7883	
0.13	0.0623	1.0872	-0.6543	-0.0194	1.6458	
0.14	1.3053	0.2018	-0.5245	-0.1743	1.5896	
0.15	1.6366	0.843	-0.3391	-0.2326	1.7177	
0.16	0.1957	0.6598	-0.039	-0.1975	1.5006	
0.17	1.861	0.4853	0.3172	-0.1243	1.4046	
0.18	1.2828	1.0308	0.6871	0.0613	1.151	
0.19	0.5853	0.1928	1.1599	0.2961	1.2095	
0.2	2.4751	1.535	1.2985	0.6711	0.9626	
0.21	0.9052	-0.0155	1.6412	0.8733	0.8239	
0.22	1.1036	1.9034	1.6879	1.1751	0.7634	
0.23	2.2126	-0.1006	1.471	1.6296	0.7396	
0.24	0.6036	1.9887	1.291	2.043	0.6618	
0.25	1.6236	-0.0247	1.1134	1.946	0.7225	
0.26	2.0309	1.8151	0.7335	1.9798	0.6765	
0.27	0.4135	0.1753	0.3512	2.4053	0.7888	
0.28	2.0132	1.6633	0.0804	2.1542	0.8497	
0.29	1.6288	0.5568	-0.1333	1.9903	0.8965	
0.3	0.5956	1.4229	-0.209	1.8621	1.024	
0.31	2.4794	0.9488	-0.1677	1.453	1.1172	
0.32	1.0849	1.1867	-0.0029	1.1947	1.3452	
0.33	0.9638	1.4595	0.2785	0.9087	1.676	
0.34	2.1307	0.7474	0.6597	0.7064	1.6709	
0.35	0.5219	1.621	0.9376	0.6381	1.9859	
0.36	1.4093	0.4762	1.2702	0.4729	1.9923	
0.37	2.0786	2.2749	1.7994	0.4582	2.1315	
0.38	0.1906	0.3327	1.8414	0.5633	2.199	
0.39	1.8139	2.4533	2.0539	0.6808	2.4594	
0.4	1.309	0.2661	2.0343	0.8121	2.3679	
0.41	0.1491	2.279	1.7947	1.1195	2.609	
0.42	1.9242	0.4233	1.4941	1.5606	2.5098	
0.43	0.7314	1.9271	1.2932	1.8728	2.6868	
0.44	0.2867	0.6391	0.8167	2.2046	2.4825	
0.45	1.8634	1.9531	0.5848	2.2728	2.3678	
0.46	0.1056	0.9372	0.2762	2.7129	2.0135	
0.47	0.6084	1.6	0.1834	2.6014	1.983	
0.48	1.6552	1.4459	0.149	2.8155	1.669	
0.49	-0.3113	0.9983	0.263	2.286	1.5975	
0.5	0.8997	1.6129	0.5603	2.1261	1.3779	
0.51	1.0024	0.7621	0.8404	2.2443	1.1813	
0.52	-0.5435	2.2643	1.2215	1.6928	0.888	
0.53	1.2053	0.4515	1.7304	1.3983	0.5903	
0.54	0.2856	2.4249	1.8053	1.2438	0.3856	
0.55	-0.4291	0.3417	1.9572	0.9823	0.165	
0.56	1.2095	2.3734	2.2747	0.7462	-0.0339	
0.57	-0.2966	0.3302	2.4512	0.5991	-0.2051	
0.58	-0.0829	2.1289	2.3413	0.5211	-0.3254	
0.59	1.0161	0.4657	1.9424	0.5166	-0.4699	
0.6	-0.71	2.0444	1.6439	0.5925	-0.4876	
0.61	0.3246	0.7131	1.2753	0.9147	-0.5233	
0.62	0.6312	1.6145	0.9856	1.0487	-0.5938	
0.63	-0.8779	1.0375	0.6935	1.3117	-0.5005	
0.64	0.6832	1.1016	0.4454	1.6408	-0.4698	
0.65	0.0835	1.5933	0.3954	1.7763	-0.4123	
0.66	-0.8021	0.8049	0.4326	2.1678	-0.2958	
0.67	0.94	1.64	0.6145	2.3972	-0.1563	
0.68	-0.4362	0.4071	0.8842	2.1909	-0.0308	
0.69	-0.4966	1.8962	1.3909	2.3429	0.1004	
0.7	0.9313	0.1645	1.78	2.2132	0.2478	
0.71	-0.8427	2.2185	2.0383	1.9258	0.389	
0.72	0.0651	0.0784	2.1038	1.6873	0.4899	
0.73	0.7185	2.0508	2.4362	1.4646	0.5827	
0.74	-0.9512	0.1208	2.3013	1.2165	0.6416	
0.75	0.5798	1.7933	2.3824	0.7592	0.6409	
0.76	0.3442	0.2969	2.037	0.5063	0.7695	
0.77	-0.8121	1.55	1.8599	0.3181	0.7219	
0.78	1.0547	0.6196	1.5965	0.1196	0.7063	
0.79	-0.0858	0.9611	1.1473	0.0402	0.5681	
0.8	-0.371	1.0274	0.9252	0.0358	0.5079	
0.81	1.1315	0.5659	0.6272	0.1127	0.36	
0.82	-0.4154	1.1461	0.5418	0.2513	0.2487	
0.83	0.2558	0.1671	0.5393	0.5061	0.0798	
0.84	1.2627	1.5793	0.6462	0.7772	-0.0988	
0.85	-0.4682	-0.1416	0.9554	0.9957	-0.2937	
0.86	0.8841	1.7149	1.1931	1.321	-0.4484	
0.87	0.9409	-0.3267	1.7404	1.3617	-0.5831	
0.88	-0.2977	1.6663	2.0492	1.5009	-0.8539	
0.89	1.6702	-0.3486	2.1637	1.7888	-0.8648	
0.9	0.6096	1.4875	2.3105	1.6961	-1.1024	
0.91	0.1277	-0.2153	2.6438	1.5805	-1.0934	
0.92	2.0296	1.2764	2.7196	1.5461	-1.1538	
0.93	0.3472	0.0184	2.4712	1.0575	-1.2688	
0.94	0.8586	0.7177	2.0304	0.7944	-1.249	
0.95	2.0041	0.3331	1.6003	0.5099	-1.3247	
0.96	0.2546	0.3308	1.3195	0.2221	-1.1811	
0.97	1.4898	0.6881	0.9032	-0.0823	-1.098	
0.98	1.9641	-0.1268	0.7095	-0.3525	-0.8615	
0.99	0.3169	0.8935	0.5931	-0.5435	-0.7695	
1.0	2.0712	-0.5068	0.512	-0.5736	-0.5124	
1.01	1.4558	1.2568	0.6407	-0.5781	-0.352	
1.02	0.696	-0.7381	0.8844	-0.583	-0.1512	
1.03	2.4141	1.1357	1.0876	-0.4095	0.0691	
1.04	1.159	-0.7663	1.494	-0.1729	0.278	
1.05	1.2652	1.0137	1.9606	0.0808	0.4911	
1.06	2.6224	-0.7597	1.9855	0.3688	0.6714	
1.07	0.8886	0.8894	2.2965	0.6251	0.9186	
1.08	1.7727	-0.554	2.3158	0.8561	1.0393	
1.09	2.4856	0.509	2.4584	1.1045	1.1342	
1.1	0.7158	-0.231	2.4509	1.1844	1.1779	
1.11	2.1805	0.1158	2.2315	1.0636	1.1652	
1.12	1.936	0.1254	1.814	1.0575	1.2766	
1.13	1.0418	-0.3241	1.3356	0.9557	1.319	
1.14	2.5228	0.494	1.024	0.7054	1.183	
1.15	1.422	-0.6384	0.6304	0.433	1.0452	
1.16	1.2953	0.6968	0.5377	0.0914	0.9598	
1.17	3.0148	-0.9864	0.3923	-0.2245	0.7534	
1.18	1.0932	0.8025	0.4748	-0.4892	0.6188	
1.19	1.8993	-1.0928	0.6109	-0.7831	0.4781	
1.2	2.7643	0.936	0.8579	-0.8375	0.2996	
1.21	0.6983	-1.0939	1.1823	-0.9485	0.1477	
1.22	2.0522	0.7721	1.4289	-0.9153	-0.0332	
1.23	1.8901	-0.9298	1.6956	-0.8647	-0.1996	
1.24	0.7089	0.4752	2.2175	-0.7791	-0.368	
1.25	2.6102	-0.639	2.1484	-0.4618	-0.4909	
1.26	1.3228	0.1035	2.3528	-0.2286	-0.5551	
1.27	0.8243	-0.2613	2.1899	0.0902	-0.6067	
1.28	2.5533	-0.2989	1.8782	0.3971	-0.6927	
1.29	0.7039	0.1499	1.4899	0.6594	-0.7403	
1.3	1.1084	-0.6712	1.3957	0.8583	-0.6119	
1.31	2.1897	0.4332	0.8385	1.0144	-0.6149	
1.32	0.2188	-1.0208	0.5517	1.073	-0.5915	
1.33	1.3833	0.6713	0.3492	0.9606	-0.4548	
1.34	1.4167	-1.0519	0.1926	0.8681	-0.3232	
1.35	-0.0528	0.8901	0.2042	0.6837	-0.1943	
1.36	1.564	-1.2058	0.3051	0.4266	-0.0669	
1.37	0.8214	0.7824	0.5796	0.1367	0.0715	
1.38	-0.087	-1.0611	0.819	-0.1437	0.2283	
1.39	1.4389	0.6654	1.2661	-0.3768	0.3221	
1.4	0.0351	-0.7737	1.6697	-0.6529	0.4691	
1.41	0.0979	0.3289	1.8665	-0.795	0.5835	
1.42	1.3061	-0.3356	2.059	-0.8861	0.6547	
1.43	-0.5249	-0.0306	1.9725	-0.8541	0.6313	
1.44	0.3471	0.0666	1.9775	-0.7801	0.5793	
1.45	0.7267	-0.4036	1.974	-0.5456	0.6368	
1.46	-0.9006	0.5091	1.6034	-0.2769	0.5171	
1.47	0.5936	-0.7123	1.1737	0.0039	0.4585	
1.48	0.0559	0.8709	0.729	0.3395	0.2858	
1.49	-1.1586	-0.8452	0.4558	0.6634	0.1404	
1.5	0.6993	1.1126	0.1406	0.9741	-0.0371	
1.51	-0.6114	-0.9995	-0.0329	1.1742	-0.2675	
1.52	-0.8353	1.0338	-0.0847	1.2271	-0.438	
1.53	0.5283	-0.8105	-0.0126	1.4715	-0.7201	
1.54	-1.2005	0.9587	0.1716	1.3087	-1.047	
1.55	-0.6164	-0.5967	0.4985	1.3898	-1.093	
1.56	0.1396	0.7343	0.832	1.1034	-1.5623	
1.57	-1.6635	-0.2003	1.1223	0.9365	-1.5908	
1.58	-0.1927	0.4491	1.3578	0.589	-1.9167	
1.59	-0.407	0.2171	1.6084	0.362	-2.2076	
1.6	-1.8174	0.1489	1.8666	0.1151	-2.026	
1.61	0.0427	0.6652	1.6058	-0.0875	-2.1457	
1.62	-0.9784	-0.1369	1.4393	-0.215	-2.2411	
1.63	-1.499	1.0659	1.3507	-0.2806	-2.5227	
1.64	0.1114	-0.3472	0.9086	-0.2629	-2.2722	
1.65	-1.569	1.436	0.5676	-0.1756	-2.2265	
1.66	-0.9651	-0.4979	0.2526	-0.0011	-2.3101	
1.67	-0.061	1.6929	-0.061	0.2415	-2.4269	
1.68	-1.7059	-0.4294	-0.3019	0.5584	-2.183	
1.69	-0.5338	1.4683	-0.4133	0.807	-1.9026	
1.7	-0.3945	-0.1967	-0.3624	1.185	-1.924	
1.71	-1.8218	1.2833	-0.1927	1.4471	-1.6982	
1.72	-0.0864	0.1536	0.063	1.8521	-1.4565	
1.73	-0.9505	1.2431	0.423	1.7105	-1.474	
1.74	-1.5724	0.5537	0.7358	1.9728	-1.2865	
1.75	0.199	0.8996	1.1048	2.1044	-1.1463	
1.76	-1.2049	1.0623	1.3204	2.0941	-0.8972	
1.77	-1.1337	0.567	1.5401	1.7256	-0.8186	
1.78	0.2207	1.6054	1.5281	1.5006	-0.8173	
1.79	-1.4034	0.3075	1.2923	1.3083	-0.7934	
1.8	-0.3949	1.8956	1.1964	0.9176	-0.69	
1.81	0.032	0.1308	0.78	0.6707	-0.8155	
1.82	-1.5704	2.1955	0.4167	0.5117	-0.7979	
1.83	0.1883	0.1376	0.094	0.3365	-0.8522	
1.84	-0.3028	2.3445	-0.2516	0.2359	-0.9683	
1.85	-1.3095	0.2692	-0.4602	0.2309	-0.9683	
1.86	0.5609	1.9636	-0.6678	0.3513	-1.1924	
1.87	-0.639	0.5041	-0.7033	0.4959	-1.222	
1.88	-0.7104	2.0258	-0.5781	0.736	-1.5157	
1.89	0.8102	0.8962	-0.3211	1.0994	-1.5982	
1.9	-1.0027	1.4869	0.0075	1.3075	-1.7055	
1.91	-0.0551	1.3925	0.3711	1.5096	-1.7681	
1.92	0.6537	1.3005	0.6901	1.8612	-1.8843	
1.93	-0.9066	1.9636	0.9606	2.1078	-1.8269	
1.94	0.6304	1.0272	1.181	2.3483	-1.8824	
1.95	0.3988	2.4508	1.1728	2.1842	-1.9566	
1.96	-0.7382	0.6932	1.106	2.3434	-2.0357	
1.97	1.1431	2.4424	0.9075	2.3284	-2.0007	
1.98	-0.0408	0.6671	0.7406	2.0067	-1.7923	
1.99	-0.3469	2.8703	0.3307	1.7124	-1.6578	
2.0	1.3488	0.7421	-0.009	1.6892	-1.3037	
2.01	-0.4365	2.7453	-0.3499	1.1865	-1.2312	
2.02	0.1837	0.9082	-0.6596	1.0405	-1.0425	
2.03	1.2025	2.3771	-0.8719	0.751	-0.7603	
2.04	-0.5762	1.289	-0.8048	0.5219	-0.4892	
2.05	0.792	2.3151	-0.7664	0.3884	-0.2014	
2.06	0.8176	1.4705	-0.5956	0.3259	0.077	
2.07	-0.5918	1.8058	-0.2976	0.3926	0.3209	
2.08	1.0341	2.0851	0.0403	0.5179	0.6549	
2.09	0.2446	1.4563	0.3648	0.7103	0.7695	
2.1	-0.3678	2.5995	0.6622	0.8985	1.1092	
2.11	1.409	1.2283	0.926	1.1548	1.3643	
2.12	-0.2728	2.793	1.1186	1.5145	1.5141	
2.13	-0.0098	1.037	1.0694	1.6627	1.5677	
2.14	1.2075	2.7416	0.8832	1.9672	1.5771	
2.15	-0.6425	0.8711	0.6774	2.2971	1.7132	
2.16	0.4106	2.9703	0.3473	2.2604	1.5781	
2.17	0.6989	0.9896	-0.0229	2.0918	1.7043	
2.18	-0.8641	2.9034	-0.403	1.8776	1.8218	
2.19	0.705	1.2797	-0.6407	1.9294	1.7408	
2.2	0.0766	2.7452	-0.8256	1.5205	1.5407	
2.21	-0.9353	1.7875	-0.9763	1.3101	1.4501	
2.22	0.8804	2.2424	-0.988	0.9115	1.3213	
2.23	-0.5612	1.8232	-0.7293	0.5798	1.1355	
2.24	-0.739	1.8099	-0.5247	0.3137	1.1587	
2.25	0.6492	2.2057	-0.175	0.087	0.9611	
2.26	-1.255	1.5456	0.1827	-0.0691	0.8032	
2.27	-0.395	2.8825	0.5088	-0.1579	0.7191	
2.28	0.1727	1.0491	0.8427	-0.1527	0.671	
2.29	-1.4886	2.8002	0.9153	-0.0639	0.6732	
2.3	-0.0926	0.9696	0.9554	0.0977	0.6862	
2.31	-0.45	2.7574	0.922	0.2919	0.5978	
2.32	-1.5559	0.9551	0.6483	0.5066	0.6614	
2.33	0.0184	2.808	0.4306	0.7798	0.8298	
2.34	-1.2836	1.0366	0.0614	0.9511	0.899	
2.35	-1.4676	2.6685	-0.3134	1.2612	1.0821	
2.36	-0.1101	1.2897	-0.6186	1.3987	1.1429	
2.37	-2.0448	2.221	-0.8142	1.3522	1.4166	
2.38	-1.2292	1.8301	-1.0631	1.3265	1.5196	
2.39	-0.4864	1.8641	-0.9125	1.2194	1.7615	
2.4	-2.5162	2.1326	-0.8609	0.9456	1.9564	
2.41	-1.0354	1.4878	-0.5539	0.7307	2.1679	
2.42	-1.1898	2.1342	-0.2884	0.4499	1.9923	
2.43	-2.7282	0.9354	0.0776	0.0719	2.1864	
2.44	-0.8287	2.7161	0.4678	-0.2715	2.1827	
2.45	-1.74	0.6976	0.6741	-0.5708	2.5321	
2.46	-2.4562	2.5133	0.8974	-0.8305	2.336	
2.47	-0.8595	0.6135	1.1093	-0.9649	2.6355	
2.48	-2.3662	2.6777	1.0325	-1.0257	2.4217	
2.49	-2.0434	0.6757	0.7638	-1.0854	2.3305	
2.5	-0.9725	2.4467	0.558	-1.0747	2.2709	
2.51	-2.8439	0.7779	0.2787	-0.8987	2.192	
2.52	-1.7325	1.9232	-0.0966	-0.7043	2.0144	
2.53	-1.4806	1.1685	-0.469	-0.4656	1.9953	
2.54	-3.156	1.4168	-0.6575	-0.2769	1.6264	
2.55	-1.3537	1.5014	-0.889	-0.0224	1.3251	
2.56	-1.9745	1.007	-0.9689	0.1677	1.2636	
2.57	-3.0764	1.6985	-0.8248	0.2846	1.0464	
2.58	-0.9516	0.684	-0.6139	0.3278	0.7686	
2.59	-2.2261	1.8444	-0.283	0.3143	0.4903	
2.6	-2.5813	0.3492	0.0689	0.1957	0.2696	
2.61	-0.9719	2.2796	0.4571	-0.0041	0.0883	
2.62	-2.709	0.1677	0.7907	-0.264	-0.0832	
2.63	-1.6424	2.2008	1.0319	-0.557	-0.2193	
2.64	-1.21	0.096	1.2823	-0.9097	-0.3131	
2.65	-2.5725	1.899	1.0734	-1.388	-0.4596	
2.66	-1.0823	0.1958	1.0263	-1.6775	-0.4208	
2.67	-1.5389	1.7623	0.868	-1.7713	-0.4698	
2.68	-2.7412	0.3898	0.5258	-2.1235	-0.4127	
2.69	-0.6654	1.1314	0.1839	-1.9983	-0.3919	
2.7	-1.7317	0.7252	-0.1353	-2.1357	-0.3401	
2.71	-2.0552	0.7413	-0.423	-2.253	-0.2241	
2.72	-0.5019	1.105	-0.6719	-2.0545	-0.109	
2.73	-2.2517	0.2903	-0.6475	-1.8411	0.0169	
2.74	-1.2762	1.3287	-0.6588	-1.429	0.1473	
2.75	-0.5194	-0.096	-0.478	-1.3107	0.2671	
2.76	-2.313	1.3665	-0.1972	-1.0183	0.3895	
2.77	-0.629	-0.3992	0.1563	-0.7917	0.4797	
2.78	-0.6189	1.6126	0.4954	-0.5466	0.5737	
2.79	-2.0475	-0.4765	0.819	-0.4834	0.7526	
2.8	-0.0456	1.3471	1.1753	-0.4937	0.7082	
2.81	-0.9103	-0.4606	1.3775	-0.5764	0.7034	
2.82	-1.3888	1.2603	1.2985	-0.7852	0.7053	
2.83	0.3001	-0.2831	1.3937	-1.0164	0.6714	
2.84	-1.3267	0.778	1.0994	-1.2489	0.6377	
2.85	-0.7418	0.0001	0.9083	-1.6752	0.5975	
2.86	0.4122	0.376	0.5149	-1.8065	0.3999	
2.87	-1.2855	0.3329	0.2409	-2.3576	0.3259	
2.88	0.0199	-0.0675	-0.0879	-2.4661	0.1369	
2.89	0.2522	0.6429	-0.3046	-2.7568	-0.0444	
2.9	-1.0718	-0.4906	-0.4742	-2.4647	-0.221	
2.91	0.6341	0.8061	-0.4156	-2.6401	-0.4124	
2.92	-0.0449	-0.7155	-0.2725	-2.8134	-0.5919	
2.93	-0.7343	1.1218	-0.0367	-2.3092	-0.7303	
2.94	1.0095	-0.944	0.2894	-2.0455	-0.8348	
2.95	-0.4139	1.0727	0.6438	-1.7817	-1.0352	
2.96	-0.1891	-1.0393	1.1184	-1.5539	-1.1472	
2.97	1.0783	0.8789	1.2212	-1.3084	-1.2116	
2.98	-0.6462	-0.8458	1.4719	-1.0131	-1.1925	
2.99	0.4325	0.5521	1.5453	-0.8686	-1.1526	
3.0	0.873	-0.5773	1.7025	-0.7581	-1.2872	
3.01	-0.711	0.1795	1.4622	-0.7893	-1.2518	
3.02	0.9827	-0.2397	1.2058	-0.7109	-1.0651	
3.03	0.585	-0.2329	0.9116	-0.9868	-1.0121	
3.04	-0.4423	0.1387	0.6141	-1.2046	-0.7558	
3.05	1.2055	-0.6071	0.3192	-1.4472	-0.6136	
3.06	0.05	0.4518	0.0435	-1.6951	-0.4302	
3.07	-0.0948	-0.9582	-0.1052	-2.0466	-0.1996	
3.08	1.4354	0.746	-0.155	-2.3173	0.0059	
3.09	-0.3426	-1.2768	-0.0601	-2.2333	0.2384	
3.1	0.4321	0.7864	0.1431	-2.4922	0.3963	
3.11	1.0555	-1.2346	0.436	-2.6524	0.5709	
3.12	-0.6924	0.7194	0.8545	-2.6136	0.8118	
3.13	0.7903	-1.1082	1.3238	-2.6382	0.8863	
3.14	0.5922	0.497	1.6374	-2.1222	1.051	
3.15	-0.641	-0.9556	1.7265	-2.0455	1.044	
3.16	1.191	0.1996	1.8477	-1.5886	1.1197	
3.17	0.0137	-0.5528	2.1236	-1.2802	1.1523	
3.18	-0.4156	-0.1795	1.9119	-1.0164	1.1113	
3.19	1.1025	-0.1423	1.5126	-0.8579	1.1658	
3.2	-0.5607	-0.5119	1.2854	-0.5521	1.1005	
3.21	-0.118	0.2419	1.0104	-0.393	0.9398	
3.22	0.8508	-0.841	0.7115	-0.3695	0.8029	
3.23	-1.0127	0.5169	0.4285	-0.3374	0.6269	
3.24	0.2928	-1.1858	0.2144	-0.4035	0.5448	
3.25	0.3176	0.7461	0.134	-0.6577	0.3437	
3.26	-1.1065	-1.0992	0.1718	-0.8166	0.1675	
3.27	0.585	0.8205	0.3362	-1.1301	0.0077	
3.28	-0.3122	-1.0433	0.5929	-1.3863	-0.1675	
3.29	-1.0278	0.6696	0.8862	-1.4948	-0.2961	
3.3	0.5737	-0.9402	1.3751	-1.9416	-0.4554	
3.31	-0.9344	0.5096	1.6781	-2.0283	-0.4904	
3.32	-0.7179	-0.5991	1.8383	-2.0054	-0.6017	
3.33	0.3684	0.1526	2.0714	-1.7762	-0.6493	
3.34	-1.5003	-0.1489	2.2073	-1.6844	-0.6476	
3.35	-0.4327	-0.1784	2.2613	-1.5909	-0.6508	
3.36	-0.035	0.267	2.0124	-1.3526	-0.6282	
3.37	-1.7762	-0.4863	1.7284	-1.1906	-0.4739	
3.38	-0.037	0.7322	1.4742	-0.8083	-0.394	
3.39	-0.6046	-0.7571	1.1374	-0.3975	-0.3077	
3.4	-1.5724	0.9741	0.7462	-0.1363	-0.1588	
3.41	0.1768	-0.8286	0.4704	0.1097	-0.0293	
3.42	-1.2269	1.0755	0.4038	0.2767	0.115	
3.43	-1.3646	-0.9187	0.3415	0.3526	0.2631	
3.44	0.1525	1.0501	0.46	0.3638	0.4131	
3.45	-1.6232	-0.6987	0.7898	0.2652	0.4925	
3.46	-0.7618	0.912	1.0186	0.1186	0.5552	
3.47	-0.1018	-0.3851	1.3074	-0.0926	0.6343	
3.48	-1.8155	0.6661	1.6435	-0.374	0.7675	
3.49	-0.2648	0.0365	2.1456	-0.6305	0.7078	
3.5	-0.4694	0.3937	2.0915	-0.8594	0.7019	
3.51	-1.6521	0.5232	2.5257	-1.1341	0.6178	
3.52	0.1187	0.0312	2.631	-1.2974	0.5453	
3.53	-0.8851	0.8814	2.3907	-1.3765	0.4173	
3.54	-1.253	-0.247	2.1999	-1.1701	0.277	
3.55	0.3613	1.2339	1.6251	-1.1986	0.0885	
3.56	-1.4065	-0.4181	1.2083	-0.9935	-0.1123	
3.57	-0.7139	1.4626	1.0234	-0.7529	-0.3522	
3.58	0.2746	-0.4673	0.7096	-0.481	-0.6247	
3.59	-1.4534	1.4853	0.5416	-0.1611	-0.8788	
3.6	-0.0135	-0.3488	0.4753	0.1504	-1.0169	
3.61	0.0842	1.3606	0.5223	0.469	-1.3048	
3.62	-1.1452	-0.0857	0.8077	0.7466	-1.5014	
3.63	0.5577	1.2897	1.1586	0.7791	-1.6821	
3.64	-0.2472	0.2685	1.3929	0.9653	-1.9187	
3.65	-0.8276	0.9403	1.7179	0.9942	-1.9247	
3.66	0.9916	0.7136	2.2766	0.829	-2.1273	
3.67	-0.5272	0.6067	2.1467	0.6233	-2.3998	
3.68	-0.1385	1.2473	2.4058	0.4231	-2.3124	
3.69	1.2014	0.3095	2.4114	0.1553	-2.538	
3.7	-0.6467	1.6023	2.6063	-0.1105	-2.1707	
3.71	0.6102	0.0804	2.2462	-0.3622	-2.402	
3.72	1.0802	1.9249	1.9997	-0.6899	-2.3212	
3.73	-0.4097	-0.0348	1.5271	-0.8299	-2.3073	
3.74	1.441	2.0784	1.1148	-0.9693	-1.9145	
3.75	0.7761	0.0015	0.7854	-0.8485	-1.9142	
3.76	-0.0273	2.061	0.5924	-0.9295	-1.6864	
3.77	1.8675	0.1974	0.4874	-0.7383	-1.4138	
3.78	0.5537	1.7368	0.506	-0.5581	-1.3346	
3.79	0.6108	0.5395	0.6768	-0.247	-1.3534	
3.8	2.1914	1.6321	0.8749	0.0341	-1.1995	
3.81	0.343	0.8401	1.298	0.3516	-0.9478	
3.82	1.2813	1.0548	1.7585	0.6458	-0.8138	
3.83	1.8447	1.3584	2.1578	0.7756	-0.7864	
3.84	0.3659	0.772	2.2231	1.0021	-0.8211	
3.85	1.9543	1.8394	2.5875	1.0279	-0.7168	
3.86	1.8933	0.4656	2.4145	1.1117	-0.7182	
3.87	0.646	2.0751	2.2909	0.9547	-0.7604	
3.88	2.659	0.2766	2.1733	0.7667	-0.8873	
3.89	1.2986	2.1504	1.7262	0.4237	-0.9987	
3.9	1.1888	0.2118	1.4611	0.177	-1.1002	
3.91	2.6575	2.3546	1.1033	-0.1341	-1.3237	
3.92	0.969	0.3148	0.8769	-0.4106	-1.2167	
3.93	1.6926	1.8748	0.586	-0.7014	-1.5201	
3.94	2.5594	0.4795	0.4549	-0.8853	-1.7167	
3.95	0.7916	1.6182	0.3989	-1.0163	-1.6252	
3.96	2.2171	0.8659	0.4609	-1.1887	-1.8562	
3.97	2.3061	1.3468	0.707	-1.0256	-1.9909	
3.98	0.9903	1.1218	1.0877	-0.8882	-2.1157	
3.99	2.7259	1.1196	1.4713	-0.7481	-1.876	
4.0	1.9159	1.4795	1.6747	-0.5025	-2.027	
4.01	1.1574	0.6101	1.8562	-0.2976	-1.8765	
4.02	2.592	1.8006	2.1111	-0.0116	-2.159	
4.03	1.2209	0.3767	2.0782	0.2475	-2.0593	
4.04	1.4516	2.3176	2.3429	0.4264	-1.7472	
4.05	2.5292	0.1838	2.1307	0.6309	-1.7126	
4.06	0.7639	2.0217	1.8487	0.7006	-1.297	
4.07	2.0136	0.1849	1.4309	0.589	-1.1147	
4.08	2.2054	2.0738	1.0261	0.5241	-0.8534	
4.09	0.658	0.2884	0.7836	0.3259	-0.6403	
4.1	2.114	1.8077	0.4272	0.0528	-0.3689	
4.11	1.6853	0.5895	0.2422	-0.2394	-0.0954	
4.12	0.7545	1.4826	0.173	-0.616	0.1528	
4.13	2.4125	0.8849	0.212	-0.9295	0.3861	
4.14	0.8342	0.9803	0.3882	-1.217	0.7379	
4.15	0.9876	1.2019	0.6276	-1.2656	0.9364	
4.16	2.3456	0.5483	0.9625	-1.6721	1.1925	
4.17	0.3559	1.6754	1.2355	-1.7303	1.286	
4.18	1.18	0.197	1.5261	-1.5437	1.3378	
4.19	1.728	1.8773	1.904	-1.5587	1.3937	
4.2	0.0076	-0.0478	1.8494	-1.3234	1.6826	
4.21	1.6296	1.6526	1.836	-1.2025	1.5445	
4.22	1.1634	-0.1822	1.888	-0.8738	1.6696	
4.23	-0.0787	1.7707	1.5751	-0.5483	1.5249	
4.24	1.6442	-0.1708	1.1891	-0.3582	1.4105	
4.25	0.3309	1.6696	0.9407	-0.119	1.3351	
4.26	0.0876	0.0029	0.4931	0.0205	1.2681	
4.27	1.5503	1.1689	0.2015	0.0843	1.1421	
4.28	-0.2737	0.2668	-0.038	0.0841	1.0972	
4.29	0.4349	0.683	-0.166	-0.0242	0.965	
4.3	1.2015	0.5672	-0.1647	-0.201	0.7975	
4.31	-0.715	0.3068	-0.0411	-0.469	0.784	
4.32	0.7001	0.9582	0.2051	-0.7183	0.68	
4.33	0.601	-0.1304	0.4932	-1.1374	0.6371	
4.34	-0.7463	1.0606	0.747	-1.379	0.5463	
4.35	1.084	-0.4709	1.203	-1.672	0.5301	
4.36	-0.0585	1.3367	1.538	-1.7674	0.5534	
4.37	-0.5402	-0.7554	1.5539	-1.9838	0.6029	
4.38	0.9814	1.3388	1.5077	-2.1619	0.7882	
4.39	-0.6621	-0.7176	1.6435	-1.9145	0.9064	
4.4	-0.2114	1.0477	1.3833	-1.8245	1.0339	
4.41	0.7767	-0.7196	1.0045	-1.6935	1.1489	
4.42	-1.0353	0.6933	0.6626	-1.6292	1.4013	
4.43	0.2789	-0.5244	0.2568	-1.3131	1.3147	
4.44	0.4479	0.3041	-0.1081	-1.0234	1.6976	
4.45	-0.9569	-0.2039	-0.4262	-0.6687	1.6807	
4.46	0.6847	-0.1506	-0.5937	-0.5064	2.1056	
4.47	-0.0535	0.1011	-0.5617	-0.2737	2.0281	
4.48	-0.8293	-0.5934	-0.4908	-0.2066	2.4044	
4.49	1.0205	0.3983	-0.3131	-0.186	2.1857	
4.5	-0.5046	-0.9586	-0.0614	-0.2323	2.3802	
4.51	-0.3661	0.5763	0.2458	-0.4249	2.6659	
4.52	0.8893	-1.2129	0.5541	-0.6562	2.5452	
4.53	-0.8605	0.5917	0.8121	-0.7824	2.4647	
4.54	0.2903	-1.4972	1.1167	-1.0401	2.3336	
4.55	0.8077	0.47	1.1485	-1.4898	2.4103	
4.56	-0.9074	-1.5503	1.1425	-1.5569	2.1031	
4.57	0.8736	0.2555	0.9925	-2.066	2.3399	
4.58	0.4252	-1.1807	0.603	-1.9166	2.1051	
4.59	-0.5099	-0.1347	0.3122	-2.2473	1.95	
4.6	1.3746	-1.0019	-0.076	-2.076	1.5083	
4.61	0.0473	-0.574	-0.4821	-2.0528	1.4243	
4.62	-0.0384	-0.69	-0.7969	-1.9065	1.1527	
4.63	1.4439	-0.9778	-1.0428	-1.3503	0.9175	
4.64	-0.2033	-0.3701	-1.1488	-1.1341	0.6196	
4.65	0.6541	-1.3234	-1.1255	-0.8265	0.4141	
4.66	1.3257	-0.1376	-0.8104	-0.5717	0.1967	
4.67	-0.2439	-1.6908	-0.6586	-0.2553	0.0317	
4.68	1.2537	-0.0094	-0.297	-0.05	-0.13	
4.69	1.0493	-2.0717	0.0175	0.0932	-0.2328	
4.7	-0.0593	-0.0217	0.3031	0.1502	-0.3009	
4.71	1.6609	-2.0178	0.5974	0.1188	-0.3951	
4.72	0.777	-0.1666	0.6674	0.0105	-0.3966	
4.73	0.3705	-1.7972	0.7094	-0.1509	-0.3988	
4.74	2.2231	-0.5049	0.5571	-0.395	-0.3225	
4.75	0.4232	-1.7602	0.2938	-0.6151	-0.2554	
4.76	0.9898	-0.8086	-0.0397	-0.8348	-0.1775	
4.77	2.2409	-1.2254	-0.4568	-1.1521	-0.0644	
4.78	0.2572	-1.195	-0.8012	-1.3227	0.0598	
4.79	1.6394	-0.9989	-1.0985	-1.4407	0.1843	
4.8	1.6706	-1.6449	-1.2604	-1.4626	0.3355	
4.81	0.3663	-0.7439	-1.6426	-1.362	0.4472	
4.82	2.1444	-2.1485	-1.6375	-1.2034	0.5896	
4.83	1.3241	-0.4689	-1.3884	-0.9772	0.6763	
4.84	0.6773	-2.2197	-1.2347	-0.7584	0.7552	
4.85	2.3367	-0.381	-0.801	-0.4396	0.8196	
4.86	0.8794	-2.5202	-0.6064	-0.1457	0.8628	
4.87	1.1283	-0.4094	-0.2415	0.1969	0.8486	
4.88	2.2668	-2.1713	0.0325	0.4988	0.82	
4.89	0.5212	-0.6499	0.2141	0.799	0.7175	
4.9	1.4422	-2.1338	0.2438	0.9046	0.6341	
4.91	2.0443	-0.8557	0.1528	0.9696	0.5486	
4.92	0.2857	-1.7141	-0.0442	1.0599	0.334	
4.93	1.9612	-1.3679	-0.3184	0.9132	0.1872	
4.94	1.3966	-1.4343	-0.6936	0.7776	0.0144	
4.95	0.3494	-1.8875	-1.0195	0.5634	-0.1849	
4.96	2.1774	-1.0423	-1.4398	0.3055	-0.3471	
4.97	0.7983	-1.9629	-1.7124	0.0665	-0.5137	
4.98	0.578	-0.7221	-1.851	-0.1608	-0.6697	
4.99	2.0306	-2.472	-1.8501	-0.3389	-0.895	
5.0	0.166	-0.4381	-1.8461	-0.4623	-1.043	
5.01	1.0169	-2.244	-1.8085	-0.5399	-1.0285	
5.02	1.696	-0.4373	-1.3372	-0.4755	-1.2939	
5.03	-0.2279	-2.2064	-1.1133	-0.2811	-1.3508	
5.04	1.2706	-0.5599	-0.7548	-0.098	-1.2971	
5.05	0.8584	-2.0107	-0.4552	0.1796	-1.135	
5.06	-0.3744	-0.8207	-0.2095	0.4931	-1.2953	
5.07	1.498	-1.9275	-0.1229	0.8061	-1.0117	
5.08	0.1603	-1.1049	-0.1691	1.3092	-0.9104	
5.09	-0.2757	-1.5111	-0.3594	1.3915	-0.8569	
5.1	1.3043	-1.2986	-0.6005	1.7852	-0.6684	
5.11	-0.5176	-0.994	-0.97	1.9936	-0.4798	
5.12	-0.0512	-1.8896	-1.2635	1.8525	-0.2635	
5.13	0.7523	-0.6911	-1.6944	1.9644	-0.0595	
5.14	-1.0504	-2.1931	-1.9524	2.0358	0.1535	
5.15	0.2238	-0.3545	-2.2864	1.883	0.3308	
5.16	0.1464	-2.3078	-2.3639	1.5785	0.5716	
5.17	-1.3111	-0.1956	-2.3977	1.4055	0.7689	
5.18	0.3928	-2.0434	-1.9107	1.098	0.9294	
5.19	-0.674	-0.2016	-1.7449	0.7774	0.9409	
5.2	-1.2127	-1.8495	-1.4395	0.7039	1.1089	
5.21	0.3279	-0.3697	-1.0675	0.4681	1.0551	
5.22	-1.2379	-1.7748	-0.8314	0.4102	1.1549	
5.23	-1.1172	-0.5683	-0.552	0.4344	1.172	
5.24	-0.0069	-1.2538	-0.4453	0.6296	1.1859	
5.25	-1.7872	-0.9484	-0.3965	0.8027	0.997	
5.26	-0.7313	-0.9068	-0.4983	1.0188	0.8925	
5.27	-0.5003	-1.1302	-0.7586	1.2736	0.801	
5.28	-2.2079	-0.4177	-1.0821	1.5031	0.72	
5.29	-0.5576	-1.5659	-1.3908	2.1345	0.5197	
5.3	-1.1588	-0.0645	-1.643	2.0928	0.3974	
5.31	-2.0416	-1.7607	-2.2441	2.4906	0.2231	
5.32	-0.4105	0.1762	-2.481	2.7995	0.0454	
5.33	-1.8892	-1.8226	-2.6104	2.7372	-0.1218	
5.34	-1.8065	0.2635	-2.4186	2.7168	-0.2433	
5.35	-0.5021	-1.6631	-2.4238	2.5563	-0.3537	
5.36	-2.1194	0.191	-2.251	2.254	-0.5255	
5.37	-1.3583	-1.324	-1.7526	2.1204	-0.5479	
5.38	-0.8768	-0.0105	-1.4352	2.1339	-0.5679	
5.39	-2.6249	-0.9266	-1.1849	1.6994	-0.5759	
5.4	-0.913	-0.283	-0.8569	1.5236	-0.5491	
5.41	-1.2345	-0.5819	-0.646	1.0817	-0.5848	
5.42	-2.315	-0.6484	-0.5077	0.8869	-0.446	
5.43	-0.6055	-0.1326	-0.6306	0.9124	-0.4314	
5.44	-1.5997	-0.876	-0.7743	0.8426	-0.2894	
5.45	-1.8517	0.259	-1.059	0.8412	-0.1421	
5.46	-0.4914	-1.144	-1.5457	1.0863	-0.0018	
5.47	-1.9429	0.539	-1.7316	1.1763	0.1418	
5.48	-1.5229	-1.4171	-1.978	1.5813	0.2848	
5.49	-0.5965	0.7233	-2.6034	1.8109	0.4531	
5.5	-2.1606	-1.158	-2.5525	2.1255	0.573	
5.51	-0.7672	0.7489	-2.5559	2.1788	0.6936	
5.52	-0.7687	-1.0722	-2.2826	2.4977	0.7333	
5.53	-2.2737	0.5737	-2.409	2.515	0.7899	
5.54	-0.3052	-0.8094	-1.9586	2.8958	0.7412	
5.55	-1.199	0.2658	-1.5558	2.9078	0.7906	
5.56	-1.7793	-0.339	-1.306	2.4287	0.7818	
5.57	0.0127	-0.0592	-0.8528	2.4752	0.7173	
5.58	-1.4525	0.0636	-0.6712	2.3102	0.5836	
5.59	-1.1166	-0.4027	-0.5987	1.7666	0.4177	
5.6	0.0669	0.4791	-0.5281	1.4907	0.204	
5.61	-1.7168	-0.7466	-0.7721	1.2191	0.0093	
5.62	-0.3742	0.8492	-0.9198	1.1035	-0.2277	
5.63	-0.1209	-0.944	-1.2133	0.814	-0.4697	
5.64	-1.7141	0.9919	-1.6279	0.6227	-0.766	
5.65	0.18	-1.0607	-2.0321	0.6387	-0.8815	
5.66	-0.4569	1.1178	-2.1824	0.6242	-1.164	
5.67	-1.1059	-0.9011	-2.3122	0.7213	-1.4697	
5.68	0.6196	0.9848	-2.6559	0.9465	-1.5581	
5.69	-0.8813	-0.6593	-2.6285	1.229	-1.9136	
5.7	-0.7252	0.6161	-2.2341	1.3359	-2.1392	
5.71	0.6407	-0.297	-1.9953	1.7341	-2.1877	
5.72	-0.9775	0.348	-1.5928	1.9065	-2.0383	
5.73	-0.0236	0.0777	-1.2417	2.0416	-2.1113	
5.74	0.5424	-0.0505	-1.0141	2.1204	-2.2924	
5.75	-1.0643	0.4989	-0.7337	2.4975	-2.28	
5.76	0.5136	-0.4552	-0.5511	2.1253	-2.2728	
5.77	0.1694	0.8452	-0.4231	2.2199	-2.2736	
5.78	-0.8807	-0.644	-0.5851	1.9579	-2.02	
5.79	0.8489	0.9524	-0.781	1.6934	-1.9611	
5.8	-0.3113	-0.815	-1.0391	1.3955	-1.7814	
5.81	-0.5423	1.1708	-1.4151	0.9183	-1.8537	
5.82	1.0113	-0.928	-1.5904	0.6672	-1.4165	
5.83	-0.7538	1.1197	-2.224	0.3651	-1.4591	
5.84	-0.0032	-0.7186	-2.4425	0.128	-1.356	
5.85	0.7777	0.8458	-2.4822	-0.0314	-1.2434	
5.86	-0.9105	-0.5155	-2.5715	-0.1028	-1.104	
5.87	0.481	0.4948	-2.2432	-0.1132	-0.9183	
5.88	0.3373	-0.1412	-2.0203	-0.0126	-0.8728	
5.89	-1.0219	0.058	-1.625	0.141	-0.7462	
5.9	0.8292	0.205	-1.2764	0.3646	-0.7177	
5.91	-0.2741	-0.3521	-0.8464	0.5847	-0.7976	
5.92	-0.792	0.5227	-0.6072	0.9648	-0.8355	
5.93	0.7462	-0.6975	-0.3228	1.0422	-0.9379	
5.94	-0.946	0.7254	-0.2507	1.3715	-0.9395	
5.95	-0.4628	-1.0537	-0.2608	1.4962	-1.0773	
5.96	0.4859	0.8809	-0.4896	1.5502	-1.1573	
5.97	-1.2453	-1.1353	-0.7284	1.4771	-1.3382	
5.98	-0.1011	0.825	-1.0188	1.2333	-1.6334	
5.99	0.0125	-1.0755	-1.2948	1.1935	-1.7756	
6.0	-1.5227	0.7234	-1.606	0.9494	-1.6422	
6.01	0.148	-0.8394	-1.9835	0.6049	-1.9027	
6.02	-0.7159	0.336	-2.1539	0.2489	-2.1017	
6.03	-1.3837	-0.6522	-2.1646	-0.0674	-2.316	
6.04	0.2075	-0.0791	-1.8083	-0.3262	-2.335	
6.05	-1.4434	-0.3312	-1.858	-0.6485	-2.1755	
6.06	-1.3487	-0.5813	-1.575	-0.8046	-2.0655	
6.07	-0.0389	0.0153	-1.0748	-0.8186	-2.2863	
6.08	-1.8742	-0.9431	-0.7259	-0.8659	-2.1034	
6.09	-0.8654	0.2757	-0.4213	-0.7756	-2.0661	
6.1	-0.5118	-1.3388	-0.1375	-0.6007	-1.896	
6.11	-2.2541	0.4113	0.0002	-0.3237	-1.5938	
6.12	-0.6231	-1.5415	0.0117	-0.0722	-1.284	
6.13	-1.2761	0.4207	-0.1118	0.2033	-1.0768	
6.14	-2.2468	-1.4237	-0.3001	0.4859	-0.8161	
6.15	-0.5095	0.2862	-0.5862	0.7099	-0.5198	
6.16	-1.9474	-1.5531	-0.9364	0.7774	-0.3091	
6.17	-2.0271	-0.0044	-1.2411	0.9305	-0.0219	
6.18	-0.6344	-1.2638	-1.5822	0.993	0.2201	
6.19	-2.5935	-0.3939	-1.7549	0.9045	0.4414	
6.2	-1.4993	-0.9846	-1.905	0.6601	0.7498	
6.21	-0.8831	-0.7835	-1.7746	0.4331	1.0026	
6.22	-2.8947	-0.6455	-1.5454	0.1328	1.1507	
6.23	-1.1795	-1.3726	-1.3013	-0.1499	1.219	
6.24	-1.3342	-0.3887	-0.9402	-0.4715	1.3376	
6.25	-2.8251	-1.8369	-0.5461	-0.7181	1.4411	
6.26	-0.9843	-0.1799	-0.1832	-0.9969	1.486	
6.27	-2.1536	-2.1889	0.0859	-1.0523	1.6163	
6.28	-2.3496	-0.1226	0.2877	-1.149	1.3189	
6.29	-0.8267	-1.9474	0.3511	-1.1174	1.5238	
6.3	-2.6913	-0.2096	0.2626	-1.1153	1.2712	
6.31	-1.9033	-2.29	0.0625	-0.7714	1.2845	
6.32	-0.9526	-0.3896	-0.241	-0.6297	1.0268	
6.33	-2.8863	-1.7861	-0.5198	-0.2978	0.9984	
6.34	-1.4137	-0.7951	-0.9116	-0.0152	0.935	
6.35	-1.3066	-1.5828	-1.1802	0.2876	0.8755	
6.36	-2.6169	-1.1519	-1.5455	0.5068	0.7416	
6.37	-0.79	-1.4408	-1.5113	0.6578	0.6649	
6.38	-1.6336	-1.6962	-1.6165	0.7865	0.5831	
6.39	-2.4156	-1.0898	-1.3249	0.8178	0.5719	
6.4	-0.4584	-1.9184	-1.12	0.8732	0.4805	
6.41	-1.9861	-0.8705	-0.8466	0.7434	0.5391	
6.42	-1.5436	-2.6237	-0.3806	0.4593	0.5737	
6.43	-0.3713	-0.6193	-0.0286	0.228	0.6202	
6.44	-2.0042	-2.7579	0.2958	-0.0532	0.7952	
6.45	-0.9085	-0.6645	0.5142	-0.3395	0.94	
6.46	-0.4349	-2.4491	0.5973	-0.6207	0.9603	
6.47	-2.1434	-0.8326	0.5236	-0.7732	1.1174	
6.48	-0.2127	-2.5938	0.3895	-0.9416	1.3333	
6.49	-0.7258	-1.0798	0.1459	-0.9456	1.5494	
6.5	-1.7188	-2.1891	-0.1736	-0.8881	1.8553	
6.51	0.2993	-1.5907	-0.4807	-0.853	2.0502	
6.52	-1.0431	-1.9138	-0.8309	-0.6652	2.2758	
6.53	-0.9921	-1.8021	-1.0253	-0.3224	2.473	
6.54	0.5408	-1.6031	-1.3539	-0.0529	2.4819	
6.55	-1.1554	-2.2643	-1.3269	0.29	2.4219	
6.56	-0.1768	-1.2759	-1.1564	0.5535	2.3475	
6.57	0.5968	-2.6285	-1.0416	0.7787	2.8579	
6.58	-1.006	-1.0915	-0.5837	1.07	2.7783	
6.59	0.5254	-2.7873	-0.2806	1.2134	2.3371	
6.6	0.3516	-0.9128	0.0906	1.2307	2.5381	
6.61	-0.8138	-2.985	0.441	1.2685	2.2189	
6.62	1.0667	-0.926	0.6886	1.2277	2.361	
6.63	0.0528	-2.8862	0.8667	0.9939	2.177	
6.64	-0.2086	-1.2896	0.7378	0.714	1.8101	
6.65	1.3162	-2.549	0.6433	0.4647	1.5398	
6.66	-0.1792	-1.6141	0.4694	0.1774	1.5043	
6.67	0.4514	-2.2558	0.1591	-0.0649	1.301	
6.68	1.4391	-1.7925	-0.1836	-0.2526	1.0447	
6.69	-0.2744	-1.9065	-0.5148	-0.3879	0.705	
6.7	1.1214	-2.4623	-0.7591	-0.5059	0.5391	
6.71	1.1609	-1.4364	-0.9177	-0.4388	0.3097	
6.72	-0.1599	-2.7113	-1.1076	-0.3315	0.1492	
6.73	1.7038	-1.1366	-1.0572	-0.1142	-0.0102	
6.74	0.7437	-2.8428	-0.9092	0.1453	-0.1285	
6.75	0.2207	-1.0354	-0.5607	0.458	-0.2066	
6.76	2.0027	-2.9756	-0.2437	0.707	-0.3005	
6.77	0.4168	-0.9124	0.12	0.9773	-0.2922	
6.78	0.7545	-3.0263	0.4324	1.4565	-0.3066	
6.79	1.7848	-0.9447	0.7365	1.6722	-0.2787	
6.8	0.0826	-2.9385	0.8453	1.6882	-0.1811	
6.81	1.3025	-1.1779	0.9358	1.667	-0.1098	
6.82	1.5291	-2.5379	0.8383	1.7907	-0.0015	
6.83	-0.0078	-1.4816	0.7036	1.5971	0.1104	
6.84	1.7351	-1.8027	0.3694	1.4976	0.2704	
6.85	1.0854	-1.7302	0.0571	1.3247	0.3468	
6.86	0.1438	-1.6001	-0.2947	0.9425	0.5324	
6.87	1.9156	-2.3799	-0.6149	0.6971	0.5732	
6.88	0.4424	-1.2242	-0.8563	0.3786	0.7268	
6.89	0.4976	-2.6112	-0.9384	0.1845	0.731	
6.9	1.8522	-0.906	-0.9314	0.0134	0.8705	
6.91	-0.0263	-2.5969	-0.8851	-0.0722	0.9491	
6.92	0.9185	-0.7198	-0.6755	-0.0665	0.8962	
6.93	1.4535	-2.3749	-0.3032	0.022	0.8497	
6.94	-0.2901	-0.5735	0.0536	0.1797	0.7046	
6.95	1.2342	-2.4302	0.3699	0.4318	0.6427	
6.96	0.8016	-0.7119	0.6717	0.7664	0.5252	
6.97	-0.3631	-2.3247	0.8223	1.0439	0.4228	
6.98	1.546	-1.0863	0.9585	1.2275	0.2323	
6.99	0.1494	-1.6248	0.8695	1.662	0.0834	
7.0	-0.1573	-1.2889	0.8479	1.691	-0.1013	
7.01	1.3647	-1.2519	0.5019	2.057	-0.278	
7.02	-0.4479	-1.7711	0.1685	1.8095	-0.5338	
7.03	0.1796	-0.8018	-0.1711	1.748	-0.6668	
7.04	1.065	-1.8902	-0.5676	1.8337	-0.8289	
7.05	-0.7628	-0.447	-0.7706	1.6436	-1.0588	
7.06	0.5699	-2.2665	-1.014	1.2667	-1.2108	
7.07	0.4885	-0.1792	-1.0522	0.9161	-1.2632	
7.08	-0.8626	-2.1219	-0.8773	0.7191	-1.3392	
7.09	0.8052	-0.0883	-0.7356	0.409	-1.4019	
7.1	-0.1868	-1.8756	-0.4518	0.161	-1.3811	
7.11	-0.8034	-0.1305	-0.1248	-0.0407	-1.1283	
7.12	0.909	-1.849	0.2393	-0.1445	-1.1289	
7.13	-0.8106	-0.2736	0.5912	-0.19	-1.1163	
7.14	-0.403	-1.3945	0.7817	-0.1384	-0.8376	
7.15	0.6559	-0.6048	0.831	-0.0115	-0.7057	
7.16	-1.2639	-0.9534	0.8873	0.1742	-0.488	
7.17	0.0445	-0.9262	0.7452	0.4658	-0.3046	
7.18	0.2574	-0.4134	0.4873	0.75	-0.1251	
7.19	-1.2738	-1.2252	0.2256	0.9025	0.0797	
7.2	0.4889	-0.01	-0.1603	1.1759	0.2749	
7.21	-0.2265	-1.3262	-0.5023	1.2965	0.5247	
7.22	-1.1592	0.2913	-0.7736	1.5789	0.6878	
7.23	0.6572	-1.6198	-0.9878	1.5376	0.7972	
7.24	-0.7703	0.4779	-1.0941	1.3965	0.9999	
7.25	-0.5771	-1.5356	-1.0182	1.3102	1.0269	
7.26	0.756	0.562	-0.9112	1.0636	1.0437	
7.27	-1.1048	-1.2199	-0.7127	0.7985	1.0796	
7.28	-0.0241	0.4203	-0.3594	0.5145	1.2144	
7.29	0.5748	-1.0293	-0.0455	0.1642	1.1261	
7.3	-1.0137	0.1641	0.2854	-0.1578	1.0609	
7.31	0.5184	-0.5279	0.5884	-0.4643	1.0271	
7.32	0.192	-0.1473	0.6942	-0.6128	0.8163	
7.33	-0.823	-0.072	0.685	-0.8766	0.782	
7.34	1.0772	-0.4791	0.6427	-0.8518	0.5455	
7.35	-0.1892	0.3763	0.4373	-0.7868	0.3825	
7.36	-0.3261	-0.7439	0.141	-0.7656	0.2213	
7.37	1.2351	0.7483	-0.2406	-0.6137	0.0712	
7.38	-0.4026	-0.9432	-0.5871	-0.3782	-0.0879	
7.39	0.3823	0.9072	-0.9146	-0.1298	-0.2045	
7.4	1.3254	-1.0423	-1.2484	0.1014	-0.3853	
7.41	-0.4507	0.9643	-1.4708	0.301	-0.461	
7.42	1.0347	-0.9059	-1.3714	0.474	-0.5703	
7.43	1.0794	1.0299	-1.3128	0.6186	-0.5836	
7.44	-0.1931	-0.6463	-1.0627	0.5941	-0.5441	
7.45	1.6273	0.7009	-0.7127	0.562	-0.5885	
7.46	0.6939	-0.2719	-0.4066	0.4117	-0.5043	
7.47	0.304	0.4465	-0.0559	0.2255	-0.4251	
7.48	2.04	0.1363	0.2325	-0.0796	-0.3444	
7.49	0.452	0.0603	0.4203	-0.4085	-0.2398	
7.5	1.0576	0.558	0.5386	-0.8137	-0.1195	
7.51	1.8978	-0.2681	0.4716	-1.1535	0.022	
7.52	0.3677	0.923	0.2718	-1.3218	0.1738	
7.53	1.6564	-0.5251	-0.0001	-1.7382	0.3536	
7.54	1.8777	1.0674	-0.3606	-1.952	0.4364	
7.55	0.5252	-0.71	-0.6836	-1.7967	0.5546	
7.56	2.456	1.2674	-1.1143	-1.9136	0.7168	
7.57	1.5385	-0.6434	-1.4439	-1.9427	0.7166	
7.58	0.9155	1.3715	-1.5687	-1.7406	0.9034	
7.59	2.5458	-0.5	-1.5362	-1.4836	0.935	
7.6	1.3281	0.9698	-1.5658	-1.2163	0.9423	
7.61	1.5156	-0.2532	-1.4102	-0.893	0.7587	
7.62	2.5172	0.7159	-1.1519	-0.7404	0.7909	
7.63	1.0716	0.0838	-0.7229	-0.5207	0.664	
7.64	2.0312	0.3465	-0.4861	-0.3705	0.5393	
7.65	2.3242	0.5133	-0.1559	-0.3039	0.3218	
7.66	0.9892	-0.0253	0.0899	-0.4035	0.137	
7.67	2.4915	0.7754	0.1964	-0.488	-0.0763	
7.68	2.3296	-0.3911	0.1941	-0.641	-0.3114	
7.69	1.2402	1.1505	0.0679	-0.9345	-0.5077	
7.7	2.9576	-0.622	-0.169	-1.2331	-0.8549	
7.71	1.7363	1.2782	-0.4988	-1.7115	-1.146	
7.72	1.517	-0.714	-0.8777	-2.1319	-1.1642	
7.73	3.2405	1.3447	-1.2438	-2.0351	-1.6	
7.74	1.1701	-0.7364	-1.5351	-2.6267	-1.6887	
7.75	2.0795	1.117	-1.758	-2.3803	-2.0566	
7.76	2.6981	-0.4754	-1.8516	-2.8854	-2.2033	
7.77	0.8607	0.7875	-1.8932	-2.7947	-2.0465	
7.78	2.3482	-0.1901	-1.6196	-2.5899	-2.1477	
7.79	1.9289	0.3943	-1.4899	-2.2885	-2.3849	
7.8	0.8576	0.1573	-1.095	-2.0181	-2.4374	
7.81	2.6962	-0.0202	-0.7917	-2.0864	-2.1638	
7.82	1.3739	0.5256	-0.5207	-1.7589	-2.2443	
7.83	0.9178	-0.384	-0.2424	-1.2812	-2.0406	
7.84	2.6986	0.7761	-0.1057	-1.0759	-2.1609	
7.85	0.7689	-0.7526	-0.0642	-1.0638	-1.733	
7.86	1.3943	1.0265	-0.1407	-0.9521	-1.6019	
7.87	2.0721	-1.025	-0.3472	-0.9023	-1.512	
7.88	0.3057	0.9239	-0.6012	-1.0986	-1.3486	
7.89	1.431	-0.9834	-1.0887	-1.2064	-1.2704	
7.9	1.6896	0.8604	-1.476	-1.4435	-1.1017	
7.91	0.0825	-0.8209	-1.7748	-1.5941	-0.9375	
7.92	1.8566	0.5882	-2.0706	-2.0821	-0.9469	
7.93	0.8027	-0.6983	-2.1875	-2.4839	-0.7846	
7.94	0.0995	0.218	-2.175	-2.4545	-0.7923	
7.95	1.8197	-0.3819	-1.9129	-2.9319	-0.8216	
7.96	0.1253	-0.1806	-1.893	-2.7528	-0.7914	
7.97	0.3025	-0.0445	-1.6895	-2.9982	-0.7655	
7.98	1.3486	-0.6978	-1.181	-2.6467	-0.9078	
7.99	-0.448	0.2542	-0.9213	-2.8372	-1.023	
8.0	0.5433	-1.1032	-0.6014	-2.6711	-1.1294	
8.01	0.9588	0.4537	-0.4106	-2.5195	-1.1742	
8.02	-0.8316	-1.27	-0.2784	-2.1729	-1.2726	
8.03	0.8392	0.5267	-0.3351	-1.7733	-1.5975	
8.04	0.196	-1.3047	-0.5445	-1.2825	-1.5371	
8.05	-0.8363	0.4935	-0.8303	-1.106	-1.7612	
8.06	1.0267	-1.3186	-1.2223	-0.8931	-1.9536	
8.07	-0.4771	0.3232	-1.556	-0.8743	-1.9907	
8.08	-0.611	-1.2611	-1.7734	-0.7753	-2.0853	
8.09	0.8516	-0.0217	-2.2985	-0.939	-2.0934	
8.1	-1.0604	-0.9321	-2.284	-1.036	-2.1758	
8.11	-0.2232	-0.4221	-2.4984	-1.1285	-2.3312	
8.12	0.4369	-0.5848	-2.3099	-1.4421	-2.301	
8.13	-1.2596	-0.8	-2.0802	-1.7732	-2.1958	
8.14	0.1786	-0.3034	-1.6971	-2.1276	-2.1106	
8.15	-0.1384	-1.2187	-1.4531	-2.1472	-2.064	
8.16	-1.3737	-0.0473	-1.2141	-2.3116	-1.6697	
8.17	0.4646	-1.7818	-0.8372	-2.6455	-1.4444	
8.18	-0.6877	0.1208	-0.6298	-2.6116	-1.2587	
8.19	-1.0871	-1.8783	-0.4796	-2.2363	-1.1033	
8.2	0.4993	0.1512	-0.4287	-2.3673	-0.8118	
8.21	-1.2014	-1.9719	-0.577	-2.0081	-0.4819	
8.22	-0.6005	0.021	-0.8102	-1.9449	-0.2225	
8.23	0.3785	-1.698	-1.1628	-1.3772	0.0573	
8.24	-1.3212	-0.2663	-1.4277	-1.1938	0.3011	
8.25	-0.0086	-1.6147	-1.9593	-0.8662	0.4889	
8.26	0.0165	-0.6598	-2.2813	-0.6192	0.8076	
8.27	-1.3182	-1.1639	-2.323	-0.3681	0.8438	
8.28	0.4322	-0.9932	-2.2261	-0.1861	1.0822	
8.29	-0.4413	-0.8362	-2.6774	-0.1363	1.1973	
8.3	-1.0743	-1.363	-2.2307	-0.1599	1.3765	
8.31	0.6673	-0.4562	-1.9762	-0.2784	1.3874	
8.32	-0.7545	-1.6173	-1.6921	-0.4694	1.2491	
8.33	-0.4197	-0.2211	-1.398	-0.6928	1.2549	
8.34	0.6964	-1.9215	-1.0506	-0.9889	1.3476	
8.35	-1.0139	-0.1135	-0.7643	-1.1913	1.3308	
8.36	0.2179	-2.2283	-0.5601	-1.4154	1.1393	
8.37	0.5236	-0.133	-0.4385	-1.6493	1.0312	
8.38	-1.0113	-2.0263	-0.5349	-1.5699	0.9621	
8.39	0.8831	-0.3319	-0.7363	-1.7718	0.8668	
8.4	0.1969	-1.7536	-1.0559	-1.5855	0.7576	
8.41	-0.6327	-0.5682	-1.3798	-1.5375	0.5763	
8.42	1.1964	-1.3563	-1.7699	-1.1941	0.5751	
8.43	-0.1584	-1.045	-1.9832	-0.9587	0.4403	
8.44	-0.0746	-1.0544	-2.0733	-0.7102	0.4285	
8.45	1.2869	-1.2402	-2.2406	-0.386	0.4679	
8.46	-0.3786	-0.7399	-2.2647	-0.0507	0.4494	
8.47	0.5277	-1.85	-2.1479	0.2463	0.5365	
8.48	1.2932	-0.373	-1.9652	0.4619	0.6064	
8.49	-0.4387	-1.8203	-1.9212	0.5716	0.6218	
8.5	1.0997	-0.1529	-1.3033	0.7704	0.8229	
8.51	0.9166	-2.0776	-1.0537	0.7511	1.0432	
8.52	-0.2347	-0.0703	-0.7746	0.5712	1.1404	
8.53	1.7231	-1.9446	-0.5485	0.425	1.3095	
8.54	0.4364	-0.1205	-0.3946	0.1804	1.5125	
8.55	0.186	-2.0065	-0.3801	-0.0659	1.7854	
8.56	1.8922	-0.3631	-0.5966	-0.3571	1.7426	
8.57	0.0211	-1.5426	-0.8382	-0.5837	2.2937	
8.58	0.6465	-0.6129	-1.1268	-0.7162	2.0935	
8.59	1.5286	-1.1901	-1.5991	-0.9199	2.2858	
8.6	-0.1957	-1.0737	-1.8164	-0.9509	2.4229	
8.61	1.3224	-0.6632	-1.9138	-0.8968	2.7094	
8.62	1.092	-1.1886	-2.1298	-0.7442	2.6728	
8.63	-0.1912	-0.2537	-2.4001	-0.6421	2.4835	
8.64	1.5691	-1.705	-2.2288	-0.3779	2.7027	
8.65	0.5986	0.0568	-2.0056	-0.0879	2.4303	
8.66	0.0038	-1.6458	-1.8893	0.2425	2.6078	
8.67	1.6572	0.2488	-1.4962	0.5177	2.2842	
8.68	0.0024	-1.7894	-0.9306	0.8177	2.3571	
8.69	0.3734	0.2523	-0.6321	1.0721	1.8888	
8.7	1.4475	-1.5736	-0.3395	1.12	1.8737	
8.71	-0.4387	0.182	-0.1989	1.2063	1.6349	
8.72	0.7421	-1.2432	-0.1852	1.3332	1.2942	
8.73	0.9138	-0.0577	-0.2872	1.0998	1.0556	
8.74	-0.6468	-0.9125	-0.4502	0.9254	0.8695	
8.75	1.0954	-0.399	-0.75	0.6169	0.6149	
8.76	0.2192	-0.3962	-1.046	0.4353	0.4763	
8.77	-0.6669	-0.6681	-1.4941	0.1251	0.2758	
8.78	1.1234	0.0612	-1.8545	-0.146	0.0897	
8.79	-0.486	-1.0305	-1.8416	-0.3607	-0.0332	
8.8	-0.447	0.4484	-1.8351	-0.5333	-0.1277	
8.81	0.7929	-1.2083	-1.9207	-0.6306	-0.2096	
8.82	-1.087	0.739	-1.6843	-0.7067	-0.2063	
8.83	-0.1632	-1.282	-1.6028	-0.553	-0.207	
8.84	0.2419	0.841	-1.2841	-0.4344	-0.1922	
8.85	-1.5978	-1.0144	-0.8245	-0.2076	-0.1194	
8.86	0.0626	0.8673	-0.4162	0.0564	-0.0419	
8.87	-0.4462	-0.7263	-0.1327	0.3465	0.0524	
8.88	-1.6401	0.637	0.0641	0.6779	0.1864	
8.89	0.1255	-0.3923	0.1643	0.9636	0.3015	
8.9	-1.2771	0.3893	0.1179	1.1478	0.4028	
8.91	-1.6053	0.0365	-0.0497	1.2419	0.5802	
8.92	-0.0521	0.0968	-0.3033	1.3119	0.7354	
8.93	-1.8395	0.4828	-0.6473	1.2732	0.8144	
8.94	-1.1976	-0.1942	-0.9448	1.1627	0.9183	
8.95	-0.493	0.8872	-1.3313	0.8614	0.8974	
8.96	-2.5041	-0.403	-1.3698	0.6799	0.8469	
8.97	-0.9151	1.4023	-1.7786	0.3148	0.8838	
8.98	-1.1679	-0.5475	-1.4816	0.0161	0.8172	
8.99	-2.2241	1.4865	-1.6055	-0.2835	0.8223	
9.0	-0.6878	-0.512	-1.2683	-0.524	0.727	
9.01	-1.7797	1.6309	-0.9934	-0.7188	0.5758	
9.02	-2.4399	-0.2532	-0.5249	-0.8182	0.4696	
9.03	-0.6811	1.426	-0.1593	-0.8581	0.3051	
9.04	-2.5892	0.0494	0.1612	-0.9315	0.1578	
9.05	-1.9741	1.0896	0.4165	-0.7692	-0.0407	
9.06	-0.9991	0.4345	0.5204	-0.5752	-0.251	
9.07	-3.0293	0.8335	0.6062	-0.3047	-0.4524	
9.08	-1.4795	0.9887	0.4356	-0.0219	-0.602	
9.09	-1.3851	0.5605	0.2236	0.227	-0.7872	
9.1	-2.6977	1.3264	-0.078	0.4895	-0.9507	
9.11	-1.0414	0.3026	-0.3938	0.7335	-1.0594	
9.12	-1.9681	1.6716	-0.6883	0.8744	-1.286	
9.13	-2.4746	0.1415	-0.9056	0.8634	-1.1321	
9.14	-0.9988	2.1191	-1.2349	0.88	-1.2319	
9.15	-2.4096	0.0847	-1.2646	0.6747	-1.4122	
9.16	-2.2848	2.1532	-1.1305	0.4881	-1.2087	
9.17	-0.9882	0.1829	-0.8878	0.2247	-1.1374	
9.18	-2.6506	2.0341	-0.5435	-0.0956	-0.9738	
9.19	-1.6861	0.4581	-0.2171	-0.4184	-1.0273	
9.2	-1.1998	2.0275	0.178	-0.7775	-0.743	
9.21	-2.5784	0.8665	0.4826	-1.0437	-0.6346	
9.22	-0.9856	1.6147	0.8799	-1.2263	-0.4207	
9.23	-1.6307	1.2191	0.9231	-1.3845	-0.1948	
9.24	-2.3014	1.2269	1.0264	-1.486	0.0239	
9.25	-0.5981	1.7192	0.9634	-1.271	0.2348	
9.26	-1.7594	0.9099	0.8052	-1.1732	0.4383	
9.27	-1.8651	2.1914	0.5005	-0.9997	0.611	
9.28	-0.3849	0.6632	0.1544	-0.8659	0.701	
9.29	-1.9066	2.2501	-0.1443	-0.536	0.9403	
9.3	-1.2452	0.4479	-0.4774	-0.2496	0.989	
9.31	-0.4357	2.6935	-0.6943	-0.0188	1.1713	
9.32	-2.1874	0.5109	-0.7886	0.1809	1.211	
9.33	-0.5609	2.4015	-0.6189	0.3458	1.1604	
9.34	-0.6359	0.666	-0.4872	0.3768	1.1231	
9.35	-1.8451	2.2964	-0.2579	0.365	1.0408	
9.36	0.0388	0.8419	0.1249	0.2729	0.905	
9.37	-0.9491	1.9214	0.4736	0.0645	0.9417	
9.38	-1.2122	1.3091	0.8931	-0.1879	0.7009	
9.39	0.3476	1.6339	1.1913	-0.4703	0.5513	
9.4	-1.1768	1.802	1.3294	-0.8078	0.4621	
9.41	-0.6289	1.2949	1.4665	-1.028	0.2767	
9.42	0.3563	2.1194	1.3952	-1.2639	0.1082	
9.43	-1.4264	0.9596	1.4305	-1.6168	-0.0592	
9.44	0.0462	2.5289	1.0077	-1.7228	-0.2102	
9.45	0.1578	0.6546	0.7945	-1.8173	-0.3536	
9.46	-1.2277	2.2611	0.4381	-1.6515	-0.4668	
9.47	0.6547	0.5412	0.1116	-1.6128	-0.4879	
9.48	-0.1814	2.2995	-0.1168	-1.3095	-0.5366	
9.49	-0.901	0.5984	-0.2683	-1.0623	-0.5425	
9.5	0.9484	2.1597	-0.2522	-0.7965	-0.5696	
9.51	-0.606	0.6974	-0.1478	-0.4795	-0.4978	
9.52	-0.2835	2.2026	0.0912	-0.2053	-0.4738	
9.53	0.9679	0.9549	0.416	0.0201	-0.3714	
9.54	-0.9102	1.5503	0.8751	0.203	-0.2359	
9.55	0.2922	1.5126	1.1816	0.3163	-0.1127	
9.56	0.6713	1.2711	1.663	0.2745	0.0393	
9.57	-0.8238	1.7038	1.8217	0.2471	0.1929	
9.58	0.8479	0.7874	2.0288	0.0686	0.3801	
9.59	0.2138	1.9879	2.0982	-0.135	0.5032	
9.6	-0.7303	0.5331	1.7	-0.4002	0.6007	
9.61	1.0838	2.4432	1.4469	-0.6938	0.7615	
9.62	-0.3127	0.3128	1.2218	-0.9821	0.8753	
9.63	-0.4014	2.5123	0.9307	-1.2179	0.9203	
9.64	0.9336	0.274	0.6416	-1.3662	0.8818	
9.65	-0.7202	2.2578	0.347	-1.3701	0.9137	
9.66	0.0736	0.391	0.1518	-1.4451	0.9672	
9.67	0.6667	2.0114	0.1116	-1.4437	0.8226	
9.68	-1.1642	0.533	0.1723	-1.4063	0.7355	
9.69	0.4816	1.5663	0.3947	-1.0671	0.593	
9.7	0.1343	0.8365	0.6152	-0.8197	0.4385	
9.71	-1.1722	1.2296	0.9583	-0.4746	0.2603	
9.72	0.6641	1.1818	1.4464	-0.1574	0.0497	
9.73	-0.5047	0.6832	1.6706	0.1539	-0.1791	
9.74	-0.9121	1.5181	2.0398	0.4317	-0.4258	
9.75	0.6168	0.2893	2.3358	0.5917	-0.6493	
9.76	-1.22	1.8119	2.1599	0.8113	-0.9973	
9.77	-0.5304	0.0041	2.0994	0.7942	-1.2247	
9.78	0.2866	2.0358	1.8543	0.762	-1.3052	
9.79	-1.6106	-0.1349	1.7634	0.5931	-1.5523	
9.8	-0.2057	1.8948	1.3621	0.4503	-1.6649	
9.81	-0.2661	-0.1291	1.0478	0.2079	-2.0929	
9.82	-1.765	1.4506	0.7777	-0.0237	-1.849	
9.83	0.0314	0.0134	0.5029	-0.2693	-2.0652	
9.84	-0.8758	1.3154	0.4204	-0.5147	-2.1702	
9.85	-1.6577	0.2734	0.3917	-0.7062	-2.2552	
9.86	0.0569	0.7891	0.5755	-0.708	-2.1631	
9.87	-1.6433	0.6405	0.8822	-0.8315	-2.2025	
9.88	-1.2048	0.3751	1.0724	-0.7	-2.0772	
9.89	-0.1571	0.8403	1.4825	-0.603	-1.8436	
9.9	-1.8939	-0.018	1.9585	-0.3353	-1.9432	
9.91	-0.8432	1.1467	2.4044	-0.0295	-1.5548	
9.92	-0.5653	-0.328	2.3898	0.2935	-1.6834	
9.93	-2.1618	1.2313	2.7045	0.6693	-1.3276	
9.94	-0.5662	-0.6175	2.4442	0.9797	-1.2032	
9.95	-1.2041	1.2806	2.3473	1.1429	-1.0808	
9.96	-2.1292	-0.6308	2.0619	1.5053	-1.1083	
9.97	-0.3045	1.2527	1.8459	1.7044	-0.9993	
9.98	-1.8795	-0.4932	1.4443	1.8738	-0.8025	
9.99	-1.6302	1.0349	0.9502	1.8536	-0.7726	
10.0	-0.3522	-0.3362	0.6798	1.4979	-0.7951	
10.01	-2.1247	0.6428	0.5855	1.3045	-0.8505	
10.02	-1.0726	0.0053	0.5879	1.1848	-0.8885	
10.03	-0.5447	0.1903	0.7371	0.9999	-1.0077	
10.04	-2.4388	0.3831	0.8921	0.6817	-1.0655	
10.05	-0.6312	-0.2265	1.2493	0.4599	-1.2463	
10.06	-0.9004	0.6823	1.4963	0.3084	-1.2574	
10.07	-2.1011	-0.5963	1.8461	0.1896	-1.5525	
10.08	-0.2446	0.9745	2.2285	0.1589	-1.6946	
10.09	-1.3686	-0.8809	2.4663	0.21	-1.8996	
10.1	-1.6563	0.9734	2.5592	0.344	-1.7619	
10.11	-0.0361	-0.9031	2.7799	0.6485	-1.9163	
10.12	-1.5859	0.9397	2.3595	0.9323	-2.048	
10.13	-1.0534	-0.8328	2.1562	1.2012	-2.2546	
10.14	-0.0669	0.7962	1.8329	1.6601	-2.2908	
10.15	-1.6519	-0.7294	1.4077	1.934	-2.5474	
10.16	-0.2653	0.466	1.211	2.222	-2.2377	
10.17	-0.266	-0.3934	0.8027	2.2644	-2.56	
10.18	-1.536	0.1403	0.747	2.4578	-2.2995	
10.19	0.3158	-0.0378	0.566	2.4073	-2.0563	
10.2	-0.5658	-0.2436	0.603	2.7147	-1.9638	
10.21	-1.1145	0.3353	0.8181	2.3362	-1.9252	
10.22	0.7235	-0.6633	1.1284	2.1627	-1.7594	
10.23	-0.7765	0.6198	1.5278	2.2353	-1.3838	
10.24	-0.3336	-0.9287	1.7488	1.7727	-1.1654	
10.25	0.8815	0.8125	1.95	1.5114	-0.8608	
10.26	-0.9036	-0.977	2.6078	1.1488	-0.6018	
10.27	0.4253	0.9885	2.5904	1.0764	-0.3549	
10.28	0.7007	-1.0666	2.6821	0.9519	-0.1267	
10.29	-0.6787	0.774	2.5321	0.8624	0.1161	
10.3	1.1387	-0.9083	2.2456	0.9437	0.3834	
10.31	0.5433	0.627	1.806	0.9339	0.5297	
10.32	-0.2352	-0.5225	1.6217	1.211	0.7161	
10.33	1.6569	0.3464	1.2248	1.346	0.8396	
10.34	0.2355	-0.1814	0.941	1.6857	0.9426	
10.35	0.4237	-0.0352	0.6595	1.8659	1.0574	
10.36	1.9806	0.2508	0.5132	2.2032	1.152	
10.37	0.0908	-0.3899	0.5547	2.6826	1.0998	
10.38	1.0615	0.6689	0.71	2.7101	1.2851	
10.39	1.892	-0.6263	0.8633	3.0022	1.1188	
10.4	0.1518	0.8647	1.27	2.9956	1.0148	
10.41	1.6624	-0.8293	1.679	2.7349	0.9702	
10.42	1.5477	1.0792	1.7596	2.8497	0.9318	
10.43	0.4694	-0.9154	2.3014	2.615	0.7777	
10.44	2.466	1.0346	2.5364	2.1559	0.7164	
10.45	1.114	-0.6728	2.6114	1.9549	0.5834	
10.46	0.8667	1.0013	2.2587	1.6948	0.5242	
10.47	2.2496	-0.4887	2.2532	1.5325	0.4204	
10.48	0.7329	0.8056	1.9149	1.3516	0.3757	
10.49	1.5063	-0.0731	1.5529	0.961	0.3757	
10.5	2.3349	0.4322	1.1943	0.9604	0.3525	
10.51	0.5988	0.3561	0.7556	0.8934	0.39	
10.52	2.0098	0.1231	0.553	1.0837	0.4515	
10.53	2.0549	0.7805	0.3598	1.2386	0.5315	
10.54	0.6848	-0.1906	0.3143	1.3966	0.5774	
10.55	2.6752	1.0821	0.3573	1.7521	0.6881	
10.56	1.3961	-0.419	0.5318	1.984	0.9612	
10.57	0.8642	1.4904	0.8433	2.037	1.0219	
10.58	2.3015	-0.4573	1.0993	2.4212	1.3383	
10.59	0.912	1.5253	1.6506	2.7806	1.3097	
10.6	1.3358	-0.3624	1.7951	2.8833	1.5674	
10.61	2.4945	1.5442	1.9221	2.9137	1.7284	
10.62	0.4543	-0.1155	2.2562	2.8577	2.0416	
10.63	1.6815	1.4253	2.3567	2.285	2.0255	
10.64	1.9741	0.2505	1.8354	2.2808	2.3525	
10.65	0.3435	1.0333	1.7764	2.0725	2.2458	
10.66	2.1381	0.6108	1.3608	1.8159	2.6541	
10.67	1.292	0.8591	1.0257	1.4206	2.8332	
10.68	0.4053	1.0858	0.6971	1.0158	2.5686	
10.69	2.2741	0.5265	0.3685	0.83	2.8018	
10.7	0.5663	1.6595	0.1607	0.5379	2.6258	
10.71	0.6223	0.2412	0.0421	0.3675	2.5871	
10.72	1.9169	2.0537	0.0678	0.3702	2.5318	
10.73	0.0166	0.1231	0.2072	0.371	2.4558	
10.74	1.1024	2.2726	0.4353	0.5301	1.9383	
10.75	1.5079	0.136	0.7719	0.6918	1.7124	
10.76	-0.304	2.2041	1.2554	0.9205	1.6117	
10.77	1.2865	0.3082	1.5503	1.2385	1.3206	
10.78	0.7448	2.2053	1.8315	1.4661	1.2833	
10.79	-0.3183	0.6155	1.9197	1.5061	0.8814	
10.8	1.5146	1.7222	2.0741	1.6388	0.7347	
10.81	0.0655	0.9928	1.6964	1.9114	0.6017	
10.82	-0.0843	1.6213	1.4826	1.8236	0.3515	
10.83	1.2217	1.3437	1.2935	1.8164	0.2079	
10.84	-0.4643	1.1844	0.8506	1.6166	0.0629	
10.85	0.3003	1.7894	0.486	1.5047	-0.0328	
10.86	0.8735	0.9004	0.1546	1.295	-0.1048	
10.87	-0.8861	2.1404	-0.0881	0.7792	-0.1405	
10.88	0.6064	0.6514	-0.2346	0.5017	-0.1558	
10.89	0.4349	2.305	-0.2397	0.183	-0.1171	
10.9	-0.8229	0.6278	-0.1537	-0.0903	-0.0634	
10.91	0.9002	2.3818	0.0873	-0.344	0.0181	
10.92	-0.1903	0.7224	0.3863	-0.4342	0.1173	
10.93	-0.5719	2.5499	0.7621	-0.5052	0.2134	
10.94	1.0586	0.9679	1.0021	-0.5001	0.3385	
10.95	-0.6441	2.2131	1.4282	-0.4323	0.4528	
10.96	-0.1219	1.3626	1.5657	-0.2639	0.6403	
10.97	0.8086	1.9747	1.636	-0.0179	0.7329	
10.98	-0.9198	1.7268	1.465	0.2249	0.8055	
10.99	0.3847	1.6938	1.2159	0.4501	0.8637	
11.0	0.499	2.0989	1.1623	0.7333	0.9973	
11.01	-0.9852	1.2901	0.6466	0.8933	0.9196	
11.02	0.8112	2.3433	0.3319	1.008	0.9416	
11.03	0.0228	1.0834	-0.0187	1.0853	0.8773	
11.04	-0.5666	3.0382	-0.284	1.0535	0.931	
11.05	1.2135	0.9349	-0.5346	0.8811	0.7651	
11.06	-0.3568	2.8802	-0.5903	0.6472	0.7659	
11.07	-0.0767	0.9871	-0.4427	0.4145	0.6064	
11.08	1.2574	2.6189	-0.3207	0.072	0.4319	
11.09	-0.5775	0.996	-0.0139	-0.238	0.2382	
11.1	0.619	2.8363	0.3065	-0.5934	0.0256	
11.11	1.0159	1.2456	0.6109	-0.8825	-0.1658	
11.12	-0.5619	2.5114	0.8953	-1.0772	-0.363	
11.13	1.1548	1.6374	1.169	-1.3143	-0.5205	
11.14	0.6775	1.8963	1.3389	-1.3482	-0.7181	
11.15	-0.2244	1.9668	1.342	-1.1759	-0.9074	
11.16	1.6424	1.5256	1.1225	-1.1475	-1.0948	
11.17	0.2984	2.2916	0.9972	-0.9563	-1.264	
11.18	0.3988	1.2483	0.5732	-0.6899	-1.3008	
11.19	2.0019	2.9521	0.2205	-0.4585	-1.2648	
11.2	0.1074	0.9945	-0.1478	-0.1693	-1.413	
11.21	1.0633	2.6346	-0.4532	0.0962	-1.3285	
11.22	1.9226	0.9196	-0.7157	0.3289	-1.1617	
11.23	0.1208	2.8711	-0.7386	0.472	-1.1842	
11.24	1.7393	0.8914	-0.6843	0.5249	-1.055	
11.25	1.5819	3.0279	-0.588	0.4593	-0.8533	
11.26	0.397	1.0349	-0.3175	0.4175	-0.6421	
11.27	2.2182	2.6597	-0.0233	0.2361	-0.4606	
11.28	1.0315	1.4079	0.3398	-0.0117	-0.2614	
11.29	0.8534	2.0912	0.6408	-0.2853	-0.0419	
11.3	2.2594	1.7316	1.0048	-0.6508	0.1585	
11.31	0.7768	1.64	1.1465	-0.9369	0.3883	
11.32	1.5541	2.1051	1.0165	-1.2465	0.5225	
11.33	2.4216	1.1402	0.9437	-1.2224	0.7074	
11.34	0.6617	2.2474	0.7768	-1.4946	0.7968	
11.35	1.8889	0.8701	0.5065	-1.5157	0.9897	
11.36	1.9938	2.6049	0.1601	-1.4006	1.1394	
11.37	0.7539	0.734	-0.1961	-1.3102	1.0147	
11.38	2.56	2.6529	-0.5011	-1.2002	1.1676	
11.39	1.7249	0.601	-0.7308	-0.938	1.1714	
11.4	0.9618	2.7444	-0.8768	-0.575	1.1084	
11.41	2.9083	0.7107	-0.9483	-0.2874	0.8966	
11.42	1.1412	2.2432	-0.8808	0.0162	0.8525	
11.43	1.5622	0.8541	-0.6409	0.2867	0.8035	
11.44	2.5263	1.9673	-0.2728	0.4046	0.5973	
11.45	0.8655	1.1546	0.0657	0.5033	0.4786	
11.46	1.8187	1.3566	0.4161	0.5497	0.2704	
11.47	2.1239	1.5341	0.7458	0.498	0.1131	
11.48	0.635	0.912	0.941	0.3459	-0.0292	
11.49	2.2284	1.6352	0.9574	0.139	-0.1783	
11.5	1.66	0.5085	0.8705	-0.102	-0.3274	
11.51	0.7524	1.8717	0.7453	-0.3612	-0.4165	
11.52	2.5593	0.248	0.5509	-0.6124	-0.4866	
11.53	1.0201	1.9299	0.2062	-0.9698	-0.5038	
11.54	0.8891	0.0769	-0.181	-1.17	-0.5872	
11.55	2.2756	1.9721	-0.4671	-1.1875	-0.4979	
11.56	0.4335	0.0594	-0.7786	-1.2638	-0.4829	
11.57	1.2056	1.8683	-1.0127	-1.2535	-0.4848	
11.58	1.7333	0.1951	-1.0337	-1.0941	-0.3468	
11.59	0.042	1.5039	-0.9878	-0.8728	-0.2172	
11.6	1.7001	0.4076	-0.6546	-0.521	-0.091	
11.61	1.1909	0.9495	-0.4367	-0.2405	0.0574	
11.62	-0.0785	0.7054	-0.0784	0.0769	0.1994	
11.63	1.5471	0.5703	0.2941	0.3453	0.3377	
11.64	0.3533	1.0611	0.6042	0.6041	0.5677	
11.65	0.0236	0.1332	0.8781	0.8401	0.7109	
11.66	1.5503	1.3663	0.991	0.9257	0.8417	
11.67	-0.3283	-0.2375	1.0243	1.0912	0.8383	
11.68	0.2647	1.339	0.8828	0.8717	0.9598	
11.69	0.9763	-0.4798	0.6438	0.9167	0.9319	
11.7	-0.7967	1.3698	0.3296	0.6784	1.0541	
11.71	0.5355	-0.5275	-0.0134	0.4115	0.9448	
11.72	0.3571	1.2183	-0.3392	0.1241	1.0136	
11.73	-1.0622	-0.5324	-0.6421	-0.1316	0.8555	
11.74	0.6933	1.0068	-0.9267	-0.3847	0.7962	
11.75	-0.3997	-0.324	-1.0154	-0.593	0.6198	
11.76	-1.0106	0.6968	-0.9325	-0.7198	0.3767	
11.77	0.5972	-0.0244	-0.6783	-0.7959	0.1832	
11.78	-0.9966	0.1927	-0.4475	-0.6679	-0.0442	
11.79	-0.7583	0.2762	-0.1302	-0.5752	-0.2669	
11.8	0.2595	-0.2497	0.2362	-0.3658	-0.5745	
11.81	-1.6343	0.5945	0.5568	-0.1076	-0.8428	
11.82	-0.4193	-0.5986	0.8052	0.208	-0.984	
11.83	-0.2468	0.8812	0.982	0.4802	-1.3374	
11.84	-1.952	-0.954	1.0469	0.7476	-1.5617	
11.85	-0.1185	0.9074	1.0858	1.0293	-1.8052	
11.86	-0.9541	-0.9836	0.8145	1.1609	-1.8379	
11.87	-1.8193	0.9349	0.5309	1.3753	-2.1175	
11.88	0.007	-1.0559	0.2437	1.3035	-2.0347	
11.89	-1.5622	0.7498	-0.1085	1.4929	-1.8956	
11.9	-1.2604	-0.983	-0.4446	1.3446	-2.2555	
11.91	-0.0922	0.3462	-0.6087	1.0388	-2.2489	
11.92	-1.8154	-0.5779	-0.7366	0.8421	-2.2301	
11.93	-0.8155	-0.031	-0.7788	0.486	-1.9609	
11.94	-0.4377	-0.274	-0.6367	0.2275	-1.7425	
11.95	-2.1924	-0.49	-0.3716	-0.0409	-1.7126	
11.96	-0.4333	0.0774	-0.0808	-0.2595	-1.5485	
11.97	-0.9587	-0.8977	0.3089	-0.4029	-1.5061	
11.98	-1.7895	0.3872	0.6859	-0.5004	-1.4357	
11.99	-0.0978	-1.273	1.0237	-0.4961	-1.3509	
12.0	-1.4252	0.6023	1.1919	-0.3559	-1.0754	
12.01	-1.3615	-1.3589	1.2822	-0.1848	-0.906	
12.02	0.0298	0.6767	1.3708	0.0417	-0.8806	
12.03	-1.6459	-1.2671	1.0597	0.3225	-0.8292	
12.04	-0.8743	0.4898	0.8575	0.6043	-0.7231	
12.05	-0.0973	-1.3448	0.597	0.8806	-0.8451	
12.06	-1.9812	0.2864	0.2347	1.1589	-0.7339	
12.07	-0.2904	-0.9865	-0.0886	1.274	-0.7993	
12.08	-0.4247	-0.0333	-0.3879	1.5258	-0.8889	
12.09	-1.6559	-0.5745	-0.5691	1.4488	-0.9317	
12.1	0.2177	-0.3933	-0.512	1.3534	-1.1117	
12.11	-0.7765	-0.2211	-0.43	1.3015	-1.2258	
12.12	-1.2417	-0.7858	-0.2609	0.92	-1.3339	
12.13	0.5349	0.1471	0.0421	0.7827	-1.5619	
12.14	-1.0906	-1.1086	0.4443	0.4321	-1.683	
12.15	-0.5053	0.4024	0.8519	0.1168	-1.812	
12.16	0.4736	-1.296	1.1874	-0.1816	-2.179	
12.17	-1.2792	0.586	1.4637	-0.4391	-2.1353	
12.18	0.1184	-1.2814	1.4269	-0.5746	-2.2051	
12.19	0.3007	0.585	1.5129	-0.754	-2.5894	
12.2	-1.227	-1.1564	1.3404	-0.7823	-2.1936	
12.21	0.6948	0.4858	1.3159	-0.6593	-2.3879	
12.22	-0.079	-1.0972	0.9666	-0.6069	-2.5157	
12.23	-0.8044	0.2243	0.5685	-0.3638	-2.3143	
12.24	0.9257	-0.6458	0.2605	-0.1155	-2.4369	
12.25	-0.4821	-0.1206	-0.0033	0.164	-2.3278	
12.26	-0.2226	-0.2501	-0.1867	0.4159	-1.8416	
12.27	1.0569	-0.4742	-0.2749	0.5841	-1.8947	
12.28	-0.7368	0.1741	-0.253	0.8194	-1.53	
12.29	0.3954	-0.7125	-0.0728	0.8593	-1.2874	
12.3	0.8272	0.5461	0.1917	0.939	-1.1571	
12.31	-0.7503	-0.9834	0.5503	0.7516	-0.862	
12.32	0.9203	0.8472	0.8662	0.5972	-0.5172	
12.33	0.3989	-1.1731	1.38	0.441	-0.3204	
12.34	-0.6152	0.8083	1.5037	0.1214	-0.0549	
12.35	1.2173	-0.9975	1.6269	-0.2155	0.1797	
12.36	-0.1489	0.8379	1.8013	-0.5397	0.3999	
12.37	-0.2608	-0.7902	1.6438	-0.79	0.5873	
12.38	1.0914	0.7356	1.6305	-1.0452	0.7913	
12.39	-0.5829	-0.4648	1.2205	-1.2629	0.9233	
12.4	0.2036	0.413	0.9297	-1.3836	0.9512	
12.41	0.8998	-0.0984	0.7233	-1.6814	0.9695	
12.42	-0.871	0.066	0.3949	-1.5183	1.0048	
12.43	0.6191	0.3208	0.146	-1.2679	1.1759	
12.44	0.3486	-0.2887	0.0092	-1.2634	1.0606	
12.45	-0.9608	0.7351	0.0093	-1.0235	0.9989	
12.46	0.8509	-0.5732	0.1333	-0.73	0.9135	
12.47	-0.3463	1.0861	0.3637	-0.4458	0.847	
12.48	-0.7406	-0.7075	0.6693	-0.2677	0.6641	
12.49	0.799	1.3943	1.016	-0.0888	0.6652	
12.5	-0.8502	-0.684	1.3153	0.0127	0.528	
12.51	-0.435	1.1938	1.6462	0.0274	0.4311	
12.52	0.4934	-0.5193	2.0917	-0.0455	0.3473	
12.53	-1.2775	1.2565	2.097	-0.2004	0.2897	
12.54	-0.122	-0.264	2.2621	-0.4225	0.2584	
12.55	-0.1331	0.9655	2.1188	-0.6647	0.2619	
12.56	-1.761	0.1563	1.6066	-0.9916	0.254	
12.57	0.088	0.6855	1.4145	-1.5076	0.3217	
12.58	-0.841	0.6041	1.0956	-1.7367	0.4374	
12.59	-1.6496	0.3526	0.7521	-2.0016	0.504	
12.6	0.0591	1.1125	0.4464	-2.1249	0.6961	
12.61	-1.4896	0.0172	0.2797	-2.2669	0.8203	
12.62	-1.4141	1.4534	0.2511	-2.4658	0.9622	
12.63	-0.2231	-0.1777	0.3365	-2.5666	1.1414	
12.64	-2.025	1.5926	0.5153	-2.1922	1.2447	
12.65	-1.0937	-0.2925	0.7414	-2.2434	1.7348	
12.66	-0.7658	1.8828	1.2679	-2.0216	1.8426	
12.67	-2.5326	-0.2221	1.4142	-1.6126	2.0516	
12.68	-0.7082	1.7484	1.758	-1.4195	2.202	
12.69	-1.3816	0.0053	2.0573	-1.1691	2.4698	
12.7	-2.6274	1.3981	2.388	-0.916	2.3431	
12.71	-0.6624	0.3685	2.2213	-0.8281	2.5212	
12.72	-2.1452	1.261	2.0646	-0.8078	2.5099	
12.73	-2.0884	0.7743	2.0261	-0.7529	2.441	
12.74	-0.8215	0.7613	1.7058	-0.9263	2.456	
12.75	-2.8508	1.2502	1.4038	-1.157	2.4914	
12.76	-1.832	0.4944	1.0382	-1.4454	2.8061	
12.77	-1.1513	1.6718	0.6754	-1.7246	2.6187	
12.78	-2.9031	0.2027	0.4605	-2.0924	2.3345	
12.79	-1.29	1.9931	0.4094	-2.4943	2.1558	
12.8	-1.6691	0.0222	0.4142	-2.62	1.8167	
12.81	-3.0093	2.0233	0.6318	-2.6447	1.6559	
12.82	-1.0457	-0.0096	0.8039	-3.1499	1.3944	
12.83	-2.3228	1.9661	1.1701	-2.6776	1.1949	
12.84	-2.4574	0.1031	1.6781	-2.6257	1.1435	
12.85	-0.9207	1.9266	1.864	-2.744	0.8747	
12.86	-2.5048	0.3422	2.125	-2.6462	0.6756	
12.87	-1.8643	1.6503	2.478	-2.5201	0.4913	
12.88	-1.2206	0.6906	2.299	-1.9607	0.2984	
12.89	-2.9827	1.1529	2.2698	-1.7614	0.183	
12.9	-1.3653	1.0618	2.1224	-1.5154	0.0584	
12.91	-1.352	0.7469	1.9518	-1.2914	-0.0131	
12.92	-2.7452	1.5097	1.6657	-1.1002	-0.0567	
12.93	-0.9566	0.3694	1.2511	-1.0042	-0.0602	
12.94	-1.653	1.6546	0.9421	-0.9117	-0.046	
12.95	-2.327	0.1101	0.5726	-1.0625	0.0085	
12.96	-0.6012	2.1208	0.4406	-1.1709	0.0792	
12.97	-2.2205	-0.0254	0.4272	-1.3381	0.169	
12.98	-1.55	1.8268	0.6029	-1.6264	0.2658	
12.99	-0.4871	-0.0136	0.7749	-1.9584	0.4384	
13.0	-2.1579	1.8602	1.0308	-2.078	0.5342	
13.01	-0.9551	0.1364	1.4596	-2.7732	0.6817	
13.02	-0.6748	1.3979	1.9465	-2.8053	0.757	
13.03	-2.09	0.449	2.2832	-3.0839	0.8365	
13.04	-0.3212	1.097	2.2638	-2.6505	1.0344	
13.05	-0.8652	0.7941	2.4793	-2.5561	0.9422	
13.06	-1.5647	0.7325	2.5655	-2.8252	0.9726	
13.07	0.1455	1.1309	2.0282	-2.3989	1.0613	
13.08	-1.2674	0.3122	2.1467	-1.9762	1.1347	
13.09	-1.0269	1.312	1.6951	-1.6191	0.9493	
13.1	0.3527	-0.0384	1.2241	-1.5016	0.9581	
13.11	-1.4025	1.6702	1.0047	-1.2463	0.8244	
13.12	-0.3039	-0.2662	0.6677	-0.8295	0.6958	
13.13	0.3327	1.5914	0.4506	-0.6453	0.4935	
13.14	-1.3629	-0.3574	0.3935	-0.5301	0.2792	
13.15	0.4268	1.4154	0.4629	-0.5072	0.098	
13.16	0.0723	-0.3	0.6665	-0.5682	-0.0996	
13.17	-0.8966	1.3211	0.8384	-0.656	-0.2806	
13.18	0.872	-0.1299	1.1498	-0.9532	-0.5079	
13.19	-0.2401	0.9823	1.4683	-1.1768	-0.7004	
13.2	-0.4513	0.1452	1.7156	-1.5317	-0.8432	
13.21	1.0932	0.5226	2.2216	-1.6046	-1.0337	
13.22	-0.5191	0.4364	2.2411	-1.938	-1.2176	
13.23	0.2297	0.015	2.1801	-2.0149	-1.2293	
13.24	1.1742	0.7544	1.9536	-2.1531	-1.2716	
13.25	-0.6248	-0.4166	1.9242	-2.0867	-1.3383	
13.26	0.7835	1.0578	1.5171	-1.9957	-1.1576	
13.27	0.7554	-0.6752	1.3088	-1.8551	-1.1832	
13.28	-0.4693	1.1117	0.9631	-1.7327	-1.1252	
13.29	1.3216	-0.8828	0.5249	-1.291	-0.9663	
13.3	0.3759	1.05	0.2963	-0.9622	-0.8321	
13.31	-0.1414	-0.8855	0.192	-0.6485	-0.7268	
13.32	1.5451	0.7838	0.1846	-0.3322	-0.5043	
13.33	-0.0871	-0.8638	0.3317	-0.0473	-0.2776	
13.34	0.3417	0.5251	0.6096	0.1807	-0.1079	
13.35	1.5279	-0.5817	0.8506	0.2901	0.1095	
13.36	-0.4002	0.069	1.1051	0.3963	0.2997	
13.37	0.8562	-0.2842	1.5052	0.3077	0.4683	
13.38	1.0706	-0.3902	1.9898	0.2333	0.6891	
13.39	-0.5366	-0.0058	2.0421	0.0423	0.8473	
13.4	1.2479	-0.9296	2.2299	-0.1935	0.9657	
13.41	0.4398	0.2626	1.8724	-0.4528	0.9887	
13.42	-0.3343	-1.1665	1.7856	-0.7305	1.0586	
13.43	1.4285	0.3869	1.4764	-0.8206	1.1244	
13.44	-0.1335	-1.5554	0.9819	-1.1469	1.1906	
13.45	-0.0409	0.4009	0.7517	-1.0848	1.0856	
13.46	1.1775	-1.652	0.3593	-1.1453	0.9887	
13.47	-0.6847	0.2656	0.0809	-1.1076	0.8856	
13.48	0.3645	-1.597	-0.0824	-0.9942	0.8248	
13.49	0.7306	0.0095	-0.1371	-0.6685	0.5747	
13.5	-0.9617	-1.3805	-0.0507	-0.4431	0.4609	
13.51	0.6263	-0.3479	0.1475	-0.0872	0.3008	
13.52	0.1716	-1.0126	0.4455	0.2226	0.1335	
13.53	-0.9113	-0.7976	0.7878	0.5641	-0.0114	
13.54	0.8987	-0.8323	1.1022	0.8204	-0.155	
13.55	-0.4968	-1.2811	1.3262	1.0	-0.2994	
13.56	-0.7145	-0.5153	1.5238	1.2103	-0.4075	
13.57	0.7022	-1.7516	1.801	1.3539	-0.4709	
13.58	-1.0764	-0.2775	1.7898	1.2919	-0.486	
13.59	-0.315	-2.182	1.5775	1.0245	-0.5779	
13.6	0.3528	-0.1667	1.2818	0.8357	-0.5692	
13.61	-1.4702	-2.3322	0.7698	0.7368	-0.5114	
13.62	0.056	-0.2337	0.4131	0.4243	-0.4024	
13.63	-0.1757	-2.1466	0.0846	0.1584	-0.3219	
13.64	-1.5107	-0.4473	-0.2383	-0.0953	-0.2344	
13.65	0.336	-2.1405	-0.429	-0.2901	-0.0818	
13.66	-0.7599	-0.7468	-0.5581	-0.3751	0.066	
13.67	-1.2944	-1.8522	-0.4938	-0.4166	0.2229	
13.68	0.3686	-1.0948	-0.3615	-0.4306	0.3871	
13.69	-1.3526	-1.3936	-0.1039	-0.2685	0.5311	
13.7	-0.892	-1.4637	0.2119	-0.0852	0.6223	
13.71	0.1749	-1.0151	0.587	0.181	0.7803	
13.72	-1.6975	-2.1258	0.9129	0.4389	0.8455	
