0.01	0.7632	0.4366	0.3521	0.392	0.2226	
0.02	1.2809	0.781	0.6557	0.7022	0.4379	
0.03	0.9664	0.9946	1.003	1.053	0.6434	
0.04	0.3476	1.1679	1.2751	1.2587	0.8471	
0.05	-0.2664	1.0144	1.2909	1.5132	1.0623	
0.06	-0.446	0.798	1.1664	1.6967	1.2524	
0.07	-0.0945	0.4473	1.0519	1.8576	1.3394	
0.08	0.6506	0.0405	0.8973	1.8728	1.5389	
0.09	1.3204	-0.3205	0.5701	2.1673	1.5505	
0.1	1.8753	-0.5528	0.2608	2.1468	1.6069	
0.11	1.7422	-0.5619	0.0134	1.869	1.7634	
0.12	0.9893	-0.4605	-0.1929	1.653	1.9574	
0.13	0.288	-0.2037	-0.3486	1.4601	2.1709	
0.14	0.0266	0.2015	-0.3458	1.2139	2.0127	
0.15	0.348	0.6051	-0.2533	0.9941	2.0076	
0.16	1.0725	0.9787	-0.0724	0.6094	2.1707	
0.17	1.7423	1.5047	0.1953	0.2242	2.359	
0.18	2.0882	1.8008	0.5044	-0.1222	2.087	
0.19	1.7169	1.561	0.9477	-0.4176	2.2462	
0.2	1.1477	1.6293	1.2989	-0.7165	2.3604	
0.21	0.4609	1.2736	1.673	-1.0954	2.177	
0.22	0.108	0.8568	1.8531	-1.4259	2.236	
0.23	0.4096	0.5169	1.926	-1.6509	2.2052	
0.24	0.9602	0.1561	2.215	-1.5579	2.1185	
0.25	1.6012	-0.0396	2.1672	-1.711	2.0658	
0.26	1.9224	-0.0722	1.8056	-1.8489	1.7666	
0.27	1.6721	0.0646	1.4531	-1.859	1.828	
0.28	0.9749	0.3706	1.2242	-1.6088	1.77	
0.29	0.1215	0.7047	0.9689	-1.6327	1.4932	
0.3	-0.2184	1.2615	0.6754	-1.3069	1.453	
0.31	-0.0163	1.6959	0.5637	-1.1278	1.3271	
0.32	0.6128	1.8609	0.4365	-0.7324	1.1526	
0.33	1.3266	2.1439	0.3613	-0.392	0.9648	
0.34	1.5681	2.1448	0.4693	-0.0269	0.9587	
0.35	1.1881	1.8991	0.7189	0.3314	0.8041	
0.36	0.3481	1.6388	0.9023	0.6643	0.705	
0.37	-0.3998	1.2121	1.2577	1.0372	0.5955	
0.38	-0.8169	0.8233	1.6455	1.3082	0.4631	
0.39	-0.5658	0.5654	1.7947	1.5929	0.4172	
0.4	0.0033	0.3533	2.4037	2.0307	0.3356	
0.41	0.6416	0.3803	2.2611	2.1399	0.2201	
0.42	0.823	0.5128	2.7965	2.218	0.1665	
0.43	0.512	0.8435	2.4575	2.2633	0.1026	
0.44	-0.2114	1.2338	2.7569	2.4487	0.065	
0.45	-1.0238	1.7021	2.1529	2.0886	0.0288	
0.46	-1.4504	2.1935	2.2456	2.1044	0.002	
0.47	-1.0414	2.3434	1.6638	1.7532	-0.0128	
0.48	-0.4748	2.5925	1.4299	1.5914	-0.0178	
0.49	0.1822	2.665	1.2829	1.2949	-0.0144	
0.5	0.4571	2.2218	0.8876	0.994	0.0001	
0.51	0.1504	1.7965	0.7947	0.7443	0.0254	
0.52	-0.5338	1.4002	0.8885	0.392	0.0524	
0.53	-1.3189	1.208	0.8743	0.0094	0.0919	
0.54	-1.5739	0.7583	1.1796	-0.2998	0.1357	
0.55	-1.2367	0.6331	1.3353	-0.6968	0.1809	
0.56	-0.5903	0.6962	1.6223	-0.8811	0.2584	
0.57	0.0829	0.8962	2.006	-1.1026	0.295	
0.58	0.4024	1.3026	2.2741	-1.4835	0.3659	
0.59	0.1752	1.4773	2.7318	-1.4111	0.4407	
0.6	-0.4334	1.9538	2.6008	-1.5106	0.5228	
0.61	-1.0971	2.2406	2.6233	-1.6066	0.5182	
0.62	-1.4194	2.9149	2.8903	-1.5772	0.6871	
0.63	-1.0301	2.8987	2.4764	-1.3487	0.7517	
0.64	-0.3405	2.7506	2.7015	-1.1846	0.7089	
0.65	0.4394	2.3724	2.0134	-0.9392	0.7876	
0.66	0.7982	2.0392	1.9543	-0.7579	0.8577	
0.67	0.6502	1.5375	1.4176	-0.4436	0.8549	
0.68	0.0261	1.1184	1.316	-0.0636	1.0021	
0.69	-0.5908	0.8929	1.118	0.2926	0.9641	
0.7	-0.8948	0.7256	0.9466	0.6982	1.0165	
0.71	-0.4669	0.8244	0.8745	1.0377	0.9904	
0.72	0.3255	1.1617	1.0129	1.242	1.0708	
0.73	1.2104	1.4113	1.2122	1.6785	0.9733	
0.74	1.4844	1.7336	1.2782	1.7821	0.8706	
0.75	1.4362	2.2016	1.83	2.2964	0.8853	
0.76	0.7089	2.4998	2.0019	2.4136	0.904	
0.77	0.1075	2.8429	2.4276	2.5338	0.9054	
0.78	-0.1162	3.0363	2.7593	2.5432	0.8556	
0.79	0.2203	2.7622	2.8052	2.4517	0.8138	
0.8	0.9828	2.507	2.8035	2.2972	0.6867	
0.81	1.8419	1.9979	2.7756	2.1266	0.6643	
0.82	2.2363	1.4469	2.4096	2.1452	0.6621	
0.83	2.0227	1.0685	2.2321	1.6702	0.5828	
0.84	1.408	0.8961	2.0533	1.6166	0.5202	
0.85	0.7293	0.7885	1.6107	1.2394	0.3921	
0.86	0.4719	0.884	1.317	0.8183	0.3358	
0.87	0.8173	1.0145	0.9962	0.4492	0.2991	
0.88	1.514	1.4725	0.7965	0.1197	0.2149	
0.89	2.3168	1.9772	0.5696	-0.2109	0.1962	
0.9	2.3444	2.3151	0.5041	-0.5111	0.1405	
0.91	2.1176	2.481	0.6096	-0.8274	0.0837	
0.92	1.6275	2.6453	0.7269	-1.1129	0.0511	
0.93	0.9225	2.575	1.1207	-1.1173	0.015	
0.94	0.6579	2.2956	1.2468	-1.3886	-0.0072	
0.95	0.9384	2.0474	1.6288	-1.3706	-0.0206	
0.96	1.5895	1.5646	1.9833	-1.2929	-0.027	
0.97	2.1724	1.4081	2.2839	-1.3417	-0.0237	
0.98	2.4827	0.9645	2.1926	-1.2584	-0.0099	
0.99	2.1001	0.6675	2.3988	-1.0354	0.0125	
1.0	1.4291	0.6804	2.0603	-0.6647	0.0478	
1.01	0.7759	0.7771	2.0191	-0.4647	0.0872	
1.02	0.3662	0.991	1.7184	-0.0963	0.1348	
1.03	0.565	1.458	1.3885	0.2219	0.1906	
1.04	1.284	1.6815	0.9381	0.5874	0.2934	
1.05	1.8205	1.9737	0.6618	0.9179	0.3414	
1.06	2.0995	2.6195	0.3585	1.3642	0.4067	
1.07	1.6284	2.3056	0.1054	1.634	0.52	
1.08	1.0739	2.462	-0.0271	2.0406	0.5528	
1.09	0.1752	2.3984	-0.0605	2.3617	0.7425	
1.1	-0.2407	1.9893	0.0221	2.3959	0.8118	
1.11	-0.0551	1.3492	0.1892	2.5145	0.927	
1.12	0.5643	1.0255	0.4202	2.559	1.0933	
1.13	1.2808	0.6368	0.7951	2.7523	1.025	
1.14	1.5699	0.3694	1.0129	2.5792	1.24	
1.15	1.2176	0.3619	1.1506	2.5899	1.1856	
1.16	0.3414	0.5271	1.4533	2.2835	1.5074	
1.17	-0.3816	0.7233	1.7194	1.9673	1.4409	
1.18	-0.7887	1.245	1.4986	1.7172	1.5538	
1.19	-0.5976	1.5449	1.573	1.6853	1.4534	
1.2	-0.0113	1.8972	1.15	1.1917	1.7139	
1.21	0.6811	2.0646	1.0572	0.8782	1.6373	
1.22	0.9664	2.0202	0.6382	0.5259	1.5589	
1.23	0.6952	2.2245	0.2433	0.1878	1.8551	
1.24	-0.0642	1.9375	-0.1228	-0.1195	1.6358	
1.25	-0.7412	1.4264	-0.4167	-0.4569	1.5573	
1.26	-1.1741	0.9243	-0.6347	-0.7266	1.7854	
1.27	-0.9719	0.5624	-0.8217	-0.8803	1.5241	
1.28	-0.2924	0.1979	-0.765	-1.155	1.5487	
1.29	0.4768	0.0147	-0.6415	-1.2462	1.3938	
1.3	0.8701	0.0082	-0.4916	-1.2499	1.5536	
1.31	0.579	0.1612	-0.2463	-1.2749	1.2977	
1.32	-0.0912	0.5005	0.029	-1.1035	1.2232	
1.33	-0.7281	0.8795	0.3294	-0.8619	0.9982	
1.34	-1.176	1.3309	0.5171	-0.7875	0.9616	
1.35	-0.7505	1.6573	0.8341	-0.5108	0.7611	
1.36	-0.0826	1.7742	0.934	-0.1652	0.6355	
1.37	0.7464	1.6132	0.8559	0.175	0.453	
1.38	1.1483	1.5547	0.7888	0.5406	0.2688	
1.39	0.9439	1.205	0.5038	0.8386	0.0959	
1.4	0.2797	0.8907	0.1993	1.165	-0.1126	
1.41	-0.3708	0.4137	-0.16	1.7142	-0.286	
1.42	-0.6057	0.0489	-0.5646	1.7797	-0.4667	
1.43	-0.2808	-0.2612	-0.8265	2.1899	-0.6986	
1.44	0.5066	-0.4171	-1.2364	2.4558	-0.9322	
1.45	1.2465	-0.3313	-1.4296	2.6965	-1.0164	
1.46	1.5702	-0.1559	-1.5609	2.4899	-1.2364	
1.47	1.5112	0.1672	-1.4681	2.9906	-1.4485	
1.48	0.9055	0.5038	-1.4279	3.0519	-1.4767	
1.49	0.3397	0.8388	-1.2288	2.9918	-1.7387	
1.5	0.0676	1.1775	-0.9567	2.6592	-2.0153	
1.51	0.4311	1.4325	-0.5766	2.2473	-2.2686	
1.52	1.0705	1.2925	-0.2627	2.2292	-2.437	
1.53	1.7771	1.2301	-0.0275	1.7927	-2.2185	
1.54	2.1936	0.842	0.16	1.5238	-2.5407	
1.55	2.1562	0.4282	0.2682	1.1992	-2.5558	
1.56	1.4764	-0.0297	0.2486	0.8738	-2.443	
1.57	1.0181	-0.3856	0.0959	0.5565	-2.8794	
1.58	0.7396	-0.6518	-0.1141	0.2198	-2.932	
1.59	0.8742	-0.7438	-0.393	-0.0879	-2.8227	
1.6	1.5558	-0.7537	-0.7578	-0.3922	-2.7897	
1.61	2.6185	-0.4488	-1.1298	-0.6644	-2.5984	
1.62	2.6145	-0.1558	-1.5193	-0.813	-2.7351	
1.63	2.482	0.2729	-1.7529	-0.9753	-2.8494	
1.64	1.8086	0.6131	-1.7349	-0.9534	-2.5827	
1.65	1.3531	0.8855	-2.1559	-1.0005	-2.344	
1.66	0.9367	1.001	-2.0863	-1.0321	-2.3218	
1.67	1.2037	1.0595	-1.7518	-0.9733	-2.1872	
1.68	2.0067	0.7353	-1.7119	-0.7995	-2.3548	
1.69	2.3885	0.4153	-1.3347	-0.5228	-2.0939	
1.7	2.9297	-0.0344	-0.8858	-0.2662	-2.1211	
1.71	2.5342	-0.5024	-0.5955	0.0533	-1.7552	
1.72	2.0123	-0.7624	-0.4294	0.3843	-1.7943	
1.73	1.0386	-1.0693	-0.1904	0.6744	-1.4222	
1.74	0.793	-1.1607	-0.1219	1.1174	-1.3518	
1.75	0.8534	-0.9872	-0.1399	1.4917	-1.2581	
1.76	1.4636	-0.7234	-0.2569	1.9318	-1.0284	
1.77	2.1065	-0.3876	-0.5326	1.9988	-1.0083	
1.78	2.6122	0.0175	-0.8127	2.107	-0.8027	
1.79	2.3194	0.3622	-1.0504	2.5735	-0.7404	
1.8	1.5729	0.6255	-1.4811	2.7179	-0.5725	
1.81	0.6556	0.766	-1.6684	3.0661	-0.4836	
1.82	0.2068	0.6688	-2.0876	2.645	-0.3459	
1.83	0.3669	0.3773	-2.3506	2.9991	-0.238	
1.84	0.9677	0.0277	-2.0398	2.7251	-0.1304	
1.85	1.5631	-0.4035	-2.1285	2.6182	-0.0446	
1.86	1.9473	-0.7838	-1.7913	2.3147	0.0246	
1.87	1.6895	-1.1333	-1.7751	2.3977	0.0895	
1.88	0.7425	-1.3096	-1.3807	1.858	0.1392	
1.89	-0.0157	-1.4175	-1.0758	1.5012	0.186	
1.9	-0.4343	-1.2052	-0.7112	1.301	0.2036	
1.91	-0.3225	-0.9077	-0.433	0.9605	0.219	
1.92	0.2849	-0.5309	-0.2671	0.5496	0.2224	
1.93	0.888	-0.1234	-0.1807	0.2308	0.1939	
1.94	1.2217	0.2213	-0.2155	-0.0672	0.1861	
1.95	0.9149	0.4806	-0.3335	-0.3415	0.1675	
1.96	0.2534	0.5295	-0.5636	-0.5198	0.1234	
1.97	-0.4777	0.43	-0.9161	-0.6964	0.0831	
1.98	-0.983	0.1265	-1.272	-0.9366	0.0315	
1.99	-0.6836	-0.2431	-1.4161	-0.9661	-0.0293	
2.0	-0.0863	-0.7156	-1.7236	-0.9493	-0.0949	
2.01	0.6539	-0.9777	-1.953	-0.8435	-0.155	
2.02	0.9172	-1.3224	-2.2097	-0.7296	-0.2291	
2.03	0.7672	-1.5295	-2.1298	-0.6205	-0.2776	
2.04	0.1048	-1.3931	-2.0527	-0.3188	-0.3799	
2.05	-0.6648	-1.2935	-1.9046	-0.079	-0.4424	
2.06	-0.9178	-1.0026	-1.5249	0.2154	-0.5038	
2.07	-0.6927	-0.6058	-1.1966	0.6025	-0.5963	
2.08	-0.0312	-0.1644	-0.8381	0.8161	-0.5597	
2.09	0.8103	0.1711	-0.5303	1.2938	-0.6838	
2.1	1.2017	0.3632	-0.2595	1.4834	-0.7077	
2.11	0.9022	0.4433	-0.0905	1.9203	-0.8199	
2.12	0.3697	0.2962	-0.0046	2.3381	-0.7168	
2.13	-0.3194	-0.0136	-0.028	2.2791	-0.7517	
2.14	-0.5677	-0.4368	-0.1615	2.8181	-0.7593	
2.15	-0.3004	-0.7882	-0.402	2.6457	-0.8091	
2.16	0.4451	-1.2425	-0.6903	3.149	-0.8623	
2.17	1.3631	-1.3329	-0.9621	2.728	-0.9057	
2.18	1.5841	-1.4308	-1.378	3.0798	-0.7388	
2.19	1.7044	-1.4798	-1.4584	2.8273	-0.7484	
2.2	1.0277	-1.2007	-1.8383	2.8601	-0.7487	
2.21	0.332	-0.9091	-1.9419	2.5169	-0.7077	
2.22	0.0406	-0.5121	-1.9292	2.2996	-0.638	
2.23	0.3191	-0.0851	-1.6693	2.0354	-0.5749	
2.24	1.082	0.2101	-1.5903	1.454	-0.6246	
2.25	1.8258	0.4244	-1.0972	1.2572	-0.4874	
2.26	2.2865	0.4118	-0.9341	0.8518	-0.4363	
2.27	2.2817	0.2631	-0.497	0.5373	-0.3732	
2.28	1.7174	-0.0645	-0.1807	0.2015	-0.3099	
2.29	0.9458	-0.4728	0.0842	-0.0947	-0.2759	
2.3	0.6668	-0.8744	0.2539	-0.3691	-0.1995	
2.31	0.9833	-1.1482	0.378	-0.6355	-0.1402	
2.32	1.7778	-1.6057	0.3071	-0.7639	-0.0798	
2.33	2.6746	-1.4063	0.1741	-0.9	-0.0156	
2.34	2.6095	-1.4755	-0.0477	-0.831	0.033	
2.35	2.8236	-1.0664	-0.3392	-0.8078	0.0746	
2.36	1.8719	-0.8049	-0.7015	-0.8222	0.121	
2.37	1.4568	-0.3447	-0.9384	-0.6817	0.1526	
2.38	1.0385	0.0698	-1.1736	-0.5222	0.1894	
2.39	1.3068	0.3918	-1.2921	-0.2258	0.2156	
2.4	1.8926	0.495	-1.3705	0.0435	0.2148	
2.41	2.3638	0.5141	-1.5659	0.3543	0.1981	
2.42	3.0419	0.3076	-1.3258	0.6807	0.1971	
2.43	2.835	-0.0447	-1.0333	0.9837	0.1731	
2.44	2.0054	-0.4743	-0.8034	1.3423	0.1583	
2.45	1.3553	-0.8396	-0.3896	1.6378	0.1054	
2.46	0.9138	-1.1048	-0.0602	2.1152	0.0676	
2.47	0.9462	-1.2817	0.2372	2.3201	0.0193	
2.48	1.5697	-1.4294	0.5146	2.4337	-0.0439	
2.49	2.2375	-1.2471	0.6465	2.8342	-0.0986	
2.5	2.7778	-0.9622	0.8024	2.8393	-0.1675	
2.51	2.417	-0.542	0.7206	2.9919	-0.2749	
2.52	1.5363	-0.1029	0.5422	2.77	-0.3287	
2.53	0.8311	0.2703	0.3141	2.6885	-0.3969	
2.54	0.3394	0.5908	0.0044	2.7087	-0.5387	
2.55	0.5003	0.7131	-0.293	2.3641	-0.5196	
2.56	1.1022	0.5771	-0.564	2.5344	-0.6883	
2.57	1.8652	0.4015	-0.936	2.1134	-0.6739	
2.58	1.8019	0.0354	-0.9794	1.7797	-0.7589	
2.59	1.8204	-0.3484	-1.1387	1.4208	-0.797	
2.6	1.0625	-0.7795	-0.9713	1.0646	-0.9733	
2.61	0.1381	-1.149	-0.9917	0.7013	-1.0635	
2.62	-0.302	-1.3249	-0.6473	0.3971	-1.0379	
2.63	-0.2112	-1.231	-0.404	0.0886	-1.0956	
2.64	0.3753	-1.0729	-0.0257	-0.1732	-1.1704	
2.65	1.0272	-0.7362	0.2869	-0.4077	-1.2119	
2.66	1.2488	-0.2889	0.5699	-0.6674	-1.0718	
2.67	1.1303	0.1709	0.9322	-0.7696	-1.1842	
2.68	0.3284	0.567	0.9999	-0.8465	-1.1711	
2.69	-0.4556	0.7791	1.0463	-0.839	-1.1562	
2.7	-0.8387	0.8049	0.9679	-0.9347	-0.9431	
2.71	-0.695	0.7945	0.8668	-0.8056	-0.9825	
2.72	-0.1261	0.4888	0.5902	-0.602	-0.9066	
2.73	0.5657	0.1177	0.2198	-0.4131	-0.7327	
2.74	0.9271	-0.2995	-0.0914	-0.1911	-0.6579	
2.75	0.6922	-0.7297	-0.3606	0.1149	-0.5227	
2.76	0.0748	-0.9795	-0.6743	0.4558	-0.4717	
2.77	-0.7231	-0.9877	-0.8179	0.7366	-0.2628	
2.78	-0.9991	-0.9872	-0.8428	1.1421	-0.1302	
2.79	-0.9193	-0.7814	-0.8741	1.4201	0.0206	
2.8	-0.1905	-0.4395	-0.6221	1.7807	0.1914	
2.81	0.5837	-0.0107	-0.4082	1.9564	0.328	
2.82	1.0403	0.3971	-0.1181	2.2942	0.5786	
2.83	0.8303	0.6903	0.217	2.3376	0.7107	
2.84	0.2041	0.868	0.5152	2.7091	0.8443	
2.85	-0.471	0.9853	0.7637	2.5813	1.0563	
2.86	-0.7678	0.8409	1.0442	2.7009	1.394	
2.87	-0.5444	0.5791	1.2594	2.8518	1.4682	
2.88	0.1364	0.1928	1.2195	2.521	1.497	
2.89	0.9663	-0.2172	1.155	2.7646	1.975	
2.9	1.4807	-0.6252	0.9058	2.442	1.891	
2.91	1.3447	-0.8857	0.5823	2.0965	2.3255	
2.92	0.7557	-0.8495	0.2859	1.8868	2.3701	
2.93	0.0681	-0.8335	-0.0392	1.4181	2.2848	
2.94	-0.2334	-0.6233	-0.3143	1.2529	2.7464	
2.95	0.0078	-0.2362	-0.5931	0.916	2.6062	
2.96	0.779	0.2012	-0.7398	0.6144	2.5995	
2.97	1.5031	0.5577	-0.7324	0.2626	2.9115	
2.98	2.2225	0.9537	-0.7298	-0.0411	2.7753	
2.99	1.7874	1.1216	-0.5949	-0.2931	3.1417	
3.0	1.404	1.1637	-0.3263	-0.5096	2.9012	
3.01	0.6491	0.921	-0.0524	-0.7298	3.1506	
3.02	0.3446	0.558	0.2734	-0.8594	3.0871	
3.03	0.6105	0.1806	0.5357	-0.9569	2.8449	
3.04	1.3988	-0.25	0.7908	-0.9859	3.0636	
3.05	2.222	-0.6	0.9754	-0.9126	2.6017	
3.06	2.7418	-0.8233	1.1054	-0.8574	2.8714	
3.07	2.6833	-0.9091	1.2082	-0.6537	2.8315	
3.08	2.0176	-0.7568	0.9993	-0.4166	2.6362	
3.09	1.0659	-0.4628	0.8271	-0.1688	2.4615	
3.1	0.7358	-0.1021	0.468	0.1205	2.4293	
3.11	1.0172	0.3038	0.202	0.4459	2.0853	
3.12	1.4699	0.6934	-0.1622	0.6846	2.1586	
3.13	2.3132	1.0648	-0.4913	1.0532	1.8995	
3.14	3.0243	1.0728	-0.6342	1.2594	1.7893	
3.15	2.366	1.0249	-0.8501	1.7556	1.4728	
3.16	1.8374	0.8328	-0.9868	1.8275	1.2915	
3.17	1.2246	0.5265	-0.8256	2.054	1.3563	
3.18	0.7299	0.075	-0.6798	2.2835	1.0954	
3.19	0.8501	-0.3151	-0.3954	2.5788	0.9888	
3.2	1.5859	-0.7196	-0.1329	2.4636	0.7211	
3.21	2.3259	-0.9076	0.191	2.5318	0.5935	
3.22	2.6766	-0.9372	0.5246	2.5702	0.3997	
3.23	2.3336	-0.8034	0.7822	2.6073	0.321	
3.24	1.4536	-0.4762	0.8706	2.2039	0.1701	
3.25	0.7754	-0.0532	1.0405	2.1412	0.0274	
3.26	0.2492	0.3506	0.9212	1.8908	-0.0824	
3.27	0.3682	0.6611	0.8389	1.6536	-0.1966	
3.28	0.8538	0.8851	0.6729	1.3002	-0.3164	
3.29	1.5721	0.9629	0.307	1.0437	-0.3531	
3.3	1.8036	0.9097	-0.0214	0.7052	-0.4789	
3.31	1.7664	0.7048	-0.3695	0.3827	-0.4998	
3.32	0.9718	0.3358	-0.6456	0.0574	-0.5615	
3.33	0.0572	-0.1116	-0.8673	-0.2148	-0.6071	
3.34	-0.4284	-0.4804	-0.9554	-0.4766	-0.547	
3.35	-0.3668	-0.8583	-0.9974	-0.6839	-0.6207	
3.36	0.1999	-0.921	-1.0154	-0.9375	-0.5386	
3.37	0.7712	-1.0178	-0.8457	-0.9957	-0.5325	
3.38	1.2185	-0.782	-0.535	-0.9492	-0.5928	
3.39	0.9891	-0.4995	-0.269	-0.9307	-0.4664	
3.4	0.2174	-0.1026	0.0653	-1.0038	-0.4886	
3.41	-0.5874	0.3133	0.3346	-0.8836	-0.3694	
3.42	-1.1785	0.6128	0.6223	-0.735	-0.3557	
3.43	-1.0266	0.9162	0.8207	-0.4591	-0.2949	
3.44	-0.3949	0.9053	0.8665	-0.2038	-0.2051	
3.45	0.3051	0.6857	0.7346	0.0934	-0.1333	
3.46	0.639	0.4452	0.6562	0.3861	-0.069	
3.47	0.5347	0.0631	0.4283	0.6672	0.0141	
3.48	-0.1818	-0.404	0.1055	1.0954	0.088	
3.49	-0.9551	-0.8096	-0.2376	1.4349	0.155	
3.5	-1.5171	-1.1282	-0.5963	1.6198	0.2556	
3.51	-1.1881	-1.1731	-0.8649	1.682	0.3012	
3.52	-0.573	-1.0578	-1.0189	2.2559	0.3909	
3.53	0.1575	-0.9542	-1.3042	2.0689	0.4476	
3.54	0.579	-0.613	-1.2073	2.3296	0.4685	
3.55	0.4113	-0.2065	-1.038	2.3709	0.4702	
3.56	-0.1443	0.1537	-0.9225	2.2664	0.5578	
3.57	-0.8176	0.514	-0.6292	2.6078	0.5259	
3.58	-1.3022	0.6347	-0.3087	2.373	0.6064	
3.59	-1.089	0.6403	-0.0109	2.0226	0.5762	
3.6	-0.343	0.4579	0.3035	1.9884	0.6487	
3.61	0.4638	0.1408	0.4928	1.5129	0.5804	
3.62	0.9829	-0.2816	0.6606	1.4749	0.598	
3.63	0.8303	-0.7495	0.7552	1.0691	0.508	
3.64	0.2881	-1.1283	0.6976	0.7899	0.5575	
3.65	-0.4433	-1.416	0.5824	0.4795	0.4931	
3.66	-0.7529	-1.4148	0.3101	0.1333	0.4234	
3.67	-0.5115	-1.4512	-0.0164	-0.1834	0.3623	
3.68	0.1754	-1.1985	-0.3536	-0.4263	0.322	
3.69	0.9062	-0.742	-0.7176	-0.6451	0.2841	
3.7	1.419	-0.4498	-0.8847	-0.8469	0.2176	
3.71	1.306	-0.0424	-1.2241	-1.0931	0.1524	
3.72	0.8802	0.2266	-1.2593	-1.0275	0.0755	
3.73	0.1879	0.3941	-1.1988	-1.0942	0.0053	
3.74	-0.1489	0.3145	-1.1273	-1.1682	-0.066	
3.75	0.0743	0.115	-0.9297	-1.0685	-0.1178	
3.76	0.7173	-0.2123	-0.5575	-0.8601	-0.1836	
3.77	1.6408	-0.685	-0.2534	-0.8198	-0.2663	
3.78	2.1839	-1.1605	0.0492	-0.5016	-0.3176	
3.79	1.8159	-1.4645	0.3753	-0.2566	-0.353	
3.8	1.3888	-1.7083	0.5409	0.0098	-0.3856	
3.81	0.7084	-1.861	0.7035	0.3375	-0.3972	
3.82	0.2713	-1.7117	0.8588	0.5632	-0.4244	
3.83	0.4397	-1.4975	0.7179	0.9615	-0.4252	
3.84	1.0155	-1.1063	0.5995	1.2949	-0.4545	
3.85	1.7411	-0.6176	0.3241	1.5864	-0.4432	
3.86	2.4847	-0.251	0.0339	1.6543	-0.468	
3.87	2.1702	-0.0061	-0.3154	2.0985	-0.424	
3.88	1.7065	0.0843	-0.586	2.1091	-0.4636	
3.89	0.8742	0.0105	-0.7733	2.0959	-0.4369	
3.9	0.344	-0.2318	-0.9894	1.9917	-0.4044	
3.91	0.4519	-0.6635	-1.1347	2.0283	-0.2959	
3.92	1.1081	-1.0902	-1.1593	2.0256	-0.2599	
3.93	1.7618	-1.343	-0.902	2.156	-0.1985	
3.94	2.2638	-1.8894	-0.6884	1.8798	-0.1505	
3.95	1.8292	-2.0926	-0.4156	1.7452	-0.0988	
3.96	1.1627	-2.0907	-0.0416	1.3286	-0.0249	
3.97	0.4922	-1.7511	0.2887	1.0575	0.0419	
3.98	-0.0476	-1.5181	0.6427	0.842	0.1151	
3.99	0.0152	-1.1931	0.9109	0.5038	0.1843	
4.0	0.5409	-0.7682	1.0417	0.1442	0.2544	
4.01	1.1828	-0.4303	1.1161	-0.1339	0.312	
4.02	1.6554	-0.2258	0.9978	-0.39	0.3539	
4.03	1.5032	-0.1535	0.8362	-0.7132	0.4506	
4.04	0.6673	-0.2719	0.5498	-0.9915	0.508	
4.05	-0.1885	-0.5902	0.2659	-1.0191	0.4718	
4.06	-0.6634	-0.923	-0.0505	-1.1494	0.4921	
4.07	-0.729	-1.3918	-0.3369	-1.2714	0.5749	
4.08	-0.1593	-1.7457	-0.6042	-1.2259	0.5542	
4.09	0.4947	-1.9503	-0.808	-1.3608	0.6176	
4.1	0.9236	-2.2699	-0.8057	-1.2598	0.5559	
4.11	0.6547	-2.3647	-0.6812	-1.0177	0.4937	
4.12	-0.056	-2.1049	-0.5292	-0.8103	0.4982	
4.13	-0.8627	-1.6522	-0.314	-0.5726	0.4881	
4.14	-1.503	-1.4318	0.0048	-0.3912	0.3547	
4.15	-1.4901	-0.9236	0.3525	-0.0994	0.3428	
4.16	-0.8087	-0.6382	0.6438	0.2153	0.2079	
4.17	-0.0982	-0.3626	0.9127	0.5393	0.124	
4.18	0.2705	-0.3391	1.1758	0.7599	0.0202	
4.19	0.1011	-0.515	1.2692	1.0421	-0.1091	
4.2	-0.5171	-0.7152	1.4373	1.2211	-0.228	
4.21	-1.386	-1.2976	1.374	1.4693	-0.3428	
4.22	-1.6652	-1.6404	1.2287	1.822	-0.4826	
4.23	-1.7283	-2.1911	0.9095	1.8287	-0.699	
4.24	-1.1322	-2.1078	0.6205	1.9118	-0.8677	
4.25	-0.3858	-2.3404	0.2915	1.9041	-0.9101	
4.26	0.0728	-2.2728	0.0163	1.8615	-1.0688	
4.27	-0.0485	-2.0381	-0.2091	1.8028	-1.2881	
4.28	-0.6981	-1.7271	-0.3384	1.6668	-1.6186	
4.29	-1.3752	-1.3698	-0.3558	1.5449	-1.6468	
4.3	-1.7833	-0.9168	-0.2756	1.3057	-1.8859	
4.31	-1.5352	-0.6209	-0.1156	1.0334	-1.873	
4.32	-1.0136	-0.4415	0.1447	0.8018	-2.1447	
4.33	-0.1887	-0.4394	0.5145	0.5039	-2.2972	
4.34	0.3312	-0.6473	0.7757	0.1645	-2.5459	
4.35	0.2407	-0.9313	1.1379	-0.1518	-2.3765	
4.36	-0.3228	-1.3247	1.4062	-0.4364	-2.8014	
4.37	-1.0674	-1.8238	1.6339	-0.7343	-2.8483	
4.38	-1.3227	-2.2099	1.8462	-0.9081	-2.8324	
4.39	-1.1382	-2.2336	1.6574	-1.2296	-2.9538	
4.4	-0.4972	-2.2167	1.781	-1.286	-2.887	
4.41	0.3471	-2.2679	1.5082	-1.3945	-3.2209	
4.42	0.8601	-2.1299	1.1694	-1.3336	-2.9479	
4.43	0.7514	-1.4728	0.9633	-1.3499	-2.8007	
4.44	0.2871	-1.1341	0.6571	-1.5322	-3.0445	
4.45	-0.4158	-0.7747	0.3705	-1.3224	-2.7742	
4.46	-0.7854	-0.5256	0.1637	-1.0751	-3.0887	
4.47	-0.5818	-0.3548	0.033	-0.9689	-2.5734	
4.48	0.0995	-0.389	0.0105	-0.7519	-2.6324	
4.49	0.8668	-0.6228	0.1054	-0.4946	-2.5777	
4.5	1.4203	-0.8569	0.2874	-0.2126	-2.6134	
4.51	1.2984	-1.3959	0.5365	0.0576	-2.5117	
4.52	0.7542	-1.8272	0.8262	0.3698	-2.2505	
4.53	0.1253	-1.94	1.1368	0.6001	-2.0433	
4.54	-0.3056	-2.1653	1.6033	0.9158	-1.9247	
4.55	-0.1413	-2.0499	1.9114	1.2226	-1.7505	
4.56	0.5316	-2.1703	2.0745	1.2564	-1.4501	
4.57	1.2726	-1.8389	2.0621	1.5063	-1.4866	
4.58	1.9129	-1.4519	2.1036	1.5752	-1.2707	
4.59	1.6314	-1.0129	2.059	1.5138	-0.9549	
4.6	1.173	-0.5861	1.9037	1.5523	-0.9148	
4.61	0.339	-0.2783	1.5167	1.4616	-0.7071	
4.62	-0.1312	-0.1395	1.3156	1.579	-0.5045	
4.63	-0.0384	-0.192	0.8862	1.273	-0.3068	
4.64	0.505	-0.4113	0.5588	1.1499	-0.1206	
4.65	1.2835	-0.7903	0.3907	1.0362	0.0321	
4.66	1.5617	-1.0608	0.2696	0.7773	0.2083	
4.67	1.4397	-1.6096	0.2231	0.4504	0.3708	
4.68	0.9463	-1.8318	0.3691	0.1533	0.4493	
4.69	0.0823	-1.9978	0.5379	-0.1658	0.6609	
4.7	-0.4709	-1.8671	0.7908	-0.4714	0.6528	
4.71	-0.3876	-1.7394	1.1893	-0.665	0.8435	
4.72	0.1399	-1.3319	1.5288	-0.9686	0.8976	
4.73	0.9003	-1.0165	1.8845	-1.2841	0.9848	
4.74	1.2795	-0.5532	2.1101	-1.3379	0.9496	
4.75	1.0557	-0.1618	2.0289	-1.384	1.0949	
4.76	0.3346	0.1033	2.1985	-1.6208	1.0	
4.77	-0.4832	0.1917	2.3407	-1.5039	1.2056	
4.78	-1.0507	0.1151	2.19	-1.4934	1.1956	
4.79	-1.103	-0.1381	1.7559	-1.4693	1.159	
4.8	-0.4931	-0.4549	1.4766	-1.5888	1.1051	
4.81	0.1261	-0.8529	1.0882	-1.2872	1.0389	
4.82	0.5463	-1.1351	0.8262	-1.1277	1.0311	
4.83	0.3211	-1.4517	0.6067	-0.9506	1.0087	
4.84	-0.3801	-1.7345	0.3348	-0.5878	0.9095	
4.85	-1.1153	-1.4891	0.245	-0.3632	0.8883	
4.86	-1.6914	-1.3908	0.2171	-0.0825	0.7506	
4.87	-1.8308	-0.9562	0.2978	0.1894	0.6476	
4.88	-1.2675	-0.4765	0.4715	0.4886	0.5272	
4.89	-0.5608	-0.0323	0.8099	0.654	0.4761	
4.9	-0.1409	0.3545	0.9712	0.8341	0.4077	
4.91	-0.2786	0.5141	1.4327	1.0296	0.2918	
4.92	-0.9683	0.6643	1.6392	1.1533	0.2442	
4.93	-1.803	0.5501	2.0314	1.2694	0.1527	
4.94	-2.2272	0.2601	2.0962	1.445	0.0564	
4.95	-2.1353	-0.0966	2.1261	1.3839	-0.0137	
4.96	-1.6346	-0.492	1.9	1.435	-0.0763	
4.97	-0.9069	-0.8366	1.7197	1.2678	-0.1456	
4.98	-0.4428	-0.9877	1.6518	1.1288	-0.1988	
4.99	-0.5268	-1.1069	1.3438	0.798	-0.2637	
5.0	-1.2604	-0.9833	0.9364	0.6742	-0.2945	
5.01	-1.9905	-0.6704	0.5593	0.3999	-0.3204	
5.02	-2.3068	-0.3506	0.2381	0.0998	-0.3653	
5.03	-2.0853	0.1244	0.0384	-0.197	-0.3496	
5.04	-1.4707	0.5487	-0.0905	-0.4685	-0.3768	
5.05	-0.7522	0.8982	-0.1039	-0.7454	-0.3709	
5.06	-0.3367	1.0524	-0.0143	-0.9961	-0.3337	
5.07	-0.3333	1.1184	0.1552	-1.1908	-0.3172	
5.08	-0.9848	0.927	0.3871	-1.4136	-0.2611	
5.09	-1.6736	0.6761	0.7059	-1.7172	-0.2111	
5.1	-1.9218	0.2936	1.045	-1.7127	-0.1687	
5.11	-1.9256	-0.059	1.3804	-1.6571	-0.1203	
5.12	-1.2631	-0.3994	1.4486	-1.965	-0.0616	
5.13	-0.3303	-0.5682	1.7506	-1.7441	-0.0054	
5.14	0.1918	-0.6362	1.4849	-1.8056	0.0618	
5.15	0.1739	-0.4227	1.4178	-1.7257	0.116	
5.16	-0.3672	-0.1252	1.2362	-1.5511	0.2088	
5.17	-1.0813	0.2697	0.9522	-1.2868	0.2399	
5.18	-1.5137	0.8091	0.6817	-0.9783	0.3061	
5.19	-1.1538	1.2713	0.2981	-0.7536	0.4018	
5.2	-0.5735	1.4398	-0.03	-0.5067	0.4791	
5.21	0.2739	1.5865	-0.3195	-0.2606	0.5576	
5.22	0.7754	1.6407	-0.516	0.0275	0.6264	
5.23	0.8472	1.4444	-0.7309	0.2727	0.5643	
5.24	0.28	1.2453	-0.7323	0.5229	0.6165	
5.25	-0.4169	0.6967	-0.5536	0.6993	0.7563	
5.26	-0.8579	0.3885	-0.4119	0.9396	0.6779	
5.27	-0.7292	0.0938	-0.1567	1.0146	0.7624	
5.28	-0.0754	-0.0762	0.1162	1.0456	0.8074	
5.29	0.7525	-0.0602	0.3783	1.1009	0.7305	
5.3	1.2426	0.1248	0.6909	1.0106	0.7093	
5.31	1.2289	0.4242	0.8072	0.9262	0.7355	
5.32	0.6457	0.9281	0.9945	0.8813	0.6996	
5.33	-0.1251	1.4401	0.8793	0.6674	0.7395	
5.34	-0.6359	1.5841	0.7312	0.5805	0.7037	
5.35	-0.5673	1.8717	0.5784	0.2896	0.681	
5.36	0.0676	2.163	0.3035	0.0617	0.5388	
5.37	0.7505	2.1676	-0.0767	-0.204	0.555	
5.38	1.355	1.7027	-0.4372	-0.5296	0.479	
5.39	1.1082	1.5453	-0.7271	-0.6848	0.4062	
5.4	0.516	1.1767	-1.0419	-0.9514	0.317	
5.41	-0.2559	0.798	-1.2958	-1.1543	0.2687	
5.42	-0.7439	0.5283	-1.3206	-1.4927	0.2236	
5.43	-0.8174	0.3915	-1.4675	-1.8265	0.1585	
5.44	-0.2216	0.4238	-1.3577	-1.9315	0.1055	
5.45	0.4948	0.6166	-1.1536	-1.9388	0.0501	
5.46	0.8562	0.9215	-0.8996	-1.9125	-0.0001	
5.47	0.7791	1.3134	-0.5771	-1.8921	-0.0483	
5.48	0.0685	1.7325	-0.2769	-1.7518	-0.0898	
5.49	-0.7395	2.0212	-0.0649	-1.9618	-0.108	
5.5	-1.2774	2.3575	0.1158	-1.8152	-0.1436	
5.51	-1.4212	2.64	0.1851	-1.6505	-0.1577	
5.52	-0.7766	2.5411	0.1654	-1.3301	-0.1603	
5.53	-0.1653	2.2359	0.0239	-1.1364	-0.1328	
5.54	0.2234	1.8239	-0.2298	-0.8554	-0.1257	
5.55	0.0557	1.5335	-0.4956	-0.6261	-0.0889	
5.56	-0.6266	1.0868	-0.9493	-0.4037	-0.051	
5.57	-1.5185	0.8026	-1.3006	-0.1181	0.0036	
5.58	-1.861	0.7876	-1.6363	0.1177	0.0616	
5.59	-2.196	0.7565	-1.7146	0.3402	0.13	
5.6	-1.5602	1.0255	-1.9264	0.469	0.2467	
5.61	-0.7867	1.395	-2.306	0.5993	0.294	
5.62	-0.4942	1.6987	-2.0999	0.6839	0.4007	
5.63	-0.5944	2.1075	-2.0456	0.8838	0.5434	
5.64	-1.1151	2.4405	-1.7548	0.8056	0.62	
5.65	-2.17	2.8649	-1.5893	0.8041	0.8295	
5.66	-2.8274	2.837	-1.2179	0.7816	0.8563	
5.67	-2.528	2.7745	-0.8596	0.6323	1.0303	
5.68	-1.9645	2.3894	-0.755	0.4337	1.2511	
5.69	-1.2019	1.8691	-0.4918	0.2542	1.2228	
5.7	-0.7948	1.4573	-0.4911	0.0115	1.3765	
5.71	-0.878	1.3594	-0.5052	-0.2465	1.5784	
5.72	-1.4988	0.9783	-0.6478	-0.5273	1.8604	
5.73	-2.349	1.0164	-0.7993	-0.7385	2.0288	
5.74	-2.6341	0.9769	-1.2206	-1.018	2.1554	
5.75	-2.6853	1.3648	-1.6253	-1.1519	1.9718	
5.76	-1.9487	1.5983	-1.9199	-1.3614	2.242	
5.77	-1.4263	2.0063	-2.1574	-1.7141	2.4448	
5.78	-0.744	2.5087	-2.3507	-1.9105	2.3074	
5.79	-0.7849	2.8069	-2.4342	-2.0176	2.764	
5.8	-1.4464	3.134	-2.6775	-1.9699	2.6863	
5.81	-2.0385	2.8173	-2.4799	-1.9592	2.566	
5.82	-2.5747	2.5904	-2.5019	-1.8982	2.7581	
5.83	-2.3138	2.3293	-2.1171	-1.9559	2.5194	
5.84	-1.6211	1.9372	-2.0052	-2.1229	3.0141	
5.85	-0.944	1.754	-1.743	-1.9412	2.8806	
5.86	-0.3436	1.1465	-1.2566	-1.7171	2.5134	
5.87	-0.3112	1.0976	-1.1527	-1.3443	2.7973	
5.88	-0.888	0.9339	-1.0208	-1.3179	2.3999	
5.89	-1.4912	1.057	-0.9094	-0.9123	2.6668	
5.9	-2.0939	1.4545	-0.9796	-0.7189	2.3947	
5.91	-1.8498	1.6351	-1.1262	-0.5325	2.3618	
5.92	-1.175	2.2223	-1.3666	-0.2443	2.0287	
5.93	-0.2602	2.6085	-1.5982	-0.0307	2.2765	
5.94	0.3125	2.729	-1.7168	0.1591	1.9789	
5.95	0.3562	3.0806	-2.2933	0.3169	1.5983	
5.96	-0.1765	3.1265	-2.7238	0.4229	1.5959	
5.97	-0.9102	2.7479	-2.6867	0.5698	1.35	
5.98	-1.1637	2.1358	-3.024	0.6182	1.14	
5.99	-1.0742	1.974	-2.7741	0.6089	1.1152	
6.0	-0.5349	1.5435	-2.6423	0.5075	0.7812	
6.01	0.3088	1.0984	-2.6817	0.4215	0.7078	
6.02	0.7877	0.8562	-2.2986	0.3264	0.4356	
6.03	0.8999	0.8078	-2.153	0.1819	0.2532	
6.04	0.2888	1.1066	-1.7066	-0.03	0.0561	
6.05	-0.4254	1.4391	-1.3084	-0.2429	-0.1239	
6.06	-0.8509	1.6805	-1.2349	-0.5187	-0.3047	
6.07	-0.8015	2.2246	-0.9184	-0.66	-0.4511	
6.08	-0.2512	2.4291	-0.9187	-1.059	-0.6162	
6.09	0.4965	2.5426	-0.9	-1.1067	-0.8818	
6.1	1.0076	2.7515	-1.0716	-1.3668	-0.9529	
6.11	0.9377	2.8845	-1.3174	-1.5683	-1.0231	
6.12	0.3678	2.1616	-1.6556	-1.776	-1.2806	
6.13	-0.4722	2.1159	-1.9948	-1.8835	-1.2723	
6.14	-0.9834	1.5653	-2.0775	-2.0544	-1.3872	
6.15	-1.0017	1.0608	-2.4563	-2.0613	-1.4618	
6.16	-0.427	0.8337	-2.9009	-2.0607	-1.5338	
6.17	0.272	0.6804	-2.6948	-2.048	-1.482	
6.18	0.6759	0.6226	-2.7301	-2.2871	-1.7773	
6.19	0.5883	0.7431	-2.5284	-2.1334	-1.5671	
6.2	-0.0179	1.0875	-2.2053	-1.944	-1.5954	
6.21	-0.8582	1.4678	-2.0295	-1.7277	-1.5951	
6.22	-1.4213	1.9878	-1.6018	-1.5993	-1.6577	
6.23	-1.37	2.0619	-1.5351	-1.315	-1.5058	
6.24	-0.9371	2.323	-1.0333	-1.0021	-1.5558	
6.25	-0.2978	2.5219	-0.826	-0.7512	-1.5388	
6.26	0.1258	2.1542	-0.5833	-0.5369	-1.5822	
6.27	-0.0038	1.8476	-0.4948	-0.3692	-1.2722	
6.28	-0.7122	1.5395	-0.5746	-0.1338	-1.236	
6.29	-1.5539	1.085	-0.6475	0.0322	-1.1849	
6.3	-2.0983	0.6329	-0.9228	0.1785	-1.0409	
6.31	-2.2356	0.3799	-1.1029	0.2914	-1.0501	
6.32	-1.5803	0.211	-1.5688	0.3995	-0.9685	
6.33	-1.0082	0.2445	-1.8944	0.4199	-0.727	
6.34	-0.5295	0.5084	-1.8934	0.4043	-0.7383	
6.35	-0.6464	0.8275	-2.0276	0.3309	-0.64	
6.36	-1.3225	1.1876	-2.0478	0.2374	-0.5216	
6.37	-2.2046	1.5877	-2.3895	0.12	-0.3954	
6.38	-2.6085	2.0077	-1.8972	-0.0579	-0.2969	
6.39	-2.8656	1.8723	-1.8347	-0.2543	-0.2038	
6.4	-2.1613	2.1344	-1.363	-0.4191	-0.1261	
6.41	-1.3479	1.9441	-1.0826	-0.6749	-0.0599	
6.42	-0.9724	1.3576	-0.7641	-0.9549	0.0001	
6.43	-1.148	0.9601	-0.3856	-1.0931	0.0486	
6.44	-1.7852	0.5185	-0.1082	-1.5105	0.0917	
6.45	-2.3822	0.1581	0.0863	-1.4451	0.1307	
6.46	-2.7212	-0.1274	0.1709	-1.9435	0.1599	
6.47	-2.83	-0.25	0.1386	-2.0925	0.1746	
6.48	-2.3971	-0.1511	0.0134	-2.2571	0.1687	
6.49	-1.6039	0.0619	-0.1936	-2.2761	0.1437	
6.5	-1.0122	0.4131	-0.4238	-2.3487	0.1366	
6.51	-0.9991	0.7871	-0.7482	-2.0669	0.114	
6.52	-1.3888	1.2221	-1.0825	-2.2535	0.0854	
6.53	-2.1734	1.2852	-1.1286	-2.0724	0.0413	
6.54	-2.6263	1.4885	-1.3616	-2.0688	-0.01	
6.55	-2.7846	1.5944	-1.5584	-1.91	-0.0656	
6.56	-1.863	1.224	-1.4117	-1.7387	-0.1129	
6.57	-1.3085	0.9102	-1.2812	-1.4913	-0.2033	
6.58	-0.5596	0.3951	-0.8566	-1.3539	-0.2762	
6.59	-0.5874	-0.0445	-0.5683	-0.9716	-0.31	
6.6	-1.1102	-0.3792	-0.1847	-0.7507	-0.387	
6.61	-1.7779	-0.6842	0.1842	-0.5671	-0.4513	
6.62	-1.995	-0.6897	0.4841	-0.4316	-0.529	
6.63	-2.2423	-0.6503	0.8425	-0.2166	-0.5942	
6.64	-1.3465	-0.3442	0.9083	-0.0593	-0.6639	
6.65	-0.5872	-0.009	1.0219	0.0754	-0.7258	
6.66	0.0399	0.3639	0.9199	0.1673	-0.7642	
6.67	0.0954	0.7772	0.8988	0.2198	-0.8445	
6.68	-0.4066	1.0022	0.6713	0.2303	-0.9139	
6.69	-0.9976	1.0954	0.359	0.2357	-0.8981	
6.7	-1.6143	0.9195	0.0916	0.1617	-0.8367	
6.71	-1.5193	0.6284	-0.157	0.0681	-0.9396	
6.72	-0.7549	0.2649	-0.3869	-0.0633	-1.0249	
6.73	0.056	-0.1632	-0.4695	-0.2025	-0.9602	
6.74	0.6302	-0.6685	-0.5351	-0.3954	-0.9436	
6.75	0.7305	-0.8988	-0.4188	-0.6436	-1.0275	
6.76	0.1955	-1.2592	-0.267	-0.905	-0.8839	
6.77	-0.5475	-1.2829	0.0102	-1.0995	-0.9267	
6.78	-1.022	-0.9599	0.3735	-1.3261	-0.8403	
6.79	-0.9393	-0.7303	0.7389	-1.376	-0.8753	
6.8	-0.3716	-0.3894	1.1256	-1.535	-0.7823	
6.81	0.4088	0.0039	1.3869	-1.8913	-0.7722	
6.82	0.9623	0.3162	1.5603	-2.0821	-0.6145	
6.83	0.8727	0.5767	1.7439	-1.9366	-0.6416	
6.84	0.3824	0.5503	2.0381	-2.2277	-0.5109	
6.85	-0.437	0.4324	1.914	-2.0478	-0.4651	
6.86	-0.9867	0.1549	1.6677	-2.3306	-0.4068	
6.87	-0.9022	-0.2693	1.3626	-2.0954	-0.3372	
6.88	-0.4101	-0.6494	1.2216	-1.9941	-0.3475	
6.89	0.3195	-1.1653	0.8966	-1.9215	-0.2515	
6.9	0.8137	-1.5026	0.5382	-1.7829	-0.217	
6.91	0.712	-1.6228	0.4018	-1.5972	-0.1908	
6.92	0.1375	-1.5425	0.2661	-1.5511	-0.1328	
6.93	-0.6527	-1.2989	0.2257	-1.2134	-0.1237	
6.94	-1.2397	-1.1605	0.3261	-1.0144	-0.1082	
6.95	-1.3758	-0.66	0.5369	-0.8711	-0.0857	
6.96	-0.8451	-0.3148	0.7664	-0.6586	-0.0788	
6.97	-0.1687	0.0194	1.2241	-0.4382	-0.0869	
6.98	0.3085	0.1831	1.6007	-0.2353	-0.1091	
6.99	0.1875	0.2021	1.7406	-0.0981	-0.1539	
7.0	-0.4796	0.0551	2.2564	0.0132	-0.1878	
7.01	-1.1641	-0.2851	2.1876	0.0866	-0.25	
7.02	-1.7916	-0.6636	2.5625	0.1375	-0.3044	
7.03	-2.008	-1.1676	2.3831	0.1567	-0.3597	
7.04	-1.5286	-1.5542	2.5063	0.1224	-0.4435	
7.05	-0.7848	-1.9473	2.4124	0.0563	-0.5286	
7.06	-0.3656	-1.7402	2.0209	-0.0482	-0.6318	
7.07	-0.4297	-1.9772	1.5449	-0.1835	-0.7628	
7.08	-1.0506	-1.7245	1.4575	-0.3473	-0.8797	
7.09	-1.7594	-1.1791	1.2039	-0.5324	-0.974	
7.1	-2.5693	-0.8071	0.8714	-0.6693	-1.1393	
7.11	-2.329	-0.5278	0.7034	-0.9799	-1.0724	
7.12	-2.0016	-0.1844	0.6769	-1.0585	-1.3424	
7.13	-1.4401	-0.029	0.7778	-1.4276	-1.5262	
7.14	-0.8675	-0.0467	1.1087	-1.4578	-1.5708	
7.15	-0.8816	-0.2432	1.2911	-1.733	-1.6045	
7.16	-1.5612	-0.5128	1.5371	-1.9008	-1.6462	
7.17	-2.4894	-0.9529	1.9757	-2.0132	-1.7603	
7.18	-2.615	-1.3883	2.3559	-2.0188	-2.0889	
7.19	-2.6851	-1.8042	2.4192	-1.9658	-1.9771	
7.2	-2.1275	-1.8588	2.9801	-2.0351	-2.2829	
7.21	-1.4759	-2.2484	2.6956	-2.1858	-2.0882	
7.22	-1.0139	-2.0489	2.7925	-1.8966	-2.1335	
7.23	-1.0128	-1.6508	2.6317	-1.8979	-2.0903	
7.24	-1.369	-1.2396	2.3739	-1.6805	-2.1616	
7.25	-2.079	-0.8376	2.2614	-1.5732	-2.126	
7.26	-2.5046	-0.54	1.8888	-1.58	-2.2534	
7.27	-2.6973	-0.2388	1.621	-1.4138	-2.2764	
7.28	-1.9869	-0.1473	1.2408	-1.0833	-2.4804	
7.29	-1.1501	-0.1862	1.1271	-0.9782	-2.1764	
7.3	-0.6497	-0.3769	0.8693	-0.8016	-2.0179	
7.31	-0.5382	-0.746	0.9175	-0.557	-1.8994	
7.32	-0.9738	-1.1933	0.9672	-0.3976	-1.8171	
7.33	-1.6682	-1.6372	1.1502	-0.2477	-1.9436	
7.34	-2.1873	-1.8589	1.2703	-0.0989	-1.7972	
7.35	-2.044	-1.9327	1.6789	-0.0034	-1.5665	
7.36	-1.4003	-2.3262	1.9562	0.0618	-1.4556	
7.37	-0.6416	-2.1022	2.5318	0.1009	-1.3237	
7.38	0.03	-1.5282	2.759	0.0973	-1.1793	
7.39	0.1117	-1.1704	2.8791	0.0631	-0.8613	
7.4	-0.3502	-0.8011	2.8349	-0.0091	-0.7632	
7.41	-0.9639	-0.4663	2.7883	-0.1064	-0.5415	
7.42	-1.5293	-0.2239	2.3325	-0.2154	-0.3836	
7.43	-1.3219	-0.1312	2.225	-0.3597	-0.1659	
7.44	-0.7058	-0.2123	2.174	-0.5179	0.0418	
7.45	0.0746	-0.4478	1.5503	-0.7487	0.2441	
7.46	0.7279	-0.7546	1.3525	-0.943	0.4633	
7.47	0.7329	-1.3234	1.0284	-1.0444	0.5775	
7.48	0.2906	-1.6857	0.7322	-1.1791	0.8323	
7.49	-0.4338	-2.0659	0.5974	-1.4065	1.0842	
7.5	-0.8927	-1.9838	0.5992	-1.7552	1.0696	
7.51	-0.8695	-2.106	0.76	-1.8111	1.2367	
7.52	-0.2425	-1.6852	0.8884	-1.7935	1.5709	
7.53	0.5877	-1.6348	1.082	-1.7604	1.7984	
7.54	1.1809	-1.0183	1.5369	-1.9393	1.9031	
7.55	1.0738	-0.737	1.8305	-1.9725	1.7337	
7.56	0.6178	-0.2926	1.9248	-2.022	1.9518	
7.57	-0.1354	-0.0766	2.1207	-1.7561	1.9039	
7.58	-0.609	-0.0049	2.2915	-1.9319	2.193	
7.59	-0.6664	-0.1105	2.5832	-1.7453	2.0802	
7.6	-0.1829	-0.3718	2.2866	-1.4605	2.4013	
7.61	0.5962	-0.6731	1.9452	-1.4	2.1611	
7.62	1.1968	-1.1041	1.7538	-1.1758	2.3657	
7.63	1.1777	-1.5265	1.3675	-0.984	2.1838	
7.64	0.4704	-1.7711	1.0342	-0.8726	2.0464	
7.65	-0.3037	-1.9415	0.7968	-0.6948	2.0371	
7.66	-0.8393	-1.7457	0.4888	-0.4988	2.03	
7.67	-0.893	-1.6409	0.2464	-0.3025	1.8821	
7.68	-0.5046	-1.1409	0.0927	-0.1739	2.0772	
7.69	0.1794	-0.8432	0.0584	-0.062	1.7728	
7.7	0.6628	-0.3863	0.1294	0.0259	1.659	
7.71	0.6004	-0.0559	0.3271	0.0849	1.514	
7.72	0.0167	0.1506	0.5802	0.1107	1.4112	
7.73	-0.807	0.185	0.8828	0.0981	1.5364	
7.74	-1.3593	0.0447	1.0815	0.0474	1.2013	
7.75	-1.6272	-0.2601	1.4113	-0.0204	1.2806	
7.76	-1.1417	-0.6353	1.4873	-0.1096	1.11	
7.77	-0.4291	-1.0387	1.6184	-0.2355	1.0043	
7.78	0.0571	-1.2828	1.8496	-0.3799	0.8027	
7.79	-0.0004	-1.7145	1.7039	-0.5169	0.6938	
7.8	-0.5604	-1.672	1.3245	-0.6725	0.6066	
7.81	-1.4204	-1.551	1.1019	-0.9405	0.4771	
7.82	-1.889	-1.197	0.8278	-0.9701	0.3602	
7.83	-2.1485	-0.8936	0.3748	-1.1578	0.2857	
7.84	-1.5998	-0.5287	0.0373	-1.483	0.1884	
7.85	-0.9351	-0.0997	-0.2399	-1.366	0.1065	
7.86	-0.514	0.2323	-0.4757	-1.5679	0.0434	
7.87	-0.4458	0.3925	-0.6058	-1.6705	-0.0099	
7.88	-1.1107	0.4381	-0.5888	-1.7647	-0.0618	
7.89	-1.951	0.2439	-0.508	-1.6476	-0.09	
7.9	-2.2211	-0.084	-0.3622	-1.6226	-0.1134	
7.91	-2.313	-0.4658	-0.1212	-1.8006	-0.1263	
7.92	-1.8288	-0.9492	0.1939	-1.564	-0.1303	
7.93	-1.1994	-1.2286	0.4441	-1.7004	-0.1181	
7.94	-0.7	-1.3807	0.6963	-1.413	-0.0922	
7.95	-0.6263	-1.3946	1.0005	-1.4054	-0.0783	
7.96	-1.1558	-1.2646	1.0853	-1.2335	-0.0333	
7.97	-1.896	-1.0317	1.0329	-1.0145	0.0101	
7.98	-2.578	-0.5798	0.9185	-0.8114	0.0633	
7.99	-2.4111	-0.172	0.6508	-0.6761	0.1156	
8.0	-1.8336	0.2098	0.3243	-0.4404	0.1972	
8.01	-0.9618	0.5624	0.0053	-0.3119	0.2391	
8.02	-0.3938	0.6286	-0.3465	-0.1744	0.343	
8.03	-0.2844	0.6425	-0.7532	-0.0757	0.3557	
8.04	-0.7043	0.4338	-0.972	0.0265	0.453	
8.05	-1.5599	0.0605	-1.1675	0.0943	0.4898	
8.06	-2.0512	-0.3645	-1.2935	0.132	0.5409	
8.07	-1.8826	-0.6884	-1.3483	0.1427	0.6726	
8.08	-1.3912	-1.1264	-1.2141	0.147	0.7954	
8.09	-0.388	-1.1142	-0.9286	0.0838	0.78	
8.1	0.2437	-1.2506	-0.6893	0.0173	0.8765	
8.11	0.3859	-1.1309	-0.4147	-0.0724	0.9327	
8.12	-0.0705	-0.6626	-0.1354	-0.1783	0.8713	
8.13	-0.6813	-0.3205	0.1061	-0.3304	0.9661	
8.14	-1.1303	0.1088	0.3015	-0.5028	0.963	
8.15	-1.1507	0.4918	0.3934	-0.6263	1.0261	
8.16	-0.5324	0.7003	0.3401	-0.8453	0.9593	
8.17	0.2978	0.9324	0.261	-0.9396	1.1134	
8.18	0.9539	0.8191	0.0198	-0.9756	1.0674	
8.19	1.007	0.5377	-0.2898	-1.1242	1.032	
8.2	0.6324	0.1602	-0.5858	-1.3615	1.0418	
8.21	-0.0647	-0.2579	-0.882	-1.2961	0.9766	
8.22	-0.5736	-0.6483	-1.3133	-1.3679	0.8495	
8.23	-0.57	-0.9037	-1.4569	-1.6021	0.7938	
8.24	0.0315	-1.0384	-1.7849	-1.3996	0.7432	
8.25	0.8827	-1.0355	-1.8751	-1.5691	0.7997	
8.26	1.5708	-0.8501	-1.9886	-1.4798	0.6656	
8.27	1.3961	-0.5052	-1.5988	-1.3449	0.6432	
8.28	0.9694	-0.0818	-1.5672	-1.2825	0.5678	
8.29	0.3208	0.3423	-1.1905	-1.1688	0.5436	
8.3	-0.2372	0.66	-0.7802	-0.9655	0.5058	
8.31	-0.2683	0.9083	-0.5985	-0.9968	0.3732	
8.32	0.2711	1.0391	-0.2603	-0.8044	0.329	
8.33	1.0221	0.8129	-0.0951	-0.6273	0.3019	
8.34	1.5954	0.6016	-0.0117	-0.4228	0.2572	
8.35	1.6358	0.1901	-0.0288	-0.3139	0.2105	
8.36	1.0122	-0.2471	-0.1689	-0.1594	0.1562	
8.37	0.2462	-0.5974	-0.3659	-0.0437	0.1303	
8.38	-0.331	-0.9112	-0.6596	0.0636	0.1183	
8.39	-0.4408	-1.0262	-0.9756	0.1381	0.0998	
8.4	0.022	-0.9381	-1.2244	0.202	0.1106	
8.41	0.6853	-0.661	-1.5536	0.25	0.1083	
8.42	1.2844	-0.3549	-1.9921	0.225	0.1173	
8.43	1.1699	0.0677	-2.1684	0.2108	0.1577	
8.44	0.6326	0.4937	-2.002	0.1778	0.1626	
8.45	-0.1927	0.7258	-1.8664	0.1024	0.2145	
8.46	-0.7817	0.8888	-1.9605	0.007	0.293	
8.47	-1.0387	0.9755	-1.6423	-0.0957	0.3284	
8.48	-0.5462	0.7976	-1.255	-0.2032	0.4293	
8.49	0.1612	0.5444	-0.9603	-0.3382	0.4751	
8.5	0.7228	0.1114	-0.6647	-0.5059	0.5575	
8.51	0.6439	-0.2981	-0.3684	-0.6365	0.6242	
8.52	0.0473	-0.7068	-0.2275	-0.7454	0.7772	
8.53	-0.8483	-0.9587	-0.1221	-0.8174	0.747	
8.54	-1.4769	-0.921	-0.1354	-1.0524	0.9347	
8.55	-1.5776	-0.9903	-0.2796	-1.0043	0.9748	
8.56	-1.2	-0.6243	-0.4975	-1.2383	1.1656	
8.57	-0.4209	-0.3044	-0.8117	-1.1708	1.1853	
8.58	0.0911	0.1457	-1.0171	-1.1828	1.3733	
8.59	0.099	0.4979	-1.2972	-1.2992	1.2863	
8.6	-0.4904	0.7964	-1.8752	-1.2133	1.4649	
8.61	-1.1426	0.8913	-1.9936	-1.2587	1.6469	
8.62	-2.0531	0.8464	-2.0728	-1.1844	1.6738	
8.63	-1.8069	0.7512	-2.0391	-1.0193	1.6536	
8.64	-1.5022	0.4003	-1.8167	-0.9558	1.6069	
8.65	-0.7852	-0.0524	-1.9394	-0.8658	1.6146	
8.66	-0.1655	-0.4994	-1.492	-0.6164	1.6129	
8.67	-0.1099	-0.8468	-1.2059	-0.5113	1.7763	
8.68	-0.6153	-1.114	-0.8909	-0.3394	1.9307	
8.69	-1.3457	-1.1037	-0.5385	-0.236	1.7855	
8.7	-1.9457	-0.9622	-0.2619	-0.1005	1.8218	
8.71	-2.1284	-0.6516	-0.0749	0.0196	1.6538	
8.72	-1.3026	-0.2965	0.0137	0.1367	1.6672	
8.73	-0.6673	0.1019	-0.0084	0.228	1.667	
8.74	0.0025	0.4505	-0.1273	0.2655	1.3971	
8.75	0.1174	0.6743	-0.3772	0.3367	1.3589	
8.76	-0.3471	0.7631	-0.6772	0.3759	1.1065	
8.77	-1.0105	0.8282	-0.9844	0.3579	1.0599	
8.78	-1.5214	0.4804	-1.3216	0.3098	0.9119	
8.79	-1.4879	0.1403	-1.5446	0.3025	0.8008	
8.8	-1.034	-0.2845	-1.7991	0.2251	0.6527	
8.81	-0.113	-0.7279	-1.9157	0.1226	0.3939	
8.82	0.6191	-1.0622	-1.7192	0.0244	0.2552	
8.83	0.6758	-1.2301	-1.7231	-0.0927	0.0506	
8.84	0.3252	-1.2298	-1.6085	-0.2128	-0.1462	
8.85	-0.3948	-1.0085	-1.3164	-0.3016	-0.3477	
8.86	-0.8085	-0.7868	-0.9357	-0.4324	-0.592	
8.87	-0.7626	-0.386	-0.4707	-0.5996	-0.6696	
8.88	-0.2412	0.0204	-0.1902	-0.6268	-0.948	
8.89	0.666	0.391	0.0683	-0.8181	-1.0689	
8.9	1.2961	0.5385	0.2494	-0.8869	-1.2241	
8.91	1.4476	0.7163	0.3318	-0.936	-1.6012	
8.92	1.0874	0.553	0.3081	-1.0047	-1.8029	
8.93	0.3144	0.2606	0.1527	-0.9391	-1.7572	
8.94	-0.156	-0.1368	-0.0612	-0.9498	-2.0169	
8.95	-0.1637	-0.5795	-0.3543	-0.929	-1.9804	
8.96	0.3688	-0.9903	-0.669	-0.8576	-2.1028	
8.97	1.229	-1.3967	-1.0179	-0.7433	-2.2419	
8.98	1.7356	-1.3975	-1.0965	-0.6722	-2.4513	
8.99	2.003	-1.3876	-1.4707	-0.6182	-2.6324	
9.0	1.6139	-1.2384	-1.3696	-0.4932	-2.6441	
9.01	0.864	-0.9097	-1.5693	-0.3825	-2.4988	
9.02	0.281	-0.494	-1.3223	-0.2325	-2.6121	
9.03	0.2174	-0.1069	-0.9973	-0.1206	-2.6223	
9.04	0.6924	0.2155	-0.7636	-0.0002	-2.7926	
9.05	1.4475	0.4132	-0.4202	0.1171	-2.5007	
9.06	2.1657	0.4445	-0.1141	0.2349	-2.5037	
9.07	2.2568	0.299	0.2046	0.324	-2.6733	
9.08	1.6568	-0.0167	0.465	0.3491	-2.6349	
9.09	0.9335	-0.4193	0.6165	0.4708	-2.6393	
9.1	0.2643	-0.823	0.7036	0.4789	-2.155	
9.11	0.1555	-1.2404	0.6023	0.4893	-2.0376	
9.12	0.6446	-1.475	0.4626	0.4931	-2.1586	
9.13	1.4288	-1.5433	0.2345	0.4896	-1.8346	
9.14	1.8739	-1.5382	-0.0338	0.4358	-1.8097	
9.15	1.8592	-1.3637	-0.3642	0.3286	-1.8363	
9.16	1.2774	-0.9737	-0.619	0.2689	-1.6582	
9.17	0.4797	-0.6247	-0.9735	0.1975	-1.383	
9.18	-0.1513	-0.2235	-1.1245	0.0754	-1.2293	
9.19	-0.2894	0.0981	-1.1487	-0.0226	-1.2179	
9.2	0.1026	0.2524	-1.0914	-0.1178	-0.9845	
9.21	0.7457	0.2668	-0.9508	-0.254	-0.827	
9.22	1.2426	0.0585	-0.7377	-0.338	-0.7221	
9.23	1.3689	-0.2496	-0.4373	-0.4306	-0.6201	
9.24	0.6748	-0.7165	-0.085	-0.479	-0.4193	
9.25	-0.0973	-1.0614	0.2398	-0.5934	-0.342	
9.26	-0.7736	-1.5776	0.5735	-0.5495	-0.2245	
9.27	-0.9843	-1.5558	0.7408	-0.6863	-0.124	
9.28	-0.5483	-1.7458	0.9499	-0.6209	-0.0296	
9.29	0.1816	-1.7854	0.9482	-0.5729	0.0543	
9.3	0.7033	-1.4321	0.9807	-0.5936	0.1094	
9.31	0.7762	-1.0913	0.8012	-0.5787	0.1769	
9.32	0.2022	-0.6112	0.4839	-0.4856	0.241	
9.33	-0.6433	-0.2519	0.1964	-0.4134	0.2314	
9.34	-1.2726	0.0197	-0.1344	-0.3045	0.2968	
9.35	-1.4979	0.1558	-0.4305	-0.1808	0.2911	
9.36	-0.903	0.1112	-0.6792	-0.0959	0.2875	
9.37	-0.2291	-0.1052	-0.9178	0.0185	0.2563	
9.38	0.3764	-0.4602	-0.9626	0.1345	0.2231	
9.39	0.4123	-0.9184	-0.8423	0.2275	0.2218	
9.4	-0.0764	-1.3851	-0.7873	0.3639	0.161	
9.41	-0.8337	-1.7471	-0.4751	0.4535	0.1102	
9.42	-1.5356	-1.8518	-0.1894	0.5131	0.0572	
9.43	-1.6127	-2.0294	0.1413	0.599	-0.0081	
9.44	-0.9894	-1.847	0.5017	0.5662	-0.0715	
9.45	-0.2399	-1.368	0.7584	0.5795	-0.1534	
9.46	0.4527	-0.943	0.9698	0.5987	-0.2061	
9.47	0.5072	-0.5555	1.078	0.6717	-0.2905	
9.48	0.1093	-0.2318	1.156	0.6275	-0.3494	
9.49	-0.6081	0.0236	1.0983	0.604	-0.4096	
9.5	-1.1733	0.1153	0.7526	0.478	-0.553	
9.51	-1.0484	0.0531	0.5749	0.4667	-0.5401	
9.52	-0.6434	-0.1839	0.2243	0.3374	-0.7149	
9.53	0.2023	-0.5024	-0.0796	0.278	-0.6521	
9.54	0.9484	-0.919	-0.3508	0.1608	-0.7051	
9.55	0.9727	-1.4589	-0.6827	0.0802	-0.871	
9.56	0.7192	-1.5467	-0.7254	-0.0029	-0.9198	
9.57	0.0019	-1.753	-0.7848	-0.0902	-0.9371	
9.58	-0.4958	-1.7756	-0.8448	-0.1416	-0.9933	
9.59	-0.4842	-1.637	-0.6383	-0.2254	-0.935	
9.6	0.0491	-1.4275	-0.4354	-0.2579	-0.8417	
9.61	0.8444	-0.9546	-0.1185	-0.2988	-0.9648	
9.62	1.6466	-0.4933	0.21	-0.3159	-0.8814	
9.63	1.9514	-0.0919	0.4833	-0.3239	-0.9693	
9.64	1.3631	0.1483	0.7554	-0.2727	-0.9341	
9.65	0.6958	0.1868	1.0579	-0.2823	-0.8208	
9.66	0.2092	0.1044	1.1058	-0.2177	-0.8419	
9.67	0.1983	-0.164	1.0076	-0.1616	-0.7987	
9.68	0.661	-0.5362	0.9728	-0.077	-0.6645	
9.69	1.4141	-0.8745	0.7722	0.0024	-0.629	
9.7	2.1123	-1.3949	0.4685	0.097	-0.5935	
9.71	2.2035	-1.5838	0.1469	0.1882	-0.4745	
9.72	1.7771	-1.7525	-0.1852	0.291	-0.4484	
9.73	1.1882	-1.5723	-0.4952	0.3889	-0.391	
9.74	0.7502	-1.3982	-0.7397	0.478	-0.3515	
9.75	0.5896	-0.9891	-0.8413	0.5772	-0.2704	
9.76	1.218	-0.6511	-0.8826	0.5958	-0.2038	
9.77	2.0359	-0.2022	-0.8858	0.6773	-0.1429	
9.78	2.5478	0.1543	-0.7541	0.7076	-0.1128	
9.79	2.5796	0.3493	-0.473	0.7759	-0.0564	
9.8	2.0523	0.3942	-0.1894	0.7061	-0.0212	
9.81	1.5299	0.2607	0.1449	0.7251	0.0127	
9.82	0.8181	-0.0123	0.4069	0.8285	0.042	
9.83	0.6699	-0.42	0.7116	0.7555	0.054	
9.84	1.1265	-0.7715	0.8025	0.6875	0.0709	
9.85	1.788	-1.1172	0.975	0.6181	0.0702	
9.86	2.4539	-1.2603	0.9744	0.5424	0.0584	
9.87	2.6412	-1.3482	0.7642	0.4635	0.0475	
9.88	2.0516	-1.3805	0.5491	0.4113	0.0212	
9.89	1.0058	-1.0653	0.2718	0.3935	-0.013	
9.9	0.3933	-0.7317	-0.0672	0.2936	-0.0569	
9.91	0.274	-0.2594	-0.3718	0.2067	-0.0922	
9.92	0.6035	0.1725	-0.7527	0.156	-0.1612	
9.93	1.328	0.4893	-1.018	0.1095	-0.2302	
9.94	1.7963	0.6535	-1.185	0.0623	-0.285	
9.95	1.8904	0.7411	-1.054	0.0305	-0.3829	
9.96	1.389	0.5288	-1.0355	0.0088	-0.4273	
9.97	0.5579	0.2302	-0.9075	-0.0003	-0.5304	
9.98	-0.1827	-0.1317	-0.6773	0.0051	-0.5262	
9.99	-0.371	-0.5124	-0.34	0.0244	-0.6917	
10.0	0.0216	-0.7884	0.0045	0.0584	-0.7679	
10.01	0.6833	-1.0094	0.3352	0.0982	-0.7475	
10.02	1.3515	-1.002	0.5997	0.168	-0.8782	
10.03	1.1973	-0.931	0.7443	0.2061	-0.9773	
10.04	0.7982	-0.6604	0.7774	0.3081	-1.062	
10.05	-0.0649	-0.2153	0.7866	0.3948	-0.9443	
10.06	-0.7934	0.2414	0.637	0.48	-1.1633	
10.07	-0.8554	0.598	0.3802	0.5279	-1.031	
10.08	-0.54	0.9722	0.0533	0.5792	-1.0591	
10.09	0.2132	1.1391	-0.2604	0.6654	-1.1622	
10.1	0.7817	0.9823	-0.6315	0.6968	-1.1963	
10.11	0.8841	0.9038	-0.8211	0.7474	-1.0578	
10.12	0.3854	0.5607	-1.1603	0.8746	-1.1793	
10.13	-0.3869	0.1843	-1.2797	0.8525	-0.9883	
10.14	-0.9858	-0.1972	-1.2563	0.9352	-0.9896	
10.15	-1.0287	-0.5369	-1.1237	0.8796	-0.9445	
10.16	-0.6385	-0.6047	-0.9436	0.8371	-0.8767	
10.17	0.0887	-0.6786	-0.7601	0.8772	-0.7971	
10.18	0.7301	-0.4939	-0.3975	0.7705	-0.7028	
10.19	0.7769	-0.1198	-0.0846	0.8607	-0.4828	
10.2	0.4614	0.2822	0.2031	0.7243	-0.3729	
10.21	-0.2946	0.7516	0.4575	0.6902	-0.2495	
10.22	-0.8405	1.0731	0.621	0.6096	-0.082	
10.23	-0.9974	1.4069	0.6451	0.5639	0.0664	
10.24	-0.4142	1.6766	0.5794	0.5072	0.2466	
10.25	0.3932	1.3577	0.497	0.4558	0.3778	
10.26	0.9999	1.2109	0.2486	0.4045	0.5669	
10.27	1.2894	0.8882	-0.078	0.4024	0.8278	
10.28	0.9802	0.5969	-0.4119	0.352	1.0287	
10.29	0.2513	0.1841	-0.6895	0.3493	1.0422	
10.3	-0.3183	-0.0797	-1.0064	0.3046	1.2344	
10.31	-0.3658	-0.2118	-1.179	0.2789	1.559	
10.32	0.1898	-0.1588	-1.2797	0.2629	1.576	
10.33	0.9793	0.0642	-1.3022	0.2861	1.8516	
10.34	1.829	0.4472	-1.145	0.309	1.8461	
10.35	1.7625	0.8565	-0.9689	0.3756	2.1111	
10.36	1.5895	1.208	-0.6802	0.4042	2.3499	
10.37	0.8725	1.712	-0.3681	0.4096	2.2966	
10.38	0.3704	1.8381	-0.0215	0.4778	2.3969	
10.39	0.3484	2.1528	0.2645	0.4863	2.5574	
10.4	0.9153	1.887	0.5109	0.6317	2.5334	
10.41	1.54	1.4982	0.6549	0.7131	3.0532	
10.42	2.3899	1.3216	0.6681	0.7654	2.731	
10.43	2.7498	0.9598	0.7146	0.7953	3.0217	
10.44	2.3485	0.5645	0.5343	0.7642	2.6542	
10.45	1.5938	0.3336	0.2929	0.8778	2.7277	
10.46	0.844	0.2089	-0.0332	0.9483	2.9403	
10.47	0.9301	0.3182	-0.3884	0.995	3.0616	
10.48	1.4417	0.5184	-0.6285	0.9197	3.0711	
10.49	1.9726	0.8783	-0.9789	1.0147	2.6011	
10.5	2.5534	1.2923	-1.1404	1.0121	2.7004	
10.51	2.6684	1.7083	-1.2202	0.9272	2.5914	
10.52	2.6766	2.0146	-1.1551	1.0017	2.5306	
10.53	1.7579	2.2866	-0.9257	0.8918	2.1787	
10.54	1.007	2.3741	-0.7423	0.829	2.2287	
10.55	1.038	2.2858	-0.4554	0.8117	2.2861	
10.56	1.306	1.8324	-0.1234	0.8328	1.9705	
10.57	2.25	1.4477	0.2298	0.7707	1.8516	
10.58	2.6982	1.3041	0.4864	0.7485	1.6801	
10.59	3.0256	0.8463	0.8401	0.7245	1.4439	
10.6	2.2113	0.6193	0.844	0.7419	1.3586	
10.61	1.4809	0.5537	1.0218	0.6371	1.104	
10.62	0.7632	0.6468	0.9	0.6356	1.0906	
10.63	0.5944	1.0368	0.7678	0.6353	0.8643	
10.64	0.9313	1.2901	0.5382	0.57	0.6281	
10.65	1.6483	1.6739	0.1994	0.5424	0.4995	
10.66	2.2083	2.0931	-0.127	0.4968	0.377	
10.67	2.3309	2.4256	-0.4131	0.5077	0.2103	
10.68	1.7914	2.7161	-0.6739	0.6093	0.0749	
10.69	0.9638	2.6155	-0.7238	0.571	-0.0474	
10.7	0.226	2.7243	-0.8888	0.6535	-0.1677	
10.71	0.0088	2.2998	-0.7419	0.6208	-0.243	
10.72	0.3939	1.7587	-0.6095	0.6715	-0.384	
10.73	1.0841	1.5329	-0.3622	0.7139	-0.4129	
10.74	1.4944	1.0143	-0.062	0.7131	-0.5043	
10.75	1.6007	0.899	0.2694	0.8315	-0.5834	
10.76	1.0225	0.8847	0.5863	0.838	-0.5923	
10.77	0.318	1.0544	0.9854	0.8384	-0.572	
10.78	-0.3657	1.2887	1.2073	0.9164	-0.6245	
10.79	-0.6606	1.5861	1.2412	0.8424	-0.6273	
10.8	-0.2631	2.0283	1.3285	0.9792	-0.5921	
10.81	0.4529	2.3032	1.3453	1.0066	-0.6256	
10.82	1.0117	2.7334	1.0181	1.0512	-0.5951	
10.83	1.0221	2.6133	0.8295	1.118	-0.4553	
10.84	0.635	3.0388	0.5911	1.0356	-0.4757	
10.85	-0.1253	2.5479	0.2304	1.0548	-0.3618	
10.86	-0.7388	2.2789	-0.0269	0.9534	-0.3444	
10.87	-0.934	1.6788	-0.275	0.9931	-0.2695	
10.88	-0.5506	1.3601	-0.4076	0.9436	-0.1538	
10.89	0.1884	1.172	-0.4408	0.8975	-0.0817	
10.9	0.835	0.8921	-0.3408	0.9559	-0.0056	
10.91	1.0024	0.988	-0.1602	0.8629	0.0728	
10.92	0.5936	1.0901	0.0976	0.9068	0.1697	
10.93	-0.1594	1.3005	0.4039	0.9461	0.2214	
10.94	-0.6852	1.8051	0.7516	0.8197	0.31	
10.95	-0.9569	2.3109	1.0266	0.7649	0.3705	
10.96	-0.3936	2.5314	1.3632	0.7854	0.4876	
10.97	0.4177	2.9819	1.6747	0.8472	0.5079	
10.98	1.1039	3.1083	1.7726	0.7782	0.5701	
10.99	1.2966	2.7015	1.8134	0.7019	0.6736	
11.0	0.9653	2.7248	1.5344	0.8168	0.6227	
11.01	0.2424	2.1682	1.6563	0.8252	0.7262	
11.02	-0.3109	1.5791	1.2818	0.8436	0.715	
11.03	-0.3662	1.4064	1.0015	0.7699	0.784	
11.04	0.119	0.9633	0.5899	0.7199	0.8	
11.05	0.8572	0.8616	0.3603	0.7534	0.7239	
11.06	1.5426	0.9829	0.1427	0.7625	0.7383	
11.07	1.9402	1.0732	0.0226	0.7879	0.6819	
11.08	1.4719	1.3175	0.0019	0.954	0.6269	
11.09	0.9732	1.9685	0.0972	0.8204	0.602	
11.1	0.3525	2.4103	0.2741	0.8265	0.6134	
11.11	0.28	2.3985	0.581	1.011	0.5149	
11.12	0.8122	2.781	0.8642	0.9367	0.4517	
11.13	1.562	2.6638	1.3101	1.0415	0.3868	
11.14	2.3361	2.4902	1.7095	1.0511	0.3559	
11.15	2.5515	2.3594	1.753	1.0944	0.2878	
11.16	2.3239	1.797	1.9486	1.1163	0.2338	
11.17	1.5898	1.5394	2.1811	1.092	0.1615	
11.18	0.8787	0.9768	2.2452	0.9751	0.0838	
11.19	0.8152	0.7493	2.1794	0.9985	0.0165	
11.2	1.2421	0.6349	1.9696	0.9323	-0.0506	
11.21	2.2227	0.7382	1.4128	1.0577	-0.0958	
11.22	2.877	0.8616	1.1435	1.0091	-0.1751	
11.23	3.148	1.3776	0.9564	1.0697	-0.2171	
11.24	2.6805	1.7558	0.6538	0.9591	-0.242	
11.25	1.9129	2.0253	0.4415	1.009	-0.297	
11.26	1.1866	2.1105	0.2992	0.9823	-0.3331	
11.27	0.9442	2.5469	0.2962	0.8793	-0.3454	
11.28	1.5215	2.3664	0.3405	1.0255	-0.3835	
11.29	2.1239	2.486	0.5818	0.9172	-0.3669	
11.3	2.8839	1.8127	0.7555	1.0299	-0.3408	
11.31	3.0672	1.5028	1.1392	0.9971	-0.3502	
11.32	2.2216	1.0318	1.4386	0.964	-0.3164	
11.33	1.742	0.693	1.6412	0.8468	-0.3039	
11.34	1.0253	0.4253	2.2523	0.8572	-0.2795	
11.35	0.678	0.2896	2.3782	0.9017	-0.236	
11.36	1.0702	0.3427	2.2428	0.9704	-0.184	
11.37	1.6242	0.6745	2.2081	1.0303	-0.1304	
11.38	2.295	0.9366	2.3111	0.9855	-0.0854	
11.39	2.3955	1.4467	1.8534	0.9908	-0.029	
11.4	2.1215	1.5705	1.6201	0.9669	0.0323	
11.41	0.9979	1.8669	1.2165	0.8746	0.1058	
11.42	0.387	2.0175	0.9364	0.8857	0.1537	
11.43	0.1263	1.9381	0.6502	0.9338	0.2105	
11.44	0.4469	1.602	0.4901	1.0349	0.3053	
11.45	1.0566	1.3884	0.3641	0.9909	0.3605	
11.46	1.6529	0.9958	0.3039	1.0749	0.4051	
11.47	1.5989	0.4853	0.4347	0.9137	0.4737	
11.48	1.2686	0.1502	0.5521	1.0808	0.5133	
11.49	0.3997	-0.1051	0.9183	0.9055	0.4921	
11.5	-0.3098	-0.1527	1.2625	0.9235	0.5884	
11.51	-0.505	-0.0601	1.6103	0.9484	0.5319	
11.52	-0.208	0.2022	1.6747	1.0323	0.5977	
11.53	0.4579	0.5717	1.9949	1.0286	0.5351	
11.54	0.9917	0.9798	2.0221	1.054	0.5311	
11.55	1.2258	1.2671	2.1106	0.9757	0.4788	
11.56	0.7065	1.4178	1.9678	1.0829	0.428	
11.57	-0.1063	1.4919	1.9721	0.9046	0.4243	
11.58	-0.819	1.5125	1.8026	0.9891	0.3411	
11.59	-1.0317	1.0972	1.4152	1.0755	0.2668	
11.6	-0.6512	0.7543	0.9903	0.9121	0.1599	
11.61	0.0761	0.3426	0.6874	0.9092	0.0607	
11.62	0.7502	-0.1127	0.3932	0.9748	-0.0498	
11.63	0.9572	-0.4738	0.1932	1.044	-0.1865	
11.64	0.5032	-0.6969	0.0555	0.9585	-0.2908	
11.65	-0.2888	-0.6914	0.0302	0.9825	-0.4315	
11.66	-0.8922	-0.5504	0.1101	0.9391	-0.6481	
11.67	-1.0731	-0.24	0.2749	0.9664	-0.7566	
11.68	-0.6123	0.0937	0.554	1.0683	-0.9363	
11.69	0.1413	0.508	0.8302	1.1172	-1.0908	
11.7	0.8599	0.739	1.2096	0.9828	-1.343	
11.71	1.0268	1.0704	1.4368	1.0937	-1.3792	
11.72	0.68	1.014	1.6611	0.9582	-1.6801	
11.73	0.0154	0.9576	1.8181	1.0298	-1.8749	
11.74	-0.5305	0.594	1.9427	1.1204	-1.7368	
11.75	-0.7153	0.1508	1.7939	0.9521	-1.8555	
11.76	-0.2011	-0.3291	1.3468	1.0212	-2.0381	
11.77	0.5803	-0.6788	1.1745	1.0945	-2.4916	
11.78	1.427	-1.1085	0.8128	1.1067	-2.3354	
11.79	1.4786	-1.2547	0.5309	1.0902	-2.8133	
11.8	1.2054	-1.2495	0.126	1.0316	-2.6489	
11.81	0.5914	-1.0191	-0.1552	1.0472	-2.6961	
11.82	0.0272	-0.7391	-0.4242	0.9316	-2.7495	
11.83	-0.076	-0.329	-0.496	0.9869	-3.0954	
11.84	0.3675	0.0252	-0.5739	0.8815	-2.8709	
11.85	1.2442	0.2961	-0.4311	0.9372	-2.9113	
11.86	2.0595	0.4876	-0.2468	0.9444	-2.86	
11.87	2.0055	0.4779	-0.0064	0.8528	-3.0767	
11.88	1.8609	0.2699	0.2981	0.903	-2.695	
11.89	1.215	-0.0396	0.5268	0.8443	-2.917	
11.9	0.5926	-0.4552	0.8516	0.8957	-2.8831	
11.91	0.5167	-0.8607	0.9409	0.8482	-2.544	
11.92	0.907	-1.2992	1.1052	0.8143	-2.5228	
11.93	1.7989	-1.5822	1.0489	0.8583	-2.6943	
11.94	2.393	-1.6246	0.9802	0.9226	-2.6245	
11.95	2.8039	-1.6668	0.7721	0.9804	-2.3372	
11.96	2.3657	-1.4194	0.4729	1.033	-2.1389	
11.97	1.5797	-1.2559	0.0866	0.8876	-1.9704	
11.98	0.9272	-0.7818	-0.2673	1.0254	-2.0494	
11.99	0.799	-0.3687	-0.6457	0.9909	-1.5473	
12.0	1.1299	-0.0944	-0.997	1.0088	-1.5483	
12.01	1.8913	0.0287	-1.1245	1.0823	-1.2947	
12.02	2.6318	-0.0076	-1.3048	1.1315	-1.1711	
12.03	2.9376	-0.2176	-1.1919	1.1663	-0.8897	
12.04	2.3254	-0.5156	-1.1753	0.9985	-0.8561	
12.05	1.386	-0.9321	-0.9731	1.0566	-0.6119	
12.06	0.7259	-1.4172	-0.7369	1.0455	-0.4342	
12.07	0.5907	-1.725	-0.4695	1.0126	-0.2565	
12.08	0.8227	-1.9006	-0.1586	1.1066	-0.0643	
12.09	1.6105	-2.0927	0.0833	1.1807	0.0956	
12.1	2.0265	-2.2545	0.2575	1.1099	0.257	
12.11	2.413	-1.9849	0.3125	1.1258	0.3798	
12.12	1.8358	-1.5063	0.3133	0.9336	0.4808	
12.13	0.9229	-1.0935	0.1729	0.9078	0.6378	
12.14	0.2766	-0.7153	-0.058	0.8873	0.7751	
12.15	-0.0177	-0.3872	-0.3789	0.881	0.8525	
12.16	0.2743	-0.3309	-0.7121	0.9387	0.8661	
12.17	0.9833	-0.3724	-1.1302	0.7897	0.9417	
12.18	1.4362	-0.6313	-1.4333	0.7862	1.0686	
12.19	1.4961	-0.918	-1.7935	0.7597	1.0647	
12.2	1.2008	-1.3929	-2.1316	0.8502	1.0155	
12.21	0.3263	-1.9896	-2.0237	0.81	1.1398	
12.22	-0.4132	-2.0427	-1.8737	0.7691	1.0742	
12.23	-0.7986	-2.6408	-1.7186	0.7957	1.0481	
12.24	-0.4036	-2.4522	-1.6578	0.7935	0.9691	
12.25	0.2196	-2.1252	-1.3045	0.7202	0.9786	
12.26	0.7548	-2.0831	-1.1945	0.694	0.8848	
12.27	0.8537	-1.6765	-0.7935	0.7766	0.9283	
12.28	0.5395	-1.1656	-0.6634	0.7435	0.8064	
12.29	-0.3281	-0.9508	-0.4719	0.833	0.8048	
12.3	-1.0779	-0.6141	-0.3544	0.9171	0.6817	
12.31	-1.2749	-0.5736	-0.4299	0.8796	0.5605	
12.32	-0.986	-0.6831	-0.5995	0.9434	0.4721	
12.33	-0.2453	-0.8591	-0.8438	1.0087	0.3822	
12.34	0.3984	-1.3114	-1.0253	0.8932	0.2879	
12.35	0.5663	-1.8346	-1.3872	1.0505	0.1942	
12.36	0.1461	-2.2319	-1.7916	1.1307	0.1173	
12.37	-0.5688	-2.2411	-2.0148	1.0613	0.024	
12.38	-1.1391	-2.7985	-2.5576	1.0504	-0.0644	
12.39	-1.4794	-2.8207	-2.7035	1.0961	-0.1458	
12.4	-1.1032	-2.3661	-2.4033	1.1886	-0.215	
12.41	-0.2999	-2.0211	-2.3641	1.1779	-0.2917	
12.42	0.372	-1.6638	-2.6537	1.0506	-0.3512	
12.43	0.6243	-1.3213	-2.0408	0.9971	-0.4188	
12.44	0.2668	-0.8963	-2.1135	1.1503	-0.4414	
12.45	-0.4264	-0.7416	-1.614	0.9644	-0.4645	
12.46	-1.0052	-0.6696	-1.205	1.0976	-0.5018	
12.47	-1.2383	-0.7248	-1.011	0.9061	-0.4939	
12.48	-0.6891	-1.0721	-0.8562	0.9404	-0.5068	
12.49	0.0385	-1.5293	-0.8527	0.7939	-0.5262	
12.5	0.8419	-1.7784	-0.8804	0.8744	-0.5175	
12.51	1.1432	-2.4247	-0.9524	0.7507	-0.4436	
12.52	0.7399	-2.664	-1.3007	0.6885	-0.4346	
12.53	0.1005	-2.6847	-1.5458	0.6166	-0.3802	
12.54	-0.5471	-2.3165	-1.8401	0.6251	-0.326	
12.55	-0.5853	-2.5347	-2.3572	0.5791	-0.2964	
12.56	-0.1852	-2.0049	-2.3596	0.5452	-0.2031	
12.57	0.6287	-1.5422	-2.6298	0.5766	-0.1495	
12.58	1.3593	-1.1804	-3.1586	0.5674	-0.0737	
12.59	1.6817	-0.829	-3.1042	0.4776	-0.0086	
12.6	1.3283	-0.644	-3.1309	0.5166	0.0593	
12.61	0.6694	-0.5298	-2.6907	0.5003	0.1272	
12.62	0.0955	-0.6848	-2.5358	0.633	0.1977	
12.63	-0.0461	-0.9369	-2.2497	0.6284	0.2645	
12.64	0.4129	-1.3354	-1.7817	0.5971	0.307	
12.65	1.2131	-1.6406	-1.3311	0.7478	0.4273	
12.66	2.0491	-2.094	-1.2802	0.706	0.475	
12.67	2.1645	-2.4776	-1.0326	0.7917	0.5089	
12.68	1.7866	-2.5277	-0.8542	0.8316	0.5925	
12.69	1.1128	-2.529	-1.0561	0.9454	0.5957	
12.7	0.4969	-2.2108	-1.1327	0.8939	0.6816	
12.71	0.3008	-1.5825	-1.3113	0.9042	0.6536	
12.72	0.6647	-1.197	-1.609	1.0107	0.7115	
12.73	1.5207	-0.907	-1.9554	1.0443	0.7127	
12.74	1.9136	-0.5469	-2.16	1.1774	0.6787	
12.75	2.2108	-0.371	-2.3392	1.1003	0.7101	
12.76	1.9425	-0.4185	-2.7187	1.094	0.6519	
12.77	1.0698	-0.5483	-2.7625	1.0719	0.6558	
12.78	0.4179	-0.8587	-2.7553	0.9877	0.63	
12.79	0.1781	-1.3167	-2.8215	1.0844	0.6198	
12.8	0.4586	-1.5944	-2.5725	0.8935	0.4922	
12.81	1.2904	-1.822	-1.992	0.9452	0.4994	
12.82	1.7526	-2.3279	-2.0269	0.9014	0.4064	
12.83	2.0265	-2.1328	-1.4802	0.7819	0.3913	
12.84	1.5641	-2.0618	-1.2805	0.6649	0.3106	
12.85	0.79	-1.8999	-0.9885	0.5879	0.2982	
12.86	-0.0276	-1.3877	-0.7495	0.5339	0.2101	
12.87	-0.3187	-0.9236	-0.6145	0.5469	0.1624	
12.88	-0.0619	-0.5271	-0.6328	0.4037	0.1257	
12.89	0.6125	-0.222	-0.8007	0.4141	0.0804	
12.9	1.2869	-0.0847	-0.9166	0.3565	0.0293	
12.91	1.2379	-0.1275	-1.2178	0.3326	-0.0085	
12.92	0.8653	-0.3116	-1.5891	0.2855	-0.0432	
12.93	0.036	-0.6606	-1.7118	0.2515	-0.0595	
12.94	-0.6968	-1.1031	-2.1502	0.295	-0.0839	
12.95	-0.9605	-1.3675	-2.1501	0.2984	-0.0832	
12.96	-0.8536	-1.8614	-2.5554	0.3302	-0.0803	
12.97	-0.1383	-2.0048	-2.3782	0.3874	-0.0669	
12.98	0.4141	-1.7744	-2.3129	0.4293	-0.0468	
12.99	0.5829	-1.6187	-1.7667	0.4701	-0.0159	
13.0	0.1757	-1.4134	-1.5581	0.5427	0.0319	
13.01	-0.6964	-0.9123	-1.1891	0.5341	0.0862	
13.02	-1.3757	-0.5274	-0.9744	0.6354	0.1518	
13.03	-1.7436	-0.1175	-0.6001	0.744	0.2369	
13.04	-1.2791	0.1574	-0.2847	0.7496	0.3288	
13.05	-0.6659	0.2788	-0.0886	0.8347	0.429	
13.06	-0.0691	0.202	-0.0066	0.9532	0.5328	
13.07	0.1102	-0.055	-0.0307	1.0129	0.6532	
13.08	-0.2905	-0.3644	-0.1576	0.884	0.7761	
13.09	-0.9624	-0.7928	-0.347	0.9975	0.8971	
13.1	-1.8725	-1.2466	-0.6657	1.0906	1.1029	
13.11	-2.1179	-1.4968	-0.835	1.0874	1.2387	
13.12	-1.5339	-1.4924	-1.1792	1.0187	1.2004	
13.13	-0.8721	-1.5135	-1.4238	0.8738	1.5262	
13.14	-0.1839	-1.2949	-1.5778	0.8733	1.5381	
13.15	0.0569	-0.8749	-1.6033	0.8908	1.8783	
13.16	-0.2763	-0.5447	-1.5893	0.8082	1.8435	
13.17	-1.0446	-0.064	-1.4143	0.7151	1.9882	
13.18	-1.7404	0.3042	-1.1732	0.5694	2.1718	
13.19	-1.6734	0.512	-0.7362	0.5198	2.4099	
13.2	-1.4883	0.5681	-0.3839	0.4377	2.2324	
13.21	-0.5996	0.5174	-0.0257	0.3378	2.2735	
13.22	0.1177	0.205	0.3074	0.2423	2.6275	
13.23	0.4071	-0.1438	0.6354	0.1755	2.6791	
13.24	0.1337	-0.5651	0.8015	0.1099	2.4319	
13.25	-0.5722	-0.8861	0.8822	0.0579	2.9054	
13.26	-1.1879	-1.2107	0.7979	0.0265	2.6282	
13.27	-1.3057	-1.3188	0.683	0.001	2.7068	
13.28	-0.8618	-1.1612	0.4284	-0.0069	3.029	
13.29	-0.0708	-0.905	0.1932	0.0009	3.0089	
13.3	0.6805	-0.5488	-0.09	0.0263	2.7098	
13.31	1.0689	-0.0829	-0.3974	0.0635	2.6222	
13.32	0.7968	0.363	-0.6011	0.1231	2.6685	
13.33	0.0923	0.7248	-0.725	0.1799	2.663	
13.34	-0.4883	0.8115	-0.7202	0.2707	2.6305	
13.35	-0.6488	0.8111	-0.7072	0.3056	2.1202	
13.36	-0.3069	0.6779	-0.4453	0.42	2.2306	
13.37	0.5479	0.397	-0.1758	0.4459	2.0612	
13.38	1.3049	0.0514	0.1413	0.5919	1.8399	
13.39	1.6015	-0.3333	0.509	0.6768	1.7979	
13.4	1.2264	-0.7473	0.9353	0.6568	1.5723	
13.41	0.5214	-0.9109	1.2941	0.776	1.4248	
13.42	-0.0658	-1.0346	1.6238	0.8286	1.0931	
13.43	-0.261	-0.8392	1.551	0.8676	0.9379	
13.44	0.0743	-0.5338	1.689	0.9171	0.7938	
13.45	0.7994	-0.1964	1.6678	0.9316	0.5638	
13.46	1.5256	0.2371	1.5036	0.8398	0.3973	
13.47	1.8869	0.7056	1.3648	0.7844	0.2158	
13.48	1.4125	1.0553	0.9212	0.7129	0.0145	
13.49	0.6896	1.1732	0.7079	0.6816	-0.1648	
13.5	-0.008	1.0286	0.4622	0.6391	-0.3908	
13.51	-0.2581	0.9581	0.2356	0.5593	-0.5034	
13.52	0.0239	0.6107	0.0991	0.4492	-0.727	
13.53	0.7756	0.1739	0.0852	0.3968	-0.8447	
13.54	1.4118	-0.2077	0.181	0.2335	-0.9476	
13.55	1.6831	-0.5448	0.3881	0.1623	-1.2217	
13.56	1.1545	-0.8071	0.6537	0.053	-1.1864	
13.57	0.383	-0.8352	0.8885	-0.0425	-1.2555	
13.58	-0.3823	-0.6091	1.2829	-0.1253	-1.5384	
13.59	-0.7593	-0.3188	1.5455	-0.1952	-1.6229	
13.6	-0.4325	0.0762	1.8852	-0.2549	-1.7359	
13.61	0.1675	0.5229	2.0603	-0.2754	-1.4749	
13.62	0.841	0.8967	2.1748	-0.3041	-1.6013	
13.63	0.9377	1.1442	2.2863	-0.3174	-1.6588	
13.64	0.5498	1.1513	2.2194	-0.3246	-1.615	
13.65	-0.2524	1.3228	1.9679	-0.2753	-1.764	
13.66	-1.0685	0.9635	1.7537	-0.2031	-1.6078	
13.67	-1.4076	0.5883	1.5745	-0.136	-1.6109	
13.68	-1.2219	0.2245	1.397	-0.0627	-1.3928	
13.69	-0.5804	-0.2089	1.0514	0.0198	-1.5565	
13.7	0.0652	-0.5555	0.857	0.1095	-1.4444	
13.71	0.2311	-0.6149	0.7191	0.2347	-1.3056	
13.72	-0.1591	-0.6831	0.6423	0.3253	-1.2565	
13.73	-0.9996	-0.4711	0.6928	0.4073	-1.1403	
13.74	-1.5743	-0.1717	0.9131	0.4532	-0.9235	
13.75	-2.0264	0.2256	1.0911	0.582	-0.8517	
13.76	-1.7236	0.7171	1.5905	0.7106	-0.7138	
13.77	-1.1966	0.9308	1.8831	0.7043	-0.635	
13.78	-0.5496	1.3489	2.3606	0.6662	-0.5209	
13.79	-0.3005	1.289	2.4495	0.7076	-0.4761	
13.8	-0.7155	1.1524	2.8727	0.735	-0.3169	
13.81	-1.3521	0.9599	3.0095	0.6773	-0.2346	
13.82	-2.374	0.552	2.8013	0.7501	-0.1471	
13.83	-2.5471	0.1344	2.858	0.5689	-0.0701	
13.84	-2.166	-0.2802	2.2415	0.5729	0.0115	
13.85	-1.4335	-0.5279	2.23	0.4279	0.0768	
13.86	-0.709	-0.634	1.9751	0.3079	0.14	
13.87	-0.4637	-0.5948	1.5299	0.2387	0.2026	
13.88	-0.7282	-0.4438	1.2449	0.1016	0.2234	
13.89	-1.624	-0.1004	0.9276	-0.0155	0.2926	
13.9	-2.2307	0.2899	0.9133	-0.1266	0.2665	
13.91	-2.3803	0.6893	0.8794	-0.242	0.2813	
13.92	-2.1618	1.0742	0.9498	-0.3813	0.289	
13.93	-1.3224	1.2016	1.1346	-0.4628	0.3197	
13.94	-0.528	1.151	1.332	-0.5618	0.261	
13.95	-0.1983	0.9953	1.5856	-0.5453	0.226	
13.96	-0.4559	0.7923	2.071	-0.6553	0.192	
13.97	-1.2014	0.3776	2.2245	-0.696	0.1641	
13.98	-1.705	-0.0313	2.6093	-0.6026	0.1151	
13.99	-1.928	-0.382	2.8358	-0.6572	0.0512	
14.0	-1.3858	-0.711	2.91	-0.5318	-0.0095	
14.01	-0.7146	-0.8073	2.5149	-0.5075	-0.0769	
14.02	0.0279	-0.7679	2.5949	-0.4405	-0.1599	
14.03	0.3932	-0.5205	2.5754	-0.3334	-0.237	
14.04	0.1291	-0.1381	1.9085	-0.2205	-0.2924	
14.05	-0.5209	0.2874	1.6365	-0.0982	-0.3885	
14.06	-1.1686	0.6236	1.2578	0.02	-0.481	
14.07	-1.3882	1.0677	1.0661	0.1432	-0.5393	
14.08	-0.9835	1.0303	0.845	0.2322	-0.5737	
14.09	-0.1313	1.1624	0.7048	0.3158	-0.6949	
14.1	0.6378	0.8411	0.604	0.4287	-0.6483	
14.11	0.9532	0.6482	0.7374	0.555	-0.7308	
14.12	0.6783	0.1654	0.8999	0.6017	-0.8576	
14.13	0.0587	-0.2704	1.2266	0.544	-0.7713	
14.14	-0.6482	-0.6002	1.515	0.6653	-0.9633	
14.15	-0.871	-0.7745	1.68	0.6234	-0.9329	
14.16	-0.437	-0.9727	1.9029	0.5383	-0.9376	
14.17	0.3032	-0.8948	2.424	0.552	-0.9006	
14.18	1.0791	-0.5262	2.562	0.4704	-0.8856	
14.19	1.2348	-0.1975	2.3328	0.3458	-1.018	
14.2	0.9387	0.2042	2.1795	0.2492	-0.8315	
14.21	0.2914	0.6317	2.1809	0.1128	-0.9489	
14.22	-0.3957	0.8625	1.8571	-0.0311	-0.8136	
14.23	-0.761	1.0357	1.6102	-0.1721	-0.7941	
14.24	-0.4282	0.9774	1.3309	-0.3011	-0.7319	
14.25	0.3072	0.7509	0.8991	-0.4505	-0.7776	
14.26	0.8747	0.3308	0.5999	-0.5152	-0.7346	
14.27	1.299	-0.0743	0.3109	-0.656	-0.6638	
14.28	0.8724	-0.5029	0.2128	-0.8093	-0.5713	
14.29	0.0728	-0.7836	0.1571	-0.9063	-0.5251	
14.3	-0.6797	-0.9594	0.2738	-0.9748	-0.5106	
14.31	-1.1221	-1.1852	0.4447	-0.873	-0.4112	
14.32	-0.8009	-0.9032	0.612	-0.8874	-0.3833	
14.33	-0.1505	-0.6755	1.005	-0.8903	-0.3759	
14.34	0.512	-0.2708	1.2018	-0.9031	-0.3249	
14.35	0.6377	0.151	1.3836	-0.901	-0.2878	
14.36	0.3268	0.5288	1.8325	-0.8064	-0.2123	
14.37	-0.5076	0.8151	2.01	-0.7023	-0.2003	
14.38	-1.3186	0.7878	2.0021	-0.594	-0.2	
14.39	-1.7034	0.7326	1.7588	-0.4073	-0.1887	
14.4	-1.3415	0.5223	1.6605	-0.292	-0.1731	
14.41	-0.8874	0.1053	1.2751	-0.1547	-0.2015	
14.42	-0.228	-0.3263	0.9496	-0.032	-0.2114	
14.43	-0.0143	-0.7001	0.494	0.0968	-0.2511	
14.44	-0.4313	-0.9703	0.2002	0.2083	-0.2725	
14.45	-1.1759	-1.2573	-0.1168	0.2832	-0.3243	
14.46	-2.1126	-1.2116	-0.334	0.3621	-0.4204	
14.47	-2.23	-1.0828	-0.4449	0.4674	-0.436	
14.48	-2.2806	-0.6473	-0.4981	0.4177	-0.5833	
14.49	-1.6056	-0.3163	-0.3885	0.4723	-0.6218	
14.5	-0.9223	0.097	-0.2335	0.4806	-0.696	
14.51	-0.5714	0.4641	0.03	0.4423	-0.9155	
14.52	-1.0544	0.5989	0.3038	0.3433	-0.8706	
14.53	-1.8378	0.6559	0.5885	0.2251	-0.9513	
14.54	-2.4755	0.6153	0.795	0.1405	-1.1182	
14.55	-2.6062	0.2753	1.0199	0.0065	-1.1687	
14.56	-2.4816	-0.0852	1.0919	-0.1361	-1.3305	
14.57	-1.9557	-0.5331	1.186	-0.3102	-1.6078	
14.58	-1.1645	-0.9698	1.1115	-0.4327	-1.4998	
14.59	-0.8241	-1.2971	0.7282	-0.6251	-1.791	
14.6	-1.1757	-1.4172	0.5375	-0.7514	-1.8525	
14.61	-1.7719	-1.333	0.1584	-0.8235	-2.1177	
14.62	-2.4414	-0.9779	-0.2094	-0.9944	-1.9974	
14.63	-2.6029	-0.7662	-0.5942	-1.1571	-1.9186	
14.64	-2.629	-0.2828	-0.832	-1.1341	-2.018	
14.65	-1.8687	0.1133	-1.1539	-1.2127	-2.0557	
14.66	-0.9369	0.4526	-1.1682	-1.3535	-2.4628	
14.67	-0.7158	0.6796	-1.2367	-1.2553	-2.1267	
14.68	-0.9634	0.6188	-1.0195	-1.1452	-2.482	
14.69	-1.5698	0.4448	-0.8395	-1.0849	-2.3754	
14.7	-2.0399	0.1935	-0.5882	-1.0364	-2.3949	
14.71	-2.6037	-0.2184	-0.2941	-0.9829	-2.4267	
14.72	-1.9626	-0.6337	-0.0023	-0.9195	-2.4814	
14.73	-1.1626	-0.923	0.2674	-0.7472	-2.0287	
14.74	-0.4342	-1.136	0.3971	-0.6208	-2.2697	
14.75	-0.095	-1.2747	0.5282	-0.4995	-2.1837	
14.76	-0.3285	-1.2671	0.5337	-0.3445	-1.9786	
14.77	-0.9501	-0.9009	0.3899	-0.1765	-1.8279	
14.78	-1.6554	-0.5818	0.1776	-0.0403	-1.8328	
14.79	-1.9047	-0.1814	-0.1468	0.0759	-1.725	
14.8	-1.5303	0.2381	-0.4857	0.1941	-1.3515	
14.81	-0.6616	0.5409	-0.7978	0.2471	-1.2145	
14.82	0.1555	0.7368	-1.2215	0.3207	-1.1351	
14.83	0.5305	0.6657	-1.4677	0.3437	-0.9682	
14.84	0.3273	0.457	-1.7457	0.3735	-0.7098	
14.85	-0.3173	0.1565	-1.6433	0.2962	-0.5361	
14.86	-0.9568	-0.2271	-1.7246	0.2364	-0.317	
14.87	-1.1763	-0.6296	-1.6333	0.1826	-0.1197	
14.88	-0.8083	-0.9218	-1.4527	0.0699	0.0836	
14.89	-0.1221	-1.281	-1.0581	-0.0608	0.2772	
14.9	0.6401	-1.1338	-0.7636	-0.1893	0.4516	
14.91	1.014	-0.9998	-0.4426	-0.3468	0.6257	
14.92	0.6979	-0.8483	-0.1726	-0.5291	0.8592	
14.93	0.033	-0.4116	0.0147	-0.6819	0.9991	
14.94	-0.6326	0.0227	0.1119	-0.8607	1.2973	
14.95	-0.9418	0.4167	0.0889	-0.9724	1.485	
14.96	-0.7411	0.6944	-0.0463	-1.1623	1.5136	
14.97	0.0135	0.767	-0.2843	-1.2641	1.7365	
14.98	0.686	0.8359	-0.6055	-1.2859	1.8487	
14.99	1.004	0.5962	-0.8315	-1.5286	1.8822	
15.0	0.6439	0.2383	-1.2796	-1.6325	1.8153	
15.01	-0.0527	-0.1619	-1.5317	-1.5039	2.0576	
15.02	-0.8693	-0.5658	-1.9014	-1.6184	1.9984	
15.03	-1.1243	-0.8684	-1.7906	-1.598	2.0561	
15.04	-0.9957	-1.1339	-1.9805	-1.5705	2.403	
15.05	-0.2948	-1.0195	-1.781	-1.3169	2.0784	
15.06	0.3522	-0.7671	-1.7272	-1.1007	2.3114	
15.07	0.6496	-0.507	-1.6835	-1.0227	2.0676	
15.08	0.2562	-0.1083	-1.1474	-0.8881	2.3135	
15.09	-0.5347	0.3473	-0.8256	-0.743	2.2311	
15.1	-1.3897	0.7658	-0.5786	-0.5586	1.9583	
15.11	-1.6058	0.9823	-0.3534	-0.4913	1.8455	
15.12	-1.655	1.1595	-0.1571	-0.3097	1.8189	
15.13	-0.9005	1.0904	-0.0507	-0.1443	1.839	
15.14	-0.2818	0.6965	-0.0783	-0.0171	1.8014	
15.15	-0.0612	0.439	-0.1877	0.0819	1.4442	
15.16	-0.3973	0.0083	-0.4462	0.163	1.3202	
15.17	-1.1713	-0.375	-0.6998	0.2419	1.2341	
15.18	-2.0471	-0.6321	-1.0177	0.2571	1.1799	
15.19	-2.4406	-0.7973	-1.2757	0.2415	1.0981	
15.2	-2.3135	-0.7666	-1.6737	0.2016	1.0278	
15.21	-1.7016	-0.4685	-1.7006	0.1361	0.8595	
15.22	-0.925	-0.1437	-2.0456	0.0317	0.6809	
15.23	-0.7358	0.2776	-2.1518	-0.0817	0.5151	
15.24	-1.0804	0.674	-1.9737	-0.2331	0.4621	
15.25	-1.8838	1.1419	-1.5829	-0.3709	0.323	
15.26	-2.5496	1.2142	-1.3648	-0.5691	0.2311	
15.27	-2.6681	1.2542	-1.0478	-0.6804	0.1513	
15.28	-2.4457	1.3565	-0.7778	-0.8895	0.0505	
15.29	-1.8886	1.1078	-0.4836	-1.1751	-0.0211	
15.3	-1.3571	0.6236	-0.2412	-1.2124	-0.0908	
15.31	-0.9905	0.2268	-0.0379	-1.4708	-0.1404	
15.32	-1.1814	-0.1042	0.0437	-1.697	-0.1738	
15.33	-1.8616	-0.3362	0.0207	-1.7862	-0.1976	
15.34	-2.6109	-0.4356	-0.0979	-1.5656	-0.2225	
15.35	-3.1872	-0.3349	-0.3238	-1.7958	-0.2425	
15.36	-2.498	-0.1098	-0.5997	-1.9031	-0.2443	
15.37	-1.8925	0.2753	-0.8885	-1.897	-0.2438	
15.38	-1.1775	0.6604	-1.3447	-1.8379	-0.1899	
15.39	-0.9064	1.2066	-1.6348	-1.6251	-0.175	
15.4	-0.9898	1.6217	-1.8702	-1.5545	-0.1232	
15.41	-1.7071	1.6989	-1.7724	-1.4334	-0.081	
15.42	-2.4433	1.7242	-1.7699	-1.274	-0.0209	
15.43	-2.8759	1.5774	-1.6836	-1.0864	0.0443	
15.44	-2.1129	1.196	-1.4641	-0.9664	0.1223	
15.45	-1.4216	0.8871	-1.0942	-0.6805	0.1725	
15.46	-0.7866	0.4854	-0.8513	-0.5583	0.2828	
15.47	-0.3577	0.1698	-0.5727	-0.3637	0.3303	
15.48	-0.542	-0.0458	-0.213	-0.1947	0.3864	
15.49	-1.1742	-0.0947	0.0655	-0.0634	0.5276	
15.5	-1.6975	0.0222	0.2639	0.0431	0.531	
15.51	-1.8108	0.324	0.3128	0.1178	0.6934	
15.52	-1.8042	0.7757	0.2741	0.1779	0.6701	
15.53	-0.9609	1.2133	0.1486	0.1707	0.8425	
15.54	-0.0726	1.4625	-0.0734	0.1698	0.8682	
15.55	0.3079	1.7202	-0.3421	0.1122	0.9729	
15.56	0.1502	1.9826	-0.6291	0.0341	0.9711	
15.57	-0.4967	1.8861	-1.0527	-0.0777	0.8819	
15.58	-1.1817	1.7972	-1.2706	-0.1972	0.9557	
15.59	-1.2306	1.5562	-1.3033	-0.3599	1.1309	
15.6	-1.0903	1.2661	-1.4944	-0.523	1.1178	
15.61	-0.3056	0.725	-1.5821	-0.7608	1.1097	
15.62	0.5303	0.4609	-1.2706	-0.9392	1.1305	
15.63	0.8785	0.2398	-1.1387	-1.2172	1.053	
15.64	0.64	0.2182	-0.817	-1.2079	1.0989	
15.65	0.0009	0.3717	-0.4462	-1.5732	0.9772	
15.66	-0.6244	0.6535	-0.1444	-1.5138	0.9924	
15.67	-0.908	1.1187	0.1773	-1.6514	0.8625	
15.68	-0.7808	1.4167	0.4214	-1.8522	0.8569	
15.69	-0.0283	2.0068	0.5948	-2.1196	0.8604	
15.7	0.6779	2.2897	0.6963	-2.072	0.7649	
15.71	1.0003	2.1915	0.5923	-1.8924	0.7008	
15.72	0.8103	2.4031	0.4613	-1.8211	0.6623	
15.73	0.0551	2.0684	0.2448	-2.0004	0.5835	
15.74	-0.6353	1.7238	-0.0572	-1.937	0.5639	
15.75	-1.0782	1.2101	-0.3699	-1.8162	0.5396	
15.76	-0.8926	1.0381	-0.7082	-1.6038	0.4832	
15.77	-0.223	0.6377	-0.9676	-1.4327	0.3841	
15.78	0.4626	0.4833	-1.1868	-1.101	0.3925	
15.79	0.7061	0.5378	-1.2092	-0.9489	0.3392	
15.8	0.4567	0.6496	-1.2073	-0.7895	0.2989	
15.81	-0.313	0.9997	-0.9189	-0.582	0.2553	
15.82	-1.1886	1.5768	-0.7609	-0.3448	0.2673	
15.83	-1.4219	1.9065	-0.4916	-0.2191	0.2162	
15.84	-1.4395	2.2152	-0.1365	-0.0821	0.2392	
15.85	-0.7234	2.6072	0.218	0.0364	0.2275	
15.86	-0.1003	2.4008	0.5015	0.1092	0.2575	
15.87	0.1653	2.3378	0.7418	0.1513	0.2759	
15.88	-0.1691	2.2805	0.8826	0.1532	0.2961	
15.89	-0.9651	1.722	0.8771	0.1281	0.3572	
15.9	-1.6849	1.4352	0.8019	0.0757	0.4154	
15.91	-2.1044	0.9807	0.7606	-0.019	0.4526	
15.92	-2.0186	0.7861	0.432	-0.142	0.5121	
15.93	-1.3545	0.6333	0.149	-0.328	0.5986	
15.94	-0.7863	0.612	-0.1696	-0.5142	0.6189	
15.95	-0.4456	0.9228	-0.52	-0.7316	0.7292	
15.96	-0.6987	1.3271	-0.6593	-0.813	0.9034	
15.97	-1.5882	1.7732	-0.9079	-1.1805	0.8524	
15.98	-2.172	2.0291	-0.8881	-1.357	1.0528	
15.99	-2.6251	2.4706	-0.851	-1.5775	1.1126	
16.0	-2.4853	2.5332	-0.8244	-1.6635	1.1875	
16.01	-1.7814	2.5028	-0.566	-1.6838	1.3985	
16.02	-1.1859	2.685	-0.2351	-2.0262	1.3708	
16.03	-0.854	2.1318	0.108	-1.8677	1.438	
16.04	-1.0563	1.8838	0.4512	-1.9607	1.3871	
16.05	-1.7885	1.4445	0.7787	-2.2177	1.4929	
16.06	-2.3631	0.9989	0.9335	-2.0164	1.648	
16.07	-2.8618	0.6821	1.017	-1.9614	1.7719	
16.08	-2.6815	0.6486	1.1514	-2.1455	1.6341	
16.09	-1.8736	0.7425	1.033	-1.9577	1.9031	
16.1	-1.2226	0.9115	0.7572	-1.8035	1.8885	
16.11	-0.7102	1.2513	0.5524	-1.5177	1.6618	
16.12	-0.9199	1.5494	0.2104	-1.2966	1.8336	
16.13	-1.5864	2.2595	-0.1233	-1.2543	1.7459	
16.14	-2.4606	2.212	-0.4407	-0.9004	1.6335	
16.15	-2.8221	2.7594	-0.6325	-0.7266	1.7093	
16.16	-2.325	2.7495	-0.805	-0.5478	1.6922	
16.17	-1.6597	2.5275	-0.963	-0.3344	1.5304	
16.18	-0.7215	2.0222	-0.7994	-0.1546	1.5433	
16.19	-0.2917	1.6653	-0.6406	-0.0247	1.3269	
16.2	-0.4856	1.2795	-0.4195	0.0792	1.1738	
16.21	-1.0199	0.7831	-0.1576	0.1475	1.0788	
16.22	-1.7354	0.5333	0.1613	0.1914	0.913	
16.23	-1.7914	0.4536	0.514	0.1814	0.6886	
16.24	-1.6525	0.5753	0.7872	0.1564	0.5088	
16.25	-0.9449	0.8557	0.8648	0.0723	0.3958	
16.26	-0.0647	1.1809	0.9527	-0.0371	0.196	
16.27	0.3725	1.6495	1.0732	-0.1659	0.0063	
16.28	0.2106	1.8307	0.9617	-0.3473	-0.1726	
16.29	-0.3371	2.2577	0.6521	-0.5477	-0.4152	
16.3	-1.07	2.4157	0.4067	-0.7615	-0.5822	
16.31	-1.3023	2.114	0.0932	-1.0106	-0.736	
16.32	-0.8846	1.9049	-0.2335	-1.2012	-0.9241	
16.33	-0.2046	1.5645	-0.5407	-1.5077	-1.1742	
16.34	0.5196	1.3407	-0.7247	-1.5671	-1.2087	
16.35	0.9948	0.9118	-0.9219	-1.8334	-1.5028	
16.36	0.8109	0.5152	-0.9751	-2.0738	-1.6898	
16.37	0.1908	0.2592	-1.0252	-2.1929	-1.9924	
16.38	-0.5138	0.2078	-0.7871	-2.3646	-2.1272	
16.39	-0.7743	0.3344	-0.5367	-2.1218	-2.2538	
16.4	-0.5905	0.6412	-0.2477	-2.1006	-2.4009	
16.41	0.1646	1.0231	0.0878	-2.2081	-2.3174	
16.42	0.9702	1.2633	0.3838	-2.1227	-2.2134	
16.43	1.2586	1.8621	0.6263	-1.9886	-2.7421	
16.44	0.9817	1.8546	0.827	-1.9212	-2.8252	
16.45	0.4098	2.0868	0.9098	-1.8854	-2.6278	
16.46	-0.3536	2.0734	0.8336	-1.4094	-2.5157	
16.47	-0.8026	1.4847	0.7243	-1.3391	-2.5663	
16.48	-0.581	1.2722	0.5102	-1.0625	-2.7291	
16.49	0.1201	0.768	0.2308	-0.8097	-2.6287	
16.5	0.8757	0.3379	-0.1236	-0.6375	-2.6651	
16.51	1.1583	0.018	-0.4208	-0.4087	-2.6373	
16.52	0.7726	-0.1648	-0.751	-0.2572	-2.5797	
16.53	0.1151	-0.2031	-0.9996	-0.0625	-2.199	
16.54	-0.6986	-0.0403	-1.1774	0.0821	-2.2834	
16.55	-0.9817	0.2698	-1.1252	0.1774	-2.1673	
16.56	-0.8913	0.5902	-1.0785	0.2359	-1.9697	
16.57	-0.3274	1.0538	-1.0129	0.276	-1.7756	
16.58	0.3305	1.3772	-0.6148	0.279	-1.8721	
16.59	0.6094	1.4808	-0.3669	0.1989	-1.7847	
16.6	0.3315	1.5384	-0.0591	0.1199	-1.5883	
