0.01	0.1402	0.5745	0.2597	-1.2612	0.6425	0.2288	
0.02	0.2682	1.0056	0.4947	-1.6605	1.147	0.4074	
0.03	0.4287	1.5019	0.7021	-0.952	1.193	0.6098	
0.04	0.601	1.8159	0.9044	0.122	1.3076	0.7606	
0.05	0.6285	1.9516	1.188	0.7467	0.9977	0.8995	
0.06	0.7739	2.1185	1.2195	0.5539	0.6794	1.0642	
0.07	1.0215	2.0899	1.4065	0.131	0.2622	1.2778	
0.08	0.9607	1.6406	1.4005	0.1684	-0.0326	1.258	
0.09	1.1133	1.2117	1.3354	0.7742	-0.1587	1.4832	
0.1	1.2685	0.9225	1.2447	1.244	-0.0128	1.3365	
0.11	1.4286	0.4262	1.038	1.0538	0.3222	1.3299	
0.12	1.4037	-0.0337	0.9666	-0.0866	0.9316	1.385	
0.13	1.5027	-0.4578	0.8535	-1.2599	1.2859	1.5298	
0.14	1.6926	-0.8934	0.6473	-1.708	1.7563	1.2864	
0.15	1.5836	-1.1517	0.4988	-0.8747	1.9806	1.2672	
0.16	1.7228	-1.3639	0.2977	0.5585	2.0878	1.1062	
0.17	1.6547	-1.4239	0.1371	1.5449	1.8846	0.9718	
0.18	1.7801	-1.5837	0.0041	1.4517	1.3889	0.96	
0.19	1.6837	-1.2211	-0.0863	0.7201	0.9476	0.8834	
0.2	1.6712	-1.0311	-0.1342	0.1741	0.5107	0.6615	
0.21	1.6428	-0.7474	-0.1222	0.1921	0.1747	0.5848	
0.22	1.5315	-0.3864	-0.073	0.6914	0.1219	0.4708	
0.23	1.6307	-0.0037	0.023	0.7119	0.3	0.345	
0.24	1.5879	0.3646	0.1756	0.0207	0.7294	0.3183	
0.25	1.5323	0.7134	0.3225	-0.9686	1.2178	0.2226	
0.26	1.4009	0.8965	0.5302	-1.2481	1.5943	0.1787	
0.27	1.5693	1.0839	0.7539	-0.4349	1.8595	0.1771	
0.28	1.3528	1.1172	0.9371	1.1778	1.8149	0.1624	
0.29	1.3164	1.2426	1.203	2.3385	1.5284	0.2011	
0.3	1.1703	1.1676	1.4086	2.2437	0.9246	0.2951	
0.31	1.0502	1.0303	1.6476	0.9985	0.4799	0.3579	
0.32	1.177	0.9598	2.0768	-0.0764	-0.1086	0.5195	
0.33	1.0447	0.7517	2.0834	-0.4927	-0.559	0.5508	
0.34	0.9521	0.4576	1.9797	-0.0904	-0.7903	0.8011	
0.35	0.8697	0.3102	2.2503	0.4178	-0.6273	0.9285	
0.36	0.7395	0.1689	2.0564	0.4231	-0.3607	1.1203	
0.37	0.6336	0.0527	2.2654	-0.1055	0.0195	1.1772	
0.38	0.6818	-0.0022	2.0344	-0.4336	0.3918	1.446	
0.39	0.5397	-0.0108	1.9508	0.1237	0.7717	1.8139	
0.4	0.4887	0.0225	1.7309	1.3452	0.7377	1.7202	
0.41	0.4337	0.0922	1.4329	2.2251	0.6067	1.84	
0.42	0.3956	0.179	1.3554	2.4282	0.2397	1.9873	
0.43	0.3787	0.2323	1.1008	1.1961	-0.2603	2.2783	
0.44	0.3409	0.3356	0.9324	-0.3793	-0.872	2.3066	
0.45	0.3373	0.3769	0.7931	-0.9814	-1.2753	2.6782	
0.46	0.3257	0.3691	0.5804	-0.5338	-1.4388	2.7148	
0.47	0.3617	0.3625	0.3921	0.4245	-1.5625	2.788	
0.48	0.3311	0.2984	0.3672	1.0115	-1.1436	2.4162	
0.49	0.3429	0.2028	0.3013	0.9364	-0.7043	2.7969	
0.5	0.3984	0.0776	0.2981	0.5967	-0.1622	2.6438	
0.51	0.4078	-0.0469	0.3079	0.6166	0.2726	2.4564	
0.52	0.4704	-0.1667	0.3905	1.2671	0.5659	2.3703	
0.53	0.5672	-0.2432	0.5647	2.1433	0.5085	2.1015	
0.54	0.5795	-0.2503	0.7509	1.8253	0.3259	2.0827	
0.55	0.6603	-0.2103	0.9919	0.8951	-0.0739	2.1778	
0.56	0.6555	-0.1289	1.1301	-0.4925	-0.5504	1.9489	
0.57	0.7442	0.0276	1.3761	-1.1298	-0.8173	1.9098	
0.58	0.9543	0.2658	1.6026	-0.6926	-0.9888	1.7214	
0.59	0.9019	0.4886	1.7541	0.7186	-0.9425	1.3874	
0.6	1.0855	0.7714	1.6943	1.6746	-0.7672	1.2903	
0.61	1.0881	1.1716	2.0471	1.9125	-0.2193	1.0426	
0.62	1.2356	1.4013	2.1261	1.2643	0.3341	1.0104	
0.63	1.1742	1.67	2.24	0.8551	0.9612	0.9208	
0.64	1.3734	1.7943	1.8882	0.8624	1.3895	0.8901	
0.65	1.3879	1.8227	1.7747	1.3067	1.477	0.788	
0.66	1.5909	1.7665	1.9365	1.5084	1.3665	0.7773	
0.67	1.6711	1.7142	1.7875	0.73	1.0635	0.8067	
0.68	1.7801	1.4578	1.4129	-0.3405	0.6797	0.7984	
0.69	1.8417	1.1814	1.166	-0.8606	0.354	0.8068	
0.7	1.8864	0.74	1.0561	-0.422	0.1181	0.9466	
0.71	1.7337	0.3127	0.812	1.0318	0.1085	0.922	
0.72	1.8023	-0.1283	0.5482	2.3673	0.3193	1.2129	
0.73	1.8943	-0.537	0.2675	2.5731	0.8397	1.1463	
0.74	1.8431	-0.8443	0.0776	1.8766	1.3014	1.3278	
0.75	1.7928	-1.1562	-0.1086	0.735	1.9418	1.6065	
0.76	1.7609	-1.2835	-0.2115	0.2119	2.3687	1.6429	
0.77	1.8427	-1.1445	-0.2878	0.4888	2.5244	1.7758	
0.78	1.8733	-1.0459	-0.3581	0.9491	2.2658	1.9951	
0.79	1.9258	-0.8328	-0.3645	0.793	2.1619	1.922	
0.8	1.7167	-0.5402	-0.2932	0.2126	1.8192	2.1838	
0.81	1.6429	-0.0418	-0.1838	-0.2341	1.222	2.5385	
0.82	1.6318	0.4476	-0.0286	0.1139	0.9295	2.5783	
0.83	1.7637	0.9553	0.1398	1.4792	0.8036	2.2275	
0.84	1.5508	1.4457	0.3379	2.6018	0.8588	2.5618	
0.85	1.5539	2.0459	0.5097	3.1647	1.227	2.3384	
0.86	1.4488	2.4646	0.7227	1.7595	1.5618	2.3345	
0.87	1.4093	2.4453	0.9161	0.4542	1.9272	2.3166	
0.88	1.0966	2.4599	1.1076	-0.4496	2.291	2.3123	
0.89	0.9612	2.8286	1.0234	-0.2657	2.6483	2.1744	
0.9	0.9502	2.4467	1.1219	0.5925	2.6891	2.2559	
0.91	0.8278	1.9266	1.3381	1.0518	2.2153	2.0815	
0.92	0.619	1.7081	1.2534	1.1499	1.6123	1.8265	
0.93	0.5759	1.1433	1.0541	0.7168	1.2608	1.6978	
0.94	0.4106	0.6887	1.0092	0.7098	0.6193	1.2581	
0.95	0.3033	0.1494	0.8487	1.5481	0.2818	1.2131	
0.96	0.1746	-0.2961	0.6489	2.4739	0.2125	1.0511	
0.97	0.0445	-0.7146	0.4396	2.5437	0.3524	0.8868	
0.98	-0.0783	-0.9983	0.2001	1.7351	0.7157	0.624	
0.99	-0.1784	-1.0983	-0.052	0.1547	1.0931	0.5058	
1.0	-0.3291	-1.0852	-0.3166	-0.9056	1.4126	0.3117	
1.01	-0.3704	-0.98	-0.5246	-0.7076	1.4994	0.1833	
1.02	-0.4649	-0.8	-0.6643	0.4915	1.4849	0.0917	
1.03	-0.6355	-0.4259	-0.8992	1.5307	1.4913	0.0179	
1.04	-0.6833	-0.0298	-0.9725	1.9255	0.9874	-0.0374	
1.05	-0.6865	0.3794	-1.1245	1.6708	0.308	-0.0576	
1.06	-0.732	0.7971	-1.2159	1.1263	-0.221	-0.0632	
1.07	-0.8873	1.1873	-1.1343	1.1434	-0.5975	-0.0309	
1.08	-0.8292	1.6787	-1.1505	1.5818	-0.8718	0.0213	
1.09	-0.9984	2.0253	-0.9796	1.9139	-0.7223	0.095	
1.1	-0.9411	2.1276	-0.8107	1.2828	-0.3803	0.1943	
1.11	-0.8847	2.1194	-0.6507	0.0585	0.0249	0.3208	
1.12	-0.956	2.0398	-0.3863	-0.87	0.4996	0.4572	
1.13	-1.0188	1.7692	-0.1907	-0.6366	0.8221	0.521	
1.14	-0.8813	1.6118	0.0316	0.6354	0.9203	0.6323	
1.15	-0.8595	1.5001	0.2337	2.0497	0.8587	0.8025	
1.16	-0.8179	1.1804	0.4075	2.6545	0.5065	1.0098	
1.17	-0.8358	0.9408	0.5175	2.2799	0.0436	1.1672	
1.18	-0.803	0.586	0.7183	1.0703	-0.4117	1.1699	
1.19	-0.6146	0.4381	0.6636	0.5602	-0.7533	1.3472	
1.2	-0.6501	0.2732	0.7265	0.6472	-1.0015	1.3361	
1.21	-0.4929	0.1532	0.6791	1.1544	-0.8559	1.441	
1.22	-0.453	0.1471	0.6743	0.9451	-0.4994	1.4997	
1.23	-0.3642	0.1573	0.5207	0.2897	-0.0154	1.4137	
1.24	-0.2645	0.2488	0.4085	-0.4096	0.5962	1.4494	
1.25	-0.1487	0.3402	0.1964	-0.268	1.0521	1.2975	
1.26	-0.0574	0.4722	-0.0113	0.9512	1.4822	1.2381	
1.27	0.0391	0.6653	-0.203	2.225	1.4713	1.0632	
1.28	0.1384	0.7781	-0.3994	2.7005	1.3545	0.8388	
1.29	0.2067	0.851	-0.6832	2.0963	0.832	0.7045	
1.3	0.3421	0.9623	-0.7926	0.9568	0.501	0.6346	
1.31	0.4008	0.8304	-0.8622	-0.1679	0.1331	0.3859	
1.32	0.4896	0.9377	-1.0506	-0.2381	-0.0369	0.2377	
1.33	0.6194	0.7886	-1.1395	0.4246	0.0288	0.0421	
1.34	0.6862	0.7967	-1.077	0.9001	0.3231	-0.1607	
1.35	0.6866	0.6041	-0.977	0.7804	0.8846	-0.3218	
1.36	0.7737	0.621	-0.8573	0.3897	1.3674	-0.5287	
1.37	0.7526	0.6304	-0.7815	0.3139	2.1872	-0.6654	
1.38	0.8517	0.6175	-0.6251	1.0251	2.3159	-0.8832	
1.39	0.9173	0.6271	-0.3658	2.3696	2.4615	-1.0114	
1.4	0.9861	0.8081	-0.1525	2.8394	2.4542	-0.9735	
1.41	0.9235	0.8974	0.1091	2.1884	2.2967	-1.1203	
1.42	0.8368	1.0903	0.3548	0.4451	1.8468	-1.0816	
1.43	0.9786	1.2766	0.6212	-0.7041	1.3012	-1.2307	
1.44	1.0003	1.4482	0.8905	-1.0015	1.0169	-1.0887	
1.45	0.935	1.5231	0.9612	-0.0071	0.9442	-1.0804	
1.46	0.9078	1.8185	1.1011	1.1092	1.1958	-1.1042	
1.47	0.8662	1.9628	1.3159	1.6172	1.4159	-0.8275	
1.48	0.7127	1.8139	1.2603	1.3255	1.9597	-0.7587	
1.49	0.7369	1.9555	1.3241	0.8289	2.5809	-0.6742	
1.5	0.6807	1.722	1.4256	0.8244	2.5877	-0.5231	
1.51	0.6714	1.5932	1.3072	1.5592	3.0046	-0.3923	
1.52	0.5177	1.0686	1.0704	2.023	2.8797	-0.2491	
1.53	0.5082	0.8162	0.9266	1.3869	2.6896	-0.0973	
1.54	0.4587	0.4852	0.8383	0.1557	2.1273	0.0518	
1.55	0.3838	0.0991	0.5662	-1.1086	1.3457	0.2063	
1.56	0.258	-0.2381	0.477	-1.0591	1.0018	0.3396	
1.57	0.2275	-0.4833	0.2967	-0.0884	0.8039	0.3963	
1.58	0.1361	-0.5873	0.1226	1.4179	0.7411	0.5491	
1.59	0.0795	-0.6168	0.0033	1.9866	0.98	0.5967	
1.6	0.0128	-0.563	-0.0718	1.8768	1.268	0.5865	
1.61	-0.049	-0.451	-0.1132	0.9201	1.6125	0.6727	
1.62	-0.0903	-0.1094	-0.1112	0.4368	2.0373	0.6383	
1.63	-0.1612	0.2826	-0.0451	0.5863	2.0377	0.5254	
1.64	-0.1991	0.6709	0.0588	1.0125	2.0592	0.474	
1.65	-0.2126	1.2115	0.2296	0.821	1.7972	0.3898	
1.66	-0.2311	1.6578	0.3656	0.0665	1.3436	0.2799	
1.67	-0.2724	2.1712	0.6764	-0.8484	0.6395	0.1494	
1.68	-0.2897	2.6764	0.8567	-1.0137	0.1139	0.0187	
1.69	-0.2492	2.5025	1.0964	0.0477	-0.2598	-0.1459	
1.7	-0.2399	2.8436	1.3724	1.4613	-0.3553	-0.3137	
1.71	-0.2158	3.1735	1.768	2.4827	-0.2701	-0.4241	
1.72	-0.2074	2.8362	1.7065	2.0629	0.0771	-0.6477	
1.73	-0.1676	2.7042	2.22	0.8216	0.5347	-0.8511	
1.74	-0.1043	2.1356	2.3897	-0.2274	0.8762	-0.8849	
1.75	-0.0403	1.4938	2.2955	-0.4382	1.1656	-1.0287	
1.76	0.0379	1.1056	2.5252	-0.0046	1.0411	-1.2573	
1.77	0.12	0.5127	2.4156	0.4374	0.9514	-1.1543	
1.78	0.2156	0.0536	2.2819	0.2775	0.4421	-1.1964	
1.79	0.3002	-0.4051	2.2744	-0.2571	-0.0569	-1.3224	
1.8	0.4523	-0.7261	2.1456	-0.4912	-0.5747	-1.2695	
1.81	0.5018	-0.9062	2.1177	0.2345	-0.8708	-1.2814	
1.82	0.6509	-0.9029	2.0318	1.6116	-1.1388	-1.3696	
1.83	0.7984	-0.862	1.6381	2.4674	-0.9442	-1.3388	
1.84	0.9595	-0.6752	1.6862	1.9416	-0.5489	-1.0763	
1.85	1.024	-0.3708	1.3542	0.4893	-0.0602	-1.0896	
1.86	1.2763	0.0593	1.1867	-0.8639	0.4842	-0.9448	
1.87	1.27	0.5212	0.9689	-1.3469	0.8521	-0.7863	
1.88	1.361	0.9629	0.8886	-0.7271	1.1009	-0.5611	
1.89	1.4564	1.459	0.8386	0.2833	0.9947	-0.4119	
1.9	1.593	1.9231	0.8151	0.8148	0.7693	-0.2087	
1.91	1.8353	2.3526	0.8614	0.4697	0.307	-0.033	
1.92	1.893	2.3254	1.0046	0.1183	-0.1079	0.1291	
1.93	2.1024	2.5193	1.1015	0.2601	-0.403	0.3176	
1.94	2.3217	2.3617	1.252	1.0789	-0.5757	0.4824	
1.95	2.2499	2.5204	1.3381	1.6424	-0.4621	0.5284	
1.96	2.4804	2.4006	1.5468	1.233	-0.048	0.729	
1.97	2.2734	2.0694	1.9967	0.0564	0.4837	0.6849	
1.98	2.3995	1.5978	2.1717	-1.2126	0.9847	0.8161	
1.99	2.3672	1.1327	2.4352	-1.8361	1.5377	0.8116	
2.0	2.9269	0.8004	2.2778	-1.1572	2.0341	0.8592	
2.01	2.9683	0.5587	2.5738	0.3375	2.0414	0.9024	
2.02	2.6342	0.2993	2.7373	1.3472	1.9513	0.7896	
2.03	2.9604	0.1049	2.9906	1.1738	1.5195	0.7343	
2.04	2.9973	-0.0131	3.0181	0.5385	1.1024	0.6701	
2.05	2.8484	-0.0384	2.7409	0.0139	0.6271	0.4512	
2.06	2.7429	0.0208	3.1144	0.1679	0.4625	0.3417	
2.07	2.9814	0.1295	3.0098	0.6242	0.5618	0.2421	
2.08	2.8025	0.3281	2.5049	0.5132	0.8311	0.0705	
2.09	2.8505	0.5094	2.4048	-0.3107	1.1644	-0.0745	
2.1	2.6558	0.7666	2.1021	-1.3288	1.8151	-0.2368	
2.11	2.5421	1.0041	1.9021	-1.8255	2.5192	-0.3443	
2.12	2.7815	1.0286	1.8113	-1.059	2.6039	-0.4975	
2.13	2.4371	1.1912	1.6804	0.5044	2.4913	-0.5671	
2.14	2.6335	1.2996	1.2634	1.5515	2.6087	-0.755	
2.15	2.4537	1.2802	1.2133	1.5351	2.3769	-0.8181	
2.16	2.2441	1.3303	1.0697	0.5918	1.7378	-0.9053	
2.17	2.3246	1.2456	0.9187	-0.4557	1.1985	-0.9575	
2.18	2.0733	1.1439	0.802	-0.7996	0.786	-0.849	
2.19	2.0409	1.0644	0.8598	-0.5626	0.7244	-0.765	
2.2	1.8356	1.1163	0.7749	-0.1444	0.7755	-0.8582	
2.21	1.7969	0.9266	0.8434	-0.3449	1.0419	-0.6496	
2.22	1.7563	0.9887	1.0497	-0.9825	1.5041	-0.6627	
2.23	1.5413	0.8835	1.0718	-1.3938	2.068	-0.5233	
2.24	1.6174	1.1273	1.3117	-0.7328	2.2942	-0.3197	
2.25	1.4967	1.1706	1.5606	0.501	2.1482	-0.1928	
2.26	1.3436	1.3694	1.649	1.7283	2.013	-0.0278	
2.27	1.2692	1.2552	1.9466	1.5501	1.6753	0.1421	
2.28	1.2074	1.5258	2.2065	0.3672	1.2748	0.3449	
2.29	1.0783	1.4886	2.2392	-1.1155	0.63	0.5003	
2.3	1.1248	1.6044	2.1969	-1.9614	0.0859	0.6904	
2.31	1.0032	1.6617	2.2049	-1.5385	-0.2036	0.7489	
2.32	0.9198	1.452	2.5456	-0.6355	-0.2709	0.9985	
2.33	0.9657	1.3288	2.2092	-0.1117	-0.0667	1.1146	
2.34	0.8677	1.1963	2.386	-0.3339	0.2915	1.0504	
2.35	0.8005	0.9095	2.1904	-0.6689	0.733	1.12	
2.36	0.8021	0.6361	2.0675	-0.5688	1.0447	1.3415	
2.37	0.7863	0.4189	1.8416	0.2512	1.1013	1.1945	
2.38	0.7777	0.1186	1.7119	1.0241	1.0052	1.2727	
2.39	0.9296	-0.1301	1.4566	1.1306	0.764	1.3642	
2.4	0.9716	-0.2834	1.0188	-0.0985	0.1846	1.2772	
2.41	0.8591	-0.3828	0.758	-1.7138	-0.3839	1.0262	
2.42	0.9655	-0.3712	0.5666	-2.4802	-0.9202	0.9719	
2.43	1.0445	-0.2294	0.3246	-1.9031	-1.3047	0.8449	
2.44	0.9941	-0.0177	0.1734	-0.7148	-1.2648	0.6614	
2.45	1.1256	0.2913	0.0137	0.3109	-1.2384	0.6025	
2.46	1.2284	0.7099	-0.0919	0.4707	-0.7478	0.387	
2.47	1.1334	1.0003	-0.1322	-0.1064	-0.3097	0.2081	
2.48	1.244	1.4113	-0.1361	-0.4977	0.1313	0.0629	
2.49	1.4121	2.1192	-0.0937	-0.375	0.3865	-0.1024	
2.5	1.5739	2.1429	-0.0085	0.165	0.4745	-0.2657	
2.51	1.4731	2.7031	0.1234	0.2428	0.2983	-0.3823	
2.52	1.5511	2.6454	0.2851	-0.5745	-0.0401	-0.5338	
2.53	1.5733	2.7033	0.4065	-1.8096	-0.472	-0.5402	
2.54	1.5429	2.671	0.6944	-2.5091	-1.0003	-0.6947	
2.55	1.7112	2.6053	0.8608	-1.8487	-1.213	-0.7496	
2.56	1.6507	2.0126	1.0461	-0.6347	-1.2453	-0.8054	
2.57	1.9889	1.7452	1.1184	0.7015	-1.0988	-0.7561	
2.58	1.9438	1.0994	1.1671	1.0067	-0.7297	-0.7609	
2.59	1.8406	0.6094	1.3633	0.2617	-0.1953	-0.6928	
2.6	1.872	0.1026	1.2478	-0.7068	0.3441	-0.6256	
2.61	1.8787	-0.3302	1.4558	-1.2335	0.8052	-0.4994	
2.62	1.7951	-0.7448	1.1525	-1.0059	1.0449	-0.3397	
2.63	1.8204	-1.072	1.0686	-0.5604	0.9444	-0.1994	
2.64	1.7393	-0.9914	1.013	-0.8173	0.8874	-0.0766	
2.65	1.7407	-0.9649	0.7714	-1.477	0.4633	0.0718	
2.66	1.7924	-0.9805	0.6231	-1.9814	0.009	0.2007	
2.67	1.8585	-0.5698	0.371	-1.9143	-0.3082	0.336	
2.68	1.8887	-0.2007	0.1272	-0.4328	-0.4332	0.4766	
2.69	1.5375	0.2534	-0.127	0.8698	-0.3199	0.5992	
2.7	1.7185	0.8489	-0.3613	1.219	0.0743	0.6935	
2.71	1.6205	1.4045	-0.5554	0.263	0.5751	0.8895	
2.72	1.4765	1.903	-0.6851	-1.2799	1.1309	0.895	
2.73	1.3984	2.1296	-0.9356	-2.1488	1.5202	0.9083	
2.74	1.3441	2.4558	-0.9156	-1.9942	1.7806	0.9017	
2.75	1.2176	2.4734	-0.9771	-1.2396	2.0502	0.9372	
2.76	0.9242	2.4273	-0.913	-0.7031	1.7993	0.8593	
2.77	0.8761	2.4194	-0.9983	-0.9562	1.4591	0.8877	
2.78	0.6688	2.4153	-0.7488	-1.4605	0.8818	0.7401	
2.79	0.6495	2.0052	-0.6822	-1.22	0.5511	0.6128	
2.8	0.4768	1.5032	-0.5412	-0.4178	0.2419	0.5488	
2.81	0.3654	1.1555	-0.2735	0.5729	0.2186	0.3399	
2.82	0.1867	0.7613	-0.0827	0.8323	0.4108	0.1706	
2.83	0.0603	0.3495	0.1325	-0.0537	0.8563	-0.0107	
2.84	-0.0703	0.0017	0.3372	-1.6547	1.3216	-0.2036	
2.85	-0.2009	-0.2683	0.5541	-2.4111	1.804	-0.4021	
2.86	-0.3142	-0.4418	0.7459	-2.2882	2.0525	-0.606	
2.87	-0.4144	-0.5429	0.8017	-1.4782	2.0821	-0.8069	
2.88	-0.4931	-0.5299	0.8215	-0.4677	1.8631	-1.0063	
2.89	-0.604	-0.4575	0.9442	-0.202	1.4343	-1.0407	
2.9	-0.7849	-0.2222	0.9413	-0.5472	0.7602	-1.2138	
2.91	-0.8375	0.0198	0.7541	-0.8884	0.205	-1.289	
2.92	-0.8921	0.323	0.6788	-0.6652	-0.2	-1.4385	
2.93	-1.0235	0.5615	0.5803	-0.0833	-0.4437	-1.658	
2.94	-1.0484	0.7977	0.4182	0.1844	-0.3574	-1.5595	
2.95	-0.9785	1.0948	0.207	-0.5246	-0.1127	-1.7159	
2.96	-1.1783	1.1595	-0.0081	-1.7099	0.2493	-1.5414	
2.97	-1.2079	1.4431	-0.2285	-3.0431	0.6354	-1.4685	
2.98	-1.0623	1.5307	-0.4523	-2.4419	0.8841	-1.473	
2.99	-1.1679	1.2956	-0.5745	-1.532	0.9185	-1.5069	
3.0	-1.0564	1.4104	-0.746	-0.0307	0.785	-1.2768	
3.01	-1.0197	1.1618	-0.9012	0.5762	0.3659	-1.0569	
3.02	-1.0416	1.0325	-0.8878	0.0619	-0.2007	-0.9504	
3.03	-1.0906	0.8728	-0.8907	-0.7407	-0.8304	-0.8305	
3.04	-0.9109	0.7748	-0.87	-1.182	-1.2257	-0.745	
3.05	-0.9779	0.7771	-0.8216	-1.0794	-1.5812	-0.6535	
3.06	-0.8443	0.6785	-0.6482	-0.6035	-1.5195	-0.5474	
3.07	-0.777	0.6032	-0.4594	-0.9583	-1.3506	-0.4235	
3.08	-0.6849	0.629	-0.2666	-1.8953	-1.151	-0.2617	
3.09	-0.689	0.7523	-0.0252	-2.5942	-0.639	-0.1955	
3.1	-0.5732	0.7669	0.2373	-2.4742	-0.2553	-0.1575	
3.11	-0.4089	0.8034	0.4339	-1.249	-0.065	-0.1217	
3.12	-0.38	0.9855	0.7737	0.2655	-0.1159	-0.1072	
3.13	-0.2252	0.8737	0.953	0.8859	-0.4296	-0.1304	
3.14	-0.1457	0.969	1.196	0.3554	-0.9425	-0.1837	
3.15	-0.051	0.8599	1.3226	-0.9083	-1.2994	-0.2614	
3.16	0.0531	0.7471	1.507	-1.8955	-1.9108	-0.3211	
3.17	0.1406	0.6115	1.3776	-1.8841	-2.3198	-0.4523	
3.18	0.2488	0.5005	1.4895	-1.2683	-2.1113	-0.5741	
3.19	0.3508	0.3023	1.3463	-1.0785	-1.9378	-0.693	
3.2	0.3777	0.0899	1.3211	-1.2355	-1.3849	-0.8845	
3.21	0.5369	-0.0974	1.3453	-1.6969	-0.9192	-1.0542	
3.22	0.5715	-0.2459	1.1711	-1.7802	-0.4446	-1.1977	
3.23	0.6549	-0.3536	0.9752	-0.8966	-0.0653	-1.5515	
3.24	0.7174	-0.4068	0.8405	0.3202	0.063	-1.7379	
3.25	0.7496	-0.3305	0.5476	1.011	-0.0381	-1.6666	
3.26	0.8231	-0.2181	0.3875	0.3078	-0.321	-1.8995	
3.27	0.7636	-0.0006	0.2473	-1.1282	-0.7167	-2.2478	
3.28	0.8205	0.2788	0.1146	-2.5988	-1.1148	-2.3228	
3.29	0.7642	0.6114	0.0217	-2.4884	-1.3334	-2.2197	
3.3	0.8922	0.9612	-0.0334	-1.9434	-1.6313	-2.5674	
3.31	0.7999	1.3227	-0.0416	-0.8094	-1.3828	-2.5445	
3.32	0.7913	1.5832	-0.0051	-0.4486	-0.8199	-2.6473	
3.33	0.7643	1.9703	0.0801	-0.7171	-0.2423	-2.5642	
3.34	0.7173	2.1839	0.23	-1.1879	0.3262	-2.2883	
3.35	0.7362	2.1394	0.4225	-0.7892	0.7108	-2.4411	
3.36	0.6696	1.9656	0.5717	-0.0362	1.0768	-2.2279	
3.37	0.6114	1.9867	0.7529	0.4557	0.9497	-2.0785	
3.38	0.5812	1.6415	1.1589	-0.056	0.7871	-2.1954	
3.39	0.4893	1.2884	1.3948	-1.5384	0.3528	-2.1833	
3.4	0.4145	0.7449	1.6413	-2.6577	-0.0891	-1.7307	
3.41	0.3642	0.3265	1.8531	-2.8689	-0.4777	-1.7954	
3.42	0.3129	-0.1749	2.0261	-1.6509	-0.6405	-1.6061	
3.43	0.2194	-0.6601	2.0606	-0.3737	-0.4953	-1.4173	
3.44	0.1661	-0.9861	2.2168	0.3574	-0.1731	-1.1753	
3.45	0.0848	-1.2305	2.4765	0.1408	0.2677	-1.1389	
3.46	0.021	-1.3833	2.2646	-0.5383	0.8701	-0.9121	
3.47	-0.0495	-1.4225	2.3711	-0.8882	1.2691	-0.9117	
3.48	-0.1018	-1.4686	2.4227	-0.7579	1.4383	-0.7908	
3.49	-0.1776	-1.2224	2.111	-0.2905	1.5273	-0.7178	
3.5	-0.2479	-0.8105	1.8891	-0.4999	1.2892	-0.7096	
3.51	-0.2843	-0.3185	1.965	-1.4859	0.7899	-0.6609	
3.52	-0.3099	0.2167	1.6302	-2.4874	0.224	-0.7637	
3.53	-0.3285	0.7935	1.4953	-2.6584	-0.2705	-0.7609	
3.54	-0.3701	1.2759	1.2692	-1.4245	-0.571	-0.7612	
3.55	-0.3826	1.8369	1.0385	0.0514	-0.7344	-0.8347	
3.56	-0.3989	1.9446	0.7997	1.0851	-0.5374	-0.9631	
3.57	-0.3922	2.1829	0.6237	0.7279	-0.2202	-1.1186	
3.58	-0.3783	2.2222	0.6265	-0.3625	0.1771	-1.3617	
3.59	-0.3703	2.3795	0.494	-1.4275	0.5606	-1.494	
3.6	-0.3526	2.1773	0.5411	-1.609	0.8004	-1.7405	
3.61	-0.293	1.7976	0.559	-0.9723	0.7462	-1.6406	
3.62	-0.2903	1.4716	0.6822	-0.7389	0.5453	-1.9882	
3.63	-0.2186	0.9209	0.7714	-0.9547	0.0173	-1.9625	
3.64	-0.138	0.4401	1.0859	-1.6293	-0.633	-2.2055	
3.65	-0.0739	-0.0948	1.1793	-1.9351	-1.111	-2.2833	
3.66	0.0099	-0.5736	1.2744	-1.0718	-1.5749	-2.3783	
3.67	0.0978	-0.9179	1.7142	0.2926	-1.6906	-2.6213	
3.68	0.1891	-1.2367	1.7631	1.2218	-1.6851	-2.6404	
3.69	0.3006	-1.3272	1.9073	0.9584	-1.704	-2.6717	
3.7	0.4246	-1.3843	1.988	-0.401	-1.2048	-2.5998	
3.71	0.5161	-1.2786	2.2129	-1.6236	-0.7659	-2.5756	
3.72	0.6135	-0.9654	2.2786	-2.1412	-0.475	-2.2217	
3.73	0.7293	-0.7416	2.3255	-1.5391	-0.4065	-2.1895	
3.74	0.8477	-0.4153	2.3285	-0.7248	-0.5598	-1.9937	
3.75	0.9228	-0.0722	2.3885	-0.3204	-0.9829	-1.9699	
3.76	1.0897	0.2677	2.0701	-0.6147	-1.416	-1.7301	
3.77	1.2966	0.6699	2.2471	-0.8711	-1.867	-1.6386	
3.78	1.4406	0.9572	1.9867	-0.6507	-2.2413	-1.4039	
3.79	1.4822	1.1722	1.6476	0.2755	-2.6909	-1.1802	
3.8	1.4946	1.2142	1.5457	1.0716	-2.4667	-1.0143	
3.81	1.5277	1.3157	1.209	0.7994	-2.2767	-0.8481	
3.82	1.8487	1.1506	0.9167	-0.4892	-2.0832	-0.6762	
3.83	1.7115	1.1258	0.6943	-2.0775	-1.3138	-0.4729	
3.84	1.75	0.8555	0.4905	-2.41	-0.9998	-0.3738	
3.85	1.8704	0.6588	0.3382	-1.698	-0.7912	-0.2296	
3.86	1.9018	0.4945	0.1843	-0.4301	-0.8017	-0.0816	
3.87	2.089	0.2704	0.0943	0.4726	-1.0058	0.0065	
3.88	2.0564	0.0881	0.0388	0.4966	-1.2934	0.079	
3.89	2.1257	-0.0434	0.0405	-0.0974	-1.925	0.1179	
3.9	2.0399	-0.132	0.0942	-0.389	-2.111	0.1386	
3.91	2.2084	-0.2035	0.1878	-0.124	-2.6087	0.1269	
3.92	1.9731	-0.1705	0.3044	0.4218	-2.2046	0.099	
3.93	1.9114	-0.1497	0.4334	0.3203	-2.2053	0.0432	
3.94	2.2099	-0.0893	0.6568	-0.6197	-1.6299	-0.0395	
3.95	2.0805	-0.0164	0.77	-1.9314	-0.9348	-0.139	
3.96	2.0969	0.0521	1.0369	-2.4094	-0.4308	-0.2142	
3.97	1.8018	0.0943	1.1239	-1.5658	-0.0489	-0.3364	
3.98	1.8176	0.1085	1.3762	0.0729	0.1319	-0.4366	
3.99	1.8739	0.0883	1.3388	1.2095	0.0371	-0.644	
4.0	1.6532	0.0337	1.4662	1.2075	-0.235	-0.7485	
4.01	1.6473	-0.0694	1.3673	0.4431	-0.6125	-0.8535	
4.02	1.6376	-0.1663	1.5004	-0.4657	-0.9539	-0.9383	
4.03	1.3661	-0.3232	1.4433	-0.8012	-1.3842	-1.0431	
4.04	1.3498	-0.3956	1.3172	-0.3892	-1.2635	-0.9692	
4.05	1.1724	-0.5732	1.0375	-0.0708	-1.189	-1.1767	
4.06	0.9971	-0.6471	0.9581	-0.4223	-0.8045	-1.0478	
4.07	0.9216	-0.6531	0.7026	-1.2559	-0.181	-1.1635	
4.08	0.8037	-0.596	0.4305	-1.5597	0.3735	-1.0121	
4.09	0.628	-0.4092	0.1136	-0.8655	0.7952	-0.9841	
4.1	0.5257	-0.2786	-0.1313	0.4752	1.0215	-0.8182	
4.11	0.4803	-0.0507	-0.4062	1.5976	0.9442	-0.8427	
4.12	0.3595	0.1988	-0.6319	1.7925	0.6653	-0.6144	
4.13	0.2363	0.4942	-0.7646	0.6448	0.1826	-0.4987	
4.14	0.1391	0.7731	-1.0438	-0.6958	-0.3006	-0.2786	
4.15	0.0344	0.8995	-1.0747	-1.3094	-0.7372	-0.0867	
4.16	-0.0488	1.0664	-1.1672	-0.9218	-0.9409	0.116	
4.17	-0.1312	1.136	-1.1421	-0.2535	-0.9885	0.3505	
4.18	-0.2164	1.2458	-1.0358	0.0929	-0.6593	0.5251	
4.19	-0.2833	1.2331	-1.0326	-0.1864	-0.2414	0.7996	
4.2	-0.3068	0.9628	-0.9149	-0.5971	0.2227	0.9407	
4.21	-0.4078	0.6325	-0.8208	-0.2942	0.6471	1.098	
4.22	-0.4061	0.2756	-0.6572	0.7175	0.7273	1.2485	
4.23	-0.4829	-0.157	-0.418	1.5653	0.7675	1.489	
4.24	-0.4845	-0.6099	-0.2656	1.6518	0.4009	1.4505	
4.25	-0.4395	-1.098	-0.0987	0.612	-0.1131	1.738	
4.26	-0.477	-1.403	0.0681	-0.9232	-0.6416	1.6508	
4.27	-0.5082	-1.6412	0.174	-1.7235	-1.134	1.9054	
4.28	-0.4867	-1.7904	0.2995	-1.2842	-1.7227	1.8438	
4.29	-0.4013	-1.9024	0.2993	-0.1714	-1.7223	1.748	
4.3	-0.3807	-1.8947	0.3117	0.7449	-1.5311	1.5912	
4.31	-0.37	-1.7825	0.2391	0.8518	-1.3724	1.8739	
4.32	-0.3398	-1.2613	0.1593	0.4247	-0.9436	1.4651	
4.33	-0.2951	-0.9608	0.019	0.1807	-0.5566	1.6201	
4.34	-0.2391	-0.522	-0.1555	0.6042	-0.3467	1.4434	
4.35	-0.1909	0.005	-0.3504	1.1951	-0.3019	1.1825	
4.36	-0.1333	0.4838	-0.6191	1.3242	-0.5487	1.1103	
4.37	-0.0631	0.9885	-0.8785	0.4593	-1.0079	1.0269	
4.38	-0.0097	1.3111	-0.988	-0.9181	-1.5171	0.9265	
4.39	0.0497	1.5155	-1.2424	-1.5448	-1.9792	0.7165	
4.4	0.0956	1.7772	-1.5136	-1.2201	-2.3625	0.7471	
4.41	0.1713	1.846	-1.6462	0.2185	-2.8065	0.6449	
4.42	0.2115	1.5083	-1.6747	1.5977	-2.6399	0.4754	
4.43	0.264	1.3405	-1.9962	1.8386	-2.1941	0.5006	
4.44	0.2812	0.9442	-2.0031	1.2174	-1.8988	0.4669	
4.45	0.356	0.4486	-1.9619	0.4005	-1.4784	0.4436	
4.46	0.3609	-0.0885	-2.0676	0.1176	-1.2493	0.4392	
4.47	0.3892	-0.6216	-1.9788	0.456	-1.0341	0.5604	
4.48	0.4047	-1.0737	-1.8059	0.6949	-1.1147	0.5463	
4.49	0.4216	-1.5311	-1.415	0.4274	-1.4997	0.6517	
4.5	0.3713	-1.9547	-1.2584	-0.5079	-1.7275	0.8678	
4.51	0.3836	-2.1953	-1.1554	-1.0054	-2.1235	0.9749	
4.52	0.3237	-2.246	-0.8919	-0.7346	-2.943	1.163	
4.53	0.2989	-2.1852	-0.6971	0.5951	-3.0983	1.3011	
4.54	0.2766	-1.9914	-0.4047	2.1735	-3.0205	1.5539	
4.55	0.2084	-1.5066	-0.2758	2.6495	-2.3378	1.5201	
4.56	0.1404	-1.3828	-0.1248	1.7153	-1.901	1.9416	
4.57	0.0822	-0.8859	-0.0481	0.3435	-1.4125	2.1938	
4.58	0.0045	-0.4268	0.0003	-0.4478	-0.8799	2.1889	
4.59	-0.0806	0.0052	-0.0021	-0.2917	-0.5764	2.5431	
4.6	-0.1611	0.3544	-0.0497	0.3121	-0.4344	2.3353	
4.61	-0.2953	0.6131	-0.1383	0.6392	-0.5439	2.742	
4.62	-0.4219	0.8886	-0.2589	0.2582	-0.9474	2.6289	
4.63	-0.5507	1.0347	-0.4538	-0.1712	-1.2188	2.7484	
4.64	-0.6051	0.906	-0.6528	-0.0159	-1.8303	2.5571	
4.65	-0.6973	0.8816	-0.848	0.9023	-1.8315	2.782	
4.66	-0.7903	0.6764	-0.9804	2.0584	-1.8711	2.9395	
4.67	-1.0042	0.3581	-1.2706	2.4759	-1.4342	2.8371	
4.68	-1.1567	0.1049	-1.3275	1.6178	-0.9789	2.5865	
4.69	-1.372	-0.2	-1.6484	0.1425	-0.4592	2.4735	
4.7	-1.4748	-0.5168	-1.7994	-1.0068	0.108	2.2044	
4.71	-1.4779	-0.7941	-1.7565	-0.7659	0.5399	2.1511	
4.72	-1.6123	-0.9765	-1.7486	0.1101	0.6852	2.0883	
4.73	-1.7079	-1.0668	-1.7495	1.1188	0.5813	1.85	
4.74	-1.8751	-1.2155	-1.6815	1.3518	0.2881	1.6933	
4.75	-1.8052	-1.1918	-1.4543	0.8375	-0.1633	1.6169	
4.76	-2.0312	-1.1662	-1.2736	0.6049	-0.5532	1.5966	
4.77	-2.2844	-0.9955	-1.1074	1.0422	-0.888	1.4481	
4.78	-2.3485	-0.9854	-0.9079	1.9106	-0.9641	1.2901	
4.79	-2.4714	-0.8436	-0.6443	2.0948	-0.8166	1.0956	
4.8	-2.2155	-0.7228	-0.363	1.4073	-0.472	0.8908	
4.81	-2.4601	-0.6174	-0.1522	0.0052	0.0069	0.9025	
4.82	-2.6748	-0.5404	0.0847	-0.9702	0.5405	0.7934	
4.83	-2.6569	-0.4589	0.285	-1.0156	0.8571	0.8233	
4.84	-2.6736	-0.4861	0.4699	0.2349	1.0344	0.6919	
4.85	-2.5617	-0.4976	0.5814	1.5707	0.8359	0.7906	
4.86	-2.6542	-0.6589	0.6595	2.2346	0.5331	0.7441	
4.87	-2.6673	-0.7266	0.7064	1.9256	0.0565	0.9359	
4.88	-2.2803	-0.7719	0.6604	1.0121	-0.5146	0.9729	
4.89	-2.2015	-0.9155	0.5677	0.8077	-1.0374	1.0498	
4.9	-2.6009	-0.8246	0.5206	0.9942	-1.2399	1.1116	
4.91	-2.3446	-0.8234	0.3604	1.5393	-1.1576	1.2671	
4.92	-2.3787	-0.8439	0.1927	1.1212	-0.9796	1.3899	
4.93	-1.969	-0.6835	-0.0055	0.1335	-0.6442	1.6533	
4.94	-2.0325	-0.5416	-0.1855	-0.7376	-0.282	1.6218	
4.95	-2.0392	-0.3332	-0.4107	-0.6783	0.0934	1.9217	
4.96	-1.8637	-0.1311	-0.5448	0.6206	0.2685	2.0151	
4.97	-1.9435	0.0615	-0.6422	2.0058	0.1517	2.0934	
4.98	-1.7654	0.2274	-0.7912	2.8696	-0.1889	2.1905	
4.99	-1.7391	0.289	-0.8498	2.4924	-0.7487	2.4477	
5.0	-1.6045	0.3164	-0.964	1.1704	-1.2016	2.4925	
5.01	-1.3451	0.3038	-0.7917	0.2651	-1.9886	2.4558	
5.02	-1.2569	0.182	-0.8102	0.2118	-2.1028	2.1359	
5.03	-1.2364	-0.0287	-0.7246	0.7038	-2.1967	2.4741	
5.04	-1.0527	-0.3294	-0.5626	0.9662	-2.0957	2.0525	
5.05	-0.8359	-0.6673	-0.3041	0.6208	-1.8267	1.992	
5.06	-0.7901	-0.9691	-0.1019	-0.0215	-1.541	2.1376	
5.07	-0.7481	-1.2584	0.1341	-0.0162	-0.9756	2.1295	
5.08	-0.6641	-1.5632	0.4064	0.9412	-0.7106	1.7844	
5.09	-0.5598	-1.9081	0.6699	2.4233	-0.7583	1.6591	
5.1	-0.4258	-2.0761	0.9099	2.6959	-0.8463	1.4269	
5.11	-0.3622	-2.2682	1.0921	2.2243	-1.3649	1.2453	
5.12	-0.3209	-2.445	1.2019	0.8616	-1.6286	0.9785	
5.13	-0.3047	-2.1074	1.4205	-0.33	-2.2913	0.9383	
5.14	-0.2505	-1.8073	1.3165	-0.518	-2.7918	0.6828	
5.15	-0.2084	-1.6552	1.3465	0.232	-2.7755	0.4745	
5.16	-0.1729	-1.1587	1.4561	1.1049	-2.8003	0.3031	
5.17	-0.1558	-0.6673	1.2053	1.3309	-2.1731	0.1696	
5.18	-0.1322	-0.1915	1.1125	0.8705	-1.7823	0.0295	
5.19	-0.1418	0.2485	0.9885	0.7501	-1.1214	-0.0846	
5.2	-0.1365	0.6835	0.7771	1.1732	-0.7662	-0.1638	
5.21	-0.1798	0.9591	0.5643	2.021	-0.5101	-0.2162	
5.22	-0.1992	1.2176	0.4195	2.4351	-0.5167	-0.2381	
5.23	-0.2345	1.1669	0.1644	1.9844	-0.7496	-0.2877	
5.24	-0.262	1.043	-0.0269	0.6829	-1.1137	-0.2513	
5.25	-0.2885	0.9157	-0.2255	-0.6344	-1.7299	-0.1947	
5.26	-0.3528	0.4854	-0.3644	-0.972	-2.0986	-0.1252	
5.27	-0.4565	0.0292	-0.4307	0.027	-2.0749	-0.0321	
5.28	-0.5264	-0.4852	-0.524	1.3302	-1.8527	0.0797	
5.29	-0.5842	-1.0993	-0.5014	1.895	-1.5739	0.1991	
5.3	-0.5915	-1.6777	-0.4975	1.9429	-0.9228	0.3108	
5.31	-0.6656	-1.9141	-0.4395	1.1937	-0.3429	0.4838	
5.32	-0.831	-2.1978	-0.3586	1.0321	0.1746	0.5754	
5.33	-0.8265	-2.7148	-0.1702	1.4579	0.4813	0.6616	
5.34	-0.8629	-2.6406	-0.0038	1.894	0.591	0.9121	
5.35	-0.9857	-2.6754	0.1821	1.6475	0.4988	0.8671	
5.36	-1.0553	-2.6099	0.4378	0.5355	0.1372	0.9482	
5.37	-1.189	-2.1816	0.5477	-0.6803	-0.2779	1.0706	
5.38	-1.0605	-1.7964	0.7866	-0.8342	-0.5782	1.1314	
5.39	-1.1337	-1.4098	1.0343	0.1382	-0.8936	1.1502	
5.4	-1.1352	-0.9133	1.064	1.7146	-0.7783	1.056	
5.41	-1.2544	-0.5267	1.2304	2.6953	-0.5062	1.2182	
5.42	-1.173	-0.0775	1.2862	2.3677	-0.0835	1.137	
5.43	-1.3022	0.2742	1.1269	1.398	0.4977	0.9495	
5.44	-1.2996	0.5261	1.125	0.5259	1.017	0.9442	
5.45	-1.3198	0.6748	1.0649	0.488	1.4343	0.7264	
5.46	-1.1761	0.7251	0.9394	0.8397	1.5692	0.6336	
5.47	-1.353	0.6884	0.745	1.0511	1.4129	0.4302	
5.48	-1.2827	0.5185	0.462	0.5869	1.0368	0.2576	
5.49	-1.3127	0.2144	0.2285	-0.161	0.4968	0.0607	
5.5	-1.2138	-0.108	-0.0303	-0.4061	-0.0397	-0.1364	
5.51	-1.0127	-0.4957	-0.2755	0.4811	-0.4315	-0.308	
5.52	-0.9925	-0.8175	-0.5165	1.8341	-0.5843	-0.506	
5.53	-1.0414	-1.3354	-0.8015	3.0265	-0.4424	-0.6165	
5.54	-0.9458	-1.5612	-0.9781	2.558	-0.1872	-0.8105	
5.55	-0.8079	-1.6527	-1.1137	1.3259	0.2623	-0.9943	
5.56	-0.7096	-1.8532	-1.2982	-0.0102	0.6418	-1.0181	
5.57	-0.6461	-1.7731	-1.2267	-0.4614	0.9457	-1.1932	
5.58	-0.5103	-1.8298	-1.1836	0.0244	1.1596	-1.3392	
5.59	-0.3808	-1.7109	-1.3666	0.69	1.0273	-1.3436	
5.6	-0.2767	-1.701	-1.2195	0.922	0.6104	-1.4383	
5.61	-0.1554	-1.522	-1.0563	0.5744	0.0327	-1.1908	
5.62	-0.0458	-1.3387	-0.9617	0.3114	-0.5555	-1.2564	
5.63	0.0628	-1.0575	-0.685	0.6772	-0.9712	-1.1236	
5.64	0.1923	-0.8137	-0.5746	1.7775	-1.2358	-1.1175	
5.65	0.2985	-0.7175	-0.353	2.4572	-1.5093	-1.0754	
5.66	0.3954	-0.7052	-0.2356	2.1384	-1.2035	-0.9155	
5.67	0.4983	-0.5477	-0.069	0.8987	-0.7963	-0.7616	
5.68	0.5942	-0.5825	0.0445	-0.5434	-0.4296	-0.5786	
5.69	0.7183	-0.6952	0.1097	-1.2144	-0.0519	-0.3979	
5.7	0.816	-0.7748	0.1439	-0.4646	0.133	-0.2758	
5.71	0.8061	-0.7713	0.1399	0.7753	0.0744	-0.1134	
5.72	0.8878	-0.9087	0.0735	1.6533	-0.2298	0.0377	
5.73	0.9919	-0.9849	-0.042	1.568	-0.6631	0.1551	
5.74	1.0334	-0.8943	-0.1821	0.9424	-1.2165	0.2784	
5.75	0.9996	-0.8798	-0.3625	0.757	-1.7313	0.3724	
5.76	1.0295	-0.9346	-0.6786	1.087	-1.9532	0.4707	
5.77	1.1385	-0.8025	-0.8263	1.5386	-2.1935	0.4419	
5.78	1.0757	-0.7415	-1.2064	1.7355	-1.8429	0.4597	
5.79	1.0484	-0.5834	-1.2867	0.5302	-1.7364	0.4658	
5.8	1.0862	-0.5309	-1.5091	-0.7785	-0.9936	0.4346	
5.81	0.9331	-0.4387	-2.0043	-1.3237	-0.5885	0.4433	
5.82	0.8678	-0.355	-2.002	-0.6473	-0.2633	0.3097	
5.83	0.8471	-0.3474	-2.0455	0.8383	-0.1663	0.231	
5.84	0.8856	-0.411	-2.1901	2.1831	-0.2762	0.0863	
5.85	0.7924	-0.5185	-2.4605	2.2501	-0.5715	-0.0436	
5.86	0.6676	-0.6238	-2.5028	1.3611	-1.062	-0.1997	
5.87	0.5554	-0.9611	-2.3374	0.4103	-1.393	-0.3812	
5.88	0.4352	-1.2358	-2.1788	0.2598	-1.6468	-0.5429	
5.89	0.3291	-1.3483	-2.0307	0.5944	-1.6887	-0.7273	
5.9	0.2663	-1.6705	-2.0667	0.8572	-1.5142	-0.8975	
5.91	0.1367	-1.9796	-1.8641	0.3488	-1.3006	-0.9126	
5.92	0.0063	-2.3167	-1.813	-0.5547	-0.587	-1.0188	
5.93	-0.1245	-2.4266	-1.3463	-0.9637	-0.03	-1.2498	
5.94	-0.234	-2.3799	-1.1986	-0.4762	0.447	-1.2837	
5.95	-0.377	-2.2498	-1.0951	0.9947	0.7182	-1.2426	
5.96	-0.5318	-2.0856	-1.0188	2.1733	0.7806	-1.5162	
5.97	-0.6347	-1.7297	-0.8228	2.1837	0.5806	-1.346	
5.98	-0.7819	-1.4294	-0.8938	1.21	0.1836	-1.4757	
5.99	-0.8084	-1.1118	-0.7781	-0.0542	-0.2068	-1.2552	
6.0	-0.9336	-0.5365	-0.9055	-0.7225	-0.4856	-1.3522	
6.01	-1.0642	-0.1508	-0.8821	-0.3785	-0.5915	-1.1819	
6.02	-1.1921	0.2341	-1.0593	0.2195	-0.5174	-1.1375	
6.03	-1.1906	0.5394	-1.1208	0.3806	-0.1147	-0.9336	
6.04	-1.4042	0.7876	-1.4909	-0.0567	0.4418	-0.7286	
6.05	-1.4555	0.7977	-1.7239	-0.5016	0.9548	-0.6357	
6.06	-1.4517	0.692	-1.6802	-0.1252	1.3875	-0.4381	
6.07	-1.5071	0.5859	-1.9595	0.9277	1.6539	-0.288	
6.08	-1.7143	0.2808	-2.4802	1.8932	2.0571	-0.081	
6.09	-1.7704	-0.1112	-2.4688	2.0701	1.7897	0.0905	
6.1	-1.5991	-0.604	-2.4704	0.8654	1.3741	0.232	
6.11	-1.8889	-1.0919	-2.7468	-0.6037	0.8639	0.4144	
6.12	-1.7024	-1.5573	-2.8894	-1.5676	0.4844	0.5311	
6.13	-1.6494	-2.0024	-2.7798	-1.0728	0.2052	0.7033	
6.14	-1.723	-2.3372	-2.6888	-0.1377	0.1719	0.8001	
6.15	-1.7263	-2.7812	-2.8874	0.6519	0.3489	0.8433	
6.16	-1.6228	-2.8235	-2.4682	0.6303	0.7572	0.8486	
6.17	-1.8463	-3.1991	-2.5409	0.229	1.1615	0.8317	
6.18	-1.5584	-3.1347	-2.5425	0.0748	1.5397	0.8945	
6.19	-1.7188	-2.6079	-2.001	0.5282	1.863	0.7815	
6.2	-1.4769	-2.0565	-1.7615	1.2128	2.1282	0.7029	
6.21	-1.5723	-1.7143	-1.6484	1.4783	1.9898	0.5549	
6.22	-1.5201	-1.2541	-1.5406	0.4164	1.2984	0.498	
6.23	-1.3078	-0.7741	-1.1857	-0.9445	0.848	0.355	
6.24	-1.2327	-0.2467	-1.0856	-2.0237	0.3102	0.2201	
6.25	-1.2886	0.1965	-0.9175	-1.6015	-0.098	0.0837	
6.26	-1.0902	0.5689	-0.8118	-0.2031	-0.2915	-0.0624	
6.27	-1.1266	0.7681	-0.8024	0.9928	-0.2913	-0.2272	
6.28	-1.002	0.7879	-0.662	1.3104	-0.0135	-0.3675	
6.29	-1.0579	0.8923	-0.7248	0.7194	0.3536	-0.4848	
6.3	-1.0058	0.7112	-0.897	0.0283	0.8707	-0.5995	
6.31	-0.8191	0.3494	-0.9733	-0.1319	1.0045	-0.6692	
6.32	-0.7832	0.0081	-1.0737	0.2392	1.1553	-0.7579	
6.33	-0.7314	-0.4505	-1.3336	0.4271	0.9971	-0.8394	
6.34	-0.7241	-0.8084	-1.3367	-0.0382	0.6755	-0.9276	
6.35	-0.6677	-1.344	-1.5757	-1.1934	0.0866	-0.9826	
6.36	-0.6904	-1.8424	-1.779	-1.8393	-0.4453	-0.9603	
6.37	-0.658	-1.9617	-2.1801	-1.5685	-0.9488	-0.7546	
6.38	-0.729	-2.4297	-2.2067	-0.1291	-1.1233	-0.7373	
6.39	-0.6936	-2.1545	-2.1805	1.395	-1.1674	-0.696	
6.4	-0.6442	-2.2485	-2.1879	1.8107	-1.0799	-0.4975	
6.41	-0.661	-2.3201	-2.1742	0.9955	-0.5988	-0.3774	
6.42	-0.7132	-2.0558	-2.255	-0.2696	-0.1815	-0.2832	
6.43	-0.8618	-2.0172	-2.04	-1.0585	0.2029	-0.1011	
6.44	-0.8187	-1.5576	-1.9	-0.8609	0.4076	0.0825	
6.45	-0.9241	-1.2168	-2.0543	-0.3651	0.4415	0.2459	
6.46	-1.0547	-1.0039	-1.6646	-0.2837	0.2081	0.4043	
6.47	-0.9313	-0.6924	-1.3166	-0.7534	-0.1962	0.6425	
6.48	-1.103	-0.485	-1.2469	-1.4266	-0.7387	0.748	
6.49	-1.1538	-0.3234	-0.8472	-1.0373	-1.1344	0.9484	
6.5	-1.3485	-0.2796	-0.6386	-0.06	-1.3679	0.9633	
6.51	-1.2716	-0.2601	-0.4189	1.2184	-1.5149	1.1853	
6.52	-1.4008	-0.3171	-0.2459	1.4821	-1.0773	1.1926	
6.53	-1.4331	-0.349	-0.0432	0.7031	-0.6502	1.3275	
6.54	-1.8255	-0.4779	0.0864	-0.7399	-0.1451	1.1635	
6.55	-1.8276	-0.7017	0.1772	-1.7344	0.4025	1.1304	
6.56	-2.062	-0.7821	0.2196	-1.8585	0.8362	1.1231	
6.57	-2.1395	-0.8468	0.2281	-1.0256	1.0325	1.234	
6.58	-2.0673	-0.9351	0.1719	-0.2415	0.8963	1.1373	
6.59	-2.3977	-0.9179	0.0773	-0.1572	0.6178	1.0012	
6.6	-2.1764	-0.951	-0.0481	-0.5695	0.2167	0.7631	
6.61	-2.6164	-0.9534	-0.2048	-0.7911	-0.1512	0.6075	
6.62	-2.3777	-0.8462	-0.3591	-0.2043	-0.4435	0.5456	
6.63	-2.8189	-0.8345	-0.5268	0.6917	-0.4801	0.3349	
6.64	-2.6244	-0.8145	-0.7195	1.0891	-0.208	0.1667	
6.65	-2.7717	-0.7331	-1.0287	0.2463	0.2011	-0.0103	
6.66	-2.6239	-0.7133	-1.1087	-1.1491	0.813	-0.1654	
6.67	-3.073	-0.6109	-1.2779	-2.5919	1.51	-0.3271	
6.68	-2.6831	-0.7746	-1.2998	-2.3171	1.7784	-0.4319	
6.69	-2.81	-0.9081	-1.3012	-1.1397	1.9989	-0.5993	
6.7	-2.8175	-1.0135	-1.201	0.0163	2.0837	-0.6902	
6.71	-3.0481	-1.0899	-1.1663	0.4943	2.0667	-0.8209	
6.72	-2.694	-1.2866	-1.1304	0.1334	1.6721	-0.8557	
6.73	-2.6483	-1.4194	-0.9561	-0.4713	1.2163	-0.7925	
6.74	-2.9723	-1.5372	-0.7621	-0.6191	0.7257	-0.8223	
6.75	-2.8577	-1.9685	-0.5887	-0.1871	0.6033	-0.9087	
6.76	-2.4612	-1.9373	-0.3501	0.1252	0.706	-0.7691	
6.77	-2.7593	-1.8438	-0.0836	-0.2789	1.0424	-0.7197	
6.78	-2.5865	-1.5689	0.141	-1.4408	1.5048	-0.6421	
6.79	-2.3375	-1.5098	0.3631	-2.5697	2.1521	-0.4858	
6.8	-2.2894	-1.3014	0.5506	-2.322	2.3851	-0.4016	
6.81	-2.3482	-0.989	0.7862	-1.2494	2.5082	-0.2639	
6.82	-2.0966	-0.6475	0.8046	0.3009	2.8203	-0.1031	
6.83	-1.8724	-0.2197	0.8906	1.0458	2.3006	0.0431	
6.84	-2.0791	0.1033	0.9955	0.5695	1.8879	0.1837	
6.85	-1.7882	0.4332	0.9493	-0.4733	1.3509	0.3421	
6.86	-1.7662	0.5713	0.8659	-1.2695	0.9826	0.4837	
6.87	-1.6427	0.7375	0.8375	-1.3252	0.6418	0.5502	
6.88	-1.5444	0.8055	0.6538	-0.7576	0.5784	0.6355	
6.89	-1.3636	0.5999	0.4188	-0.7036	0.6839	0.7759	
6.9	-1.0831	0.3905	0.2246	-1.2449	1.0465	0.7133	
6.91	-1.0654	0.0681	-0.0069	-1.7952	1.5179	0.7908	
6.92	-0.9599	-0.3409	-0.2389	-2.116	1.7755	0.848	
6.93	-0.7766	-0.7395	-0.481	-1.0287	2.0705	0.7236	
6.94	-0.7148	-1.2566	-0.574	0.4251	1.9469	0.6752	
6.95	-0.5204	-1.8905	-0.8226	1.0856	1.8603	0.5982	
6.96	-0.451	-2.2144	-0.9968	0.6609	1.5069	0.4574	
6.97	-0.3852	-2.4955	-1.0661	-0.7131	0.8315	0.3833	
6.98	-0.2437	-2.6724	-0.9485	-1.9143	0.2658	0.1835	
6.99	-0.1835	-2.9272	-1.0549	-2.0365	-0.2153	0.0253	
7.0	-0.1023	-2.7211	-0.9846	-1.635	-0.4258	-0.1499	
7.01	-0.0367	-2.3547	-0.8407	-0.9489	-0.3731	-0.3719	
7.02	0.0196	-1.9985	-0.6774	-0.7602	-0.1484	-0.5512	
7.03	0.0686	-1.7788	-0.4788	-1.1797	0.267	-0.7363	
7.04	0.1101	-1.194	-0.3094	-1.358	0.7291	-0.938	
7.05	0.1351	-0.589	-0.1174	-0.8319	1.0402	-1.1924	
7.06	0.1597	-0.1133	0.0856	0.1627	1.1369	-1.2594	
7.07	0.155	0.3575	0.2781	0.8344	1.0873	-1.3043	
7.08	0.1479	0.7134	0.4239	0.2916	0.712	-1.4663	
7.09	0.1448	1.0961	0.5569	-1.1342	0.144	-1.538	
7.1	0.1214	1.1461	0.6684	-2.2664	-0.3685	-1.6141	
7.11	0.0863	1.2599	0.6904	-3.002	-0.8623	-1.8699	
7.12	0.0614	1.0424	0.7339	-1.8964	-1.0696	-1.739	
7.13	0.018	0.7766	0.7329	-0.7124	-0.9456	-1.7637	
7.14	-0.0304	0.4492	0.5919	-0.119	-0.69	-1.5888	
7.15	-0.0791	0.0353	0.4677	-0.342	-0.3164	-1.5127	
7.16	-0.1412	-0.4674	0.2504	-0.8141	0.2368	-1.6225	
7.17	-0.1883	-0.8659	0.0315	-0.9481	0.7315	-1.3852	
7.18	-0.2373	-1.3932	-0.2023	-0.4587	0.8987	-1.463	
7.19	-0.3103	-1.8651	-0.4918	0.0567	1.106	-1.2431	
7.2	-0.4054	-2.221	-0.6951	-0.223	0.9531	-1.0008	
7.21	-0.4363	-2.2894	-0.9423	-1.262	0.5472	-0.9928	
7.22	-0.4673	-2.4878	-1.2498	-2.7696	0.0927	-0.8125	
7.23	-0.6167	-2.276	-1.4027	-2.9489	-0.2891	-0.7018	
7.24	-0.5784	-2.2361	-1.4418	-1.9379	-0.47	-0.5187	
7.25	-0.7262	-1.6646	-1.4878	-0.3935	-0.4408	-0.4639	
7.26	-0.7369	-1.575	-1.5857	0.5039	-0.193	-0.3365	
7.27	-0.7515	-1.0305	-1.8645	0.4145	0.2777	-0.2998	
7.28	-0.8425	-0.6846	-1.7144	-0.5432	0.8463	-0.2247	
7.29	-0.8111	-0.3855	-1.4966	-1.2525	1.5676	-0.2289	
7.3	-0.8748	-0.0432	-1.5207	-1.3541	1.9941	-0.2344	
7.31	-0.9237	0.2059	-1.3853	-0.8882	1.9938	-0.2838	
7.32	-0.9046	0.3884	-1.1769	-0.786	1.8514	-0.3343	
7.33	-0.8483	0.5021	-1.1082	-1.3616	1.784	-0.4449	
7.34	-0.9059	0.4643	-0.8178	-2.0959	1.3292	-0.5208	
7.35	-0.8284	0.3754	-0.6561	-2.2713	0.9977	-0.7103	
7.36	-0.8353	0.2246	-0.4657	-1.6407	0.7199	-0.7966	
7.37	-0.7273	0.0424	-0.3683	-0.1558	0.6217	-1.0902	
7.38	-0.683	-0.177	-0.2648	0.9585	0.822	-1.2635	
7.39	-0.577	-0.4036	-0.2256	0.7416	1.0881	-1.479	
7.4	-0.5587	-0.5406	-0.1999	-0.4523	1.5992	-1.6216	
7.41	-0.4997	-0.6545	-0.2574	-1.6104	2.3786	-1.6369	
7.42	-0.4041	-0.7801	-0.3713	-2.0554	2.8046	-1.8347	
7.43	-0.271	-0.8981	-0.5206	-1.6374	2.6881	-2.002	
7.44	-0.2058	-0.8935	-0.6425	-1.0179	3.0658	-2.3949	
7.45	-0.108	-0.8076	-0.95	-1.0822	2.4975	-2.3587	
7.46	0.0018	-0.8146	-1.0635	-1.326	2.0557	-2.5059	
7.47	0.1005	-0.6528	-1.2222	-1.5896	1.6805	-2.4956	
7.48	0.2156	-0.6379	-1.6931	-1.3514	1.1335	-2.5667	
7.49	0.3474	-0.5814	-1.8967	-0.0799	1.0731	-2.7379	
7.5	0.464	-0.5004	-2.2494	0.7641	1.001	-2.7664	
7.51	0.5685	-0.486	-2.1246	0.6552	1.1839	-2.4266	
7.52	0.5775	-0.4854	-2.5003	-0.6723	1.7608	-2.677	
7.53	0.6775	-0.526	-2.5969	-2.1071	2.1469	-2.5436	
7.54	0.8271	-0.6458	-2.3378	-2.7912	2.3903	-2.4533	
7.55	0.8798	-0.7532	-2.6274	-2.2138	2.7142	-1.9961	
7.56	1.0858	-0.8812	-2.7295	-1.0366	2.8004	-2.1607	
7.57	1.0641	-1.0449	-2.5226	-0.406	2.129	-1.7463	
7.58	1.2549	-1.1009	-2.5301	-0.4636	1.8293	-1.8576	
7.59	1.3362	-0.9695	-2.3861	-0.912	1.2824	-1.4789	
7.6	1.2336	-0.9315	-2.0403	-0.8608	0.5943	-1.4793	
7.61	1.1994	-0.9915	-1.9249	-0.3549	0.2895	-1.281	
7.62	1.3043	-0.7465	-1.6603	0.3337	0.1147	-1.018	
7.63	1.4349	-0.528	-1.281	0.2084	0.2184	-0.8529	
7.64	1.2915	-0.2954	-1.2689	-0.8854	0.5326	-0.7541	
7.65	1.3998	0.0102	-1.0889	-2.2499	0.8956	-0.6757	
7.66	1.5083	0.2894	-0.9441	-3.1004	1.387	-0.6391	
7.67	1.3813	0.5342	-0.8392	-2.0563	1.6365	-0.6078	
7.68	1.2441	0.7491	-0.7709	-0.7811	1.5885	-0.6334	
7.69	1.4057	0.9253	-0.7762	0.3393	1.3397	-0.5722	
7.7	1.2478	1.0383	-0.7754	0.5007	0.9331	-0.5788	
7.71	1.2129	0.9306	-0.9618	-0.2475	0.3055	-0.721	
7.72	1.1162	0.6984	-0.9703	-0.8133	-0.2674	-0.7247	
7.73	1.0992	0.5358	-1.2123	-0.9347	-0.6554	-0.9525	
7.74	0.8619	0.1769	-1.3186	-0.4383	-0.9673	-0.9782	
7.75	0.7684	-0.2386	-1.6059	-0.3768	-0.8219	-1.1287	
7.76	0.7626	-0.6802	-1.7432	-1.0293	-0.562	-1.2312	
7.77	0.6512	-1.1529	-2.0037	-1.8799	-0.089	-1.3228	
7.78	0.4703	-1.3579	-2.1922	-2.2968	0.3951	-1.4823	
7.79	0.3743	-1.9124	-2.3472	-1.8752	0.809	-1.7458	
7.8	0.2944	-1.8071	-2.6109	-0.3828	1.0221	-1.6917	
7.81	0.1566	-2.0195	-2.8289	0.8866	0.8739	-1.7716	
7.82	0.0203	-2.142	-2.6461	1.0435	0.6353	-2.1555	
7.83	-0.0954	-1.7315	-2.6995	0.1424	0.133	-2.0853	
7.84	-0.2485	-1.6202	-2.3879	-1.1224	-0.2964	-2.3712	
7.85	-0.3825	-1.2981	-2.4445	-1.6669	-0.7189	-2.2007	
7.86	-0.4872	-0.6851	-2.1551	-1.2687	-0.8799	-2.2766	
7.87	-0.5326	-0.248	-2.0922	-0.7747	-0.8279	-2.1155	
7.88	-0.6731	0.2787	-1.649	-0.7786	-0.505	-2.2373	
7.89	-0.75	0.8472	-1.5923	-1.2952	0.0267	-2.1234	
7.9	-0.8635	1.2379	-1.396	-1.5521	0.5911	-1.9111	
7.91	-0.9195	1.5393	-0.9744	-1.3666	1.0378	-1.9603	
7.92	-1.1152	1.6513	-0.882	-0.0798	1.3808	-1.8706	
7.93	-1.1334	1.85	-0.6325	1.1776	1.5272	-1.6567	
7.94	-1.2741	1.636	-0.4419	1.1643	1.533	-1.337	
7.95	-1.2347	1.601	-0.2867	0.2127	1.0486	-1.3028	
7.96	-1.2466	1.0943	-0.2379	-1.425	0.6781	-1.0354	
7.97	-1.339	0.7232	-0.1725	-2.1627	0.3292	-0.823	
7.98	-1.4633	0.2588	-0.1759	-1.8795	0.0971	-0.6403	
7.99	-1.3305	-0.2579	-0.2166	-0.9049	0.1155	-0.4076	
8.0	-1.2586	-0.7391	-0.3034	-0.2396	0.4328	-0.2287	
8.01	-1.3477	-1.2722	-0.425	-0.2754	0.9617	-0.059	
8.02	-1.4534	-1.5869	-0.6618	-0.7217	1.4049	0.0871	
8.03	-1.2349	-1.9507	-0.7431	-0.7131	1.9314	0.2031	
8.04	-1.2001	-2.0751	-0.9565	-0.0153	2.3992	0.2947	
8.05	-1.2198	-2.1221	-1.225	0.7946	2.5185	0.3972	
8.06	-1.1093	-1.8673	-1.3217	0.9383	2.4138	0.426	
8.07	-1.0804	-1.4774	-1.4264	0.0377	1.9714	0.4356	
8.08	-0.9725	-1.2582	-1.6182	-1.3601	1.7348	0.4901	
8.09	-0.9925	-0.7099	-1.6037	-2.5928	1.1844	0.4753	
8.1	-0.9908	-0.2699	-1.6765	-1.9807	0.9146	0.3947	
8.11	-0.8046	0.1746	-1.5505	-0.708	0.7907	0.3283	
8.12	-0.8097	0.6247	-1.457	0.4527	0.8389	0.2439	
8.13	-0.7462	1.0032	-1.3365	0.7124	1.3521	0.1234	
8.14	-0.6211	1.2525	-1.2615	0.2627	1.6487	0.0189	
8.15	-0.5399	1.2262	-0.9078	-0.2602	2.3093	-0.0937	
8.16	-0.46	1.4968	-0.6867	-0.2706	2.3248	-0.2293	
8.17	-0.3649	1.4184	-0.5304	0.2065	2.9219	-0.309	
8.18	-0.3179	1.2545	-0.2245	0.4575	2.3371	-0.4344	
8.19	-0.2471	1.0334	0.0302	-0.1171	2.3586	-0.5588	
8.2	-0.1804	0.662	0.2657	-1.2576	1.6238	-0.6235	
8.21	-0.1095	0.4038	0.4892	-1.9069	1.176	-0.6832	
8.22	-0.0708	0.1033	0.6557	-1.8486	0.6909	-0.7129	
8.23	-0.0222	-0.1507	0.8905	-0.3781	0.317	-0.7719	
8.24	0.0102	-0.4025	0.9246	1.1649	0.2809	-0.7825	
8.25	0.0343	-0.5118	0.9617	1.6223	0.4198	-0.7334	
8.26	0.0617	-0.6023	1.1086	0.9833	0.8171	-0.6314	
8.27	0.0625	-0.6376	0.9621	-0.1445	1.2466	-0.5458	
8.28	0.0643	-0.6421	0.9765	-0.8061	1.484	-0.4	
8.29	0.061	-0.5545	0.7596	-0.5846	1.5179	-0.3046	
8.3	0.0405	-0.3769	0.6795	-0.11	1.5162	-0.1284	
8.31	0.0174	-0.2283	0.4945	-0.1225	1.2898	0.0494	
8.32	-0.0165	-0.1013	0.245	-0.759	0.6799	0.2363	
8.33	-0.0555	0.0263	0.0785	-1.3976	0.1499	0.4388	
8.34	-0.0995	0.1261	-0.089	-1.095	-0.3847	0.6774	
8.35	-0.1653	0.1945	-0.2755	0.1124	-0.8468	0.7758	
8.36	-0.2468	0.2191	-0.3838	1.5211	-1.0317	1.0144	
8.37	-0.2908	0.1713	-0.4603	2.1085	-0.8558	1.3185	
8.38	-0.4049	0.1532	-0.48	1.1231	-0.554	1.4819	
8.39	-0.4507	0.0749	-0.4869	-0.2257	-0.1018	1.6643	
8.4	-0.5058	0.0155	-0.4414	-1.2285	0.2961	1.7879	
8.41	-0.6436	-0.0351	-0.3794	-1.1817	0.529	1.7425	
8.42	-0.751	-0.0598	-0.2054	-0.4585	0.63	1.9022	
8.43	-0.7487	-0.0509	-0.0276	0.1717	0.4082	2.1428	
8.44	-0.8634	0.0055	0.1857	0.1634	0.0585	2.3041	
8.45	-0.887	0.101	0.4417	-0.2455	-0.4176	2.304	
8.46	-0.984	0.2534	0.5946	-0.293	-1.0145	2.1891	
8.47	-1.1713	0.4418	0.8196	0.3815	-1.4427	2.1006	
8.48	-1.1983	0.6862	1.0074	1.3732	-1.3871	1.8454	
8.49	-1.3651	0.9139	1.3811	2.0052	-1.44	1.9804	
8.5	-1.3414	0.9158	1.5318	1.0402	-1.0295	1.9622	
8.51	-1.4114	1.1428	1.6698	-0.3256	-0.5322	1.856	
8.52	-1.5729	1.1409	1.547	-1.5287	0.0399	1.5734	
8.53	-1.5433	1.1774	1.5656	-1.5265	0.4977	1.3906	
8.54	-1.556	1.1233	1.5627	-0.4753	0.6682	1.3889	
8.55	-1.6873	1.0799	1.7192	0.6694	0.6974	1.2048	
8.56	-1.5918	0.7166	1.523	1.1736	0.4973	1.1236	
8.57	-1.6907	0.4876	1.5057	0.8751	0.0802	0.9985	
8.58	-1.5829	0.1258	1.1585	0.341	-0.3191	0.8891	
8.59	-1.5378	-0.2258	0.9897	0.4249	-0.7147	0.8468	
8.6	-1.55	-0.6208	0.828	0.8941	-0.8379	0.7525	
8.61	-1.4548	-0.851	0.6019	1.3943	-0.7685	0.6386	
8.62	-1.317	-1.1839	0.3439	0.9161	-0.36	0.6961	
8.63	-1.4201	-1.1582	0.1448	-0.3459	0.1562	0.6781	
8.64	-1.2844	-1.2762	-0.0384	-1.4611	0.7931	0.6477	
8.65	-1.1732	-1.1816	-0.1687	-1.3135	1.3651	0.7333	
8.66	-1.0483	-0.9029	-0.2749	-0.2215	1.593	0.9407	
8.67	-0.9722	-0.5481	-0.2782	1.2504	1.607	0.9247	
8.68	-0.7927	-0.1861	-0.3254	1.9339	1.419	1.0541	
8.69	-0.7832	0.2667	-0.2518	1.8304	1.2948	1.2196	
8.7	-0.6409	0.7855	-0.1542	0.795	0.8309	1.3077	
8.71	-0.5345	1.2181	-0.0257	0.1375	0.3914	1.6438	
8.72	-0.3537	1.5327	0.1523	0.2582	0.1336	1.7255	
8.73	-0.2147	1.8701	0.3174	0.7333	0.0996	1.832	
8.74	-0.0851	2.2908	0.5224	0.7191	0.3373	2.1526	
8.75	0.059	2.544	0.6709	-0.0319	0.6874	2.4372	
8.76	0.1915	2.5529	0.9658	-0.8789	1.3988	2.5437	
8.77	0.3591	2.353	0.9798	-0.7679	1.7577	2.7041	
8.78	0.4439	1.7124	1.2544	0.2491	2.2805	2.4765	
8.79	0.6096	1.4082	1.4297	1.7599	1.9965	2.6683	
8.8	0.6761	1.0273	1.3335	2.5247	2.1544	2.6867	
8.81	0.8514	0.4651	1.4487	2.1618	1.739	3.1459	
8.82	0.9659	-0.0735	1.2606	0.7913	1.0777	2.9581	
8.83	1.0803	-0.603	1.3801	-0.3105	0.6491	3.0714	
8.84	1.3053	-0.8938	1.2143	-0.4612	0.2085	3.045	
8.85	1.2846	-1.2737	1.0426	0.0742	0.0134	2.665	
8.86	1.2928	-1.4937	0.7932	0.5814	0.0539	2.8722	
8.87	1.5079	-1.5222	0.5568	0.5775	0.3091	2.3557	
8.88	1.7316	-1.2489	0.2542	0.1223	0.6823	2.3519	
8.89	1.6524	-1.0953	0.0161	-0.0127	1.1748	2.317	
8.9	1.6172	-0.7067	-0.2289	0.6506	1.4633	1.9444	
8.91	1.6742	-0.3239	-0.4308	1.7114	1.4973	2.0031	
8.92	1.8792	0.1946	-0.659	2.6479	1.4988	1.6746	
8.93	1.9572	0.6359	-0.8315	2.124	0.9234	1.3843	
8.94	1.7069	1.1559	-0.8739	0.6974	0.4168	1.2129	
8.95	1.8057	1.4589	-1.0409	-0.6161	-0.1817	1.0812	
8.96	1.8669	1.9548	-0.9869	-1.0413	-0.7437	1.0191	
8.97	1.708	2.1988	-1.0585	-0.2165	-1.0496	0.9416	
8.98	1.84	2.4348	-0.8888	0.8684	-1.2211	0.8962	
8.99	1.8098	2.2468	-0.848	1.5321	-0.8911	0.7835	
9.0	1.6152	2.2419	-0.6563	1.1544	-0.6243	0.662	
9.01	1.6008	1.9513	-0.5542	0.8005	-0.2088	0.6454	
9.02	1.659	1.5487	-0.302	0.9056	0.1131	0.7108	
9.03	1.529	1.1612	-0.1296	1.614	0.2875	0.6424	
9.04	1.4926	0.8106	0.0524	1.8909	0.2181	0.7062	
9.05	1.3339	0.4481	0.2064	1.6918	-0.0652	0.8308	
9.06	1.3751	0.0988	0.3443	0.5283	-0.5861	0.9972	
9.07	1.2232	-0.17	0.4812	-0.6933	-1.208	1.0598	
9.08	1.1937	-0.3181	0.5515	-1.049	-1.5997	1.1641	
9.09	1.0008	-0.4257	0.593	-0.1846	-2.1357	1.2852	
9.1	1.0024	-0.438	0.4903	1.1595	-2.2668	1.3345	
9.11	1.0531	-0.3732	0.4345	2.109	-1.9239	1.5749	
9.12	0.86	-0.1965	0.3247	2.0486	-1.6721	1.8064	
9.13	0.7683	-0.009	0.1836	1.3441	-1.002	1.7157	
9.14	0.8666	0.2001	-0.0106	0.7984	-0.6289	2.0984	
9.15	0.7807	0.4165	-0.2473	0.851	-0.2366	2.1024	
9.16	0.6853	0.7035	-0.5068	1.4126	-0.1177	2.2119	
9.17	0.6514	0.7959	-0.6514	1.3478	-0.2172	2.2638	
9.18	0.6491	0.9083	-0.9882	0.5888	-0.5589	1.9777	
9.19	0.6911	1.1195	-1.0566	-0.4164	-1.1114	2.1772	
9.2	0.6441	1.0462	-1.4214	-0.6556	-1.3382	2.1092	
9.21	0.6482	1.1216	-1.5323	0.1549	-1.7334	1.923	
9.22	0.6689	1.083	-1.6631	1.8325	-1.9583	2.0622	
9.23	0.6261	0.9464	-1.658	2.8935	-1.5576	2.0477	
9.24	0.6529	0.8238	-1.5578	2.9075	-1.3812	1.8965	
9.25	0.7795	0.765	-1.5552	1.669	-0.8074	1.586	
9.26	0.8193	0.7379	-1.5968	0.4619	-0.1547	1.3295	
9.27	0.8485	0.6959	-1.3772	0.0564	0.3469	1.217	
9.28	0.9307	0.821	-1.2156	0.4452	0.556	1.0223	
9.29	0.9125	0.8351	-1.1385	1.0072	0.6235	0.8008	
9.3	0.9968	0.8765	-0.8032	0.8756	0.4245	0.6902	
9.31	1.0246	1.0591	-0.5717	0.2737	0.0241	0.4639	
9.32	1.1556	1.1836	-0.4138	-0.0056	-0.3963	0.3009	
9.33	1.1763	1.2777	-0.1976	0.5521	-0.7061	0.1307	
9.34	1.3654	1.3329	-0.0115	1.6817	-0.928	-0.0368	
9.35	1.2956	1.2428	0.1275	3.0153	-0.7298	-0.1649	
9.36	1.6163	1.4912	0.2443	2.9479	-0.4333	-0.2825	
9.37	1.6344	1.413	0.3016	1.3079	0.0339	-0.4019	
9.38	1.6678	1.1001	0.3398	-0.0072	0.6488	-0.4308	
9.39	1.7297	0.8952	0.3365	-0.583	1.1115	-0.5134	
9.4	1.9868	0.7065	0.2419	-0.1443	1.3384	-0.5132	
9.41	2.0354	0.5045	0.1204	0.8319	1.4503	-0.5024	
9.42	1.9882	0.1911	-0.0332	1.4135	1.3419	-0.4412	
9.43	2.1694	-0.0591	-0.1914	1.1416	0.9359	-0.3417	
9.44	2.0096	-0.2469	-0.3667	0.7501	0.3833	-0.287	
9.45	2.3992	-0.3835	-0.6228	0.9383	-0.0835	-0.1731	
9.46	2.166	-0.4453	-0.7399	1.7643	-0.3672	-0.0586	
9.47	2.2446	-0.4477	-1.0435	2.3392	-0.4329	0.0648	
9.48	2.2097	-0.284	-1.1451	2.2919	-0.3322	0.191	
9.49	2.5003	-0.0442	-1.2361	1.107	0.0412	0.3436	
9.5	2.3183	0.2729	-1.3732	-0.3175	0.5382	0.4977	
9.51	2.3273	0.7127	-1.3129	-1.0482	0.9529	0.5592	
9.52	2.4525	1.088	-1.2572	-0.3925	1.2379	0.686	
9.53	2.6174	1.49	-1.1593	0.9862	1.1889	0.7975	
9.54	2.2478	2.0673	-1.0775	1.903	0.9402	0.7852	
9.55	2.1727	2.0955	-0.9406	2.1048	0.5988	0.95	
9.56	2.2167	2.7282	-0.8114	1.3447	0.0126	0.946	
9.57	2.0815	2.769	-0.6104	0.9292	-0.5728	1.0116	
9.58	2.2191	2.4249	-0.3404	1.0712	-0.9432	0.9762	
9.59	1.9917	2.6585	-0.0678	1.6867	-1.2655	0.8738	
9.6	2.0871	2.5034	0.1731	1.6228	-1.3022	0.8543	
9.61	1.9348	1.8413	0.4247	0.9172	-1.1025	0.7141	
9.62	1.7761	1.3775	0.6547	-0.2911	-0.6471	0.4968	
9.63	1.5755	1.004	0.8442	-0.8014	-0.2535	0.3854	
9.64	1.5756	0.5245	1.0573	-0.2892	0.0145	0.2385	
9.65	1.5941	-0.0112	1.1222	1.1438	0.0987	0.0676	
9.66	1.3699	-0.4193	1.2364	2.3457	-0.0533	-0.1132	
9.67	1.2402	-0.7365	1.1375	2.4098	-0.4715	-0.2856	
9.68	1.1615	-1.0913	1.1688	1.851	-0.9807	-0.4581	
9.69	0.9	-1.0868	1.0496	0.7071	-1.5805	-0.6402	
9.7	0.8603	-1.1156	0.8706	0.2583	-2.0152	-0.875	
9.71	0.6841	-0.8096	0.7222	0.5017	-2.3481	-0.9161	
9.72	0.5143	-0.5145	0.6249	0.9292	-2.5906	-1.1847	
9.73	0.3818	-0.0558	0.4925	0.7391	-2.2044	-1.1578	
9.74	0.2844	0.4057	0.3047	0.1162	-1.7332	-1.3993	
9.75	0.1898	0.9259	0.1254	-0.3477	-1.4633	-1.4128	
9.76	0.0761	1.5418	-0.0287	0.0711	-0.9189	-1.3728	
9.77	-0.0322	2.0603	-0.1264	1.4726	-0.8138	-1.5241	
9.78	-0.1388	2.1361	-0.2071	2.5064	-0.8111	-1.4444	
9.79	-0.2081	2.4744	-0.2308	3.0235	-0.9103	-1.2937	
9.8	-0.2794	3.0569	-0.2313	1.901	-1.3564	-1.3508	
9.81	-0.349	2.9204	-0.1485	0.3076	-2.0274	-1.3796	
9.82	-0.426	2.9497	-0.0272	-0.5786	-2.5549	-1.0492	
9.83	-0.4349	2.2335	0.1443	-0.3912	-2.5385	-1.1075	
9.84	-0.5459	2.1955	0.3261	0.4511	-2.8602	-0.8284	
9.85	-0.5448	1.7142	0.5665	0.8973	-2.4512	-0.7325	
9.86	-0.5978	1.2088	0.7511	0.7829	-1.9075	-0.6044	
9.87	-0.608	0.8296	1.0626	0.4208	-1.3051	-0.3893	
9.88	-0.5321	0.4271	1.3175	0.4428	-0.9134	-0.2496	
9.89	-0.5242	0.0595	1.6357	1.2238	-0.4792	-0.1043	
9.9	-0.5735	-0.1901	1.7037	2.219	-0.3121	0.0289	
9.91	-0.4992	-0.3481	1.9218	2.3601	-0.3974	0.1559	
9.92	-0.4551	-0.412	2.0172	1.5054	-0.6695	0.2269	
9.93	-0.4011	-0.3947	2.4336	-0.1655	-1.037	0.305	
9.94	-0.3586	-0.2304	2.5217	-1.0932	-1.4655	0.3728	
9.95	-0.3117	-0.0231	2.2613	-0.9648	-1.5935	0.412	
9.96	-0.2205	0.2625	2.1187	0.2317	-1.7014	0.3768	
9.97	-0.153	0.5347	2.0669	1.2286	-1.5173	0.3608	
9.98	-0.0697	0.8578	2.0862	1.712	-1.2232	0.3162	
9.99	0.0157	1.0493	2.0652	1.1194	-0.6099	0.2313	
10.0	0.0983	1.5031	1.7916	0.6186	-0.0578	0.1566	
10.01	0.1965	1.614	1.6664	0.8499	0.3878	0.0341	
10.02	0.2702	1.6187	1.4574	1.4708	0.6278	-0.0985	
10.03	0.3855	1.6057	1.1158	1.7302	0.6363	-0.2668	
10.04	0.4195	1.7871	1.0309	0.968	0.4248	-0.4171	
10.05	0.5635	1.5872	0.964	-0.3875	0.0774	-0.5712	
10.06	0.6077	1.3961	0.7374	-1.4154	-0.3783	-0.7663	
10.07	0.6984	1.3941	0.7049	-1.1292	-0.7737	-0.7898	
10.08	0.7648	1.1494	0.6292	0.2569	-0.9823	-1.0691	
10.09	0.7982	1.1816	0.7084	1.6939	-0.9161	-1.0386	
10.1	0.9062	1.0058	0.8867	2.0742	-0.6229	-1.3282	
10.11	0.895	0.9296	0.9868	1.6124	-0.1879	-1.2453	
10.12	1.0133	0.8916	1.0553	0.5683	0.3126	-1.3209	
10.13	0.9127	1.0254	1.1954	0.0853	0.686	-1.3746	
10.14	1.0159	0.8959	1.3705	0.3134	0.9355	-1.4478	
10.15	1.0575	0.9669	1.6701	0.6552	0.9063	-1.4588	
10.16	0.9664	1.2004	1.9172	0.4407	0.7926	-1.3504	
10.17	0.9904	1.0962	2.1451	-0.2737	0.3141	-1.2308	
10.18	0.9299	1.3181	2.4305	-0.9878	-0.2471	-1.2041	
10.19	0.9434	1.2757	2.5786	-0.8648	-0.7357	-1.0549	
10.2	0.9255	1.1676	2.7648	0.3958	-1.1331	-1.0253	
10.21	0.8006	1.2238	2.5951	1.6475	-1.3834	-0.756	
10.22	0.882	1.0721	2.6058	2.3143	-1.0918	-0.706	
10.23	0.7205	0.7818	2.8529	1.6968	-0.822	-0.52	
10.24	0.7718	0.599	2.7375	0.2442	-0.4608	-0.3025	
10.25	0.6527	0.4812	2.3129	-0.6851	-0.0726	-0.1317	
10.26	0.5981	0.2542	2.3045	-0.6975	0.1744	0.0456	
10.27	0.4831	0.143	2.377	-0.1448	0.1755	0.2047	
10.28	0.4435	0.0602	1.8957	0.3151	-0.0499	0.3542	
10.29	0.3306	0.0428	1.7909	0.1344	-0.4756	0.4748	
10.3	0.2776	0.1226	1.5544	-0.3262	-1.1569	0.5934	
10.31	0.1867	0.2384	1.2279	-0.3604	-1.6875	0.66	
10.32	0.1023	0.4993	1.0679	0.4289	-2.2882	0.8421	
10.33	0.0276	0.7128	0.867	1.6578	-2.2359	0.7839	
10.34	-0.0518	1.1708	0.7842	1.842	-2.5228	0.8014	
10.35	-0.132	1.3462	0.6185	1.2024	-2.0263	0.7571	
10.36	-0.2109	1.712	0.617	-0.2413	-1.747	0.7335	
10.37	-0.2711	2.223	0.5667	-1.544	-1.4318	0.6499	
10.38	-0.2959	2.2814	0.5717	-1.5244	-1.031	0.6385	
10.39	-0.3719	2.7289	0.6347	-0.68	-0.815	0.5406	
10.4	-0.3756	2.4676	0.8237	0.4039	-1.0264	0.4134	
10.41	-0.409	2.7127	0.8454	0.7925	-1.2244	0.2403	
10.42	-0.4216	2.2974	1.0798	0.4579	-1.7886	0.0912	
10.43	-0.4646	2.1521	1.2836	0.0219	-2.2445	-0.0541	
10.44	-0.4553	1.566	1.3379	0.2003	-2.525	-0.223	
10.45	-0.492	1.1002	1.6059	0.8247	-3.0612	-0.3357	
10.46	-0.4315	0.7569	1.9107	1.3754	-3.1348	-0.5138	
10.47	-0.393	0.2106	1.7692	0.6831	-2.9505	-0.5741	
10.48	-0.3712	-0.2213	1.9788	-0.6766	-2.1405	-0.7069	
10.49	-0.3488	-0.5423	1.981	-1.8916	-1.7384	-0.7843	
10.5	-0.2871	-0.7609	1.943	-2.0857	-1.2983	-0.8906	
10.51	-0.243	-0.9239	2.247	-0.8713	-0.839	-0.9896	
10.52	-0.1453	-0.9915	2.0128	0.5803	-0.8897	-0.8827	
10.53	-0.0554	-0.7264	1.773	1.3954	-0.9578	-0.9437	
10.54	0.0322	-0.4603	1.6178	0.9512	-1.4417	-0.8118	
10.55	0.14	-0.1208	1.4058	0.1858	-1.6146	-0.8068	
10.56	0.2438	0.3593	1.2509	-0.2999	-2.0109	-0.7643	
10.57	0.3519	0.8736	0.9712	-0.1447	-2.5625	-0.5884	
10.58	0.5108	1.3644	0.7004	0.2379	-2.57	-0.4547	
10.59	0.6696	1.8162	0.5258	0.0844	-1.9766	-0.3189	
10.6	0.7089	2.5495	0.2773	-0.7721	-1.4623	-0.1483	
10.61	0.9009	2.8373	0.0457	-1.8257	-0.9144	0.0079	
10.62	1.0999	2.7538	-0.1177	-1.8293	-0.4264	0.1665	
10.63	1.1102	2.754	-0.254	-0.7157	0.0026	0.3725	
10.64	1.1999	2.5585	-0.3234	0.7445	0.2028	0.478	
10.65	1.3159	2.6296	-0.3916	1.7704	0.1804	0.6846	
10.66	1.5592	2.518	-0.3688	1.356	-0.1089	0.8772	
10.67	1.4992	1.7661	-0.301	0.0254	-0.4935	0.8986	
10.68	1.6935	1.3562	-0.2131	-0.9817	-0.9303	0.946	
10.69	1.7719	0.861	-0.0677	-1.2037	-1.3126	1.0736	
10.7	2.0184	0.4401	0.0878	-0.7787	-1.3009	1.257	
10.71	2.099	-0.0285	0.254	-0.3676	-1.0523	1.1641	
10.72	2.1389	-0.3746	0.4378	-0.6299	-0.7241	1.0464	
10.73	2.3785	-0.6169	0.7023	-1.1951	-0.2178	1.0705	
10.74	2.2056	-0.6644	0.9121	-1.3489	0.3223	0.9672	
10.75	2.361	-0.8024	0.9969	-0.5629	0.7844	1.0056	
10.76	2.6205	-0.5831	1.1987	0.6466	1.0637	0.8527	
10.77	2.425	-0.3709	1.0749	1.4584	0.9066	0.7436	
10.78	2.7142	-0.0921	1.2724	1.0189	0.7359	0.6143	
10.79	2.6842	0.2747	1.1428	-0.368	0.2316	0.4163	
10.8	2.3638	0.6562	1.1093	-1.616	-0.2509	0.278	
10.81	2.3854	1.0775	0.9349	-2.2764	-0.7204	0.0888	
10.82	2.3676	1.4507	0.898	-1.5798	-0.884	-0.0808	
10.83	2.3938	1.6513	0.722	-0.521	-0.9426	-0.2289	
10.84	2.6431	1.7349	0.509	-0.0982	-0.7184	-0.3855	
10.85	2.3942	2.0746	0.2576	-0.3895	-0.3712	-0.5164	
10.86	2.6849	2.0871	0.0037	-0.7057	0.0583	-0.6314	
10.87	2.3402	1.7935	-0.2344	-0.5589	0.4123	-0.7225	
10.88	2.2603	1.7631	-0.4688	0.253	0.6699	-0.9534	
10.89	2.4334	1.5852	-0.6223	0.9325	0.6567	-0.9589	
10.9	2.1763	1.4332	-0.8197	0.5397	0.3247	-0.9983	
10.91	2.1764	1.2045	-0.9701	-0.7736	-0.1895	-0.9931	
10.92	1.8428	1.0013	-0.894	-2.1671	-0.7029	-1.0154	
10.93	1.9093	0.7347	-1.0083	-2.6266	-1.2029	-0.9045	
10.94	1.7442	0.5681	-0.9301	-1.7716	-1.6805	-0.9374	
10.95	1.6628	0.5243	-0.8124	-0.4097	-1.9191	-0.785	
10.96	1.6724	0.5109	-0.8116	0.5154	-1.8694	-0.7212	
10.97	1.5831	0.4774	-0.6304	0.3858	-1.4344	-0.5266	
10.98	1.3333	0.4929	-0.4022	-0.2842	-1.0406	-0.4299	
10.99	1.5041	0.5556	-0.1775	-0.79	-0.6876	-0.287	
11.0	1.2244	0.6311	0.0474	-0.5338	-0.4299	-0.1118	
11.01	1.2889	0.8004	0.2609	-0.0988	-0.3858	0.0264	
11.02	1.1829	0.7805	0.4886	-0.1855	-0.5633	0.1492	
11.03	1.0699	0.7506	0.6857	-1.0084	-0.9693	0.2714	
11.04	1.006	0.8189	0.8579	-2.0905	-1.5256	0.4368	
11.05	0.8698	0.7099	1.0445	-2.7969	-1.9279	0.5067	
11.06	0.8358	0.6696	0.9423	-1.7186	-2.5345	0.5604	
11.07	0.8862	0.6066	1.1765	-0.1975	-2.8647	0.6245	
11.08	0.8817	0.4346	0.9622	0.8915	-2.4372	0.6481	
11.09	0.8638	0.3086	1.0265	0.8457	-2.2748	0.664	
11.1	0.8835	0.2608	0.8346	-0.1443	-2.0509	0.6291	
11.11	0.8115	0.1772	0.7024	-1.2118	-1.46	0.5747	
11.12	0.8392	0.1909	0.5996	-1.512	-0.9975	0.4292	
11.13	0.9184	0.2504	0.4281	-1.089	-0.827	0.3235	
11.14	0.8349	0.3936	0.1872	-0.7691	-0.8665	0.1953	
11.15	0.9731	0.5877	-0.0026	-1.0873	-1.0621	0.0641	
11.16	0.9942	0.8081	-0.1892	-1.605	-1.4067	-0.1088	
11.17	1.06	0.9794	-0.3746	-2.1091	-1.837	-0.2883	
11.18	0.9406	1.3434	-0.4341	-1.3279	-2.3201	-0.4944	
11.19	1.0568	1.4269	-0.5638	-0.0967	-2.5175	-0.6688	
11.2	1.2496	1.6149	-0.5957	1.0207	-2.1668	-0.9263	
11.21	1.1584	1.9253	-0.542	0.838	-2.1343	-0.9994	
11.22	1.1561	1.9382	-0.5063	-0.3326	-1.4127	-1.2168	
11.23	1.328	1.9869	-0.471	-1.7265	-0.9771	-1.2874	
11.24	1.309	1.7062	-0.2825	-2.5713	-0.4632	-1.4072	
11.25	1.3709	1.5332	-0.0956	-1.7737	-0.0488	-1.51	
11.26	1.4243	1.3781	0.1342	-1.0888	0.08	-1.8066	
11.27	1.6157	1.021	0.3656	-0.7347	-0.0352	-1.8008	
11.28	1.5934	0.5638	0.6145	-0.9746	-0.3208	-2.018	
11.29	1.7362	0.1043	0.8134	-1.4614	-0.7304	-1.7356	
11.3	1.7033	-0.3328	1.0941	-1.0704	-1.036	-2.0243	
11.31	1.7203	-0.5987	1.2351	-0.2609	-1.1946	-1.6637	
11.32	1.9129	-0.9711	1.4716	0.5322	-1.2212	-1.8888	
11.33	1.8637	-1.0049	1.5708	0.5365	-0.9868	-1.8336	
11.34	2.1509	-1.0253	1.6591	-0.6845	-0.5878	-1.5324	
11.35	2.0003	-0.957	1.7188	-2.0198	0.0369	-1.5015	
11.36	1.9138	-0.7754	1.7508	-2.6868	0.5961	-1.4077	
11.37	2.0164	-0.5319	1.7594	-2.2204	0.9188	-1.2746	
11.38	1.9212	-0.0596	1.868	-1.1315	1.1743	-1.0339	
