0.01	0.1772	0.2439	
0.02	0.3405	0.4562	
0.03	0.5191	0.8001	
0.04	0.6409	1.0351	
0.05	0.7658	1.1295	
0.06	0.9251	1.3693	
0.07	0.9829	1.633	
0.08	1.2907	1.8061	
0.09	1.4225	1.7125	
0.1	1.4972	1.7241	
0.11	1.5789	1.8888	
0.12	1.7191	1.9416	
0.13	1.7594	1.9141	
0.14	1.6518	2.0108	
0.15	1.6199	1.8098	
0.16	1.6117	2.0524	
0.17	1.5919	1.686	
0.18	1.571	1.6662	
0.19	1.7526	1.5572	
0.2	1.6741	1.2381	
0.21	1.4534	1.2137	
0.22	1.4878	1.0586	
0.23	1.4962	0.8404	
0.24	1.2853	0.6352	
0.25	1.3037	0.4597	
0.26	1.2863	0.2305	
0.27	1.2681	0.0614	
0.28	0.9899	-0.1229	
0.29	1.0647	-0.2751	
0.3	0.9039	-0.4021	
0.31	0.9093	-0.5995	
0.32	0.8702	-0.6281	
0.33	0.7463	-0.7799	
0.34	0.7381	-0.8659	
0.35	0.622	-0.8669	
0.36	0.6306	-0.8662	
0.37	0.6523	-0.8783	
0.38	0.6699	-0.8569	
0.39	0.5955	-0.9237	
0.4	0.6419	-0.9187	
0.41	0.6414	-0.8407	
0.42	0.7503	-0.6191	
0.43	0.7183	-0.5591	
0.44	0.8792	-0.489	
0.45	0.8654	-0.3583	
0.46	1.0711	-0.2661	
0.47	1.2575	-0.1296	
0.48	1.1575	-0.0024	
0.49	1.3711	0.1237	
0.5	1.4725	0.236	
0.51	1.6852	0.3738	
0.52	1.7738	0.4316	
0.53	1.7014	0.5524	
0.54	2.0034	0.6328	
0.55	2.2302	0.6293	
0.56	2.102	0.6989	
0.57	2.5453	0.7683	
0.58	2.655	0.7869	
0.59	2.7727	0.7615	
0.6	2.913	0.7496	
0.61	2.5602	0.859	
0.62	2.8978	0.839	
0.63	2.7343	0.8207	
0.64	2.9607	0.7541	
0.65	2.8995	0.7007	
0.66	2.6976	0.6883	
0.67	2.7464	0.545	
0.68	2.7645	0.5807	
0.69	2.8495	0.5462	
0.7	2.6218	0.545	
0.71	2.7293	0.4748	
0.72	2.4077	0.4773	
0.73	2.6073	0.4985	
0.74	2.5733	0.4472	
0.75	2.195	0.4577	
0.76	2.1981	0.5545	
0.77	2.1432	0.6001	
0.78	2.0711	0.6683	
0.79	1.71	0.7457	
0.8	1.7581	0.8231	
0.81	1.5395	0.813	
0.82	1.4094	0.8944	
0.83	1.3074	1.0851	
0.84	1.1493	1.2231	
0.85	0.989	1.2855	
0.86	0.9346	1.4864	
0.87	0.7999	1.415	
0.88	0.661	1.6597	
0.89	0.5314	1.6207	
0.9	0.5209	1.5948	
0.91	0.4607	1.6082	
0.92	0.3936	1.809	
0.93	0.3698	1.8997	
0.94	0.297	1.9775	
0.95	0.3155	1.7429	
0.96	0.309	1.6533	
0.97	0.3598	1.8206	
0.98	0.3476	1.782	
0.99	0.3802	1.6597	
1.0	0.4304	1.3741	
1.01	0.5433	1.399	
1.02	0.6063	1.1494	
1.03	0.5921	1.0431	
1.04	0.6976	0.8988	
1.05	0.7673	0.6918	
1.06	0.8019	0.4551	
1.07	0.8584	0.336	
1.08	0.9441	0.1415	
1.09	1.1374	-0.0479	
1.1	1.2097	-0.2353	
1.11	1.101	-0.381	
1.12	1.2151	-0.5247	
1.13	1.2897	-0.6441	
1.14	1.3503	-0.8018	
1.15	1.2469	-0.8495	
1.16	1.4304	-0.8754	
1.17	1.4624	-0.8917	
1.18	1.2937	-1.0434	
1.19	1.2408	-0.9687	
1.2	1.3426	-0.8082	
1.21	1.0843	-0.7464	
1.22	1.1762	-0.709	
1.23	1.129	-0.6154	
1.24	0.9129	-0.4628	
1.25	0.7736	-0.2484	
1.26	0.6626	-0.0654	
1.27	0.5907	0.1361	
1.28	0.4657	0.3791	
1.29	0.2651	0.6432	
1.3	0.1301	0.8263	
1.31	-0.0273	1.1075	
1.32	-0.1677	1.4046	
1.33	-0.3761	1.4841	
1.34	-0.5186	1.9326	
1.35	-0.6913	2.1708	
1.36	-0.8684	2.2149	
1.37	-0.929	2.1985	
1.38	-1.1237	2.7172	
1.39	-1.3039	2.6443	
1.4	-1.3147	2.9997	
1.41	-1.3856	2.8656	
1.42	-1.6426	3.1096	
1.43	-1.6469	2.8541	
1.44	-1.6217	2.8236	
1.45	-1.8664	3.1153	
1.46	-1.616	2.6481	
1.47	-1.8771	2.7259	
1.48	-1.6469	2.7625	
1.49	-1.7886	2.4319	
1.5	-1.7636	2.4259	
1.51	-1.8481	2.0677	
1.52	-1.749	2.0713	
1.53	-1.425	1.6573	
1.54	-1.6223	1.6037	
1.55	-1.4002	1.1711	
1.56	-1.374	1.0572	
1.57	-1.1792	0.8783	
1.58	-1.1981	0.6361	
1.59	-0.978	0.4628	
1.6	-1.0038	0.3075	
1.61	-0.8478	0.1266	
1.62	-0.7264	-0.0262	
1.63	-0.6984	-0.1498	
1.64	-0.6418	-0.2663	
1.65	-0.5035	-0.3108	
1.66	-0.4563	-0.3668	
1.67	-0.4347	-0.4267	
1.68	-0.3634	-0.4079	
1.69	-0.3429	-0.4004	
1.7	-0.3066	-0.3675	
1.71	-0.2564	-0.3519	
1.72	-0.2848	-0.2459	
1.73	-0.2918	-0.1859	
1.74	-0.2922	-0.0624	
1.75	-0.3649	0.048	
1.76	-0.4449	0.1735	
1.77	-0.5063	0.272	
1.78	-0.5149	0.423	
1.79	-0.69	0.5254	
1.8	-0.6784	0.701	
1.81	-0.8833	0.7517	
1.82	-0.9322	0.8813	
1.83	-0.9712	1.0386	
1.84	-1.1356	1.2478	
1.85	-1.2776	1.1313	
1.86	-1.3693	1.2777	
1.87	-1.6103	1.313	
1.88	-1.6678	1.4533	
1.89	-1.6646	1.5667	
1.9	-1.8499	1.5712	
1.91	-1.7966	1.3475	
1.92	-1.835	1.5115	
1.93	-2.2274	1.3049	
1.94	-2.295	1.3312	
1.95	-2.0276	1.3546	
1.96	-2.0896	1.2906	
1.97	-2.3933	1.379	
1.98	-2.0571	1.3104	
1.99	-1.9777	1.1292	
2.0	-2.0835	1.0433	
2.01	-1.9989	0.9641	
2.02	-1.9487	1.1039	
2.03	-1.8505	1.0526	
2.04	-2.0797	0.9183	
2.05	-1.8832	0.8954	
2.06	-1.6529	0.986	
2.07	-1.6409	0.8729	
2.08	-1.5628	0.9559	
2.09	-1.3263	1.0542	
2.1	-1.1556	0.9498	
2.11	-0.9666	0.9549	
2.12	-0.9697	0.9978	
2.13	-0.7244	1.1999	
2.14	-0.6218	1.3254	
2.15	-0.5141	1.3743	
2.16	-0.4063	1.467	
2.17	-0.24	1.4918	
2.18	-0.1395	1.6427	
2.19	-0.041	1.7589	
2.2	0.051	1.5594	
2.21	0.1508	1.6107	
2.22	0.2332	1.7345	
2.23	0.2921	1.8337	
2.24	0.3137	1.6197	
2.25	0.3197	1.8107	
2.26	0.3766	1.7547	
2.27	0.3549	1.8411	
2.28	0.3557	1.5852	
2.29	0.3581	1.6257	
2.3	0.3032	1.5882	
2.31	0.2455	1.2782	
2.32	0.1914	1.2914	
2.33	0.1464	1.1316	
2.34	0.0647	0.9571	
2.35	-0.0225	0.7782	
2.36	-0.1002	0.5779	
2.37	-0.1895	0.4581	
2.38	-0.2689	0.2777	
2.39	-0.3782	0.0958	
2.4	-0.5184	-0.077	
2.41	-0.592	-0.2663	
2.42	-0.6364	-0.3889	
2.43	-0.7091	-0.5234	
2.44	-0.8696	-0.6081	
2.45	-0.9385	-0.8198	
2.46	-0.9516	-0.8269	
2.47	-0.9903	-0.9592	
2.48	-1.1007	-0.9244	
2.49	-0.9948	-0.9278	
2.5	-1.0894	-0.8833	
2.51	-1.089	-0.9423	
2.52	-1.0235	-0.7342	
2.53	-0.9739	-0.7356	
2.54	-0.9755	-0.5988	
2.55	-0.82	-0.4288	
2.56	-0.8407	-0.2449	
2.57	-0.7572	-0.086	
2.58	-0.6024	0.1265	
2.59	-0.4852	0.3566	
2.6	-0.4299	0.5001	
2.61	-0.2857	0.7919	
2.62	-0.1627	0.9781	
2.63	-0.029	1.1949	
2.64	0.1156	1.4479	
2.65	0.2474	1.6281	
2.66	0.403	1.9991	
2.67	0.4521	2.1834	
2.68	0.5846	2.1589	
2.69	0.7998	2.1769	
2.7	0.8662	2.4797	
2.71	1.0169	2.6168	
2.72	1.0318	2.7355	
2.73	1.0972	2.7043	
2.74	1.1521	2.4847	
2.75	1.2966	2.3404	
2.76	1.342	2.3874	
2.77	1.2143	2.269	
2.78	1.371	2.5279	
2.79	1.2517	2.155	
2.8	1.3058	1.9698	
2.81	1.1962	1.758	
2.82	1.1401	1.7304	
2.83	1.148	1.27	
2.84	1.0175	1.1227	
2.85	1.002	0.9883	
2.86	0.911	0.7469	
2.87	0.8745	0.4819	
2.88	0.7607	0.247	
2.89	0.7041	0.0204	
2.9	0.4905	-0.2065	
2.91	0.4032	-0.4024	
2.92	0.2933	-0.5468	
2.93	0.1814	-0.7649	
2.94	0.0472	-0.9281	
2.95	-0.0563	-1.035	
2.96	-0.1579	-1.1184	
2.97	-0.2861	-1.1791	
2.98	-0.3714	-1.0641	
2.99	-0.452	-1.2229	
3.0	-0.5404	-1.0316	
3.01	-0.5469	-1.2066	
3.02	-0.5868	-1.1404	
3.03	-0.6186	-0.9035	
3.04	-0.6495	-0.827	
3.05	-0.6796	-0.7762	
3.06	-0.6768	-0.6465	
3.07	-0.5806	-0.5011	
3.08	-0.6434	-0.3562	
3.09	-0.5252	-0.2016	
3.1	-0.4665	-0.0807	
3.11	-0.4035	0.0727	
3.12	-0.3341	0.2241	
3.13	-0.2461	0.3546	
3.14	-0.1676	0.4246	
3.15	-0.0706	0.5083	
3.16	0.0359	0.6724	
3.17	0.1322	0.7315	
3.18	0.2668	0.7717	
3.19	0.3288	0.7747	
3.2	0.4603	0.9453	
3.21	0.5987	0.85	
3.22	0.7164	0.9345	
3.23	0.6968	0.8425	
3.24	0.8091	0.8721	
3.25	0.9631	0.8318	
3.26	0.9674	0.7532	
3.27	1.0744	0.7214	
3.28	0.991	0.6913	
3.29	1.0911	0.6247	
3.3	1.0011	0.5397	
3.31	1.0582	0.4501	
3.32	1.1475	0.3513	
3.33	1.0227	0.3288	
3.34	0.9187	0.2209	
3.35	0.9206	0.1934	
3.36	0.9564	0.1565	
3.37	0.7219	0.1274	
3.38	0.7009	0.1007	
3.39	0.566	0.0866	
3.4	0.5144	0.0826	
3.41	0.3766	0.0848	
3.42	0.2313	0.1144	
3.43	0.1439	0.148	
3.44	0.007	0.186	
3.45	-0.1285	0.2315	
3.46	-0.2623	0.2663	
3.47	-0.3282	0.3218	
3.48	-0.4923	0.3807	
3.49	-0.531	0.4736	
3.5	-0.7403	0.4597	
3.51	-0.7447	0.5731	
3.52	-0.809	0.6283	
3.53	-0.8699	0.5719	
3.54	-0.9046	0.6764	
3.55	-0.9826	0.679	
3.56	-1.047	0.5795	
3.57	-0.9784	0.5484	
3.58	-1.1453	0.531	
3.59	-1.0578	0.4905	
3.6	-1.0538	0.4537	
3.61	-1.0187	0.3155	
3.62	-0.9668	0.2574	
3.63	-0.9242	0.11	
3.64	-0.8037	-0.0166	
3.65	-0.7003	-0.1515	
3.66	-0.5731	-0.2837	
3.67	-0.4471	-0.4587	
3.68	-0.3804	-0.5909	
3.69	-0.2336	-0.852	
3.7	-0.1294	-0.9293	
3.71	-0.012	-1.0765	
3.72	0.1211	-1.1921	
3.73	0.2315	-1.4319	
3.74	0.3483	-1.5146	
3.75	0.5	-1.5168	
3.76	0.6161	-1.6558	
3.77	0.634	-1.8816	
3.78	0.742	-1.8315	
3.79	0.8958	-1.9517	
3.8	0.99	-1.93	
3.81	0.8728	-1.9853	
3.82	0.9441	-1.9238	
3.83	1.0651	-1.8287	
3.84	1.0191	-1.5714	
3.85	1.005	-1.4735	
3.86	1.0088	-1.4066	
3.87	1.0376	-1.1201	
3.88	0.9624	-0.9082	
3.89	0.9869	-0.7367	
3.9	0.8609	-0.5617	
3.91	0.7291	-0.3941	
3.92	0.6708	-0.1701	
3.93	0.6089	0.0559	
3.94	0.4848	0.263	
3.95	0.4525	0.5198	
3.96	0.3643	0.7239	
3.97	0.243	0.8343	
3.98	0.1404	1.0995	
3.99	0.0295	1.0986	
4.0	-0.0666	1.3628	
4.01	-0.1745	1.3758	
4.02	-0.2571	1.4533	
4.03	-0.3445	1.6168	
4.04	-0.37	1.4421	
4.05	-0.496	1.4058	
4.06	-0.4865	1.547	
4.07	-0.4905	1.3679	
4.08	-0.5202	1.1698	
4.09	-0.6155	1.0507	
4.1	-0.5376	1.0089	
4.11	-0.5023	0.8589	
4.12	-0.5253	0.6008	
4.13	-0.485	0.3573	
4.14	-0.4044	0.1527	
4.15	-0.344	-0.0739	
4.16	-0.2787	-0.3172	
4.17	-0.157	-0.5406	
4.18	-0.0519	-0.83	
4.19	0.0601	-0.9877	
4.2	0.1662	-1.284	
4.21	0.3163	-1.3476	
4.22	0.4089	-1.5942	
4.23	0.5477	-1.9318	
4.24	0.6816	-2.0813	
4.25	0.8884	-2.1887	
4.26	0.8951	-2.2762	
4.27	1.0051	-2.4038	
4.28	1.1545	-2.3864	
4.29	1.3659	-2.4057	
4.3	1.4937	-2.5199	
4.31	1.6177	-2.5412	
4.32	1.5971	-2.2739	
4.33	1.7063	-2.3249	
4.34	1.6104	-2.0442	
4.35	1.8682	-1.8256	
4.36	1.8296	-1.8367	
4.37	1.9234	-1.6812	
4.38	1.9756	-1.7053	
4.39	1.8353	-1.3586	
4.4	1.676	-1.3644	
4.41	1.8345	-1.2076	
4.42	1.7721	-0.9963	
4.43	1.5643	-0.7641	
4.44	1.4977	-0.5775	
4.45	1.5545	-0.4535	
4.46	1.5157	-0.3462	
4.47	1.2394	-0.2428	
4.48	1.1402	-0.1697	
4.49	1.0324	-0.0801	
4.5	1.005	-0.0205	
4.51	0.7898	0.0251	
4.52	0.7664	0.0485	
4.53	0.6547	0.06	
4.54	0.4634	0.0517	
4.55	0.3693	0.0254	
4.56	0.2802	-0.0155	
4.57	0.203	-0.0648	
4.58	0.1273	-0.1266	
4.59	0.064	-0.1856	
4.6	0.0093	-0.264	
4.61	-0.0347	-0.3323	
4.62	-0.067	-0.4476	
4.63	-0.0905	-0.5241	
4.64	-0.086	-0.5906	
4.65	-0.0822	-0.653	
4.66	-0.0599	-0.711	
4.67	-0.0188	-0.7266	
4.68	0.026	-0.8391	
4.69	0.0835	-0.8073	
4.7	0.1536	-0.9101	
4.71	0.2078	-0.8685	
4.72	0.2993	-0.8762	
4.73	0.4365	-0.9425	
4.74	0.5205	-0.8333	
4.75	0.5555	-0.9428	
4.76	0.6782	-0.8239	
4.77	0.7759	-0.7618	
4.78	0.8848	-0.794	
4.79	0.9257	-0.7119	
4.8	1.1741	-0.6023	
4.81	1.1821	-0.5797	
4.82	1.2391	-0.5124	
4.83	1.3517	-0.5658	
4.84	1.4303	-0.529	
4.85	1.5361	-0.4316	
4.86	1.3268	-0.4939	
4.87	1.604	-0.4472	
4.88	1.5338	-0.458	
4.89	1.3471	-0.4774	
4.9	1.3635	-0.5021	
4.91	1.5242	-0.5864	
4.92	1.3213	-0.6621	
4.93	1.2294	-0.6791	
4.94	1.2353	-0.8984	
4.95	1.1616	-0.9603	
4.96	1.0226	-1.0793	
4.97	0.9495	-1.0802	
4.98	0.8119	-1.4213	
4.99	0.6952	-1.3794	
5.0	0.5606	-1.4714	
5.01	0.369	-1.7096	
5.02	0.2103	-1.7773	
5.03	0.076	-2.1298	
5.04	-0.0644	-2.062	
5.05	-0.2218	-1.9936	
5.06	-0.3706	-2.117	
5.07	-0.5145	-2.2202	
5.08	-0.6169	-2.3741	
5.09	-0.7729	-2.2415	
5.1	-0.9182	-2.2786	
5.11	-0.9782	-2.3425	
5.12	-1.0123	-2.5427	
5.13	-1.2704	-2.2609	
5.14	-1.3739	-2.0354	
5.15	-1.3983	-2.276	
5.16	-1.427	-1.8474	
5.17	-1.4531	-1.852	
5.18	-1.3672	-1.764	
5.19	-1.4551	-1.4121	
5.2	-1.4006	-1.2054	
5.21	-1.2893	-0.9911	
5.22	-1.3989	-0.7936	
5.23	-1.2052	-0.6418	
5.24	-1.1657	-0.4249	
5.25	-1.1114	-0.2265	
5.26	-1.2492	-0.0093	
5.27	-1.1575	0.1806	
5.28	-1.0438	0.3354	
5.29	-0.8637	0.523	
5.3	-0.7418	0.6601	
5.31	-0.7758	0.8048	
5.32	-0.6912	0.9309	
5.33	-0.5383	0.9801	
5.34	-0.5324	0.9407	
5.35	-0.404	0.9347	
5.36	-0.3489	0.8952	
5.37	-0.3239	0.9041	
5.38	-0.267	0.814	
5.39	-0.2915	0.7636	
5.4	-0.2398	0.5204	
5.41	-0.2639	0.3766	
5.42	-0.2422	0.2256	
5.43	-0.2797	0.0363	
5.44	-0.3324	-0.1728	
5.45	-0.4108	-0.3875	
5.46	-0.4149	-0.6464	
5.47	-0.4745	-0.836	
5.48	-0.6639	-1.1989	
5.49	-0.635	-1.4715	
5.5	-0.7516	-1.5225	
5.51	-0.8474	-1.9415	
5.52	-1.0461	-1.8208	
5.53	-1.2184	-2.3234	
5.54	-1.3425	-2.4235	
5.55	-1.5713	-2.4588	
5.56	-1.5121	-2.4846	
5.57	-1.8251	-2.4453	
5.58	-1.7342	-2.659	
5.59	-2.1614	-2.664	
5.6	-2.1927	-3.012	
5.61	-2.3732	-3.0019	
5.62	-2.3743	-2.9349	
5.63	-2.5294	-2.4795	
5.64	-2.591	-2.4897	
5.65	-2.8354	-2.3513	
5.66	-2.4946	-2.3635	
5.67	-2.5152	-2.2616	
5.68	-2.5645	-1.954	
5.69	-2.5873	-1.8214	
5.7	-2.8703	-1.4962	
5.71	-2.7038	-1.3565	
5.72	-2.9181	-1.2335	
5.73	-2.3885	-0.9763	
5.74	-2.4883	-0.7717	
5.75	-2.3638	-0.5798	
5.76	-2.3096	-0.4892	
5.77	-2.4849	-0.3011	
5.78	-2.2726	-0.1785	
5.79	-2.2487	-0.0764	
5.8	-2.061	0.0247	
5.81	-1.9143	0.1005	
5.82	-1.8524	0.1649	
5.83	-1.592	0.217	
5.84	-1.5202	0.2032	
5.85	-1.4242	0.2306	
5.86	-1.2479	0.183	
5.87	-1.0822	0.1724	
5.88	-1.0788	0.1088	
5.89	-0.9346	0.0566	
5.9	-0.7611	-0.0206	
5.91	-0.6308	-0.1066	
5.92	-0.5561	-0.1833	
5.93	-0.5285	-0.2735	
5.94	-0.4737	-0.3395	
5.95	-0.4411	-0.4071	
5.96	-0.3928	-0.5331	
5.97	-0.4252	-0.5666	
5.98	-0.4429	-0.7166	
5.99	-0.3995	-0.6671	
6.0	-0.4145	-0.7407	
6.01	-0.4896	-0.8123	
6.02	-0.4762	-0.8403	
6.03	-0.5192	-0.8382	
6.04	-0.5925	-0.9181	
6.05	-0.7318	-0.9228	
6.06	-0.71	-0.83	
6.07	-0.9124	-0.7609	
6.08	-0.9872	-0.7616	
6.09	-1.1129	-0.7019	
6.1	-0.9939	-0.6879	
6.11	-1.1562	-0.5892	
6.12	-1.1982	-0.5571	
6.13	-1.3701	-0.4958	
6.14	-1.373	-0.4927	
6.15	-1.4254	-0.4589	
6.16	-1.3631	-0.3849	
6.17	-1.5852	-0.3769	
6.18	-1.4599	-0.3672	
6.19	-1.5468	-0.3223	
6.2	-1.4301	-0.3611	
6.21	-1.4865	-0.3413	
6.22	-1.336	-0.3793	
6.23	-1.3772	-0.4395	
6.24	-1.3108	-0.5074	
6.25	-1.3569	-0.5081	
6.26	-1.1209	-0.6657	
6.27	-1.1026	-0.7144	
6.28	-0.9198	-0.753	
6.29	-0.8776	-0.908	
6.3	-0.6917	-1.0568	
6.31	-0.5475	-1.0568	
6.32	-0.3812	-1.1897	
6.33	-0.2054	-1.4406	
6.34	-0.0532	-1.4241	
6.35	0.1172	-1.4023	
6.36	0.2838	-1.6896	
6.37	0.4762	-1.5408	
6.38	0.6224	-1.7064	
6.39	0.718	-1.9237	
6.4	1.0085	-1.8598	
6.41	1.0242	-1.6879	
6.42	1.2888	-1.814	
6.43	1.2946	-1.6763	
6.44	1.5654	-1.5895	
6.45	1.6904	-1.6274	
6.46	1.718	-1.4305	
6.47	1.7599	-1.3007	
6.48	1.8158	-1.0396	
6.49	1.8164	-0.9957	
6.5	1.8515	-0.7445	
6.51	1.9365	-0.5875	
6.52	2.032	-0.3406	
6.53	1.8831	-0.1091	
6.54	1.7293	0.1021	
6.55	1.709	0.2996	
6.56	1.9482	0.4909	
6.57	1.8317	0.6597	
6.58	1.8145	0.8708	
6.59	1.7259	1.0055	
6.6	1.512	1.1566	
6.61	1.4087	1.3201	
6.62	1.3226	1.4552	
6.63	1.2716	1.7036	
6.64	1.0975	1.5161	
6.65	1.0618	1.6428	
6.66	1.036	1.7351	
6.67	1.0217	1.5002	
6.68	0.8738	1.5073	
6.69	0.9332	1.3312	
6.7	0.821	1.3874	
6.71	0.7758	1.3388	
6.72	0.7762	0.9895	
6.73	0.8029	0.8818	
6.74	0.7839	0.7426	
6.75	0.7376	0.426	
6.76	0.799	0.256	
6.77	0.8826	0.0148	
6.78	0.9299	-0.2095	
6.79	0.9624	-0.4681	
6.8	1.0732	-0.6693	
6.81	1.126	-0.8229	
6.82	1.2592	-0.9893	
6.83	1.3902	-1.2764	
6.84	1.4238	-1.3535	
6.85	1.6675	-1.5642	
6.86	1.7618	-1.8216	
6.87	1.9577	-1.8563	
6.88	1.9001	-1.8593	
6.89	2.1313	-1.9057	
6.9	2.1597	-1.8232	
6.91	2.2836	-2.1203	
6.92	2.227	-2.0776	
6.93	2.5293	-1.7781	
6.94	2.8223	-1.8447	
6.95	2.7517	-1.7023	
6.96	2.5688	-1.5857	
6.97	3.0064	-1.3244	
6.98	2.68	-1.1199	
6.99	3.004	-0.9549	
7.0	2.792	-0.7961	
7.01	2.8089	-0.4863	
7.02	2.8332	-0.3223	
7.03	2.7784	-0.0991	
7.04	2.6562	0.1055	
7.05	2.8553	0.3103	
7.06	2.5758	0.4484	
7.07	2.9435	0.6937	
7.08	2.4251	0.8381	
7.09	2.2562	1.0308	
7.1	2.2644	1.0444	
7.11	2.2986	1.185	
7.12	2.318	1.2004	
7.13	2.1348	1.2845	
7.14	1.9699	1.3811	
7.15	1.7689	1.3368	
7.16	1.6711	1.4006	
7.17	1.5166	1.4472	
7.18	1.4105	1.4651	
7.19	1.1469	1.2642	
7.2	1.0657	1.1251	
7.21	0.9705	1.1476	
7.22	0.778	1.1141	
7.23	0.6789	0.9964	
7.24	0.6356	0.9273	
7.25	0.4822	0.7304	
7.26	0.3992	0.626	
7.27	0.3485	0.5014	
7.28	0.3323	0.4677	
7.29	0.2816	0.3607	
7.3	0.3003	0.2867	
7.31	0.2644	0.2314	
7.32	0.276	0.1598	
7.33	0.3037	0.1387	
7.34	0.3604	0.106	
7.35	0.3434	0.0761	
7.36	0.4153	0.0787	
7.37	0.518	0.0777	
7.38	0.4969	0.0982	
7.39	0.6506	0.1412	
7.4	0.7251	0.1558	
7.41	0.6971	0.2203	
7.42	0.7598	0.2428	
7.43	0.8974	0.3218	
7.44	1.0172	0.3926	
7.45	0.9625	0.4708	
7.46	1.0555	0.5087	
7.47	1.0883	0.4918	
7.48	1.0766	0.6056	
7.49	1.2482	0.6365	
7.5	1.3383	0.6416	
7.51	1.2454	0.6852	
7.52	1.1564	0.5928	
7.53	1.1893	0.6662	
7.54	1.1312	0.6387	
7.55	1.1891	0.5452	
7.56	1.1008	0.5555	
7.57	1.1036	0.4474	
7.58	0.9287	0.398	
7.59	0.8902	0.3399	
7.6	0.7158	0.2442	
7.61	0.5615	0.1307	
7.62	0.4252	0.045	
7.63	0.3035	-0.0443	
7.64	0.1438	-0.139	
7.65	0.0022	-0.2049	
7.66	-0.1459	-0.302	
7.67	-0.3061	-0.319	
7.68	-0.4675	-0.3841	
7.69	-0.5849	-0.4204	
7.7	-0.8028	-0.5122	
7.71	-0.9452	-0.4625	
7.72	-1.0647	-0.4516	
7.73	-1.2498	-0.4071	
7.74	-1.259	-0.3717	
7.75	-1.4723	-0.3206	
7.76	-1.6606	-0.2337	
7.77	-1.6315	-0.1008	
7.78	-1.8626	0.0245	
7.79	-1.7332	0.175	
7.8	-2.0881	0.3239	
7.81	-2.0717	0.517	
7.82	-1.8717	0.6952	
7.83	-2.1837	0.9393	
7.84	-2.091	1.0221	
7.85	-2.1633	1.3098	
7.86	-2.1042	1.5714	
7.87	-1.9825	1.736	
7.88	-1.9629	1.7981	
7.89	-1.7833	2.1278	
7.9	-1.6501	2.0732	
7.91	-1.6259	2.0895	
7.92	-1.5864	2.4051	
7.93	-1.5387	2.7201	
7.94	-1.3162	2.5144	
7.95	-1.325	2.3828	
7.96	-1.194	2.5462	
7.97	-1.0322	2.5424	
7.98	-0.9692	2.6898	
7.99	-0.998	2.611	
8.0	-0.9008	2.1969	
8.01	-0.7943	2.3841	
8.02	-0.7167	2.0386	
8.03	-0.6268	2.1316	
8.04	-0.6117	1.7462	
8.05	-0.6049	1.6616	
8.06	-0.5522	1.4618	
8.07	-0.6257	1.0149	
8.08	-0.6339	0.9111	
8.09	-0.6072	0.6137	
8.1	-0.658	0.4357	
8.11	-0.6622	0.1682	
8.12	-0.7911	-0.033	
8.13	-0.8993	-0.2387	
8.14	-0.9678	-0.3882	
8.15	-1.037	-0.5924	
8.16	-1.0232	-0.7675	
8.17	-1.0931	-0.8587	
8.18	-1.3966	-1.0432	
8.19	-1.5053	-1.0603	
8.2	-1.5115	-0.9813	
8.21	-1.7123	-1.0214	
8.22	-1.6367	-0.9784	
8.23	-1.9072	-1.068	
8.24	-1.8795	-0.8365	
8.25	-1.9906	-0.8243	
8.26	-2.0545	-0.6887	
8.27	-2.1143	-0.5282	
8.28	-2.4876	-0.336	
8.29	-2.4849	-0.163	
8.3	-2.1895	0.0482	
8.31	-2.6934	0.232	
8.32	-2.2789	0.4325	
8.33	-2.5716	0.6275	
8.34	-2.3604	0.858	
8.35	-2.5396	1.1977	
8.36	-2.4502	1.3215	
8.37	-2.1253	1.3737	
8.38	-2.0815	1.5824	
8.39	-2.1738	1.809	
8.4	-2.0651	1.803	
8.41	-2.0581	2.0932	
8.42	-1.9352	2.2593	
8.43	-1.6054	2.4023	
8.44	-1.5492	2.1456	
8.45	-1.5422	2.4354	
8.46	-1.3766	2.27	
8.47	-1.1194	2.5534	
8.48	-1.1421	2.1804	
8.49	-0.9374	2.1057	
8.5	-0.8352	2.2793	
8.51	-0.5886	1.9214	
8.52	-0.5176	1.8723	
8.53	-0.3748	1.9255	
8.54	-0.2704	1.8121	
8.55	-0.148	1.7658	
8.56	-0.0494	1.5228	
8.57	0.0374	1.3793	
8.58	0.1036	1.15	
8.59	0.1534	1.13	
8.6	0.2277	0.9938	
8.61	0.2359	1.0027	
8.62	0.2671	0.7673	
8.63	0.2453	0.6816	
8.64	0.2761	0.7296	
8.65	0.2145	0.6807	
8.66	0.2104	0.6158	
8.67	0.1526	0.591	
8.68	0.1119	0.5023	
8.69	0.0416	0.533	
8.7	-0.0338	0.5886	
8.71	-0.1161	0.5385	
8.72	-0.1753	0.5681	
8.73	-0.263	0.6399	
8.74	-0.3799	0.7045	
8.75	-0.4374	0.7528	
8.76	-0.4855	0.8588	
8.77	-0.6133	0.9364	
8.78	-0.7181	0.9847	
8.79	-0.7555	1.0269	
8.8	-0.8899	0.9615	
8.81	-0.7851	1.0738	
8.82	-0.9176	1.0658	
8.83	-0.9056	0.9604	
8.84	-0.9707	1.0942	
8.85	-0.9545	1.1049	
8.86	-0.9949	0.934	
8.87	-0.954	0.9715	
8.88	-0.8696	0.8333	
8.89	-0.9142	0.8178	
8.9	-0.8245	0.7958	
8.91	-0.7111	0.7371	
8.92	-0.5972	0.5941	
8.93	-0.5426	0.5981	
8.94	-0.3954	0.4677	
8.95	-0.2642	0.3675	
8.96	-0.1675	0.338	
8.97	-0.0232	0.2238	
8.98	0.1076	0.173	
8.99	0.2705	0.1366	
9.0	0.403	0.0894	
9.01	0.5353	0.0547	
9.02	0.6797	0.0485	
9.03	0.7705	0.0494	
9.04	1.0135	0.0766	
9.05	1.0545	0.0998	
9.06	1.1448	0.1541	
9.07	1.3958	0.2248	
9.08	1.2586	0.3241	
9.09	1.4302	0.4822	
9.1	1.3931	0.5537	
9.11	1.6838	0.7588	
9.12	1.4864	0.8741	
9.13	1.7925	1.0772	
9.14	1.6272	1.1286	
9.15	1.7786	1.3298	
9.16	1.619	1.3826	
9.17	1.5566	1.7946	
9.18	1.5194	1.8137	
9.19	1.5205	2.1049	
9.2	1.2922	2.0311	
9.21	1.481	2.3119	
9.22	1.3347	2.5923	
9.23	1.1259	2.6922	
9.24	1.1412	2.5606	
9.25	0.9463	2.6545	
9.26	0.8102	2.574	
9.27	0.7214	2.3464	
9.28	0.5669	2.6716	
9.29	0.5365	2.5097	
9.3	0.4071	2.2375	
9.31	0.2783	2.5129	
9.32	0.1758	2.1923	
9.33	0.0821	1.8373	
9.34	0.0081	1.7694	
9.35	-0.0586	1.6664	
9.36	-0.1357	1.2548	
9.37	-0.1895	1.1828	
9.38	-0.2128	0.8558	
9.39	-0.2289	0.7293	
9.4	-0.2232	0.4591	
9.41	-0.2369	0.1949	
9.42	-0.2248	-0.025	
9.43	-0.2078	-0.2199	
9.44	-0.1544	-0.4561	
9.45	-0.0934	-0.664	
9.46	-0.0283	-0.7532	
9.47	0.044	-1.0157	
9.48	0.1375	-1.1447	
9.49	0.2007	-1.0633	
9.5	0.3244	-1.2338	
9.51	0.422	-1.1256	
9.52	0.4908	-1.2469	
9.53	0.5848	-1.1399	
9.54	0.7993	-1.2726	
9.55	0.901	-1.0877	
9.56	0.9818	-1.0454	
9.57	1.1504	-0.9074	
9.58	1.1239	-0.6198	
9.59	1.3212	-0.5171	
9.6	1.4019	-0.3179	
9.61	1.2711	-0.1026	
9.62	1.4464	0.1098	
9.63	1.593	0.3189	
9.64	1.6099	0.5497	
9.65	1.4679	0.74	
9.66	1.4698	0.9956	
9.67	1.6152	1.1475	
9.68	1.3923	1.349	
9.69	1.2959	1.5315	
9.7	1.2521	1.556	
9.71	1.1981	1.7242	
9.72	1.1775	2.0712	
9.73	1.0721	1.8975	
9.74	1.0297	2.0216	
9.75	0.8162	2.0317	
9.76	0.7543	2.3135	
9.77	0.6302	2.1568	
9.78	0.5316	2.0464	
9.79	0.3771	2.0877	
9.8	0.2181	2.0214	
9.81	0.1183	1.8131	
9.82	-0.0184	1.722	
9.83	-0.1432	1.7187	
9.84	-0.2838	1.4971	
9.85	-0.3499	1.2551	
9.86	-0.4656	1.2185	
9.87	-0.5229	0.9531	
9.88	-0.5923	0.9294	
9.89	-0.6659	0.7667	
9.9	-0.8341	0.5309	
9.91	-0.8278	0.3974	
9.92	-0.8373	0.2693	
9.93	-0.9536	0.1492	
9.94	-0.9533	0.0506	
9.95	-0.8495	-0.0373	
9.96	-0.9141	-0.1149	
9.97	-0.8201	-0.1906	
9.98	-0.7493	-0.2037	
9.99	-0.6282	-0.2518	
10.0	-0.6076	-0.2376	
10.01	-0.4682	-0.2556	
10.02	-0.3855	-0.2478	
10.03	-0.3328	-0.2108	
10.04	-0.1914	-0.2038	
10.05	-0.091	-0.1407	
10.06	0.0117	-0.1001	
10.07	0.1263	-0.0434	
10.08	0.2426	0.0077	
10.09	0.3431	0.0561	
10.1	0.4361	0.1005	
10.11	0.5601	0.1445	
10.12	0.6982	0.2037	
10.13	0.6933	0.2427	
10.14	0.8029	0.2195	
10.15	0.8571	0.2688	
10.16	0.9725	0.2389	
10.17	1.0388	0.261	
10.18	0.9126	0.2177	
10.19	1.0439	0.1912	
10.2	0.9513	0.1504	
10.21	0.9229	0.079	
10.22	0.8845	0.0239	
10.23	0.8615	-0.0397	
10.24	0.7944	-0.1175	
10.25	0.8124	-0.1786	
10.26	0.6502	-0.2405	
10.27	0.6334	-0.354	
10.28	0.5389	-0.434	
10.29	0.4061	-0.4655	
10.3	0.3143	-0.5367	
10.31	0.2241	-0.5468	
10.32	0.1013	-0.569	
10.33	-0.0175	-0.6185	
10.34	-0.1413	-0.6424	
10.35	-0.2576	-0.553	
10.36	-0.3575	-0.6014	
10.37	-0.4017	-0.5164	
10.38	-0.5403	-0.4595	
10.39	-0.6588	-0.3734	
10.4	-0.6636	-0.336	
10.41	-0.7882	-0.1815	
10.42	-0.8561	-0.074	
10.43	-0.7733	0.0521	
10.44	-0.9034	0.1695	
10.45	-0.8314	0.3579	
10.46	-0.8637	0.4947	
10.47	-0.8529	0.6351	
10.48	-0.7795	0.7013	
10.49	-0.7799	0.9485	
10.5	-0.6503	1.0128	
10.51	-0.5934	1.1712	
10.52	-0.5035	1.1891	
10.53	-0.4375	1.3669	
10.54	-0.363	1.2922	
10.55	-0.2382	1.3881	
10.56	-0.0925	1.6452	
10.57	0.0211	1.4132	
10.58	0.1623	1.3966	
10.59	0.2974	1.3382	
10.6	0.4058	1.4412	
10.61	0.5576	1.3305	
10.62	0.6457	1.0704	
10.63	0.7163	0.9758	
10.64	0.8575	0.8441	
10.65	1.0121	0.6431	
10.66	1.1646	0.4069	
10.67	1.2142	0.1868	
10.68	1.2754	-0.0368	
10.69	1.3779	-0.2513	
10.7	1.2501	-0.4711	
10.71	1.3327	-0.6748	
10.72	1.4056	-0.888	
10.73	1.3382	-1.2228	
10.74	1.5009	-1.3319	
10.75	1.5337	-1.7538	
10.76	1.3208	-1.9169	
10.77	1.1804	-1.9343	
10.78	1.2838	-2.2193	
10.79	1.1601	-2.2742	
10.8	1.1739	-2.3703	
10.81	0.9959	-2.4754	
10.82	0.8913	-2.1089	
10.83	0.8376	-2.1954	
10.84	0.6614	-2.5021	
10.85	0.5699	-2.1694	
10.86	0.4345	-2.2677	
10.87	0.3284	-2.1631	
10.88	0.2538	-1.9342	
10.89	0.1369	-1.6116	
10.9	0.0235	-1.5661	
10.91	-0.0695	-1.4208	
10.92	-0.1638	-1.0886	
10.93	-0.2378	-0.7798	
10.94	-0.3302	-0.5897	
10.95	-0.3359	-0.4043	
10.96	-0.3765	-0.204	
10.97	-0.4816	0.0256	
10.98	-0.4708	0.2217	
10.99	-0.4255	0.3972	
11.0	-0.4467	0.6027	
11.01	-0.426	0.7275	
11.02	-0.3802	0.8055	
11.03	-0.3217	0.9371	
11.04	-0.2688	1.0408	
11.05	-0.2377	1.1989	
11.06	-0.1628	1.0819	
11.07	-0.0583	1.1508	
11.08	0.0341	1.2312	
11.09	0.1372	1.1385	
11.1	0.2332	0.9682	
11.11	0.3486	0.979	
11.12	0.4925	0.773	
11.13	0.5124	0.6238	
11.14	0.643	0.5146	
11.15	0.7173	0.3783	
11.16	0.9294	0.2316	
11.17	1.0381	0.0413	
11.18	1.0077	-0.1293	
11.19	1.1264	-0.3042	
11.2	1.2571	-0.4414	
11.21	1.2942	-0.6586	
11.22	1.1336	-0.8162	
11.23	1.3806	-1.0454	
11.24	1.3879	-1.153	
11.25	1.3678	-1.1009	
11.26	1.1591	-1.2268	
11.27	1.1646	-1.3482	
11.28	1.2066	-1.55	
11.29	1.129	-1.3601	
11.3	1.001	-1.6078	
11.31	0.9002	-1.4419	
11.32	0.7502	-1.5902	
11.33	0.6319	-1.6424	
11.34	0.6023	-1.6087	
11.35	0.4651	-1.4112	
11.36	0.2877	-1.3139	
11.37	0.1612	-1.4061	
11.38	0.0301	-1.2479	
11.39	-0.1161	-1.2785	
11.4	-0.2585	-1.0673	
11.41	-0.3712	-1.0838	
11.42	-0.5307	-0.9952	
11.43	-0.663	-1.049	
11.44	-0.8021	-0.9923	
11.45	-0.946	-0.8944	
11.46	-1.1109	-0.85	
11.47	-1.0043	-0.8612	
11.48	-1.1178	-0.7209	
11.49	-1.255	-0.7795	
11.5	-1.3801	-0.8096	
11.51	-1.2645	-0.8976	
11.52	-1.3797	-0.7917	
11.53	-1.2963	-0.9578	
11.54	-1.4334	-0.9986	
11.55	-1.5266	-1.0575	
11.56	-1.3662	-1.1097	
11.57	-1.4428	-1.0078	
11.58	-1.3106	-1.1596	
11.59	-1.1967	-1.3171	
11.6	-1.288	-1.2052	
11.61	-1.1902	-1.3211	
11.62	-1.0762	-1.2739	
11.63	-0.88	-1.4426	
11.64	-0.7966	-1.2627	
11.65	-0.6907	-1.3298	
11.66	-0.6496	-1.4906	
11.67	-0.6008	-1.2635	
11.68	-0.5071	-1.337	
11.69	-0.4339	-1.2528	
11.7	-0.3503	-1.1733	
11.71	-0.2776	-1.1047	
11.72	-0.2133	-1.041	
11.73	-0.1742	-1.0128	
11.74	-0.1108	-0.8821	
11.75	-0.0899	-0.7189	
11.76	-0.0768	-0.5596	
11.77	-0.0912	-0.3829	
11.78	-0.0974	-0.2657	
11.79	-0.1288	-0.1459	
11.8	-0.1707	-0.0232	
11.81	-0.2177	0.1043	
11.82	-0.267	0.2175	
11.83	-0.3675	0.3187	
11.84	-0.4594	0.415	
11.85	-0.5524	0.4138	
11.86	-0.6812	0.5007	
11.87	-0.8169	0.5101	
11.88	-0.9696	0.4816	
11.89	-0.9439	0.4489	
11.9	-1.1376	0.4388	
11.91	-1.2281	0.3634	
11.92	-1.4574	0.2646	
11.93	-1.6672	0.143	
11.94	-1.6003	-0.0046	
11.95	-1.8965	-0.179	
11.96	-1.8643	-0.3282	
11.97	-2.1028	-0.5211	
11.98	-2.3097	-0.785	
11.99	-2.3867	-0.9767	
12.0	-2.2011	-1.1748	
12.01	-2.5237	-1.2676	
12.02	-2.433	-1.5612	
12.03	-2.4199	-1.8642	
12.04	-2.3375	-2.0175	
12.05	-2.584	-2.2912	
12.06	-2.4712	-2.624	
12.07	-2.4719	-2.6691	
12.08	-2.5712	-2.4565	
12.09	-2.3412	-2.8152	
12.1	-2.3157	-2.6603	
12.11	-2.2961	-2.7365	
12.12	-2.1742	-2.6829	
12.13	-1.7935	-2.7196	
12.14	-1.7481	-3.005	
12.15	-1.896	-2.5947	
12.16	-1.6408	-2.6368	
12.17	-1.4094	-2.5133	
12.18	-1.2872	-2.5572	
12.19	-1.1702	-2.2271	
12.2	-1.2115	-1.9696	
12.21	-1.0374	-2.0676	
12.22	-0.9427	-1.7702	
12.23	-0.7567	-1.4259	
12.24	-0.6958	-1.1835	
12.25	-0.5648	-0.9535	
12.26	-0.4766	-0.8256	
12.27	-0.368	-0.5485	
12.28	-0.3272	-0.3839	
12.29	-0.265	-0.1378	
12.3	-0.186	0.0566	
12.31	-0.162	0.2641	
12.32	-0.1448	0.4019	
12.33	-0.1439	0.5358	
12.34	-0.1338	0.6	
12.35	-0.176	0.7486	
12.36	-0.2071	0.7136	
12.37	-0.2306	0.7674	
12.38	-0.2978	0.833	
12.39	-0.338	0.8407	
12.4	-0.4504	0.7797	
12.41	-0.5168	0.6518	
12.42	-0.5493	0.5334	
12.43	-0.6669	0.4837	
12.44	-0.7635	0.3171	
12.45	-0.8689	0.1697	
12.46	-0.8108	-0.0063	
12.47	-1.0402	-0.1695	
12.48	-1.0805	-0.3347	
12.49	-1.0383	-0.4928	
12.5	-1.1393	-0.7491	
12.51	-1.265	-0.8509	
12.52	-1.2794	-1.0643	
12.53	-1.3503	-1.1373	
12.54	-1.2516	-1.2869	
12.55	-1.2927	-1.6342	
12.56	-1.331	-1.7918	
12.57	-1.3346	-1.6897	
12.58	-1.3273	-1.9742	
12.59	-1.1915	-2.0233	
12.6	-1.2083	-1.9112	
12.61	-0.9358	-2.1457	
12.62	-0.9458	-2.0566	
12.63	-0.8912	-1.8491	
12.64	-0.6694	-1.7799	
12.65	-0.5402	-1.901	
12.66	-0.4125	-1.7723	
12.67	-0.2577	-1.7513	
12.68	-0.1264	-1.8106	
12.69	0.0345	-1.5541	
12.7	0.1946	-1.6111	
12.71	0.3981	-1.3146	
12.72	0.5687	-1.2973	
12.73	0.6345	-1.2634	
12.74	0.8335	-1.1306	
12.75	1.027	-1.0217	
12.76	1.1045	-1.0155	
12.77	1.2856	-0.8752	
12.78	1.4872	-0.8004	
12.79	1.379	-0.7045	
12.8	1.5021	-0.7665	
12.81	1.5942	-0.684	
12.82	1.646	-0.7091	
12.83	2.0227	-0.7595	
12.84	2.1002	-0.7443	
12.85	2.0365	-0.7592	
12.86	2.0223	-0.8418	
12.87	2.0796	-0.8552	
12.88	1.9404	-0.9255	
12.89	1.7661	-0.9193	
12.9	1.8013	-0.9721	
12.91	2.0028	-1.0295	
12.92	1.8312	-1.1254	
12.93	1.7629	-0.9746	
12.94	1.7271	-1.1399	
12.95	1.6836	-1.0045	
12.96	1.3895	-1.0922	
12.97	1.3458	-1.001	
12.98	1.3605	-1.1568	
12.99	1.3443	-1.0415	
13.0	1.1978	-0.9794	
13.01	1.0976	-0.988	
13.02	1.0615	-0.8049	
13.03	1.0376	-0.8002	
13.04	0.9198	-0.6733	
13.05	0.9444	-0.5801	
13.06	0.829	-0.405	
13.07	0.7694	-0.3267	
13.08	0.7197	-0.19	
13.09	0.7354	-0.0586	
13.1	0.8014	0.0598	
13.11	0.8595	0.1921	
13.12	0.758	0.3201	
13.13	0.8637	0.4071	
13.14	0.9947	0.4788	
13.15	1.0454	0.5575	
13.16	1.1082	0.6594	
13.17	1.1186	0.6568	
13.18	1.3918	0.7023	
13.19	1.5088	0.7292	
13.2	1.3779	0.6546	
13.21	1.7618	0.5592	
13.22	1.8422	0.5909	
13.23	1.869	0.4502	
13.24	1.9577	0.3317	
13.25	2.2062	0.2101	
13.26	2.3617	0.0869	
13.27	2.1842	-0.074	
13.28	2.4931	-0.2338	
13.29	2.3073	-0.4147	
13.3	2.4956	-0.6594	
13.31	2.8565	-0.7983	
13.32	2.934	-0.9948	
13.33	2.8607	-1.1434	
13.34	2.8149	-1.5571	
13.35	2.8706	-1.5932	
13.36	3.1325	-1.6373	
13.37	2.874	-1.8097	
13.38	2.6576	-2.179	
13.39	2.6837	-2.057	
13.4	2.7785	-2.2702	
13.41	2.8338	-2.4714	
13.42	2.8614	-2.5654	
13.43	2.565	-2.3305	
13.44	2.4197	-2.4583	
13.45	2.3601	-2.3497	
13.46	2.0682	-2.3945	
13.47	2.2356	-2.0392	
13.48	1.8241	-1.7675	
13.49	1.8942	-1.8309	
13.5	1.6532	-1.4759	
13.51	1.6224	-1.4531	
13.52	1.5078	-1.1048	
13.53	1.2217	-0.9371	
13.54	1.0296	-0.6971	
13.55	0.8864	-0.4586	
13.56	0.7767	-0.2265	
13.57	0.7662	0.0336	
13.58	0.6657	0.273	
13.59	0.5324	0.5004	
13.6	0.4449	0.7125	
13.61	0.3834	0.8594	
13.62	0.2757	1.118	
13.63	0.2492	1.1733	
13.64	0.189	1.4416	
13.65	0.1605	1.6491	
13.66	0.1661	1.7186	
13.67	0.1501	1.5677	
13.68	0.1794	1.7787	
13.69	0.1771	1.5933	
13.7	0.2154	1.54	
13.71	0.2687	1.6846	
13.72	0.2865	1.3693	
13.73	0.339	1.4735	
13.74	0.4764	1.1683	
13.75	0.5485	1.2205	
13.76	0.5405	1.0342	
13.77	0.6489	0.8062	
13.78	0.7671	0.5409	
13.79	0.834	0.424	
13.8	0.7972	0.2314	
13.81	0.8943	0.0202	
13.82	1.0013	-0.1803	
13.83	1.1042	-0.3347	
13.84	1.0874	-0.5186	
13.85	1.1353	-0.6867	
13.86	1.0052	-0.7656	
13.87	1.0063	-0.8641	
13.88	1.0602	-0.9262	
13.89	1.0733	-1.0657	
13.9	1.0618	-1.1041	
13.91	0.8797	-1.1379	
13.92	0.9176	-1.1159	
13.93	0.7564	-1.1418	
13.94	0.6239	-1.1362	
13.95	0.585	-1.0731	
13.96	0.4554	-1.1208	
13.97	0.2848	-1.0024	
13.98	0.1781	-0.9409	
13.99	0.0233	-0.8403	
14.0	-0.1315	-0.7324	
14.01	-0.2839	-0.6334	
14.02	-0.4545	-0.488	
14.03	-0.662	-0.3614	
14.04	-0.8025	-0.233	
14.05	-1.0393	-0.1403	
14.06	-1.1212	-0.0235	
14.07	-1.1626	0.085	
14.08	-1.3557	0.1704	
14.09	-1.6678	0.2665	
14.1	-1.6792	0.3313	
14.11	-1.7522	0.3988	
14.12	-1.8296	0.4276	
14.13	-1.933	0.4719	
14.14	-1.994	0.4822	
14.15	-1.9575	0.4671	
14.16	-2.0875	0.467	
14.17	-2.2263	0.4338	
14.18	-2.27	0.41	
14.19	-2.1357	0.3896	
14.2	-2.1287	0.3648	
14.21	-2.0995	0.3146	
14.22	-2.3537	0.2695	
14.23	-2.0141	0.2562	
14.24	-2.0734	0.2217	
14.25	-2.1174	0.1633	
14.26	-2.0827	0.1609	
14.27	-1.7532	0.1543	
14.28	-1.6297	0.1415	
14.29	-1.8305	0.1499	
14.3	-1.4267	0.1762	
14.31	-1.5739	0.194	
14.32	-1.3574	0.243	
14.33	-1.3974	0.308	
14.34	-1.1784	0.3655	
14.35	-1.1964	0.4508	
14.36	-1.0496	0.5978	
14.37	-0.9394	0.6858	
14.38	-0.9936	0.7644	
14.39	-0.9097	0.8505	
14.4	-0.7939	1.0375	
14.41	-0.8668	1.1143	
14.42	-0.7645	1.0959	
14.43	-0.8644	1.1526	
14.44	-0.9039	1.2802	
14.45	-0.7973	1.5624	
14.46	-0.8383	1.5895	
14.47	-0.9948	1.4277	
14.48	-1.1014	1.6303	
14.49	-1.0558	1.4616	
14.5	-1.2046	1.7022	
14.51	-1.1581	1.6468	
14.52	-1.4802	1.6755	
14.53	-1.623	1.3765	
14.54	-1.5657	1.4881	
14.55	-1.6982	1.4205	
14.56	-1.8708	1.0765	
14.57	-2.1027	1.1373	
14.58	-2.2118	0.9255	
14.59	-1.9224	0.6975	
14.6	-2.0249	0.5033	
14.61	-2.2835	0.3739	
14.62	-2.3765	0.1842	
14.63	-2.6433	-0.0099	
14.64	-2.642	-0.1822	
14.65	-2.4216	-0.3864	
14.66	-2.6908	-0.4919	
14.67	-2.8919	-0.6479	
14.68	-2.7411	-0.8466	
14.69	-2.7066	-0.9586	
14.7	-2.8056	-1.0477	
14.71	-2.502	-1.0954	
14.72	-2.3856	-1.1475	
14.73	-2.3598	-1.2205	
14.74	-2.5305	-1.166	
14.75	-2.444	-1.2462	
14.76	-1.9762	-1.0907	
14.77	-1.9763	-1.0451	
14.78	-1.8044	-0.9372	
14.79	-1.8558	-0.6949	
14.8	-1.8161	-0.5892	
14.81	-1.5115	-0.3373	
14.82	-1.5015	-0.1729	
14.83	-1.2931	0.059	
14.84	-1.0106	0.271	
14.85	-0.9	0.5246	
14.86	-0.8059	0.7286	
14.87	-0.6	0.9516	
14.88	-0.5367	1.3615	
14.89	-0.3746	1.4912	
14.9	-0.2537	1.7329	
14.91	-0.15	1.8801	
14.92	-0.0499	1.916	
14.93	0.0315	2.3647	
14.94	0.1068	2.2939	
14.95	0.1677	2.4737	
14.96	0.1992	2.8228	
14.97	0.2599	2.9074	
14.98	0.2491	2.6347	
14.99	0.2671	2.5284	
15.0	0.2379	2.5399	
15.01	0.2475	2.8507	
15.02	0.1745	2.6602	
15.03	0.1442	2.5721	
15.04	0.0941	2.4532	
15.05	0.0361	2.0767	
15.06	-0.0359	2.281	
15.07	-0.1097	2.0328	
15.08	-0.1763	1.656	
15.09	-0.2675	1.516	
15.1	-0.3065	1.28	
15.11	-0.4259	1.0877	
15.12	-0.5291	0.9111	
15.13	-0.5521	0.6101	
15.14	-0.6043	0.5233	
15.15	-0.6373	0.3217	
15.16	-0.6629	0.1301	
15.17	-0.8067	-0.0176	
15.18	-0.8162	-0.146	
15.19	-0.7809	-0.2842	
15.2	-0.8106	-0.3186	
15.21	-0.7903	-0.4474	
15.22	-0.7249	-0.4338	
15.23	-0.7335	-0.4403	
15.24	-0.6613	-0.4345	
15.25	-0.6463	-0.4725	
15.26	-0.551	-0.4311	
15.27	-0.4682	-0.3273	
15.28	-0.3221	-0.2377	
15.29	-0.2403	-0.1563	
15.3	-0.124	-0.0327	
15.31	0.0152	0.0911	
15.32	0.1463	0.2307	
15.33	0.298	0.3712	
15.34	0.439	0.4941	
15.35	0.6388	0.5539	
15.36	0.71	0.7457	
15.37	0.8884	0.8842	
15.38	1.1112	0.9989	
15.39	1.0578	1.163	
15.4	1.1736	1.0529	
15.41	1.526	1.2758	
15.42	1.5638	1.2353	
15.43	1.7744	1.2383	
15.44	1.6469	1.3761	
15.45	1.8123	1.4757	
15.46	1.7852	1.5466	
15.47	1.975	1.4448	
15.48	2.0936	1.2851	
15.49	1.7944	1.2409	
15.5	2.1124	1.3842	
15.51	1.8377	1.1683	
15.52	2.0587	1.3151	
15.53	1.7717	1.2854	
15.54	1.9278	1.1281	
15.55	1.7023	1.0307	
15.56	1.634	1.0231	
15.57	1.5874	1.0641	
15.58	1.649	0.9609	
15.59	1.4204	0.9862	
15.6	1.3378	0.988	
15.61	1.2166	0.8571	
15.62	1.1348	0.8649	
15.63	1.0321	0.9544	
15.64	0.8675	1.0558	
15.65	0.8349	1.1209	
15.66	0.6905	1.0473	
15.67	0.5835	1.0868	
15.68	0.507	1.2281	
15.69	0.4654	1.3813	
15.7	0.3384	1.3602	
15.71	0.2929	1.3759	
15.72	0.2274	1.6531	
15.73	0.218	1.5542	
15.74	0.1785	1.7413	
15.75	0.1533	1.8915	
15.76	0.151	1.8947	
15.77	0.1591	1.8926	
15.78	0.1832	1.854	
15.79	0.2375	2.0876	
15.8	0.2933	1.8524	
15.81	0.3614	1.9339	
15.82	0.4135	1.8291	
15.83	0.4397	1.9596	
15.84	0.5819	1.8713	
15.85	0.6998	1.6003	
15.86	0.7261	1.4614	
15.87	0.9059	1.3437	
15.88	0.9366	1.3028	
15.89	0.9726	1.0562	
15.9	1.1363	1.0264	
15.91	1.4058	0.9039	
15.92	1.4122	0.6477	
15.93	1.362	0.5196	
15.94	1.6039	0.3	
15.95	1.7624	0.1288	
15.96	1.6219	-0.044	
15.97	1.9079	-0.2158	
15.98	1.9459	-0.3141	
15.99	1.7801	-0.451	
16.0	1.9208	-0.647	
16.01	1.9557	-0.6289	
16.02	1.7587	-0.8196	
16.03	1.869	-0.7629	
16.04	1.5896	-0.7452	
16.05	1.5758	-0.8637	
16.06	1.4567	-0.7378	
16.07	1.5039	-0.7158	
16.08	1.4559	-0.587	
16.09	1.4347	-0.5467	
16.1	1.2321	-0.3366	
16.11	1.0011	-0.2012	
16.12	1.0126	-0.0168	
16.13	0.8486	0.1689	
16.14	0.7103	0.3803	
16.15	0.57	0.624	
16.16	0.3986	0.7671	
16.17	0.2723	1.0326	
16.18	0.1255	1.2394	
16.19	-0.0111	1.6517	
16.2	-0.1403	1.7312	
16.21	-0.2653	1.9365	
16.22	-0.3902	2.0668	
16.23	-0.4909	2.3037	
16.24	-0.5259	2.448	
16.25	-0.5521	2.4156	
16.26	-0.6551	2.831	
16.27	-0.7012	2.5119	
16.28	-0.7053	2.6591	
16.29	-0.7901	2.9331	
16.3	-0.7035	3.017	
16.31	-0.777	2.6836	
16.32	-0.7001	2.7739	
16.33	-0.6209	2.3959	
16.34	-0.5903	2.5035	
16.35	-0.585	2.5005	
16.36	-0.5534	2.1341	
16.37	-0.4642	2.0135	
16.38	-0.3424	1.7022	
16.39	-0.2549	1.3895	
16.4	-0.148	1.3634	
16.41	-0.0424	1.0812	
16.42	0.0674	0.8708	
16.43	0.1616	0.5533	
16.44	0.2422	0.4138	
16.45	0.3762	0.173	
16.46	0.4745	-0.0147	
16.47	0.5331	-0.2069	
16.48	0.6744	-0.3412	
16.49	0.7234	-0.475	
16.5	0.7783	-0.5631	
16.51	0.7932	-0.7402	
16.52	0.7929	-0.7696	
16.53	0.8245	-0.778	
16.54	0.8847	-0.8902	
16.55	0.9208	-0.8369	
16.56	0.7522	-0.7387	
16.57	0.8064	-0.7467	
16.58	0.8004	-0.745	
16.59	0.6403	-0.5905	
16.6	0.5745	-0.4929	
16.61	0.511	-0.3694	
16.62	0.4302	-0.2691	
16.63	0.3513	-0.125	
16.64	0.2243	0.0067	
16.65	0.1193	0.1388	
16.66	0.0103	0.2815	
16.67	-0.1103	0.456	
