0.01	0.1885	0.397	1.0633	0.1872	0.3072	
0.02	0.3677	0.805	0.5989	0.3412	0.6164	
0.03	0.5153	1.0134	-0.5781	0.5628	0.9497	
0.04	0.69	1.4437	-0.3443	0.6519	1.0542	
0.05	0.8241	1.688	1.146	0.9018	1.4384	
0.06	0.9647	2.0036	1.5955	0.8828	1.385	
0.07	1.0656	1.9236	0.4357	1.034	1.5831	
0.08	1.3744	1.9903	-0.258	1.2178	1.5971	
0.09	1.4394	2.3082	0.6423	1.3196	1.8772	
0.1	1.495	2.0042	1.8281	1.3398	1.7165	
0.11	1.5711	1.984	1.5481	1.4996	1.611	
0.12	1.5122	1.6879	0.2913	1.5107	1.7383	
0.13	1.4806	1.5692	0.3508	1.4658	1.5687	
0.14	1.5258	1.5303	1.5242	1.5279	1.3776	
0.15	1.4452	1.3464	2.0933	1.4423	1.143	
0.16	1.4658	0.9975	1.3812	1.626	0.9957	
0.17	1.5008	0.7654	0.3882	1.5414	0.8036	
0.18	1.3941	0.5482	1.1923	1.4771	0.5993	
0.19	1.3836	0.3843	2.5462	1.4681	0.4544	
0.2	1.308	0.2433	2.086	1.2926	0.3004	
0.21	1.2104	0.1376	0.8714	1.2346	0.1708	
0.22	1.2638	0.0749	0.6131	1.1223	0.0597	
0.23	0.9664	0.0502	1.9014	1.1147	-0.0054	
0.24	0.8856	0.0583	2.3642	0.8651	-0.0405	
0.25	0.7988	0.1122	1.6869	0.9068	-0.04	
0.26	0.7531	0.1877	0.7154	0.7636	-0.0094	
0.27	0.647	0.3409	1.1419	0.7063	0.0517	
0.28	0.6439	0.3946	2.2139	0.6165	0.1281	
0.29	0.4765	0.5904	2.1663	0.5127	0.2252	
0.3	0.4301	0.6762	1.0794	0.3631	0.3452	
0.31	0.3988	0.7482	0.6813	0.3588	0.4792	
0.32	0.3642	0.8345	1.7893	0.293	0.5659	
0.33	0.3683	0.9313	2.3702	0.2308	0.7598	
0.34	0.3613	0.8936	1.7731	0.2294	0.7071	
0.35	0.376	1.0132	0.5538	0.1984	0.8849	
0.36	0.405	0.9195	0.7567	0.2281	0.8062	
0.37	0.4229	0.8678	2.1971	0.2338	0.8769	
0.38	0.4754	0.8483	2.2201	0.2662	0.8089	
0.39	0.6015	0.7049	0.9243	0.3044	0.8414	
0.4	0.6091	0.5208	0.2472	0.4428	0.6468	
0.41	0.7052	0.335	1.2099	0.4822	0.5513	
0.42	0.945	0.2134	2.0847	0.5887	0.3589	
0.43	0.8936	0.0681	1.5072	0.6587	0.1381	
0.44	1.0458	-0.0389	0.2049	0.7548	-0.0661	
0.45	1.2448	-0.1225	0.2553	0.9196	-0.2931	
0.46	1.4017	-0.1816	1.5093	1.0541	-0.5253	
0.47	1.5771	-0.1874	1.7799	1.0799	-0.7683	
0.48	1.6474	-0.1162	0.6174	1.3057	-0.921	
0.49	1.6782	-0.0255	-0.2643	1.4341	-1.2217	
0.5	1.8907	0.1247	0.4115	1.4669	-1.3045	
0.51	2.0688	0.2819	1.5019	1.6622	-1.3743	
0.52	2.0349	0.4952	1.1146	1.7979	-1.6976	
0.53	2.0145	0.8576	-0.1876	1.7346	-1.6384	
0.54	2.1088	1.0225	-0.3833	1.8019	-1.6031	
0.55	2.4086	1.3379	0.8042	2.226	-1.6186	
0.56	2.3319	1.6106	1.3964	2.0608	-1.2958	
0.57	2.2373	1.8741	0.2647	2.2646	-1.329	
0.58	2.1997	2.1522	-0.8114	2.1662	-1.0538	
0.59	2.5506	2.2951	-0.1723	2.1032	-0.7745	
0.6	2.5207	2.3979	1.0705	2.3644	-0.5465	
0.61	2.3081	2.8713	0.7767	2.0477	-0.263	
0.62	2.1571	2.7207	-0.4867	2.2165	0.0089	
0.63	2.2924	2.4648	-0.8438	2.0939	0.2863	
0.64	2.0823	2.4365	0.2748	2.1581	0.5579	
0.65	1.8406	2.3645	0.9985	1.9114	0.8348	
0.66	1.8041	2.4175	0.16	1.8845	1.0331	
0.67	1.6255	1.8471	-0.9328	1.7943	1.3018	
0.68	1.6084	1.7866	-0.5227	1.7232	1.5282	
0.69	1.3956	1.3892	0.6857	1.4582	1.4949	
0.7	1.1519	0.9413	0.7338	1.3882	1.6176	
0.71	1.0122	0.4939	-0.5124	1.2622	1.8421	
0.72	0.8785	0.1929	-0.9138	1.0352	1.7885	
0.73	0.7385	-0.1714	0.0316	0.8611	1.771	
0.74	0.5964	-0.4577	0.9647	0.6949	1.8389	
0.75	0.399	-0.7112	0.3196	0.5298	1.6327	
0.76	0.2658	-0.9738	-0.8427	0.3651	1.5165	
0.77	0.173	-1.0899	-0.6522	0.2427	1.3414	
0.78	0.0697	-1.2994	0.7193	0.1321	1.208	
0.79	-0.0121	-1.2691	1.0543	0.0198	1.0985	
0.8	-0.088	-1.3734	-0.13	-0.0837	0.9669	
0.81	-0.1423	-1.1716	-0.8063	-0.1791	0.8461	
0.82	-0.1596	-1.1963	0.0976	-0.2468	0.7416	
0.83	-0.1654	-1.11	1.1263	-0.2879	0.6803	
0.84	-0.1712	-0.8552	0.7428	-0.333	0.5521	
0.85	-0.1703	-0.7426	-0.4649	-0.4154	0.5271	
0.86	-0.1218	-0.6113	-0.4143	-0.418	0.593	
0.87	-0.0654	-0.4146	0.9824	-0.3569	0.6215	
0.88	-0.0053	-0.3123	1.4247	-0.39	0.6383	
0.89	0.0689	-0.1783	0.3956	-0.319	0.8658	
0.9	0.1549	-0.0802	-0.4568	-0.2441	0.8236	
0.91	0.2527	-0.0181	0.359	-0.2019	1.0411	
0.92	0.3275	0.0032	1.4722	-0.1283	1.1635	
0.93	0.4119	-0.013	1.2582	-0.0435	1.4278	
0.94	0.612	-0.0655	0.0969	0.0457	1.3117	
0.95	0.6724	-0.1325	-0.0592	0.1548	1.4956	
0.96	0.78	-0.2411	1.2785	0.2428	1.5006	
0.97	0.8525	-0.3745	1.8451	0.3795	1.6308	
0.98	1.0351	-0.476	1.0455	0.4845	1.6374	
0.99	0.9407	-0.6178	-0.0077	0.5528	1.6559	
1.0	1.1672	-0.7545	0.537	0.6577	1.8529	
1.01	1.1456	-0.8216	1.8143	0.7312	1.7056	
1.02	1.2326	-0.9063	1.7593	0.7555	1.4733	
1.03	1.1182	-0.9597	0.5	0.8336	1.3581	
1.04	1.117	-1.0209	0.1609	0.8899	1.1565	
1.05	1.2989	-0.9463	1.2214	0.8947	0.8813	
1.06	1.0552	-0.8799	2.1629	1.0402	0.6018	
1.07	1.1689	-0.6624	1.4371	0.9163	0.3593	
1.08	1.0535	-0.5782	0.2035	0.9257	0.0743	
1.09	1.0017	-0.401	0.5086	0.8977	-0.1851	
1.1	0.856	-0.2112	1.9686	1.0091	-0.4303	
1.11	0.6871	-0.0347	1.9016	0.8217	-0.6321	
1.12	0.6115	0.1483	0.7687	0.8641	-0.9303	
1.13	0.5173	0.3132	0.0819	0.68	-1.0676	
1.14	0.4122	0.4117	1.0804	0.6443	-1.1097	
1.15	0.2571	0.5933	2.0149	0.5482	-1.1741	
1.16	0.1022	0.6518	1.4613	0.3849	-1.1409	
1.17	-0.0504	0.6446	0.0893	0.2671	-1.3664	
1.18	-0.1807	0.6248	0.192	0.1284	-1.2393	
1.19	-0.3482	0.4708	1.4535	-0.0041	-1.0362	
1.2	-0.4879	0.2992	1.8332	-0.1425	-0.8057	
1.21	-0.556	0.094	0.4752	-0.279	-0.7343	
1.22	-0.7305	-0.1795	-0.3296	-0.3915	-0.4378	
1.23	-0.7582	-0.4226	0.4347	-0.5278	-0.2085	
1.24	-0.8372	-0.795	1.3415	-0.6033	0.0392	
1.25	-0.8411	-1.168	0.9565	-0.7937	0.3058	
1.26	-1.0595	-1.4904	-0.3996	-0.8529	0.5133	
1.27	-0.997	-1.892	-0.5053	-0.9452	0.8301	
1.28	-0.9919	-1.9222	0.6098	-1.1048	0.9641	
1.29	-1.0173	-2.292	1.106	-1.2024	1.1711	
1.3	-0.961	-2.8477	-0.0246	-1.2068	1.4447	
1.31	-0.9424	-2.5645	-1.0907	-1.2334	1.6395	
1.32	-0.8043	-2.8255	-0.4807	-1.1273	1.5922	
1.33	-0.8264	-2.7653	0.6936	-1.1674	1.5034	
1.34	-0.6885	-2.9469	0.3043	-1.0344	1.5249	
1.35	-0.5603	-2.9915	-1.0185	-1.0883	1.6566	
1.36	-0.4276	-2.9496	-1.5317	-1.0503	1.4416	
1.37	-0.2674	-2.2349	-0.3044	-1.0115	1.5985	
1.38	-0.1391	-2.2099	0.2998	-0.8339	1.2688	
1.39	0.0231	-2.0679	-0.6653	-0.7106	1.2484	
1.4	0.17	-1.554	-1.7584	-0.6175	1.1874	
1.41	0.3542	-1.3744	-1.4551	-0.5051	1.0357	
1.42	0.464	-0.8998	-0.2392	-0.3308	0.9549	
1.43	0.5811	-0.5893	-0.342	-0.2048	0.7959	
1.44	0.7245	-0.335	-1.6903	-0.0545	0.8701	
1.45	0.8969	-0.0972	-2.2316	0.0977	0.703	
1.46	1.1265	0.1136	-1.115	0.2649	0.6941	
1.47	1.0877	0.2667	-0.4065	0.3966	0.7968	
1.48	1.163	0.3643	-1.3276	0.5028	0.8923	
1.49	1.3049	0.4459	-2.3247	0.7053	0.9776	
1.5	1.3723	0.5253	-2.1923	0.899	1.1795	
1.51	1.3339	0.4907	-1.0224	0.9429	1.318	
1.52	1.594	0.3892	-0.8658	1.0736	1.4691	
1.53	1.57	0.3352	-2.0086	1.233	1.5147	
1.54	1.5054	0.204	-2.8803	1.2274	1.6016	
1.55	1.497	0.0956	-1.7601	1.2395	1.7464	
1.56	1.397	-0.0159	-0.8442	1.22	2.009	
1.57	1.2903	-0.1199	-1.4442	1.3639	2.1307	
1.58	1.2578	-0.2054	-2.8917	1.4152	2.2666	
1.59	1.3728	-0.2699	-2.7262	1.4635	2.3761	
1.6	1.114	-0.3346	-1.4202	1.2573	2.4627	
1.61	1.1069	-0.3048	-0.9945	1.2333	2.3116	
1.62	0.9265	-0.2785	-2.3188	1.1969	2.4089	
1.63	0.9462	-0.219	-2.7477	1.121	2.3207	
1.64	0.7386	-0.1318	-2.226	1.0944	2.0245	
1.65	0.7477	-0.0036	-0.9052	1.0452	1.9807	
1.66	0.6081	0.1403	-1.189	1.0691	1.6246	
1.67	0.4963	0.2676	-2.321	1.0027	1.5628	
1.68	0.4005	0.3922	-2.6878	0.908	1.3809	
1.69	0.3694	0.6059	-1.4404	0.681	0.8898	
1.7	0.3165	0.7184	-0.7656	0.6112	0.7316	
1.71	0.2773	0.8624	-1.5606	0.5305	0.4108	
1.72	0.2149	0.8667	-2.455	0.4857	0.1285	
1.73	0.2297	0.9497	-1.8639	0.3739	-0.1248	
1.74	0.2113	0.8019	-0.7035	0.3581	-0.365	
1.75	0.2817	0.8303	-0.7412	0.3068	-0.5032	
1.76	0.2838	0.6181	-1.7965	0.254	-0.6476	
1.77	0.3804	0.482	-2.1971	0.2203	-0.853	
1.78	0.4198	0.3226	-1.0459	0.2136	-0.8918	
1.79	0.4763	0.109	-0.1742	0.2345	-0.8709	
1.8	0.6255	-0.1047	-1.051	0.2207	-0.9282	
1.81	0.6986	-0.3524	-2.1146	0.2875	-0.7206	
1.82	0.8511	-0.5901	-1.4237	0.3526	-0.616	
1.83	0.9823	-0.7928	-0.1371	0.4154	-0.4587	
1.84	1.0596	-0.9353	-0.0077	0.4923	-0.3138	
1.85	1.2498	-1.132	-1.0818	0.6367	-0.098	
1.86	1.5341	-1.2687	-1.4649	0.6693	0.1151	
1.87	1.6778	-1.2139	-0.49	0.8672	0.3414	
1.88	1.7946	-1.1623	0.4521	0.9121	0.5665	
1.89	1.906	-1.0888	-0.1302	1.0574	0.6942	
1.9	2.2725	-0.9246	-1.2502	1.2066	0.9779	
1.91	2.2821	-0.6903	-1.0195	1.4259	1.0539	
1.92	2.3567	-0.4902	0.4021	1.4447	1.2783	
1.93	2.4936	-0.173	0.7527	1.7947	1.1945	
1.94	2.6978	0.1712	-0.3699	1.8823	1.29	
1.95	2.4549	0.5673	-1.1047	2.1237	1.2576	
1.96	2.5649	0.8694	-0.0706	2.3449	1.4747	
1.97	2.5214	1.3034	1.0889	2.196	1.3618	
1.98	2.7697	1.6791	0.5382	2.2265	1.2461	
1.99	2.7416	1.775	-0.606	2.5494	1.1569	
2.0	2.9325	2.0795	-0.5237	2.5905	1.1407	
2.01	2.4255	2.6187	0.721	2.4912	0.9803	
2.02	2.6913	2.6422	1.1624	2.5982	0.8519	
2.03	2.5417	2.8277	0.1937	3.0335	0.7234	
2.04	2.2132	2.5828	-0.6018	3.1042	0.5844	
2.05	2.3075	2.5734	0.1005	2.8463	0.6258	
2.06	2.4559	2.813	1.1947	2.9055	0.5053	
2.07	2.0601	2.7772	1.0074	2.6724	0.5313	
2.08	2.1679	2.4968	-0.2833	2.8721	0.6165	
2.09	1.6599	2.2137	-0.4728	2.6897	0.7219	
2.1	1.8408	1.7423	0.7226	2.8434	0.727	
2.11	1.6939	1.6978	1.4708	2.6789	0.9923	
2.12	1.2912	1.4517	0.401	2.4917	1.1441	
2.13	1.3582	1.2451	-0.6588	2.2968	1.397	
2.14	1.113	0.906	-0.0674	2.4574	1.4837	
2.15	1.0732	0.7345	1.1202	2.1333	1.8456	
2.16	0.8738	0.5495	0.9717	2.0555	1.8356	
2.17	0.8352	0.3804	-0.2528	1.9121	2.1374	
2.18	0.6841	0.3034	-0.6641	1.7289	2.1988	
2.19	0.5439	0.267	0.372	1.5843	2.2776	
2.2	0.5275	0.2508	1.1381	1.5967	2.6231	
2.21	0.455	0.2605	0.3859	1.5342	2.7813	
2.22	0.4468	0.3249	-0.8729	1.2148	2.6675	
2.23	0.4941	0.3783	-0.5047	1.279	2.8944	
2.24	0.4914	0.4524	0.732	1.0525	2.8951	
2.25	0.4964	0.6373	0.8062	0.9753	2.8728	
2.26	0.4953	0.7347	-0.4106	0.9988	2.6525	
2.27	0.5962	0.7143	-1.0291	1.0109	2.2844	
2.28	0.6552	0.7368	-0.118	0.9224	2.1827	
2.29	0.6545	0.7544	0.8533	0.8249	1.9505	
2.3	0.7085	0.8657	0.145	0.8499	1.6558	
2.31	0.8269	0.8317	-1.0867	0.8053	1.4953	
2.32	0.8899	0.7049	-1.0161	0.8455	1.2627	
2.33	1.067	0.5626	0.2507	1.0176	0.9041	
2.34	1.2173	0.3939	0.5245	0.9559	0.5848	
2.35	1.2254	0.2585	-0.5726	1.1208	0.328	
2.36	1.3319	0.0785	-1.3487	1.1725	0.1044	
2.37	1.4702	-0.1065	-0.5686	1.2585	-0.1117	
2.38	1.3573	-0.3185	0.4801	1.3064	-0.2487	
2.39	1.5732	-0.4111	0.0052	1.3069	-0.3674	
2.4	1.6405	-0.6277	-1.1955	1.4194	-0.4872	
2.41	1.6891	-0.703	-1.2649	1.5794	-0.4934	
2.42	1.7367	-0.8163	-0.1152	1.6067	-0.5073	
2.43	1.5477	-0.784	0.4375	1.997	-0.43	
2.44	1.6543	-0.6942	-0.6795	2.0014	-0.3542	
2.45	1.6057	-0.6044	-1.5059	1.9778	-0.2613	
2.46	1.5475	-0.5153	-0.8049	2.2427	-0.1179	
2.47	1.5055	-0.3711	0.3157	2.0277	0.0473	
2.48	1.3079	-0.1367	0.1093	2.1157	0.2237	
2.49	1.2369	0.1112	-1.1596	2.0851	0.3784	
2.5	1.088	0.3717	-1.5154	2.1261	0.5974	
2.51	0.98	0.6261	-0.2027	2.3367	0.6338	
2.52	0.7199	0.9786	0.5051	2.2038	0.8264	
2.53	0.6457	1.2375	-0.2986	1.9787	0.8861	
2.54	0.4223	1.3712	-1.333	2.0993	1.0013	
2.55	0.264	1.5401	-0.7618	2.0522	1.0701	
2.56	0.0756	1.7584	0.5214	1.9947	0.9643	
2.57	-0.1077	1.8736	0.5034	1.9732	0.9338	
2.58	-0.2925	1.9607	-0.6477	1.8953	0.9216	
2.59	-0.4269	1.6755	-1.0911	1.5175	0.9566	
2.6	-0.5915	1.593	0.0651	1.357	0.7039	
2.61	-0.8392	1.6108	1.0084	1.2058	0.7039	
2.62	-0.9135	1.1205	0.3083	1.2386	0.5039	
2.63	-1.0387	0.9429	-0.7855	1.0108	0.4311	
2.64	-1.2793	0.6258	-0.3946	0.9342	0.2899	
2.65	-1.2607	0.2737	0.9841	0.6901	0.1738	
2.66	-1.4781	-0.1175	1.1034	0.4789	0.1158	
2.67	-1.5272	-0.4457	0.1112	0.3803	0.0605	
2.68	-1.5902	-0.8307	-0.4382	0.194	0.0417	
2.69	-1.703	-1.2121	0.5286	0.0374	0.0613	
2.7	-1.6643	-1.3768	1.5346	-0.0923	0.1105	
2.71	-1.6272	-1.8739	1.253	-0.2512	0.2385	
2.72	-1.604	-1.7833	0.0331	-0.3849	0.3706	
2.73	-1.6199	-2.089	0.2199	-0.4925	0.5512	
2.74	-1.3134	-2.2044	1.578	-0.5388	0.789	
2.75	-1.39	-2.4392	2.2061	-0.5966	0.9707	
2.76	-1.277	-2.2775	0.8936	-0.6296	1.2919	
2.77	-1.2506	-2.0908	0.2202	-0.7073	1.3296	
2.78	-1.1297	-1.8888	1.0903	-0.7043	1.7002	
2.79	-0.9614	-1.9961	2.1454	-0.7176	1.7827	
2.8	-0.9083	-1.6891	2.0874	-0.679	2.1127	
2.81	-0.771	-1.5036	0.7906	-0.6823	2.3134	
2.82	-0.6796	-1.2426	0.7083	-0.6254	2.541	
2.83	-0.6277	-1.2001	2.0062	-0.5677	2.6844	
2.84	-0.4566	-1.0136	2.4765	-0.5136	2.8093	
2.85	-0.3677	-0.8275	1.7812	-0.4226	3.0471	
2.86	-0.3334	-0.8524	0.7678	-0.328	3.0231	
2.87	-0.2345	-0.6636	1.5032	-0.1988	2.6488	
2.88	-0.2084	-0.6909	2.9562	-0.106	2.8792	
2.89	-0.1455	-0.6471	2.342	0.0079	2.5549	
2.9	-0.123	-0.708	1.3861	0.1081	2.6591	
2.91	-0.1317	-0.7747	1.055	0.2289	2.1766	
2.92	-0.1439	-0.7826	2.097	0.3061	1.8247	
2.93	-0.1548	-0.9491	3.1798	0.4626	1.6868	
2.94	-0.1979	-1.0162	2.2208	0.5078	1.4676	
2.95	-0.2402	-1.0978	0.9424	0.6266	1.1823	
2.96	-0.3188	-1.1667	1.4753	0.6631	0.9804	
2.97	-0.4552	-1.3163	2.9477	0.6861	0.6476	
2.98	-0.5419	-1.2796	3.0124	0.7882	0.45	
2.99	-0.6175	-1.4201	1.5416	0.7558	0.2294	
3.0	-0.6912	-1.2132	0.934	0.8355	0.0531	
3.01	-0.8237	-1.2484	1.8728	0.9031	-0.0631	
3.02	-0.9628	-1.0007	2.731	0.8833	-0.1661	
3.03	-1.2021	-0.9675	2.0009	0.8412	-0.1833	
3.04	-1.1925	-0.6757	0.8259	0.692	-0.2171	
3.05	-1.2969	-0.4686	1.0407	0.653	-0.168	
3.06	-1.457	-0.3053	2.163	0.5573	-0.0998	
3.07	-1.7302	-0.0601	2.5881	0.4951	-0.0157	
3.08	-1.7457	0.1598	1.1956	0.4287	0.1035	
3.09	-1.9659	0.3361	0.4663	0.3344	0.2255	
3.1	-1.9925	0.5029	1.3229	0.2221	0.3608	
3.11	-1.7671	0.5996	2.4586	0.1009	0.4359	
3.12	-2.0255	0.7193	1.5376	-0.0286	0.5851	
3.13	-1.9441	0.8328	0.3783	-0.1464	0.7425	
3.14	-2.0979	0.6632	0.2749	-0.2722	0.8138	
3.15	-1.8626	0.6415	1.4529	-0.4141	0.8817	
3.16	-1.8629	0.4822	1.8161	-0.5158	0.8775	
3.17	-2.0738	0.3049	0.6829	-0.5464	0.811	
3.18	-1.7251	0.0906	-0.3171	-0.639	0.7413	
3.19	-1.7823	-0.1673	0.3688	-0.7771	0.7415	
3.2	-1.6774	-0.4763	1.3961	-0.8627	0.6179	
3.21	-1.5124	-0.8596	1.1133	-0.808	0.4273	
3.22	-1.2796	-1.2111	-0.3247	-0.8607	0.2828	
3.23	-1.1764	-1.3652	-0.5364	-0.9975	0.1299	
3.24	-1.0576	-1.732	0.5432	-0.8707	-0.0293	
3.25	-1.0351	-2.0458	1.0258	-0.887	-0.1723	
3.26	-0.8241	-1.988	0.0413	-0.8699	-0.2986	
3.27	-0.5849	-2.182	-1.0245	-0.9116	-0.4991	
3.28	-0.472	-2.2128	-0.5276	-0.7989	-0.5147	
3.29	-0.3154	-2.3049	0.5471	-0.6905	-0.6314	
3.3	-0.1684	-2.1498	0.4497	-0.6445	-0.6591	
3.31	-0.0114	-2.0051	-0.9188	-0.4725	-0.6733	
3.32	0.1154	-1.8141	-1.4462	-0.377	-0.6069	
3.33	0.247	-1.6382	-0.3043	-0.2247	-0.5002	
3.34	0.3832	-1.4952	0.428	-0.0762	-0.3102	
3.35	0.4157	-1.1203	-0.4428	0.0765	-0.123	
3.36	0.5272	-0.701	-1.4378	0.2104	0.076	
3.37	0.5448	-0.4231	-1.3018	0.4056	0.3073	
3.38	0.5705	-0.0531	-0.039	0.5985	0.6069	
3.39	0.6567	0.2874	0.0302	0.6839	0.9435	
3.4	0.6445	0.5316	-1.2922	0.8751	1.0682	
3.41	0.6173	0.8469	-1.7663	0.9816	1.4055	
3.42	0.5842	0.9488	-0.9064	1.1189	1.7378	
3.43	0.5977	1.1434	0.0778	1.2747	1.8631	
3.44	0.4388	1.2117	-0.5077	1.3734	2.172	
3.45	0.4464	1.4484	-1.7861	1.3876	2.406	
3.46	0.3332	1.2963	-1.6638	1.5322	2.2383	
3.47	0.242	1.4404	-0.3291	1.5889	2.7569	
3.48	0.1221	1.4539	-0.025	1.5986	2.4655	
3.49	0.0073	1.3388	-1.171	1.6227	2.5899	
3.5	-0.1049	1.1218	-1.8367	1.8932	2.6055	
3.51	-0.2301	1.1251	-1.0673	1.9207	2.2144	
3.52	-0.331	0.8694	0.0675	1.7906	2.4096	
3.53	-0.3928	0.8264	-0.3547	1.707	2.1812	
3.54	-0.583	0.673	-1.4471	1.7182	1.8599	
3.55	-0.5959	0.6465	-1.5787	1.5103	1.6454	
3.56	-0.7228	0.6188	-0.2867	1.4212	1.4623	
3.57	-0.7809	0.5695	0.214	1.3684	1.2051	
3.58	-0.7553	0.6793	-0.7888	1.4366	0.8677	
3.59	-0.8374	0.6803	-1.5362	1.272	0.6419	
3.6	-0.8993	0.8472	-0.8442	1.1754	0.5361	
3.61	-0.8543	0.9538	0.2846	0.997	0.3059	
3.62	-0.9182	1.0615	0.1062	0.9345	0.1726	
3.63	-0.86	1.3023	-1.1428	0.909	0.0792	
3.64	-0.7566	1.427	-1.3626	0.7426	0.0184	
3.65	-0.7236	1.4994	-0.0929	0.689	-0.0116	
3.66	-0.6808	1.4037	0.6123	0.5797	-0.0072	
3.67	-0.5715	1.7394	-0.208	0.5626	0.0292	
3.68	-0.5128	1.5328	-1.2601	0.4153	0.0911	
3.69	-0.4096	1.5054	-0.6083	0.3611	0.1638	
3.7	-0.2396	1.5741	0.6643	0.3457	0.2482	
3.71	-0.1474	1.4402	0.5588	0.3311	0.3394	
3.72	-0.0115	1.2906	-0.5988	0.2979	0.4567	
3.73	0.1287	1.2152	-1.0485	0.3237	0.6305	
3.74	0.2511	0.9734	0.1134	0.3013	0.6448	
3.75	0.3685	0.7155	0.9703	0.3741	0.7199	
3.76	0.4979	0.4004	0.2924	0.4393	0.7983	
3.77	0.6501	0.162	-0.8384	0.4502	0.7975	
3.78	0.7158	-0.0919	-0.5475	0.5044	0.6805	
3.79	0.7218	-0.3074	0.7347	0.6152	0.6388	
3.8	0.8374	-0.5433	0.9074	0.7917	0.5924	
3.81	0.8761	-0.7196	-0.2199	0.8135	0.4544	
3.82	0.8998	-0.7405	-0.8264	1.0189	0.2452	
3.83	1.0555	-0.9098	0.0945	1.0229	0.0724	
3.84	1.0903	-0.847	1.1815	1.32	-0.1287	
3.85	0.9323	-0.7257	0.4954	1.2867	-0.3169	
3.86	0.9591	-0.6252	-0.7174	1.3486	-0.5181	
3.87	0.8166	-0.4937	-0.6224	1.6684	-0.6725	
3.88	0.8289	-0.2292	0.6249	1.8936	-0.8428	
3.89	0.678	0.0593	1.0791	1.9255	-1.1135	
3.9	0.5905	0.371	-0.1441	2.0626	-1.2862	
3.91	0.5266	0.746	-0.8913	1.9812	-1.1872	
3.92	0.3795	0.9581	-0.2176	2.2266	-1.4928	
3.93	0.2234	1.4709	0.7863	1.9932	-1.3872	
3.94	0.0749	1.7891	0.4542	2.2971	-1.3069	
3.95	-0.0808	2.1262	-0.9425	2.0651	-1.1888	
3.96	-0.22	2.114	-0.9982	2.172	-1.1471	
3.97	-0.4239	2.3603	0.1571	2.4577	-0.8536	
3.98	-0.5801	2.4564	0.6381	2.4103	-0.6813	
3.99	-0.7758	2.3223	-0.3783	2.0211	-0.4211	
4.0	-0.9405	2.7936	-1.3532	2.044	-0.1728	
4.01	-1.0032	2.5373	-0.8435	2.0257	0.0946	
4.02	-1.2419	2.1605	0.3029	2.1155	0.3933	
4.03	-1.3122	2.2466	0.078	1.6574	0.7175	
4.04	-1.3301	2.0807	-1.3058	1.6663	0.9267	
4.05	-1.39	1.738	-1.6423	1.6995	1.1668	
4.06	-1.5652	1.2948	-0.5735	1.5104	1.3652	
4.07	-1.7221	1.0794	0.15	1.1898	1.5876	
4.08	-1.6189	0.8528	-0.713	1.016	1.6837	
4.09	-1.9151	0.5351	-1.8204	1.0326	1.8631	
4.1	-1.7534	0.3096	-1.4879	0.709	1.8086	
4.11	-1.6356	0.0916	-0.3691	0.65	1.8396	
4.12	-1.6402	-0.109	-0.4118	0.4356	2.0834	
4.13	-1.5562	-0.2393	-1.5629	0.3171	1.8059	
4.14	-1.7864	-0.3535	-2.4398	0.1676	1.7212	
4.15	-1.6104	-0.3906	-1.2057	0.0305	1.4611	
4.16	-1.6571	-0.4174	-0.3871	-0.0965	1.4849	
4.17	-1.3812	-0.4168	-1.1776	-0.2147	1.1529	
4.18	-1.4491	-0.4014	-2.6025	-0.31	0.9393	
4.19	-1.2102	-0.3363	-2.3436	-0.3971	0.8891	
4.2	-1.1517	-0.2839	-0.9739	-0.4405	0.6844	
4.21	-0.9649	-0.1852	-0.7998	-0.5025	0.4307	
4.22	-1.0014	-0.1323	-2.0262	-0.5998	0.3242	
4.23	-0.8848	-0.0794	-2.647	-0.584	0.1675	
4.24	-0.7473	-0.0519	-1.71	-0.5806	0.0837	
4.25	-0.6872	-0.0573	-0.8455	-0.5744	0.023	
4.26	-0.6819	-0.097	-1.3514	-0.5029	-0.0084	
4.27	-0.5836	-0.1716	-2.7985	-0.5243	-0.0046	
4.28	-0.5812	-0.2806	-2.5495	-0.4478	0.031	
4.29	-0.5029	-0.4031	-1.3576	-0.3931	0.0854	
4.3	-0.5729	-0.5878	-0.7796	-0.3347	0.1672	
4.31	-0.6123	-0.7897	-1.9649	-0.2188	0.2651	
4.32	-0.5702	-0.8643	-2.6784	-0.153	0.3881	
4.33	-0.6398	-1.1843	-1.941	-0.0628	0.5307	
4.34	-0.7672	-1.3559	-0.8293	0.0241	0.5874	
4.35	-0.8027	-1.3372	-0.9954	0.115	0.7231	
4.36	-0.9608	-1.5895	-2.0716	0.1984	0.7979	
4.37	-0.9296	-1.7699	-2.6197	0.2718	0.706	
4.38	-1.0853	-1.6691	-1.0441	0.3273	0.8072	
4.39	-1.2566	-1.6569	-0.5132	0.3975	0.7015	
4.4	-1.2469	-1.8246	-1.3709	0.4859	0.6553	
4.41	-1.4303	-1.7016	-2.199	0.5064	0.5576	
4.42	-1.5222	-1.4911	-1.7378	0.4731	0.4418	
4.43	-1.8559	-1.3032	-0.3741	0.4689	0.29	
4.44	-1.926	-1.032	-0.4273	0.493	0.0676	
4.45	-2.1622	-0.6947	-1.5806	0.4224	-0.1516	
4.46	-2.2209	-0.4446	-2.0384	0.3912	-0.3737	
4.47	-2.4353	-0.177	-0.6802	0.3957	-0.6404	
4.48	-2.6274	0.1037	0.2132	0.2706	-0.9193	
4.49	-2.3778	0.4072	-0.5201	0.19	-1.0638	
4.5	-2.603	0.5646	-1.5067	0.0997	-1.3714	
4.51	-2.694	0.7415	-1.0813	-0.0234	-1.6288	
4.52	-2.9159	1.0032	0.3105	-0.141	-1.7813	
4.53	-2.7637	1.1305	0.5245	-0.3168	-2.0421	
4.54	-2.8528	1.1128	-0.6563	-0.4717	-1.9694	
4.55	-2.9779	1.0222	-1.2172	-0.5396	-2.1964	
4.56	-2.8152	0.9505	-0.0221	-0.7827	-1.9243	
4.57	-2.6927	0.699	1.0405	-0.9385	-1.7676	
4.58	-2.78	0.5445	0.4711	-1.058	-1.791	
4.59	-2.8519	0.2749	-0.6526	-1.1937	-1.5238	
4.6	-2.7634	-0.0482	-0.3173	-1.3961	-1.5718	
4.61	-2.4239	-0.3577	1.0763	-1.6103	-1.3696	
4.62	-2.3397	-0.7001	1.3027	-1.6959	-1.046	
4.63	-2.3029	-1.1658	0.3492	-1.8912	-0.7867	
4.64	-2.2628	-1.5184	-0.3491	-1.8063	-0.4231	
4.65	-2.068	-1.6434	0.5978	-1.842	-0.1741	
4.66	-1.8519	-1.8033	1.8609	-1.8752	0.0919	
4.67	-1.5644	-2.1645	1.4958	-2.2217	0.3372	
4.68	-1.6868	-2.498	0.2144	-2.3205	0.5695	
4.69	-1.4903	-2.6321	0.2564	-2.003	0.7741	
4.7	-1.2033	-2.3716	1.5867	-2.0352	0.9701	
4.71	-1.1053	-2.4013	2.3273	-2.1143	0.933	
4.72	-1.0378	-2.4051	1.2229	-1.9942	1.1096	
4.73	-0.8561	-2.3755	0.2864	-2.2461	1.1291	
4.74	-0.6885	-2.1191	0.9319	-2.2488	1.1069	
4.75	-0.6547	-2.0559	2.4391	-1.9371	0.996	
4.76	-0.5782	-1.615	1.9774	-1.9233	0.9059	
4.77	-0.545	-1.5856	0.8321	-1.7131	0.8689	
4.78	-0.4661	-1.422	0.5428	-1.6864	0.7502	
4.79	-0.442	-1.1279	1.5905	-1.4262	0.5242	
4.8	-0.4068	-0.9062	2.5879	-1.3249	0.3626	
4.81	-0.4388	-0.7997	1.4809	-1.3574	0.241	
4.82	-0.5199	-0.6242	0.4783	-1.0676	0.1031	
4.83	-0.5479	-0.578	1.058	-1.1315	-0.0235	
4.84	-0.5416	-0.4674	2.4045	-0.9932	-0.1151	
4.85	-0.6596	-0.4346	2.0054	-0.7264	-0.1978	
4.86	-0.7197	-0.4343	0.9879	-0.6052	-0.2479	
4.87	-0.7604	-0.4767	0.4971	-0.6111	-0.2601	
4.88	-0.9466	-0.5586	1.6411	-0.4118	-0.219	
4.89	-0.9344	-0.5899	2.2653	-0.3799	-0.1738	
4.9	-1.0454	-0.6834	1.5176	-0.304	-0.1121	
4.91	-1.1155	-0.7106	0.3936	-0.2384	-0.004	
4.92	-1.2286	-0.7039	0.7115	-0.1764	0.1214	
4.93	-1.2111	-0.8682	1.9131	-0.1431	0.2286	
4.94	-1.4072	-0.7475	2.057	-0.1235	0.3698	
4.95	-1.3378	-0.7017	0.6973	-0.1441	0.5499	
4.96	-1.4375	-0.7215	0.0985	-0.1405	0.669	
4.97	-1.5171	-0.5068	0.9904	-0.1923	0.6777	
4.98	-1.5948	-0.4114	2.0771	-0.2246	0.8048	
4.99	-1.4679	-0.1836	1.2144	-0.3146	0.9094	
5.0	-1.4982	0.0285	0.04	-0.3814	0.8782	
5.01	-1.5305	0.2588	0.1006	-0.455	0.7755	
5.02	-1.3168	0.4731	1.2941	-0.5358	0.7368	
5.03	-1.4018	0.7418	1.6421	-0.6388	0.6137	
5.04	-1.3418	0.9814	0.3993	-0.6922	0.4748	
5.05	-1.2575	1.2803	-0.3913	-0.8777	0.2297	
5.06	-1.1439	1.3495	0.3762	-1.011	0.0121	
5.07	-0.9435	1.3834	1.276	-1.0822	-0.2531	
5.08	-0.8213	1.5729	1.0074	-1.1279	-0.5508	
5.09	-0.6703	1.6445	-0.3258	-1.1993	-0.7912	
5.1	-0.4708	1.7529	-0.4546	-1.4158	-1.1314	
5.11	-0.3443	1.5124	0.7072	-1.4108	-1.4612	
5.12	-0.167	1.3739	1.2067	-1.3126	-1.6418	
5.13	0.0225	1.1589	0.1748	-1.3963	-1.6815	
5.14	0.1942	0.9691	-0.7624	-1.5861	-2.2146	
5.15	0.3994	0.6964	-0.2215	-1.614	-2.0354	
5.16	0.5579	0.382	0.8897	-1.6975	-2.3627	
5.17	0.6687	0.0991	0.7214	-1.5816	-2.653	
5.18	0.8585	-0.2125	-0.5996	-1.5697	-2.2339	
5.19	1.023	-0.4734	-0.9411	-1.4236	-2.3427	
5.2	1.1884	-0.8061	0.2514	-1.283	-2.1812	
5.21	1.2777	-0.9035	1.095	-1.2884	-2.1091	
5.22	1.3551	-1.216	0.1159	-1.2506	-2.2558	
5.23	1.2465	-1.2733	-1.0099	-0.9976	-2.0495	
5.24	1.3256	-1.2885	-0.5187	-1.0231	-1.5837	
5.25	1.5959	-1.4571	0.7579	-0.847	-1.3709	
5.26	1.4716	-1.1948	0.7809	-0.7094	-1.1931	
5.27	1.4941	-1.1452	-0.4244	-0.5487	-0.98	
5.28	1.4772	-1.0101	-0.934	-0.4188	-0.7281	
5.29	1.3799	-0.6862	0.153	-0.2484	-0.4941	
5.3	1.4337	-0.4469	1.0164	-0.099	-0.2729	
5.31	1.2646	-0.1407	0.3947	0.0688	-0.1021	
5.32	1.2722	0.214	-0.7749	0.216	0.0356	
5.33	1.1801	0.5043	-0.4938	0.3685	0.1366	
5.34	0.9763	0.7984	0.8134	0.4899	0.2051	
5.35	0.9627	1.1139	1.1608	0.6055	0.2317	
5.36	0.7154	1.3734	-0.0143	0.6851	0.1986	
5.37	0.5943	1.6374	-0.7162	0.8006	0.1529	
5.38	0.5062	1.9057	0.2958	0.9919	0.0708	
5.39	0.4485	2.0468	1.4008	1.0657	-0.0258	
5.4	0.3082	1.8454	0.9566	1.0011	-0.1462	
5.41	0.1959	2.2053	-0.2899	1.0494	-0.2348	
5.42	0.1125	1.8834	-0.1556	1.1868	-0.3629	
5.43	0.0222	1.8083	1.1494	1.2166	-0.4793	
5.44	-0.0497	1.8963	1.7133	1.1966	-0.5446	
5.45	-0.1175	1.7041	0.5401	1.1244	-0.6213	
5.46	-0.1557	1.5641	-0.2258	0.9654	-0.7448	
5.47	-0.1837	1.5653	0.5751	0.859	-0.8266	
5.48	-0.1892	1.4467	1.9282	0.8933	-0.8057	
5.49	-0.1913	1.1315	1.4074	0.699	-0.7717	
5.5	-0.1526	1.172	0.2814	0.611	-0.6172	
5.51	-0.1073	1.1285	0.1705	0.5774	-0.5767	
5.52	-0.0633	0.9156	1.5288	0.465	-0.3627	
5.53	0.0123	0.9402	2.2368	0.2851	-0.2504	
5.54	0.0915	1.0278	1.2399	0.1672	-0.0793	
5.55	0.1868	1.0215	0.1957	0.0516	0.1052	
5.56	0.2709	1.1378	0.748	-0.0683	0.2809	
5.57	0.3888	1.1624	1.8676	-0.1893	0.4636	
5.58	0.5324	1.253	2.0996	-0.2875	0.6211	
5.59	0.6528	1.3131	0.7518	-0.4285	0.7601	
5.6	0.75	1.4442	0.3801	-0.4642	0.7426	
5.61	0.8321	1.4776	1.5687	-0.5847	0.8871	
5.62	1.0255	1.4624	2.536	-0.6756	0.8496	
5.63	1.1841	1.7516	1.6121	-0.7872	0.8022	
5.64	1.2723	1.6091	0.3925	-0.7573	0.8166	
5.65	1.389	1.4737	0.7831	-0.8484	0.7184	
5.66	1.4559	1.3876	1.9261	-0.7688	0.4853	
5.67	1.5344	1.2287	1.9056	-0.7871	0.3353	
5.68	1.3265	1.0439	0.9018	-0.7642	0.0944	
5.69	1.3704	0.8472	0.2408	-0.7784	-0.1648	
5.7	1.5487	0.5895	1.2932	-0.7721	-0.4504	
5.71	1.4954	0.3207	2.289	-0.6989	-0.737	
5.72	1.5907	0.0402	1.4943	-0.6218	-1.015	
5.73	1.3147	-0.2703	0.1954	-0.4521	-1.3195	
5.74	1.3995	-0.4939	0.3594	-0.4226	-1.7852	
5.75	1.2548	-0.7318	1.5252	-0.2944	-1.8194	
5.76	1.2146	-0.9641	1.7121	-0.1863	-2.2004	
5.77	1.0438	-1.274	0.5149	-0.1002	-2.4059	
5.78	1.0134	-1.3221	-0.2636	0.0078	-2.4577	
5.79	0.7608	-1.469	0.5291	0.1174	-2.476	
5.8	0.6381	-1.2925	1.5212	0.2191	-2.827	
5.81	0.5281	-1.2971	1.0321	0.285	-2.3746	
5.82	0.381	-1.2707	-0.3231	0.4106	-2.3918	
5.83	0.1804	-1.0041	-0.4599	0.4213	-2.6166	
5.84	0.0219	-0.7748	0.7233	0.5381	-2.2501	
5.85	-0.1393	-0.6366	1.1954	0.5786	-2.1033	
5.86	-0.2999	-0.2666	-0.0023	0.5982	-1.863	
5.87	-0.461	0.02	-1.0649	0.5711	-1.7854	
5.88	-0.561	0.3294	-0.3569	0.6008	-1.4854	
5.89	-0.7658	0.6924	0.6911	0.6112	-1.2993	
5.9	-0.8588	0.9011	0.3614	0.5562	-1.262	
5.91	-0.9786	1.2788	-0.9597	0.5816	-0.9405	
5.92	-1.0356	1.511	-1.4054	0.443	-0.8174	
5.93	-1.0224	1.6664	-0.2667	0.3819	-0.7845	
5.94	-1.0427	1.7659	0.3567	0.2902	-0.6838	
5.95	-1.1445	1.8044	-0.6814	0.1521	-0.5564	
5.96	-1.0791	1.5136	-1.7527	0.0438	-0.5832	
5.97	-1.171	1.4041	-1.2467	-0.1043	-0.5679	
5.98	-1.1348	1.3483	-0.1973	-0.2597	-0.5218	
5.99	-1.1176	1.1894	-0.3503	-0.4218	-0.6521	
6.0	-1.0008	0.9136	-1.5299	-0.5681	-0.652	
6.01	-0.9161	0.6973	-2.348	-0.6845	-0.7694	
6.02	-0.8606	0.4314	-1.2244	-0.8352	-1.0107	
6.03	-0.7614	0.1262	-0.4206	-1.1561	-0.9748	
6.04	-0.5395	-0.1686	-1.3243	-1.2779	-1.0838	
6.05	-0.4919	-0.4148	-2.6061	-1.4162	-1.3706	
6.06	-0.3758	-0.6292	-2.1501	-1.7038	-1.2046	
6.07	-0.2579	-0.8981	-0.8657	-1.5539	-1.2953	
6.08	-0.1112	-1.0187	-0.8048	-1.919	-1.4847	
6.09	0.0037	-1.1147	-2.2271	-1.8835	-1.264	
6.1	0.1173	-1.3841	-2.641	-2.2274	-1.2066	
6.11	0.204	-1.2632	-1.9282	-2.1703	-1.2981	
6.12	0.2951	-1.4247	-0.8485	-2.2255	-1.2114	
6.13	0.4159	-1.3272	-1.3635	-2.1804	-0.9723	
6.14	0.4406	-1.3374	-2.438	-2.1212	-0.7466	
6.15	0.5894	-1.3069	-2.6642	-2.241	-0.5327	
6.16	0.5351	-1.2034	-1.2902	-2.4784	-0.3788	
6.17	0.6172	-1.1001	-1.0134	-2.4936	-0.1407	
6.18	0.6595	-0.9345	-2.2608	-2.4429	0.0947	
6.19	0.5595	-0.974	-2.9998	-2.472	0.3232	
6.2	0.5598	-0.926	-2.0427	-2.1468	0.4817	
6.21	0.5136	-0.7666	-0.9168	-2.2118	0.6412	
6.22	0.4991	-0.9286	-1.2189	-2.2572	0.7523	
6.23	0.4189	-0.951	-2.631	-1.8652	0.923	
6.24	0.3613	-0.9979	-2.3959	-1.9362	0.9466	
6.25	0.2326	-1.2026	-1.359	-1.9136	0.8987	
6.26	0.1561	-1.3282	-0.6663	-1.661	0.9276	
6.27	0.043	-1.3826	-1.5763	-1.5376	0.8078	
6.28	-0.0722	-1.54	-2.5449	-1.3324	0.742	
6.29	-0.1769	-1.5865	-1.8056	-1.3647	0.461	
6.3	-0.3283	-1.9837	-0.5391	-1.3703	0.2684	
6.31	-0.3901	-1.9572	-0.7202	-1.2639	0.0226	
6.32	-0.5332	-2.1876	-2.0249	-1.1268	-0.2689	
6.33	-0.6287	-2.328	-2.1818	-1.1224	-0.4974	
6.34	-0.7225	-2.3366	-0.9468	-1.0071	-0.7685	
6.35	-0.8552	-2.2458	-0.0906	-0.9087	-1.0291	
6.36	-0.8839	-1.8921	-0.8499	-1.0021	-1.5042	
6.37	-0.8961	-2.0679	-1.8618	-0.8872	-1.5093	
6.38	-0.8992	-1.6724	-1.3906	-1.0273	-2.0088	
6.39	-1.0745	-1.5266	-0.049	-0.9635	-2.0341	
6.4	-0.9232	-1.2212	0.0355	-1.1027	-2.2045	
6.41	-1.0	-0.8798	-1.159	-1.0107	-2.1715	
6.42	-0.919	-0.5947	-1.5756	-1.1164	-2.2475	
6.43	-0.9141	-0.2479	-0.3963	-1.1115	-2.38	
6.44	-0.7459	0.065	0.4785	-1.2342	-2.6169	
6.45	-0.7893	0.3951	-0.1201	-1.508	-2.3109	
6.46	-0.5582	0.5832	-1.2495	-1.4695	-2.2651	
6.47	-0.4721	0.8649	-0.9502	-1.683	-2.0271	
6.48	-0.3571	0.9486	0.4325	-1.8926	-1.9081	
6.49	-0.2117	1.1008	0.7342	-2.0014	-1.737	
6.5	-0.0544	1.2013	-0.4554	-1.8968	-1.5499	
6.51	0.1025	1.2401	-0.9502	-2.1007	-1.5143	
6.52	0.2564	1.1407	-0.0748	-2.4136	-1.296	
6.53	0.4824	0.8354	0.9692	-2.166	-1.2176	
6.54	0.6001	0.6815	0.5178	-2.3851	-1.2039	
6.55	0.8543	0.5019	-0.6666	-2.3241	-1.009	
6.56	1.0241	0.2006	-0.6567	-2.591	-0.9003	
6.57	1.08	-0.0974	0.6356	-2.9438	-0.8969	
6.58	1.2024	-0.4115	1.1554	-2.8128	-0.8911	
6.59	1.386	-0.6758	0.056	-2.7617	-0.9438	
6.6	1.6511	-0.9519	-0.7782	-2.6161	-1.1648	
6.61	1.8091	-1.1565	0.0073	-3.0232	-1.1534	
6.62	1.8623	-1.4519	1.2066	-2.9756	-1.1595	
6.63	1.6861	-1.6267	0.8638	-3.003	-1.4588	
6.64	1.8378	-1.7711	-0.4061	-2.9797	-1.5342	
6.65	1.9955	-1.9437	-0.5687	-2.5407	-1.6121	
6.66	1.8851	-2.0456	0.5554	-2.4788	-1.7555	
6.67	2.17	-1.7682	1.1037	-2.5528	-2.022	
6.68	1.9074	-1.5826	0.2055	-2.5901	-1.9697	
6.69	2.1382	-1.4693	-0.8062	-2.2566	-1.9294	
6.7	1.8841	-1.5222	-0.2235	-2.2941	-2.1113	
6.71	1.7739	-1.2098	1.0098	-2.1154	-1.8233	
6.72	1.8782	-0.984	0.7743	-1.83	-1.9227	
6.73	1.7224	-0.7539	-0.5106	-1.7954	-1.7524	
6.74	1.5694	-0.4929	-0.9569	-1.4225	-1.4577	
6.75	1.6725	-0.2531	0.2162	-1.28	-1.2615	
6.76	1.4212	-0.0522	0.9549	-1.113	-1.1304	
6.77	1.3695	0.1232	0.0847	-0.9834	-0.9645	
6.78	1.2609	0.2801	-0.9669	-0.9458	-0.6227	
6.79	1.1931	0.3735	-0.6499	-0.7259	-0.3914	
6.8	0.9576	0.4152	0.5507	-0.5663	-0.1378	
6.81	1.0464	0.4088	0.5284	-0.4941	0.1153	
6.82	0.8738	0.4176	-0.6813	-0.4158	0.3301	
6.83	0.9133	0.3986	-1.2962	-0.2978	0.5732	
6.84	0.8443	0.352	-0.3289	-0.2078	0.6882	
6.85	0.8161	0.2995	0.618	-0.1524	0.9481	
6.86	0.785	0.2338	-0.1295	-0.106	0.9654	
6.87	0.7868	0.195	-1.4591	-0.0854	1.022	
6.88	0.8177	0.1607	-1.1194	-0.0683	1.0074	
6.89	0.7545	0.1537	0.0381	-0.0806	1.0016	
6.9	0.8358	0.1619	0.2614	-0.0948	0.8969	
6.91	1.0088	0.2029	-0.988	-0.1427	0.6169	
6.92	0.9438	0.2747	-1.7652	-0.1875	0.4675	
6.93	1.0346	0.45	-0.7941	-0.261	0.285	
6.94	1.2161	0.6115	0.261	-0.3118	0.0279	
6.95	1.4535	0.7749	-0.2249	-0.3737	-0.2458	
6.96	1.4114	1.0786	-1.6074	-0.4744	-0.4965	
6.97	1.4996	1.3528	-1.4684	-0.5565	-0.7287	
6.98	1.8285	1.5559	-0.2948	-0.6769	-0.9883	
6.99	1.9348	1.7769	0.2033	-0.6971	-1.2021	
7.0	2.0902	1.86	-0.8896	-0.907	-1.4053	
7.01	2.3553	2.233	-1.7316	-0.8817	-1.7713	
7.02	2.3759	2.2134	-1.0895	-1.0812	-1.8279	
7.03	2.195	2.3694	0.1633	-1.0805	-1.8278	
7.04	2.3564	2.4401	-0.074	-1.2596	-2.1167	
7.05	2.497	2.2674	-1.3841	-1.2484	-2.0644	
7.06	2.6093	2.261	-1.4623	-1.3456	-1.8038	
7.07	2.6501	2.4946	-0.2995	-1.2166	-1.7528	
7.08	3.0878	1.9846	0.4594	-1.1681	-1.9772	
7.09	2.9887	1.9447	-0.4195	-1.2094	-1.811	
7.1	2.7575	1.5786	-1.3587	-1.3378	-1.5478	
7.11	2.997	1.2323	-0.8285	-1.2021	-1.4592	
7.12	2.8087	0.9563	0.4271	-1.2133	-1.4209	
7.13	2.636	0.6595	0.3974	-1.1792	-1.1506	
7.14	3.0422	0.2993	-0.7167	-0.9127	-1.0474	
7.15	2.626	-0.0098	-1.0751	-0.8462	-1.0224	
7.16	2.6142	-0.2729	0.0546	-0.8703	-1.0407	
7.17	2.8286	-0.5691	1.0159	-0.6539	-0.9028	
7.18	2.6949	-0.8012	0.2542	-0.5384	-0.9777	
7.19	2.1361	-0.7994	-0.7629	-0.4076	-0.9062	
7.2	2.25	-0.9695	-0.4013	-0.2516	-0.9893	
7.21	1.8843	-0.9141	0.9421	-0.1191	-1.0899	
7.22	1.7713	-0.9801	1.1257	0.0213	-1.0995	
7.23	1.9045	-0.8191	0.0766	0.1627	-1.3505	
7.24	1.4411	-0.6488	-0.4775	0.2959	-1.4909	
7.25	1.388	-0.4239	0.555	0.4296	-1.6917	
7.26	1.2043	-0.17	1.5833	0.6062	-2.0085	
7.27	1.1633	0.0953	1.0825	0.7232	-1.9835	
7.28	1.0594	0.3501	0.0392	0.8556	-2.2201	
7.29	0.9225	0.6722	0.2447	0.9361	-2.0207	
7.3	0.7733	1.021	1.7281	0.9554	-2.438	
7.31	0.6637	1.2313	2.2258	1.0877	-2.42	
7.32	0.4955	1.5789	0.975	1.1826	-2.5864	
7.33	0.4251	1.526	0.3053	1.1124	-2.4819	
7.34	0.4163	1.6941	1.1623	1.143	-2.0579	
7.35	0.3798	1.8287	2.3996	1.2168	-1.9855	
7.36	0.3808	1.7663	1.8864	1.0106	-1.995	
7.37	0.3274	2.0278	0.7971	1.0843	-1.7569	
7.38	0.3747	1.745	0.8341	1.0309	-1.5431	
7.39	0.4104	1.7657	1.9439	0.8628	-1.1685	
7.4	0.4637	1.4357	2.8717	0.8727	-0.8789	
7.41	0.4552	1.4884	1.6008	0.7492	-0.6751	
7.42	0.5665	1.154	0.7946	0.6375	-0.3603	
7.43	0.6052	1.0183	1.6086	0.5144	-0.0769	
7.44	0.684	0.9417	2.9677	0.3596	0.1832	
7.45	0.7284	0.7522	2.6312	0.2399	0.4189	
7.46	0.8254	0.6272	1.2631	0.0812	0.6104	
7.47	0.9237	0.4896	1.0622	-0.0603	0.7793	
7.48	1.0388	0.4712	2.1412	-0.1814	0.9451	
7.49	1.1324	0.3626	3.0816	-0.3648	0.9228	
7.5	1.1679	0.4039	2.1488	-0.4735	1.1063	
7.51	1.2386	0.4342	1.022	-0.5663	1.0934	
7.52	1.2577	0.4519	1.5986	-0.7583	1.0462	
7.53	1.4497	0.5504	2.5377	-0.7518	0.8145	
7.54	1.3584	0.5943	2.9834	-0.8891	0.7497	
7.55	1.5746	0.7058	1.5087	-0.9958	0.5463	
7.56	1.3339	0.7427	0.876	-1.1621	0.3439	
7.57	1.5152	0.8114	2.0155	-1.1801	0.0933	
7.58	1.3763	0.9008	2.665	-1.2228	-0.1172	
7.59	1.4301	0.8087	2.2011	-1.1163	-0.3652	
7.6	1.3301	0.8459	0.8471	-1.1516	-0.566	
7.61	1.2792	0.6361	1.0562	-1.127	-0.7839	
7.62	1.1467	0.6085	2.2106	-1.1736	-0.8996	
7.63	0.9549	0.3706	2.2895	-0.9828	-1.0361	
7.64	0.9187	0.1798	1.206	-1.0253	-1.2172	
7.65	0.6543	-0.0743	0.4333	-1.0075	-1.2241	
7.66	0.5097	-0.3698	1.3895	-0.9539	-1.2678	
7.67	0.4241	-0.7203	2.1272	-0.7623	-1.3818	
7.68	0.216	-0.962	1.5092	-0.7151	-1.1509	
7.69	0.0632	-1.3045	0.3404	-0.6615	-1.1834	
7.7	-0.102	-1.4403	0.318	-0.5398	-1.0488	
7.71	-0.2622	-1.7953	1.3389	-0.438	-1.023	
7.72	-0.4195	-2.0318	1.7246	-0.3134	-0.9686	
7.73	-0.5315	-2.4215	0.669	-0.2094	-0.8464	
7.74	-0.7675	-2.4346	-0.2878	-0.1218	-0.7075	
7.75	-0.7845	-2.5422	0.3931	-0.0508	-0.6173	
7.76	-0.9728	-2.3827	1.3551	0.0152	-0.4929	
7.77	-1.1613	-2.2852	0.9318	0.0666	-0.4206	
7.78	-1.2157	-2.0401	-0.3407	0.1131	-0.4405	
7.79	-1.3787	-1.9296	-0.5845	0.1408	-0.4148	
7.8	-1.2203	-1.8068	0.5698	0.1638	-0.5242	
7.81	-1.2848	-1.5504	1.212	0.1657	-0.5078	
7.82	-1.4519	-1.2384	0.054	0.1549	-0.7244	
7.83	-1.2497	-0.7495	-0.9441	0.0985	-0.7626	
7.84	-1.4244	-0.524	-0.5196	0.0521	-0.9352	
7.85	-1.1738	-0.1733	0.6192	-0.0121	-1.1368	
7.86	-1.2039	0.1129	0.4322	-0.0874	-1.2429	
7.87	-1.2344	0.3946	-0.8102	-0.1856	-1.4112	
7.88	-1.1568	0.6366	-1.3245	-0.311	-1.9127	
7.89	-0.9355	0.7079	-0.176	-0.407	-2.1044	
7.9	-0.8336	0.9031	0.5827	-0.5242	-1.9554	
7.91	-0.762	0.8515	-0.3756	-0.6843	-2.3927	
7.92	-0.652	0.9148	-1.5613	-0.9128	-2.5951	
7.93	-0.473	0.7589	-1.201	-0.9964	-2.2613	
7.94	-0.3544	0.6056	0.1045	-1.1547	-2.4969	
7.95	-0.2146	0.5202	0.1587	-1.2623	-2.2345	
7.96	-0.0772	0.2848	-1.1034	-1.3105	-2.2011	
7.97	0.0398	0.0158	-1.7207	-1.6486	-2.2865	
7.98	0.1483	-0.238	-0.6979	-1.6133	-2.2573	
7.99	0.2526	-0.5084	0.267	-1.8086	-1.7559	
8.0	0.3417	-0.8064	-0.4345	-1.9525	-1.5026	
8.01	0.4587	-0.9398	-1.4553	-1.9014	-1.346	
8.02	0.4815	-1.2517	-1.4863	-2.2613	-1.125	
8.03	0.5589	-1.4105	-0.1249	-2.0454	-0.8131	
8.04	0.5735	-1.3967	0.1632	-2.1125	-0.4717	
8.05	0.5324	-1.7351	-0.9735	-2.1617	-0.2147	
8.06	0.5325	-1.7365	-1.7585	-2.4839	0.0634	
8.07	0.4918	-1.667	-0.7966	-2.4318	0.3226	
8.08	0.4541	-1.5198	0.2852	-2.2924	0.5555	
8.09	0.4301	-1.4761	-0.1578	-2.2344	0.7686	
8.1	0.4099	-1.4638	-1.2957	-2.4549	0.917	
8.11	0.3271	-1.2911	-1.2551	-2.0956	0.9977	
8.12	0.2053	-1.2917	-0.0469	-2.2001	1.0472	
8.13	0.106	-1.2027	0.4532	-2.0578	1.1334	
8.14	0.0078	-1.0524	-0.5992	-2.0543	1.107	
8.15	-0.1084	-0.9347	-1.3282	-1.9873	0.9085	
8.16	-0.2239	-0.7732	-0.6463	-1.7682	0.838	
8.17	-0.3279	-0.7756	0.6189	-1.6907	0.7283	
8.18	-0.4388	-0.7751	0.3167	-1.4803	0.5013	
8.19	-0.4945	-0.8323	-0.9481	-1.3358	0.3402	
8.2	-0.631	-0.9144	-0.9758	-1.1612	0.1781	
8.21	-0.6574	-0.9027	0.1656	-1.035	0.014	
8.22	-0.7279	-1.105	0.9328	-0.9412	-0.1359	
8.23	-0.8111	-1.2036	-0.0187	-0.8109	-0.2784	
8.24	-0.8282	-1.4925	-1.0653	-0.636	-0.4446	
8.25	-1.0199	-1.4038	-0.3886	-0.6253	-0.4682	
8.26	-0.9855	-1.7355	0.8259	-0.5032	-0.5679	
8.27	-0.9983	-1.8364	0.8653	-0.4434	-0.6493	
8.28	-1.0104	-1.7724	-0.3895	-0.3381	-0.5623	
8.29	-0.9685	-1.7135	-0.8262	-0.2785	-0.5878	
8.3	-0.9216	-1.6082	0.3599	-0.2315	-0.5492	
8.31	-0.7616	-1.5048	1.2304	-0.2134	-0.389	
8.32	-0.7369	-1.5057	0.4389	-0.2361	-0.3482	
8.33	-0.5819	-1.4311	-0.705	-0.2443	-0.1841	
8.34	-0.4576	-1.1223	-0.3358	-0.2831	-0.075	
8.35	-0.336	-0.8716	0.9579	-0.314	0.0478	
8.36	-0.2075	-0.4655	1.0023	-0.395	0.1695	
8.37	-0.0497	-0.1762	-0.1188	-0.4434	0.2594	
8.38	0.1065	0.1785	-0.7216	-0.4802	0.3075	
8.39	0.2782	0.5438	0.2482	-0.5476	0.3351	
8.4	0.4168	0.887	1.2334	-0.6591	0.3832	
8.41	0.6321	1.2421	0.5335	-0.7921	0.3111	
8.42	0.7851	1.4642	-0.6964	-0.8217	0.2629	
8.43	0.8806	1.5301	-0.5565	-1.0119	0.1596	
8.44	1.0196	2.0328	0.6836	-1.1616	0.0016	
8.45	1.2036	1.8664	1.0386	-1.0407	-0.1838	
8.46	1.2356	1.9356	-0.1421	-1.3136	-0.3889	
8.47	1.3614	2.0951	-1.0106	-1.285	-0.6047	
8.48	1.3791	2.0192	-0.1802	-1.4655	-0.7762	
8.49	1.455	1.7258	0.8023	-1.4047	-1.084	
8.5	1.5609	1.4295	0.3902	-1.548	-1.287	
8.51	1.6328	1.2633	-0.836	-1.3884	-1.5593	
8.52	1.7466	0.9659	-0.9203	-1.4779	-1.6819	
8.53	1.4748	0.8003	0.1695	-1.3961	-1.7752	
8.54	1.4738	0.4822	0.6747	-1.4862	-1.8939	
8.55	1.4813	0.1598	-0.4729	-1.3576	-2.165	
8.56	1.3584	-0.1034	-1.4733	-1.2987	-2.0871	
8.57	1.4609	-0.3883	-0.842	-1.3229	-2.0528	
8.58	1.3856	-0.588	0.2761	-1.0742	-2.427	
8.59	1.1938	-0.7753	-0.0159	-1.0007	-2.2039	
8.6	1.1012	-0.7885	-1.3835	-0.9207	-1.956	
8.61	0.8919	-0.9234	-1.801	-0.8736	-1.7224	
8.62	0.7759	-0.8217	-0.5675	-0.6149	-1.5008	
8.63	0.6834	-0.8676	0.0385	-0.4919	-1.307	
8.64	0.4935	-0.7616	-0.9951	-0.3373	-0.9875	
8.65	0.3701	-0.5826	-2.0756	-0.1838	-0.799	
8.66	0.2731	-0.4385	-1.7348	0.0052	-0.552	
8.67	0.1565	-0.2306	-0.4121	0.1612	-0.2552	
8.68	0.0466	0.0049	-0.4889	0.3363	0.0309	
8.69	-0.059	0.2092	-1.9337	0.5002	0.2525	
8.7	-0.1656	0.4477	-2.1898	0.6921	0.4583	
8.71	-0.2262	0.6065	-1.3147	0.9116	0.6556	
8.72	-0.2895	0.7771	-0.5576	1.0487	0.7829	
8.73	-0.3359	0.9887	-1.3635	1.2089	0.883	
8.74	-0.3491	1.1263	-2.3925	1.1354	0.9732	
8.75	-0.4166	1.0462	-2.2856	1.3863	1.0681	
8.76	-0.3993	1.0877	-1.1584	1.3451	0.9493	
8.77	-0.3663	1.2754	-0.956	1.6222	0.9599	
8.78	-0.3143	1.2113	-2.2744	1.5534	0.9191	
8.79	-0.2848	1.0771	-2.6933	1.6534	0.8505	
8.8	-0.1995	1.0237	-2.0507	1.476	0.6139	
8.81	-0.1582	0.9045	-0.9284	1.4677	0.492	
8.82	-0.0566	0.7533	-1.4848	1.5547	0.4166	
8.83	0.0307	0.6863	-2.4423	1.5145	0.2419	
8.84	0.1222	0.7502	-2.6321	1.6279	0.1321	
8.85	0.222	0.6712	-1.352	1.5437	0.0499	
8.86	0.3681	0.7054	-0.9266	1.4537	-0.0232	
8.87	0.4052	0.6153	-2.0005	1.4006	-0.061	
8.88	0.5913	0.7166	-2.9874	1.2058	-0.083	
8.89	0.6987	0.8606	-2.0531	1.0396	-0.0578	
8.9	0.7207	1.005	-0.8258	1.0675	-0.003	
8.91	0.8745	1.052	-1.2101	0.9634	0.0782	
8.92	0.923	1.2287	-2.5053	0.8657	0.1787	
8.93	1.0021	1.591	-2.265	0.6566	0.339	
8.94	0.9763	1.9032	-1.1097	0.568	0.4268	
8.95	1.0392	1.8156	-0.5941	0.5526	0.6534	
8.96	0.9593	2.1664	-1.4294	0.455	0.8242	
8.97	0.9239	2.4699	-2.4956	0.3228	0.9139	
8.98	0.8615	2.5264	-1.6522	0.2996	0.992	
8.99	0.8981	2.5367	-0.3824	0.2294	1.2139	
9.0	0.8082	2.2477	-0.5036	0.2052	1.3088	
9.01	0.7872	2.3521	-1.6409	0.1822	1.1645	
9.02	0.5598	2.1383	-1.7883	0.1788	1.186	
9.03	0.4527	2.177	-0.7237	0.1908	1.2446	
9.04	0.3465	1.9387	0.1468	0.1857	1.2054	
9.05	0.1952	1.7013	-0.6294	0.2255	0.9208	
9.06	0.0454	1.4823	-1.5489	0.3293	0.8311	
9.07	-0.1102	1.0054	-1.0265	0.3957	0.7118	
9.08	-0.3195	0.6945	0.2575	0.4457	0.4088	
9.09	-0.4824	0.2926	0.4134	0.4916	0.1629	
9.1	-0.5901	-0.0911	-0.6689	0.7076	-0.1002	
9.11	-0.8559	-0.4334	-1.0982	0.7704	-0.3559	
9.12	-0.9738	-0.7782	-0.04	0.8459	-0.6999	
9.13	-1.2318	-1.0974	0.9698	0.9997	-0.8563	
9.14	-1.2242	-1.247	0.4362	1.2184	-1.2184	
9.15	-1.447	-1.3925	-0.6973	1.1334	-1.4399	
9.16	-1.7626	-1.4673	-0.4277	1.3223	-1.5899	
9.17	-1.6364	-1.6503	0.9088	1.5608	-1.8011	
9.18	-1.8334	-1.3995	1.2554	1.5147	-1.612	
9.19	-2.0326	-1.4456	0.2434	1.8074	-1.8529	
9.2	-2.1321	-1.1941	-0.4177	1.6894	-1.7655	
9.21	-2.2761	-1.1079	0.5224	2.0092	-1.9317	
9.22	-2.002	-0.7555	1.7364	2.0875	-1.6447	
9.23	-2.2609	-0.5503	1.3893	2.1002	-1.4355	
9.24	-2.2098	-0.27	0.0959	2.1113	-1.236	
9.25	-2.1924	-0.0182	0.1847	2.0132	-1.1468	
9.26	-1.9396	0.2201	1.5075	1.8612	-0.8948	
9.27	-1.8554	0.4249	2.1836	2.0026	-0.5843	
9.28	-1.9526	0.7094	0.9087	2.2012	-0.3984	
9.29	-1.8762	0.8398	0.1326	2.1	-0.1332	
9.3	-1.8585	0.9395	0.9089	1.9965	0.1063	
9.31	-1.6741	0.8973	1.9377	1.9345	0.3385	
9.32	-1.5396	1.0269	1.7461	1.6109	0.5657	
9.33	-1.637	1.0305	0.6135	1.6819	0.6387	
9.34	-1.553	0.9077	0.4224	1.3166	0.848	
9.35	-1.3497	0.7176	1.4896	1.2642	0.9522	
9.36	-1.2782	0.6651	2.4271	1.2143	0.9684	
9.37	-1.1973	0.4523	1.3677	1.1092	0.9452	
9.38	-1.0785	0.2754	0.3444	0.8961	0.9369	
9.39	-1.0468	0.0844	0.8538	0.6897	0.9089	
9.4	-0.9908	-0.0845	2.0102	0.5969	0.8965	
9.41	-0.8833	-0.225	1.8642	0.4265	0.6999	
9.42	-0.8986	-0.3908	0.7249	0.2381	0.6429	
9.43	-0.8789	-0.4543	0.2704	0.0929	0.4889	
9.44	-0.8695	-0.5864	1.4902	-0.0346	0.3923	
9.45	-0.8256	-0.5199	2.3088	-0.1729	0.3456	
9.46	-0.9773	-0.6019	1.4114	-0.2944	0.2619	
9.47	-0.942	-0.4825	0.1899	-0.373	0.2098	
9.48	-1.0702	-0.4286	0.5414	-0.4792	0.1821	
9.49	-1.0083	-0.3665	1.5555	-0.4726	0.1696	
9.5	-1.309	-0.3215	1.8474	-0.5694	0.2037	
9.51	-1.2053	-0.231	0.5149	-0.5493	0.2665	
9.52	-1.4294	-0.1247	-0.1105	-0.6364	0.4191	
9.53	-1.4875	-0.0677	0.8267	-0.5811	0.5473	
9.54	-1.6897	-0.0377	1.8127	-0.5927	0.7549	
9.55	-1.8582	-0.0321	1.0497	-0.6214	0.9472	
9.56	-1.9237	-0.0651	-0.1788	-0.5625	1.0123	
9.57	-2.1657	-0.1382	-0.0718	-0.4631	1.3283	
9.58	-2.2943	-0.2739	1.0728	-0.415	1.3747	
9.59	-2.2565	-0.4281	1.4727	-0.2937	1.5244	
9.6	-2.6711	-0.6073	0.2342	-0.2092	1.8281	
9.61	-2.4598	-0.8879	-0.5338	-0.1046	1.7296	
9.62	-2.8642	-1.1062	0.2092	-0.0097	1.8983	
9.63	-2.9823	-1.3715	1.1888	0.1045	2.2536	
9.64	-2.7796	-1.6905	0.7596	0.219	2.2465	
9.65	-2.9545	-1.9028	-0.5326	0.2759	1.8959	
9.66	-2.9999	-2.2178	-0.6503	0.4349	1.9767	
9.67	-2.778	-2.2582	0.6171	0.4502	2.0082	
9.68	-2.8875	-2.582	1.0477	0.523	1.8454	
9.69	-2.9845	-2.7299	0.0376	0.6751	1.6405	
9.7	-2.953	-3.1276	-0.8946	0.7534	1.3392	
9.71	-2.487	-2.8986	-0.2687	0.7409	1.0196	
9.72	-2.6746	-2.9806	0.8886	0.8677	0.7388	
9.73	-2.3507	-2.7267	0.7301	0.7434	0.4605	
9.74	-2.4525	-2.378	-0.591	0.8546	0.1514	
9.75	-2.2702	-2.1985	-0.8374	0.7876	-0.1462	
9.76	-1.9537	-2.0883	0.2703	0.75	-0.4339	
9.77	-1.7951	-1.5728	0.9218	0.764	-0.6928	
9.78	-1.7686	-1.2462	0.101	0.6612	-0.8502	
9.79	-1.7496	-0.9204	-0.9871	0.6606	-0.9393	
9.8	-1.5313	-0.6271	-0.4894	0.5779	-1.19	
9.81	-1.4481	-0.2373	0.7475	0.4567	-1.2874	
9.82	-1.0872	0.0658	0.8422	0.307	-1.1933	
9.83	-1.0976	0.327	-0.3965	0.2014	-1.1194	
9.84	-0.8712	0.6283	-0.8968	0.0722	-1.1983	
9.85	-0.661	0.8175	0.2475	-0.0472	-0.9911	
9.86	-0.6505	0.8746	1.273	-0.1863	-0.855	
9.87	-0.5005	1.0043	0.4463	-0.2937	-0.7676	
9.88	-0.3803	0.8955	-0.664	-0.4717	-0.4712	
9.89	-0.3004	0.9798	-0.2979	-0.5878	-0.3011	
9.9	-0.2201	0.8419	1.0755	-0.7452	-0.1091	
9.91	-0.2082	0.6102	1.194	-0.7633	0.1058	
9.92	-0.1679	0.4664	0.0962	-0.9206	0.3221	
9.93	-0.1539	0.2493	-0.4948	-1.0299	0.462	
9.94	-0.1475	0.016	0.4784	-1.006	0.637	
9.95	-0.1568	-0.2076	1.5949	-1.075	0.6957	
9.96	-0.2036	-0.3976	1.0938	-1.2434	0.8715	
9.97	-0.2618	-0.613	-0.1122	-1.1838	0.8264	
9.98	-0.303	-0.8676	0.0335	-1.1397	0.9244	
9.99	-0.4166	-0.915	1.4214	-1.232	0.9442	
10.0	-0.4614	-0.9558	1.9492	-1.218	0.8015	
10.01	-0.5333	-1.0492	0.7202	-1.1383	0.824	
10.02	-0.6793	-1.118	-0.0207	-1.1398	0.639	
10.03	-0.7317	-0.9834	0.8326	-0.9768	0.6038	
10.04	-0.8136	-1.0345	2.1504	-0.8156	0.5009	
10.05	-0.8684	-0.9214	1.7992	-0.7453	0.4193	
10.06	-1.0117	-0.7364	0.4976	-0.6661	0.3272	
10.07	-1.1445	-0.6226	0.413	-0.5017	0.2167	
10.08	-1.0866	-0.4568	1.7146	-0.393	0.1615	
10.09	-1.1152	-0.3197	2.357	-0.2356	0.1456	
10.1	-1.2588	-0.1864	1.3567	-0.0822	0.1588	
10.11	-1.2266	-0.0936	0.3888	0.0765	0.2002	
10.12	-1.2453	-0.0101	1.0661	0.2233	0.2574	
10.13	-1.4077	0.0315	2.4296	0.4024	0.3713	
10.14	-1.2467	0.0435	2.142	0.5948	0.4757	
10.15	-1.1455	0.0172	0.9265	0.6413	0.7576	
10.16	-1.297	-0.0368	0.5208	0.9089	0.8799	
10.17	-1.2396	-0.1226	1.8609	0.9232	1.0513	
10.18	-1.0267	-0.2255	2.353	1.1171	1.4192	
10.19	-0.9274	-0.3207	1.5691	1.1938	1.539	
10.2	-0.7737	-0.4872	0.5036	1.2472	1.9342	
10.21	-0.7197	-0.5782	0.9483	1.3141	1.8771	
10.22	-0.6185	-0.6971	1.985	1.307	2.3518	
10.23	-0.4761	-0.7876	2.1769	1.3263	2.216	
10.24	-0.2838	-0.8662	0.9549	1.6206	2.4975	
10.25	-0.1354	-0.7591	0.3539	1.4872	2.7958	
10.26	0.0195	-0.8166	1.3476	1.3685	2.5363	
10.27	0.1662	-0.6935	2.2354	1.5884	2.8447	
10.28	0.3457	-0.5514	1.4245	1.4139	2.5821	
10.29	0.4468	-0.3206	0.2827	1.3897	2.7409	
10.3	0.644	-0.0863	0.4765	1.3924	2.5311	
10.31	0.7079	0.1831	1.7018	1.2436	2.1598	
10.32	0.8537	0.5245	1.9365	1.0633	2.0656	
10.33	1.0434	0.8046	0.6309	1.0326	1.5876	
10.34	1.0624	1.2852	-0.1682	1.0077	1.4174	
10.35	1.0673	1.5899	0.6697	0.9118	1.2707	
10.36	1.2318	1.8768	1.6502	0.8401	0.8009	
10.37	1.2906	2.0313	1.0727	0.7873	0.5934	
10.38	1.1434	2.3172	-0.2722	0.7098	0.3241	
10.39	1.1206	2.7375	-0.3155	0.6207	0.1154	
10.4	1.1541	2.5644	0.87	0.463	-0.0962	
10.41	1.0266	2.5934	1.2532	0.4568	-0.2933	
10.42	1.0058	2.9768	0.0222	0.3793	-0.3693	
10.43	1.0551	2.851	-0.9775	0.3701	-0.5199	
10.44	0.8625	2.5036	-0.3068	0.3785	-0.5075	
10.45	0.7498	2.5387	0.7935	0.3524	-0.5462	
10.46	0.6836	2.2172	0.3423	0.3644	-0.5312	
10.47	0.4875	2.1331	-0.9033	0.3568	-0.4375	
10.48	0.4238	1.534	-1.258	0.4085	-0.3486	
10.49	0.2726	1.2507	-0.1865	0.443	-0.1767	
10.5	0.1146	0.9927	0.4121	0.6046	-0.0346	
10.51	-0.0318	0.7243	-0.7269	0.6053	0.1163	
10.52	-0.1601	0.4365	-1.6883	0.8167	0.2567	
10.53	-0.3203	0.134	-1.3533	0.8172	0.4544	
10.54	-0.4799	-0.0844	-0.1422	0.9867	0.6105	
10.55	-0.5304	-0.2696	-0.2848	1.0298	0.7752	
10.56	-0.6983	-0.4217	-1.5863	1.1808	0.7391	
10.57	-0.7773	-0.4848	-2.0175	1.5184	0.8204	
10.58	-0.8127	-0.5137	-1.1077	1.7216	0.9266	
10.59	-0.9352	-0.4231	-0.3346	1.707	0.9522	
10.6	-0.9393	-0.3894	-1.2133	1.8732	0.9419	
10.61	-1.0653	-0.2636	-2.2638	1.975	0.7695	
10.62	-0.9454	-0.1013	-2.2377	2.0845	0.752	
10.63	-0.9459	0.0643	-0.785	2.1884	0.6824	
10.64	-0.8911	0.258	-0.7886	2.4881	0.5587	
10.65	-0.9388	0.4709	-2.029	2.5449	0.386	
10.66	-0.8095	0.6054	-2.6246	2.8755	0.2859	
10.67	-0.8153	0.7961	-1.8205	2.5381	0.1393	
10.68	-0.7436	0.9817	-0.7375	2.7128	0.0468	
10.69	-0.6461	1.0482	-1.3538	3.0579	-0.0325	
10.7	-0.5679	1.0212	-2.5777	2.6849	-0.0924	
10.71	-0.443	0.9979	-2.6663	3.098	-0.1062	
10.72	-0.3242	1.0346	-1.2641	2.8103	-0.1013	
10.73	-0.2135	1.0828	-0.9031	2.7612	-0.0375	
10.74	-0.1303	1.019	-2.1106	2.7514	0.0627	
10.75	-0.0257	0.8586	-2.9728	2.7003	0.1794	
10.76	0.0771	0.799	-1.7559	2.5158	0.3614	
10.77	0.1717	0.6245	-0.7072	2.4723	0.6293	
10.78	0.2512	0.4482	-1.0436	2.4582	0.8767	
10.79	0.3374	0.4048	-2.4508	2.6305	1.1546	
10.8	0.3554	0.2797	-2.549	2.4739	1.3494	
10.81	0.3942	0.2354	-1.002	2.2607	1.7559	
10.82	0.4237	0.2063	-0.5668	2.1039	1.8751	
10.83	0.4781	0.203	-1.5998	2.0001	2.0919	
10.84	0.4503	0.2464	-2.6113	1.9367	2.5638	
10.85	0.3954	0.3179	-1.6214	1.544	2.6546	
10.86	0.3455	0.517	-0.4096	1.7195	2.7884	
10.87	0.299	0.6684	-0.6402	1.3146	3.0192	
10.88	0.2192	0.7353	-1.6991	1.2965	2.7129	
10.89	0.1072	0.9064	-1.9201	1.3137	2.9355	
10.9	0.0012	1.2056	-0.7986	1.2068	3.0589	
10.91	-0.1113	1.2726	0.0123	0.9505	3.105	
10.92	-0.2482	1.4313	-0.8814	0.9584	2.9028	
10.93	-0.3578	1.7155	-1.6749	0.9464	2.6369	
10.94	-0.5156	1.5393	-1.133	0.7572	2.5439	
10.95	-0.6817	1.5656	0.0652	0.7709	2.0934	
10.96	-0.7676	1.5395	0.1052	0.7409	1.924	
10.97	-1.0884	1.5724	-1.1456	0.7368	1.6263	
10.98	-1.1965	1.381	-1.3686	0.766	1.453	
10.99	-1.4034	1.2212	-0.3063	0.8166	1.2214	
11.0	-1.3879	0.9401	0.6188	0.8683	0.8298	
11.01	-1.4591	0.6929	-0.1047	0.9239	0.6677	
11.02	-1.5493	0.4186	-1.2638	0.9232	0.4796	
11.03	-1.6553	0.0267	-0.7687	1.0136	0.3463	
11.04	-1.7044	-0.3823	0.4369	1.1151	0.1888	
11.05	-1.8991	-0.7593	0.7328	1.1755	0.1178	
11.06	-1.8143	-1.2021	-0.4496	1.4367	0.0788	
11.07	-2.0968	-1.5577	-1.0442	1.41	0.0695	
11.08	-1.8215	-1.9095	-0.0639	1.6318	0.0909	
11.09	-2.0735	-1.8898	0.9167	1.6588	0.1726	
11.1	-1.8581	-2.0067	0.4807	1.5884	0.2291	
11.11	-2.121	-2.1689	-0.7688	1.679	0.3715	
11.12	-2.0348	-2.6491	-0.6983	1.8147	0.5023	
11.13	-1.8157	-2.5435	0.6264	2.0468	0.5414	
11.14	-1.6483	-2.5605	1.0909	1.8732	0.7495	
11.15	-1.5762	-2.33	-0.0628	1.8871	0.8247	
11.16	-1.5918	-2.032	-0.8322	1.9641	0.8962	
11.17	-1.3333	-2.102	-0.0767	2.2181	0.9621	
11.18	-1.1911	-1.7794	0.9814	2.0603	0.9786	
11.19	-1.0554	-1.4216	0.599	2.1227	1.1301	
11.2	-0.9857	-1.0357	-0.6016	1.8033	0.9387	
11.21	-0.7391	-0.8321	-0.7512	1.9956	0.9968	
11.22	-0.6749	-0.6037	0.4617	2.0425	0.9582	
11.23	-0.5394	-0.38	1.0381	1.6496	0.7869	
11.24	-0.3959	-0.1839	-0.002	1.5842	0.5998	
11.25	-0.2368	-0.0065	-1.0814	1.4208	0.508	
11.26	-0.1378	0.0981	-0.3892	1.5369	0.3514	
11.27	-0.0442	0.185	0.838	1.2734	0.1817	
11.28	0.0404	0.1812	0.5861	1.0043	0.0084	
11.29	0.1069	0.1728	-0.7975	0.9369	-0.1355	
11.3	0.1709	0.1053	-1.1463	0.8324	-0.258	
11.31	0.184	-0.0064	0.0109	0.595	-0.3739	
11.32	0.2193	-0.1404	0.6912	0.4452	-0.4346	
11.33	0.2015	-0.2632	-0.1659	0.2735	-0.4495	
11.34	0.1853	-0.4351	-1.4018	0.1437	-0.5349	
11.35	0.1681	-0.5566	-0.8699	-0.0149	-0.4784	
11.36	0.1123	-0.7324	0.3105	-0.1697	-0.3648	
11.37	0.0682	-0.8169	0.3165	-0.3172	-0.2013	
11.38	-0.0043	-0.9686	-1.0546	-0.4262	-0.0232	
11.39	-0.0756	-0.9236	-1.4605	-0.5693	0.1837	
11.4	-0.1633	-1.0901	-0.5311	-0.6131	0.4574	
11.41	-0.2629	-0.989	0.3283	-0.6556	0.6614	
11.42	-0.344	-0.9103	-0.4205	-0.7536	1.0035	
11.43	-0.4351	-0.9506	-1.7031	-0.7924	1.2532	
11.44	-0.5199	-0.8155	-1.3964	-0.8467	1.7187	
11.45	-0.6238	-0.6067	-0.1645	-0.7789	1.7029	
11.46	-0.6514	-0.5006	0.0365	-0.7289	1.965	
11.47	-0.822	-0.4557	-1.1078	-0.7394	2.5561	
11.48	-0.8512	-0.2947	-1.7011	-0.7096	2.2921	
11.49	-0.9445	-0.2077	-0.9422	-0.6537	2.876	
11.5	-0.9198	-0.1537	0.0336	-0.5743	2.7204	
11.51	-0.926	-0.115	-0.4799	-0.4617	2.7816	
11.52	-0.9289	-0.1318	-1.8981	-0.4037	2.6236	
11.53	-0.8877	-0.1972	-1.6543	-0.2707	2.7119	
11.54	-0.8754	-0.2827	-0.4358	-0.1784	2.7939	
11.55	-0.9334	-0.4081	0.0074	-0.07	2.5386	
11.56	-0.8423	-0.6273	-0.9608	0.0443	2.3349	
11.57	-0.7993	-0.7777	-2.0091	0.1784	2.3141	
11.58	-0.6428	-0.9582	-1.1639	0.2881	2.1666	
11.59	-0.5193	-1.254	0.0305	0.3679	1.8825	
11.6	-0.3614	-1.6593	-0.2392	0.4446	1.6199	
11.61	-0.2427	-1.6615	-1.4017	0.5507	1.3941	
11.62	-0.0705	-1.8974	-1.4775	0.6765	1.0969	
11.63	0.0931	-2.0821	-0.3781	0.7793	0.9666	
11.64	0.2675	-2.4448	0.2769	0.7211	0.8755	
11.65	0.4328	-2.2195	-0.5727	0.8695	0.6402	
11.66	0.6252	-2.2609	-1.5331	0.8094	0.6163	
11.67	0.8494	-2.5818	-0.8605	0.9186	0.4906	
11.68	0.9906	-2.4053	0.3773	0.8824	0.4825	
11.69	1.2352	-2.3345	0.3038	0.8221	0.5451	
11.7	1.2983	-1.7821	-0.8348	0.8431	0.4998	
11.71	1.5777	-1.6333	-1.113	0.8085	0.6084	
11.72	1.7288	-1.3882	0.0293	0.6594	0.7416	
11.73	1.7201	-0.9337	0.9377	0.6525	0.7561	
11.74	1.8318	-0.5719	0.1981	0.5754	0.8254	
11.75	1.9755	-0.1931	-0.8644	0.4607	1.0164	
11.76	2.1384	0.1635	-0.4014	0.3741	1.1162	
11.77	2.1676	0.5746	0.98	0.2633	1.3057	
11.78	2.1147	0.9039	1.19	0.1468	1.2063	
11.79	2.2172	1.0806	0.0274	0.0304	1.4154	
11.8	2.3146	1.4364	-0.4522	-0.0846	1.2405	
11.81	2.3692	1.7438	0.6654	-0.184	1.3185	
11.82	2.3493	1.6426	1.6725	-0.3252	1.1287	
11.83	1.9808	1.6824	1.1887	-0.4183	1.0476	
11.84	2.0903	1.8334	0.0228	-0.5286	1.0314	
11.85	2.0311	1.6208	0.2991	-0.6299	0.856	
11.86	1.9089	1.632	1.7049	-0.6788	0.6606	
11.87	1.7247	1.5009	1.9068	-0.7152	0.408	
11.88	1.6706	1.2397	0.8794	-0.73	0.1887	
11.89	1.477	1.1303	0.2906	-0.7425	-0.0293	
11.9	1.5532	0.8601	1.1514	-0.7539	-0.2243	
11.91	1.3541	0.6668	2.4792	-0.7507	-0.4223	
11.92	1.1525	0.5156	1.9658	-0.75	-0.6144	
11.93	1.0987	0.3092	0.8602	-0.6293	-0.798	
11.94	1.0432	0.147	0.8793	-0.5846	-0.8036	
11.95	0.9979	0.0147	2.2804	-0.5333	-0.8533	
11.96	0.9357	-0.066	2.5937	-0.4735	-1.0337	
11.97	0.8381	-0.0934	1.7442	-0.3409	-1.0126	
11.98	0.8637	-0.1066	0.7654	-0.2176	-0.8572	
11.99	0.7537	-0.0532	1.6408	-0.0816	-0.7044	
12.0	0.7401	0.0192	2.7714	0.0633	-0.5271	
12.01	0.7588	0.118	2.5634	0.2235	-0.382	
12.02	0.8626	0.2429	1.3469	0.381	-0.1134	
12.03	0.7568	0.4022	1.0795	0.512	0.1525	
12.04	0.86	0.5436	2.3265	0.731	0.4191	
12.05	0.9389	0.6219	2.6973	0.8538	0.7053	
12.06	0.9622	0.7155	2.2255	0.9733	1.0935	
12.07	1.041	0.8394	0.9416	1.174	1.2284	
12.08	1.1203	0.9141	1.4083	1.2494	1.5494	
12.09	1.2768	0.8241	2.6469	1.4568	1.7213	
12.1	1.5692	0.9512	2.6505	1.4344	2.1176	
12.11	1.5342	0.8116	1.3218	1.7719	2.097	
12.12	1.6197	0.7991	0.8638	1.6739	2.2113	
12.13	1.8533	0.6806	1.8812	1.9977	2.128	
12.14	2.1655	0.4821	2.9551	1.8004	2.221	
12.15	1.9723	0.3572	2.0442	2.1128	2.5696	
12.16	2.0772	0.203	0.7217	1.9413	2.1202	
12.17	2.2671	0.0557	0.9607	2.0186	2.0589	
12.18	2.5078	-0.0684	2.3734	2.0603	2.1338	
12.19	2.6896	-0.1622	2.2391	1.8964	1.8796	
12.2	2.5391	-0.2415	1.2075	1.8631	1.7243	
12.21	2.5338	-0.2732	0.4324	1.7326	1.6632	
12.22	2.3816	-0.2267	1.3225	1.8156	1.3163	
12.23	2.8513	-0.1384	2.1312	1.8845	1.224	
12.24	2.3835	-0.0166	1.6443	1.7481	1.0173	
12.25	2.8402	0.1529	0.297	1.5677	0.9153	
12.26	2.6585	0.4134	0.2918	1.3239	0.7981	
12.27	2.7077	0.6644	1.5304	1.2854	0.7423	
12.28	2.3578	0.8572	1.9322	1.1015	0.7258	
12.29	2.4363	1.1834	0.5993	1.2218	0.6025	
12.3	2.1143	1.3959	-0.2944	0.9436	0.7037	
12.31	2.2107	1.95	0.4623	0.9771	0.6942	
12.32	1.8652	2.3199	1.3199	0.875	0.7992	
12.33	1.6709	2.45	1.0557	0.7404	0.8256	
12.34	1.5983	2.3837	-0.3445	0.6545	0.8948	
12.35	1.3952	2.711	-0.5655	0.6007	1.0575	
12.36	1.4156	2.8455	0.6284	0.5627	1.1706	
12.37	1.1856	2.6773	1.1986	0.4386	1.3323	
12.38	0.9687	2.8253	0.051	0.4298	1.4207	
12.39	0.7691	2.8814	-0.9269	0.488	1.338	
12.4	0.6352	2.8042	-0.3967	0.4324	1.5055	
12.41	0.4925	2.3341	0.6779	0.5	1.3895	
12.42	0.3698	2.0986	0.4765	0.5374	1.4144	
12.43	0.232	1.6868	-0.7879	0.6193	1.316	
12.44	0.152	1.2937	-1.2222	0.6345	1.3806	
12.45	0.0614	0.9957	-0.0648	0.7031	1.2735	
12.46	-0.0136	0.7164	0.6289	0.8736	0.958	
12.47	-0.0729	0.3555	-0.2903	0.8659	0.8022	
12.48	-0.1013	0.0295	-1.4431	0.95	0.5918	
12.49	-0.1402	-0.2688	-0.9687	1.1479	0.3345	
12.5	-0.1328	-0.5176	0.2484	1.1983	0.0788	
12.51	-0.1258	-0.7848	0.2867	1.2826	-0.1783	
12.52	-0.0798	-0.9495	-1.0358	1.6481	-0.4124	
12.53	-0.0429	-0.9018	-1.4872	1.6765	-0.6164	
12.54	0.0192	-0.9641	-0.4288	1.7427	-0.8117	
12.55	0.0912	-1.0081	0.4256	1.731	-1.0811	
12.56	0.178	-0.9134	-0.2407	1.9281	-1.3273	
12.57	0.244	-0.9051	-1.506	2.2014	-1.4048	
12.58	0.3347	-0.7473	-1.1447	2.256	-1.4461	
12.59	0.4772	-0.5545	0.105	2.3485	-1.4703	
12.6	0.5707	-0.3944	0.3833	2.0671	-1.4623	
12.61	0.6071	-0.2268	-0.8383	2.163	-1.3615	
12.62	0.6904	-0.0814	-1.4476	2.0866	-1.0921	
12.63	0.9143	0.0438	-0.5554	2.1639	-0.9234	
12.64	0.9448	0.145	0.528	2.2701	-0.6724	
12.65	0.9683	0.2238	0.066	2.3829	-0.4649	
12.66	1.184	0.2616	-1.1057	2.1144	-0.2253	
12.67	1.0904	0.2174	-1.0769	1.8998	0.0297	
12.68	1.2146	0.1848	0.2216	1.9095	0.3136	
12.69	1.2711	0.1363	0.7073	1.6949	0.6113	
12.7	1.1395	0.0276	-0.3567	1.8823	0.7441	
12.71	1.1413	-0.0916	-1.1032	1.7207	1.1078	
12.72	1.2037	-0.218	-0.3627	1.3984	1.2652	
12.73	1.03	-0.3852	0.7526	1.219	1.519	
12.74	1.0654	-0.4785	0.5831	1.0564	1.4244	
12.75	0.9849	-0.5952	-0.7153	1.0103	1.4231	
12.76	0.8557	-0.6507	-0.8026	0.8437	1.5085	
12.77	0.7766	-0.7302	0.4576	0.7108	1.4588	
12.78	0.5639	-0.702	1.0227	0.5069	1.6057	
12.79	0.459	-0.7024	0.1937	0.3205	1.6414	
12.8	0.3897	-0.7091	-0.7601	0.1615	1.3396	
12.81	0.2252	-0.6246	-0.1605	0.0232	1.3705	
12.82	0.0661	-0.4377	1.1664	-0.1119	1.2214	
12.83	-0.0738	-0.2854	1.0726	-0.2287	1.0229	
12.84	-0.2017	-0.1195	-0.2347	-0.3057	0.8058	
12.85	-0.3349	0.0676	-0.5834	-0.4356	0.7683	
12.86	-0.4919	0.2455	0.5436	-0.5184	0.626	
12.87	-0.6551	0.3984	1.3841	-0.5315	0.5059	
12.88	-0.7787	0.6326	0.6003	-0.5588	0.4263	
12.89	-0.8581	0.6526	-0.5583	-0.6182	0.3986	
12.9	-0.8364	0.8113	-0.1466	-0.7179	0.3862	
12.91	-0.9685	0.8871	1.1143	-0.6128	0.4406	
12.92	-1.019	0.7596	1.1589	-0.6672	0.488	
12.93	-1.1114	0.8067	-0.0162	-0.5496	0.5443	
12.94	-1.0152	0.6272	-0.5457	-0.542	0.6864	
12.95	-0.9874	0.4348	0.3906	-0.4668	0.8794	
12.96	-0.9579	0.1528	1.2838	-0.3909	0.8666	
12.97	-0.8946	-0.1149	0.622	-0.3346	1.1992	
12.98	-0.9352	-0.4448	-0.5916	-0.2597	1.1146	
12.99	-0.7235	-0.762	-0.4551	-0.1798	1.4963	
13.0	-0.6811	-1.1989	0.8372	-0.0988	1.524	
13.01	-0.594	-1.3664	1.1054	-0.0053	1.6105	
13.02	-0.4542	-1.8949	-0.1209	0.0786	1.7036	
13.03	-0.3295	-2.1072	-0.9092	0.1724	1.7406	
13.04	-0.1877	-2.6555	-0.1001	0.2239	1.4966	
13.05	-0.0208	-2.8417	0.9822	0.2767	1.5591	
13.06	0.1233	-2.5502	0.4337	0.3397	1.5533	
13.07	0.2891	-2.7196	-0.8823	0.4097	1.299	
13.08	0.4074	-2.9383	-0.9501	0.4609	1.0014	
13.09	0.6367	-3.0639	0.1663	0.4705	0.8835	
13.1	0.7366	-2.7338	0.6216	0.4025	0.5312	
13.11	0.7963	-2.4557	-0.4709	0.4373	0.3317	
13.12	0.9242	-2.3332	-1.5786	0.3927	0.0201	
13.13	1.0382	-2.3587	-0.8647	0.3271	-0.2584	
13.14	1.3083	-1.8997	0.2247	0.2657	-0.5873	
13.15	1.2732	-1.6912	-0.1005	0.181	-0.8068	
13.16	1.43	-1.2529	-1.3782	0.1062	-1.0184	
13.17	1.2924	-0.9556	-1.8855	-0.0014	-1.2289	
13.18	1.3844	-0.7982	-0.5982	-0.1156	-1.5297	
13.19	1.4596	-0.4965	-0.0387	-0.2676	-1.5297	
13.2	1.3412	-0.2254	-0.9865	-0.355	-1.5638	
13.21	1.3458	-0.052	-2.2613	-0.5658	-1.7935	
13.22	1.3358	0.0928	-1.5935	-0.6622	-1.8654	
13.23	1.3458	0.1865	-0.5211	-0.8521	-1.64	
13.24	1.2715	0.2062	-0.6836	-0.9122	-1.4532	
13.25	1.07	0.2159	-1.8151	-1.2422	-1.3427	
13.26	1.0633	0.1622	-2.5491	-1.1782	-1.376	
13.27	0.9878	0.1088	-1.3841	-1.2932	-1.184	
13.28	0.9508	0.0051	-0.6322	-1.4524	-0.8954	
13.29	0.8002	-0.1092	-1.5141	-1.668	-0.6167	
13.3	0.7224	-0.2417	-2.4008	-1.6373	-0.3879	
13.31	0.578	-0.361	-2.4994	-1.9987	-0.1509	
13.32	0.5041	-0.4005	-1.0779	-1.8403	0.0491	
13.33	0.4129	-0.5363	-0.9638	-1.9256	0.2395	
13.34	0.314	-0.5646	-2.051	-2.1963	0.4309	
13.35	0.2076	-0.5414	-2.7784	-2.0561	0.5369	
13.36	0.146	-0.5315	-1.7977	-1.9273	0.6951	
13.37	0.1062	-0.4622	-0.9382	-2.104	0.6355	
13.38	0.0838	-0.4374	-1.5422	-2.1867	0.651	
13.39	0.0657	-0.3442	-2.948	-2.2518	0.699	
13.4	0.0556	-0.1795	-2.7611	-1.8662	0.5963	
13.41	0.0838	-0.0343	-1.5037	-1.7422	0.5914	
13.42	0.1236	0.1143	-0.9254	-2.0094	0.5373	
13.43	0.1693	0.2641	-2.0848	-1.8776	0.3526	
13.44	0.2256	0.4199	-2.7135	-1.6957	0.2405	
13.45	0.345	0.5233	-2.0951	-1.5717	0.1523	
13.46	0.3755	0.6433	-0.849	-1.4649	0.0357	
13.47	0.5682	0.646	-1.2247	-1.295	-0.0607	
13.48	0.7037	0.6436	-2.5346	-1.1263	-0.1415	
13.49	0.7075	0.5348	-2.4355	-1.0259	-0.1952	
13.5	0.9818	0.5194	-1.2681	-0.7553	-0.2289	
13.51	1.0493	0.3958	-0.5567	-0.631	-0.2147	
13.52	1.2792	0.2108	-1.4928	-0.6193	-0.1446	
13.53	1.4283	0.0019	-2.3052	-0.4365	-0.0858	
13.54	1.4741	-0.225	-1.6075	-0.3491	0.0271	
13.55	1.5841	-0.4801	-0.466	-0.2177	0.151	
13.56	1.6988	-0.735	-0.492	-0.1384	0.3291	
13.57	1.8052	-0.9973	-1.7705	-0.0678	0.483	
13.58	2.0956	-1.1381	-1.974	-0.0165	0.7492	
13.59	2.1479	-1.3794	-0.7411	0.0267	0.9609	
13.6	2.2344	-1.443	0.1255	0.0559	1.1332	
13.61	2.1383	-1.5703	-0.6809	0.0615	1.3198	
13.62	2.2193	-1.4416	-1.6043	0.0572	1.2769	
13.63	2.3058	-1.3355	-1.0103	0.0327	1.3434	
13.64	2.2879	-1.2605	0.2327	-0.001	1.5551	
13.65	2.3247	-1.0935	0.366	-0.0479	1.4988	
13.66	2.4223	-0.8342	-0.7722	-0.1178	1.5804	
13.67	2.1796	-0.6128	-1.296	-0.1924	1.3762	
13.68	2.2973	-0.3144	-0.0545	-0.2624	1.3791	
13.69	2.3391	0.0429	0.9799	-0.3831	1.2001	
13.7	2.2184	0.4531	0.2841	-0.4604	1.1122	
13.71	2.1094	0.8221	-0.7204	-0.5492	0.7695	
13.72	1.9862	1.0929	-0.3876	-0.721	0.5841	
13.73	1.558	1.5474	0.8507	-0.7405	0.2959	
13.74	1.6504	1.7288	1.3423	-0.781	0.0073	
13.75	1.4987	1.9942	0.1142	-1.0263	-0.2926	
13.76	1.2638	2.487	-0.4653	-1.0855	-0.6452	
13.77	1.063	2.7251	0.5281	-1.1536	-0.9405	
13.78	0.8452	2.4712	1.4796	-1.2924	-1.0741	
13.79	0.7269	2.5647	1.1205	-1.2442	-1.38	
13.8	0.6564	2.7149	-0.0316	-1.3979	-1.5521	
13.81	0.5097	2.4087	0.0822	-1.226	-1.8757	
13.82	0.3861	2.16	1.4189	-1.4112	-1.7074	
13.83	0.2548	2.2833	1.8823	-1.2568	-1.939	
13.84	0.1487	1.952	0.8297	-1.3911	-1.97	
13.85	0.0628	1.8253	-0.0056	-1.3446	-1.9829	
13.86	-0.0003	1.4443	0.7818	-1.2535	-1.8587	
13.87	-0.0496	1.2501	2.1573	-1.074	-1.8159	
13.88	-0.0901	1.0229	1.7422	-1.0191	-1.6412	
13.89	-0.1163	0.7907	0.368	-0.845	-1.4505	
13.9	-0.0989	0.6278	0.2652	-0.8742	-1.3106	
13.91	-0.1025	0.5043	1.4151	-0.7428	-1.1368	
13.92	-0.0692	0.4258	2.1999	-0.5416	-0.9733	
13.93	-0.0209	0.4114	1.0513	-0.4237	-0.6983	
13.94	0.0345	0.4028	0.1171	-0.239	-0.5565	
13.95	0.0964	0.3604	0.6849	-0.1038	-0.4091	
13.96	0.1786	0.4214	1.7466	0.0472	-0.2909	
13.97	0.2415	0.4814	1.8852	0.1918	-0.2007	
13.98	0.3509	0.5975	0.4416	0.3655	-0.1583	
13.99	0.464	0.679	0.0974	0.5186	-0.1267	
14.0	0.5312	0.7324	1.2723	0.6672	-0.1323	
14.01	0.6561	0.9113	1.8053	0.809	-0.1553	
14.02	0.6932	0.9239	1.1979	0.8727	-0.2333	
14.03	0.7599	0.9455	-0.0515	0.9831	-0.3482	
14.04	0.7862	0.9948	0.2786	1.0724	-0.4631	
14.05	0.8949	0.9123	1.5348	1.1264	-0.5844	
14.06	0.8674	0.8996	1.49	1.2257	-0.7056	
14.07	0.9853	0.7534	0.3142	1.1725	-0.771	
14.08	1.0266	0.6231	-0.3245	1.24	-0.846	
14.09	0.9927	0.5247	0.6423	1.2139	-0.9431	
14.1	0.9386	0.3355	1.4318	1.2797	-1.0408	
14.11	0.8191	0.1906	0.8393	1.2834	-1.0251	
14.12	0.858	-0.0105	-0.3956	1.0759	-0.9915	
14.13	0.8093	-0.168	-0.2488	1.1677	-0.9345	
14.14	0.652	-0.3701	0.9873	1.053	-0.8296	
14.15	0.5763	-0.4223	1.1969	0.9504	-0.8295	
14.16	0.4524	-0.5723	0.0275	0.754	-0.6326	
14.17	0.2588	-0.606	-0.6898	0.6697	-0.4807	
14.18	0.1186	-0.5769	0.0821	0.5348	-0.2233	
14.19	-0.033	-0.5203	1.0249	0.4354	-0.0123	
14.2	-0.2147	-0.3942	0.6741	0.2952	0.2154	
14.21	-0.4197	-0.2605	-0.6194	0.1794	0.4712	
14.22	-0.5351	-0.0673	-0.7638	0.054	0.6199	
14.23	-0.6869	0.1711	0.4915	-0.0702	0.8985	
14.24	-0.9902	0.4306	0.9058	-0.1911	1.097	
14.25	-0.994	0.6994	-0.0947	-0.3294	1.1813	
14.26	-1.3454	0.9752	-1.0123	-0.413	1.4097	
14.27	-1.4932	1.3409	-0.3284	-0.518	1.3853	
14.28	-1.6783	1.4543	0.8373	-0.6469	1.5386	
14.29	-1.7617	1.826	0.6079	-0.6476	1.4908	
14.3	-1.976	1.899	-0.7611	-0.6797	1.3983	
14.31	-2.1101	2.1641	-0.83	-0.7713	1.1324	
14.32	-2.0197	2.048	0.279	-0.7585	1.0977	
14.33	-2.2816	1.9389	0.8692	-0.8755	0.7994	
14.34	-2.0941	1.8814	0.0457	-0.8013	0.5949	
14.35	-2.1527	1.8986	-0.9898	-0.8136	0.3243	
14.36	-2.1181	1.6375	-0.4272	-0.8131	0.0161	
14.37	-2.3406	1.5723	0.9054	-0.715	-0.2796	
14.38	-1.9815	1.2352	0.875	-0.6678	-0.6215	
14.39	-2.1953	0.8873	-0.3694	-0.5297	-0.7647	
14.4	-2.0781	0.4468	-0.8246	-0.4744	-1.0726	
14.41	-1.8394	0.0903	0.3482	-0.3546	-1.3244	
14.42	-2.0416	-0.29	1.3118	-0.2978	-1.5238	
14.43	-1.8147	-0.641	0.5479	-0.1973	-1.8586	
14.44	-1.7291	-0.9972	-0.5243	-0.1084	-1.941	
14.45	-1.4752	-1.1763	-0.2067	0.0001	-1.8009	
14.46	-1.3128	-1.3794	1.0855	0.0953	-2.1258	
14.47	-1.3745	-1.5835	1.28	0.1816	-1.8771	
14.48	-1.3131	-1.7677	0.1953	0.2972	-2.0967	
14.49	-1.1496	-1.78	-0.4065	0.3784	-1.9742	
14.5	-1.0711	-1.9387	0.6248	0.3905	-1.5827	
14.51	-0.8792	-1.8893	1.6174	0.4318	-1.6271	
14.52	-0.7588	-1.9085	1.0943	0.4959	-1.4857	
14.53	-0.7662	-1.6217	0.0223	0.5526	-1.4047	
14.54	-0.6955	-1.71	0.2326	0.5685	-1.1025	
14.55	-0.6346	-1.3755	1.51	0.483	-1.0422	
14.56	-0.5534	-1.3073	2.0876	0.4446	-0.885	
14.57	-0.5601	-1.1851	0.9517	0.478	-0.7984	
14.58	-0.6385	-0.9972	0.146	0.3485	-0.7235	
14.59	-0.5902	-0.7849	0.9992	0.3276	-0.6479	
14.6	-0.6912	-0.7926	2.3145	0.2319	-0.7041	
14.61	-0.6321	-0.6959	2.022	0.0964	-0.6765	
14.62	-0.748	-0.6413	0.5976	-0.0226	-0.7861	
14.63	-0.8638	-0.6684	0.5432	-0.1648	-0.9035	
14.64	-0.9969	-0.5885	1.7602	-0.2998	-0.9699	
14.65	-1.0117	-0.647	2.6836	-0.4686	-1.1304	
14.66	-1.075	-0.7555	1.4791	-0.6557	-1.1996	
14.67	-1.1569	-0.8141	0.5145	-0.7869	-1.2388	
14.68	-1.5019	-0.983	1.2978	-1.0452	-1.52	
14.69	-1.5195	-1.2212	2.6756	-1.0546	-1.6946	
14.7	-1.7557	-1.1972	2.0536	-1.379	-1.5913	
14.71	-1.6643	-1.2535	1.0611	-1.3559	-1.791	
14.72	-1.8797	-1.3843	0.7454	-1.6549	-1.904	
14.73	-2.1239	-1.2348	1.7169	-1.794	-1.8041	
14.74	-2.087	-1.4079	2.4504	-1.8709	-1.9534	
14.75	-2.3016	-1.2783	1.67	-2.0461	-1.734	
14.76	-2.262	-1.2229	0.5986	-2.0669	-1.6207	
14.77	-2.1004	-1.0637	1.1312	-2.3646	-1.6186	
14.78	-2.1669	-0.9696	2.1713	-2.1177	-1.3563	
14.79	-2.2371	-0.7595	2.139	-2.3068	-1.2339	
14.8	-2.2	-0.4821	1.0776	-2.2036	-0.8283	
14.81	-2.374	-0.2868	0.5001	-2.2141	-0.5853	
14.82	-2.1443	-0.0387	1.5722	-2.6289	-0.391	
14.83	-2.3201	0.1563	2.3275	-2.3042	-0.0924	
14.84	-2.176	0.3254	1.576	-2.6785	0.1636	
14.85	-2.1659	0.5119	0.4047	-2.4685	0.4578	
14.86	-1.8445	0.6513	0.5744	-2.3869	0.5835	
14.87	-1.7168	0.6712	1.6985	-2.3374	0.8251	
14.88	-1.7459	0.6202	1.9165	-2.2577	1.0587	
14.89	-1.5836	0.6753	0.6175	-2.2057	1.1047	
14.9	-1.2905	0.4644	-0.068	-2.0346	1.1835	
14.91	-1.2765	0.3308	0.8052	-1.7395	1.0495	
14.92	-0.9915	0.1183	1.7861	-1.7702	1.0242	
14.93	-0.7673	-0.1385	1.1375	-1.8455	1.0839	
14.94	-0.6466	-0.4008	-0.2326	-1.6143	0.9591	
14.95	-0.4824	-0.7643	-0.2524	-1.468	0.7667	
14.96	-0.3459	-1.0221	0.9368	-1.3951	0.5257	
14.97	-0.2148	-1.4473	1.2107	-1.1967	0.2945	
14.98	-0.0733	-1.7526	0.0497	-1.2071	0.0224	
14.99	0.0477	-2.1233	-0.8551	-1.1215	-0.2285	
15.0	0.1738	-2.4045	-0.2221	-0.9708	-0.4672	
15.01	0.2793	-2.4156	0.8657	-0.9472	-0.6935	
15.02	0.3585	-2.539	0.3589	-0.9411	-0.9237	
15.03	0.4017	-2.7499	-1.0514	-0.8771	-1.2218	
15.04	0.4468	-2.4043	-1.1614	-0.9422	-1.4883	
15.05	0.4446	-2.4086	-0.0845	-0.8926	-1.535	
15.06	0.4656	-2.318	0.3916	-1.0761	-1.7575	
15.07	0.4344	-2.0414	-0.6727	-1.0418	-1.7863	
15.08	0.4576	-1.9652	-1.661	-1.002	-1.7638	
15.09	0.4151	-1.7373	-1.3072	-1.2777	-1.8665	
15.1	0.308	-1.2747	-0.0607	-1.3542	-1.7554	
15.11	0.2286	-0.9245	-0.2713	-1.4237	-1.5274	
15.12	0.1763	-0.5841	-1.567	-1.3227	-1.455	
15.13	0.0611	-0.2566	-2.1861	-1.4806	-1.3126	
15.14	-0.0337	0.027	-0.9404	-1.7309	-1.2368	
15.15	-0.1371	0.2797	-0.251	-1.864	-1.1896	
15.16	-0.2404	0.4998	-1.2305	-2.0928	-1.1304	
15.17	-0.3914	0.7173	-2.2658	-2.0804	-0.9909	
15.18	-0.516	0.8853	-1.9818	-2.3328	-0.9471	
15.19	-0.5656	1.062	-0.7078	-2.3687	-0.925	
15.2	-0.6659	1.0339	-0.6877	-2.4628	-0.7961	
15.21	-0.8383	1.0196	-1.9517	-2.6229	-0.9012	
15.22	-0.9326	1.0763	-2.7549	-2.4957	-0.8244	
15.23	-0.9445	1.0127	-1.5994	-2.4106	-0.8957	
15.24	-0.9339	0.8582	-0.6205	-2.5266	-1.0931	
15.25	-1.0819	0.8085	-1.1493	-2.5598	-1.0864	
15.26	-1.0379	0.7105	-2.232	-2.7911	-1.4151	
15.27	-1.1308	0.6051	-2.1265	-2.8291	-1.5315	
15.28	-1.0765	0.4851	-1.0378	-3.0042	-1.647	
15.29	-0.9275	0.3962	-0.7216	-2.954	-1.6855	
15.3	-0.9495	0.3577	-1.9247	-2.7797	-2.2001	
15.31	-0.8746	0.3376	-2.8022	-2.5643	-2.0923	
15.32	-0.8107	0.4121	-1.7882	-2.6207	-2.3398	
15.33	-0.7307	0.4244	-0.6116	-2.6275	-2.4569	
15.34	-0.6389	0.5928	-1.1109	-2.4925	-2.6416	
15.35	-0.4925	0.7279	-2.0547	-2.3594	-2.5826	
15.36	-0.4082	0.7514	-2.4149	-2.2691	-2.4511	
15.37	-0.3061	0.913	-0.8767	-1.7804	-2.3105	
15.38	-0.1705	1.0971	-0.3572	-1.6013	-2.0966	
15.39	-0.0284	1.1542	-1.3353	-1.7428	-2.3482	
15.4	0.0977	1.3208	-2.023	-1.3245	-2.1437	
15.41	0.2294	1.5701	-1.4572	-1.2627	-1.7084	
15.42	0.3212	1.6452	-0.2396	-1.0778	-1.5113	
15.43	0.475	1.465	-0.465	-1.0305	-1.0989	
15.44	0.5366	1.3905	-1.6827	-0.8843	-0.9543	
15.45	0.7119	1.3289	-1.7394	-0.6345	-0.612	
15.46	0.686	1.2767	-0.6148	-0.5666	-0.3517	
15.47	0.784	1.1092	0.1459	-0.4147	-0.0641	
15.48	0.8938	1.0606	-0.6697	-0.2902	0.188	
15.49	0.852	0.8143	-1.8218	-0.1659	0.3589	
15.5	0.8705	0.501	-1.2038	-0.0895	0.6083	
15.51	0.7884	0.2603	0.1917	-0.0309	0.756	
15.52	0.8105	0.007	0.1874	0.0236	0.8411	
15.53	0.7291	-0.2486	-1.0936	0.0533	0.8024	
15.54	0.6999	-0.4248	-1.3844	0.076	0.7851	
15.55	0.6625	-0.5817	-0.2396	0.0767	0.8697	
15.56	0.4941	-0.8244	0.6065	0.0574	0.6491	
15.57	0.3617	-0.9529	-0.0568	0.036	0.5929	
15.58	0.2509	-0.8143	-1.0509	-0.01	0.4035	
15.59	0.1168	-0.8692	-0.7404	-0.0633	0.2174	
15.6	-0.0402	-0.8196	0.5792	-0.1295	0.0014	
15.61	-0.184	-0.6104	0.7793	-0.221	-0.2204	
15.62	-0.3477	-0.3911	-0.4325	-0.2861	-0.4247	
15.63	-0.5389	-0.1313	-1.0884	-0.3705	-0.643	
15.64	-0.748	0.1731	-0.0317	-0.4992	-0.7849	
15.65	-0.9286	0.4949	0.9131	-0.6004	-1.0406	
15.66	-1.0147	0.9002	0.3523	-0.707	-1.1362	
15.67	-1.0977	1.2962	-0.8018	-0.8395	-1.3469	
15.68	-1.2177	1.4072	-0.6374	-0.7822	-1.335	
15.69	-1.3128	1.9082	0.6029	-0.9863	-1.4088	
15.7	-1.5049	2.3158	0.9927	-0.9586	-1.3331	
15.71	-1.4836	2.2705	-0.1776	-1.1812	-1.3409	
15.72	-1.6217	2.7107	-0.9023	-1.1411	-1.3216	
15.73	-1.8359	2.8884	-0.155	-1.1608	-1.3532	
15.74	-1.7328	2.7621	0.9037	-1.2482	-1.1607	
15.75	-1.7244	2.706	0.4858	-1.2493	-1.1317	
15.76	-1.9894	2.6247	-0.7999	-1.2166	-0.9097	
15.77	-1.6908	2.3617	-0.8649	-1.1815	-0.8919	
15.78	-1.9434	2.2728	0.3404	-1.1423	-0.7747	
15.79	-1.8848	2.1197	0.8149	-1.0395	-0.688	
15.8	-1.6124	1.824	-0.1889	-0.9938	-0.5588	
15.81	-1.5402	1.5976	-1.2096	-0.9564	-0.5246	
15.82	-1.5539	1.2785	-0.5949	-0.7963	-0.6243	
15.83	-1.5755	1.0782	0.5669	-0.6263	-0.6274	
15.84	-1.4793	0.7958	0.3267	-0.5819	-0.7781	
15.85	-1.3908	0.5181	-0.8885	-0.4415	-0.9129	
15.86	-1.0685	0.3162	-1.3796	-0.3082	-0.9366	
15.87	-0.9966	0.1636	-0.1806	-0.169	-1.2249	
15.88	-0.9408	0.0369	0.5452	-0.024	-1.4746	
15.89	-0.8979	-0.0392	-0.4546	0.1115	-1.4311	
15.9	-0.841	-0.0759	-1.4686	0.2488	-1.962	
15.91	-0.6819	-0.0919	-1.1214	0.4239	-2.1257	
15.92	-0.5912	-0.0532	0.0975	0.4699	-2.208	
15.93	-0.5743	-0.0064	0.0466	0.6367	-2.193	
15.94	-0.4979	0.0575	-1.2432	0.7472	-2.7198	
15.95	-0.5104	0.1359	-1.8966	0.9023	-2.5091	
15.96	-0.5098	0.2138	-0.7997	0.997	-2.53	
15.97	-0.5234	0.2612	0.0958	0.9189	-2.8292	
15.98	-0.541	0.2909	-0.7027	1.1061	-2.7759	
15.99	-0.5086	0.2809	-1.8009	1.1462	-2.954	
16.0	-0.6439	0.2709	-1.4644	1.1584	-2.4608	
16.01	-0.6277	0.1923	-0.3664	1.1594	-2.5508	
16.02	-0.7846	0.1041	-0.2151	0.9961	-2.1812	
16.03	-0.9237	-0.0115	-1.4635	0.9659	-2.1063	
16.04	-0.9907	-0.1661	-1.9836	0.9489	-2.0455	
16.05	-1.1887	-0.3782	-1.221	0.9457	-1.5896	
16.06	-1.1222	-0.51	-0.1551	0.7513	-1.4591	
16.07	-1.4167	-0.6943	-0.6473	0.699	-1.1449	
16.08	-1.3707	-0.9871	-2.0175	0.6243	-0.7069	
16.09	-1.603	-1.2155	-1.8668	0.4668	-0.4838	
16.1	-1.6797	-1.3502	-0.6281	0.3279	-0.2152	
16.11	-1.9463	-1.3955	-0.1675	0.1706	0.0134	
16.12	-1.9298	-1.3717	-1.3681	0.0215	0.1976	
16.13	-2.2885	-1.457	-2.1338	-0.1376	0.3593	
16.14	-2.3517	-1.6759	-1.2047	-0.2841	0.4733	
16.15	-2.2779	-1.5232	-0.1027	-0.4265	0.5946	
16.16	-2.471	-1.3882	-0.4029	-0.6106	0.5754	
16.17	-2.6338	-1.2034	-1.7314	-0.7131	0.5823	
16.18	-2.3837	-1.0576	-1.845	-0.8733	0.4534	
16.19	-2.8112	-0.7262	-0.4803	-0.9222	0.4172	
16.2	-2.8567	-0.4776	0.1873	-0.997	0.2363	
16.21	-2.8511	-0.1888	-0.8029	-1.1629	0.0999	
16.22	-2.5072	0.1142	-1.7005	-1.1831	-0.0542	
16.23	-2.3767	0.3611	-0.8866	-1.2612	-0.2265	
16.24	-2.527	0.595	0.3073	-1.396	-0.4221	
16.25	-2.3424	0.7805	0.2409	-1.3638	-0.5114	
16.26	-2.1161	1.0327	-0.9432	-1.467	-0.7191	
16.27	-2.35	1.0936	-1.1018	-1.2967	-0.8395	
16.28	-2.2177	1.1958	-0.0017	-1.4315	-0.8729	
16.29	-1.8019	1.1725	0.9395	-1.3194	-0.9756	
16.3	-1.869	1.0615	0.1013	-1.1398	-1.0091	
16.31	-1.4615	1.0619	-0.9485	-1.1183	-0.9782	
16.32	-1.3835	0.7429	-0.4151	-1.0318	-1.0269	
16.33	-1.3917	0.5783	0.8864	-1.1434	-0.822	
16.34	-1.0274	0.2889	1.2223	-0.9455	-0.7949	
16.35	-0.9381	-0.0331	-0.028	-0.804	-0.7082	
16.36	-0.7945	-0.3604	-0.4309	-0.7357	-0.5654	
16.37	-0.6245	-0.6651	0.6533	-0.7104	-0.4607	
16.38	-0.5554	-0.9982	1.6883	-0.5726	-0.338	
16.39	-0.4106	-1.4665	1.1532	-0.4669	-0.1985	
16.4	-0.3002	-1.615	-0.0086	-0.3738	-0.1089	
16.41	-0.175	-2.0934	0.281	-0.3305	-0.0382	
16.42	-0.1013	-2.0082	1.6206	-0.2481	0.0045	
16.43	-0.0307	-2.5382	2.0443	-0.1876	0.0114	
16.44	0.0234	-2.246	0.8642	-0.1259	-0.018	
16.45	0.052	-2.6985	0.2501	-0.0784	-0.0826	
16.46	0.0747	-2.6798	1.1203	-0.0621	-0.183	
16.47	0.0765	-2.4132	2.2668	-0.0568	-0.3635	
16.48	0.0583	-2.1248	2.0189	-0.0602	-0.5015	
16.49	0.0292	-2.0768	0.7352	-0.0999	-0.7374	
16.5	-0.0173	-1.8203	0.7672	-0.1249	-0.9401	
16.51	-0.0787	-1.852	1.9501	-0.2086	-1.1992	
16.52	-0.1469	-1.5968	2.6785	-0.2496	-1.4389	
16.53	-0.2314	-1.2521	1.7321	-0.3855	-1.5643	
16.54	-0.3073	-1.1302	0.8201	-0.4663	-2.1747	
16.55	-0.3725	-0.9299	1.5638	-0.5175	-1.9913	
16.56	-0.4657	-0.903	2.9472	-0.7577	-2.3469	
16.57	-0.5953	-0.7459	2.3712	-0.797	-2.3657	
16.58	-0.6564	-0.7595	1.302	-0.9076	-2.6474	
16.59	-0.7248	-0.7286	1.0334	-1.227	-2.8041	
16.6	-0.8544	-0.7131	2.1656	-1.3698	-2.984	
16.61	-0.7929	-0.677	2.7867	-1.3304	-2.8395	
16.62	-0.9126	-0.7975	1.9856	-1.55	-2.6698	
16.63	-0.9258	-0.7838	0.9248	-1.7123	-2.703	
16.64	-0.8634	-0.9058	1.4102	-1.7623	-2.3752	
16.65	-1.001	-1.0063	2.5874	-2.0858	-2.1225	
16.66	-0.8713	-1.0294	2.7641	-2.2765	-1.9496	
16.67	-0.8777	-1.0891	1.3597	-2.1875	-1.7254	
16.68	-0.9286	-1.0446	0.8913	-2.381	-1.4738	
16.69	-0.7296	-1.1431	1.8638	-2.3305	-1.1569	
16.7	-0.7192	-0.998	2.8097	-2.3088	-0.9455	
16.71	-0.5822	-0.8777	1.9967	-2.572	-0.6778	
16.72	-0.507	-0.7523	0.7444	-2.6129	-0.4793	
16.73	-0.3219	-0.5581	1.0721	-2.2738	-0.2489	
16.74	-0.2281	-0.4113	2.1249	-2.2788	-0.0399	
16.75	-0.0593	-0.1582	2.489	-2.5963	0.1001	
16.76	0.1161	0.0801	0.9521	-2.5687	0.2187	
16.77	0.2657	0.3179	0.3422	-2.2381	0.3072	
16.78	0.4561	0.56	1.14	-2.3015	0.2986	
16.79	0.641	0.8727	2.0247	-2.1929	0.3022	
16.8	0.8552	1.0906	1.4932	-2.1122	0.2747	
16.81	0.9381	1.1001	0.1848	-1.9215	0.2093	
16.82	1.0744	1.373	0.2613	-2.0069	0.1004	
16.83	1.3536	1.4838	1.4831	-1.5892	-0.0131	
16.84	1.4307	1.3595	1.6088	-1.5993	-0.1341	
16.85	1.4885	1.3272	0.4942	-1.3391	-0.2618	
16.86	1.5254	1.1685	-0.3336	-1.1741	-0.3872	
16.87	1.6968	1.1778	0.421	-1.0724	-0.5215	
16.88	1.7419	0.9582	1.5584	-0.9657	-0.5384	
16.89	2.0255	0.632	0.8918	-0.9515	-0.6453	
16.9	2.1929	0.3858	-0.3927	-0.788	-0.7099	
16.91	2.1016	0.0515	-0.5012	-0.6403	-0.6612	
16.92	2.1285	-0.246	0.6263	-0.5419	-0.7031	
16.93	1.8494	-0.5766	1.1606	-0.4304	-0.6646	
16.94	1.9802	-0.7759	0.0408	-0.3611	-0.5397	
16.95	1.7966	-0.993	-0.9378	-0.3238	-0.4011	
16.96	1.9347	-1.1903	-0.3385	-0.2804	-0.2928	
16.97	1.8181	-1.3596	0.8275	-0.2378	-0.117	
16.98	1.6099	-1.4682	0.509	-0.2149	0.0449	
16.99	1.7374	-1.4451	-0.8416	-0.2193	0.1862	
17.0	1.6369	-1.6868	-1.0477	-0.2517	0.3264	
17.01	1.4563	-1.4699	0.0459	-0.2615	0.5127	
17.02	1.395	-1.3978	0.7573	-0.2947	0.5715	
17.03	1.153	-1.1566	-0.1756	-0.3705	0.6362	
17.04	1.0884	-0.8651	-1.3383	-0.4028	0.7801	
17.05	0.8772	-0.6108	-0.736	-0.4752	0.8024	
17.06	0.8439	-0.2709	0.4003	-0.5372	0.7328	
17.07	0.7587	0.075	0.3997	-0.6555	0.7053	
17.08	0.5954	0.44	-0.8361	-0.7551	0.5703	
17.09	0.4833	0.7537	-1.2935	-0.8123	0.3649	
17.1	0.4344	0.9938	-0.2647	-1.0165	0.1998	
17.11	0.3971	1.2698	0.6268	-1.0401	-0.0355	
17.12	0.3431	1.3896	-0.0997	-1.036	-0.3158	
17.13	0.3103	1.7484	-1.17	-1.1097	-0.5248	
17.14	0.2548	1.6523	-0.995	-1.2766	-0.8424	
17.15	0.2541	1.8044	0.3614	-1.2698	-1.0719	
17.16	0.2757	1.7301	0.51	-1.5013	-1.3362	
17.17	0.3477	1.6895	-0.6601	-1.4244	-1.6527	
17.18	0.3869	1.7732	-1.1366	-1.3277	-2.0302	
17.19	0.4046	1.7393	-0.2484	-1.4982	-2.2344	
17.2	0.534	1.5919	0.816	-1.4454	-2.3096	
17.21	0.6165	1.5917	0.305	-1.3933	-2.3645	
17.22	0.7307	1.3146	-0.9682	-1.2239	-2.3461	
17.23	0.7442	1.1748	-0.8311	-1.3446	-2.6144	
17.24	0.8946	1.0643	0.5151	-1.198	-2.4664	
17.25	1.0262	0.9525	1.0219	-1.0644	-2.1866	
17.26	1.0635	0.9437	-0.1103	-1.0004	-1.9824	
17.27	1.2199	1.0052	-0.8245	-0.7393	-1.9491	
17.28	1.4456	1.0747	-0.0679	-0.6767	-1.8639	
17.29	1.4305	1.0451	1.1559	-0.4986	-1.67	
17.3	1.4602	0.9985	0.7703	-0.3207	-1.2836	
17.31	1.701	1.1829	-0.4321	-0.1747	-1.1978	
17.32	1.8388	1.3943	-0.557	0.0073	-0.9048	
17.33	1.7373	1.5364	0.6616	0.176	-0.6904	
