0.01	0.2874	0.2397	0.1258	-0.618	
0.02	0.5539	0.4746	0.2462	0.7176	
0.03	0.8072	0.5904	0.3598	0.0444	
0.04	1.0012	0.8736	0.5263	-0.7879	
0.05	1.1614	1.085	0.7104	1.6207	
0.06	1.5408	1.1499	0.7221	-1.2461	
0.07	1.6481	1.1773	0.926	0.8161	
0.08	1.7811	1.2099	0.9871	0.2953	
0.09	1.7457	1.3622	1.1495	0.1804	
0.1	1.7328	1.1425	1.2192	-0.4753	
0.11	1.9128	1.3098	1.1306	1.6978	
0.12	1.9219	1.1565	1.4233	-1.8145	
0.13	1.817	0.9213	1.3455	1.9056	
0.14	1.8327	0.9131	1.5675	-0.2994	
0.15	1.6601	0.7813	1.3547	0.455	
0.16	1.6345	0.5084	1.6444	0.2908	
0.17	1.4115	0.4116	1.6833	1.1662	
0.18	1.167	0.2473	1.5504	-1.1462	
0.19	1.0564	0.0994	1.6933	2.2195	
0.2	0.8266	-0.0287	1.4028	-0.6113	
0.21	0.7549	-0.1318	1.4255	0.6612	
0.22	0.671	-0.186	1.3416	0.8916	
0.23	0.4771	-0.2178	1.3673	0.2829	
0.24	0.3923	-0.2234	1.506	0.1278	
0.25	0.2675	-0.1963	1.3592	1.7094	
0.26	0.2294	-0.1308	1.334	-0.4016	
0.27	0.1511	-0.0099	1.147	0.9225	
0.28	0.1296	0.1321	1.0764	1.323	
0.29	0.14	0.2852	1.1641	-0.504	
0.3	0.1557	0.5117	0.9819	1.5223	
0.31	0.2108	0.6831	0.9473	0.4895	
0.32	0.2683	0.9591	0.801	0.3652	
0.33	0.3523	1.124	0.7555	0.8933	
0.34	0.4346	1.2725	0.7456	1.4501	
0.35	0.528	1.5134	0.6729	-0.7951	
0.36	0.7449	1.8307	0.6012	2.4377	
0.37	0.7453	1.7712	0.4904	-0.5676	
0.38	0.9253	1.9291	0.4636	1.3035	
0.39	0.9124	2.085	0.4066	0.8114	
0.4	0.9943	2.1761	0.3719	1.0752	
0.41	1.1486	2.044	0.3549	-0.166	
0.42	1.2326	2.0491	0.3254	2.8697	
0.43	1.076	2.1472	0.2656	-0.9759	
0.44	1.052	1.9247	0.2789	2.2995	
0.45	0.994	1.8203	0.3017	0.6013	
0.46	0.9541	1.6762	0.2951	0.7723	
0.47	0.9503	1.6712	0.2936	0.8841	
0.48	0.7736	1.443	0.3523	1.7916	
0.49	0.6027	1.1204	0.3551	-0.5408	
0.5	0.42	0.9421	0.3966	2.2908	
0.51	0.2629	0.9274	0.4944	0.4455	
0.52	0.0913	0.7445	0.5543	0.4995	
0.53	-0.1046	0.5473	0.6578	1.904	
0.54	-0.3189	0.4634	0.636	0.4548	
0.55	-0.4865	0.3962	0.8089	0.7806	
0.56	-0.6474	0.3835	0.8908	1.8441	
0.57	-0.8359	0.4119	0.9559	0.544	
0.58	-0.8615	0.442	1.0317	0.566	
0.59	-1.0838	0.5614	1.0821	2.5104	
0.6	-1.2207	0.6599	1.2133	-0.63	
0.61	-1.1756	0.8008	1.3379	2.2698	
0.62	-1.2888	0.886	1.4286	0.7314	
0.63	-1.1876	1.1856	1.7194	0.8047	
0.64	-1.2006	1.4514	1.7892	0.7382	
0.65	-1.0476	1.4431	1.698	1.9164	
0.66	-0.9219	1.7847	1.9655	-0.7875	
0.67	-0.7388	1.7812	2.1289	2.6387	
0.68	-0.5202	2.2677	2.3245	-0.2578	
0.69	-0.3156	2.0822	2.3428	1.3794	
0.7	-0.0886	2.3768	2.2439	1.0395	
0.71	0.1377	2.6045	2.5181	1.2839	
0.72	0.4256	2.5237	2.2369	-0.2091	
0.73	0.6724	2.3835	2.5123	2.895	
0.74	0.8908	2.351	2.5099	-0.6621	
0.75	1.2355	2.3161	2.7035	1.7664	
0.76	1.4401	2.0815	2.6402	1.1463	
0.77	1.6951	2.034	2.5082	0.4231	
0.78	1.9581	2.0287	2.6168	0.9006	
0.79	2.0953	1.6701	2.4268	1.6924	
0.8	2.1428	1.7177	2.4611	-0.2379	
0.81	2.3647	1.307	2.6117	1.7403	
0.82	2.2374	1.2344	2.5998	0.9995	
0.83	2.4528	0.9405	2.5626	-0.2318	
0.84	2.3422	0.8242	2.4337	2.0864	
0.85	2.0305	0.6642	2.3272	0.0854	
0.86	2.2667	0.5286	2.3659	0.725	
0.87	2.2324	0.4861	2.2856	1.071	
0.88	1.9961	0.3932	2.104	0.909	
0.89	1.8487	0.3489	1.7707	-0.2592	
0.9	1.9416	0.3424	2.0113	2.3679	
0.91	1.6308	0.4502	1.7863	-1.0073	
0.92	1.4746	0.4656	1.5884	1.8081	
0.93	1.4698	0.5825	1.63	0.397	
0.94	1.1795	0.8068	1.2847	0.6065	
0.95	1.0943	0.8757	1.3063	0.1444	
0.96	1.1758	1.0306	1.077	2.0788	
0.97	0.9307	1.2138	1.0184	-1.2346	
0.98	0.9101	1.5573	0.9669	2.4112	
0.99	0.9736	1.6526	0.8425	-0.3198	
1.0	0.9717	1.6836	0.7159	0.4931	
1.01	0.9089	1.9865	0.6716	0.7156	
1.02	1.0443	1.945	0.5918	0.761	
1.03	1.1569	1.9239	0.5586	-0.6281	
1.04	1.1015	2.2451	0.5083	1.7669	
1.05	1.164	2.091	0.4145	-0.6508	
1.06	1.3439	2.2586	0.3783	0.4637	
1.07	1.6158	1.8228	0.332	1.1633	
1.08	1.4947	1.8229	0.3213	-0.5795	
1.09	1.8132	1.8484	0.3	0.6272	
1.1	1.8016	1.6675	0.27	0.811	
1.11	1.9786	1.4524	0.2791	-0.4333	
1.12	2.1096	1.2021	0.3065	0.3687	
1.13	1.8993	0.978	0.2923	1.0714	
1.14	1.8452	0.8234	0.3189	-1.4379	
1.15	2.1582	0.5842	0.4079	1.6354	
1.16	1.8685	0.3694	0.425	-0.6863	
1.17	2.0811	0.171	0.4505	0.191	
1.18	1.7454	0.0369	0.5583	0.178	
1.19	1.5491	-0.0815	0.6723	0.5537	
1.2	1.4361	-0.1679	0.6799	-1.5252	
1.21	1.4579	-0.2023	0.7426	1.9748	
1.22	1.1166	-0.203	0.846	-1.6022	
1.23	1.0006	-0.1854	0.9017	0.8864	
1.24	0.6831	-0.1222	1.1034	-0.1496	
1.25	0.4584	-0.0393	1.0228	-0.0896	
1.26	0.272	0.0775	1.1075	-0.7264	
1.27	0.0281	0.227	1.2979	1.1744	
1.28	-0.2041	0.3758	1.1909	-2.0064	
1.29	-0.4217	0.5952	1.4459	1.0905	
1.3	-0.5423	0.7892	1.5881	-0.5263	
1.31	-0.7063	0.9517	1.4592	-0.6712	
1.32	-0.7996	1.0706	1.5094	0.2139	
1.33	-0.9656	1.2592	1.5578	-0.1262	
1.34	-1.0432	1.247	1.6759	-1.1043	
1.35	-1.0428	1.38	1.841	0.7244	
1.36	-1.0617	1.4084	1.6594	-0.7773	
1.37	-0.916	1.5549	1.6314	-1.0775	
1.38	-0.8225	1.292	1.6128	0.806	
1.39	-0.7595	1.4282	1.7395	-1.5191	
1.4	-0.5892	1.2233	1.592	0.0133	
1.41	-0.4509	1.1894	1.6809	-0.2941	
1.42	-0.2209	0.9981	1.5264	-0.7422	
1.43	-0.0284	0.8205	1.6877	-0.9137	
1.44	0.1983	0.6132	1.4747	0.8073	
1.45	0.44	0.4098	1.3619	-2.2845	
1.46	0.6935	0.1756	1.4511	1.0487	
1.47	0.887	-0.0352	1.3312	-1.4887	
1.48	0.9774	-0.2434	1.2897	-0.5602	
1.49	1.176	-0.3907	1.1225	-0.7662	
1.5	1.4659	-0.5434	1.0237	0.1543	
1.51	1.5248	-0.6928	0.925	-2.2501	
1.52	1.521	-0.7819	0.8305	1.1898	
1.53	1.6954	-0.8427	0.7028	-2.049	
1.54	1.9838	-0.8188	0.4836	-0.2737	
1.55	2.0016	-0.7913	0.4044	-0.5213	
1.56	1.9497	-0.7294	0.3053	-0.8916	
1.57	1.6943	-0.6278	0.1756	-1.4464	
1.58	1.8209	-0.5884	0.0695	0.5065	
1.59	1.7204	-0.3532	-0.0447	-2.005	
1.6	1.6603	-0.2392	-0.1683	-0.179	
1.61	1.6108	-0.0466	-0.2425	-0.4503	
1.62	1.4202	0.1376	-0.3715	-1.7441	
1.63	1.3234	0.3494	-0.4495	-0.1052	
1.64	1.2447	0.4847	-0.555	-1.0014	
1.65	1.0366	0.6792	-0.5672	-1.4278	
1.66	0.9944	0.8408	-0.6543	-0.377	
1.67	0.915	0.8437	-0.7555	-0.5713	
1.68	0.8441	0.9836	-0.8214	-2.2633	
1.69	0.7706	0.9371	-0.7425	0.8142	
1.7	0.6899	0.942	-0.785	-2.4081	
1.71	0.7657	1.0074	-0.8142	-0.4015	
1.72	0.7445	0.9166	-0.862	-0.9176	
1.73	0.7876	0.8055	-0.9071	-0.8881	
1.74	0.9252	0.5868	-0.8447	-1.8254	
1.75	0.9482	0.4675	-0.8673	0.8385	
1.76	1.1466	0.3283	-0.7468	-3.1864	
1.77	1.1319	0.1191	-0.6989	0.4701	
1.78	1.4276	-0.0678	-0.6495	-1.4852	
1.79	1.4619	-0.2457	-0.5718	-1.0516	
1.8	1.5116	-0.4707	-0.5356	-1.0825	
1.81	1.7142	-0.6401	-0.4729	-0.0826	
1.82	1.9229	-0.693	-0.3558	-2.4415	
1.83	1.9987	-0.8502	-0.2677	0.5494	
1.84	1.9274	-0.9529	-0.2036	-2.0507	
1.85	1.9729	-0.9388	-0.0966	-1.1106	
1.86	2.2351	-1.0809	-0.0009	-0.4117	
1.87	2.0014	-0.8929	0.0877	-1.3719	
1.88	2.1008	-0.8359	0.1882	-1.3388	
1.89	2.0753	-0.7781	0.309	-0.0214	
1.9	1.6889	-0.7084	0.3855	-1.6964	
1.91	1.6436	-0.511	0.4681	-1.0393	
1.92	1.5268	-0.3414	0.5873	0.0443	
1.93	1.3434	-0.1359	0.5802	-2.5204	
1.94	1.1707	0.0695	0.6988	0.0476	
1.95	0.8138	0.2881	0.7345	-1.1496	
1.96	0.6725	0.4659	0.8534	-1.1697	
1.97	0.3412	0.6297	0.9271	-0.9078	
1.98	0.1053	0.8245	0.871	-0.0438	
1.99	-0.143	0.9765	0.9037	-2.6002	
2.0	-0.4399	1.1416	1.0484	1.0629	
2.01	-0.6265	1.1298	0.9173	-2.4091	
2.02	-0.8984	1.1952	0.9499	-0.4129	
2.03	-1.0194	1.1715	0.9239	-0.7908	
2.04	-1.2392	1.0814	1.0763	-0.5665	
2.05	-1.3061	1.0597	1.0091	-2.1756	
2.06	-1.3598	0.94	0.9815	1.0542	
2.07	-1.6199	0.7494	0.8442	-2.4455	
2.08	-1.4309	0.5892	0.8843	0.2422	
2.09	-1.4692	0.4647	0.7789	-0.8257	
2.1	-1.338	0.2988	0.6942	-1.0742	
2.11	-1.43	0.1134	0.674	-0.8667	
2.12	-1.2421	-0.0643	0.5988	0.1053	
2.13	-1.0634	-0.2159	0.454	-1.9893	
2.14	-1.0269	-0.3692	0.3574	0.4187	
2.15	-0.8449	-0.4714	0.2869	-0.8609	
2.16	-0.6742	-0.556	0.2265	-1.4487	
2.17	-0.5273	-0.601	0.1219	0.3715	
2.18	-0.3022	-0.6159	0.0321	-1.1793	
2.19	-0.1292	-0.4958	-0.0627	-0.772	
2.2	0.0373	-0.4457	-0.1534	0.0197	
2.21	0.1848	-0.3648	-0.2165	-0.6866	
2.22	0.3389	-0.2032	-0.3362	-1.1327	
2.23	0.42	-0.0586	-0.3885	1.0049	
2.24	0.561	0.1406	-0.491	-2.2151	
2.25	0.5452	0.3162	-0.5459	0.6105	
2.26	0.7002	0.5209	-0.5199	-0.6618	
2.27	0.6653	0.8113	-0.5917	-0.4336	
2.28	0.6514	1.0195	-0.6688	-0.766	
2.29	0.6374	1.1111	-0.63	0.9106	
2.3	0.5603	1.345	-0.6556	-2.4564	
2.31	0.4213	1.5592	-0.7191	1.3788	
2.32	0.3579	1.741	-0.6644	-1.2418	
2.33	0.2393	1.6053	-0.7145	-0.0686	
2.34	0.165	1.703	-0.6806	-0.1558	
2.35	0.0456	1.6823	-0.6097	0.1767	
2.36	-0.0547	1.8074	-0.587	-1.3118	
2.37	-0.1439	1.6975	-0.5145	1.5471	
2.38	-0.24	1.7576	-0.456	-1.4757	
2.39	-0.3088	1.6298	-0.383	0.2976	
2.4	-0.3266	1.4137	-0.3106	0.3829	
2.41	-0.333	1.2224	-0.2339	-0.7853	
2.42	-0.3684	0.955	-0.1281	0.1039	
2.43	-0.2954	0.8684	-0.0352	0.6051	
2.44	-0.2851	0.7416	0.0654	-0.9474	
2.45	-0.192	0.6254	0.1894	0.5006	
2.46	-0.0821	0.4646	0.2864	0.6252	
2.47	0.0438	0.3185	0.422	-1.1176	
2.48	0.1697	0.228	0.5846	1.4116	
2.49	0.3444	0.1761	0.5954	-0.6475	
2.5	0.5099	0.169	0.7588	0.1775	
2.51	0.6306	0.1858	0.923	0.4267	
2.52	0.8529	0.2796	0.9312	0.5394	
2.53	0.8767	0.3311	1.0531	-0.9842	
2.54	1.1253	0.4739	1.2197	2.2876	
2.55	1.1379	0.6124	1.4	-1.3516	
2.56	1.2391	0.8383	1.3828	1.2295	
2.57	1.5416	1.1141	1.4589	0.1378	
2.58	1.5395	1.3081	1.672	0.4239	
2.59	1.5112	1.459	1.5346	-0.2049	
2.6	1.498	1.7073	1.7509	2.0037	
2.61	1.4825	1.7016	1.798	-1.3702	
2.62	1.219	1.881	1.7206	2.1018	
2.63	1.2077	2.0235	1.7912	-0.103	
2.64	0.9996	2.1063	1.9637	0.3052	
2.65	0.8514	2.5407	1.7551	0.918	
2.66	0.5734	2.7389	2.0368	0.7653	
2.67	0.4159	2.308	1.7327	-0.4852	
2.68	0.1482	2.2549	1.6916	1.7858	
2.69	-0.1308	2.5271	1.841	-0.1176	
2.7	-0.4062	2.5671	1.8707	0.3521	
2.71	-0.694	2.1942	1.6029	1.5231	
2.72	-0.8695	1.9534	1.5174	-0.3562	
2.73	-1.1951	1.9984	1.4918	0.9527	
2.74	-1.2668	1.9374	1.6291	1.1827	
2.75	-1.6623	1.5234	1.6252	0.2624	
2.76	-1.6998	1.4336	1.2744	0.5345	
2.77	-2.062	1.125	1.2601	1.7902	
2.78	-2.2431	0.9894	1.1358	-0.9341	
2.79	-2.0024	0.9845	1.0482	2.2185	
2.8	-2.3761	0.8198	1.1554	0.0241	
2.81	-2.124	0.6999	0.9998	0.8983	
2.82	-2.2412	0.6853	0.8087	0.8163	
2.83	-2.2107	0.7163	0.7725	1.4196	
2.84	-2.0941	0.7005	0.6939	-0.6819	
2.85	-2.0579	0.9045	0.6338	2.8786	
2.86	-1.9968	0.9787	0.5602	-0.6316	
2.87	-1.74	1.0863	0.5457	1.4655	
2.88	-1.6735	1.1928	0.5151	0.9005	
2.89	-1.5747	1.385	0.4055	0.9591	
2.9	-1.2384	1.4741	0.3872	0.2868	
2.91	-1.0498	1.7283	0.3715	2.3603	
2.92	-0.9968	1.8	0.3258	-0.579	
2.93	-0.9551	2.0382	0.3302	1.8591	
2.94	-0.7022	2.2601	0.2888	1.02	
2.95	-0.6253	2.2717	0.3304	0.3093	
2.96	-0.5953	2.6281	0.3276	1.5435	
2.97	-0.5665	2.7204	0.384	1.0171	
2.98	-0.5239	2.9181	0.4095	0.2296	
2.99	-0.5799	2.961	0.4012	1.9389	
3.0	-0.5834	2.5502	0.5094	0.857	
3.01	-0.7019	2.46	0.5311	0.0547	
3.02	-0.6885	2.4792	0.5955	2.3805	
3.03	-0.757	2.5538	0.7425	-0.2337	
3.04	-0.985	2.1754	0.7389	1.3485	
3.05	-0.9558	1.9347	0.8452	1.1903	
3.06	-1.0153	2.0772	0.9526	0.9988	
3.07	-1.2918	1.7242	1.0638	0.2701	
3.08	-1.2381	1.3949	1.1824	2.4029	
3.09	-1.3744	1.3016	1.2564	-0.9608	
3.1	-1.5482	1.22	1.3438	2.2655	
3.11	-1.5355	1.03	1.5479	0.3255	
3.12	-1.536	0.792	1.618	0.9457	
3.13	-1.505	0.7086	1.7857	0.8212	
3.14	-1.3982	0.6524	1.7781	1.8492	
3.15	-1.4394	0.6679	1.7091	-0.7331	
3.16	-1.443	0.5962	1.8247	2.7968	
3.17	-1.2521	0.6014	1.9995	-0.1946	
3.18	-1.0281	0.6749	1.8676	1.1083	
3.19	-0.9941	0.7696	2.0834	1.2334	
3.2	-0.7743	0.9788	2.2278	0.7007	
3.21	-0.6036	1.0552	2.4283	0.3829	
3.22	-0.3712	1.408	2.2576	2.1275	
3.23	-0.1803	1.3962	2.102	-0.2359	
3.24	0.0365	1.7469	2.2441	1.1347	
3.25	0.2247	1.8353	2.3535	1.6145	
3.26	0.4421	1.9053	2.5107	-0.3111	
3.27	0.6316	2.1344	2.3005	1.6041	
3.28	0.7299	2.1217	2.4892	0.7582	
3.29	0.7946	2.2953	2.0492	0.3748	
3.3	0.9489	2.4687	2.2533	0.9638	
3.31	0.9671	2.4146	2.3008	1.4173	
3.32	0.9183	2.4064	2.2483	-0.6844	
3.33	1.0395	2.1166	1.7891	2.3594	
3.34	0.8885	2.2366	1.7589	-0.571	
3.35	0.9184	1.9494	1.6738	1.0894	
3.36	0.6763	1.8008	1.6296	0.6652	
3.37	0.6126	1.7393	1.7447	0.9371	
3.38	0.3689	1.4912	1.3472	-0.4613	
3.39	0.1571	1.2684	1.4035	2.5473	
3.4	-0.0536	0.9978	1.2669	-1.2818	
3.41	-0.2722	0.8024	1.1649	1.9367	
3.42	-0.5754	0.5392	1.1222	0.263	
3.43	-0.8477	0.3303	0.838	0.3506	
3.44	-1.1035	0.1952	0.8261	0.3397	
3.45	-1.3663	0.0459	0.7371	1.5678	
3.46	-1.5207	-0.0492	0.5799	-1.0221	
3.47	-1.8462	-0.1212	0.4905	1.8455	
3.48	-1.8226	-0.1331	0.3201	-0.1157	
3.49	-2.0957	-0.1398	0.2638	0.0007	
3.5	-2.2145	-0.0923	0.1532	1.1401	
3.51	-2.2831	-0.0169	0.0652	-0.0564	
3.52	-2.3286	0.0864	-0.0045	-0.0226	
3.53	-2.5099	0.2055	-0.0743	1.0662	
3.54	-2.3317	0.374	-0.1199	-0.2322	
3.55	-2.3335	0.5712	-0.1803	-0.1472	
3.56	-2.2225	0.6759	-0.2281	1.4304	
3.57	-2.0615	0.9154	-0.2697	-1.4471	
3.58	-2.1056	0.966	-0.2864	1.2185	
3.59	-1.8889	1.2185	-0.2655	-0.0655	
3.6	-1.8951	1.1179	-0.2777	-0.0402	
3.61	-1.7399	1.4065	-0.2969	-0.1121	
3.62	-1.5586	1.3455	-0.2531	1.1	
3.63	-1.2686	1.3212	-0.2139	-1.7434	
3.64	-1.2433	1.3767	-0.1899	1.8321	
3.65	-1.2139	1.191	-0.1382	-1.1681	
3.66	-1.0222	1.1925	-0.1027	0.3091	
3.67	-1.115	1.0379	-0.049	-0.0287	
3.68	-0.9492	0.9102	0.0106	0.3491	
3.69	-0.9825	0.6286	0.0749	-1.2364	
3.7	-0.9197	0.4247	0.1306	1.6815	
3.71	-1.101	0.2416	0.1963	-1.6829	
3.72	-0.9978	0.0015	0.2973	0.5534	
3.73	-1.1014	-0.2077	0.3689	-0.0513	
3.74	-1.1695	-0.4683	0.4201	-0.6693	
3.75	-1.3256	-0.6115	0.4676	-0.2438	
3.76	-1.4723	-0.7731	0.6023	0.47	
3.77	-1.4541	-1.0339	0.6315	-1.4227	
3.78	-1.5559	-1.1439	0.6344	0.5077	
3.79	-1.9098	-1.1768	0.7401	-0.1986	
3.8	-2.0201	-1.2124	0.7603	-1.5165	
3.81	-2.0233	-1.2653	0.7573	0.8256	
3.82	-2.1701	-1.256	0.8348	-1.0483	
3.83	-1.9108	-1.1688	0.7726	-0.5707	
3.84	-1.864	-0.9706	0.9254	-0.0446	
3.85	-2.2287	-0.7918	0.8317	-0.4141	
3.86	-1.9379	-0.7804	0.8329	-1.542	
3.87	-1.9906	-0.5861	0.9186	1.1865	
3.88	-1.7069	-0.3635	0.7513	-2.3741	
3.89	-1.6683	-0.2333	0.7495	0.4102	
3.9	-1.5238	-0.0603	0.668	-0.8502	
3.91	-1.2351	0.0741	0.73	-0.6426	
3.92	-1.1601	0.199	0.5438	-1.0961	
3.93	-0.8611	0.2727	0.5179	0.8184	
3.94	-0.589	0.3364	0.4124	-2.6041	
3.95	-0.3437	0.3513	0.3143	0.9591	
3.96	-0.1348	0.376	0.2468	-1.6149	
3.97	0.1005	0.3591	0.12	-0.697	
3.98	0.3366	0.25	0.0113	-0.5669	
3.99	0.5456	0.1402	-0.1076	-0.4089	
4.0	0.7053	-0.0175	-0.2566	-2.0053	
4.01	0.8326	-0.1745	-0.3807	0.6906	
4.02	1.103	-0.4011	-0.4469	-1.9199	
4.03	1.0947	-0.5951	-0.574	-0.6651	
4.04	1.2658	-0.79	-0.7257	-0.1335	
4.05	1.2735	-1.0137	-0.9764	-1.7772	
4.06	1.2074	-1.2727	-1.0101	-0.7005	
4.07	1.0992	-1.3527	-1.2559	-0.3329	
4.08	0.979	-1.4835	-1.1929	-1.608	
4.09	0.8984	-1.5725	-1.2784	-0.7191	
4.1	0.8634	-1.7933	-1.4316	-0.0759	
4.11	0.691	-1.9853	-1.6913	-2.2586	
4.12	0.4859	-2.0735	-1.7174	0.4856	
4.13	0.2708	-1.7494	-1.8077	-1.5478	
4.14	0.0656	-1.7759	-1.9932	-0.9917	
4.15	-0.1605	-1.7762	-1.9601	-0.8371	
4.16	-0.3319	-1.6973	-2.0628	-0.4329	
4.17	-0.5607	-1.5272	-1.95	-2.4933	
4.18	-0.788	-1.3796	-2.1943	1.01	
4.19	-1.0248	-1.1656	-2.2279	-2.4447	
4.2	-1.0751	-1.0309	-2.3629	-0.1635	
4.21	-1.1892	-0.8313	-1.973	-1.1272	
4.22	-1.4156	-0.7165	-2.3159	-0.9416	
4.23	-1.3908	-0.4884	-2.3444	-1.7978	
4.24	-1.4568	-0.3519	-2.2222	0.5319	
4.25	-1.5239	-0.2843	-2.2815	-2.8659	
4.26	-1.4428	-0.1629	-1.9924	0.2701	
4.27	-1.3894	-0.0986	-2.0417	-1.3878	
4.28	-1.2617	-0.0893	-1.9724	-1.3249	
4.29	-1.329	-0.0935	-1.7455	-0.5594	
4.3	-1.2789	-0.1629	-1.9921	-0.6934	
4.31	-1.0135	-0.2164	-1.8232	-1.9138	
4.32	-0.9779	-0.3187	-1.5464	0.0843	
4.33	-0.9242	-0.4654	-1.683	-1.5223	
4.34	-0.7468	-0.7145	-1.4642	-1.7255	
4.35	-0.6796	-0.8615	-1.4047	0.2569	
4.36	-0.51	-1.0254	-1.3887	-2.1923	
4.37	-0.4981	-1.1404	-1.2272	-0.6473	
4.38	-0.4331	-1.4823	-1.1718	-0.7083	
4.39	-0.3468	-1.531	-1.0268	-1.244	
4.4	-0.3676	-1.8085	-0.9341	-1.4483	
4.41	-0.3365	-1.6999	-0.897	0.4599	
4.42	-0.3955	-2.0877	-0.8949	-2.6775	
4.43	-0.4506	-1.8933	-0.7919	0.5835	
4.44	-0.5444	-2.2213	-0.8383	-1.4969	
4.45	-0.5847	-2.1146	-0.8255	-0.8393	
4.46	-0.6784	-1.9825	-0.7945	-1.0519	
4.47	-0.8536	-2.0404	-0.7048	0.0208	
4.48	-1.0194	-1.8528	-0.6826	-2.4553	
4.49	-1.0335	-1.7325	-0.7224	1.1537	
4.5	-1.3175	-1.3371	-0.6401	-2.3581	
4.51	-1.5085	-1.2807	-0.7158	-0.3434	
4.52	-1.3566	-1.0466	-0.7543	-0.5398	
4.53	-1.6263	-0.8919	-0.6782	-0.795	
4.54	-1.6178	-0.6928	-0.8622	-1.5549	
4.55	-1.5617	-0.4676	-0.8206	0.6855	
4.56	-1.7415	-0.2801	-0.8231	-2.2516	
4.57	-1.552	-0.1732	-1.0293	-0.0301	
4.58	-1.7992	-0.0349	-0.977	-0.3414	
4.59	-1.5496	0.0478	-1.2073	-1.417	
4.6	-1.5867	0.0985	-1.2774	0.041	
4.61	-1.292	0.1145	-1.3733	-0.5021	
4.62	-1.1036	0.0935	-1.2788	-1.1698	
4.63	-0.9183	0.0468	-1.5117	-0.0378	
4.64	-0.6962	-0.0407	-1.6564	-0.2748	
4.65	-0.5399	-0.1571	-1.8301	-1.6842	
4.66	-0.2523	-0.3191	-1.8841	1.1054	
4.67	0.017	-0.4226	-1.8894	-1.8663	
4.68	0.2816	-0.5911	-1.8606	-0.0061	
4.69	0.5371	-0.7717	-2.1515	-0.3824	
4.7	0.7584	-1.0708	-2.1228	-0.3238	
4.71	0.9434	-1.1555	-2.1724	-1.2557	
4.72	1.1936	-1.2218	-2.423	1.3383	
4.73	1.4208	-1.3399	-2.3019	-2.5157	
4.74	1.4845	-1.4157	-2.4121	1.0878	
4.75	1.9222	-1.6788	-2.6971	-0.7203	
4.76	1.9178	-1.622	-2.6798	-0.3106	
4.77	1.9576	-1.5372	-2.59	-0.5026	
4.78	1.8068	-1.5654	-2.7242	0.7942	
4.79	1.7746	-1.3531	-2.6327	-1.8421	
4.8	1.7727	-1.2695	-2.7543	1.5657	
4.81	1.704	-1.0776	-2.4485	-1.059	
4.82	1.7233	-0.9532	-2.6304	-0.1939	
4.83	1.4562	-0.7752	-2.7179	0.4639	
4.84	1.5772	-0.6435	-2.7529	-0.3506	
4.85	1.2609	-0.3706	-2.6666	-0.5732	
4.86	1.0972	-0.1895	-2.5511	1.0726	
4.87	0.9063	0.0142	-2.5586	-0.7633	
4.88	0.7584	0.1957	-2.3559	-0.0087	
4.89	0.5643	0.3968	-2.0885	1.1043	
4.9	0.4003	0.4544	-2.0338	-1.3375	
4.91	0.2899	0.5941	-2.0878	1.0648	
4.92	0.1363	0.7187	-1.8281	0.0215	
4.93	0.0343	0.7562	-1.6832	-0.1797	
4.94	-0.0442	0.6787	-1.8636	0.2047	
4.95	-0.1062	0.674	-1.71	1.0544	
4.96	-0.1259	0.6094	-1.5883	-1.4694	
4.97	-0.1325	0.5104	-1.5126	2.1776	
4.98	-0.1124	0.314	-1.2374	-0.9428	
4.99	-0.0687	0.1928	-1.1547	0.6934	
5.0	-0.0039	0.0189	-1.0325	0.3464	
5.01	0.0745	-0.1423	-0.9125	0.6823	
5.02	0.1733	-0.3569	-0.7715	-0.8478	
5.03	0.2807	-0.483	-0.6456	2.3524	
5.04	0.3685	-0.5985	-0.5654	-1.25	
5.05	0.5213	-0.7418	-0.5539	1.5655	
5.06	0.6051	-0.8186	-0.4706	0.3895	
5.07	0.7091	-0.9681	-0.352	0.2479	
5.08	0.6701	-1.064	-0.3006	0.4082	
5.09	0.7649	-0.9341	-0.2294	1.4831	
5.1	0.7882	-1.0543	-0.2005	-0.857	
5.11	0.7791	-0.9918	-0.1454	1.5844	
5.12	0.851	-0.8905	-0.1239	0.3738	
5.13	0.8417	-0.7105	-0.1068	-0.0658	
5.14	0.7213	-0.5336	-0.1083	1.6233	
5.15	0.6851	-0.326	-0.1001	0.178	
5.16	0.5109	-0.1255	-0.114	0.3842	
5.17	0.397	0.0625	-0.1293	1.33	
5.18	0.2317	0.2888	-0.1542	0.5413	
5.19	0.071	0.4604	-0.2205	0.0128	
5.2	-0.1084	0.7005	-0.266	2.0724	
5.21	-0.2881	0.8058	-0.3237	-0.8219	
5.22	-0.4058	0.8687	-0.3615	1.7227	
5.23	-0.5881	1.1156	-0.4223	0.6004	
5.24	-0.7874	1.1473	-0.4867	0.7646	
5.25	-0.9121	1.1093	-0.5952	0.4418	
5.26	-1.0187	1.0621	-0.6978	2.089	
5.27	-1.1616	1.0696	-0.6847	-1.0096	
5.28	-1.1896	0.9586	-0.8008	2.5996	
5.29	-1.0475	0.8233	-0.8092	-0.1328	
5.3	-1.2189	0.8027	-0.9734	1.0104	
5.31	-1.0896	0.5576	-0.9419	0.9046	
5.32	-0.9003	0.4412	-1.0767	1.3242	
5.33	-0.8556	0.2169	-1.1601	-0.3478	
5.34	-0.6657	0.0516	-1.3265	2.6564	
5.35	-0.4885	-0.1503	-1.2198	-0.4076	
5.36	-0.3194	-0.3364	-1.2137	1.2843	
5.37	-0.0672	-0.5139	-1.4354	1.3133	
5.38	0.1703	-0.6506	-1.5532	0.3678	
5.39	0.4082	-0.7539	-1.5234	1.0404	
5.4	0.7191	-0.7534	-1.5417	1.6499	
5.41	0.9484	-0.8462	-1.3379	-0.0158	
5.42	1.2108	-0.7312	-1.5394	1.5192	
5.43	1.4633	-0.7968	-1.4962	1.6282	
5.44	1.6765	-0.7086	-1.4936	-0.2523	
5.45	1.7727	-0.5571	-1.275	2.4211	
5.46	2.1384	-0.4528	-1.4179	0.3734	
5.47	2.4047	-0.2916	-1.3704	0.8669	
5.48	2.1516	-0.1256	-1.2424	1.3682	
5.49	2.2771	0.0565	-1.1744	1.4346	
5.5	2.5881	0.2276	-1.1319	-0.2714	
5.51	2.238	0.4695	-0.9257	3.072	
5.52	2.6731	0.6486	-0.8843	-0.681	
5.53	2.188	0.7344	-0.7892	1.78	
5.54	2.1839	0.8899	-0.6286	0.8061	
5.55	2.0958	0.994	-0.5887	1.0886	
5.56	2.1881	1.0637	-0.5157	0.296	
5.57	2.1574	0.98	-0.3325	2.6989	
5.58	1.7647	1.1359	-0.2268	-0.9073	
5.59	1.6364	0.9341	-0.1251	2.3229	
5.6	1.4839	0.9063	-0.0143	0.3787	
5.61	1.3196	0.799	0.104	0.8009	
5.62	1.2404	0.6768	0.2006	1.1712	
5.63	1.0736	0.4875	0.2951	1.3547	
5.64	1.0709	0.2388	0.3826	-0.2461	
5.65	0.8474	0.0514	0.5603	2.3869	
5.66	0.8275	-0.1536	0.5691	0.1412	
5.67	0.8007	-0.3643	0.6818	0.6227	
5.68	0.7493	-0.5431	0.7727	1.8154	
5.69	0.8504	-0.6837	0.8023	-0.0553	
5.7	0.8265	-0.9656	0.9602	1.0473	
5.71	0.997	-0.9657	0.9348	1.3325	
5.72	0.9859	-1.173	0.9672	0.2945	
5.73	1.0677	-1.1608	0.9801	0.6547	
5.74	1.2628	-1.3338	1.061	1.987	
5.75	1.1774	-1.1541	1.0982	-0.9478	
5.76	1.339	-1.2436	0.9144	2.1716	
5.77	1.377	-1.047	0.8903	0.017	
5.78	1.531	-0.9542	1.0004	0.7558	
5.79	1.6491	-0.7857	0.9982	0.6825	
5.8	1.6777	-0.6707	0.9317	1.5648	
5.81	1.6864	-0.5787	0.846	-1.0178	
5.82	1.7031	-0.3954	0.6829	2.8677	
5.83	1.672	-0.2179	0.671	-0.902	
5.84	1.7513	-0.0504	0.626	1.3617	
5.85	1.5161	0.0866	0.5385	0.6133	
5.86	1.4378	0.2358	0.4251	0.6055	
5.87	1.3185	0.2817	0.3213	-0.2121	
5.88	1.1998	0.3971	0.235	2.0943	
5.89	1.045	0.4041	0.1246	-1.1853	
5.9	0.9586	0.3993	0.0325	1.4108	
5.91	0.6448	0.311	-0.0703	0.4029	
5.92	0.4701	0.2393	-0.167	-0.2182	
5.93	0.2435	0.1155	-0.2762	0.8203	
5.94	0.0462	-0.0486	-0.326	0.6393	
5.95	-0.1597	-0.2195	-0.496	-0.5329	
5.96	-0.3414	-0.4269	-0.5801	1.1572	
5.97	-0.5087	-0.6158	-0.6579	0.2309	
5.98	-0.6203	-0.9132	-0.6306	-0.6013	
5.99	-0.7777	-1.1458	-0.7977	1.5885	
6.0	-0.9588	-1.2593	-0.8359	-0.8717	
6.01	-0.9417	-1.5577	-0.8256	0.5623	
6.02	-0.9629	-1.7769	-0.9889	0.3754	
6.03	-0.9625	-1.826	-1.0209	0.0649	
6.04	-0.96	-1.9762	-0.9405	-0.6225	
6.05	-0.842	-1.8626	-1.0228	1.7379	
6.06	-0.7954	-1.9723	-0.9443	-1.7883	
6.07	-0.6228	-2.2183	-0.969	1.4052	
6.08	-0.4308	-1.8566	-1.0583	-0.5533	
6.09	-0.2159	-1.9018	-0.933	0.0128	
6.1	0.0136	-1.7569	-0.8866	-0.253	
6.11	0.2642	-1.6404	-0.8959	0.8794	
6.12	0.5057	-1.63	-0.8	-1.7966	
6.13	0.7124	-1.5873	-0.712	1.6577	
6.14	0.9735	-1.2993	-0.7307	-1.2155	
6.15	1.1985	-1.0834	-0.6453	0.0314	
6.16	1.4617	-1.0135	-0.6112	0.1411	
6.17	1.6335	-0.7479	-0.4328	-0.2988	
6.18	1.7512	-0.6517	-0.4193	-0.9801	
6.19	1.9853	-0.5972	-0.302	0.952	
6.2	1.8457	-0.5172	-0.22	-1.4527	
6.21	2.0415	-0.495	-0.1243	0.0041	
6.22	2.2917	-0.4327	-0.0436	0.2916	
6.23	2.318	-0.5194	0.0379	-1.5286	
6.24	2.244	-0.5499	0.1161	0.3455	
6.25	2.0883	-0.6526	0.1819	-0.431	
6.26	1.8463	-0.8607	0.2534	-0.9856	
6.27	1.8092	-0.9881	0.3164	-0.1949	
6.28	1.9287	-1.1532	0.4001	0.1135	
6.29	1.6964	-1.2729	0.4691	-2.0192	
6.3	1.7112	-1.606	0.4727	1.2333	
6.31	1.4322	-1.8772	0.6035	-1.6351	
6.32	1.3984	-1.8358	0.6335	-0.1534	
6.33	1.1172	-2.2895	0.6184	-0.5684	
6.34	1.119	-2.5575	0.664	-0.3524	
6.35	0.8973	-2.2819	0.6561	-1.8798	
6.36	0.8741	-2.8587	0.558	1.2973	
6.37	0.809	-2.5767	0.5343	-2.6755	
6.38	0.8114	-2.7978	0.564	0.5074	
6.39	0.74	-2.5272	0.4629	-1.008	
6.4	0.8718	-2.7263	0.469	-0.9176	
6.41	0.803	-2.5645	0.4436	-0.9828	
6.42	0.9852	-2.8102	0.3184	0.2511	
6.43	0.9454	-2.593	0.2567	-2.2086	
6.44	1.029	-2.4237	0.1831	0.5972	
6.45	1.1727	-2.1642	0.0855	-1.4174	
6.46	1.2689	-1.9137	-0.0179	-1.2597	
6.47	1.4062	-1.6327	-0.1176	-0.1066	
6.48	1.6417	-1.5838	-0.2202	-1.0496	
6.49	1.5013	-1.374	-0.3744	-1.3064	
6.5	1.6327	-1.2023	-0.4243	0.0124	
6.51	1.9449	-1.0709	-0.5225	-1.3574	
6.52	1.6761	-1.0879	-0.7218	-1.3487	
6.53	1.8628	-1.0689	-0.8382	0.3689	
6.54	1.9529	-0.9863	-0.9931	-2.4213	
6.55	1.7191	-0.8977	-1.0104	-0.0072	
6.56	1.9055	-1.0608	-1.108	-1.1736	
6.57	1.6917	-1.0069	-1.1722	-1.075	
6.58	1.6657	-1.0656	-1.2678	-1.0879	
6.59	1.3523	-1.4442	-1.3558	0.1615	
6.6	1.1287	-1.5643	-1.6242	-2.8317	
6.61	1.1319	-1.8032	-1.4811	0.8719	
6.62	0.847	-2.0211	-1.845	-2.0379	
6.63	0.5479	-1.9474	-1.9152	-0.7226	
6.64	0.3631	-2.2064	-1.7418	-1.0569	
6.65	0.1063	-2.6039	-1.7734	-0.5191	
6.66	-0.1408	-2.5212	-1.7711	-2.348	
6.67	-0.366	-2.6104	-2.0189	0.825	
6.68	-0.6914	-3.0677	-1.7371	-2.559	
6.69	-0.8143	-2.8352	-2.0721	-0.2576	
6.7	-1.1365	-3.2078	-2.0872	-0.8157	
6.71	-1.2577	-2.7215	-1.7123	-1.4352	
6.72	-1.3307	-2.9473	-1.9654	-1.1488	
6.73	-1.3429	-2.8143	-1.8057	-0.098	
6.74	-1.5141	-2.47	-1.7616	-2.1345	
6.75	-1.6404	-2.364	-1.8788	-0.1529	
6.76	-1.4943	-2.1866	-1.5184	-0.8121	
6.77	-1.5207	-2.2336	-1.7064	-1.9433	
6.78	-1.429	-1.9886	-1.592	0.1259	
6.79	-1.2689	-1.9045	-1.3671	-1.3666	
6.8	-1.294	-1.6145	-1.3035	-1.1776	
6.81	-0.9566	-1.4975	-1.2958	-0.493	
6.82	-0.9117	-1.2703	-1.2768	-0.8808	
6.83	-0.5911	-1.134	-1.114	-2.0539	
6.84	-0.4795	-0.938	-0.9623	0.7906	
6.85	-0.2571	-0.7528	-0.8316	-2.7309	
6.86	-0.0391	-0.6883	-0.726	0.045	
6.87	0.1509	-0.7011	-0.6402	-1.0087	
6.88	0.3389	-0.6678	-0.6792	-0.8939	
6.89	0.53	-0.7958	-0.5706	-1.5595	
6.9	0.6155	-0.8205	-0.5169	0.5971	
6.91	0.8295	-1.0428	-0.382	-3.0541	
6.92	0.8882	-1.0222	-0.3721	0.8576	
6.93	0.9777	-1.286	-0.305	-1.786	
6.94	0.933	-1.2663	-0.272	-0.6978	
6.95	0.9344	-1.6713	-0.2105	-0.6315	
6.96	0.8848	-1.7459	-0.2024	-0.2869	
6.97	0.922	-1.7631	-0.1796	-1.9815	
6.98	0.7685	-1.8756	-0.1708	0.7747	
6.99	0.7776	-2.3366	-0.1533	-1.6293	
7.0	0.6063	-2.1405	-0.1868	-0.6207	
7.01	0.5759	-2.1158	-0.2063	-0.0231	
7.02	0.4815	-2.4896	-0.2284	-1.4604	
7.03	0.3576	-2.4983	-0.294	-0.6153	
7.04	0.2382	-2.3066	-0.3451	0.0219	
7.05	0.1341	-2.111	-0.3594	-1.3089	
7.06	0.0363	-2.0663	-0.4528	-0.455	
7.07	-0.0304	-1.9802	-0.4958	0.2723	
7.08	-0.09	-1.9125	-0.5686	-2.2263	
7.09	-0.123	-1.51	-0.6909	0.9017	
7.1	-0.1261	-1.3021	-0.7821	-1.1477	
7.11	-0.0995	-1.0784	-0.7911	-0.5328	
7.12	-0.0521	-0.9503	-1.0066	-0.3687	
7.13	0.0086	-0.6523	-1.0613	0.1442	
7.14	0.1048	-0.4833	-1.1771	-2.0202	
7.15	0.1832	-0.3019	-1.2037	1.5178	
7.16	0.3349	-0.1481	-1.3165	-2.0094	
7.17	0.4983	-0.0253	-1.387	0.4411	
7.18	0.6417	0.0711	-1.5926	-0.376	
7.19	0.7222	0.1154	-1.6641	-0.2152	
7.2	0.8425	0.1389	-1.6168	-1.1092	
7.21	1.0494	0.1219	-1.8192	1.3284	
7.22	1.2046	0.0529	-1.9011	-2.1421	
7.23	1.2618	-0.0299	-1.6666	1.1797	
7.24	1.2221	-0.1334	-1.6663	-0.4412	
7.25	1.385	-0.2951	-1.8605	-0.4996	
7.26	1.2476	-0.463	-2.0353	0.2057	
7.27	1.2298	-0.6529	-1.8072	0.3033	
7.28	1.2128	-0.7737	-1.8249	-1.0046	
7.29	1.1279	-0.9572	-1.8552	1.1119	
7.3	1.0769	-1.151	-1.9783	-0.4728	
7.31	0.9924	-1.2147	-1.7482	-0.5526	
7.32	0.7916	-1.3427	-1.6819	1.24	
7.33	0.616	-1.3716	-1.908	-0.9994	
7.34	0.3176	-1.4775	-1.5266	0.3465	
7.35	0.1018	-1.467	-1.7753	0.4949	
7.36	-0.1489	-1.2441	-1.3902	-0.1439	
7.37	-0.3865	-1.3328	-1.5302	-0.2732	
7.38	-0.6763	-1.248	-1.2711	1.7282	
7.39	-0.9767	-0.9185	-1.2483	-1.5595	
7.4	-1.2949	-0.8038	-1.2464	1.6093	
7.41	-1.4152	-0.6388	-1.0153	-0.3693	
7.42	-1.6552	-0.3904	-0.8451	0.3176	
7.43	-1.7939	-0.2295	-0.7886	0.1712	
7.44	-2.092	0.0129	-0.6556	1.3269	
7.45	-1.9521	0.2489	-0.5006	-1.2872	
7.46	-2.3622	0.3938	-0.3893	2.2419	
7.47	-2.3559	0.6369	-0.2728	-0.9213	
7.48	-2.5441	0.7506	-0.155	0.8053	
7.49	-2.4083	0.9221	-0.0352	0.5654	
7.5	-2.273	0.9896	0.0781	0.4846	
7.51	-2.0556	1.011	0.1819	-0.2354	
7.52	-1.9024	1.0222	0.2964	1.8052	
7.53	-2.1572	1.1728	0.3589	-0.9551	
7.54	-1.8478	1.1272	0.5119	1.3485	
7.55	-1.7092	0.9478	0.5919	0.9814	
7.56	-1.4443	0.8386	0.6732	-0.2139	
7.57	-1.4346	0.6766	0.6934	1.1149	
7.58	-1.1672	0.5851	0.7114	0.9094	
7.59	-1.044	0.3741	0.8929	-0.0537	
7.6	-0.8869	0.1848	0.827	1.3259	
7.61	-0.7055	0.0268	0.9131	0.8902	
7.62	-0.5213	-0.1427	0.9677	-0.4891	
7.63	-0.4914	-0.2942	0.8462	2.5755	
7.64	-0.3782	-0.3942	0.8885	-0.3847	
7.65	-0.3663	-0.5206	0.9681	1.2161	
7.66	-0.3297	-0.5381	0.9503	0.917	
7.67	-0.3453	-0.5744	0.8853	0.9721	
7.68	-0.3646	-0.5206	0.8596	-0.1433	
7.69	-0.3591	-0.5261	0.8569	2.4124	
7.7	-0.4242	-0.4315	0.6886	-1.0014	
7.71	-0.5059	-0.3068	0.6611	2.343	
7.72	-0.6756	-0.1321	0.6358	0.4583	
7.73	-0.7159	0.0415	0.5577	0.7912	
7.74	-0.8463	0.2244	0.4808	0.612	
7.75	-0.9402	0.4048	0.4279	2.085	
7.76	-1.0905	0.6438	0.3787	-0.7655	
7.77	-1.0684	0.8452	0.2953	2.7929	
7.78	-1.0832	1.0996	0.2108	0.0709	
7.79	-1.1688	1.1951	0.1458	0.9485	
7.8	-1.2865	1.4361	0.099	1.5436	
7.81	-1.1698	1.4611	0.0362	0.7951	
7.82	-1.1416	1.6444	-0.0165	0.3261	
7.83	-1.0944	1.5442	-0.0701	2.1515	
7.84	-1.0885	1.5075	-0.1041	0.1173	
7.85	-1.0287	1.7697	-0.1345	1.0584	
7.86	-0.7854	1.7172	-0.153	2.1208	
7.87	-0.6902	1.4765	-0.1736	-0.2716	
7.88	-0.5737	1.2841	-0.1832	1.6952	
7.89	-0.3828	1.134	-0.1903	0.9033	
7.9	-0.1869	0.9445	-0.1883	0.6516	
7.91	0.0057	0.8277	-0.1485	0.9812	
7.92	0.1911	0.6886	-0.1289	1.8906	
7.93	0.3639	0.4572	-0.0881	-0.6458	
7.94	0.5474	0.2834	-0.034	2.7654	
7.95	0.6985	0.1077	0.0257	-0.215	
7.96	0.8173	-0.0313	0.0939	1.2517	
7.97	0.8341	-0.1415	0.1759	1.0051	
7.98	0.9323	-0.2571	0.276	1.3391	
7.99	0.9238	-0.3029	0.3627	-0.274	
8.0	0.9382	-0.3379	0.4454	3.0654	
8.01	0.8808	-0.278	0.581	-0.8343	
8.02	0.7415	-0.2404	0.7495	2.1319	
8.03	0.5991	-0.1366	0.7602	0.9201	
8.04	0.4854	-0.0238	0.903	0.7627	
8.05	0.3165	0.112	0.9761	0.7109	
8.06	0.1225	0.2865	1.2691	1.9631	
8.07	-0.1096	0.4908	1.2732	-0.5911	
8.08	-0.3624	0.6345	1.5092	2.2642	
8.09	-0.6382	0.7799	1.6405	0.6342	
8.1	-0.8719	1.1067	1.5715	0.2326	
8.11	-1.0643	1.0987	1.7905	1.7281	
8.12	-1.3585	1.3833	1.8703	0.4548	
8.13	-1.5164	1.3751	1.839	0.4748	
8.14	-1.6714	1.5169	1.9682	1.4615	
8.15	-1.8575	1.6966	2.3434	0.5806	
8.16	-2.0685	1.574	2.2534	0.083	
8.17	-2.3695	1.6814	2.4906	2.1464	
8.18	-2.3049	1.3678	2.4365	-0.8581	
8.19	-2.4719	1.4419	2.7294	1.6601	
8.2	-2.3477	1.293	2.3306	0.5696	
8.21	-2.3753	1.0107	2.7102	0.6141	
8.22	-2.361	0.8743	2.4722	0.2669	
8.23	-2.6667	0.7084	2.515	2.0248	
8.24	-2.3976	0.4878	2.5845	-1.4219	
8.25	-2.4083	0.2787	2.7755	2.225	
8.26	-2.3231	0.0821	2.6127	-0.3564	
8.27	-2.0328	-0.12	2.351	0.8429	
8.28	-1.8624	-0.3032	2.582	0.6367	
8.29	-1.7477	-0.4075	2.3784	1.0267	
8.3	-1.527	-0.5501	2.611	-0.7703	
8.31	-1.3761	-0.5861	2.2663	2.4824	
8.32	-1.4044	-0.6395	2.1301	-0.9272	
8.33	-1.1286	-0.633	2.4027	0.9112	
8.34	-0.9671	-0.6852	2.0125	0.8136	
8.35	-0.9897	-0.5776	2.1705	-0.083	
8.36	-0.9152	-0.4857	2.0543	0.3036	
8.37	-0.9555	-0.3545	1.849	1.2992	
8.38	-0.8983	-0.2073	1.9862	-0.7711	
8.39	-0.9924	-0.0363	1.6962	0.9054	
8.4	-0.9912	0.1334	1.5152	0.7017	
8.41	-0.9602	0.3265	1.4081	-1.04	
8.42	-1.0729	0.4483	1.5812	1.5456	
8.43	-1.0658	0.6919	1.4249	-0.3069	
8.44	-1.2776	0.7119	1.3667	0.0273	
8.45	-1.3197	0.9089	1.1743	0.4384	
8.46	-1.6158	0.9836	1.1121	0.4731	
8.47	-1.6069	0.9601	1.0703	-1.2242	
8.48	-1.61	0.9872	1.1009	1.8903	
8.49	-1.8077	0.9461	0.9448	-1.7339	
8.5	-1.6529	1.0095	0.9195	0.8572	
8.51	-1.83	0.8025	0.8188	-0.1218	
8.52	-1.686	0.6647	0.9461	0.0589	
8.53	-1.7953	0.5784	0.9467	-0.7354	
8.54	-1.6319	0.3549	0.8411	1.5337	
8.55	-1.6923	0.2084	0.7985	-1.933	
8.56	-1.4703	-0.0135	0.8379	1.3907	
8.57	-1.2537	-0.2443	0.9465	-0.6492	
8.58	-1.2011	-0.4374	1.0419	-0.3025	
8.59	-1.0931	-0.5984	1.0468	-0.0214	
8.6	-0.7889	-0.8383	1.1481	0.2521	
8.61	-0.6044	-1.0523	1.165	-1.5369	
8.62	-0.3915	-1.0507	1.2595	1.1242	
8.63	-0.1656	-1.2417	1.1396	-1.1739	
8.64	0.0769	-1.2608	1.2748	-0.4775	
8.65	0.2984	-1.3346	1.3469	0.5407	
8.66	0.468	-1.3083	1.4019	-1.2521	
8.67	0.7171	-1.2702	1.5234	-0.2766	
8.68	0.8791	-0.9904	1.794	0.1511	
8.69	0.9683	-0.8888	1.7287	-0.9748	
8.7	0.9943	-0.7402	1.9765	-0.5837	
8.71	1.226	-0.6367	2.1256	0.6914	
8.72	1.1654	-0.5056	1.8836	-1.9906	
8.73	1.2023	-0.3052	2.2124	0.9567	
8.74	1.1657	-0.0954	2.2359	-1.1893	
8.75	1.0719	0.0651	2.3436	-0.5294	
8.76	0.9058	0.2244	2.168	-0.6632	
8.77	0.7831	0.3713	2.338	0.1772	
8.78	0.603	0.4675	2.4126	-2.101	
8.79	0.4429	0.4909	2.533	1.3595	
8.8	0.2072	0.6024	2.4603	-2.3572	
8.81	-0.0086	0.5132	2.4076	-0.0578	
8.82	-0.2257	0.4957	2.7447	-0.6862	
8.83	-0.4761	0.4739	2.2884	-0.5909	
8.84	-0.64	0.3265	2.3507	-1.5717	
8.85	-0.9706	0.2178	2.652	0.8483	
8.86	-1.0275	0.0347	2.6889	-2.4901	
8.87	-1.3395	-0.1342	2.4941	0.2315	
8.88	-1.3961	-0.3381	2.2184	-0.896	
8.89	-1.6766	-0.493	2.4941	-1.3513	
8.9	-1.572	-0.7332	2.3137	-0.4387	
8.91	-1.8925	-0.9885	2.22	-0.5307	
8.92	-1.6842	-1.0388	1.9382	-1.7123	
8.93	-1.8713	-1.198	1.9585	0.0068	
8.94	-1.808	-1.2933	2.0439	-0.959	
8.95	-1.5613	-1.4358	1.8618	-1.9622	
8.96	-1.8014	-1.6109	1.5489	0.4362	
8.97	-1.6233	-1.6182	1.4621	-1.805	
8.98	-1.3871	-1.5819	1.566	-0.6451	
8.99	-1.2273	-1.5443	1.3201	-0.6709	
9.0	-1.1939	-1.2359	1.2436	-1.1213	
9.01	-1.1093	-1.1813	1.0746	-1.6612	
9.02	-0.9001	-0.9393	0.8914	0.6869	
9.03	-0.8019	-0.8338	0.7835	-2.8164	
9.04	-0.6539	-0.5925	0.7502	0.4642	
9.05	-0.6749	-0.4451	0.6397	-1.3873	
9.06	-0.5601	-0.251	0.497	-1.0515	
9.07	-0.5286	-0.0643	0.3695	-1.124	
9.08	-0.4388	0.1198	0.2789	0.0701	
9.09	-0.4496	0.2891	0.2081	-2.5989	
9.1	-0.4674	0.4421	0.1157	0.8591	
9.11	-0.4963	0.5117	0.0367	-2.1124	
9.12	-0.5412	0.5794	-0.0293	-0.7524	
9.13	-0.7015	0.6526	-0.0882	-0.6751	
9.14	-0.7416	0.644	-0.1275	-0.9351	
9.15	-0.7974	0.5928	-0.1829	-1.5868	
9.16	-0.9014	0.4856	-0.1894	0.352	
9.17	-1.1242	0.3432	-0.2072	-2.1288	
9.18	-1.1431	0.2408	-0.208	-0.6813	
9.19	-1.2107	0.0814	-0.2088	-0.3774	
9.2	-1.5251	-0.0952	-0.1889	-2.0759	
9.21	-1.357	-0.2644	-0.1722	-0.3049	
9.22	-1.4605	-0.4326	-0.1454	-0.8987	
9.23	-1.5058	-0.5588	-0.093	-1.4174	
9.24	-1.4557	-0.8425	-0.0423	-0.6257	
9.25	-1.5121	-0.8218	0.0134	-0.3327	
9.26	-1.4489	-0.9147	0.0713	-2.2523	
9.27	-1.4011	-1.1123	0.1362	0.738	
9.28	-1.3232	-1.2103	0.2162	-2.043	
9.29	-1.0134	-1.1635	0.2597	-0.5757	
9.3	-0.9808	-1.002	0.3472	-0.7984	
9.31	-0.6406	-1.0713	0.403	-0.6419	
9.32	-0.5056	-1.0032	0.5304	-1.8621	
9.33	-0.2311	-0.8315	0.6423	1.1031	
9.34	0.028	-0.6407	0.6541	-2.8974	
9.35	0.2566	-0.4432	0.6934	0.3704	
9.36	0.5476	-0.2402	0.8449	-1.2184	
9.37	0.8123	-0.0032	0.8265	-0.8781	
9.38	0.9345	0.2151	0.8962	-1.1986	
9.39	1.3499	0.4536	1.0409	0.3545	
9.4	1.4935	0.6806	1.0404	-2.5218	
9.41	1.6337	0.7566	1.1213	0.7672	
9.42	1.8979	1.0079	1.0714	-1.257	
9.43	1.7132	1.1955	1.0957	-1.0444	
9.44	2.0383	1.2012	1.116	-0.0339	
9.45	2.03	1.1791	1.1543	-0.8443	
9.46	2.0011	1.2622	1.2037	-1.1528	
9.47	2.0249	1.3009	1.1526	0.338	
9.48	1.9291	1.1114	1.1661	-1.1682	
9.49	1.8167	1.1131	1.1634	-0.9516	
9.5	1.7529	0.9965	1.0604	0.658	
9.51	1.3174	0.8094	0.9843	-1.7631	
9.52	1.27	0.6573	0.8751	0.2774	
9.53	1.113	0.5593	0.8864	-0.5769	
9.54	0.976	0.3673	0.7286	-0.7338	
9.55	0.7691	0.2438	0.6535	-0.6199	
9.56	0.4648	0.0763	0.5779	0.6654	
9.57	0.2881	-0.0485	0.4915	-2.235	
9.58	0.1439	-0.143	0.3519	1.4296	
9.59	-0.0185	-0.2425	0.27	-1.3898	
9.6	-0.1688	-0.2697	0.1605	-0.0756	
9.61	-0.2771	-0.3039	0.0463	-0.3582	
9.62	-0.3396	-0.2412	-0.0751	0.223	
9.63	-0.3926	-0.1756	-0.1852	-1.6617	
9.64	-0.4357	-0.0777	-0.2941	1.6289	
9.65	-0.4896	0.0677	-0.3679	-1.9669	
9.66	-0.408	0.2326	-0.4649	0.5028	
9.67	-0.386	0.3777	-0.5685	-0.0503	
9.68	-0.3245	0.6191	-0.676	-0.4228	
9.69	-0.2303	0.9297	-0.7413	-0.3399	
9.7	-0.1402	1.0425	-0.8068	0.9334	
9.71	-0.0311	1.1641	-0.8919	-1.4705	
9.72	0.0814	1.6268	-0.9404	0.8223	
9.73	0.1923	1.7602	-0.9547	0.1066	
9.74	0.3228	1.8532	-1.1461	-0.9038	
9.75	0.4196	2.1042	-1.0555	1.0474	
9.76	0.4534	2.3056	-1.1368	-0.3486	
9.77	0.5124	2.2772	-1.1011	-0.2351	
9.78	0.5258	2.2437	-1.0734	0.7127	
9.79	0.6132	2.3985	-1.1938	0.1721	
9.8	0.5864	1.9596	-1.2089	-0.9113	
9.81	0.5408	1.8963	-1.1504	2.0517	
9.82	0.5479	2.1073	-1.1443	-1.3101	
9.83	0.4616	1.7285	-1.1254	1.1571	
9.84	0.3055	1.8412	-1.0132	0.139	
9.85	0.2066	1.5684	-0.9329	0.2832	
9.86	0.08	1.4525	-0.8927	-0.2728	
9.87	-0.0628	1.2283	-0.7226	2.0017	
9.88	-0.2145	1.0244	-0.7086	-1.581	
9.89	-0.3905	0.9396	-0.5412	2.2451	
9.9	-0.4729	0.7776	-0.4657	-0.416	
9.91	-0.6011	0.6468	-0.358	0.5121	
9.92	-0.7456	0.621	-0.301	0.5148	
9.93	-0.9425	0.5533	-0.1802	1.0683	
9.94	-1.007	0.5977	-0.0648	-0.7777	
9.95	-0.9696	0.7327	0.0419	2.1739	
9.96	-1.0928	0.7734	0.1604	-0.5269	
9.97	-0.9113	0.9264	0.2349	0.6928	
9.98	-1.0491	1.0155	0.3478	1.2542	
9.99	-0.8003	1.2395	0.4668	-0.0021	
10.0	-0.7921	1.3596	0.5488	0.6436	
10.01	-0.6489	1.5976	0.6505	1.46	
10.02	-0.421	1.6767	0.6735	-0.181	
10.03	-0.2172	1.8694	0.7717	0.8263	
10.04	-0.015	2.3319	0.8647	1.4502	
10.05	0.2272	2.5609	0.9462	-0.7733	
10.06	0.4884	2.5674	0.9013	1.8479	
10.07	0.7464	2.4487	0.883	0.1866	
10.08	1.0602	3.0745	1.0019	0.6316	
10.09	1.1503	3.0927	0.8923	0.9832	
10.1	1.6476	2.7077	1.0038	1.3994	
10.11	1.6789	2.8619	0.9272	-0.7214	
10.12	2.0946	2.5797	1.0038	2.6285	
10.13	2.2668	2.795	0.9723	-0.7918	
10.14	2.4579	2.8647	0.8846	1.6107	
10.15	2.3152	2.6106	0.8574	0.8464	
10.16	2.7197	2.4247	0.756	0.9535	
10.17	2.7033	2.2168	0.7067	0.0711	
10.18	2.4432	1.9764	0.6628	2.5344	
10.19	2.6034	1.961	0.5809	-0.9316	
10.2	2.3614	1.5256	0.4955	2.0597	
10.21	2.6805	1.468	0.4946	0.5665	
10.22	2.3076	1.2623	0.4012	0.5724	
10.23	2.397	1.1026	0.2983	1.2847	
10.24	2.0458	1.0753	0.199	1.4665	
10.25	2.0222	0.9929	0.1247	-0.1673	
10.26	1.8838	0.9748	0.0448	2.0974	
10.27	1.7287	1.0767	-0.0412	0.5406	
10.28	1.4137	1.1561	-0.1151	0.4078	
10.29	1.2977	1.1001	-0.1899	2.0905	
10.3	1.103	1.2594	-0.2648	0.0979	
10.31	0.9824	1.2793	-0.3201	1.1357	
10.32	0.8538	1.6557	-0.427	1.4009	
10.33	0.6937	1.8496	-0.406	0.6743	
10.34	0.6878	2.112	-0.5205	0.4975	
10.35	0.6449	2.0872	-0.5413	2.5074	
10.36	0.6641	2.1014	-0.492	-0.8016	
10.37	0.6799	2.6963	-0.5494	2.4479	
10.38	0.7007	2.8133	-0.5818	0.4504	
10.39	0.6764	2.4957	-0.61	1.0692	
10.4	0.7461	2.604	-0.5885	0.8159	
10.41	0.7888	2.8791	-0.5199	1.7687	
10.42	0.9494	2.7039	-0.4681	-0.8376	
10.43	1.1245	2.751	-0.4791	3.032	
10.44	1.2357	2.9317	-0.3921	-0.3776	
10.45	1.3389	2.6823	-0.3514	1.464	
10.46	1.2033	2.3621	-0.2503	1.07	
10.47	1.2725	2.5715	-0.1719	1.1226	
10.48	1.5283	2.4842	-0.0961	0.0827	
10.49	1.6015	2.2282	0.0065	2.6285	
10.5	1.5839	2.0065	0.1014	-0.5993	
10.51	1.536	1.551	0.2217	1.7225	
10.52	1.4576	1.3985	0.3349	1.2043	
10.53	1.3644	1.1501	0.3916	0.1053	
10.54	1.384	1.0465	0.5459	1.2173	
10.55	1.0647	0.9265	0.6739	1.1817	
10.56	1.0544	0.8487	0.7097	0.024	
10.57	0.7966	0.7018	0.9678	1.5931	
10.58	0.6726	0.6386	1.0974	1.1728	
10.59	0.4349	0.6097	1.1412	-0.3467	
10.6	0.3091	0.6475	1.3118	2.4504	
10.61	0.0888	0.6528	1.2579	-0.3525	
10.62	-0.0964	0.7698	1.2819	1.1229	
10.63	-0.2888	0.9006	1.5527	0.8701	
10.64	-0.4184	1.0857	1.4974	0.8391	
10.65	-0.6041	1.132	1.6391	-0.279	
10.66	-0.6424	1.4441	1.5766	2.2523	
10.67	-0.8656	1.4027	1.7285	-1.2919	
10.68	-0.8271	1.8458	1.6687	2.0932	
10.69	-0.8361	1.6846	1.7077	0.1797	
10.7	-0.9588	1.8889	1.84	0.6261	
10.71	-0.8546	2.0193	1.8791	0.2483	
10.72	-0.7591	2.1821	1.7765	1.5741	
10.73	-0.6578	2.4584	1.8058	-1.2327	
10.74	-0.5147	2.3165	1.7404	2.0369	
10.75	-0.3281	2.4606	1.9187	-0.3802	
10.76	-0.1327	2.3915	1.7303	0.3874	
10.77	0.0882	2.2664	1.8517	0.9505	
10.78	0.3519	2.0227	1.6471	0.408	
10.79	0.5585	1.9424	1.4693	-0.2993	
10.8	0.8133	1.5372	1.5286	1.6199	
10.81	0.9658	1.3819	1.3348	-0.5398	
10.82	1.2434	1.1197	1.3069	0.2992	
10.83	1.5719	1.0286	1.145	1.2354	
10.84	1.8353	0.6854	1.1877	-0.9063	
10.85	1.8742	0.5763	1.056	0.8827	
10.86	1.9737	0.3658	0.9137	0.3102	
10.87	2.3294	0.1722	0.9158	-0.2441	
10.88	2.4216	0.0234	0.7991	0.2305	
10.89	2.2707	-0.0879	0.6943	0.9733	
10.9	2.3419	-0.1679	0.521	-1.6118	
10.91	2.5096	-0.2073	0.4738	1.6996	
10.92	2.4863	-0.1827	0.363	-0.9413	
10.93	2.2613	-0.1811	0.2959	0.3703	
10.94	2.1638	-0.0922	0.2022	0.0406	
10.95	2.0908	0.0046	0.1443	0.4793	
10.96	1.9591	0.1205	0.0842	-1.2702	
10.97	1.7477	0.2802	0.0221	1.7661	
10.98	1.6959	0.4622	-0.0277	-1.8952	
10.99	1.6681	0.5593	-0.0667	0.8237	
11.0	1.3967	0.758	-0.0897	-0.2457	
11.01	1.2421	0.9794	-0.1174	-0.3409	
11.02	1.0402	1.165	-0.1243	-0.4751	
11.03	0.9869	1.1031	-0.1265	0.9718	
11.04	0.8957	1.2821	-0.1262	-1.6512	
11.05	0.7754	1.4273	-0.0962	0.8721	
11.06	0.732	1.3367	-0.0716	-0.5663	
11.07	0.7988	1.2933	-0.0351	-0.9116	
11.08	0.711	1.2356	0.0081	0.5121	
11.09	0.7758	1.108	0.0648	-0.619	
11.1	0.8587	1.0061	0.1228	-0.8793	
11.11	0.8862	0.9118	0.1908	0.3794	
11.12	0.9643	0.7571	0.2513	-0.7001	
11.13	1.0744	0.5678	0.3339	-1.1688	
11.14	1.1031	0.3614	0.3723	0.9902	
11.15	1.2153	0.1415	0.4927	-2.0389	
11.16	1.23	-0.0584	0.5283	0.3294	
11.17	1.5307	-0.2599	0.6165	-0.5926	
11.18	1.4462	-0.4449	0.6697	-0.6916	
11.19	1.4722	-0.6596	0.7827	-1.0862	
11.2	1.7349	-0.8201	0.927	0.726	
11.21	1.6745	-0.9067	0.9049	-2.3456	
11.22	1.5004	-1.061	1.1002	1.065	
11.23	1.5476	-0.9278	1.2133	-1.7438	
11.24	1.4526	-1.0544	1.3039	-0.4783	
11.25	1.3155	-0.912	1.2671	-0.7369	
11.26	1.2036	-0.8732	1.2909	-0.1104	
11.27	1.2419	-0.8532	1.2489	-2.3514	
11.28	1.0061	-0.6248	1.4014	1.1359	
11.29	0.8483	-0.4796	1.2599	-2.2367	
11.3	0.6107	-0.3321	1.3593	-0.3613	
11.31	0.3195	-0.2002	1.2926	-0.4789	
11.32	0.1147	-0.005	1.3036	-1.2253	
11.33	-0.1149	0.1687	1.3784	-1.1011	
11.34	-0.3259	0.3502	1.2363	0.084	
11.35	-0.5412	0.4879	1.221	-2.0514	
11.36	-0.7743	0.5835	1.2619	-0.3477	
11.37	-0.9389	0.6792	1.1106	-0.3873	
11.38	-1.2122	0.763	1.1396	-2.1697	
11.39	-1.2003	0.7975	1.0155	0.2076	
11.4	-1.3601	0.6966	0.9534	-1.3371	
11.41	-1.3157	0.7078	0.898	-1.2521	
11.42	-1.5568	0.6233	0.6598	-0.5371	
11.43	-1.5205	0.4516	0.6566	-0.5549	
11.44	-1.3788	0.2988	0.4481	-2.2212	
11.45	-1.4458	0.1385	0.4079	0.9084	
11.46	-1.2973	-0.0589	0.2427	-2.787	
11.47	-1.2043	-0.2567	0.1207	-0.1612	
11.48	-0.9517	-0.4217	-0.0125	-1.1636	
11.49	-0.784	-0.6277	-0.1501	-0.8275	
11.5	-0.544	-0.88	-0.2608	-1.8555	
11.51	-0.3634	-0.9423	-0.4192	0.6276	
11.52	-0.1541	-1.0911	-0.574	-2.7747	
11.53	0.0649	-1.2407	-0.6723	0.458	
11.54	0.2763	-1.3536	-0.8141	-1.4541	
11.55	0.5414	-1.34	-0.8452	-1.1196	
11.56	0.7367	-1.4507	-0.8992	-0.9684	
11.57	0.8818	-1.3014	-1.1115	-0.438	
11.58	1.0692	-1.2928	-1.2264	-2.3756	
11.59	1.0234	-1.1871	-1.3768	0.4679	
11.6	1.173	-0.951	-1.2904	-1.9235	
11.61	1.2796	-0.8276	-1.4336	-1.1152	
11.62	1.3608	-0.5652	-1.3165	-0.1453	
11.63	1.3535	-0.3732	-1.4051	-1.5441	
11.64	1.1816	-0.2232	-1.5422	-0.9294	
11.65	1.188	-0.0147	-1.5408	-0.3581	
11.66	1.2134	0.1775	-1.594	-1.7076	
11.67	0.9987	0.3252	-1.5624	-0.9942	
11.68	0.8752	0.5303	-1.5088	0.1781	
11.69	0.7776	0.6164	-1.6301	-2.7126	
11.7	0.6397	0.7385	-1.4829	0.3592	
11.71	0.5473	0.6732	-1.453	-1.3782	
11.72	0.4994	0.6759	-1.3393	-0.9468	
11.73	0.3699	0.7504	-1.37	-0.9895	
11.74	0.2467	0.5922	-1.4329	-0.0758	
11.75	0.1592	0.5259	-1.3158	-2.3404	
11.76	0.1038	0.4545	-1.2251	1.1028	
11.77	0.0488	0.2981	-1.199	-2.4058	
11.78	0.0298	0.1242	-1.1707	-0.267	
11.79	0.0338	-0.0565	-0.948	-0.8763	
11.8	0.0587	-0.2228	-0.9262	-0.6261	
11.81	0.1046	-0.3797	-0.8775	-1.7131	
11.82	0.1788	-0.6139	-0.7431	0.79	
11.83	0.2538	-0.7982	-0.7373	-2.4255	
11.84	0.3937	-0.8959	-0.6911	0.2688	
11.85	0.4411	-0.913	-0.5984	-0.7643	
11.86	0.5997	-1.0814	-0.6053	-1.2166	
11.87	0.7401	-1.0754	-0.4864	-0.4041	
11.88	0.7614	-1.0582	-0.4627	-0.249	
11.89	0.9812	-1.0449	-0.421	-1.8311	
11.9	1.0092	-0.9327	-0.4495	0.2665	
11.91	1.1436	-0.7492	-0.4317	-0.73	
11.92	1.082	-0.5847	-0.4218	-1.5111	
11.93	1.1482	-0.492	-0.4051	0.714	
11.94	1.2642	-0.2599	-0.3596	-1.3684	
11.95	1.0425	-0.0782	-0.4319	-0.3153	
11.96	1.0654	0.1457	-0.4244	-0.1785	
11.97	0.9968	0.3735	-0.4827	-0.656	
11.98	0.9208	0.5599	-0.5785	-1.1902	
11.99	0.6349	0.7707	-0.6108	1.2464	
12.0	0.4828	0.9455	-0.7213	-2.5001	
12.01	0.316	1.0748	-0.8023	0.9205	
12.02	0.0659	1.241	-0.7611	-0.9207	
12.03	-0.1882	1.2181	-0.9008	-0.3132	
12.04	-0.4527	1.2484	-1.039	-0.6106	
12.05	-0.6776	1.1707	-1.0821	0.8204	
12.06	-0.9693	1.1081	-1.1102	-2.2055	
12.07	-1.2328	1.2286	-1.2671	1.5205	
12.08	-1.505	0.9454	-1.4304	-1.2857	
12.09	-1.7513	0.8802	-1.5994	0.0055	
12.1	-1.9776	0.7921	-1.6498	0.0741	
12.11	-2.0772	0.5554	-1.7089	-0.0694	
12.12	-2.2037	0.3773	-2.094	-1.0505	
12.13	-2.2732	0.2196	-2.0053	1.3272	
12.14	-2.2427	0.0376	-2.2337	-1.1736	
12.15	-2.5694	-0.1221	-2.1387	0.3129	
12.16	-2.3564	-0.2277	-2.1471	0.6136	
12.17	-2.4001	-0.3581	-2.5814	-0.9673	
12.18	-2.2304	-0.3949	-2.4035	0.6208	
12.19	-2.0189	-0.4954	-2.6881	0.2942	
12.2	-2.2095	-0.495	-2.4641	-0.5426	
12.21	-1.6964	-0.4057	-2.8233	0.4438	
12.22	-1.8103	-0.3681	-2.7275	0.7136	
12.23	-1.4172	-0.2588	-2.6339	-1.1908	
12.24	-1.4442	-0.1105	-2.6693	1.7646	
12.25	-1.1786	0.0436	-2.896	-0.9568	
12.26	-0.996	0.2552	-3.0737	0.5043	
12.27	-0.7544	0.4034	-3.0681	0.3367	
12.28	-0.602	0.6805	-3.0142	0.5342	
12.29	-0.4152	0.8085	-2.9105	-0.8096	
12.3	-0.2803	1.0168	-2.8888	2.4489	
12.31	-0.2008	1.3552	-3.0557	-1.5236	
12.32	-0.1011	1.402	-2.9462	1.5502	
12.33	-0.0434	1.5031	-2.5308	0.1256	
12.34	-0.021	1.7113	-2.5695	0.3896	
12.35	-0.0196	1.6049	-2.3615	0.0778	
12.36	-0.0415	1.7545	-2.5675	1.5167	
12.37	-0.0905	1.6627	-2.4359	-1.2018	
12.38	-0.1503	1.8178	-2.1427	1.864	
12.39	-0.2371	1.5381	-2.3261	-0.0389	
12.4	-0.3659	1.6783	-2.0117	0.268	
12.41	-0.4354	1.5355	-2.0324	1.102	
12.42	-0.4902	1.2381	-2.0357	0.537	
12.43	-0.6403	1.0562	-1.8408	-0.0445	
12.44	-0.7957	0.8634	-1.5371	1.8076	
12.45	-0.8922	0.7092	-1.6962	0.0556	
12.46	-0.8583	0.5112	-1.4828	0.3455	
12.47	-0.9331	0.3557	-1.3403	1.724	
12.48	-0.9764	0.1921	-1.1719	-0.6101	
12.49	-0.9224	0.0678	-1.2446	1.5445	
12.5	-1.0102	-0.0231	-1.2468	0.776	
12.51	-0.8359	-0.0807	-1.0662	0.4394	
12.52	-0.7832	-0.1243	-0.9717	0.6291	
12.53	-0.8213	-0.099	-1.0344	1.8798	
12.54	-0.6649	-0.0629	-0.8686	-0.9443	
12.55	-0.5073	0.0166	-0.8108	2.4648	
12.56	-0.3844	0.1332	-0.7832	-0.186	
12.57	-0.2431	0.2855	-0.8962	1.1178	
12.58	-0.066	0.3904	-0.8619	0.8951	
12.59	0.1014	0.6311	-0.8687	1.45	
12.6	0.2654	0.7187	-0.8153	-0.56	
12.61	0.3671	1.0076	-0.8462	2.6639	
12.62	0.5354	1.2278	-0.8225	-0.6539	
12.63	0.6887	1.3166	-0.8439	1.6606	
12.64	0.6544	1.5861	-1.055	0.9396	
12.65	0.7543	1.6208	-0.9584	0.6754	
12.66	0.7395	1.7808	-1.1546	0.6458	
12.67	0.7473	1.7748	-1.0764	1.9686	
12.68	0.7327	1.8666	-1.0973	-0.4248	
12.69	0.6301	1.922	-1.2083	1.8359	
12.7	0.5194	1.6801	-1.4664	1.1356	
12.71	0.4091	1.8428	-1.3865	0.1067	
12.72	0.2643	1.5114	-1.6272	1.9884	
12.73	0.0458	1.5065	-1.6312	0.7135	
12.74	-0.1881	1.2115	-1.7733	0.575	
12.75	-0.4019	0.9662	-1.6694	1.7064	
12.76	-0.6225	0.9069	-1.9306	1.0521	
12.77	-0.9241	0.65	-1.9895	-0.0148	
12.78	-1.1341	0.4459	-2.037	2.658	
12.79	-1.578	0.2374	-2.0741	-0.5726	
12.8	-1.6115	0.0821	-1.9491	1.7692	
12.81	-2.002	-0.0719	-1.9459	0.967	
12.82	-2.1016	-0.2273	-2.1257	0.9572	
12.83	-2.3926	-0.2933	-2.1841	0.3508	
12.84	-2.2321	-0.386	-2.0525	2.6027	
12.85	-2.5922	-0.43	-2.138	-1.0434	
12.86	-2.4457	-0.392	-2.3633	2.7059	
12.87	-2.6369	-0.3399	-2.3075	0.2095	
12.88	-2.4613	-0.2319	-2.1937	0.9944	
12.89	-2.6672	-0.1257	-2.0464	1.0371	
12.9	-2.8024	-0.0036	-2.2818	1.5078	
12.91	-2.748	0.1603	-2.0923	-0.5235	
12.92	-2.264	0.3456	-1.8615	2.7844	
12.93	-2.2475	0.4539	-2.0708	-0.1873	
12.94	-2.1953	0.6218	-1.8061	0.9768	
12.95	-2.111	0.7953	-1.7533	1.583	
12.96	-1.9456	0.8848	-1.6209	0.3449	
12.97	-1.855	0.9829	-1.6467	0.6627	
12.98	-1.5729	1.102	-1.3329	1.8407	
12.99	-1.2465	1.3423	-1.4939	-0.0537	
13.0	-1.2307	1.3183	-1.275	1.0816	
13.01	-0.9909	1.3371	-1.1358	1.536	
13.02	-1.0275	1.1033	-0.9276	-0.5675	
13.03	-0.7861	1.1726	-0.8091	1.831	
13.04	-0.8819	1.0624	-0.7608	0.2953	
13.05	-0.6885	0.839	-0.5584	0.55	
13.06	-0.7477	0.5827	-0.4824	0.8528	
13.07	-0.7435	0.4086	-0.3845	1.4526	
13.08	-0.7322	0.2324	-0.2436	-0.8784	
13.09	-0.9099	-0.0108	-0.1192	2.6722	
13.1	-0.943	-0.2106	-0.0232	-0.9572	
13.11	-1.0379	-0.4129	0.0881	1.216	
13.12	-0.9618	-0.6085	0.1638	0.5932	
13.13	-1.2477	-0.8177	0.2647	0.7943	
13.14	-1.2337	-0.9888	0.3361	-0.3001	
13.15	-1.2885	-1.0895	0.3942	2.3036	
13.16	-1.3314	-1.2983	0.487	-1.2811	
13.17	-1.4278	-1.3349	0.5631	1.8263	
13.18	-1.4242	-1.3094	0.5267	0.1819	
13.19	-1.6772	-1.1718	0.578	0.1817	
13.2	-1.6519	-1.2601	0.5586	0.5487	
13.21	-1.5993	-1.0795	0.5798	1.1036	
13.22	-1.4013	-0.8733	0.5689	-0.7915	
13.23	-1.2854	-0.8811	0.6341	1.5029	
13.24	-1.2325	-0.6756	0.6022	-0.0976	
13.25	-1.1834	-0.524	0.5549	-0.1722	
13.26	-0.8855	-0.3722	0.5033	1.4519	
13.27	-0.8278	-0.1844	0.436	-0.5096	
13.28	-0.6284	-0.0463	0.4191	0.3384	
13.29	-0.3874	0.0704	0.3265	0.822	
13.3	-0.202	0.1654	0.2828	-0.1649	
13.31	0.0029	0.2472	0.2343	-0.2748	
13.32	0.2036	0.2597	0.1571	1.4373	
13.33	0.4252	0.2247	0.0732	-1.5673	
13.34	0.5731	0.1939	-0.0131	1.4857	
13.35	0.6916	0.1329	-0.0931	-0.4457	
13.36	0.821	0.0041	-0.16	0.0317	
13.37	0.9222	-0.1433	-0.2338	-0.1414	
13.38	1.0592	-0.3348	-0.3423	0.9786	
13.39	1.0568	-0.4757	-0.3996	-1.6556	
13.4	1.0055	-0.7496	-0.4658	1.8473	
13.41	1.0466	-0.9729	-0.5093	-1.3546	
13.42	0.8878	-1.0817	-0.6519	0.2983	
13.43	0.7768	-1.455	-0.6472	-0.017	
13.44	0.6585	-1.707	-0.7179	0.022	
13.45	0.5609	-1.6542	-0.7364	-1.059	
13.46	0.3153	-1.8032	-0.791	1.2919	
13.47	0.1074	-1.9861	-0.7826	-1.7833	
13.48	-0.1194	-2.0689	-0.7768	0.4667	
13.49	-0.3494	-2.1883	-0.8185	-0.0125	
13.5	-0.584	-2.1302	-0.7491	-1.0869	
13.51	-0.8175	-2.4518	-0.7809	0.0521	
13.52	-1.0758	-2.0581	-0.7861	0.0502	
13.53	-1.1583	-1.9352	-0.7169	-1.2385	
13.54	-1.4254	-2.1263	-0.6268	0.2842	
13.55	-1.7814	-1.6698	-0.6096	-0.1843	
13.56	-1.9744	-1.8037	-0.6042	-1.5807	
13.57	-1.865	-1.4486	-0.5283	0.9225	
13.58	-1.9294	-1.335	-0.4242	-1.5634	
13.59	-1.9882	-1.2826	-0.3114	-0.3094	
13.6	-2.05	-0.9799	-0.2235	-0.2792	
13.61	-2.2874	-0.9501	-0.1358	-0.4032	
13.62	-2.0004	-0.7587	-0.0448	-1.4833	
13.63	-1.9898	-0.6779	0.0625	1.2556	
13.64	-1.9231	-0.6869	0.1588	-2.5752	
13.65	-1.948	-0.5735	0.2426	0.559	
13.66	-1.7224	-0.582	0.3757	-1.0184	
13.67	-1.5529	-0.6477	0.4593	-0.7016	
13.68	-1.483	-0.7465	0.5305	-0.9994	
13.69	-1.1474	-0.8768	0.6813	0.4988	
13.7	-0.9814	-1.0258	0.8163	-2.3993	
13.71	-1.0285	-1.2445	0.867	1.0095	
13.72	-0.7974	-1.5266	1.0177	-1.7886	
13.73	-0.6387	-1.7031	1.0214	-0.7891	
13.74	-0.6128	-1.9731	1.0049	-0.4198	
13.75	-0.5496	-2.0379	1.1576	-0.7732	
13.76	-0.4629	-2.1978	1.1908	-1.8081	
13.77	-0.509	-2.2185	1.3813	0.4004	
13.78	-0.4718	-2.5447	1.4038	-1.8578	
13.79	-0.5186	-2.5067	1.4288	-0.8107	
13.8	-0.5512	-2.7144	1.4289	-0.0048	
13.81	-0.5804	-2.8253	1.3234	-2.1019	
13.82	-0.7223	-2.8973	1.4086	-0.315	
13.83	-0.8297	-2.9069	1.3037	-0.6793	
13.84	-0.8185	-2.8109	1.1966	-1.4137	
13.85	-1.0073	-2.6857	1.2166	-0.8173	
13.86	-0.9952	-2.4433	1.2981	-0.0516	
13.87	-1.2583	-2.5246	1.1287	-2.7105	
13.88	-1.335	-2.3565	1.0211	0.7228	
13.89	-1.3619	-1.8156	0.912	-1.9787	
13.9	-1.4131	-1.9749	0.8981	-0.7784	
13.91	-1.3094	-1.647	0.7673	-0.9045	
13.92	-1.3385	-1.4958	0.7226	-0.5429	
13.93	-1.3002	-1.1751	0.6434	-2.4939	
13.94	-1.1181	-1.1443	0.4918	0.9834	
13.95	-1.097	-1.1085	0.3663	-2.5416	
13.96	-1.0704	-0.8788	0.2988	-0.0497	
13.97	-0.8981	-0.9439	0.1769	-1.1048	
13.98	-0.6704	-0.8744	0.0666	-1.1473	
13.99	-0.4164	-0.9032	-0.0374	-1.435	
14.0	-0.2226	-0.9517	-0.1402	0.2103	
14.01	0.0232	-1.0059	-0.2755	-2.832	
14.02	0.2795	-1.1125	-0.3831	0.2025	
14.03	0.4628	-1.2263	-0.466	-1.2391	
14.04	0.778	-1.5967	-0.5478	-1.6447	
14.05	0.9413	-1.7692	-0.6324	-0.2842	
14.06	1.1681	-1.7818	-0.7194	-1.1372	
14.07	1.3063	-2.1484	-0.7007	-1.7386	
14.08	1.4086	-2.3802	-0.8994	-0.1385	
14.09	1.773	-2.2904	-0.9222	-1.3697	
14.1	1.6902	-2.2932	-0.9883	-1.6647	
14.11	1.8029	-2.8572	-0.9231	0.4456	
14.12	1.8818	-2.9504	-1.0311	-2.1641	
14.13	2.0288	-2.5299	-0.9237	-0.2169	
14.14	1.8216	-2.8478	-1.0096	-0.9985	
14.15	1.8634	-2.8457	-0.9356	-1.1336	
14.16	1.5614	-2.7245	-0.8681	-1.4826	
14.17	1.4481	-2.6026	-0.9258	0.481	
14.18	1.4624	-2.5478	-0.8461	-2.7738	
14.19	1.2403	-2.097	-0.8001	0.8263	
14.2	1.0986	-1.9162	-0.8279	-1.9031	
14.21	0.7954	-1.6571	-0.7023	-0.7277	
14.22	0.6118	-1.7143	-0.6549	-0.8315	
14.23	0.3908	-1.4378	-0.5853	-0.1557	
14.24	0.1693	-1.2542	-0.5006	-2.1763	
14.25	-0.0166	-0.9795	-0.3872	0.9955	
14.26	-0.1939	-0.7577	-0.3332	-2.2156	
14.27	-0.3742	-0.7261	-0.2676	-0.28	
14.28	-0.5243	-0.5941	-0.1704	-0.4124	
14.29	-0.6468	-0.4748	-0.099	-1.0605	
14.3	-0.6523	-0.4185	-0.0074	-1.0615	
14.31	-0.7227	-0.4307	0.07	0.3418	
14.32	-0.7764	-0.471	0.1457	-1.9245	
14.33	-0.8259	-0.5064	0.2338	-0.0813	
14.34	-0.7002	-0.5813	0.276	-0.1848	
14.35	-0.7077	-0.7586	0.3451	-1.5637	
14.36	-0.593	-0.8995	0.4036	0.4417	
14.37	-0.5804	-1.1124	0.4682	-0.9786	
14.38	-0.4584	-1.2565	0.4866	-0.9124	
14.39	-0.2827	-1.286	0.5706	-0.1312	
14.4	-0.1807	-1.4115	0.5975	-0.1823	
14.41	-0.0695	-1.8506	0.5411	-1.8123	
14.42	0.0462	-1.9933	0.5239	1.3952	
14.43	0.1519	-1.8178	0.5058	-1.9041	
14.44	0.2418	-2.027	0.5389	0.3605	
14.45	0.2986	-2.0626	0.5421	-0.4056	
14.46	0.3844	-1.9049	0.445	-0.2619	
14.47	0.3769	-2.0063	0.4027	-1.2493	
14.48	0.4206	-2.0368	0.384	1.3991	
14.49	0.3996	-1.6954	0.3243	-2.0992	
14.5	0.3695	-1.5504	0.26	1.203	
14.51	0.3191	-1.4965	0.1514	-0.779	
14.52	0.2332	-1.2325	0.0669	-0.317	
14.53	0.1139	-1.137	-0.0193	-0.1554	
14.54	0.012	-0.8933	-0.1239	0.5581	
14.55	-0.1014	-0.7001	-0.2128	-1.5952	
14.56	-0.227	-0.5098	-0.3498	1.5249	
14.57	-0.3402	-0.2643	-0.4654	-0.9582	
14.58	-0.5053	-0.1032	-0.5087	-0.2089	
14.59	-0.6484	0.0622	-0.6614	0.7922	
14.6	-0.7063	0.2099	-0.7231	-0.671	
14.61	-0.7109	0.284	-0.9395	-0.0839	
14.62	-0.8173	0.3367	-0.8873	0.8102	
14.63	-0.8206	0.3759	-1.0168	-0.6148	
14.64	-0.8554	0.3492	-1.0868	-0.0213	
14.65	-0.7841	0.3037	-1.2715	1.2805	
14.66	-0.7038	0.2323	-1.4099	-1.4101	
14.67	-0.6453	0.1068	-1.3417	1.4319	
14.68	-0.5462	-0.0367	-1.5587	-0.2291	
14.69	-0.3709	-0.1848	-1.6846	0.1171	
14.7	-0.1604	-0.3774	-1.6294	0.2175	
14.71	0.0507	-0.5011	-1.7712	1.0321	
14.72	0.2918	-0.7372	-1.5879	-1.325	
14.73	0.5172	-0.9393	-1.7436	2.3902	
14.74	0.7306	-0.9708	-1.701	-1.0618	
14.75	1.1448	-1.0521	-1.6333	0.9002	
14.76	1.3389	-1.1981	-1.8052	0.4346	
14.77	1.6022	-1.3513	-1.7943	0.6796	
14.78	1.7908	-1.1998	-1.5123	-0.5567	
14.79	2.0465	-1.2365	-1.7379	2.3206	
14.8	2.0197	-1.1055	-1.4546	-1.1761	
14.81	2.5646	-1.0451	-1.5156	1.6651	
14.82	2.6018	-1.0039	-1.4275	0.4457	
14.83	2.3662	-0.8751	-1.4225	0.0936	
14.84	2.4513	-0.6168	-1.3436	0.8588	
14.85	2.5946	-0.5122	-1.1142	1.2368	
