0.01	0.9374	0.3212	0.1677	0.223	0.1589	
0.02	1.6321	0.5928	0.2856	0.5269	0.3387	
0.03	1.9813	0.9012	0.4398	0.658	0.5325	
0.04	2.105	1.0377	0.5857	0.937	0.6397	
0.05	1.6476	1.0859	0.8116	1.1288	0.7829	
0.06	0.7779	1.1737	0.7894	1.2421	0.951	
0.07	-0.1177	1.0229	0.9802	1.3727	1.0989	
0.08	-0.8856	1.0967	1.0113	1.709	1.3096	
0.09	-1.4101	0.8847	1.2059	1.4951	1.5398	
0.1	-1.6754	0.6427	1.3402	1.7464	1.5832	
0.11	-1.3437	0.3602	1.2911	1.6357	1.6502	
0.12	-0.9628	0.0969	1.4371	1.6165	1.7074	
0.13	-0.1033	-0.1174	1.6151	1.6754	1.7569	
0.14	0.6888	-0.3216	1.6465	1.6615	2.0308	
0.15	1.4447	-0.4272	1.6967	1.5581	1.992	
0.16	1.6995	-0.5443	1.4629	1.4495	1.8148	
0.17	2.087	-0.484	1.6472	1.4802	1.9501	
0.18	1.744	-0.3557	1.5235	1.1768	2.0947	
0.19	1.123	-0.2012	1.68	1.0758	2.1058	
0.2	0.4774	0.0252	1.5717	0.904	2.0214	
0.21	-0.124	0.3332	1.5805	0.8761	2.0296	
0.22	-0.5472	0.6584	1.4213	0.8444	2.0911	
0.23	-0.7283	0.9376	1.2615	0.698	1.9205	
0.24	-0.7072	1.3134	1.188	0.5559	2.099	
0.25	-0.3863	1.5255	1.2493	0.6096	2.0449	
0.26	0.0518	1.606	1.2501	0.5587	1.8504	
0.27	0.5406	1.8386	1.007	0.5927	1.8899	
0.28	1.0415	1.69	0.8947	0.6198	1.5943	
0.29	1.4308	1.81	0.8345	0.5976	1.4781	
0.3	1.523	1.6999	0.8168	0.6389	1.6876	
0.31	1.2888	1.5493	0.7794	0.8083	1.6148	
0.32	1.0647	1.3777	0.6074	0.9076	1.4648	
0.33	0.8527	0.9758	0.5712	0.9655	1.2381	
0.34	0.5595	0.8148	0.5005	1.3089	1.3367	
0.35	0.3776	0.5424	0.4354	1.5135	1.1146	
0.36	0.2887	0.3199	0.4083	1.4872	1.2637	
0.37	0.3424	0.1595	0.3568	1.6147	1.0124	
0.38	0.4673	0.106	0.3398	2.0508	1.1296	
0.39	0.5311	0.092	0.3838	2.1809	1.0424	
0.4	0.7097	0.1849	0.3603	1.9608	0.9722	
0.41	0.7276	0.3081	0.3611	2.459	1.0668	
0.42	0.7364	0.542	0.4103	2.2768	0.9949	
0.43	0.6342	0.8645	0.4539	2.3199	0.8893	
0.44	0.5634	1.0524	0.4431	2.3828	0.9421	
0.45	0.6265	1.5613	0.464	2.5139	0.9618	
0.46	0.5895	1.7736	0.6073	2.3871	1.0891	
0.47	0.8519	1.9697	0.6751	2.1451	1.0958	
0.48	1.0609	2.3689	0.7054	2.1943	1.0632	
0.49	1.264	2.4906	0.8877	1.9635	1.1308	
0.5	1.3739	2.3577	0.8908	1.8509	1.2714	
0.51	1.5003	2.3748	1.1138	1.9603	1.264	
0.52	1.3394	2.2171	1.0736	1.5874	1.2675	
0.53	1.1259	1.9543	1.3989	1.3199	1.4499	
0.54	0.8036	1.6658	1.5244	1.3171	1.5559	
0.55	0.3527	1.5141	1.4008	1.003	1.7036	
0.56	0.0135	1.3174	1.6036	0.854	1.7006	
0.57	-0.1854	0.981	1.7617	0.6111	1.6969	
0.58	-0.1384	0.7205	1.9607	0.3623	1.8281	
0.59	0.1407	0.6983	2.0064	0.1829	1.906	
0.6	0.6169	0.5637	1.9439	0.0269	2.0439	
0.61	1.1232	0.4903	2.3011	-0.1138	1.9987	
0.62	1.9497	0.5312	2.4329	-0.2371	2.4023	
0.63	2.0596	0.7338	2.5701	-0.3007	2.2456	
0.64	2.2631	0.8751	2.6303	-0.3244	2.3992	
0.65	2.2441	1.1342	2.4911	-0.3669	2.209	
0.66	1.7658	1.5516	2.5582	-0.3964	2.2732	
0.67	1.1028	1.7861	2.4395	-0.3381	2.2208	
0.68	0.4147	2.1315	2.3967	-0.293	2.5042	
0.69	-0.2682	2.4809	2.3473	-0.201	2.7272	
0.7	-0.7007	2.3201	2.4996	-0.0881	2.684	
0.71	-0.7574	2.715	2.5712	0.0303	2.4979	
0.72	-0.4558	2.4729	2.4606	0.1497	2.2095	
0.73	0.1952	2.8635	2.6427	0.3152	2.3742	
0.74	0.9391	2.4056	2.1576	0.4415	2.3934	
0.75	2.0379	2.5063	2.0945	0.5707	2.4312	
0.76	2.484	2.0635	2.3217	0.7397	1.99	
0.77	2.7176	1.8528	2.0813	0.735	2.0942	
0.78	3.0132	1.6183	2.0788	0.8343	1.7941	
0.79	2.4959	1.1944	1.7548	0.9838	1.8707	
0.8	1.5178	1.0371	1.8286	0.9176	1.7809	
0.81	0.703	0.9168	1.7844	0.9946	1.6615	
0.82	-0.1435	0.7293	1.4104	0.9894	1.5648	
0.83	-0.7371	0.6689	1.2678	0.9713	1.3838	
0.84	-1.0202	0.8062	1.2001	0.9998	1.1277	
0.85	-0.8188	0.9362	1.2196	0.7613	0.8893	
0.86	-0.2079	1.1524	1.0275	0.7196	0.7879	
0.87	0.6439	1.3168	0.9556	0.6224	0.6136	
0.88	1.5195	1.5847	0.8113	0.4783	0.5067	
0.89	2.2401	1.8788	0.7198	0.2838	0.2905	
0.9	2.659	2.0402	0.5518	0.1423	0.1364	
0.91	2.9591	2.187	0.4905	-0.0362	-0.0286	
0.92	2.4887	2.4734	0.3669	-0.2205	-0.2071	
0.93	1.9515	2.4144	0.3095	-0.385	-0.3381	
0.94	1.0602	2.9576	0.2484	-0.5468	-0.4553	
0.95	0.2125	2.6338	0.2074	-0.6143	-0.6315	
0.96	-0.4308	2.7683	0.1563	-0.7365	-0.7449	
0.97	-0.8357	2.1835	0.1558	-0.8137	-0.8231	
0.98	-0.7405	2.2616	0.1375	-0.7867	-1.0781	
0.99	-0.3734	2.022	0.1376	-0.8914	-1.1662	
1.0	0.3064	1.7454	0.1413	-0.864	-1.2399	
1.01	0.9661	1.27	0.1815	-0.8573	-1.1465	
1.02	1.5346	1.1836	0.1963	-0.7099	-1.3529	
1.03	2.0782	0.9537	0.2576	-0.6224	-1.3992	
1.04	2.2678	0.7808	0.3061	-0.6034	-1.4494	
1.05	2.3242	0.6296	0.4052	-0.3769	-1.3898	
1.06	1.7203	0.6798	0.4121	-0.2164	-1.5983	
1.07	1.0818	0.7172	0.5085	-0.0473	-1.6054	
1.08	0.581	0.9103	0.656	0.151	-1.5746	
1.09	0.1242	1.222	0.6652	0.386	-1.5078	
1.1	-0.1502	1.5624	0.7935	0.5888	-1.5701	
1.11	-0.2203	1.5655	0.8623	0.7109	-1.3763	
1.12	-0.0414	2.1533	0.9216	0.9775	-1.4559	
1.13	0.2803	2.1649	1.0184	1.0529	-1.221	
1.14	0.6428	2.2237	1.0788	1.3882	-1.2789	
1.15	0.9646	2.603	1.295	1.5806	-1.1644	
1.16	1.1995	2.7414	1.218	1.496	-1.1565	
1.17	1.2582	2.5061	1.2154	1.5116	-1.0455	
1.18	1.2163	2.2237	1.4764	1.773	-1.1491	
1.19	0.9526	2.0792	1.382	1.8216	-1.0195	
1.2	0.8132	1.914	1.3909	1.9349	-0.8825	
1.21	0.6224	1.8846	1.4022	1.7554	-0.9923	
1.22	0.5603	1.5027	1.4929	1.7802	-0.9125	
1.23	0.5624	1.138	1.3624	1.7479	-0.8652	
1.24	0.5188	0.9808	1.5975	1.5083	-0.7939	
1.25	0.5799	0.7066	1.5935	1.3336	-0.7621	
1.26	0.6158	0.5635	1.448	1.2828	-0.7654	
1.27	0.6542	0.4235	1.2724	1.1481	-0.7041	
1.28	0.5248	0.4379	1.1784	1.0166	-0.7864	
1.29	0.3457	0.4714	1.292	0.7391	-0.7977	
1.3	0.1705	0.6609	1.2336	0.6125	-0.7442	
1.31	0.0274	0.9013	0.9804	0.5676	-0.7207	
1.32	-0.0152	1.0657	0.8587	0.3916	-0.7754	
1.33	0.0728	1.3073	0.7412	0.3354	-0.9201	
1.34	0.2808	1.7783	0.6828	0.2385	-0.8857	
1.35	0.6407	2.0511	0.5755	0.1766	-0.9581	
1.36	1.0001	2.1766	0.4687	0.1506	-1.1358	
1.37	1.2202	2.3082	0.3423	0.1683	-1.028	
1.38	1.2204	2.3414	0.198	0.1784	-1.2509	
1.39	1.1517	2.4096	0.0555	0.2225	-1.3064	
1.4	0.9296	2.1903	-0.0758	0.3196	-1.3777	
1.41	0.4228	1.9873	-0.1928	0.4553	-1.5527	
1.42	-0.1499	1.7117	-0.2948	0.587	-1.5621	
1.43	-0.6988	1.514	-0.4429	0.6452	-1.5819	
1.44	-1.0825	1.1722	-0.5544	0.8767	-1.9632	
1.45	-1.1334	0.9368	-0.6012	0.8673	-2.0236	
1.46	-0.9369	0.5327	-0.7383	1.0718	-2.1466	
1.47	-0.4383	0.3381	-0.8162	1.2579	-2.1195	
1.48	0.2406	0.1811	-0.8676	1.4612	-2.3219	
1.49	0.8491	0.0708	-0.8581	1.5596	-2.5842	
1.5	1.5303	0.0437	-0.8911	1.5507	-2.3138	
1.51	1.8025	0.0937	-1.0369	1.692	-2.6795	
1.52	1.7082	0.2304	-0.9801	1.8179	-2.554	
1.53	1.2532	0.376	-0.8887	1.7392	-2.7104	
1.54	0.5545	0.6899	-0.9705	1.8065	-2.8189	
1.55	-0.2834	0.946	-0.9	1.6952	-2.5468	
1.56	-1.1116	1.1601	-0.9011	1.5401	-2.5881	
1.57	-1.7463	1.2736	-0.8598	1.5209	-2.8359	
1.58	-2.0818	1.5257	-0.7071	1.35	-2.955	
1.59	-1.6473	1.8326	-0.6419	1.2385	-2.9922	
1.6	-1.3398	1.6719	-0.5899	1.0852	-2.8673	
1.61	-0.4448	1.7097	-0.466	0.8029	-2.6607	
1.62	0.4292	1.682	-0.3728	0.5718	-2.762	
1.63	1.3374	1.6404	-0.2895	0.3633	-2.3897	
1.64	1.6152	1.4	-0.1818	0.0986	-2.6074	
1.65	1.8426	1.0477	-0.0578	-0.1463	-2.3982	
1.66	1.5497	0.7249	0.0584	-0.3819	-2.4515	
1.67	0.7363	0.4593	0.1732	-0.6169	-2.2511	
1.68	-0.1463	0.1695	0.2953	-0.8392	-2.2978	
1.69	-1.1117	-0.0772	0.4121	-1.0476	-1.9595	
1.7	-1.9894	-0.2466	0.5082	-1.2089	-1.8706	
1.71	-2.2483	-0.3919	0.5887	-1.4056	-1.6662	
1.72	-2.3087	-0.3703	0.719	-1.4826	-1.4403	
1.73	-1.7673	-0.4013	0.7422	-1.5794	-1.3559	
1.74	-1.0642	-0.2451	0.9055	-1.6756	-1.1842	
1.75	-0.1758	-0.063	0.9634	-1.6541	-1.1159	
1.76	0.5941	0.1463	0.9266	-1.6049	-0.9611	
1.77	1.2131	0.4096	0.9461	-1.5904	-0.6826	
1.78	1.2763	0.6716	1.0837	-1.4091	-0.5584	
1.79	1.2633	0.8481	0.9946	-1.3933	-0.4076	
1.8	0.6581	1.0603	1.0659	-1.4433	-0.248	
1.81	-0.0522	1.29	1.1836	-1.1696	-0.1312	
1.82	-0.8292	1.4381	1.1217	-1.186	0.0137	
1.83	-1.5305	1.4534	1.1226	-1.0609	0.1391	
1.84	-1.9695	1.2838	1.0162	-0.9329	0.2427	
1.85	-2.1467	1.037	1.0603	-0.8873	0.3731	
1.86	-1.951	0.9287	0.8429	-0.7703	0.5063	
1.87	-1.4459	0.6242	0.8522	-0.6189	0.5888	
1.88	-0.8174	0.4073	0.7794	-0.623	0.5997	
1.89	-0.1569	0.0737	0.675	-0.6285	0.7672	
1.9	0.2927	-0.1988	0.5969	-0.6179	0.7794	
1.91	0.5456	-0.4513	0.5447	-0.6472	0.8322	
1.92	0.4218	-0.6277	0.4494	-0.6802	0.8671	
1.93	0.1977	-0.7923	0.3395	-0.7029	0.9216	
1.94	-0.2256	-0.7418	0.2081	-0.9264	0.9484	
1.95	-0.715	-0.7245	0.1433	-0.9097	0.8801	
1.96	-1.1398	-0.7031	0.0424	-1.1921	0.7849	
1.97	-1.4946	-0.5315	-0.0431	-1.3574	0.8429	
1.98	-1.5775	-0.249	-0.1174	-1.549	0.9087	
1.99	-1.2943	-0.016	-0.1934	-1.7434	0.8141	
2.0	-1.2884	0.2284	-0.2366	-1.7797	0.7402	
2.01	-0.888	0.4806	-0.3209	-2.2376	0.7037	
2.02	-0.6614	0.7177	-0.3178	-2.0408	0.6306	
2.03	-0.5665	0.894	-0.3678	-2.195	0.5882	
2.04	-0.5937	0.9304	-0.4081	-2.6291	0.6363	
2.05	-0.6042	0.978	-0.4483	-2.6974	0.52	
2.06	-0.6669	0.873	-0.3745	-3.0219	0.5256	
2.07	-0.7251	0.7581	-0.3579	-2.6215	0.4252	
2.08	-0.9433	0.601	-0.3236	-2.6861	0.3906	
2.09	-0.8	0.3551	-0.3041	-2.8688	0.3933	
2.1	-0.8242	0.0735	-0.234	-2.9893	0.3304	
2.11	-0.6351	-0.2312	-0.2038	-2.6936	0.3005	
2.12	-0.5825	-0.507	-0.1008	-2.5185	0.2707	
2.13	-0.6331	-0.7206	-0.0154	-2.5442	0.3136	
2.14	-0.6501	-0.9935	0.095	-2.3694	0.3187	
2.15	-0.9251	-1.0163	0.192	-2.174	0.2955	
2.16	-1.1346	-1.1595	0.3331	-1.9467	0.3122	
2.17	-1.3808	-0.9937	0.4231	-1.7387	0.3323	
2.18	-1.6253	-0.954	0.513	-1.575	0.4235	
2.19	-1.6209	-0.8822	0.7045	-1.4235	0.4007	
2.2	-1.5614	-0.6099	0.8507	-1.277	0.5344	
2.21	-1.2736	-0.3083	0.9211	-1.0964	0.5521	
2.22	-0.9086	-0.0579	1.0626	-0.8614	0.6047	
2.23	-0.4454	0.2059	1.181	-0.631	0.7997	
2.24	-0.0304	0.4124	1.4061	-0.5528	0.8868	
2.25	0.2113	0.6837	1.4708	-0.4095	0.9413	
2.26	0.1894	0.6907	1.6656	-0.27	1.1232	
2.27	-0.1069	0.8331	1.7353	-0.1773	1.187	
2.28	-0.6111	0.7346	1.8985	-0.1373	1.3881	
2.29	-1.3813	0.6154	1.9131	-0.0974	1.4022	
2.3	-1.7798	0.47	1.8234	-0.101	1.5601	
2.31	-2.5006	0.2082	1.9372	-0.1244	1.6276	
2.32	-2.6753	-0.068	2.0169	-0.1781	1.9247	
2.33	-2.3267	-0.3273	1.9589	-0.2522	1.9411	
2.34	-1.7924	-0.6032	2.3766	-0.365	2.0253	
2.35	-1.2436	-0.874	2.3221	-0.4279	2.013	
2.36	-0.4678	-1.0128	2.3718	-0.5696	2.3419	
2.37	0.2541	-1.302	2.1058	-0.6493	2.3639	
2.38	0.732	-1.1668	1.9332	-0.839	2.5232	
2.39	0.8707	-1.2655	1.9828	-0.8605	2.396	
2.4	0.5109	-1.1719	2.0936	-0.9134	2.5013	
2.41	-0.1074	-0.972	2.0346	-1.1232	2.8718	
2.42	-0.9894	-0.6888	2.0005	-1.171	2.9357	
2.43	-1.8072	-0.4563	1.8933	-1.218	2.6559	
2.44	-2.3769	-0.1842	1.6848	-1.1956	2.7639	
2.45	-3.1369	0.0834	1.8275	-1.1799	2.7644	
2.46	-2.8529	0.3101	1.4225	-1.1977	3.1987	
2.47	-2.4278	0.4805	1.5957	-1.0589	2.8446	
2.48	-1.7344	0.639	1.4716	-0.9669	2.8762	
2.49	-0.7702	0.7877	1.1395	-0.8881	3.1485	
2.5	0.1435	0.6373	1.1202	-0.7326	2.9838	
2.51	0.7612	0.6376	1.0269	-0.489	2.8182	
2.52	1.1022	0.4076	0.9103	-0.3229	2.9565	
2.53	0.8479	0.2274	0.7841	-0.1516	2.6966	
2.54	0.3332	-0.0401	0.6732	0.0565	2.6762	
2.55	-0.486	-0.3149	0.6646	0.2603	2.6377	
2.56	-1.2397	-0.6061	0.6233	0.4476	2.2304	
2.57	-2.3492	-0.9012	0.55	0.6964	2.2745	
2.58	-2.6551	-1.019	0.4259	0.759	2.0677	
2.59	-2.7594	-1.0654	0.4326	1.001	2.0292	
2.6	-2.6216	-1.2631	0.394	1.141	1.8778	
2.61	-1.9663	-1.1387	0.3357	1.2296	1.6485	
2.62	-0.9494	-1.0663	0.3641	1.3729	1.4113	
2.63	-0.2334	-1.0002	0.3374	1.2628	1.3377	
2.64	0.4134	-0.7757	0.3396	1.4161	1.253	
2.65	0.8473	-0.4201	0.365	1.3938	1.0381	
2.66	0.8195	-0.16	0.443	1.2184	0.9824	
2.67	0.4636	0.1109	0.4251	1.2369	0.7167	
2.68	-0.1407	0.3878	0.5039	1.163	0.6757	
2.69	-0.7738	0.6279	0.6216	1.0377	0.481	
2.7	-1.4162	0.6931	0.6204	0.8621	0.4123	
2.71	-1.9604	0.8093	0.7246	0.6315	0.257	
2.72	-2.0511	0.8856	0.7654	0.4686	0.1709	
2.73	-2.0976	0.6703	0.8777	0.2491	0.0905	
2.74	-1.4018	0.605	1.0725	0.0837	0.0011	
2.75	-0.9977	0.3683	1.182	-0.1095	-0.0722	
2.76	-0.5178	0.1267	1.1813	-0.3067	-0.1345	
2.77	-0.0643	-0.143	1.4151	-0.4589	-0.1765	
2.78	0.1884	-0.4288	1.2642	-0.5638	-0.203	
2.79	0.2539	-0.6217	1.5004	-0.7033	-0.2408	
2.8	0.1234	-0.899	1.4876	-0.7953	-0.2624	
2.81	-0.155	-1.0732	1.6924	-0.9206	-0.2903	
2.82	-0.4273	-1.1582	1.5625	-0.9492	-0.2933	
2.83	-0.7861	-1.1139	1.7789	-0.9163	-0.2503	
2.84	-0.8518	-1.0609	1.6592	-0.9704	-0.2495	
2.85	-0.9245	-0.8602	1.8177	-0.9788	-0.2236	
2.86	-0.9869	-0.6045	1.976	-0.8437	-0.2101	
2.87	-0.795	-0.3048	1.9654	-0.8153	-0.1662	
2.88	-0.658	-0.0319	1.879	-0.6691	-0.127	
2.89	-0.4695	0.2529	1.991	-0.5527	-0.0828	
2.9	-0.4343	0.5488	1.7432	-0.3803	-0.0364	
2.91	-0.3977	0.6942	1.677	-0.2918	0.0097	
2.92	-0.4843	0.8437	1.594	-0.1386	0.05	
2.93	-0.4778	0.9483	1.6293	0.0016	0.1013	
2.94	-0.4941	1.0646	1.4972	0.1213	0.1376	
2.95	-0.4168	0.9101	1.455	0.2235	0.1593	
2.96	-0.2772	0.7748	1.345	0.3577	0.1904	
2.97	-0.091	0.571	1.1686	0.4424	0.2266	
2.98	0.1274	0.4036	1.1683	0.4859	0.2457	
2.99	0.3055	0.1318	1.0607	0.4998	0.2818	
3.0	0.339	-0.1573	0.8337	0.4672	0.2635	
3.01	0.2453	-0.3758	0.7249	0.4865	0.2474	
3.02	-0.0171	-0.6526	0.6096	0.4473	0.2268	
3.03	-0.3571	-0.7138	0.431	0.313	0.2084	
3.04	-0.8284	-0.7742	0.2968	0.2417	0.1658	
3.05	-1.0157	-0.799	0.1473	0.0947	0.1422	
3.06	-1.1636	-0.7915	-0.0024	-0.0481	0.0664	
3.07	-1.1298	-0.6564	-0.1577	-0.2221	0.0021	
3.08	-0.7115	-0.4016	-0.2737	-0.3592	-0.0729	
3.09	-0.22	-0.1379	-0.4403	-0.611	-0.1779	
3.1	0.3377	0.1519	-0.524	-0.7765	-0.2754	
3.11	0.9832	0.4492	-0.603	-0.8292	-0.4104	
3.12	1.284	0.6895	-0.7923	-1.1229	-0.4445	
3.13	1.5146	1.0341	-0.9251	-1.1404	-0.5773	
3.14	1.1242	1.2458	-0.9999	-1.2318	-0.7963	
3.15	0.7843	1.1823	-0.9374	-1.4826	-0.8668	
3.16	0.0617	1.3151	-1.1072	-1.4157	-0.9847	
3.17	-0.6564	1.3147	-1.148	-1.3962	-1.2378	
3.18	-1.3702	1.1996	-1.1032	-1.5101	-1.395	
3.19	-1.7391	0.8295	-1.245	-1.4515	-1.5393	
3.2	-1.5807	0.6439	-1.1161	-1.3924	-1.5406	
3.21	-1.2328	0.3965	-1.2467	-1.4721	-1.6964	
3.22	-0.4018	0.1236	-1.085	-1.2483	-1.8075	
3.23	0.4239	-0.1235	-1.1934	-1.1454	-2.0593	
3.24	1.1573	-0.3785	-1.1193	-0.8943	-2.0549	
3.25	1.8809	-0.5048	-1.0395	-0.7097	-2.3427	
3.26	2.2686	-0.6454	-0.9428	-0.4952	-2.2404	
3.27	1.8602	-0.6048	-0.9893	-0.3524	-2.6886	
3.28	1.5125	-0.5464	-0.8398	-0.1239	-2.6115	
3.29	0.6855	-0.449	-0.8055	0.1026	-2.4029	
3.3	-0.1576	-0.2316	-0.7866	0.314	-2.5264	
3.31	-1.0002	0.0426	-0.6182	0.553	-2.6991	
3.32	-1.4539	0.3058	-0.6308	0.7212	-2.8684	
3.33	-1.4677	0.5857	-0.5694	0.7978	-2.8742	
3.34	-1.2002	0.8167	-0.4264	1.0716	-2.875	
3.35	-0.6344	1.069	-0.3714	1.0988	-2.9054	
3.36	0.279	1.4111	-0.3494	1.2726	-3.0946	
3.37	1.2871	1.2971	-0.2447	1.1778	-3.0848	
3.38	1.8931	1.3389	-0.2028	1.2559	-2.5822	
3.39	2.2063	1.4966	-0.1848	1.2861	-2.6784	
3.4	2.3172	1.4094	-0.1489	1.2124	-2.6305	
3.41	2.0638	1.0348	-0.1301	1.387	-2.7579	
3.42	1.2637	0.7923	-0.1267	1.1623	-2.6695	
3.43	0.4885	0.6339	-0.1279	1.2096	-2.6034	
3.44	-0.3153	0.3382	-0.1293	0.9922	-2.203	
3.45	-0.8753	0.0622	-0.1746	1.024	-2.1142	
3.46	-1.1275	-0.1564	-0.2177	0.8848	-2.143	
3.47	-0.9801	-0.3806	-0.249	0.751	-2.112	
3.48	-0.5084	-0.4814	-0.3536	0.6924	-1.9334	
3.49	0.2073	-0.5363	-0.3846	0.5604	-1.6944	
3.5	0.8939	-0.4274	-0.5201	0.4287	-1.5052	
3.51	1.7419	-0.3356	-0.563	0.3744	-1.3779	
3.52	1.861	-0.1255	-0.6531	0.4001	-1.316	
3.53	2.2673	0.1095	-0.7307	0.3786	-1.235	
3.54	2.1112	0.3891	-0.9373	0.4075	-1.0729	
3.55	1.6324	0.6532	-1.1581	0.4188	-0.9998	
3.56	1.0409	0.8738	-1.1113	0.5288	-0.8599	
3.57	0.366	1.2374	-1.4233	0.6535	-0.837	
3.58	-0.0293	1.3923	-1.3699	0.7498	-0.7191	
3.59	-0.2256	1.419	-1.5397	0.8974	-0.6124	
3.6	-0.2274	1.3745	-1.6296	1.0572	-0.5475	
3.61	0.0179	1.5276	-1.8144	1.342	-0.4716	
3.62	0.4024	1.4573	-2.0619	1.5193	-0.3909	
3.63	0.8915	1.2696	-1.9957	1.5472	-0.3444	
3.64	1.2514	0.9069	-2.0434	1.9003	-0.2748	
3.65	1.3847	0.6916	-2.1844	2.1713	-0.2465	
3.66	1.5768	0.4212	-2.4898	2.1448	-0.2235	
3.67	1.2866	0.1169	-2.2892	2.3044	-0.2098	
3.68	1.1801	-0.1277	-2.5732	2.5455	-0.2238	
3.69	0.9481	-0.3115	-2.7127	2.5544	-0.2466	
3.7	0.8707	-0.4168	-2.8516	2.9387	-0.2455	
3.71	0.7278	-0.5113	-2.8693	2.9121	-0.2612	
3.72	0.793	-0.5327	-2.6507	2.7722	-0.3137	
3.73	0.7561	-0.3813	-2.5147	2.793	-0.3548	
3.74	0.8197	-0.1959	-2.7877	2.9586	-0.3493	
3.75	1.0559	0.0163	-2.5468	3.157	-0.4472	
3.76	1.0439	0.2914	-2.7599	2.8299	-0.5142	
3.77	0.9253	0.5557	-2.3867	2.4896	-0.5529	
3.78	0.7674	0.8588	-2.5085	2.4193	-0.6302	
3.79	0.6854	1.0964	-2.4482	2.4298	-0.6248	
3.8	0.525	1.24	-2.6417	2.3436	-0.6456	
3.81	0.529	1.3501	-2.2587	2.1559	-0.7223	
3.82	0.645	1.3983	-2.2466	2.1011	-0.8112	
3.83	0.8625	1.3303	-2.0803	1.7688	-0.7631	
3.84	1.1749	1.321	-1.8698	1.4237	-0.8133	
3.85	1.6504	1.1594	-1.9633	1.3846	-0.8786	
3.86	1.7922	0.7736	-1.6773	1.1034	-0.8653	
3.87	1.8259	0.5442	-1.7391	0.943	-0.8398	
3.88	1.7915	0.2553	-1.5754	0.8877	-0.7676	
3.89	1.3063	-0.0148	-1.4607	0.6727	-0.7723	
3.9	1.0562	-0.2703	-1.2322	0.5593	-0.7652	
3.91	0.4731	-0.4777	-1.1876	0.5077	-0.7857	
3.92	-0.0007	-0.6198	-1.0246	0.4505	-0.7186	
3.93	-0.2721	-0.7659	-1.0231	0.417	-0.6048	
3.94	-0.295	-0.7163	-0.9819	0.4463	-0.5266	
3.95	0.0087	-0.5732	-0.865	0.4636	-0.5084	
3.96	0.5758	-0.4383	-0.8057	0.5263	-0.3749	
3.97	1.2402	-0.2443	-0.6791	0.6879	-0.3174	
3.98	1.8321	-0.0037	-0.6033	0.7536	-0.1779	
3.99	2.444	0.2625	-0.5944	0.8199	-0.056	
4.0	2.3992	0.4905	-0.6207	0.8519	0.0647	
4.01	2.2808	0.7162	-0.6423	1.1256	0.1899	
4.02	1.958	0.8582	-0.5838	1.2034	0.3387	
4.03	1.2847	0.9882	-0.6292	1.2396	0.5311	
4.04	0.4615	1.1907	-0.615	1.3346	0.6573	
4.05	-0.267	1.179	-0.7246	1.2907	0.8563	
4.06	-0.8284	1.0074	-0.737	1.4119	0.92	
4.07	-0.9787	0.7599	-0.7864	1.539	1.0414	
4.08	-0.6388	0.5651	-0.9537	1.3762	1.2113	
4.09	-0.0325	0.2637	-0.9762	1.3326	1.479	
4.1	0.8139	-0.0122	-1.1064	1.2803	1.5333	
4.11	1.7021	-0.322	-1.1205	1.0855	1.7492	
4.12	2.3687	-0.5992	-1.0956	1.0668	2.0197	
4.13	2.9178	-0.7446	-1.3536	0.9273	1.852	
4.14	2.6178	-0.9499	-1.4165	0.7631	2.0295	
4.15	2.5022	-1.1282	-1.5404	0.5375	2.0152	
4.16	1.7257	-1.0362	-1.5627	0.3123	2.3836	
4.17	0.7291	-1.0745	-1.5419	0.1321	2.481	
4.18	-0.1487	-0.9117	-1.8143	-0.1045	2.4244	
4.19	-0.8661	-0.6885	-1.6891	-0.3609	2.6021	
4.2	-1.2145	-0.4166	-1.921	-0.5916	2.6755	
4.21	-1.0418	-0.1627	-1.8847	-0.73	2.6324	
4.22	-0.5032	0.0843	-1.9918	-0.8828	2.5697	
4.23	0.2627	0.3175	-1.7932	-1.1211	2.5302	
4.24	1.2523	0.5226	-1.9963	-1.2437	2.6258	
4.25	1.8757	0.6929	-1.8329	-1.5291	2.4037	
4.26	2.441	0.737	-1.8912	-1.4646	2.5751	
4.27	2.8394	0.7296	-1.8274	-1.7675	2.7319	
4.28	2.3133	0.5657	-2.0311	-1.7014	2.3775	
4.29	1.5983	0.4061	-1.8944	-1.6189	2.5089	
4.3	0.9243	0.1447	-2.0481	-1.6631	2.1986	
4.31	0.1458	-0.1175	-1.7887	-1.7262	2.1543	
4.32	-0.4983	-0.4198	-1.5514	-1.5558	2.3072	
4.33	-0.8097	-0.7113	-1.7357	-1.5168	1.9578	
4.34	-0.9175	-1.0909	-1.5297	-1.1788	1.9057	
4.35	-0.5334	-1.2828	-1.2945	-1.2025	2.0558	
4.36	-0.0516	-1.5435	-1.2415	-0.9469	1.868	
4.37	0.6456	-1.3898	-1.2757	-0.8463	1.7282	
4.38	1.1619	-1.7089	-0.9959	-0.6495	1.5631	
4.39	1.702	-1.5413	-0.9249	-0.4906	1.4699	
4.4	1.9016	-1.3361	-0.7179	-0.3053	1.315	
4.41	1.7204	-1.16	-0.5799	-0.1668	1.3576	
4.42	1.3889	-0.9458	-0.4682	-0.0532	1.2161	
4.43	0.8781	-0.7766	-0.3625	0.0469	0.9845	
4.44	0.3595	-0.4652	-0.2336	0.1295	1.0486	
4.45	-0.0348	-0.2395	-0.0899	0.1812	0.9009	
4.46	-0.2959	-0.0271	0.0433	0.2103	0.7402	
4.47	-0.3267	0.1122	0.1481	0.2075	0.7619	
4.48	-0.241	0.1904	0.25	0.1881	0.7509	
4.49	-0.0104	0.1619	0.372	0.1204	0.6153	
4.5	0.2552	0.0724	0.4879	0.0383	0.5828	
4.51	0.4573	-0.0779	0.5406	-0.0666	0.5365	
4.52	0.6596	-0.3111	0.5522	-0.1664	0.6	
4.53	0.6468	-0.6042	0.6237	-0.2829	0.5184	
4.54	0.5326	-0.851	0.7672	-0.4691	0.5634	
4.55	0.4944	-1.0948	0.7326	-0.5937	0.5236	
4.56	0.3441	-1.4298	0.7474	-0.7564	0.6258	
4.57	0.2624	-1.6488	0.7416	-0.7784	0.6719	
4.58	0.2266	-2.0294	0.8013	-0.898	0.6986	
4.59	0.272	-2.1771	0.7537	-0.9943	0.7054	
4.6	0.3552	-2.1742	0.6492	-1.1793	0.738	
4.61	0.4367	-2.2046	0.6003	-1.1419	0.7948	
4.62	0.441	-1.9183	0.6035	-1.3653	0.9386	
4.63	0.3186	-1.6658	0.5117	-1.3563	0.8659	
4.64	0.0927	-1.3898	0.4566	-1.2316	1.0572	
4.65	-0.1883	-1.2444	0.3233	-1.3283	0.9601	
4.66	-0.4179	-0.9807	0.2582	-1.1405	1.2024	
4.67	-0.6515	-0.82	0.1693	-0.9924	1.1785	
4.68	-0.6217	-0.5638	0.0648	-0.8588	1.2337	
4.69	-0.5683	-0.3728	-0.0388	-0.8342	1.2388	
4.7	-0.269	-0.3453	-0.1279	-0.6312	1.3357	
4.71	0.1317	-0.3114	-0.2231	-0.4409	1.3624	
4.72	0.5122	-0.4088	-0.3527	-0.2293	1.4969	
4.73	0.8856	-0.498	-0.4507	-0.0185	1.2757	
4.74	1.1506	-0.7296	-0.5612	0.1911	1.4995	
4.75	0.9942	-1.0746	-0.5666	0.4087	1.4	
4.76	0.6616	-1.1821	-0.633	0.5901	1.2738	
4.77	0.0799	-1.6029	-0.765	0.7484	1.2719	
4.78	-0.5819	-1.9882	-0.8703	0.9407	1.2149	
4.79	-1.2171	-2.3462	-0.8201	0.9474	1.1937	
4.8	-1.6586	-2.1282	-0.9165	1.1195	1.1327	
4.81	-1.598	-2.3037	-0.8144	1.0297	1.2046	
4.82	-1.6719	-2.5	-0.9105	1.2468	1.0514	
4.83	-1.0706	-2.3593	-0.8379	1.2605	0.9275	
4.84	-0.3889	-2.464	-0.8741	1.1151	0.8762	
4.85	0.396	-1.9986	-0.8318	0.9827	0.8452	
4.86	1.002	-1.9031	-0.7544	0.918	0.5878	
4.87	1.5004	-1.7758	-0.7661	0.9082	0.4776	
4.88	1.447	-1.352	-0.6876	0.7246	0.3603	
4.89	1.034	-1.1938	-0.6292	0.5177	0.2351	
4.9	0.2967	-1.0337	-0.5592	0.4144	0.0758	
4.91	-0.5763	-0.7444	-0.4859	0.2126	-0.0791	
4.92	-1.4895	-0.657	-0.4068	0.0207	-0.2428	
4.93	-2.3066	-0.6262	-0.315	-0.1688	-0.4253	
4.94	-2.4156	-0.742	-0.2075	-0.3225	-0.5994	
4.95	-2.2129	-0.8996	-0.1025	-0.5253	-0.7406	
4.96	-1.7842	-1.1667	0.0128	-0.7403	-0.9048	
4.97	-1.0431	-1.2323	0.1078	-0.7764	-1.0717	
4.98	-0.113	-1.5601	0.2185	-0.9005	-1.1257	
4.99	0.6742	-1.754	0.3438	-0.9336	-1.3078	
5.0	1.2703	-2.0197	0.4203	-1.1569	-1.4799	
5.01	1.3094	-2.3209	0.5032	-1.187	-1.7009	
5.02	1.1374	-2.8062	0.5524	-1.192	-1.7354	
5.03	0.4778	-3.0049	0.7153	-1.1545	-1.8602	
5.04	-0.4319	-2.6188	0.7611	-1.0006	-1.861	
5.05	-1.3914	-2.7925	0.8529	-0.9565	-2.0612	
5.06	-1.8728	-2.5223	0.8856	-0.8474	-2.0303	
5.07	-2.7409	-2.7403	0.9381	-0.8225	-2.2199	
5.08	-2.3741	-2.2986	0.8855	-0.7061	-2.4107	
5.09	-2.2435	-2.0095	0.9327	-0.6248	-2.0671	
5.1	-1.55	-1.8376	0.8104	-0.4674	-2.4378	
5.11	-0.7077	-1.3569	0.8236	-0.3545	-2.3255	
5.12	0.0633	-1.2641	0.8126	-0.2037	-2.1038	
5.13	0.6489	-1.0468	0.8123	-0.1296	-2.4311	
5.14	0.8356	-0.9743	0.6933	-0.0472	-2.1895	
5.15	0.7762	-0.9401	0.6371	0.0138	-2.0263	
5.16	0.3852	-0.8213	0.597	0.0463	-2.3906	
5.17	-0.3354	-1.0505	0.4832	0.053	-2.0903	
5.18	-1.0802	-1.1283	0.4257	0.0361	-1.9531	
5.19	-1.6531	-1.4488	0.2763	-0.0117	-2.1596	
5.2	-2.2087	-1.8633	0.1705	-0.0905	-1.9634	
5.21	-2.2712	-2.0003	0.0354	-0.2007	-1.8285	
5.22	-1.9694	-2.044	-0.0907	-0.3487	-1.7456	
5.23	-1.4927	-2.5678	-0.2475	-0.489	-1.6534	
5.24	-1.0816	-2.458	-0.3789	-0.7308	-1.476	
5.25	-0.5442	-3.0394	-0.4669	-0.7886	-1.3654	
5.26	-0.1974	-3.115	-0.6695	-1.0166	-1.3303	
5.27	0.0211	-2.8465	-0.7413	-1.3371	-1.2653	
5.28	0.0131	-2.5443	-0.8861	-1.5575	-1.1471	
5.29	-0.1753	-2.6603	-0.9871	-1.5581	-1.1191	
5.3	-0.4757	-2.1954	-1.1069	-2.0867	-0.9877	
5.31	-0.8688	-1.8821	-1.1793	-2.1699	-1.0219	
5.32	-1.2688	-1.7	-1.3453	-2.1538	-0.9524	
5.33	-1.4676	-1.5158	-1.3611	-2.3069	-0.8094	
5.34	-1.3578	-1.1298	-1.3385	-2.5588	-0.7096	
5.35	-1.3372	-1.0358	-1.4498	-2.7025	-0.7261	
5.36	-1.3379	-0.9064	-1.7354	-2.7671	-0.7427	
5.37	-1.1897	-0.8272	-1.5597	-2.7246	-0.6389	
5.38	-0.9114	-0.8504	-1.4834	-2.7207	-0.6573	
5.39	-0.9731	-0.8372	-1.7676	-2.5369	-0.6268	
5.4	-0.8765	-1.1344	-1.747	-2.6268	-0.7265	
5.41	-1.0033	-1.2078	-1.4721	-2.4953	-0.6589	
5.42	-1.0776	-1.691	-1.7065	-2.5108	-0.8108	
5.43	-1.166	-1.6468	-1.532	-2.1773	-0.704	
5.44	-1.0593	-1.9631	-1.6333	-2.0139	-0.7431	
5.45	-0.9257	-2.1101	-1.46	-2.0304	-0.7896	
5.46	-0.7216	-2.3965	-1.3207	-1.765	-0.93	
5.47	-0.6026	-2.4954	-1.187	-1.6894	-0.9987	
5.48	-0.4845	-2.9233	-1.3044	-1.5035	-1.1199	
5.49	-0.5114	-2.6134	-1.2493	-1.3337	-1.1664	
5.5	-0.6368	-2.3805	-1.0829	-1.1145	-1.2167	
5.51	-0.8994	-2.4973	-0.9723	-0.8975	-1.2589	
5.52	-1.2886	-2.3491	-0.92	-0.8356	-1.4837	
5.53	-1.7	-2.0119	-0.7915	-0.7837	-1.3821	
5.54	-1.7802	-1.456	-0.6747	-0.6347	-1.4802	
5.55	-2.0155	-1.3571	-0.5241	-0.6394	-1.5075	
5.56	-1.7087	-1.0939	-0.4401	-0.5474	-1.6522	
5.57	-1.5897	-0.8527	-0.3658	-0.6385	-1.8305	
5.58	-1.0022	-0.6273	-0.3134	-0.5924	-1.7213	
5.59	-0.4008	-0.5696	-0.254	-0.6076	-1.8282	
5.6	0.0747	-0.5226	-0.1926	-0.7149	-1.832	
5.61	0.3583	-0.6292	-0.1442	-0.8684	-1.7033	
5.62	0.4259	-0.7955	-0.093	-0.9756	-1.7193	
5.63	0.1302	-0.9327	-0.0694	-1.03	-1.8446	
5.64	-0.4451	-1.2505	-0.0556	-1.1558	-1.9649	
5.65	-1.21	-1.3297	-0.0493	-1.3417	-1.9553	
5.66	-1.681	-1.574	-0.0674	-1.3719	-1.7924	
5.67	-2.1538	-1.9363	-0.0888	-1.5253	-1.6197	
5.68	-2.4625	-2.0761	-0.1308	-1.6699	-1.5242	
5.69	-2.488	-2.4027	-0.1584	-1.4869	-1.6179	
5.7	-1.956	-2.4994	-0.2032	-1.535	-1.5822	
5.71	-1.2359	-2.1229	-0.2704	-1.6057	-1.4678	
5.72	-0.4109	-2.0696	-0.3985	-1.5768	-1.2474	
5.73	0.3128	-1.9281	-0.466	-1.6123	-1.1112	
5.74	0.859	-1.5998	-0.4963	-1.4528	-1.1109	
5.75	1.1578	-1.3432	-0.6412	-1.3111	-0.899	
5.76	0.8495	-1.0787	-0.7288	-1.2348	-0.8253	
5.77	0.2181	-0.8935	-0.7809	-1.1585	-0.6329	
5.78	-0.6618	-0.5943	-0.8998	-0.8347	-0.4761	
5.79	-1.4946	-0.3705	-1.0617	-0.6256	-0.3321	
5.8	-2.1881	-0.1598	-1.2099	-0.4549	-0.1659	
5.81	-2.7066	-0.0594	-1.3283	-0.1791	-0.0067	
5.82	-2.6282	-0.0216	-1.3915	0.0528	0.1479	
5.83	-2.4681	-0.063	-1.4386	0.2742	0.2925	
5.84	-1.4908	-0.1806	-1.6439	0.5856	0.4605	
5.85	-0.7267	-0.3711	-1.7631	0.7262	0.5859	
5.86	0.2134	-0.6067	-1.8575	1.0324	0.8552	
5.87	0.9662	-0.8559	-1.8022	1.1707	1.0016	
5.88	1.2232	-1.1837	-1.8273	1.2701	0.9782	
5.89	1.0542	-1.3108	-2.0913	1.5975	1.1891	
5.9	0.6783	-1.4762	-1.8119	1.7516	1.3504	
5.91	-0.0715	-1.733	-2.0809	1.7216	1.4043	
5.92	-0.8423	-1.6037	-2.013	1.925	1.4375	
5.93	-1.6089	-1.6425	-1.8279	1.8954	1.4949	
5.94	-2.3195	-1.5309	-2.0635	1.7874	1.7706	
5.95	-2.5369	-1.394	-2.0539	1.918	1.7504	
5.96	-2.3374	-1.1442	-1.8296	1.5602	1.9024	
5.97	-1.5996	-0.9209	-1.9252	1.5016	1.941	
5.98	-0.7707	-0.6727	-1.5351	1.533	1.8289	
5.99	-0.0517	-0.336	-1.6735	1.4028	1.9727	
6.0	0.5393	-0.0159	-1.3668	1.1926	2.0257	
6.01	1.0509	0.2251	-1.3302	1.1856	1.8535	
6.02	1.0823	0.4192	-1.3045	0.9115	1.9628	
6.03	0.7515	0.5127	-1.2769	0.7611	1.7835	
6.04	0.2391	0.6215	-0.9882	0.7666	1.7043	
6.05	-0.3586	0.5638	-0.8319	0.5601	1.6872	
6.06	-0.8482	0.4916	-0.7991	0.51	1.4927	
6.07	-1.3957	0.2749	-0.583	0.4424	1.598	
6.08	-1.3409	0.0804	-0.4801	0.3541	1.3832	
6.09	-1.5099	-0.1674	-0.3209	0.3937	1.346	
6.1	-1.1822	-0.4185	-0.1966	0.3491	1.3997	
6.11	-0.699	-0.6764	-0.0823	0.3763	1.3645	
6.12	-0.2166	-0.8804	0.0517	0.4505	1.2975	
6.13	0.1677	-1.0175	0.1635	0.4826	1.1742	
6.14	0.3969	-0.9615	0.2967	0.6919	1.0016	
6.15	0.4176	-1.1126	0.3826	0.8089	0.9634	
6.16	0.3493	-1.0417	0.4843	0.8984	0.8211	
6.17	0.1706	-0.8204	0.5173	0.978	0.8041	
6.18	-0.0413	-0.579	0.5906	1.2098	0.7242	
6.19	-0.2272	-0.3054	0.6454	1.3671	0.7231	
6.2	-0.3465	-0.0058	0.6739	1.474	0.6732	
6.21	-0.3362	0.3135	0.7595	1.64	0.6615	
6.22	-0.2605	0.6017	0.7842	1.9031	0.5932	
6.23	-0.1308	0.8828	0.7928	1.9119	0.613	
6.24	-0.052	1.0626	0.8143	2.135	0.5571	
6.25	-0.0138	1.244	0.7396	2.1119	0.6335	
6.26	-0.0498	1.344	0.7837	2.2297	0.5817	
6.27	-0.134	1.1965	0.7059	2.1411	0.5933	
6.28	-0.225	1.1754	0.7399	2.2233	0.681	
6.29	-0.2832	1.04	0.5899	1.9456	0.6687	
6.3	-0.2549	0.7215	0.5922	1.9395	0.8283	
6.31	-0.1336	0.5282	0.4816	1.6099	0.817	
6.32	0.1221	0.2848	0.421	1.6369	0.8645	
6.33	0.4463	0.0367	0.3918	1.366	0.874	
6.34	0.6686	-0.164	0.2772	1.2656	0.9579	
6.35	1.0489	-0.3053	0.2074	0.9968	1.1261	
6.36	1.0235	-0.4474	0.132	0.8549	1.2849	
6.37	0.9287	-0.4028	0.0616	0.5996	1.3374	
6.38	0.5483	-0.3683	-0.0042	0.4382	1.3348	
6.39	0.1106	-0.1971	-0.0639	0.2604	1.3847	
6.4	-0.339	0.0052	-0.1324	0.039	1.6457	
6.41	-0.7617	0.264	-0.1535	-0.1362	1.533	
6.42	-0.8564	0.5639	-0.2257	-0.2964	1.8856	
6.43	-0.8095	0.7893	-0.2408	-0.4646	1.6585	
6.44	-0.5035	1.1305	-0.2471	-0.5841	1.9665	
6.45	0.0689	1.5628	-0.2743	-0.6303	1.8317	
6.46	0.7716	1.7329	-0.2492	-0.6662	2.0056	
6.47	1.516	1.7667	-0.2575	-0.6372	1.9714	
6.48	2.03	1.9373	-0.2179	-0.6752	2.0866	
6.49	2.0792	1.9551	-0.1513	-0.6367	2.2229	
6.5	2.0502	1.8805	-0.1159	-0.5334	2.3002	
6.51	1.3503	1.7124	-0.0407	-0.4654	2.279	
6.52	0.628	1.4026	0.0343	-0.3461	2.0667	
6.53	-0.1497	1.0263	0.1235	-0.2408	2.0448	
6.54	-0.8418	0.9364	0.2455	-0.1009	2.1324	
6.55	-1.2911	0.6623	0.3147	0.0444	1.9579	
6.56	-1.3363	0.4032	0.4764	0.1945	2.1775	
6.57	-0.8129	0.2271	0.5518	0.3539	1.7613	
6.58	-0.1956	0.1357	0.7417	0.5301	1.6807	
6.59	0.767	0.0902	0.8113	0.5892	1.8026	
6.6	1.4493	0.1342	1.0258	0.6962	1.7862	
6.61	2.318	0.2507	1.2183	0.9259	1.6498	
6.62	2.6875	0.4385	1.2302	0.9094	1.4906	
6.63	2.6355	0.6533	1.5319	0.8937	1.167	
6.64	1.8735	1.076	1.7274	1.0898	1.1721	
6.65	1.1688	1.3767	1.8594	0.9454	0.8989	
6.66	0.3595	1.5104	1.8992	0.9445	0.8516	
6.67	-0.4369	1.6771	1.9106	0.8749	0.6901	
6.68	-0.9875	1.9987	1.9002	0.8175	0.4682	
6.69	-1.2973	2.3993	2.1394	0.6853	0.3537	
6.7	-1.0794	2.2184	2.2481	0.5892	0.1921	
6.71	-0.3769	2.1847	2.1938	0.4464	0.0442	
6.72	0.5256	2.1939	2.5405	0.3072	-0.1021	
6.73	1.4876	2.0057	2.6768	0.2015	-0.2555	
6.74	1.9746	1.9916	2.5374	0.0463	-0.3769	
6.75	2.6296	1.4801	2.8018	-0.0984	-0.4767	
6.76	2.8146	1.3485	2.4244	-0.227	-0.6852	
6.77	2.4019	1.0136	2.4069	-0.3142	-0.8049	
6.78	1.6648	0.8246	2.4025	-0.4002	-0.9484	
6.79	0.9627	0.5955	2.7273	-0.5001	-1.0503	
6.8	0.1576	0.4488	2.739	-0.584	-1.0514	
6.81	-0.4216	0.4386	2.5687	-0.5974	-1.23	
6.82	-0.7719	0.4854	2.5811	-0.542	-1.2671	
6.83	-0.5658	0.5959	2.4889	-0.5655	-1.1698	
6.84	-0.2429	0.6849	2.3692	-0.4874	-1.2383	
6.85	0.3932	1.0586	2.1251	-0.3271	-1.2207	
6.86	1.1104	1.2557	2.287	-0.2295	-1.2912	
6.87	1.5316	1.5302	2.0319	-0.0689	-1.4879	
6.88	2.2689	1.9907	2.0811	0.0972	-1.4219	
6.89	2.107	2.1099	1.7291	0.2881	-1.3861	
6.9	2.2116	2.0777	1.965	0.4819	-1.3221	
6.91	1.789	2.2319	1.8087	0.7787	-1.1692	
6.92	1.3247	2.5857	1.4548	0.9277	-1.3273	
6.93	0.7712	2.5403	1.618	1.1373	-1.1662	
6.94	0.3279	2.5984	1.4226	1.3365	-1.1137	
6.95	0.1636	2.4683	1.2423	1.6169	-1.1162	
6.96	0.1403	2.0722	1.2273	1.6967	-1.0809	
6.97	0.3087	1.6017	1.0975	1.8225	-1.0285	
6.98	0.5728	1.5753	1.177	1.8056	-0.9229	
6.99	0.9999	1.226	1.0887	2.1451	-0.8194	
7.0	1.0755	1.0581	0.9435	2.1135	-0.7202	
7.01	1.2812	0.7237	0.9809	2.3793	-0.712	
7.02	1.3691	0.6143	0.9509	2.2522	-0.6392	
7.03	1.2907	0.508	0.8349	2.2744	-0.5262	
7.04	1.301	0.5881	0.9635	2.0817	-0.5177	
7.05	1.0553	0.607	0.8447	2.0619	-0.4425	
7.06	0.9297	0.8071	0.921	2.1278	-0.4157	
7.07	0.9821	1.0285	0.8756	1.9874	-0.3647	
7.08	1.0447	1.3466	1.0444	1.6283	-0.3206	
7.09	1.0628	1.6069	1.1641	1.6656	-0.3364	
7.1	1.2475	1.7754	1.1299	1.2368	-0.3125	
7.11	1.2407	1.9032	1.1727	1.1258	-0.3548	
7.12	1.0932	2.3008	1.2172	1.0967	-0.3215	
7.13	0.9795	2.288	1.3466	0.9079	-0.3749	
7.14	0.6538	2.3405	1.4553	0.7994	-0.4304	
7.15	0.4896	2.2407	1.499	0.6931	-0.4478	
7.16	0.3611	2.1818	1.5935	0.5753	-0.5442	
7.17	0.3036	2.1875	1.6129	0.4525	-0.6178	
7.18	0.4438	2.0387	1.7767	0.3952	-0.5953	
7.19	0.7299	1.8171	2.0098	0.4308	-0.7817	
7.2	1.2671	1.4132	2.0586	0.3944	-0.8021	
7.21	1.6933	1.2635	2.1355	0.4718	-0.8372	
7.22	1.8604	0.9644	2.0833	0.4611	-0.984	
7.23	2.2262	0.6625	2.3194	0.535	-1.2257	
7.24	1.9629	0.4942	2.4183	0.6025	-1.3021	
7.25	1.6534	0.4544	2.3416	0.7069	-1.2788	
7.26	0.9289	0.4408	2.5642	0.8446	-1.3733	
7.27	0.3533	0.4584	2.3474	1.0697	-1.6859	
7.28	-0.1745	0.6541	2.4174	1.0912	-1.6231	
7.29	-0.5115	0.8261	2.349	1.1996	-1.7307	
7.3	-0.6145	1.1195	2.5523	1.3487	-1.9031	
7.31	-0.31	1.3518	2.4442	1.5762	-2.0888	
7.32	0.2236	1.5068	2.4575	1.7394	-1.965	
7.33	1.0099	1.9461	2.2822	1.7046	-2.1417	
7.34	1.7876	1.9134	2.3299	1.7536	-2.2976	
7.35	2.4265	2.131	2.3496	1.7462	-2.0682	
7.36	2.7843	2.4411	2.1191	1.6449	-2.1022	
7.37	2.2349	2.1252	1.9168	1.5372	-2.3644	
7.38	2.1214	2.2249	2.0289	1.4289	-2.1053	
7.39	1.2909	2.2189	1.7706	1.5283	-2.3183	
7.4	0.4084	1.8193	1.6011	1.4317	-2.2411	
7.41	-0.3955	1.5	1.7173	1.0502	-2.1449	
7.42	-1.0713	1.3222	1.4849	0.9925	-2.1538	
7.43	-1.1285	0.9954	1.343	0.7144	-2.3791	
7.44	-1.1252	0.737	1.1856	0.5442	-2.1582	
7.45	-0.421	0.4897	1.0653	0.3025	-2.1032	
7.46	0.4116	0.288	0.8614	0.0457	-2.0761	
7.47	1.2103	0.1561	0.6705	-0.1951	-2.1015	
7.48	1.921	0.1277	0.5868	-0.4062	-1.8909	
7.49	2.409	0.1807	0.4307	-0.624	-1.8815	
7.5	2.8163	0.3075	0.3489	-0.9279	-1.555	
7.51	2.2666	0.4649	0.2125	-1.0763	-1.4074	
7.52	1.4611	0.7196	0.1032	-1.3444	-1.2575	
7.53	0.5602	0.9997	0.0111	-1.2992	-1.2845	
7.54	-0.337	1.2744	-0.086	-1.4913	-1.0981	
7.55	-0.9506	1.3726	-0.1544	-1.7987	-0.9485	
7.56	-1.2911	1.7966	-0.2156	-1.6685	-0.7185	
7.57	-1.309	1.8922	-0.2774	-1.9067	-0.6351	
7.58	-0.9236	1.8443	-0.3475	-1.6195	-0.4237	
7.59	-0.1878	2.0068	-0.3872	-1.7982	-0.3078	
7.6	0.6288	1.9015	-0.3703	-1.5448	-0.1719	
7.61	1.4733	1.5981	-0.4022	-1.7066	-0.0428	
7.62	2.0662	1.4482	-0.3347	-1.5241	0.0766	
7.63	2.3043	1.1491	-0.3696	-1.2977	0.2217	
7.64	1.8409	0.867	-0.2859	-1.2718	0.2905	
7.65	1.3855	0.6453	-0.2738	-1.1026	0.3962	
7.66	0.6772	0.3985	-0.2003	-1.1562	0.5339	
7.67	-0.0735	0.1224	-0.1559	-0.9022	0.5565	
7.68	-0.672	-0.0692	-0.081	-0.922	0.7352	
7.69	-1.0175	-0.1913	0.002	-0.7111	0.7686	
7.7	-1.2624	-0.2271	0.0854	-0.6565	0.8118	
7.71	-0.9205	-0.2311	0.1746	-0.5857	0.8957	
7.72	-0.4912	-0.1117	0.2667	-0.6378	0.8141	
7.73	0.0728	0.0602	0.3392	-0.603	0.9095	
7.74	0.5812	0.2987	0.4145	-0.6222	0.8259	
7.75	1.0047	0.5342	0.4913	-0.7721	0.8472	
7.76	1.2122	0.8716	0.5913	-0.7845	0.8641	
7.77	0.9995	1.1104	0.6647	-0.8355	0.8146	
7.78	0.8492	1.2492	0.6906	-1.032	0.8195	
7.79	0.3975	1.4012	0.8738	-1.111	0.7549	
7.8	0.0222	1.6153	0.8337	-1.2645	0.7683	
7.81	-0.2877	1.547	0.8928	-1.4019	0.6357	
7.82	-0.5032	1.5835	0.923	-1.6493	0.666	
7.83	-0.5523	1.2368	0.945	-1.8849	0.5624	
7.84	-0.5383	1.1741	0.9948	-2.1787	0.4631	
7.85	-0.3273	0.9521	1.0357	-1.986	0.3945	
7.86	-0.1578	0.6258	1.0389	-2.5222	0.3598	
7.87	-0.044	0.3285	0.9545	-2.5286	0.3204	
7.88	0.0082	0.0301	0.9599	-2.31	0.228	
7.89	-0.0208	-0.2234	0.8586	-2.5452	0.181	
7.9	-0.1091	-0.4704	0.7664	-2.545	0.1238	
7.91	-0.1936	-0.5595	0.7575	-2.6002	0.078	
7.92	-0.2406	-0.6024	0.6397	-2.847	0.0347	
7.93	-0.2539	-0.5917	0.6008	-2.7286	-0.0016	
7.94	-0.1683	-0.5494	0.4597	-2.6359	-0.0252	
7.95	-0.0185	-0.3795	0.3246	-2.2311	-0.0395	
7.96	0.122	-0.135	0.2282	-2.3346	-0.0506	
7.97	0.2002	0.1345	0.1246	-2.1046	-0.0465	
7.98	0.1446	0.4326	0.0016	-2.0127	-0.0312	
7.99	-0.0217	0.629	-0.113	-1.7487	-0.0093	
8.0	-0.3004	0.8295	-0.2554	-1.6052	0.0274	
8.01	-0.7157	1.0399	-0.38	-1.3556	0.0657	
8.02	-1.1054	1.2242	-0.4334	-1.0805	0.1291	
8.03	-1.3842	1.2923	-0.6475	-0.7744	0.1725	
8.04	-1.2412	1.2177	-0.6731	-0.652	0.2897	
8.05	-1.2807	1.0969	-0.8593	-0.4332	0.3497	
8.06	-0.786	0.8294	-0.8836	-0.2389	0.4408	
8.07	-0.3536	0.5772	-0.9806	-0.1173	0.4863	
8.08	0.1675	0.3324	-0.9706	0.0091	0.6308	
8.09	0.6403	0.0397	-1.012	0.101	0.7715	
8.1	0.8452	-0.2528	-1.1444	0.1518	0.9484	
8.11	0.7294	-0.489	-1.2294	0.1925	1.0306	
8.12	0.3966	-0.7652	-1.185	0.2059	1.0156	
8.13	-0.1978	-0.8674	-1.3312	0.1861	1.3384	
8.14	-0.9982	-0.8816	-1.2461	0.1191	1.4529	
8.15	-1.7	-0.9483	-1.2237	0.0505	1.5338	
8.16	-2.1424	-0.8593	-1.2559	-0.0461	1.6468	
8.17	-2.1297	-0.7066	-1.142	-0.1487	1.6254	
8.18	-2.1138	-0.4132	-1.1089	-0.2719	1.9136	
8.19	-1.6518	-0.1762	-1.032	-0.4282	2.0034	
8.2	-0.9283	0.0872	-1.0367	-0.5005	1.9677	
8.21	-0.0836	0.3553	-0.8052	-0.6837	1.9697	
8.22	0.6522	0.5536	-0.7818	-0.7457	2.2353	
8.23	1.1641	0.7215	-0.6732	-0.9273	2.2501	
8.24	1.0509	0.9847	-0.5606	-0.9288	2.2855	
8.25	0.785	0.9016	-0.4074	-0.9808	2.2454	
8.26	0.0886	1.0104	-0.3079	-1.1393	2.1839	
8.27	-0.8063	0.8414	-0.163	-1.0033	2.4086	
8.28	-1.7835	0.6667	-0.0577	-1.0109	2.2261	
8.29	-2.596	0.4825	0.0646	-0.9033	2.1471	
8.3	-2.8064	0.1983	0.1822	-0.8671	2.1745	
8.31	-2.5825	-0.1144	0.3132	-0.8784	2.1501	
8.32	-2.2229	-0.3835	0.4189	-0.7759	2.3947	
8.33	-1.4259	-0.5878	0.5125	-0.5914	2.2881	
8.34	-0.6062	-0.9129	0.6745	-0.4204	2.1242	
8.35	0.2498	-1.0803	0.7813	-0.2376	2.1311	
8.36	0.9003	-0.996	0.8437	-0.0727	1.8305	
8.37	1.1731	-1.1681	0.8595	0.1101	1.7483	
8.38	0.8452	-0.9434	0.9811	0.2798	1.6834	
8.39	0.315	-0.8276	0.9532	0.4841	1.3909	
8.4	-0.5172	-0.5726	1.0864	0.6305	1.3996	
8.41	-1.4997	-0.3173	1.0973	0.8108	1.1898	
8.42	-2.0523	-0.0713	1.1564	0.884	1.0395	
8.43	-2.4215	0.2029	1.1428	0.8878	1.0656	
8.44	-2.8372	0.4821	1.1089	0.9539	0.9346	
8.45	-2.2743	0.6398	1.0048	1.1615	0.7277	
8.46	-1.8381	0.767	1.0352	1.0946	0.5657	
8.47	-1.1259	0.9349	1.0164	1.0812	0.455	
8.48	-0.3528	0.834	0.9082	0.9414	0.3681	
8.49	0.275	0.7422	0.844	0.8598	0.2317	
8.5	0.5106	0.6758	0.7475	0.8312	0.128	
8.51	0.5377	0.4736	0.6625	0.6284	0.0119	
8.52	0.1473	0.1997	0.582	0.4713	-0.0926	
8.53	-0.4444	-0.1012	0.5244	0.3223	-0.1812	
8.54	-0.9915	-0.3455	0.4226	0.1405	-0.2561	
8.55	-1.738	-0.6238	0.3065	-0.0598	-0.3222	
8.56	-2.237	-0.8678	0.221	-0.258	-0.3948	
8.57	-2.3648	-0.9095	0.1236	-0.4941	-0.4419	
8.58	-2.1145	-0.9791	0.0402	-0.6341	-0.4726	
8.59	-1.7728	-1.025	-0.0396	-0.8779	-0.4779	
8.6	-1.335	-0.993	-0.1232	-0.9634	-0.5014	
8.61	-0.8809	-0.9035	-0.1759	-1.0458	-0.5316	
8.62	-0.4918	-0.5482	-0.2375	-1.1489	-0.4734	
8.63	-0.26	-0.3428	-0.2985	-1.4016	-0.4821	
8.64	-0.253	-0.0629	-0.3857	-1.4962	-0.4287	
8.65	-0.3905	0.2094	-0.43	-1.5454	-0.4418	
8.66	-0.6552	0.4652	-0.4109	-1.4754	-0.3825	
8.67	-0.8464	0.7141	-0.4089	-1.3614	-0.3429	
8.68	-1.0861	0.9521	-0.4264	-1.4134	-0.2836	
8.69	-1.1411	0.9438	-0.3801	-1.3541	-0.2014	
8.7	-1.218	1.0236	-0.3968	-1.215	-0.1341	
8.71	-1.1762	0.8738	-0.3336	-1.0309	-0.0661	
8.72	-1.0485	0.7112	-0.3074	-1.0003	-0.0027	
8.73	-1.0582	0.5436	-0.2507	-0.7579	0.0585	
8.74	-1.0558	0.3409	-0.1506	-0.6874	0.1166	
8.75	-0.9535	0.0708	-0.0809	-0.5194	0.1859	
8.76	-1.0615	-0.1965	0.0168	-0.3624	0.2629	
8.77	-1.0859	-0.4378	0.1151	-0.2703	0.3257	
8.78	-1.2604	-0.7135	0.2193	-0.1459	0.3637	
8.79	-1.3112	-0.8211	0.3413	-0.0506	0.378	
8.8	-0.9952	-0.9387	0.4629	0.0258	0.4544	
8.81	-0.8784	-0.8568	0.541	0.0769	0.4085	
8.82	-0.6193	-0.8467	0.764	0.1004	0.4352	
8.83	-0.3217	-0.7405	0.7586	0.0846	0.4938	
8.84	-0.1485	-0.504	0.9854	0.0505	0.495	
8.85	-0.1302	-0.2238	0.9975	-0.0063	0.4913	
8.86	-0.331	0.0737	1.1946	-0.0833	0.4309	
8.87	-0.6598	0.3826	1.2192	-0.2125	0.361	
8.88	-1.0624	0.6719	1.3667	-0.316	0.3143	
8.89	-1.4409	0.9575	1.4494	-0.4991	0.2924	
8.9	-1.7641	1.0726	1.4618	-0.6299	0.2031	
8.91	-2.0965	1.0739	1.6554	-0.7876	0.133	
8.92	-1.7909	1.2701	1.5451	-0.8494	0.0371	
8.93	-1.4291	1.2102	1.695	-0.9947	-0.0606	
8.94	-0.9608	0.9215	1.8154	-1.1649	-0.1628	
8.95	-0.285	0.7837	1.9251	-1.4362	-0.2544	
8.96	0.3647	0.5983	1.7705	-1.3992	-0.3795	
8.97	0.7917	0.3593	1.8598	-1.6583	-0.5669	
8.98	0.7658	0.0628	1.8824	-1.7479	-0.6021	
8.99	0.5046	-0.1908	1.7216	-1.5645	-0.7751	
9.0	0.0036	-0.4467	1.7948	-1.5595	-0.906	
9.01	-0.7527	-0.6157	1.8288	-1.6297	-1.061	
9.02	-1.5282	-0.6057	1.4774	-1.3976	-1.249	
9.03	-2.0679	-0.6285	1.4361	-1.3728	-1.3838	
9.04	-2.4426	-0.6671	1.4187	-1.2206	-1.3108	
9.05	-2.333	-0.4845	1.3069	-1.227	-1.6187	
9.06	-1.9874	-0.2688	1.1629	-1.0772	-1.5896	
9.07	-1.2415	-0.011	1.1256	-0.7346	-1.746	
9.08	-0.268	0.284	0.9214	-0.5772	-1.7877	
9.09	0.5606	0.5641	0.7953	-0.3656	-1.8812	
9.1	1.3052	0.9065	0.8139	-0.1257	-1.9393	
9.11	1.4385	1.1852	0.66	0.1168	-1.9014	
9.12	1.2162	1.1642	0.4491	0.3545	-2.1127	
9.13	0.6778	1.4218	0.3668	0.6138	-2.3612	
9.14	-0.1145	1.4975	0.2647	0.6963	-2.2641	
9.15	-1.1217	1.3347	0.134	0.9357	-2.3769	
9.16	-1.7958	1.2473	0.021	1.1073	-2.1391	
9.17	-2.4134	1.236	-0.0872	1.1705	-2.0888	
9.18	-2.3964	0.921	-0.1747	1.3852	-2.1484	
9.19	-1.9334	0.6372	-0.2699	1.3225	-2.2922	
9.2	-1.2914	0.4015	-0.3161	1.4414	-2.1496	
9.21	-0.4544	0.0977	-0.3993	1.6136	-1.812	
9.22	0.4916	-0.1078	-0.4596	1.6315	-1.9986	
9.23	1.1078	-0.2749	-0.5021	1.3972	-1.7638	
9.24	1.6162	-0.4017	-0.5095	1.4775	-1.9143	
9.25	1.4028	-0.3992	-0.5008	1.3616	-1.568	
9.26	1.1409	-0.3787	-0.4933	1.3564	-1.6032	
9.27	0.4773	-0.2537	-0.5222	1.0857	-1.4425	
9.28	-0.3515	-0.0579	-0.4872	1.1343	-1.3025	
9.29	-1.1592	0.1966	-0.5053	1.0626	-1.1202	
9.3	-1.6194	0.4662	-0.4324	0.8036	-1.0522	
9.31	-1.9003	0.7212	-0.3523	0.7732	-0.8965	
9.32	-1.5101	1.0568	-0.2993	0.7117	-0.8706	
9.33	-1.2644	1.3731	-0.2639	0.5951	-0.6903	
9.34	-0.5332	1.4528	-0.1828	0.5441	-0.5944	
9.35	0.2265	1.6243	-0.101	0.5828	-0.5339	
9.36	0.7901	1.7263	-0.0279	0.5598	-0.3949	
9.37	1.2473	1.8115	0.0588	0.633	-0.2839	
9.38	1.3517	1.5083	0.1417	0.6069	-0.1801	
9.39	0.9968	1.3284	0.2374	0.7926	-0.115	
9.4	0.6781	1.0694	0.3185	0.8352	-0.0305	
9.41	0.1974	0.9514	0.3421	1.0187	0.0431	
9.42	-0.2711	0.5524	0.4766	1.0238	0.1013	
9.43	-0.5869	0.3477	0.5083	1.2904	0.1346	
9.44	-0.7526	0.1174	0.5409	1.4184	0.1976	
9.45	-0.7472	-0.0719	0.6619	1.5361	0.2273	
9.46	-0.5484	-0.2041	0.6172	1.9984	0.2486	
9.47	-0.1932	-0.2361	0.6039	2.0177	0.2153	
9.48	0.1868	-0.2002	0.661	2.115	0.2416	
9.49	0.5118	-0.1001	0.6405	2.3375	0.2227	
9.5	0.6374	0.0841	0.6384	2.3151	0.1961	
9.51	0.6197	0.3001	0.659	2.6455	0.1478	
9.52	0.5985	0.6321	0.6515	2.8024	0.1049	
9.53	0.4748	0.7957	0.5617	2.9058	0.0601	
9.54	0.407	1.1796	0.4638	2.8765	0.004	
9.55	0.3117	1.3128	0.4604	3.042	-0.0542	
9.56	0.2694	1.6224	0.3303	2.7893	-0.1277	
9.57	0.3604	1.8329	0.2169	3.1718	-0.1917	
9.58	0.4833	1.8437	0.1136	2.7765	-0.2866	
9.59	0.4976	1.7699	0.0069	2.9385	-0.3679	
9.6	0.5338	1.5916	-0.1301	2.5858	-0.4201	
9.61	0.5092	1.3853	-0.2398	2.6435	-0.4965	
9.62	0.3183	1.2135	-0.3826	2.0999	-0.5406	
9.63	0.1695	1.0404	-0.5735	2.04	-0.5947	
9.64	-0.0005	0.7753	-0.739	1.7095	-0.6142	
9.65	-0.0945	0.4807	-0.9183	1.5898	-0.78	
9.66	-0.0471	0.1945	-1.0866	1.5096	-0.776	
9.67	0.1383	0.0011	-1.185	1.2817	-0.843	
9.68	0.4509	-0.1386	-1.1813	1.0839	-0.8536	
9.69	0.9792	-0.2119	-1.4958	0.9034	-0.8985	
9.7	1.2439	-0.2097	-1.6065	0.7237	-0.8859	
9.71	1.5639	-0.1055	-1.855	0.539	-0.7944	
9.72	1.812	0.0567	-1.9586	0.4254	-0.8486	
9.73	1.6433	0.271	-1.9832	0.3365	-0.9004	
9.74	1.2104	0.5777	-2.167	0.2578	-0.7762	
9.75	0.6277	0.7963	-2.0535	0.2696	-0.7141	
9.76	0.0321	1.154	-2.2771	0.2184	-0.6974	
9.77	-0.4696	1.3453	-2.1627	0.2844	-0.5878	
9.78	-0.6783	1.3989	-2.2328	0.2874	-0.5147	
9.79	-0.6124	1.744	-2.1152	0.3931	-0.4381	
9.8	-0.3231	1.7711	-2.3298	0.4475	-0.3095	
9.81	0.2769	1.7086	-2.3457	0.5125	-0.2422	
9.82	1.1101	1.5248	-2.2506	0.64	-0.11	
9.83	1.7393	1.319	-2.5807	0.7587	-0.0	
9.84	2.4794	1.1994	-2.2207	0.8461	0.1146	
9.85	2.7843	0.9822	-2.266	1.0258	0.2635	
9.86	2.1751	0.6837	-2.4147	1.0316	0.3745	
9.87	1.8239	0.4123	-2.0729	1.1413	0.5328	
9.88	1.1238	0.1167	-2.3272	1.1364	0.6038	
9.89	0.2702	-0.094	-2.2094	1.2329	0.8411	
9.9	-0.4672	-0.255	-1.866	1.1335	0.875	
9.91	-0.8618	-0.33	-1.8816	1.1599	0.9571	
9.92	-1.007	-0.3206	-1.8141	1.1578	1.2	
9.93	-0.7301	-0.2757	-1.7768	1.1722	1.3906	
9.94	-0.0476	-0.1392	-1.4901	1.0783	1.4838	
9.95	0.8124	0.0672	-1.6312	0.8944	1.4071	
9.96	1.7739	0.3164	-1.5183	0.7226	1.5258	
9.97	2.2788	0.5349	-1.4247	0.5097	1.5313	
9.98	3.0007	0.8052	-1.3029	0.3639	1.6929	
9.99	3.1104	1.1845	-1.2269	0.1261	1.9791	
10.0	2.1916	1.2478	-1.0419	-0.0657	1.9048	
10.01	1.7107	1.486	-1.0769	-0.2612	1.7656	
10.02	0.7128	1.5629	-1.0822	-0.5266	1.8123	
10.03	-0.0931	1.6027	-1.0386	-0.7439	2.1178	
10.04	-0.7224	1.2756	-0.9494	-0.9495	1.8443	
10.05	-0.8845	1.1491	-1.0135	-0.9759	1.7564	
10.06	-0.7743	1.0112	-0.9482	-1.2857	2.0817	
10.07	-0.2597	0.6874	-0.8864	-1.2967	2.0027	
10.08	0.5849	0.4382	-0.9482	-1.5066	1.7312	
10.09	1.3661	0.1262	-1.0782	-1.6211	1.6606	
10.1	2.1582	-0.15	-1.0606	-1.4331	1.7672	
10.11	2.5632	-0.3887	-1.1491	-1.4656	1.5331	
10.12	2.56	-0.5659	-1.1143	-1.3526	1.6353	
10.13	2.6847	-0.7307	-1.2055	-1.4656	1.3502	
10.14	1.9595	-0.7578	-1.2074	-1.2075	1.2587	
10.15	1.1201	-0.6222	-1.5067	-1.308	1.3686	
10.16	0.4379	-0.4709	-1.4859	-1.1379	1.1416	
10.17	-0.1228	-0.3227	-1.6211	-0.9894	0.9955	
10.18	-0.4697	-0.0986	-1.6107	-0.7847	1.0108	
10.19	-0.3794	0.1702	-1.7204	-0.5933	0.7464	
10.2	-0.0927	0.4556	-1.9418	-0.3997	0.7325	
10.21	0.3793	0.645	-2.1133	-0.1809	0.614	
10.22	0.9428	0.8665	-2.1175	-0.0183	0.4507	
10.23	1.5715	0.9711	-2.2092	0.1297	0.3712	
10.24	1.7472	0.9948	-2.1301	0.296	0.2981	
10.25	1.8873	1.171	-2.3399	0.3991	0.2332	
10.26	2.1143	0.9733	-2.6078	0.5414	0.1414	
10.27	1.828	0.8539	-2.359	0.6112	0.0738	
10.28	1.2566	0.5904	-2.8856	0.5841	0.0165	
10.29	0.9265	0.3182	-2.5362	0.5888	-0.0334	
10.3	0.5644	0.0187	-2.8534	0.6627	-0.0763	
10.31	0.3421	-0.2588	-2.9622	0.64	-0.1057	
10.32	0.3674	-0.5299	-2.5813	0.4877	-0.1224	
10.33	0.4706	-0.8215	-3.1257	0.4349	-0.1277	
10.34	0.6194	-1.0592	-2.5666	0.348	-0.1231	
10.35	0.7918	-1.1457	-3.0815	0.2363	-0.1027	
10.36	1.0497	-1.2232	-2.5985	0.0963	-0.087	
10.37	1.1004	-1.084	-2.513	-0.0445	-0.0485	
10.38	1.1671	-1.096	-2.5069	-0.1924	-0.0027	
10.39	0.919	-0.9165	-2.4816	-0.3218	0.0452	
10.4	0.9102	-0.6427	-2.4731	-0.4225	0.1094	
10.41	0.8961	-0.4058	-2.4147	-0.5094	0.1595	
10.42	0.8627	-0.1533	-2.3892	-0.6599	0.2204	
10.43	0.8817	0.0961	-2.1121	-0.7917	0.2903	
10.44	1.0939	0.2776	-2.271	-0.7195	0.4101	
10.45	1.2066	0.4791	-2.097	-0.7997	0.5086	
10.46	1.3258	0.5117	-1.7833	-0.7952	0.5262	
10.47	1.1071	0.5337	-1.6674	-0.8308	0.5799	
10.48	1.0457	0.4751	-1.6096	-0.6923	0.6537	
10.49	0.7613	0.3005	-1.3659	-0.6358	0.7906	
10.5	0.3888	0.0924	-1.1407	-0.5492	0.8631	
10.51	0.1129	-0.1942	-1.1335	-0.3976	0.8487	
10.52	-0.0774	-0.5194	-1.0427	-0.2096	1.0855	
10.53	-0.105	-0.7573	-0.8913	-0.0622	0.9443	
10.54	0.075	-1.1188	-0.7254	0.1225	1.0668	
10.55	0.4452	-1.4205	-0.582	0.2727	1.1481	
10.56	0.9162	-1.5464	-0.4957	0.4501	1.086	
10.57	1.487	-1.5495	-0.4669	0.6863	1.2611	
10.58	1.934	-1.584	-0.3314	0.8975	1.1389	
10.59	2.0575	-1.6829	-0.2814	0.8978	1.219	
10.6	2.0304	-1.775	-0.2185	1.1635	1.1551	
10.61	1.5838	-1.6064	-0.177	1.2103	1.06	
10.62	0.9074	-1.3315	-0.1336	1.3202	1.0264	
10.63	0.1187	-1.0275	-0.1129	1.4768	0.9879	
10.64	-0.5125	-0.7463	-0.1013	1.3488	0.8831	
10.65	-0.9946	-0.4673	-0.0908	1.3974	0.8938	
10.66	-1.1463	-0.3055	-0.1033	1.3111	0.8531	
10.67	-0.8332	-0.1232	-0.1392	1.2082	0.6741	
10.68	-0.2665	-0.0394	-0.185	1.1828	0.6393	
10.69	0.5329	-0.0295	-0.2014	0.9352	0.4526	
10.7	1.2586	-0.0932	-0.3014	0.9342	0.3656	
10.71	2.0113	-0.2303	-0.3224	0.6865	0.245	
10.72	2.3989	-0.4031	-0.41	0.5205	0.1067	
10.73	2.1742	-0.6832	-0.454	0.3105	-0.017	
10.74	1.9407	-0.9027	-0.5093	0.1148	-0.1609	
10.75	0.9632	-1.3166	-0.6912	-0.0898	-0.3143	
10.76	0.144	-1.4502	-0.7598	-0.2839	-0.3892	
10.77	-0.7243	-2.0141	-0.739	-0.5162	-0.5189	
10.78	-1.4491	-2.1083	-0.8702	-0.6418	-0.7118	
