0.01	0.4794	0.161	0.3901	0.5717	0.7952	0.5221	
0.02	0.9669	0.3792	0.8156	1.0659	1.0402	0.9783	
0.03	1.2161	0.5517	1.009	1.1569	0.7303	1.1139	
0.04	1.1304	0.7403	1.2034	0.9988	0.1243	0.836	
0.05	0.8782	0.8297	1.5396	0.5307	-0.5135	0.5092	
0.06	0.4684	0.8982	1.4894	0.0911	-0.768	-0.0465	
0.07	0.0456	1.1475	1.227	-0.339	-0.3672	-0.5324	
0.08	-0.328	1.3071	1.0371	-0.6468	0.4213	-0.6378	
0.09	-0.5216	1.3824	0.9881	-0.5552	1.2426	-0.6367	
0.1	-0.4849	1.3875	0.633	-0.2182	1.369	-0.2294	
0.11	-0.2323	1.3172	0.4128	0.3078	1.0272	0.3554	
0.12	0.2083	1.4204	0.2206	0.8866	0.3478	0.9821	
0.13	0.7107	1.4427	0.1362	1.4778	-0.2502	1.4139	
0.14	1.247	1.3817	0.1402	1.6203	-0.4296	1.4499	
0.15	1.5295	1.4148	0.2539	1.5637	0.045	1.2016	
0.16	1.6402	1.5178	0.449	1.3369	0.7881	0.9016	
0.17	1.5627	1.3046	0.7871	0.7707	1.5848	0.37	
0.18	1.2991	1.285	1.1143	0.2391	1.5828	-0.0936	
0.19	0.851	1.2226	1.6296	-0.0681	1.2082	-0.3013	
0.2	0.4583	1.239	1.8395	-0.141	0.6027	-0.2751	
0.21	0.1531	1.0523	2.4333	0.0906	-0.0195	0.0774	
0.22	-0.0156	0.9423	2.5874	0.5198	-0.0888	0.6188	
0.23	0.0504	0.9605	2.5412	1.253	0.445	1.2206	
0.24	0.3328	0.8232	2.4318	1.7489	1.1407	1.6377	
0.25	0.8122	0.6617	2.6607	1.8578	2.0606	1.7259	
0.26	1.3824	0.5731	2.1768	2.1838	1.7882	1.5823	
0.27	1.9288	0.5831	2.2301	1.6676	1.6348	1.3703	
0.28	1.9309	0.4291	1.8569	1.4583	0.8281	0.7864	
0.29	2.3022	0.3684	1.5791	0.7693	0.2382	0.2775	
0.3	2.0888	0.335	1.1271	0.4669	0.2423	0.0038	
0.31	1.4689	0.303	0.9639	0.2796	0.7639	0.0289	
0.32	1.1412	0.257	0.8299	0.4038	1.6524	0.375	
0.33	0.754	0.2383	0.7521	0.7841	2.1184	0.8781	
0.34	0.3485	0.2898	0.7855	1.3616	2.2552	1.4462	
0.35	0.2428	0.3147	1.0514	1.7691	1.757	1.9175	
0.36	0.3772	0.3744	1.1854	2.3049	0.9141	2.1292	
0.37	0.6045	0.4117	1.4551	2.6022	0.431	2.1565	
0.38	1.1374	0.4976	1.8123	2.3759	0.5269	1.7253	
0.39	1.5102	0.5995	2.1178	1.8092	1.1484	1.0001	
0.4	1.8855	0.6621	2.1974	1.2265	2.1072	0.5646	
0.41	2.225	0.8448	2.6911	0.8565	2.2412	0.279	
0.42	2.2146	0.9669	2.5266	0.5719	2.3453	0.2637	
0.43	2.1538	1.0816	2.5704	0.6711	1.9071	0.5739	
0.44	1.6958	1.2319	2.2325	0.8969	1.0178	0.9632	
0.45	1.1347	1.5296	2.1019	1.3901	0.5661	1.7542	
0.46	0.6289	1.4314	1.7133	2.1188	0.7785	2.2187	
0.47	0.3153	1.6556	1.361	2.3329	1.4875	2.4637	
0.48	0.2125	1.8613	0.9472	2.6026	2.1641	2.0887	
0.49	0.3361	2.0498	0.5742	2.5366	2.748	1.7065	
0.5	0.7533	2.0103	0.2621	2.2619	2.5634	1.2246	
0.51	1.0834	2.4041	0.1086	1.743	1.8725	0.8928	
0.52	1.7304	2.5683	0.0636	1.1621	1.2371	0.4722	
0.53	1.8401	2.4034	0.0973	0.7815	0.7045	0.415	
0.54	2.2202	2.5528	0.2253	0.71	0.9798	0.6325	
0.55	2.0643	2.6294	0.5124	0.9824	1.793	1.2499	
0.56	1.7312	2.7073	0.8026	1.5174	2.4843	1.7252	
0.57	1.1673	2.6911	0.9705	1.8861	3.0147	2.2728	
0.58	0.7688	2.6496	1.139	2.3228	2.7205	2.3786	
0.59	0.3001	2.6413	1.5301	2.938	2.0121	2.4021	
0.6	0.0069	2.8313	1.3756	2.5051	1.2304	1.8765	
0.61	-0.0556	2.9885	1.4037	2.4568	0.9483	1.3557	
0.62	0.1241	2.9075	1.2625	1.8206	1.2187	0.9658	
0.63	0.4554	2.4508	1.1904	1.6178	1.9997	0.5878	
0.64	0.8249	2.4636	0.7969	1.0616	2.4158	0.5221	
0.65	1.3868	2.5715	0.4633	0.8888	3.0717	0.7718	
0.66	1.6969	2.6107	0.0531	0.9383	2.8508	1.1641	
0.67	1.6622	2.3731	-0.2867	1.2188	1.7797	1.8817	
0.68	1.6877	2.2921	-0.6221	1.6932	1.218	2.1858	
0.69	1.2261	1.8689	-0.9001	2.5115	0.9397	2.4175	
0.7	0.7013	1.9789	-1.0642	2.5142	1.2067	2.6235	
0.71	0.2038	1.7551	-0.9781	2.6255	2.2023	2.1323	
0.72	-0.2294	1.536	-0.9736	2.5792	2.5654	1.5357	
0.73	-0.4272	1.4339	-0.7484	2.2411	2.8776	0.9309	
0.74	-0.5058	1.3044	-0.4617	1.7643	2.6124	0.6954	
0.75	-0.2764	1.2663	-0.1998	1.1276	1.842	0.4671	
0.76	0.1128	1.1033	0.1077	0.871	1.088	0.708	
0.77	0.62	1.042	0.385	0.8243	0.9916	1.2308	
0.78	0.932	1.0346	0.5911	1.0024	1.2445	1.6408	
0.79	1.1997	1.0897	0.6503	1.6267	2.1423	2.0324	
0.8	1.1429	0.9731	0.641	2.0987	2.7087	2.4283	
0.81	1.0612	1.0367	0.4964	2.2143	2.8826	2.649	
0.82	0.6268	1.0588	0.3186	2.5357	2.4206	2.1338	
0.83	0.1546	0.9952	0.0355	2.6613	1.597	1.695	
0.84	-0.3337	0.9817	-0.3104	2.0486	0.9743	0.9133	
0.85	-0.6809	1.1629	-0.5758	1.5873	0.9266	0.6308	
0.86	-0.9701	1.1565	-0.9881	1.1785	1.4163	0.4217	
0.87	-0.9004	1.411	-1.2233	0.64	2.2116	0.6112	
0.88	-0.6254	1.4127	-1.4013	0.5134	2.942	0.9635	
0.89	-0.1988	1.414	-1.4064	0.6686	2.6427	1.5345	
0.9	0.274	1.6523	-1.3813	1.0843	2.269	1.9304	
0.91	0.6148	1.6384	-1.1487	1.6107	1.5262	2.2912	
0.92	0.9387	1.935	-0.8953	2.0045	0.8686	2.1559	
0.93	0.8723	2.0673	-0.635	2.5438	0.7935	2.0063	
0.94	0.647	1.9227	-0.2569	2.2866	1.4072	1.523	
0.95	0.2018	2.4002	0.0953	2.1138	1.947	0.9946	
0.96	-0.311	2.2158	0.4138	1.7054	2.8931	0.4297	
0.97	-0.7113	2.4455	0.6559	1.0592	2.3951	0.2781	
0.98	-1.1985	2.5427	0.6896	0.5217	2.0945	0.4101	
0.99	-1.2079	2.3518	0.6686	0.27	1.3698	0.7593	
1.0	-1.1251	2.6057	0.6418	0.3383	0.6705	1.3615	
1.01	-0.7437	2.4946	0.4809	0.6553	0.7421	1.8434	
1.02	-0.313	2.5592	0.1791	1.0538	1.3381	1.954	
1.03	0.1436	2.9885	-0.1189	1.6219	2.0743	1.9381	
1.04	0.5147	2.5917	-0.3974	2.1754	2.3038	1.9076	
1.05	0.7118	2.6172	-0.7094	2.2646	2.3144	1.4158	
1.06	0.7148	2.558	-0.8907	1.9773	1.6065	0.8108	
1.07	0.4099	2.7202	-0.8982	1.3736	1.0268	0.3228	
1.08	-0.0444	2.5051	-1.0183	0.8339	0.4516	0.0746	
1.09	-0.48	2.2015	-0.9408	0.3478	0.5206	0.1746	
1.1	-1.0363	2.4807	-0.7246	-0.0085	1.1195	0.4771	
1.11	-1.1165	2.3474	-0.3909	-0.0704	1.8934	1.0805	
1.12	-1.257	1.8202	-0.0203	0.1827	2.2034	1.4906	
1.13	-1.0066	2.0014	0.3323	0.5627	2.114	2.0579	
1.14	-0.7164	1.7871	0.6905	1.2052	1.5532	1.8797	
1.15	-0.1975	1.6441	1.0155	1.498	0.7164	1.5099	
1.16	0.2983	1.2762	1.2077	1.677	0.2556	1.2699	
1.17	0.6228	1.1908	1.1357	1.7538	0.3994	0.6455	
1.18	0.8857	1.0532	1.1046	1.2513	1.0827	0.1037	
1.19	0.709	0.8937	1.0665	0.6312	1.7274	-0.1608	
1.2	0.4692	0.6962	0.7956	0.1357	2.094	-0.0953	
1.21	0.017	0.6582	0.5176	-0.2672	1.7209	0.2201	
1.22	-0.4504	0.5087	0.2155	-0.4392	1.0969	0.7957	
1.23	-0.8468	0.3605	-0.0846	-0.3098	0.3484	1.1882	
1.24	-0.9549	0.307	-0.374	0.0714	-0.027	1.7023	
1.25	-0.9651	0.1927	-0.55	0.611	0.1901	1.6085	
1.26	-0.6545	0.1384	-0.6603	1.119	0.8118	1.5385	
1.27	-0.2472	0.0951	-0.6524	1.2123	1.5123	0.9547	
1.28	0.2829	0.0662	-0.5248	1.4487	1.8513	0.3781	
1.29	0.7487	0.0518	-0.3953	1.1108	1.543	-0.0884	
1.3	1.1163	0.0629	-0.0962	0.5644	0.798	-0.3974	
1.31	1.2112	0.0805	0.2213	-0.0537	-0.0023	-0.3905	
1.32	1.0043	0.1281	0.4917	-0.5124	-0.2817	-0.0474	
1.33	0.7833	0.1707	0.7961	-0.853	-0.0089	0.419	
1.34	0.3151	0.257	1.0113	-0.722	0.7411	1.0415	
1.35	-0.0935	0.2925	1.1244	-0.4429	1.2238	1.3504	
1.36	-0.4284	0.4079	1.0585	0.0475	1.6488	1.4653	
1.37	-0.5101	0.4652	1.0437	0.5367	1.2246	1.1557	
1.38	-0.4531	0.6287	0.8575	0.9737	0.371	0.7718	
1.39	-0.1144	0.6332	0.5426	1.1186	-0.3833	0.2252	
1.4	0.3654	0.7814	0.1759	0.798	-0.5528	-0.2918	
1.41	0.8466	0.9429	-0.2007	0.3475	-0.2398	-0.6497	
1.42	1.4137	0.9416	-0.61	-0.1978	0.5126	-0.5607	
1.43	1.664	1.1363	-0.8288	-0.7175	1.185	-0.3111	
1.44	1.8353	1.0154	-1.1109	-1.0853	1.3063	0.1845	
1.45	1.4639	1.1423	-1.2563	-1.1141	0.8321	0.7634	
1.46	1.1572	1.3076	-1.1659	-0.8966	-0.0391	1.0459	
1.47	0.8339	1.2061	-1.0925	-0.43	-0.7451	1.1541	
1.48	0.4171	1.3269	-0.9482	0.0892	-0.7798	1.0585	
1.49	0.1167	1.2127	-0.7193	0.5341	-0.4274	0.6192	
1.5	0.0411	1.234	-0.5001	0.7932	0.3175	0.0948	
1.51	0.2072	1.2671	-0.192	0.6321	0.9124	-0.411	
1.52	0.5753	1.1368	0.0217	0.3004	0.9762	-0.7282	
1.53	1.0126	1.05	0.1835	-0.2615	0.3894	-0.8696	
1.54	1.6649	1.0329	0.2136	-0.7834	-0.3973	-0.5475	
1.55	1.8685	0.9124	0.2007	-1.2626	-1.0932	-0.036	
1.56	2.3377	0.6494	0.023	-1.4768	-1.2024	0.5297	
1.57	2.2703	0.6109	-0.2267	-1.3513	-0.6268	0.9656	
1.58	1.8918	0.4304	-0.6052	-0.8661	0.0969	1.1406	
1.59	1.5998	0.2274	-0.9181	-0.3428	0.5654	0.8861	
1.6	1.3019	0.0747	-1.3393	0.1784	0.6175	0.595	
1.61	0.8319	-0.0849	-1.7635	0.4325	0.0161	0.0076	
1.62	0.6401	-0.2809	-2.0142	0.4813	-0.7778	-0.5093	
1.63	0.6315	-0.4133	-1.9803	0.2117	-1.4942	-0.8694	
1.64	0.7684	-0.5796	-2.2889	-0.2303	-1.3241	-0.8778	
1.65	1.1857	-0.8291	-2.3543	-0.7537	-0.8189	-0.6331	
1.66	1.5336	-0.8774	-2.0495	-1.3736	-0.084	-0.2162	
1.67	2.3107	-1.1721	-2.0966	-1.6296	0.3653	0.3553	
1.68	2.5375	-1.2251	-1.6463	-1.4622	0.3108	0.7658	
1.69	2.6994	-1.2584	-1.5182	-1.2404	-0.3123	1.082	
1.7	2.8302	-1.3685	-1.0651	-0.6671	-1.0502	0.9792	
1.71	2.3385	-1.6913	-0.8805	-0.1094	-1.6242	0.5781	
1.72	2.1973	-1.4941	-0.6658	0.2497	-1.5278	-0.0121	
1.73	1.3998	-1.5434	-0.641	0.3907	-0.9264	-0.5601	
1.74	1.0936	-1.8439	-0.6279	0.2518	-0.2504	-0.9558	
1.75	0.9701	-1.6163	-0.8336	-0.1763	0.1813	-1.0813	
1.76	0.9715	-1.7076	-1.0871	-0.7363	0.0045	-0.7112	
1.77	1.1792	-1.5477	-1.4596	-1.194	-0.7002	-0.2856	
1.78	1.5357	-1.7558	-1.5852	-1.5825	-1.4555	0.2522	
1.79	2.1227	-1.5061	-1.9845	-1.4407	-2.0512	0.7149	
1.8	2.426	-1.6565	-2.1951	-1.4744	-1.62	0.9365	
1.81	2.6342	-1.5135	-2.6628	-0.9159	-1.1027	0.9426	
1.82	2.7188	-1.5008	-2.8545	-0.3521	-0.3415	0.5873	
1.83	2.6462	-1.1847	-2.404	0.1228	-0.0207	0.0466	
1.84	2.2564	-1.0971	-2.3733	0.3588	-0.2638	-0.5217	
1.85	1.9832	-1.1573	-2.295	0.2986	-0.9371	-0.9351	
1.86	1.6229	-1.0211	-1.9976	-0.0301	-1.6271	-1.0582	
1.87	1.0695	-0.8678	-1.6297	-0.5676	-2.0086	-0.7325	
1.88	0.9705	-0.7678	-1.4015	-1.0072	-1.8294	-0.3154	
1.89	0.945	-0.6784	-1.0245	-1.4448	-1.2793	0.284	
1.9	1.351	-0.6163	-0.7039	-1.659	-0.451	0.6933	
1.91	1.6832	-0.5851	-0.4213	-1.5822	-0.1811	1.1182	
1.92	2.3575	-0.5488	-0.3394	-1.099	-0.4635	1.0287	
1.93	2.4357	-0.4365	-0.3339	-0.4946	-1.1251	0.6447	
1.94	2.5797	-0.4185	-0.4221	0.0308	-2.0813	0.1864	
1.95	2.7083	-0.4023	-0.6488	0.3634	-2.4375	-0.4005	
1.96	2.3801	-0.4735	-0.9015	0.4205	-2.0283	-0.7736	
1.97	2.4118	-0.4382	-1.1809	0.1666	-1.2979	-0.886	
1.98	1.7309	-0.5216	-1.3721	-0.302	-0.5271	-0.7555	
1.99	1.1197	-0.5966	-1.4991	-0.8398	-0.3416	-0.2528	
2.0	0.8842	-0.6878	-1.7264	-1.1807	-0.6638	0.3063	
2.01	0.7525	-0.7966	-1.8313	-1.3883	-1.5323	0.8626	
2.02	0.7577	-0.8629	-1.7332	-1.5518	-2.0392	1.0877	
2.03	1.1752	-0.9813	-1.5393	-1.0418	-2.1927	1.0939	
2.04	1.5949	-1.0548	-1.2381	-0.6064	-1.8272	0.8534	
2.05	1.993	-1.329	-0.7779	-0.0302	-1.1304	0.3894	
2.06	2.2157	-1.3283	-0.3729	0.3683	-0.6064	-0.1566	
2.07	2.5252	-1.5986	0.0601	0.5473	-0.4609	-0.5242	
2.08	2.2772	-1.846	0.4636	0.4403	-0.9019	-0.6884	
2.09	2.339	-1.885	0.7545	0.0077	-1.7802	-0.5926	
2.1	1.5577	-1.8293	0.9905	-0.5273	-2.0585	-0.1238	
2.11	1.0855	-2.1534	1.1214	-1.037	-2.3427	0.4259	
2.12	0.7481	-2.3721	1.1855	-1.294	-1.9878	0.8807	
2.13	0.3703	-2.4753	0.9526	-1.2703	-1.1629	1.1866	
2.14	0.2281	-2.3208	0.8795	-1.1021	-0.6133	1.402	
2.15	0.3772	-2.4014	0.6618	-0.5884	-0.4646	1.1154	
2.16	0.6696	-2.5928	0.399	-0.0658	-0.9431	0.6026	
2.17	1.2004	-2.7862	0.1461	0.4445	-1.9059	0.0861	
2.18	1.547	-2.5828	-0.0173	0.6501	-2.2928	-0.36	
2.19	1.8727	-2.6458	-0.1068	0.65	-2.1998	-0.4916	
2.2	1.8965	-2.6865	-0.0945	0.286	-2.0359	-0.3439	
2.21	1.6921	-3.1488	0.0133	-0.1956	-1.1787	0.0449	
2.22	1.4578	-3.0744	0.243	-0.7172	-0.5887	0.605	
2.23	1.01	-2.9776	0.5976	-1.1869	-0.5324	1.0953	
2.24	0.5198	-2.5144	0.9477	-1.3358	-1.0923	1.4761	
2.25	0.0572	-2.963	1.2395	-1.0148	-1.6898	1.7183	
2.26	-0.2108	-2.6624	1.8182	-0.6013	-2.4352	1.4785	
2.27	-0.2816	-2.2656	1.9327	-0.1086	-2.3037	0.8871	
2.28	-0.1165	-2.5862	2.2093	0.4609	-1.7739	0.3478	
2.29	0.2112	-2.2199	2.7181	0.8107	-1.0752	-0.0652	
2.3	0.645	-1.9603	2.7621	0.8985	-0.52	-0.2431	
2.31	1.1403	-2.0332	2.5702	0.636	-0.5147	-0.144	
2.32	1.4623	-1.7578	2.1749	0.1594	-1.1462	0.2379	
2.33	1.5488	-1.6737	1.9961	-0.395	-1.7825	0.8306	
2.34	1.1625	-1.7022	1.9023	-0.8321	-2.5745	1.3634	
2.35	0.8494	-1.4376	1.3582	-1.1176	-2.0398	1.7112	
2.36	0.416	-1.4345	1.2357	-1.0602	-1.475	1.7015	
2.37	-0.0987	-1.2855	0.9881	-0.6416	-0.7824	1.647	
2.38	-0.5182	-1.2624	0.8664	-0.137	-0.4031	1.239	
2.39	-0.8104	-1.109	0.7564	0.4137	-0.537	0.6814	
2.4	-0.7711	-1.0966	0.8726	0.8336	-1.1056	0.2344	
2.41	-0.4933	-1.0011	1.1786	1.0022	-1.694	0.0004	
2.42	-0.0969	-0.9387	1.2775	0.7917	-2.2583	0.0863	
2.43	0.3571	-1.0203	1.6408	0.4355	-2.1607	0.4292	
2.44	0.8096	-1.0176	1.9855	-0.0768	-1.3385	1.0419	
2.45	1.0533	-1.008	2.1003	-0.5264	-0.5993	1.484	
2.46	1.0424	-1.0058	2.523	-0.9659	-0.2642	1.9892	
2.47	0.7784	-1.1273	2.8847	-0.9921	-0.4594	2.3084	
2.48	0.4659	-1.0544	3.0184	-0.7086	-1.1464	1.892	
2.49	-0.0164	-1.2271	2.5874	-0.2129	-1.8188	1.5855	
2.5	-0.4827	-1.4291	2.435	0.3173	-2.0495	1.0155	
2.51	-0.7772	-1.5267	2.3682	0.8497	-1.9141	0.4557	
2.52	-1.0643	-1.4917	2.1061	0.9464	-1.1782	0.2286	
2.53	-0.9837	-1.7502	1.507	0.9739	-0.4899	0.3275	
2.54	-0.6051	-1.7155	1.2567	0.6421	-0.0976	0.6544	
2.55	-0.1996	-2.0137	0.928	0.1715	-0.3564	1.0968	
2.56	0.2717	-2.1247	0.5779	-0.3175	-1.0134	1.8469	
2.57	0.6634	-2.1302	0.4103	-0.8063	-1.7881	2.2725	
2.58	0.9099	-2.1896	0.3503	-0.838	-1.9845	2.3316	
2.59	0.9278	-2.3259	0.3533	-0.6968	-1.7514	2.3769	
2.6	0.7676	-2.27	0.5373	-0.3882	-0.962	1.7839	
2.61	0.3098	-2.4463	0.6688	0.1741	-0.2262	1.2653	
2.62	-0.176	-2.3268	1.0134	0.6787	0.0566	0.761	
2.63	-0.5996	-2.5149	1.3491	0.9534	-0.2677	0.4903	
2.64	-0.8838	-2.5839	1.5947	1.0489	-0.9819	0.4502	
2.65	-1.0422	-2.6435	1.7761	0.9104	-1.5666	0.7926	
2.66	-0.8679	-2.5988	1.9034	0.3457	-1.8738	1.2511	
2.67	-0.5021	-2.4771	1.6854	-0.1748	-1.522	1.7677	
2.68	0.0204	-2.4316	1.7291	-0.6178	-0.7138	2.3631	
2.69	0.5135	-2.3232	1.5352	-0.9503	0.0245	2.2783	
2.7	0.9653	-2.3192	1.0064	-0.8332	0.2314	2.3349	
2.71	1.0347	-2.0455	0.7024	-0.5179	-0.1479	1.953	
2.72	1.1261	-2.085	0.3669	-0.0499	-0.9417	1.3094	
2.73	0.7998	-1.838	-0.0435	0.4677	-1.5471	0.8454	
2.74	0.4426	-1.6931	-0.4002	0.9396	-1.5707	0.6157	
2.75	-0.0374	-1.7077	-0.5775	0.9755	-1.0709	0.6309	
2.76	-0.4111	-1.6354	-0.8586	0.9818	-0.3537	0.8072	
2.77	-0.646	-1.3702	-0.8926	0.5322	0.2685	1.3822	
2.78	-0.6798	-1.1192	-0.7206	-0.0523	0.4255	1.796	
2.79	-0.4265	-1.0442	-0.5879	-0.5772	-0.0562	2.5758	
2.8	-0.0255	-0.775	-0.4003	-0.9399	-0.7816	2.8106	
2.81	0.533	-0.6526	-0.0969	-1.0725	-1.3727	2.2815	
2.82	0.9021	-0.5421	0.1735	-0.7892	-1.3697	1.9907	
2.83	1.3171	-0.3774	0.4801	-0.3673	-0.9284	1.6322	
2.84	1.6176	-0.2475	0.6165	0.2002	-0.0854	1.0149	
2.85	1.4467	-0.1481	0.7612	0.6563	0.468	0.7448	
2.86	1.2445	-0.0508	0.6331	0.9522	0.5593	0.5855	
2.87	0.7286	0.0277	0.5699	0.8101	0.0574	0.898	
2.88	0.3083	0.0923	0.3849	0.5018	-0.7071	1.2665	
2.89	-0.0638	0.1293	0.0683	-0.0029	-1.3262	1.78	
2.9	-0.2434	0.1754	-0.3035	-0.56	-1.1932	2.3476	
2.91	-0.1807	0.182	-0.6113	-1.0556	-0.6505	2.8191	
2.92	0.1068	0.1724	-0.9374	-1.2153	0.1818	2.6529	
2.93	0.5678	0.145	-1.1867	-1.0341	0.6984	2.0142	
2.94	1.1331	0.1095	-1.4453	-0.7395	0.7484	1.738	
2.95	1.5345	0.049	-1.4981	-0.1565	0.1512	0.9885	
2.96	2.0909	-0.0202	-1.4589	0.3076	-0.5449	0.7246	
2.97	1.815	-0.1001	-1.4082	0.6868	-1.012	0.6515	
2.98	1.7298	-0.1785	-1.1432	0.679	-0.9189	0.7834	
2.99	1.6653	-0.2537	-0.848	0.4984	-0.3172	1.3373	
3.0	1.0754	-0.3431	-0.4893	-0.0154	0.4914	1.9805	
3.01	0.6432	-0.5025	-0.1117	-0.6294	0.9686	2.2509	
3.02	0.3894	-0.5745	0.1592	-1.0482	0.8173	2.3379	
3.03	0.252	-0.6434	0.3799	-1.2524	0.2297	2.6134	
3.04	0.3643	-0.702	0.4531	-1.4745	-0.5136	2.2687	
3.05	0.6762	-0.8457	0.5047	-1.0655	-0.9419	1.5742	
3.06	1.0674	-0.8212	0.4001	-0.5929	-0.661	1.055	
3.07	1.6199	-0.8991	0.2341	-0.0578	-0.0561	0.6112	
3.08	1.9484	-1.051	-0.0418	0.3695	0.7615	0.5078	
3.09	2.4353	-0.94	-0.3493	0.465	1.1874	0.6216	
3.1	2.2447	-1.0205	-0.7072	0.3529	0.8887	1.1633	
3.11	2.0281	-1.0155	-0.8524	-0.0738	0.3198	1.7427	
3.12	1.7781	-0.9385	-1.0534	-0.5838	-0.3934	2.205	
3.13	1.5285	-0.9512	-1.3539	-1.2192	-0.7661	2.5486	
3.14	0.9604	-0.9023	-1.165	-1.4594	-0.5431	2.1258	
3.15	0.6233	-0.7657	-1.1614	-1.4968	0.2094	2.0308	
3.16	0.5422	-0.6891	-0.8761	-1.3813	0.976	1.5778	
3.17	0.7431	-0.5436	-0.7224	-0.9681	1.3428	0.9332	
3.18	1.0656	-0.4159	-0.3148	-0.4805	1.1333	0.4102	
3.19	1.4485	-0.3028	0.0388	-0.0228	0.3284	0.2844	
3.2	1.9615	-0.139	0.3961	0.2083	-0.3395	0.4105	
3.21	2.2178	0.0137	0.6968	0.1774	-0.6249	0.7727	
3.22	2.6116	0.1783	0.9092	-0.1508	-0.3108	1.2438	
3.23	2.6623	0.3199	0.9834	-0.6825	0.4292	1.8056	
3.24	2.1595	0.5461	0.9569	-1.1991	1.1399	2.1325	
3.25	2.0645	0.6701	0.8992	-1.5461	1.3592	1.9603	
3.26	1.3855	0.8565	0.6106	-1.9621	1.1216	1.7318	
3.27	1.01	1.0767	0.4269	-1.6037	0.3784	1.1911	
3.28	0.7504	1.2718	0.0737	-1.3538	-0.2933	0.6404	
3.29	0.7351	1.3781	-0.2246	-0.9572	-0.5618	0.1929	
3.3	0.8464	1.5876	-0.4584	-0.3658	-0.1362	-0.0018	
3.31	1.3465	1.5521	-0.763	-0.0715	0.6963	0.1145	
3.32	1.6204	1.7365	-0.7497	-0.0198	1.3487	0.4835	
3.33	2.3425	1.6903	-0.861	-0.2788	1.592	0.9149	
3.34	2.2932	1.902	-0.6762	-0.7689	1.1913	1.6252	
3.35	2.8295	1.72	-0.4538	-1.3893	0.399	1.846	
3.36	2.4913	1.8698	-0.2035	-1.7614	-0.2915	1.9521	
3.37	1.9796	2.0258	0.1313	-2.105	-0.3862	1.4214	
3.38	1.664	1.83	0.4676	-1.974	0.0361	1.0552	
3.39	1.246	1.8614	0.7691	-1.7251	0.7319	0.4055	
3.4	0.7762	1.7142	1.014	-1.1849	1.4821	-0.0963	
3.41	0.5197	1.9908	1.062	-0.8248	1.6007	-0.3052	
3.42	0.4926	1.66	1.1282	-0.3453	1.1396	-0.2657	
3.43	0.6828	1.5768	1.0459	-0.214	0.3776	0.0836	
3.44	1.1268	1.4365	0.8709	-0.3547	-0.2743	0.5858	
3.45	1.4785	1.4302	0.6603	-0.6849	-0.3209	1.1957	
3.46	1.8877	1.4396	0.2974	-1.2779	0.1708	1.5326	
3.47	2.1698	1.3425	-0.0552	-1.9232	0.9852	1.5269	
3.48	2.1547	1.0644	-0.4101	-1.9819	1.4569	1.1693	
3.49	1.895	1.0022	-0.6459	-2.3298	1.4674	0.6651	
3.5	1.5574	0.9999	-0.9714	-1.9102	1.0803	0.0774	
3.51	1.1435	0.9253	-1.0684	-1.7291	0.3151	-0.3942	
3.52	0.6136	0.7792	-1.0674	-0.9939	-0.2453	-0.7165	
3.53	0.2581	0.6618	-1.0116	-0.6282	-0.2601	-0.6809	
3.54	0.0417	0.7145	-0.8077	-0.3661	0.3121	-0.3502	
3.55	0.0495	0.5993	-0.5136	-0.3769	0.9857	0.1792	
3.56	0.2922	0.6371	-0.265	-0.6649	1.4992	0.6765	
3.57	0.7055	0.5656	0.0148	-1.2371	1.4899	1.0951	
3.58	1.1696	0.6061	0.2683	-1.8223	1.0735	1.0752	
3.59	1.6254	0.6572	0.4064	-2.1425	0.2328	0.8465	
3.6	1.7221	0.7088	0.4845	-2.3773	-0.2747	0.3103	
3.61	1.775	0.6467	0.4893	-2.3534	-0.2315	-0.2683	
3.62	1.4182	0.8281	0.3309	-1.9496	0.3789	-0.8318	
3.63	0.9853	0.8599	0.0888	-1.3791	1.0613	-1.1736	
3.64	0.5164	0.9714	-0.2657	-0.7816	1.6678	-1.0318	
3.65	-0.0383	1.0108	-0.5605	-0.3914	1.6232	-0.8037	
3.66	-0.3817	1.2038	-0.9319	-0.3484	0.928	-0.2661	
3.67	-0.5714	1.4208	-1.2649	-0.4981	0.1237	0.2323	
3.68	-0.5306	1.446	-1.6247	-0.9294	-0.3323	0.6692	
3.69	-0.2381	1.7333	-2.0075	-1.4244	-0.19	0.6935	
3.7	0.1522	1.9335	-2.1002	-2.1433	0.4614	0.5119	
3.71	0.6405	1.9628	-2.0269	-2.255	1.1626	0.0117	
3.72	0.9589	1.9305	-1.8002	-2.2394	1.683	-0.5283	
3.73	1.0725	2.474	-1.7371	-1.7838	1.4542	-1.154	
3.74	0.9704	2.3242	-1.5144	-1.5358	0.7114	-1.3516	
3.75	0.6874	2.445	-1.2286	-0.7989	-0.0033	-1.4057	
3.76	0.2435	2.7513	-0.9237	-0.4791	-0.405	-1.0938	
3.77	-0.289	2.5436	-0.6998	-0.2561	-0.167	-0.6386	
3.78	-0.8075	3.0649	-0.515	-0.3729	0.4653	-0.1637	
3.79	-1.0902	2.8223	-0.4565	-0.714	1.1842	0.2356	
3.8	-1.119	2.8131	-0.4322	-1.1504	1.652	0.3523	
3.81	-0.9984	3.0879	-0.6185	-1.7444	1.2004	0.1754	
3.82	-0.6763	3.0826	-0.8478	-1.99	0.5524	-0.2558	
3.83	-0.3031	3.0804	-1.1398	-1.9764	-0.1275	-0.8747	
3.84	0.1355	2.8851	-1.6455	-1.9484	-0.414	-1.5254	
3.85	0.416	2.8123	-1.8376	-1.3328	-0.1605	-1.8588	
3.86	0.5315	2.8409	-2.0743	-0.8728	0.5492	-1.6366	
3.87	0.4554	2.8914	-2.3475	-0.4031	1.279	-1.4463	
3.88	0.122	2.5396	-2.4766	-0.0728	1.6292	-1.0747	
3.89	-0.3423	2.5106	-2.629	-0.0722	1.1303	-0.5098	
3.9	-0.9134	2.2997	-2.4584	-0.3361	0.4696	-0.1125	
3.91	-1.3155	2.3794	-2.2977	-0.7582	-0.277	0.0582	
3.92	-1.4996	2.2047	-2.1251	-1.433	-0.5025	-0.0894	
3.93	-1.6545	1.9683	-1.7789	-1.8661	-0.1512	-0.4947	
3.94	-1.3132	1.6419	-1.4695	-1.8416	0.6177	-1.1033	
3.95	-1.1143	1.8051	-1.0422	-1.8616	1.1375	-1.4836	
3.96	-0.5594	1.6083	-0.8265	-1.32	1.3931	-1.848	
3.97	-0.1439	1.5529	-0.608	-0.8123	1.1178	-1.9475	
3.98	0.1671	1.3454	-0.4085	-0.2178	0.2864	-1.7179	
3.99	0.2494	1.2195	-0.4141	0.1664	-0.4239	-1.3367	
4.0	0.1076	1.1237	-0.5852	0.2769	-0.6201	-0.8496	
4.01	-0.2651	0.9992	-0.6807	0.1048	-0.1626	-0.3615	
4.02	-0.7732	1.0037	-1.0072	-0.292	0.6011	-0.1886	
4.03	-1.0868	0.899	-1.2488	-0.8392	1.1971	-0.3228	
4.04	-1.6612	0.9191	-1.5056	-1.2236	1.3101	-0.6716	
4.05	-1.6061	0.9276	-1.6584	-1.4408	0.8887	-1.2318	
4.06	-1.6172	0.8128	-1.8544	-1.4628	0.0803	-1.7465	
4.07	-1.3989	0.9535	-2.1276	-1.0789	-0.5209	-2.2769	
4.08	-0.9881	0.8808	-2.0743	-0.5558	-0.6514	-2.3392	
4.09	-0.5399	0.8997	-1.6765	-0.0341	-0.1562	-1.9456	
4.1	-0.1127	1.086	-1.5176	0.4367	0.5809	-1.6939	
4.11	0.1708	1.1017	-1.0134	0.6754	1.1574	-1.0203	
4.12	0.226	1.1375	-0.7212	0.6394	1.2916	-0.5856	
4.13	0.0413	1.4345	-0.2696	0.2854	0.6344	-0.3474	
4.14	-0.3065	1.3318	0.1044	-0.2333	-0.0969	-0.4319	
4.15	-0.7735	1.432	0.3895	-0.7068	-0.6813	-0.8053	
4.16	-1.2595	1.7241	0.6116	-0.9428	-0.6505	-1.2195	
4.17	-1.4293	1.7886	0.7423	-1.1947	-0.1508	-1.8653	
4.18	-1.7895	1.9035	0.7613	-0.8714	0.615	-2.2173	
4.19	-1.4296	1.8976	0.7223	-0.3603	1.0717	-2.4532	
4.2	-1.1777	2.1203	0.6086	0.2029	1.009	-2.153	
4.21	-0.7915	2.1147	0.3365	0.7027	0.5113	-1.8537	
4.22	-0.2271	2.2172	0.0956	1.0884	-0.2396	-1.1671	
4.23	0.197	2.2694	-0.1325	1.0347	-0.7249	-0.721	
4.24	0.4235	2.43	-0.3071	0.8525	-0.7887	-0.3823	
4.25	0.4093	2.1802	-0.3861	0.4259	-0.1314	-0.4879	
4.26	0.2229	2.5827	-0.3717	-0.0917	0.6561	-0.7631	
4.27	-0.1433	2.6195	-0.3177	-0.4479	1.2012	-1.2541	
4.28	-0.6049	2.5755	-0.075	-0.631	0.9227	-1.6778	
4.29	-1.0284	2.1799	0.2604	-0.4632	0.3677	-2.2453	
4.3	-1.2361	2.2276	0.591	-0.0806	-0.3737	-2.2499	
4.31	-1.1963	2.0685	1.0563	0.4522	-0.8317	-2.0008	
4.32	-1.1425	1.9226	1.5624	1.0109	-0.6759	-1.8718	
4.33	-0.807	1.9872	1.7745	1.5947	-0.0978	-1.1371	
4.34	-0.2518	1.9177	2.1863	1.499	0.6127	-0.7309	
4.35	0.2457	1.6058	2.1804	1.5788	0.9718	-0.4074	
4.36	0.7081	1.4552	2.4239	0.9536	0.7953	-0.4164	
4.37	0.8632	1.5364	2.3745	0.5134	0.2052	-0.7383	
4.38	0.9068	1.2699	2.0454	0.103	-0.5169	-1.3115	
4.39	0.6411	1.0089	1.7923	-0.1525	-0.8963	-1.8224	
4.4	0.178	0.958	1.6662	-0.1132	-0.6635	-2.2021	
4.41	-0.2507	0.701	1.436	0.2456	-0.0558	-2.35	
4.42	-0.6359	0.5708	1.1883	0.7274	0.6893	-2.0548	
4.43	-0.779	0.4676	0.8515	1.3433	1.0565	-1.6127	
4.44	-0.7727	0.266	0.7683	1.8619	0.7113	-1.0929	
4.45	-0.6412	0.1357	0.8285	1.9595	0.072	-0.6734	
4.46	-0.1697	0.0191	0.8783	2.1007	-0.7098	-0.3117	
4.47	0.3043	-0.0885	1.0715	1.7374	-0.9197	-0.3179	
4.48	0.8298	-0.1982	1.367	1.1742	-0.6602	-0.5867	
4.49	1.097	-0.2675	1.8089	0.6245	0.0116	-1.1047	
4.5	1.4386	-0.3582	2.1957	0.372	0.7907	-1.6429	
4.51	1.1939	-0.3473	2.1796	0.2866	0.9972	-1.9036	
4.52	0.9351	-0.4014	2.8469	0.5555	0.6546	-2.2539	
4.53	0.5247	-0.403	2.9039	1.0657	-0.0555	-2.121	
4.54	0.0471	-0.3843	3.1043	1.4826	-0.8209	-1.7537	
4.55	-0.2883	-0.3438	2.9632	2.0173	-0.934	-1.1627	
4.56	-0.4765	-0.3247	2.9633	2.3141	-0.6945	-0.5563	
4.57	-0.4299	-0.2947	2.5225	2.5107	0.0852	-0.181	
4.58	-0.158	-0.2046	2.0976	2.1756	0.7957	-0.1137	
4.59	0.2727	-0.1428	1.7632	1.857	1.0632	-0.3792	
4.6	0.826	-0.0463	1.3943	1.1803	0.5372	-0.8492	
4.61	1.2519	0.0432	1.2145	0.8191	-0.1682	-1.2551	
4.62	1.4547	0.1384	0.8987	0.6491	-0.7454	-1.9082	
4.63	1.5051	0.2593	0.6279	0.8183	-0.986	-2.0712	
4.64	1.3762	0.3015	0.553	1.1781	-0.6242	-1.8164	
4.65	1.1608	0.3888	0.6209	1.637	0.2002	-1.37	
4.66	0.5888	0.4954	0.7854	2.0299	0.7683	-0.9361	
4.67	0.2008	0.562	1.0036	2.6755	1.0117	-0.3533	
4.68	-0.1657	0.6469	1.3462	2.5394	0.5167	0.0012	
4.69	-0.2926	0.6961	1.4897	2.7798	-0.2554	0.0961	
4.7	-0.2229	0.7693	1.844	2.2266	-0.8343	-0.1093	
4.71	0.1069	0.7899	1.9082	1.5979	-1.041	-0.5917	
4.72	0.511	0.7135	2.0165	1.1548	-0.4916	-1.0236	
4.73	0.974	0.753	2.122	0.9034	0.2829	-1.6211	
4.74	1.5005	0.6984	2.1551	0.9959	0.9657	-1.7123	
4.75	1.7183	0.7478	1.8601	1.3207	0.9689	-1.7274	
4.76	1.6843	0.5939	1.3577	1.8046	0.4872	-1.2737	
4.77	1.4264	0.538	1.0996	2.4843	-0.2855	-0.7568	
4.78	1.0563	0.4114	0.693	2.6788	-0.881	-0.2102	
4.79	0.5107	0.3391	0.295	3.0776	-0.8991	0.2087	
4.8	0.056	0.1941	-0.0699	3.1405	-0.3587	0.3242	
4.81	-0.2553	0.0542	-0.3754	2.3786	0.4502	0.1433	
4.82	-0.3842	-0.0876	-0.5199	1.844	1.0722	-0.28	
4.83	-0.2534	-0.2356	-0.6429	1.3329	0.9469	-0.7395	
4.84	0.0558	-0.4608	-0.5671	1.0588	0.4372	-1.299	
4.85	0.5094	-0.5771	-0.4038	0.9798	-0.3759	-1.4895	
4.86	0.997	-0.7134	-0.1883	1.1666	-0.946	-1.4619	
4.87	1.3131	-0.9625	0.0918	1.5202	-0.737	-1.0296	
4.88	1.361	-1.166	0.3494	2.3054	-0.2143	-0.55	
4.89	1.443	-1.3597	0.6341	2.8932	0.5441	-0.0212	
4.9	1.0015	-1.3638	0.8266	2.7851	1.1077	0.4378	
4.91	0.6576	-1.4957	0.9022	3.1012	1.0411	0.523	
4.92	0.1006	-1.8325	0.8624	2.8276	0.3596	0.3802	
4.93	-0.3514	-1.8579	0.7436	2.3541	-0.3813	-0.002	
4.94	-0.6217	-1.8888	0.4485	1.613	-0.874	-0.5221	
4.95	-0.8103	-2.0031	0.1648	1.2649	-0.7744	-1.1154	
4.96	-0.558	-2.2162	-0.176	0.8851	-0.0624	-1.1871	
4.97	-0.2363	-2.073	-0.523	1.0566	0.7262	-1.2706	
4.98	0.1987	-2.2607	-0.8254	1.3042	1.2094	-0.8777	
4.99	0.5672	-2.3219	-1.1919	2.0126	1.0301	-0.4568	
5.0	0.9089	-2.0288	-1.5546	2.6548	0.3153	0.1235	
5.01	1.063	-2.0003	-1.5758	2.7512	-0.4344	0.5575	
5.02	0.8831	-2.1972	-1.5276	2.615	-0.8105	0.6919	
5.03	0.4686	-1.929	-1.3591	2.9613	-0.5479	0.6916	
5.04	-0.0293	-1.7866	-1.2543	2.4894	0.095	0.2377	
5.05	-0.5419	-1.8841	-0.8286	1.8666	0.8655	-0.3104	
5.06	-1.064	-1.6121	-0.5841	1.0985	1.2115	-0.7806	
5.07	-1.249	-1.686	-0.2829	0.7966	0.9536	-1.2159	
5.08	-1.3652	-1.4142	0.0082	0.9022	0.3046	-1.1375	
5.09	-1.0459	-1.3815	0.2022	1.1587	-0.454	-0.782	
5.1	-0.735	-1.3156	0.3587	1.6689	-0.7849	-0.3461	
5.11	-0.3045	-1.0629	0.3255	2.112	-0.474	0.2585	
5.12	0.0953	-1.0191	0.2396	2.4819	0.2586	0.6936	
5.13	0.3153	-0.9162	0.0512	2.8872	1.0128	0.8383	
5.14	0.3917	-0.89	-0.2277	2.5965	1.202	0.8224	
5.15	0.1425	-0.891	-0.5829	2.0865	0.9033	0.4569	
5.16	-0.271	-0.7759	-0.9021	1.8033	0.2614	-0.1103	
5.17	-0.824	-0.7742	-1.0786	1.0732	-0.4064	-0.6707	
5.18	-1.3937	-0.6396	-1.4773	0.6312	-0.6307	-0.9871	
5.19	-1.554	-0.6808	-1.3548	0.4868	-0.3025	-0.9964	
5.2	-1.9155	-0.6251	-1.6315	0.7214	0.4071	-0.6919	
5.21	-1.7056	-0.6926	-1.5762	1.0474	1.0734	-0.2739	
5.22	-1.6684	-0.6806	-1.1528	1.4403	1.4325	0.2768	
5.23	-1.2566	-0.798	-0.8971	1.8886	0.9778	0.7339	
5.24	-0.8066	-0.917	-0.5971	2.1345	0.2304	1.0495	
5.25	-0.446	-0.91	-0.2672	2.1077	-0.4001	0.948	
5.26	-0.2404	-0.9662	0.091	2.1073	-0.6264	0.5122	
5.27	-0.2524	-1.2656	0.3616	1.5618	-0.1668	0.0148	
5.28	-0.4845	-1.2988	0.5691	0.9217	0.5957	-0.518	
5.29	-0.8628	-1.512	0.7873	0.3893	1.2886	-0.8625	
5.3	-1.3133	-1.4997	0.7538	0.1748	1.3738	-1.0638	
5.31	-1.9442	-1.7475	0.6591	0.2121	0.8848	-0.766	
5.32	-2.3401	-1.8817	0.4257	0.5809	0.1789	-0.2609	
5.33	-2.2646	-1.9988	0.1856	1.105	-0.4292	0.3048	
5.34	-2.2649	-2.1649	-0.1269	1.473	-0.5153	0.8026	
5.35	-2.1222	-2.1449	-0.4393	1.9425	-0.0529	0.9192	
5.36	-1.764	-2.6081	-0.7026	1.7868	0.7684	0.9618	
5.37	-1.0839	-2.2852	-0.9017	1.7821	1.2908	0.5607	
5.38	-0.7256	-2.5898	-0.9539	1.2232	1.3165	0.0618	
5.39	-0.6397	-2.8231	-1.0272	0.7419	0.9855	-0.5003	
5.4	-0.734	-2.6432	-0.9103	0.1341	0.1434	-0.8639	
5.41	-0.9741	-2.5983	-0.6684	-0.1917	-0.4359	-1.0975	
5.42	-1.4696	-2.8571	-0.3414	-0.2809	-0.4879	-0.8822	
5.43	-1.9478	-3.1946	-0.0311	-0.047	0.0728	-0.4016	
5.44	-2.321	-3.007	0.2912	0.3533	0.9068	0.1908	
5.45	-2.7286	-2.6959	0.6949	0.8773	1.467	0.6927	
5.46	-2.9093	-2.8791	0.8281	1.1921	1.5143	0.9816	
5.47	-2.6683	-2.8818	1.012	1.4817	0.7692	0.9676	
5.48	-2.2423	-2.9756	1.0785	1.3919	0.0625	0.5676	
5.49	-1.7696	-2.7779	0.9778	0.9767	-0.4697	0.0412	
5.5	-1.282	-2.5119	0.982	0.429	-0.4384	-0.4989	
5.51	-0.8724	-2.5436	0.7077	-0.1578	0.1844	-0.9538	
5.52	-0.7492	-2.4445	0.3806	-0.5382	0.8743	-1.134	
5.53	-0.8166	-2.3163	0.0215	-0.7178	1.4278	-0.9381	
5.54	-1.1171	-1.8285	-0.2948	-0.6144	1.4291	-0.5739	
5.55	-1.6956	-1.8861	-0.5705	-0.2172	0.8223	0.0093	
5.56	-2.1578	-1.6294	-0.901	0.2824	-0.0186	0.545	
5.57	-2.2812	-1.6843	-0.9697	0.7488	-0.4703	0.8366	
5.58	-2.9091	-1.4662	-0.9263	1.0335	-0.346	0.8526	
5.59	-2.8215	-1.186	-0.7825	0.9551	0.246	0.5051	
5.6	-2.5091	-1.2347	-0.6722	0.6956	0.924	-0.0579	
5.61	-1.806	-1.0466	-0.3903	0.1603	1.3728	-0.6646	
5.62	-1.4502	-0.9339	-0.1131	-0.3853	1.2036	-1.0682	
5.63	-1.1027	-0.8967	0.1854	-1.0112	0.655	-1.3352	
5.64	-0.7573	-0.829	0.415	-1.1302	-0.1275	-1.1488	
5.65	-0.5397	-0.7655	0.5714	-1.1168	-0.5657	-0.69	
5.66	-0.7706	-0.7184	0.7793	-0.7635	-0.3598	-0.2248	
5.67	-1.0442	-0.7775	0.7044	-0.3595	0.3349	0.2785	
5.68	-1.3881	-0.6747	0.5578	0.128	1.1458	0.6188	
5.69	-2.0361	-0.6849	0.3933	0.5149	1.3066	0.5801	
5.7	-2.206	-0.8061	0.0521	0.6223	1.3162	0.3201	
5.71	-2.5367	-0.8515	-0.2848	0.4009	0.536	-0.2017	
5.72	-2.2695	-0.9653	-0.7567	-0.077	-0.2217	-0.835	
5.73	-2.0664	-0.8976	-0.9809	-0.6184	-0.5523	-1.3567	
5.74	-1.4389	-1.0444	-1.4302	-1.2327	-0.3332	-1.5316	
5.75	-1.1012	-1.2195	-1.559	-1.6294	0.3923	-1.3361	
5.76	-0.5848	-1.1532	-1.61	-1.4489	1.0395	-0.9682	
5.77	-0.2833	-1.4054	-1.7406	-1.2529	1.2585	-0.4728	
5.78	-0.1786	-1.4576	-1.56	-1.0016	1.1489	-0.0036	
5.79	-0.347	-1.7214	-1.3222	-0.378	0.335	0.3388	
5.8	-0.7413	-1.8377	-1.0776	0.0208	-0.3632	0.3652	
5.81	-1.1477	-1.9069	-0.9772	0.233	-0.6195	0.1009	
5.82	-1.4327	-1.7626	-0.6711	0.1229	-0.3242	-0.4034	
5.83	-2.0072	-1.8016	-0.428	-0.2745	0.421	-1.0658	
5.84	-1.9612	-2.0951	-0.2298	-0.8287	1.1262	-1.5761	
5.85	-1.6779	-2.2174	-0.1746	-1.4068	1.4086	-1.7067	
5.86	-1.3381	-2.3277	-0.1894	-1.6969	0.9112	-1.6295	
5.87	-0.9211	-2.183	-0.3824	-1.8099	0.1525	-1.3407	
5.88	-0.425	-2.1807	-0.58	-1.6203	-0.5563	-0.7707	
5.89	0.0135	-2.2813	-0.9531	-1.3688	-0.7781	-0.2855	
5.9	0.2637	-2.2438	-1.2392	-0.9181	-0.3875	0.0445	
5.91	0.2767	-2.3287	-1.5654	-0.3746	0.3864	0.0998	
5.92	0.0779	-2.0884	-2.0016	-0.0958	0.9714	-0.1426	
5.93	-0.2797	-1.8093	-2.4358	-0.0816	1.1089	-0.6038	
5.94	-0.8009	-1.7623	-2.5795	-0.3494	0.7215	-1.1528	
5.95	-1.0609	-1.6882	-2.3413	-0.8645	-0.0643	-1.6635	
5.96	-1.4447	-1.5183	-2.6493	-1.3565	-0.7859	-1.9436	
5.97	-1.3756	-1.5713	-2.2077	-1.7221	-0.9056	-2.0094	
5.98	-1.2452	-1.2438	-1.8928	-2.0126	-0.4013	-1.6954	
5.99	-0.818	-1.0983	-1.5382	-1.8809	0.3394	-1.1082	
6.0	-0.3675	-0.9899	-1.4134	-1.7406	0.9753	-0.6616	
6.01	0.1716	-0.8373	-1.0996	-1.2789	1.0414	-0.2459	
6.02	0.5158	-0.7023	-0.7478	-0.7215	0.4453	-0.1369	
6.03	0.7178	-0.495	-0.5373	-0.3747	-0.3045	-0.3862	
6.04	0.7392	-0.3596	-0.4966	-0.2361	-0.8734	-0.7404	
6.05	0.4413	-0.189	-0.519	-0.4143	-0.8732	-1.3846	
6.06	0.0012	-0.0255	-0.6549	-0.8217	-0.4828	-2.0848	
6.07	-0.4166	0.1012	-0.8466	-1.2877	0.3061	-2.2566	
6.08	-0.8859	0.2298	-0.9909	-1.8148	0.915	-2.2672	
6.09	-1.1477	0.3328	-1.3038	-2.0869	0.8018	-1.7536	
6.1	-1.1178	0.3993	-1.5909	-2.4082	0.241	-1.2996	
6.11	-0.8962	0.4711	-1.9233	-2.1244	-0.5913	-0.948	
6.12	-0.4313	0.5519	-2.1357	-1.6427	-1.0353	-0.4798	
6.13	0.0908	0.6628	-2.0747	-0.9216	-1.046	-0.3696	
6.14	0.5065	0.5923	-1.9664	-0.5555	-0.5275	-0.572	
6.15	0.8745	0.6036	-2.0999	-0.3032	0.2258	-0.9524	
6.16	0.96	0.5979	-1.7087	-0.3498	0.6807	-1.4608	
6.17	0.7955	0.6516	-1.3894	-0.7046	0.5657	-2.0588	
6.18	0.5057	0.5548	-1.0639	-1.1818	-0.0043	-2.2255	
6.19	0.0875	0.4977	-0.5536	-1.7732	-0.7483	-2.6455	
6.2	-0.3976	0.4855	-0.1722	-2.2341	-1.256	-2.3344	
6.21	-0.76	0.3813	0.139	-2.4179	-1.3219	-1.6329	
6.22	-0.9774	0.2678	0.3661	-2.1896	-0.5584	-1.1617	
6.23	-0.8573	0.1833	0.5193	-1.7917	0.1392	-0.7613	
6.24	-0.6973	0.09	0.4951	-1.1193	0.5802	-0.5759	
6.25	-0.2666	-0.0155	0.4076	-0.6785	0.4252	-0.6872	
6.26	0.2259	-0.1145	0.2966	-0.2629	-0.2659	-1.1331	
6.27	0.6427	-0.183	0.0492	-0.2186	-1.0882	-1.6862	
6.28	0.8878	-0.2918	-0.208	-0.4554	-1.391	-2.1429	
6.29	0.9447	-0.3728	-0.4248	-0.862	-1.3721	-2.8004	
6.3	0.7311	-0.4739	-0.5926	-1.4534	-0.6202	-2.7534	
6.31	0.3595	-0.4632	-0.783	-1.8917	0.0497	-2.3749	
6.32	-0.1258	-0.4735	-0.6707	-2.1583	0.3991	-1.9174	
6.33	-0.5684	-0.592	-0.5921	-2.1564	0.1585	-1.2316	
6.34	-0.9256	-0.5081	-0.4193	-1.6486	-0.5536	-0.8038	
6.35	-1.1453	-0.5695	-0.1125	-1.1713	-1.3711	-0.6458	
6.36	-1.0556	-0.5157	0.2568	-0.6795	-1.8242	-0.8776	
6.37	-0.7388	-0.4861	0.667	-0.2364	-1.532	-1.1438	
6.38	-0.3576	-0.3712	1.1108	-0.0809	-0.698	-1.8456	
6.39	0.094	-0.3213	1.3905	-0.2271	-0.0452	-2.2044	
6.4	0.5005	-0.2278	1.7776	-0.6311	0.2435	-2.7294	
6.41	0.6568	-0.0946	2.1715	-1.2245	-0.0581	-2.9545	
6.42	0.6202	0.0249	1.9865	-1.7051	-0.8795	-2.3711	
6.43	0.326	0.1645	1.9515	-1.9322	-1.5626	-1.8723	
6.44	-0.0886	0.3261	1.9089	-1.8793	-1.7536	-1.5301	
6.45	-0.6703	0.4711	1.9181	-1.7191	-1.5996	-0.9599	
6.46	-1.1284	0.6333	1.4436	-1.1363	-0.8809	-0.8006	
6.47	-1.3356	0.7586	1.2156	-0.5844	-0.1353	-0.7381	
6.48	-1.5712	0.9531	0.9889	-0.1611	0.0896	-1.1627	
6.49	-1.3781	1.0431	0.8165	0.0999	-0.2706	-1.6625	
6.5	-1.2187	1.2983	0.6914	0.066	-0.9472	-2.1276	
6.51	-0.6748	1.4973	0.7299	-0.224	-1.7958	-2.5214	
6.52	-0.28	1.5211	0.6978	-0.7558	-1.8691	-2.6004	
6.53	0.0606	1.782	0.8856	-1.2497	-1.6213	-2.5136	
6.54	0.2008	1.966	1.1929	-1.7495	-0.8981	-2.1835	
6.55	0.0866	2.1045	1.6525	-1.7853	-0.2043	-1.5301	
6.56	-0.235	2.161	1.8305	-1.5807	-0.0664	-0.8862	
6.57	-0.6825	2.078	2.5061	-1.1307	-0.4978	-0.7129	
6.58	-1.2332	2.192	2.5949	-0.6319	-1.3224	-0.7607	
6.59	-1.6098	2.0866	2.9377	-0.0804	-1.8101	-1.0635	
6.6	-1.9434	2.0398	3.1314	0.2969	-2.0061	-1.4271	
6.61	-2.2417	2.349	2.9647	0.3616	-1.7501	-1.9718	
6.62	-1.9769	2.0814	2.8545	0.1306	-0.9445	-2.3007	
6.63	-1.4994	2.2437	2.7458	-0.3051	-0.2743	-2.6605	
6.64	-1.151	2.3301	2.2014	-0.7813	-0.2139	-2.4193	
6.65	-0.7434	1.9049	1.9148	-1.3434	-0.6308	-1.9849	
6.66	-0.4562	1.9111	1.7424	-1.4237	-1.5977	-1.3546	
6.67	-0.3687	1.7478	1.2583	-1.4891	-2.0414	-0.862	
6.68	-0.4681	1.7032	0.9497	-1.194	-1.959	-0.5832	
6.69	-0.8342	1.6297	0.9507	-0.521	-1.6306	-0.5124	
6.7	-1.355	1.4599	0.8082	-0.0032	-0.9305	-0.9391	
6.71	-1.9023	1.4802	0.789	0.4219	-0.304	-1.4866	
6.72	-2.4039	1.3928	0.9661	0.589	-0.2949	-1.9527	
6.73	-2.7718	1.2832	1.1534	0.5144	-0.8355	-2.1984	
6.74	-2.6054	1.0888	1.3492	0.0946	-1.6046	-2.4456	
6.75	-2.4522	0.9876	1.8354	-0.4645	-2.3223	-2.0587	
6.76	-1.9557	1.01	1.8767	-0.9764	-2.2941	-1.6725	
6.77	-1.5853	0.9142	2.3194	-1.3112	-1.7217	-1.3267	
6.78	-1.1275	0.747	2.1448	-1.2693	-0.9224	-0.7601	
6.79	-0.8738	0.7666	2.5099	-1.0145	-0.3451	-0.3531	
6.8	-0.715	0.7215	2.2507	-0.5386	-0.4159	-0.3109	
6.81	-1.0337	0.7676	2.0116	0.0321	-1.0426	-0.5504	
6.82	-1.2734	0.6549	1.7152	0.5283	-1.6938	-1.0314	
6.83	-1.9463	0.7963	1.3521	0.8396	-2.1092	-1.4464	
6.84	-2.4984	0.7654	0.999	0.6795	-2.2268	-1.9311	
6.85	-2.6757	0.8813	0.6144	0.4141	-1.6801	-2.3674	
6.86	-3.1711	0.8322	0.2617	-0.0551	-0.759	-2.1906	
6.87	-3.0558	0.9846	-0.0252	-0.5642	-0.3232	-1.6296	
6.88	-2.4635	1.0974	-0.1936	-0.9781	-0.4424	-1.0839	
6.89	-2.2807	1.3225	-0.2893	-1.0268	-1.1456	-0.4708	
6.9	-1.7302	1.2372	-0.2613	-0.9265	-1.8185	-0.0838	
6.91	-1.274	1.317	-0.1303	-0.4997	-2.2013	-0.0123	
6.92	-1.0524	1.7176	0.0645	0.0072	-2.1127	-0.2571	
6.93	-1.0587	1.6459	0.302	0.5366	-1.5602	-0.7414	
6.94	-1.1332	2.0415	0.528	0.9029	-0.6489	-1.2111	
6.95	-1.5123	2.1667	0.8736	1.0196	-0.304	-1.597	
6.96	-1.9109	2.0148	0.9123	0.7264	-0.4815	-1.9621	
6.97	-2.4167	2.4216	1.1611	0.2745	-1.2292	-1.6249	
6.98	-3.0037	2.5734	1.1293	-0.2572	-1.8314	-1.4259	
6.99	-2.6422	2.4268	0.9911	-0.6734	-2.3107	-0.688	
7.0	-2.8063	2.3791	0.7377	-0.8913	-1.891	-0.1543	
7.01	-2.2933	2.5688	0.3822	-0.9007	-1.4316	0.2396	
7.02	-2.1194	2.5332	0.0113	-0.6296	-0.5827	0.3315	
7.03	-1.467	2.8376	-0.3415	-0.088	-0.2675	0.1355	
7.04	-0.9488	2.6282	-0.8055	0.4791	-0.5265	-0.317	
7.05	-0.7802	2.7539	-1.1655	0.8384	-1.2993	-0.796	
7.06	-0.8394	2.7846	-1.2799	1.0671	-2.0597	-1.2223	
7.07	-1.0237	2.7942	-1.464	0.8883	-2.2354	-1.3865	
7.08	-1.6028	2.7442	-1.3515	0.5442	-1.8967	-1.3861	
7.09	-2.1626	2.8791	-1.4957	-0.0161	-1.1886	-0.8888	
7.1	-2.5959	2.5724	-1.1306	-0.4868	-0.4204	-0.4222	
7.11	-2.5182	2.5498	-0.9289	-0.9336	-0.1413	0.1641	
7.12	-2.8807	2.1866	-0.6531	-0.8936	-0.5263	0.5606	
7.13	-2.4283	2.5108	-0.3106	-0.7399	-1.2811	0.7973	
7.14	-2.0473	1.9963	-0.0618	-0.2362	-1.7913	0.5431	
7.15	-1.4519	1.9207	0.1466	0.3112	-1.9432	0.1293	
7.16	-1.0083	1.7963	0.2317	0.8143	-1.7834	-0.4023	
7.17	-0.6344	1.6712	0.2489	1.114	-0.9731	-0.8746	
7.18	-0.4084	1.6867	0.1474	1.0744	-0.2176	-0.9849	
7.19	-0.4988	1.3811	-0.0569	0.6687	-0.0178	-0.9174	
7.2	-0.7598	1.3442	-0.3021	0.1811	-0.4531	-0.647	
7.21	-1.1509	1.0564	-0.6395	-0.3608	-1.1402	-0.0823	
7.22	-1.6555	1.0205	-1.0147	-0.7735	-1.9086	0.4975	
7.23	-2.0312	0.9362	-1.4203	-0.8682	-1.9199	0.88	
7.24	-2.0302	0.8637	-1.4854	-0.7869	-1.4294	1.039	
7.25	-1.9333	0.6902	-1.7782	-0.4739	-0.5989	0.8845	
7.26	-1.9936	0.6808	-1.718	0.0841	0.0125	0.5994	
7.27	-1.2975	0.5661	-1.6976	0.635	0.1424	0.0365	
7.28	-0.8435	0.5368	-1.3714	0.9658	-0.3169	-0.4395	
7.29	-0.3164	0.5211	-1.3244	0.8888	-0.9911	-0.6987	
7.3	0.0056	0.5962	-1.0044	0.6827	-1.5281	-0.6793	
7.31	0.1384	0.5408	-0.6055	0.2684	-1.6663	-0.2894	
7.32	0.0216	0.6521	-0.2084	-0.2789	-1.1571	0.2161	
7.33	-0.2918	0.6124	0.0959	-0.7389	-0.3055	0.7615	
7.34	-0.7356	0.7009	0.319	-1.1127	0.2455	1.2111	
7.35	-1.1514	0.8455	0.4352	-1.0921	0.3244	1.5294	
7.36	-1.477	0.9191	0.5063	-0.7234	-0.1885	1.4425	
7.37	-1.6527	0.981	0.341	-0.2006	-0.9635	0.9777	
7.38	-1.5001	1.1535	0.1987	0.3219	-1.5197	0.4425	
7.39	-1.2057	1.2612	-0.0645	0.6873	-1.3614	-0.0481	
7.4	-0.6696	1.2853	-0.3353	0.9086	-0.7781	-0.3319	
7.41	-0.1158	1.3265	-0.6991	0.7512	-0.0149	-0.3323	
7.42	0.3805	1.6486	-1.0077	0.3073	0.5784	-0.0295	
7.43	0.704	1.5377	-1.1468	-0.1976	0.5276	0.5436	
7.44	0.6922	1.7068	-1.2188	-0.7345	-0.0347	1.1306	
7.45	0.5724	1.8401	-1.3412	-1.0238	-0.7766	1.6088	
7.46	0.1724	1.7686	-1.1589	-1.22	-1.2428	1.6616	
7.47	-0.2653	1.8633	-0.9393	-0.9894	-1.0203	1.5181	
7.48	-0.6225	1.9467	-0.5633	-0.5588	-0.4816	1.2201	
7.49	-0.9387	2.1165	-0.2704	-0.0047	0.3403	0.7793	
7.5	-0.9703	2.0215	0.1035	0.4429	0.8332	0.2954	
7.51	-0.9328	1.871	0.4727	0.717	0.6725	-0.0384	
7.52	-0.5233	2.0399	0.7817	0.6411	0.1421	-0.071	
7.53	-0.0269	1.8966	0.8489	0.303	-0.6024	0.2245	
7.54	0.4485	1.9571	1.0021	-0.1949	-0.9303	0.6764	
7.55	0.8293	1.8446	1.0668	-0.6798	-0.7597	1.2007	
7.56	1.0313	1.7009	0.8546	-1.2656	-0.1098	1.6712	
7.57	1.0864	1.3576	0.5636	-1.3679	0.6502	2.1418	
7.58	0.8674	1.4564	0.3019	-1.1815	1.2211	1.9703	
7.59	0.4803	1.2087	0.0032	-0.8943	0.9834	1.6771	
7.6	0.0256	1.0398	-0.3254	-0.3416	0.3082	0.9996	
7.61	-0.4071	0.908	-0.5753	0.1571	-0.3711	0.5699	
7.62	-0.6484	0.8121	-0.8521	0.4732	-0.7235	0.1803	
7.63	-0.719	0.6018	-0.9052	0.5999	-0.4986	0.1171	
7.64	-0.5239	0.3964	-0.8362	0.3403	0.2843	0.3962	
7.65	-0.1187	0.2521	-0.7514	-0.153	0.9359	0.9148	
7.66	0.3497	0.0777	-0.583	-0.6695	1.4392	1.2808	
7.67	0.8528	-0.0869	-0.3851	-1.1555	1.1646	1.8012	
7.68	1.2231	-0.2182	-0.0471	-1.4818	0.4679	2.0016	
7.69	1.2628	-0.3931	0.2613	-1.4251	-0.1805	2.305	
7.7	1.3294	-0.4826	0.4979	-1.192	-0.4443	1.7004	
7.71	0.9462	-0.6039	0.8056	-0.6566	-0.1272	1.1855	
7.72	0.5031	-0.7048	0.8594	-0.1444	0.6566	0.7469	
7.73	0.0283	-0.8077	0.8129	0.2404	1.3607	0.3317	
7.74	-0.3874	-0.8627	0.8633	0.4352	1.736	0.2574	
7.75	-0.6353	-0.857	0.5623	0.2663	1.492	0.4428	
7.76	-0.6072	-0.8143	0.3136	-0.1162	0.6907	0.8083	
7.77	-0.432	-0.9672	-0.0477	-0.694	0.0098	1.3839	
7.78	-0.0181	-0.8757	-0.3955	-1.2841	-0.1833	2.1305	
7.79	0.4322	-0.8155	-0.7546	-1.4705	0.2213	2.4311	
7.8	0.9551	-0.7459	-1.0363	-1.7668	1.051	2.2022	
7.81	1.1486	-0.6704	-1.4048	-1.4198	1.7734	2.0063	
7.82	1.249	-0.6036	-1.5839	-0.9654	1.9648	1.2703	
7.83	1.207	-0.5844	-1.3856	-0.4117	1.536	0.8801	
7.84	0.7231	-0.4934	-1.2321	0.0367	0.8576	0.3781	
7.85	0.2374	-0.3839	-1.1025	0.321	0.1961	0.2691	
7.86	-0.2686	-0.3182	-1.0105	0.2928	0.087	0.4326	
7.87	-0.6041	-0.2008	-0.648	-0.0366	0.5514	0.8548	
7.88	-0.8872	-0.0894	-0.4101	-0.5657	1.4504	1.4701	
7.89	-0.8569	0.0002	-0.1319	-1.1282	2.1281	2.0382	
7.9	-0.551	0.0914	0.0362	-1.3968	2.2628	2.3045	
7.91	-0.1746	0.179	0.1028	-1.7542	1.7842	2.2835	
7.92	0.2925	0.2389	0.0818	-1.4474	0.9603	1.8347	
7.93	0.73	0.3136	-0.0578	-1.1993	0.3748	1.3231	
7.94	0.9391	0.33	-0.2896	-0.7012	0.3733	0.7523	
7.95	0.9869	0.3254	-0.6359	-0.1324	0.8631	0.4359	
7.96	0.6931	0.3374	-1.011	0.2151	1.8248	0.2126	
7.97	0.2403	0.3535	-1.3694	0.3129	2.0847	0.3395	
7.98	-0.2327	0.3217	-1.8469	0.0804	2.2876	0.7465	
7.99	-0.8064	0.2786	-2.1152	-0.3291	1.9921	1.4054	
8.0	-1.1691	0.1934	-2.1111	-0.9772	1.1526	1.8316	
8.01	-1.389	0.122	-2.0472	-1.4784	0.5438	1.9541	
8.02	-1.1397	0.0247	-2.2583	-1.596	0.5312	1.9826	
8.03	-1.001	-0.098	-2.1148	-1.6483	1.2347	1.8028	
8.04	-0.5481	-0.1969	-1.8306	-1.434	1.9518	1.2682	
8.05	-0.0629	-0.3319	-1.475	-0.7734	2.4663	0.8358	
8.06	0.3132	-0.5445	-1.2298	-0.2478	2.6639	0.3241	
8.07	0.4485	-0.6484	-0.91	0.1683	2.0396	0.0973	
8.08	0.4092	-0.8988	-0.6177	0.36	1.1952	0.1846	
8.09	0.1528	-0.9129	-0.5343	0.2838	0.6727	0.5294	
8.1	-0.3242	-1.1712	-0.4246	-0.1078	0.7834	1.0823	
8.11	-0.8725	-1.2693	-0.424	-0.6423	1.386	1.7601	
8.12	-1.3462	-1.5996	-0.5671	-1.1189	2.2076	2.0758	
8.13	-1.7393	-1.52	-0.7587	-1.4398	2.4408	1.8648	
8.14	-1.875	-1.8869	-1.0175	-1.4597	2.3509	1.8603	
8.15	-1.5772	-1.793	-1.3084	-1.4074	1.7924	1.2087	
8.16	-1.2972	-2.1345	-1.771	-0.781	1.285	0.6915	
8.17	-0.8538	-2.1828	-1.8504	-0.2723	0.8705	0.172	
8.18	-0.3935	-2.1846	-2.3078	0.191	1.0166	-0.0703	
8.19	-0.0632	-2.2859	-2.4294	0.4673	1.6332	0.0011	
8.2	0.0747	-2.2458	-2.36	0.496	2.2674	0.3362	
8.21	-0.0296	-2.2022	-2.1149	0.2253	3.0616	0.783	
8.22	-0.318	-2.1502	-1.9971	-0.2391	2.4655	1.2764	
8.23	-0.7989	-2.393	-1.667	-0.8314	2.0959	1.7329	
8.24	-1.4233	-2.493	-1.1943	-1.2136	1.1177	1.9761	
8.25	-1.9377	-2.4387	-0.7711	-1.472	0.8886	1.5845	
8.26	-1.9751	-2.1544	-0.4295	-1.1403	1.0071	1.064	
8.27	-2.0318	-2.2111	-0.1079	-0.7451	1.6498	0.52	
8.28	-1.7499	-1.9473	0.1144	-0.2602	2.4458	0.0078	
8.29	-1.43	-1.8821	0.2689	0.273	3.063	-0.2485	
8.3	-0.9841	-1.7714	0.2565	0.6941	2.714	-0.2408	
8.31	-0.557	-1.703	0.1862	0.8377	1.8667	0.0875	
8.32	-0.2433	-1.617	0.0233	0.6171	1.1644	0.6026	
8.33	-0.17	-1.3875	-0.2033	0.1843	0.8229	1.053	
8.34	-0.3104	-1.3448	-0.4257	-0.3639	1.24	1.3668	
8.35	-0.5951	-1.2238	-0.6542	-0.846	1.8491	1.6542	
8.36	-1.1179	-1.0934	-0.9375	-0.9992	2.5694	1.3442	
8.37	-1.7465	-1.0042	-0.9433	-0.9977	2.5871	0.9695	
8.38	-2.0674	-0.9499	-1.0315	-0.6658	2.6214	0.3688	
8.39	-2.1674	-0.9364	-0.9537	-0.1536	1.71	-0.1695	
8.4	-2.2905	-0.8801	-0.714	0.3834	1.1025	-0.5216	
8.41	-2.0108	-0.7667	-0.4424	0.8642	0.8138	-0.4612	
8.42	-1.3779	-0.6846	-0.0852	1.164	1.1358	-0.1614	
8.43	-0.8969	-0.6717	0.3024	1.1014	2.0179	0.3185	
8.44	-0.462	-0.7592	0.7523	0.6878	2.6748	0.8805	
8.45	-0.2138	-0.7204	1.1839	0.184	3.0687	1.162	
8.46	-0.1434	-0.8224	1.4955	-0.3387	2.5384	1.3725	
8.47	-0.3203	-0.8022	1.5768	-0.7018	1.5906	1.1176	
8.48	-0.6258	-0.9253	1.6467	-0.7242	0.8631	0.7113	
8.49	-1.2031	-0.9902	1.8527	-0.4329	0.8269	0.1661	
8.5	-1.6318	-1.134	1.6728	0.0088	1.2623	-0.3407	
8.51	-1.9076	-1.2403	1.4868	0.6319	1.7924	-0.6378	
8.52	-1.8859	-1.3104	1.256	1.0985	2.5194	-0.6626	
8.53	-1.9479	-1.4072	1.0125	1.4149	2.7342	-0.4517	
8.54	-1.4153	-1.509	0.8435	1.4843	2.1859	0.0686	
8.55	-1.0296	-1.826	0.639	1.1926	1.5155	0.5597	
8.56	-0.5724	-1.8752	0.5093	0.8	0.8209	1.0233	
8.57	-0.1071	-1.8977	0.4285	0.2212	0.7339	1.2081	
8.58	0.1424	-2.2098	0.5338	-0.1822	1.1914	1.0	
8.59	0.1936	-2.1116	0.7026	-0.3523	1.8975	0.6697	
8.6	-0.009	-2.239	1.1042	-0.177	2.4359	0.0468	
8.61	-0.3807	-2.501	1.4153	0.1974	2.5367	-0.4659	
8.62	-0.8396	-2.68	1.7582	0.8202	1.8025	-0.9055	
8.63	-1.2785	-2.7948	2.1831	1.2816	1.1982	-0.8597	
8.64	-1.5727	-2.8755	2.454	1.5899	0.5961	-0.5628	
8.65	-1.6669	-2.5168	2.9146	2.0218	0.5546	-0.1353	
8.66	-1.3003	-2.599	2.5895	1.7405	1.1131	0.4237	
8.67	-0.9449	-2.7042	2.7577	1.2953	1.9561	0.7902	
8.68	-0.4222	-2.971	3.0842	0.7757	2.0833	0.994	
8.69	0.092	-2.5483	2.4891	0.3021	2.1829	0.8332	
8.7	0.5041	-2.8268	2.4717	0.0725	1.6017	0.5043	
8.71	0.7978	-2.6601	2.1891	0.1101	0.8357	-0.0256	
8.72	0.6516	-2.5878	1.6226	0.3947	0.2897	-0.5243	
8.73	0.5282	-2.1597	1.3204	0.8667	0.3067	-0.9183	
8.74	0.104	-2.2165	1.068	1.6225	0.9496	-0.9071	
8.75	-0.3477	-2.1036	1.0982	1.9439	1.5906	-0.7231	
8.76	-0.7575	-2.0956	0.9953	2.2465	2.2318	-0.3255	
8.77	-0.982	-1.8185	0.9082	2.1124	2.0141	0.24	
8.78	-0.8962	-1.6747	1.1659	1.8215	1.1963	0.7489	
8.79	-0.6617	-1.4016	1.3862	1.3897	0.537	0.9225	
8.8	-0.2331	-1.3715	1.6548	0.8522	0.0126	0.7767	
8.81	0.3196	-1.1202	1.9401	0.4514	0.1069	0.4491	
8.82	0.7573	-1.1672	2.0543	0.4221	0.6646	-0.0422	
8.83	1.2061	-0.9196	2.5277	0.5587	1.5489	-0.5654	
8.84	1.2865	-0.8423	2.5044	1.173	1.7139	-0.9355	
8.85	1.212	-0.6668	2.6043	1.7054	1.7288	-1.1081	
8.86	1.059	-0.6181	2.4647	2.3387	0.8845	-0.8863	
8.87	0.6537	-0.5492	2.4271	2.6574	0.1309	-0.4213	
8.88	0.1753	-0.4316	2.0562	2.5596	-0.311	0.1728	
8.89	-0.1561	-0.3959	1.6149	2.1491	-0.1144	0.6872	
8.9	-0.3371	-0.3695	1.3341	1.6014	0.5709	0.9609	
8.91	-0.2336	-0.364	0.9063	1.3191	1.3101	0.9097	
8.92	0.0426	-0.3761	0.5803	0.865	1.4097	0.5636	
8.93	0.5018	-0.3462	0.2798	0.6735	1.2886	0.0192	
8.94	1.0831	-0.3762	0.1076	0.7426	0.475	-0.5682	
8.95	1.4296	-0.4804	0.0174	1.0438	-0.2603	-0.978	
8.96	1.76	-0.5277	0.0342	1.729	-0.6674	-0.9393	
8.97	1.9338	-0.5411	0.1572	2.404	-0.354	-0.9204	
8.98	1.6957	-0.7327	0.3327	2.5142	0.3032	-0.4033	
8.99	1.5238	-0.7191	0.6026	2.7411	1.0329	0.1503	
9.0	0.9955	-0.8748	0.8077	2.8136	1.2342	0.6232	
9.01	0.6514	-0.9142	1.0808	1.9898	0.8545	0.9526	
9.02	0.2948	-1.1489	1.1392	1.728	0.0799	0.8943	
9.03	0.138	-1.0866	1.2909	1.1544	-0.6995	0.6035	
9.04	0.276	-1.2765	1.3052	0.897	-1.0001	0.1463	
9.05	0.5759	-1.2776	1.2313	0.9042	-0.602	-0.4101	
9.06	1.1202	-1.4178	0.8771	1.1638	0.068	-0.7502	
9.07	1.4402	-1.6397	0.6417	1.4759	0.7042	-0.8933	
9.08	1.9791	-1.6101	0.2603	2.2986	0.8686	-0.8119	
9.09	2.2637	-1.7959	-0.1332	2.86	0.454	-0.3329	
9.1	2.0706	-1.7668	-0.5304	2.9338	-0.3741	0.2337	
9.11	2.2363	-1.6684	-0.918	2.4922	-1.1488	0.7854	
9.12	1.7446	-1.6846	-1.0454	2.2691	-1.2368	1.048	
9.13	1.136	-1.6206	-1.3328	1.7792	-0.8407	1.0747	
9.14	0.7074	-1.6538	-1.3386	1.2982	-0.1632	0.8118	
9.15	0.4522	-1.4915	-1.1639	1.0436	0.4231	0.3554	
9.16	0.3333	-1.5357	-1.1144	0.8916	0.5196	-0.1849	
9.17	0.5024	-1.38	-0.8613	1.0768	0.0382	-0.6493	
9.18	0.7561	-1.3573	-0.5549	1.5098	-0.6939	-0.7877	
9.19	1.2122	-1.2323	-0.2751	2.003	-1.5581	-0.6024	
9.2	1.7117	-1.1255	-0.0482	2.4765	-1.4611	-0.2052	
9.21	2.3022	-0.9705	0.1345	2.8548	-1.0921	0.3418	
9.22	2.2952	-0.7731	0.2386	2.6971	-0.3972	0.8846	
9.23	2.086	-0.5917	0.2539	2.4625	0.1695	1.3896	
9.24	2.1886	-0.4597	0.1209	1.9237	0.1894	1.4555	
9.25	1.4265	-0.3382	-0.0847	1.4657	-0.3575	1.0986	
9.26	1.1057	-0.1394	-0.3996	0.9447	-1.0806	0.6286	
9.27	0.6811	0.0181	-0.7412	0.7427	-1.876	0.0875	
9.28	0.3135	0.1922	-1.082	0.9164	-1.922	-0.3573	
9.29	0.2712	0.3278	-1.2869	1.2383	-1.4412	-0.5388	
9.3	0.4672	0.4486	-1.8025	1.8239	-0.5496	-0.4389	
9.31	0.8166	0.6163	-1.9827	2.1742	-0.0811	-0.0105	
9.32	1.2661	0.7224	-1.959	2.6792	-0.1286	0.5853	
9.33	1.7464	0.8387	-1.732	2.8034	-0.8089	1.0923	
9.34	1.9353	0.9077	-1.7609	2.6552	-1.537	1.6212	
9.35	2.2529	0.9374	-1.3675	2.1677	-2.1702	1.5259	
9.36	1.8335	1.0216	-1.1984	1.517	-2.2824	1.3997	
9.37	1.8185	1.0059	-0.8711	0.9303	-1.5298	0.8814	
9.38	1.2474	1.2101	-0.4307	0.5553	-0.7498	0.4269	
9.39	0.6506	1.032	-0.1584	0.5193	-0.3312	-0.0514	
9.4	0.2365	1.1077	0.05	0.8108	-0.461	-0.2387	
9.41	-0.0257	1.0709	0.1766	1.3225	-1.0396	-0.168	
9.42	-0.0486	0.9913	0.2063	1.7678	-1.9101	0.2072	
9.43	0.1486	0.9222	0.1156	2.1717	-2.5383	0.7049	
9.44	0.5387	0.8426	-0.0586	2.5679	-2.3533	1.4288	
9.45	0.8942	0.8038	-0.3055	2.3812	-1.6149	1.7862	
9.46	1.3933	0.6907	-0.6554	1.6901	-0.8487	1.971	
9.47	1.7394	0.5983	-0.9799	1.2391	-0.5232	1.5304	
9.48	1.7279	0.4312	-1.0678	0.6889	-0.768	1.323	
9.49	1.6593	0.335	-1.2996	0.3448	-1.2809	0.6573	
9.5	1.0726	0.2925	-1.5125	0.1936	-2.34	0.2604	
9.51	0.6602	0.1731	-1.5578	0.2994	-2.7776	0.0228	
9.52	0.1048	0.0915	-1.2788	0.7246	-2.3023	0.0846	
9.53	-0.3244	0.0058	-1.1401	1.2476	-1.7034	0.4441	
9.54	-0.4815	-0.0573	-0.9556	1.7044	-1.0734	1.0832	
9.55	-0.5305	-0.1083	-0.5031	2.136	-0.7126	1.6029	
9.56	-0.2384	-0.163	-0.174	2.0915	-0.9095	2.1092	
9.57	0.1705	-0.174	0.1878	1.7698	-1.7714	2.267	
9.58	0.6298	-0.2093	0.4336	1.0263	-2.5973	2.1561	
9.59	0.954	-0.1663	0.7276	0.47	-2.6226	1.4316	
9.6	1.123	-0.1479	0.7191	0.0251	-2.3064	1.0754	
9.61	1.1785	-0.0977	0.7852	-0.2306	-1.6674	0.5401	
9.62	0.9728	-0.0434	0.72	-0.1972	-1.084	0.3263	
9.63	0.5395	0.0404	0.4863	0.133	-0.7969	0.3084	
9.64	0.0434	0.1466	0.2209	0.6589	-1.1755	0.7183	
9.65	-0.4054	0.268	-0.1014	1.1725	-2.0752	1.1035	
9.66	-0.7466	0.3519	-0.4262	1.4728	-2.8544	1.8527	
9.67	-0.904	0.4864	-0.6424	1.5374	-2.9646	2.4042	
9.68	-0.8321	0.6653	-0.876	1.1891	-2.4637	2.4004	
9.69	-0.6031	0.8798	-1.0092	0.7801	-1.9471	2.3601	
9.7	-0.1131	1.0433	-0.9741	0.2381	-1.1062	1.8259	
9.71	0.3644	1.2241	-0.8774	-0.3277	-0.8723	1.4699	
9.72	0.7087	1.3638	-0.617	-0.6186	-1.2182	0.7701	
9.73	0.9684	1.5183	-0.4123	-0.6799	-2.1595	0.5123	
9.74	0.9143	1.628	-0.0692	-0.5223	-2.8097	0.5569	
9.75	0.514	1.7133	0.2528	-0.0748	-2.7274	0.8937	
9.76	0.1235	2.0091	0.5457	0.4386	-2.7096	1.2563	
9.77	-0.3786	1.8719	0.7751	0.8972	-1.8233	1.8951	
9.78	-0.7816	1.9338	0.9453	1.0076	-1.246	2.545	
9.79	-1.051	2.4054	0.9969	0.859	-0.9694	2.5219	
9.8	-1.3151	2.3172	0.912	0.5105	-1.3836	2.5448	
9.81	-1.0283	2.4074	0.6942	-0.0735	-2.3657	1.9511	
9.82	-0.6447	2.4986	0.4324	-0.6997	-2.5902	1.6289	
9.83	-0.2029	2.5433	0.1386	-1.1138	-2.7536	1.1596	
9.84	0.2372	2.4289	-0.2241	-1.2818	-2.6871	0.7093	
9.85	0.6633	2.1703	-0.6067	-1.0966	-1.6814	0.7332	
9.86	0.8157	2.3227	-0.7985	-0.7608	-0.9982	0.8885	
9.87	0.6572	2.276	-1.001	-0.2585	-0.9843	1.4443	
9.88	0.3802	2.1091	-1.1148	0.1996	-1.6476	2.1799	
9.89	-0.0564	2.1974	-1.1388	0.4835	-2.1428	2.3844	
9.9	-0.4891	2.1283	-1.1148	0.4516	-2.7613	2.7278	
9.91	-0.9479	1.8885	-0.9333	0.1494	-2.6618	2.6276	
9.92	-1.2407	1.798	-0.7783	-0.3344	-2.5155	2.1805	
9.93	-1.141	1.6549	-0.4047	-0.8833	-1.5773	1.9157	
9.94	-0.8982	1.5334	-0.1435	-1.3973	-1.0407	1.1467	
9.95	-0.4878	1.3717	0.1304	-1.7077	-0.8668	0.9523	
9.96	0.0067	1.3851	0.2894	-1.6511	-1.6396	0.7425	
9.97	0.525	1.2498	0.4074	-1.4198	-2.0637	1.1192	
9.98	0.76	1.0636	0.3644	-0.9604	-2.9774	1.6517	
9.99	0.8835	0.9774	0.2551	-0.4232	-2.5059	2.137	
10.0	0.8243	0.9983	0.0069	-0.0464	-1.9899	2.6402	
10.01	0.4975	0.8249	-0.3003	0.0426	-1.2942	2.5905	
10.02	0.0644	0.868	-0.6287	-0.1723	-0.8856	2.474	
10.03	-0.4073	0.7371	-1.0447	-0.6298	-0.7961	2.2428	
10.04	-0.7477	0.6396	-1.4715	-1.2598	-1.4082	1.8705	
10.05	-0.8963	0.7222	-1.8122	-1.7321	-2.1375	1.249	
10.06	-0.8267	0.644	-1.9775	-2.1563	-2.8469	0.8673	
10.07	-0.5341	0.7007	-1.9994	-2.0803	-2.5851	0.8574	
10.08	-0.0295	0.6632	-1.843	-2.0152	-1.6989	0.9282	
10.09	0.5207	0.7856	-1.9596	-1.6008	-1.1067	1.3926	
10.1	0.9826	0.8936	-1.6441	-0.984	-0.6593	1.8922	
10.11	1.2816	1.0011	-1.3293	-0.5831	-0.7072	2.2558	
10.12	1.4096	1.0086	-1.1003	-0.303	-1.3947	2.6879	
10.13	1.1091	1.0115	-0.734	-0.4051	-2.1678	2.7567	
10.14	0.8248	1.1575	-0.5313	-0.7812	-2.697	2.2521	
10.15	0.4154	1.2441	-0.3453	-1.4216	-2.1529	1.9106	
10.16	-0.0005	1.5398	-0.248	-1.8708	-1.4959	1.2419	
10.17	-0.2661	1.6021	-0.308	-2.449	-0.7847	0.9048	
10.18	-0.4173	1.9095	-0.3854	-2.6207	-0.3556	0.6633	
10.19	-0.234	1.9773	-0.5845	-2.2044	-0.5438	0.9432	
10.2	0.12	1.9796	-0.9816	-2.1078	-1.3264	1.3338	
10.21	0.5954	1.9722	-1.3238	-1.3711	-1.843	1.7266	
10.22	1.1538	2.2944	-1.6689	-0.977	-2.3513	2.3779	
10.23	1.6807	2.2849	-1.7852	-0.6042	-1.8676	2.806	
10.24	1.7354	2.3523	-2.0175	-0.6287	-1.3214	2.7186	
10.25	1.9905	2.6699	-2.2002	-0.8216	-0.4368	2.0964	
10.26	1.5318	2.4022	-2.3066	-1.3994	-0.1274	1.894	
10.27	1.2109	2.7783	-2.1832	-2.1427	-0.3595	1.1985	
10.28	0.8429	2.6796	-1.8061	-2.3756	-1.1573	0.6964	
10.29	0.4929	2.5578	-1.5666	-2.4177	-1.6405	0.515	
10.3	0.2377	2.6221	-1.2723	-2.5103	-2.1383	0.7488	
10.31	0.2051	2.4339	-0.9926	-2.1256	-1.6755	1.1265	
10.32	0.4162	2.5154	-0.5832	-1.9517	-0.8917	1.4631	
10.33	0.8646	2.345	-0.2498	-1.2466	-0.1204	2.114	
10.34	1.3384	2.3987	-0.048	-0.9392	0.1508	2.2887	
10.35	1.9301	2.3374	0.0843	-0.7131	-0.1698	2.4472	
10.36	2.4527	1.8979	0.1012	-0.9442	-0.8653	2.1842	
10.37	2.5739	1.8237	0.0086	-1.384	-1.5831	1.5865	
10.38	2.3513	1.8881	-0.1732	-1.8923	-1.7785	1.0356	
10.39	1.9528	1.5908	-0.3829	-2.4501	-1.2824	0.5317	
10.4	1.9165	1.6157	-0.6882	-2.9521	-0.4074	0.328	
10.41	1.3028	1.3179	-0.9527	-2.6111	0.2306	0.4186	
10.42	1.0198	1.2806	-1.0319	-2.2881	0.4344	0.7417	
10.43	0.7347	0.9761	-1.1763	-2.0209	0.0379	1.235	
10.44	0.7854	0.7976	-1.2129	-1.611	-0.6772	1.9058	
10.45	0.948	0.7865	-1.1833	-1.0386	-1.3539	2.1529	
10.46	1.2892	0.6689	-1.0699	-0.7788	-1.3715	2.1678	
10.47	1.8151	0.4901	-0.8614	-0.9078	-0.789	2.0182	
10.48	2.2814	0.4422	-0.431	-1.1462	-0.0466	1.4625	
10.49	2.897	0.2937	-0.0233	-1.5643	0.553	0.7919	
10.5	2.8867	0.2475	0.3686	-2.0073	0.7496	0.2903	
10.51	2.6827	0.1827	0.7379	-2.5536	0.2354	0.0139	
10.52	2.4942	0.1584	1.0711	-2.5761	-0.5082	0.071	
10.53	1.9674	0.1499	1.2358	-2.4841	-0.9506	0.4347	
10.54	1.5211	0.1467	1.4152	-2.0209	-1.043	0.997	
10.55	1.259	0.1502	1.3518	-1.7313	-0.447	1.4523	
10.56	1.02	0.1988	1.3793	-0.9985	0.3865	1.9309	
10.57	1.0778	0.2643	1.1218	-0.7482	0.8772	1.7798	
10.58	1.4101	0.2825	1.0434	-0.7123	1.0126	1.5796	
10.59	1.8385	0.381	0.7325	-0.8958	0.4775	0.9636	
10.6	2.1238	0.5156	0.5396	-1.2794	-0.2607	0.4406	
10.61	2.8046	0.5855	0.306	-1.9686	-0.7047	-0.0504	
10.62	3.1589	0.7009	0.2014	-2.5113	-0.6501	-0.3449	
10.63	2.8865	0.6986	0.1876	-2.7784	-0.0733	-0.3078	
10.64	2.9263	0.8081	0.2929	-2.5714	0.7816	0.0056	
10.65	2.6111	0.9462	0.5413	-2.1205	1.1628	0.5117	
10.66	2.0547	1.0756	0.806	-1.5348	1.3303	1.0111	
10.67	1.4742	1.0764	1.1438	-0.9693	0.6253	1.3355	
10.68	1.1231	1.395	1.4879	-0.6274	-0.0482	1.3828	
10.69	0.8947	1.3525	1.7858	-0.4065	-0.4717	1.2716	
10.7	1.0109	1.3967	2.3504	-0.5351	-0.3689	0.7266	
10.71	1.2223	1.5298	2.5689	-1.0193	0.3432	0.1471	
10.72	1.9019	1.4149	2.6317	-1.5729	1.2166	-0.3864	
10.73	2.2063	1.6185	2.7507	-2.0752	1.6604	-0.6544	
10.74	2.6666	1.4713	2.9069	-2.1257	1.4442	-0.6526	
10.75	2.8888	1.3563	2.6756	-2.051	0.7899	-0.4326	
10.76	2.608	1.5555	2.5396	-1.9019	0.1411	0.069	
10.77	2.6308	1.2663	2.1445	-1.4723	-0.2234	0.6011	
10.78	2.1788	1.2267	1.5608	-0.9045	-0.0232	1.0513	
10.79	1.6471	1.2818	1.3212	-0.4545	0.7302	0.9872	
10.8	0.9827	1.0734	1.2158	-0.1731	1.5457	0.8669	
10.81	0.7989	1.0199	0.9631	-0.1862	1.7415	0.4259	
10.82	0.6756	0.9443	1.0829	-0.5258	1.7703	-0.1624	
10.83	0.8006	0.7259	1.1371	-0.9565	1.0862	-0.7411	
10.84	1.083	0.5795	1.2565	-1.5305	0.3111	-1.037	
10.85	1.4195	0.3879	1.3667	-1.9222	-0.0074	-1.0283	
10.86	1.7333	0.2378	1.8462	-2.0051	0.2854	-0.8117	
10.87	2.2729	0.0706	2.1367	-1.7214	1.0559	-0.3193	
10.88	2.4472	-0.0932	2.4625	-1.3325	1.6467	0.1716	
10.89	2.4264	-0.2466	2.5316	-0.7866	2.1428	0.6202	
10.9	1.8407	-0.4355	2.9695	-0.231	1.6541	0.7393	
10.91	1.399	-0.619	3.069	0.1234	1.18	0.5382	
10.92	0.94	-0.7023	2.8468	0.2144	0.4884	0.1035	
10.93	0.4696	-0.7756	2.5473	-0.016	0.1917	-0.4615	
10.94	0.2191	-0.9472	2.4418	-0.4075	0.501	-0.9721	
10.95	0.1297	-1.126	1.9944	-0.8913	1.2553	-1.2791	
10.96	0.2804	-1.092	1.7558	-1.3947	1.9931	-1.3125	
10.97	0.661	-1.1749	1.2474	-1.4915	2.276	-1.2993	
10.98	1.1633	-1.2096	0.8403	-1.6372	1.8727	-0.6706	
10.99	1.4796	-1.3081	0.564	-1.0818	1.2599	-0.1951	
11.0	1.6343	-1.3653	0.3701	-0.5897	0.5719	0.2169	
11.01	1.6659	-1.3636	0.3207	-0.0574	0.3823	0.374	
11.02	1.7528	-1.1493	0.3521	0.3981	0.7582	0.2583	
11.03	1.3979	-1.2881	0.4335	0.5149	1.5628	-0.1327	
11.04	0.7739	-1.2442	0.5846	0.4493	2.2747	-0.6672	
11.05	0.3245	-1.0931	0.9631	0.0697	2.3091	-1.3146	
11.06	-0.1215	-1.0511	1.1546	-0.4738	1.8232	-1.5842	
11.07	-0.3488	-0.9317	1.3981	-0.9128	1.2673	-1.8622	
11.08	-0.4418	-0.8016	1.574	-1.2419	0.6588	-1.573	
11.09	-0.1825	-0.7744	1.531	-1.2846	0.5423	-1.0938	
11.1	0.1777	-0.6082	1.7558	-0.9488	0.9011	-0.5466	
11.11	0.618	-0.4829	1.3915	-0.4423	1.9283	-0.0646	
11.12	0.9934	-0.3816	1.3924	0.1001	2.3982	0.1538	
11.13	1.3976	-0.3154	0.9366	0.6215	2.6792	0.0416	
11.14	1.4452	-0.2143	0.5527	0.8783	1.8473	-0.3527	
11.15	1.1401	-0.1407	0.1838	0.8192	1.1471	-0.9288	
11.16	0.693	-0.075	-0.2145	0.5611	0.686	-1.3858	
11.17	0.2369	-0.0133	-0.5634	0.0647	0.6567	-1.7477	
11.18	-0.2986	0.0292	-0.8757	-0.4616	1.1233	-1.9619	
11.19	-0.664	0.0568	-1.0733	-0.828	1.8941	-1.7188	
11.2	-0.9071	0.0658	-1.2247	-0.9956	2.5193	-1.365	
11.21	-0.8794	0.0531	-1.134	-0.743	2.4828	-0.7922	
11.22	-0.5199	0.03	-0.9552	-0.367	2.0896	-0.2813	
11.23	-0.1061	-0.0143	-0.7777	0.1899	1.2975	-0.0418	
11.24	0.3204	-0.0752	-0.4832	0.7343	0.7193	-0.1035	
11.25	0.6849	-0.1612	-0.2039	0.9926	0.7225	-0.4661	
11.26	0.9806	-0.2622	0.0547	1.1755	1.2323	-0.9411	
11.27	1.005	-0.3354	0.2453	0.9008	2.1493	-1.6812	
11.28	0.799	-0.4621	0.3574	0.5503	2.5965	-1.9829	
11.29	0.3553	-0.6198	0.3278	-0.0087	2.5011	-2.2763	
11.3	-0.1721	-0.7032	0.2115	-0.418	2.0487	-1.8998	
11.31	-0.6632	-0.8579	-0.0138	-0.6865	1.049	-1.4066	
11.32	-0.9758	-1.1572	-0.3054	-0.6042	0.6291	-0.9931	
11.33	-1.1149	-1.2847	-0.6173	-0.3143	0.7682	-0.4361	
11.34	-0.9431	-1.5046	-0.9997	0.25	1.3828	-0.1391	
11.35	-0.6447	-1.3934	-1.3692	0.8401	2.0491	-0.1583	
11.36	-0.1289	-1.8297	-1.5991	1.1759	2.4259	-0.4671	
11.37	0.363	-1.9483	-1.7695	1.4546	2.4124	-1.0547	
11.38	0.767	-1.8402	-1.8192	1.3209	1.8534	-1.535	
11.39	0.9179	-1.9087	-2.1536	0.7994	1.0199	-2.0627	
11.4	0.9719	-2.221	-1.9949	0.3919	0.4966	-2.2436	
11.41	0.607	-2.3446	-1.4863	-0.1313	0.7022	-1.823	
11.42	0.2228	-2.2149	-1.3577	-0.434	1.4484	-1.4982	
11.43	-0.2557	-2.4075	-0.9983	-0.4959	2.1775	-0.9014	
11.44	-0.708	-2.3589	-0.6155	-0.2743	2.4112	-0.5078	
11.45	-0.8504	-2.4231	-0.4162	0.2126	2.0937	-0.182	
11.46	-0.9345	-2.3237	-0.1627	0.7272	1.475	-0.1551	
11.47	-0.7639	-2.4773	-0.03	1.3101	0.8274	-0.4503	
11.48	-0.3709	-2.1474	-0.0044	1.4053	0.3926	-0.8984	
11.49	0.1201	-2.3076	-0.0912	1.4194	0.6116	-1.3777	
11.5	0.5995	-2.3073	-0.2467	1.073	1.2151	-1.8919	
11.51	0.8903	-2.3471	-0.474	0.6941	2.2101	-2.0751	
11.52	1.1032	-2.066	-0.8157	0.1075	2.157	-1.84	
11.53	1.0888	-1.9939	-1.2195	-0.2902	2.0914	-1.4288	
11.54	0.8166	-1.6794	-1.4741	-0.4918	1.2797	-1.0722	
11.55	0.3499	-1.5644	-1.5045	-0.345	0.5703	-0.5061	
11.56	-0.0833	-1.5627	-1.8078	0.078	0.2767	-0.1229	
11.57	-0.4823	-1.534	-1.7542	0.6306	0.6333	-0.073	
11.58	-0.6033	-1.3245	-1.631	1.2285	1.3727	-0.358	
11.59	-0.6	-1.1957	-1.6225	1.3549	1.9275	-0.7861	
11.6	-0.3499	-0.9685	-1.1666	1.4017	2.3427	-1.416	
11.61	0.1002	-0.9291	-0.8227	1.3909	1.9851	-1.9416	
11.62	0.6086	-0.8444	-0.4821	0.916	1.1536	-1.9423	
11.63	1.1906	-0.7454	-0.1337	0.2939	0.3857	-1.9659	
11.64	1.4942	-0.7205	0.1824	-0.1724	0.1373	-1.5609	
11.65	1.6389	-0.625	0.4071	-0.4514	0.5178	-0.976	
11.66	1.4284	-0.6236	0.537	-0.4056	1.1949	-0.3856	
11.67	1.0469	-0.5583	0.5319	-0.0897	1.9664	-0.0095	
11.68	0.6967	-0.537	0.5106	0.4029	2.0846	0.07	
11.69	0.2967	-0.5449	0.3106	0.8969	1.7064	-0.147	
11.7	-0.0487	-0.6583	0.0263	1.2765	0.8153	-0.6346	
11.71	-0.2018	-0.6912	-0.2487	1.5667	0.1374	-1.1884	
11.72	-0.097	-0.6746	-0.5909	1.2644	-0.0393	-1.4862	
11.73	0.25	-0.7656	-0.8479	0.9354	0.3856	-1.9016	
11.74	0.6591	-0.8758	-0.9522	0.4119	1.1132	-1.8398	
11.75	1.2972	-0.9178	-1.0785	-0.1041	1.8968	-1.476	
11.76	1.6579	-1.1242	-1.2247	-0.4608	1.7499	-0.8295	
11.77	1.922	-1.1318	-1.1088	-0.5142	1.2221	-0.2708	
11.78	2.0696	-1.3185	-0.8328	-0.3418	0.5278	0.144	
11.79	1.9839	-1.5775	-0.4695	0.1214	-0.1348	0.2798	
11.8	1.6086	-1.5111	-0.1943	0.671	-0.2135	0.0749	
11.81	1.0498	-1.6986	0.167	1.0488	0.2649	-0.3416	
11.82	0.7136	-1.802	0.4513	1.4115	1.027	-0.8412	
11.83	0.3654	-1.9715	0.7533	1.3414	1.5164	-1.3174	
11.84	0.2816	-2.1129	1.0019	0.9771	1.6839	-1.4987	
11.85	0.4484	-2.1817	1.0588	0.489	1.0606	-1.5707	
11.86	0.7704	-2.1688	1.0454	-0.051	0.2061	-1.2575	
11.87	1.2736	-2.144	0.7946	-0.5318	-0.3909	-0.6439	
11.88	1.7297	-2.5449	0.5903	-0.6113	-0.3704	-0.0839	
11.89	2.2126	-2.5885	0.2546	-0.594	0.1252	0.3278	
11.9	2.2716	-2.2129	-0.0851	-0.176	0.9624	0.5054	
11.91	2.4364	-2.2058	-0.4502	0.3465	1.4297	0.3039	
11.92	1.9977	-2.2239	-0.6884	0.8015	1.3488	-0.1037	
11.93	1.786	-2.4007	-0.9784	1.2091	0.6569	-0.6291	
11.94	1.2937	-2.4563	-1.0613	1.1443	-0.1072	-1.134	
11.95	0.8736	-2.3704	-1.0323	0.9394	-0.6381	-1.4697	
11.96	0.6901	-2.2324	-0.9941	0.5381	-0.6054	-1.3109	
11.97	0.538	-1.9343	-0.7513	-0.0226	0.0083	-1.0921	
11.98	0.6855	-1.9036	-0.5704	-0.5275	0.8195	-0.5402	
11.99	1.1526	-1.8007	-0.2532	-0.7429	1.2405	0.0762	
12.0	1.7659	-1.6428	0.0645	-0.7268	0.9746	0.4953	
12.01	1.9467	-1.3604	0.3085	-0.4635	0.347	0.6647	
12.02	2.7051	-1.2662	0.5507	0.0094	-0.4357	0.5012	
12.03	2.8602	-1.1218	0.6906	0.5889	-0.9272	0.1482	
12.04	2.5902	-0.8873	0.6302	0.9615	-0.803	-0.3912	
12.05	2.4175	-0.7464	0.5705	1.1833	-0.1051	-0.8243	
12.06	1.6653	-0.7133	0.3133	0.9727	0.5962	-1.1704	
12.07	1.2571	-0.487	0.0022	0.5502	0.9672	-1.1374	
12.08	0.9438	-0.4206	-0.3196	0.0219	0.7787	-0.9406	
12.09	0.6233	-0.2826	-0.6888	-0.491	0.0638	-0.3533	
12.1	0.587	-0.1775	-1.1285	-0.8222	-0.7333	0.2136	
12.11	0.8785	-0.0842	-1.262	-1.0121	-1.1443	0.671	
12.12	1.1917	-0.0205	-1.5713	-0.7573	-0.8847	0.8136	
12.13	1.6592	0.0299	-1.7603	-0.331	-0.1916	0.7731	
12.14	1.9121	0.0638	-1.6561	0.2212	0.4641	0.3501	
12.15	2.2865	0.0901	-1.6455	0.7583	0.738	-0.1519	
12.16	2.7382	0.0765	-1.3271	0.9025	0.5383	-0.6154	
12.17	2.2202	0.0575	-1.1607	0.9253	-0.216	-1.017	
12.18	2.1467	0.0281	-0.8758	0.603	-1.0314	-1.089	
12.19	1.379	-0.0277	-0.6156	0.0979	-1.4131	-0.7256	
12.2	0.8872	-0.0891	-0.3232	-0.4357	-1.0564	-0.2393	
12.21	0.5259	-0.1597	-0.1251	-0.8881	-0.2981	0.3138	
12.22	0.379	-0.2448	-0.0529	-1.1373	0.4053	0.7434	
12.23	0.3311	-0.3273	-0.0718	-1.0113	0.6152	1.0656	
12.24	0.6168	-0.4225	-0.1834	-0.642	0.2431	0.9464	
12.25	0.9075	-0.5082	-0.3939	-0.0606	-0.4468	0.554	
12.26	1.5607	-0.6762	-0.6971	0.4725	-1.1081	0.0377	
12.27	1.9814	-0.8268	-1.0516	0.8341	-1.5784	-0.4957	
12.28	2.1887	-0.9132	-1.3746	0.8186	-1.172	-0.908	
12.29	2.0643	-1.061	-1.5952	0.5915	-0.3618	-0.9917	
12.3	1.6934	-1.0482	-1.8876	0.2004	0.306	-0.6941	
12.31	1.4018	-1.1303	-2.3284	-0.3248	0.491	-0.2122	
12.32	0.8927	-1.0933	-1.9707	-0.8746	0.0357	0.4003	
12.33	0.393	-1.2527	-1.9544	-1.1085	-0.7805	0.8221	
12.34	0.0083	-1.2128	-2.0186	-1.0095	-1.3722	1.0961	
12.35	-0.1612	-1.3584	-1.768	-0.8068	-1.4533	1.0086	
12.36	-0.1071	-1.409	-1.2479	-0.2797	-1.0594	0.7434	
12.37	0.1361	-1.3747	-0.9739	0.2555	-0.4256	0.1573	
12.38	0.5502	-1.132	-0.6203	0.7163	0.2031	-0.3948	
12.39	0.9394	-1.2964	-0.341	0.8294	0.3343	-0.759	
12.4	1.2904	-1.2163	-0.1364	0.6806	-0.1663	-0.8541	
12.41	1.3664	-0.9813	-0.015	0.341	-0.8889	-0.6823	
12.42	1.524	-0.8326	-0.0024	-0.1565	-1.5412	-0.2172	
12.43	1.2471	-0.7081	-0.0931	-0.7334	-1.5348	0.3232	
12.44	0.7022	-0.686	-0.2902	-0.9608	-1.1914	0.8935	
12.45	0.1759	-0.529	-0.5125	-1.0833	-0.427	1.1431	
12.46	-0.3066	-0.3582	-0.7652	-0.8928	0.1516	1.0996	
12.47	-0.6707	-0.2053	-1.0675	-0.4298	0.1874	0.658	
12.48	-0.8628	-0.0278	-1.2222	0.1175	-0.3707	0.188	
12.49	-0.6417	0.1271	-1.6024	0.6501	-1.092	-0.3225	
12.5	-0.3783	0.337	-1.4247	0.8159	-1.6613	-0.7017	
12.51	0.0292	0.505	-1.4992	0.9335	-1.6591	-0.8435	
12.52	0.4737	0.5641	-1.22	0.5747	-1.0485	-0.7021	
12.53	0.8408	0.7522	-1.0393	0.099	-0.4153	-0.2741	
12.54	0.9855	0.9525	-0.6783	-0.3929	0.1476	0.2228	
12.55	0.7322	1.0868	-0.3645	-0.8691	0.0965	0.7598	
12.56	0.4913	1.2465	0.0647	-1.1013	-0.5219	1.0495	
12.57	-0.0269	1.2848	0.4623	-0.8248	-1.39	0.9736	
12.58	-0.5885	1.2328	0.8225	-0.5517	-1.9407	0.6672	
12.59	-1.0759	1.4058	0.9851	0.0382	-1.7943	0.1597	
12.6	-1.3191	1.559	1.1463	0.554	-1.2086	-0.3785	
12.61	-1.3624	1.5058	1.1482	0.8847	-0.3617	-0.8432	
12.62	-1.2161	1.3335	1.1345	0.984	0.1179	-0.922	
12.63	-0.7732	1.3144	0.9314	0.9016	0.0141	-0.9322	
12.64	-0.4087	1.5299	0.7251	0.3844	-0.6639	-0.4817	
12.65	0.0176	1.2877	0.5088	-0.1104	-1.3028	0.0664	
12.66	0.2913	1.3682	0.2257	-0.5132	-1.8139	0.5501	
12.67	0.3753	1.1825	0.0413	-0.8999	-1.5628	0.9356	
12.68	0.2654	1.2087	-0.0704	-0.7545	-1.0691	0.8163	
12.69	-0.124	1.0336	-0.0997	-0.5342	-0.2637	0.6118	
12.7	-0.6392	0.9384	-0.0031	0.028	0.1528	0.0677	
12.71	-1.2141	0.8559	0.1937	0.6365	-0.0426	-0.5566	
12.72	-1.4448	0.7868	0.4749	0.9996	-0.7784	-0.893	
12.73	-1.7931	0.608	0.8871	1.3507	-1.503	-1.1318	
12.74	-1.6623	0.4711	1.346	1.1865	-2.0071	-1.1061	
12.75	-1.4435	0.3817	1.5917	0.8009	-1.4472	-0.6993	
12.76	-1.025	0.2875	2.1411	0.3181	-0.8727	-0.1863	
12.77	-0.6106	0.2396	2.4255	-0.2102	-0.1759	0.3486	
12.78	-0.2049	0.1476	2.5572	-0.5143	0.1833	0.6029	
12.79	0.0818	0.1037	2.6022	-0.6754	-0.0768	0.7371	
12.8	0.1254	0.0609	2.4164	-0.3989	-0.8342	0.4076	
12.81	-0.0569	0.026	2.3803	0.0748	-1.5765	-0.0888	
12.82	-0.4387	0.0174	2.2782	0.5997	-1.7333	-0.6529	
12.83	-0.8169	0.0247	1.9425	1.1005	-1.4035	-1.0777	
12.84	-1.4828	0.0456	1.5871	1.5036	-0.7012	-1.3941	
12.85	-1.8885	0.0811	1.4293	1.5542	-0.0486	-1.3545	
12.86	-1.912	0.144	1.2183	1.1081	0.2413	-0.9901	
12.87	-1.8491	0.208	1.045	0.7668	-0.0894	-0.4318	
12.88	-1.5668	0.3109	0.991	0.2221	-0.7538	0.0363	
12.89	-1.1254	0.4675	0.9454	-0.2078	-1.3952	0.3965	
12.9	-0.5239	0.4933	1.2878	-0.3548	-1.6074	0.4109	
12.91	-0.1094	0.6558	1.3055	-0.2222	-1.4171	0.1833	
12.92	0.1196	0.8199	1.6994	0.1525	-0.662	-0.2999	
12.93	0.1384	0.8704	2.1298	0.6724	0.0758	-0.8582	
12.94	-0.0657	1.0721	2.6192	1.1514	0.3057	-1.437	
12.95	-0.4552	1.3144	2.4299	1.7266	-0.1121	-1.6012	
12.96	-0.9372	1.3307	2.9053	1.6117	-0.927	-1.6524	
12.97	-1.4414	1.4365	2.8527	1.6369	-1.4134	-1.3479	
12.98	-1.5867	1.5861	3.1261	1.1477	-1.6166	-0.8373	
12.99	-1.702	1.8907	3.0397	0.6404	-1.2787	-0.2833	
13.0	-1.6341	2.1079	2.8052	0.1846	-0.4174	0.0661	
13.01	-1.1934	2.2049	2.0916	-0.088	0.2085	0.1667	
13.02	-0.6864	2.1282	1.8725	-0.0561	0.3469	-0.0682	
13.03	-0.1783	2.363	1.6509	0.2513	-0.0993	-0.5056	
13.04	0.2463	2.2331	1.183	0.7829	-0.8989	-1.0573	
13.05	0.3999	2.1759	0.8083	1.2184	-1.4676	-1.736	
13.06	0.4445	2.5702	0.6215	1.9231	-1.549	-2.1029	
13.07	0.1626	2.3629	0.5748	2.1664	-0.929	-1.7539	
13.08	-0.2004	2.4747	0.5704	1.8071	-0.2383	-1.7019	
13.09	-0.7216	2.1898	0.748	1.705	0.3516	-1.2646	
13.1	-1.0748	2.1995	0.9526	1.1591	0.387	-0.6555	
13.11	-1.1738	2.2063	1.2018	0.62	-0.0982	-0.2418	
13.12	-1.2032	2.1374	1.2737	0.197	-0.8578	-0.1264	
13.13	-1.0837	2.1852	1.6293	0.1372	-1.4224	-0.3521	
13.14	-0.7015	2.0502	1.887	0.3277	-1.3127	-0.8551	
13.15	-0.1573	2.0193	2.0498	0.7355	-0.7661	-1.2548	
13.16	0.3788	1.8205	2.1481	1.4304	-0.0473	-1.9368	
13.17	0.6848	1.606	1.8192	1.8208	0.4569	-2.1095	
13.18	0.9006	1.5622	1.476	2.3339	0.4894	-2.2929	
13.19	0.9009	1.2478	1.1933	2.1617	-0.0745	-2.0928	
13.2	0.503	1.1353	0.926	2.0563	-0.8622	-1.5651	
13.21	0.1127	1.0281	0.5317	1.4621	-1.3636	-1.0186	
13.22	-0.3274	1.0109	0.109	0.9863	-1.2941	-0.586	
13.23	-0.644	0.8125	-0.2763	0.5362	-0.5826	-0.4351	
13.24	-0.9223	0.7637	-0.5713	0.2966	0.1287	-0.5475	
13.25	-0.7879	0.6004	-0.7487	0.437	0.6231	-0.9555	
13.26	-0.5311	0.5466	-0.7953	0.8189	0.4904	-1.4743	
13.27	-0.1055	0.5018	-0.7981	1.3305	-0.0734	-1.9274	
13.28	0.4041	0.4729	-0.6905	2.03	-0.8897	-2.3615	
13.29	0.9682	0.4611	-0.5167	2.3005	-1.3019	-2.4841	
13.3	1.194	0.4234	-0.2627	2.4246	-1.144	-2.4442	
13.31	1.3449	0.4572	-0.0014	2.1638	-0.4543	-1.6595	
13.32	1.1246	0.5265	0.2257	1.7844	0.3044	-1.1888	
13.33	0.8871	0.586	0.4366	1.3209	0.6925	-0.8649	
13.34	0.4147	0.548	0.4716	0.7857	0.5472	-0.6031	
13.35	-0.0383	0.6216	0.514	0.4418	-0.0751	-0.6998	
13.36	-0.3641	0.8466	0.3488	0.4306	-0.8344	-1.1276	
13.37	-0.5455	0.8322	0.1482	0.7895	-1.2352	-1.7774	
13.38	-0.3897	1.0809	-0.1702	1.1233	-0.9917	-2.146	
13.39	-0.1178	1.1795	-0.5619	1.8205	-0.2697	-2.6077	
13.4	0.3155	1.278	-0.9669	2.1975	0.5299	-2.6136	
13.41	0.7912	1.4126	-1.4116	2.526	0.8154	-2.6839	
13.42	1.2941	1.4043	-1.6152	2.1792	0.5762	-2.0962	
13.43	1.5321	1.4643	-1.8848	1.899	-0.0886	-1.3746	
13.44	1.5569	1.7972	-1.976	1.5109	-0.7453	-1.092	
13.45	1.3588	1.8978	-2.0726	0.8559	-1.1955	-0.7974	
13.46	1.0689	2.0469	-2.0618	0.4621	-0.8396	-0.9128	
13.47	0.5096	2.051	-1.8376	0.3822	-0.083	-1.3513	
13.48	0.0527	1.9528	-1.3208	0.5797	0.6216	-1.9384	
13.49	-0.2678	2.3438	-1.0864	0.9645	0.9048	-2.163	
13.5	-0.3639	2.2194	-0.7354	1.4585	0.6071	-2.7285	
13.51	-0.2293	2.0926	-0.5678	2.0933	-0.1046	-2.8735	
13.52	0.0788	2.3603	-0.3128	2.4267	-0.821	-2.4893	
13.53	0.5847	2.0002	-0.1938	2.4156	-1.0725	-1.999	
13.54	0.9126	2.2874	-0.1616	1.8364	-0.6909	-1.4927	
13.55	1.3061	2.2957	-0.2547	1.4084	0.0833	-1.1718	
13.56	1.6333	2.2134	-0.3929	0.9352	0.7718	-0.8508	
13.57	1.5987	1.8056	-0.6317	0.4966	1.0149	-0.8809	
13.58	1.2901	1.8034	-0.9818	0.2783	0.5594	-1.2085	
13.59	0.7582	1.7011	-1.2237	0.3052	-0.1321	-1.8483	
13.6	0.2914	1.6388	-1.5751	0.6909	-0.878	-2.3867	
13.61	-0.1425	1.5318	-1.7574	1.1059	-0.9182	-2.6123	
13.62	-0.4529	1.3117	-2.1098	1.7001	-0.5865	-2.993	
13.63	-0.4833	1.1083	-1.9706	2.2395	0.2141	-2.9187	
13.64	-0.359	1.1218	-2.1392	2.042	0.9432	-2.0946	
13.65	-0.0146	0.8359	-1.9171	1.8757	1.0016	-1.8184	
13.66	0.4173	0.6923	-1.474	1.4648	0.5958	-1.1936	
13.67	0.8378	0.613	-1.1929	0.9764	-0.2072	-0.8252	
13.68	1.2207	0.3801	-0.8755	0.3839	-0.842	-0.8375	
13.69	1.3063	0.258	-0.4813	0.0632	-0.9099	-1.3189	
13.7	1.2968	0.1697	-0.1139	0.0196	-0.3857	-1.8104	
13.71	0.8025	0.0395	0.1145	0.2687	0.3808	-2.2875	
13.72	0.3329	-0.0637	0.2372	0.6627	1.0237	-2.9005	
13.73	-0.1577	-0.1284	0.2839	1.2916	0.9888	-2.7176	
13.74	-0.6394	-0.2214	0.1981	1.8233	0.5307	-2.6482	
13.75	-0.9529	-0.2515	0.0404	1.9525	-0.2757	-2.4182	
13.76	-0.859	-0.3182	-0.2163	1.6287	-0.8387	-1.5018	
13.77	-0.7664	-0.2866	-0.4561	1.3415	-0.7847	-1.0478	
13.78	-0.3774	-0.279	-0.757	0.8236	-0.2905	-0.8759	
13.79	0.0683	-0.2907	-1.1464	0.2029	0.4316	-0.8384	
13.8	0.513	-0.2202	-1.114	-0.1873	0.9377	-1.0512	
13.81	0.7203	-0.199	-1.325	-0.3493	0.8909	-1.7122	
13.82	0.8282	-0.1263	-1.2224	-0.2048	0.4556	-2.2571	
13.83	0.5448	-0.0406	-1.243	0.2091	-0.3542	-2.4623	
13.84	0.2002	0.0534	-0.9308	0.665	-0.8172	-2.4471	
13.85	-0.346	0.1459	-0.7843	1.24	-0.8057	-2.6275	
13.86	-0.8495	0.2551	-0.3681	1.5589	-0.2298	-2.2603	
13.87	-1.2726	0.3265	-0.0074	1.3642	0.5522	-1.6287	
13.88	-1.4202	0.4993	0.336	1.1207	1.0035	-1.0963	
13.89	-1.5432	0.5586	0.6508	0.516	1.0001	-0.6944	
13.9	-1.3154	0.7142	0.7738	-0.0194	0.3045	-0.5354	
13.91	-0.7958	0.8134	0.8806	-0.4681	-0.4322	-0.8278	
13.92	-0.4054	0.782	0.8362	-0.8059	-0.9553	-1.3032	
13.93	-0.0546	0.8983	0.8156	-0.6518	-0.7861	-1.7994	
13.94	0.1649	1.0029	0.6087	-0.3873	-0.1532	-2.3013	
13.95	0.1606	1.0801	0.256	0.0741	0.6179	-2.5563	
13.96	-0.108	1.1166	-0.0598	0.5243	0.9276	-2.464	
13.97	-0.532	1.075	-0.3653	0.8894	0.8035	-2.0151	
13.98	-1.1052	1.2023	-0.6928	1.022	0.1982	-1.3052	
13.99	-1.6442	1.1339	-0.8349	0.7079	-0.5345	-0.8217	
14.0	-1.8016	1.0631	-1.0443	0.3022	-0.9933	-0.4246	
14.01	-2.1864	1.0172	-1.0208	-0.2961	-0.7147	-0.3451	
14.02	-2.026	0.8693	-0.8687	-0.7676	-0.0868	-0.5291	
14.03	-1.8867	0.8497	-0.7216	-1.1855	0.6874	-1.0006	
14.04	-1.4541	0.6911	-0.4289	-1.2568	1.0182	-1.425	
14.05	-0.8758	0.5535	-0.115	-0.9308	0.7493	-1.8046	
14.06	-0.5494	0.4618	0.2129	-0.5559	0.0492	-2.1578	
14.07	-0.4068	0.333	0.5197	-0.0694	-0.7192	-2.2193	
14.08	-0.4707	0.1666	0.702	0.3272	-1.0956	-1.6871	
14.09	-0.7943	-0.0016	0.7529	0.5467	-0.694	-0.992	
14.1	-1.0659	-0.1748	0.8443	0.3716	-0.0441	-0.5677	
14.11	-1.7219	-0.3534	0.698	-0.0036	0.6817	-0.1132	
14.12	-2.2571	-0.5069	0.5576	-0.5318	0.9648	0.0152	
14.13	-2.5571	-0.7123	0.2816	-1.0533	0.6592	-0.1798	
14.14	-2.6553	-0.7641	-0.0673	-1.6408	-0.0981	-0.6527	
14.15	-2.6772	-0.8793	-0.462	-1.6124	-0.8345	-1.1527	
14.16	-2.0502	-1.1201	-0.8521	-1.5226	-1.0921	-1.6571	
14.17	-1.7331	-1.1882	-1.0507	-1.2339	-0.7747	-1.7555	
14.18	-1.2445	-1.3361	-1.4404	-0.7401	0.0037	-1.6873	
14.19	-0.9405	-1.3852	-1.431	-0.2373	0.6597	-1.3609	
14.2	-0.7727	-1.3972	-1.4873	0.0152	0.9596	-0.8516	
14.21	-0.9043	-1.5888	-1.4863	-0.0005	0.514	-0.2267	
14.22	-1.1564	-1.4513	-1.1572	-0.3352	-0.2508	0.2314	
14.23	-1.5829	-1.6046	-0.9552	-0.8953	-0.9191	0.3543	
14.24	-2.0758	-1.714	-0.6429	-1.4259	-1.1436	0.2062	
14.25	-2.7515	-1.6037	-0.3439	-1.9826	-0.7353	-0.1974	
14.26	-2.7642	-1.5907	-0.069	-2.3597	0.0439	-0.6879	
14.27	-2.8708	-1.4268	0.1071	-2.1752	0.7162	-1.2748	
14.28	-2.7345	-1.5164	0.2179	-1.8899	0.7654	-1.4409	
14.29	-2.0108	-1.4455	0.1726	-1.2033	0.3581	-1.4905	
14.3	-1.8228	-1.3442	0.0673	-0.8593	-0.3909	-0.9502	
14.31	-1.1083	-1.1998	-0.1694	-0.4929	-1.0589	-0.5116	
14.32	-0.8794	-1.0427	-0.4571	-0.391	-1.226	0.1081	
14.33	-0.7556	-0.972	-0.7649	-0.5529	-0.6136	0.5145	
14.34	-0.8294	-0.7723	-1.1023	-1.0304	0.0835	0.7166	
14.35	-1.3353	-0.6487	-1.4297	-1.5727	0.7465	0.641	
14.36	-1.6868	-0.5592	-1.8685	-2.0927	0.6952	0.2558	
14.37	-2.3641	-0.4467	-2.0841	-2.2811	0.2489	-0.256	
14.38	-2.5039	-0.3599	-1.8314	-2.3735	-0.5787	-0.7197	
14.39	-2.9703	-0.2748	-1.7926	-2.3034	-1.1822	-0.9998	
14.4	-2.4702	-0.2043	-1.6892	-1.8827	-1.0806	-0.9623	
14.41	-2.332	-0.1472	-1.5824	-1.3091	-0.6942	-0.7108	
14.42	-1.9124	-0.09	-1.2427	-0.937	0.125	-0.1571	
14.43	-1.2975	-0.0621	-0.9934	-0.7473	0.7013	0.4328	
14.44	-0.9901	-0.0554	-0.6164	-0.7824	0.6417	0.8622	
14.45	-0.704	-0.0615	-0.3573	-1.1135	0.0917	1.1241	
14.46	-0.5515	-0.0751	-0.129	-1.8712	-0.7424	1.0204	
14.47	-0.682	-0.1125	-0.0185	-2.1623	-1.1057	0.595	
14.48	-1.1123	-0.1859	-0.0123	-2.5747	-1.2728	0.1255	
14.49	-1.5278	-0.2525	-0.1106	-2.7966	-0.5674	-0.3874	
14.5	-2.0539	-0.3227	-0.3214	-2.6067	0.1902	-0.6196	
14.51	-2.0889	-0.4196	-0.5452	-2.4353	0.7041	-0.6871	
14.52	-2.5761	-0.5679	-0.911	-1.7228	0.6059	-0.382	
14.53	-2.1116	-0.6213	-1.2244	-1.1398	-0.0304	0.1028	
14.54	-1.9073	-0.7613	-1.554	-0.9964	-0.8026	0.746	
14.55	-1.3438	-0.885	-1.5488	-0.901	-1.2216	1.1482	
14.56	-0.9547	-1.0821	-1.8145	-1.1775	-1.1856	1.5399	
14.57	-0.4879	-1.2582	-1.5338	-1.7171	-0.4968	1.2504	
14.58	-0.1945	-1.3535	-1.6064	-2.4437	0.2228	1.0123	
14.59	-0.1341	-1.4072	-1.221	-2.9827	0.6667	0.5118	
14.6	-0.3649	-1.5944	-0.9399	-2.7355	0.5496	-0.0328	
14.61	-0.7815	-1.8261	-0.5681	-2.6529	-0.1338	-0.3656	
14.62	-1.2738	-1.9552	-0.2017	-2.7443	-0.8415	-0.3847	
14.63	-1.6694	-2.2059	0.1862	-2.1837	-1.4038	-0.1515	
14.64	-1.9123	-2.0588	0.484	-1.4943	-1.0742	0.3298	
14.65	-1.7506	-2.3616	0.7393	-1.0586	-0.4813	0.8275	
14.66	-1.7729	-2.2448	0.8342	-1.0629	0.3185	1.5283	
14.67	-1.3895	-2.4667	0.9701	-1.066	0.7009	1.5263	
14.68	-0.7619	-2.4522	0.89	-1.6027	0.4311	1.7674	
14.69	-0.2565	-2.2249	0.6156	-2.044	-0.2534	1.3478	
14.7	0.1293	-2.398	0.417	-2.7253	-0.9876	0.7464	
14.71	0.3638	-2.3959	0.1877	-2.6635	-1.295	0.2229	
14.72	0.3611	-2.3218	-0.0476	-2.6665	-1.1153	-0.1118	
14.73	0.0832	-2.0692	-0.2397	-2.4429	-0.354	-0.1864	
14.74	-0.2986	-2.2167	-0.4026	-2.0858	0.394	0.0244	
14.75	-0.7509	-1.8654	-0.4081	-1.5358	0.6842	0.5084	
14.76	-1.1166	-2.0056	-0.3318	-1.1317	0.4239	1.1319	
14.77	-1.4227	-1.8234	-0.1442	-0.9383	-0.2963	1.6511	
14.78	-1.4946	-1.4595	0.1456	-0.979	-1.085	1.8049	
14.79	-1.081	-1.4225	0.5507	-1.267	-1.3071	1.8266	
14.8	-0.6805	-1.3578	0.8908	-1.8165	-0.9401	1.3893	
14.81	-0.1972	-1.107	1.3716	-2.1849	-0.2162	1.0225	
14.82	0.2741	-1.0985	1.6082	-2.7668	0.5401	0.4079	
14.83	0.5936	-0.8757	2.0138	-2.5964	0.6683	0.0549	
14.84	0.8149	-0.753	2.3056	-2.555	0.3278	-0.0648	
14.85	0.6668	-0.6703	2.3396	-2.0278	-0.3803	0.1152	
14.86	0.4144	-0.6186	2.1337	-1.6021	-1.024	0.5441	
14.87	-0.04	-0.5472	2.0343	-1.1566	-1.1064	1.0405	
14.88	-0.4906	-0.4576	2.1508	-0.7505	-0.7896	1.7305	
14.89	-0.8873	-0.4044	1.9034	-0.8244	-0.0525	1.9714	
14.9	-1.0289	-0.2994	1.5474	-1.0445	0.5619	1.7485	
14.91	-0.9319	-0.3329	1.094	-1.4869	0.7171	1.6125	
14.92	-0.7485	-0.2772	0.9354	-2.1363	0.328	1.1396	
14.93	-0.3071	-0.2849	0.7809	-2.3011	-0.4094	0.6188	
14.94	0.1721	-0.3169	0.8593	-2.7821	-1.1057	0.153	
14.95	0.6045	-0.3733	0.8357	-2.6176	-1.2102	-0.004	
14.96	0.9444	-0.4282	1.085	-2.018	-0.6471	0.1538	
14.97	1.0677	-0.5301	1.2702	-1.6923	0.1215	0.5498	
14.98	0.8317	-0.6376	1.577	-1.0775	0.7005	1.202	
14.99	0.4484	-0.7657	1.7966	-0.6444	0.7523	1.7181	
15.0	-0.0136	-0.7641	2.3341	-0.3922	0.373	2.0316	
15.01	-0.5059	-0.8699	2.4187	-0.5331	-0.3973	1.9603	
15.02	-0.8798	-1.0689	2.6101	-0.904	-0.9477	1.7699	
15.03	-0.9516	-1.1921	3.1323	-1.3363	-1.0498	1.1976	
15.04	-0.8451	-1.3536	3.2714	-1.8617	-0.4997	0.6181	
15.05	-0.5822	-1.3871	2.6553	-2.0025	0.3353	0.1697	
15.06	-0.1831	-1.6464	2.478	-2.1321	0.8574	-0.0237	
15.07	0.3028	-1.6649	2.5609	-1.9204	0.8785	0.0907	
15.08	0.6227	-1.9082	1.9222	-1.495	0.3644	0.4647	
15.09	0.9349	-1.9064	1.7673	-0.7604	-0.4262	0.9798	
15.1	0.9284	-1.8545	1.4474	-0.3574	-0.9929	1.4931	
15.11	0.6127	-2.0117	1.097	-0.0614	-0.9007	1.8475	
15.12	0.2153	-2.1114	0.8003	-0.0803	-0.2917	1.93	
15.13	-0.2717	-2.114	0.8102	-0.3791	0.5376	1.7223	
15.14	-0.7477	-1.957	0.8552	-0.8004	1.1053	1.0694	
15.15	-1.0526	-1.7963	0.8202	-1.2633	1.012	0.6289	
15.16	-1.3343	-1.8523	1.1854	-1.7592	0.395	0.1057	
15.17	-1.1413	-1.8446	1.2743	-1.6422	-0.3693	-0.1208	
15.18	-0.8268	-1.9037	1.5552	-1.7813	-0.8829	-0.0288	
15.19	-0.3675	-1.5724	1.914	-1.0822	-0.6496	0.3053	
15.2	0.0839	-1.5727	1.9972	-0.5762	-0.057	0.8086	
15.21	0.4717	-1.6528	2.085	-0.0539	0.7565	1.3866	
15.22	0.5286	-1.4078	2.1131	0.3213	1.0811	1.5565	
15.23	0.5335	-1.2235	2.2506	0.3834	1.1155	1.9315	
15.24	0.209	-1.1111	2.0802	0.1898	0.466	1.4062	
15.25	-0.2845	-0.9531	1.6658	-0.2419	-0.3301	1.1241	
15.26	-0.8348	-0.7689	1.2324	-0.7589	-0.7216	0.4816	
15.27	-1.2498	-0.6624	0.8213	-1.2491	-0.5591	0.0027	
15.28	-1.713	-0.4348	0.4372	-1.229	0.19	-0.2489	
15.29	-1.5866	-0.3115	0.0944	-1.3382	0.957	-0.2179	
15.3	-1.405	-0.1829	-0.2189	-0.9454	1.4443	0.1246	
