0.01	0.2811	0.3518	0.2837	0.3692	
0.02	-0.4257	0.6568	0.5711	0.8273	
0.03	0.784	0.9402	0.8609	0.9758	
0.04	-0.6371	1.3097	1.1239	1.1623	
0.05	1.1145	1.4147	1.4223	1.2924	
0.06	-0.7862	1.5703	1.5941	1.1868	
0.07	1.1405	1.9489	1.787	1.2025	
0.08	-0.5978	1.8315	1.8065	0.8678	
0.09	1.0345	1.933	2.173	0.6337	
0.1	-0.178	2.0086	2.0127	0.4247	
0.11	0.7072	1.8736	2.3449	0.1599	
0.12	0.43	1.7892	2.2503	-0.0219	
0.13	0.3047	1.5463	2.0964	-0.0953	
0.14	0.9378	1.4733	2.1456	-0.0561	
0.15	-0.0889	1.3065	1.9029	0.0912	
0.16	1.4995	1.025	1.7975	0.3754	
0.17	-0.2747	0.7637	1.5623	0.6746	
0.18	1.7689	0.456	1.4956	1.142	
0.19	-0.2791	0.1832	1.0866	1.345	
0.2	1.5622	-0.1192	0.835	1.7376	
0.21	-0.0079	-0.3445	0.6397	1.946	
0.22	1.3368	-0.6333	0.39	2.1028	
0.23	0.4315	-0.8726	0.1131	2.2055	
0.24	1.0475	-1.146	-0.1622	2.4003	
0.25	1.0041	-1.0931	-0.3787	2.3212	
0.26	0.5775	-1.4339	-0.5666	1.8155	
0.27	1.4183	-1.4305	-0.8879	1.6872	
0.28	0.2096	-1.446	-1.057	1.4714	
0.29	1.9956	-1.3061	-1.0957	0.9857	
0.3	0.0624	-1.4119	-1.3752	0.8336	
0.31	1.9561	-1.0774	-1.2571	0.7841	
0.32	0.1565	-1.1033	-1.3299	0.6452	
0.33	1.8132	-0.963	-1.3916	0.8467	
0.34	0.5359	-0.7262	-1.466	0.9325	
0.35	1.668	-0.4312	-1.3996	1.2428	
0.36	0.9971	-0.2253	-1.2609	1.5011	
0.37	1.2787	-0.0183	-1.0309	2.1222	
0.38	1.4778	0.2097	-0.8077	2.4542	
0.39	0.7557	0.4136	-0.7247	2.7984	
0.4	2.1273	0.6643	-0.4741	2.6482	
0.41	0.4515	0.732	-0.204	2.5891	
0.42	2.239	0.8697	0.0594	2.8429	
0.43	0.4052	1.1089	0.3203	2.3554	
0.44	2.3705	1.0879	0.5414	2.2686	
0.45	0.585	1.32	0.8957	2.1049	
0.46	2.0168	1.1566	1.0835	1.4848	
0.47	0.9688	1.2639	1.4068	1.1941	
0.48	1.7255	1.1876	1.7199	1.0651	
0.49	1.5838	1.1984	1.9735	0.8328	
0.5	1.2461	1.0789	2.1206	0.7082	
0.51	2.0023	0.9488	2.1447	0.6376	
0.52	0.7666	0.9735	2.2666	0.8672	
0.53	2.5857	0.8397	2.2399	1.0815	
0.54	0.5764	0.7875	2.4414	1.3161	
0.55	2.5149	0.6135	2.3201	1.752	
0.56	0.5753	0.535	2.3091	1.7804	
0.57	2.5093	0.4092	2.399	2.0179	
0.58	0.8381	0.3406	2.4328	2.5012	
0.59	2.3059	0.2873	2.295	2.1589	
0.6	1.3632	0.2742	2.2934	2.1576	
0.61	1.6193	0.2138	2.0717	2.2092	
0.62	1.7971	0.2021	1.8214	1.9716	
0.63	1.2688	0.2039	1.5875	1.4741	
0.64	2.4631	0.239	1.4248	1.0855	
0.65	0.755	0.301	1.2435	0.8214	
0.66	2.6634	0.3008	0.876	0.3891	
0.67	0.5602	0.3615	0.7821	0.1485	
0.68	2.6362	0.4033	0.5434	0.0027	
0.69	0.7452	0.5148	0.2854	-0.0377	
0.7	2.2837	0.5301	0.1423	0.0381	
0.71	0.9032	0.618	-0.0299	0.1941	
0.72	1.9339	0.5916	-0.1605	0.4204	
0.73	1.3684	0.6093	-0.303	0.6964	
0.74	1.4334	0.6495	-0.3989	1.1253	
0.75	1.7704	0.6201	-0.4397	1.2048	
0.76	0.9087	0.5936	-0.5222	1.4303	
0.77	2.3467	0.4917	-0.443	1.4489	
0.78	0.6364	0.4619	-0.4502	1.3384	
0.79	2.3347	0.3513	-0.4291	1.1924	
0.8	0.573	0.2789	-0.3032	1.031	
0.81	2.371	0.2003	-0.2357	0.6991	
0.82	0.6573	0.0901	-0.0926	0.3518	
0.83	2.2309	0.0083	0.0388	-0.0516	
0.84	0.9841	-0.0686	0.1841	-0.3718	
0.85	1.5501	-0.1414	0.3377	-0.6494	
0.86	1.416	-0.1684	0.6044	-0.8832	
0.87	1.2187	-0.2263	0.6816	-0.9938	
0.88	1.9139	-0.2189	0.8308	-0.7866	
0.89	0.6765	-0.2141	0.9945	-0.6384	
0.9	2.473	-0.1374	1.1679	-0.4939	
0.91	0.4429	-0.0732	1.4819	-0.1537	
0.92	2.4112	0.0314	1.7412	0.154	
0.93	0.4115	0.1728	1.5763	0.4211	
0.94	2.1791	0.347	1.8347	0.5743	
0.95	0.6143	0.4594	1.8363	0.8023	
0.96	1.9388	0.6591	2.0166	0.7507	
0.97	1.0057	0.9457	2.0333	0.6906	
0.98	1.1906	1.1251	1.9238	0.419	
0.99	1.6237	1.3316	1.976	0.122	
1.0	0.7517	1.5077	2.0906	-0.2223	
1.01	1.9609	1.7614	2.1369	-0.5906	
1.02	0.3402	1.9307	2.0291	-0.945	
1.03	2.217	2.1019	1.7836	-1.3165	
1.04	0.1174	2.0892	1.9335	-1.5083	
1.05	1.9532	2.1304	1.5489	-1.4587	
1.06	0.2017	1.988	1.6662	-1.4048	
1.07	1.6465	2.1219	1.3453	-1.1714	
1.08	0.4473	2.0181	1.3634	-0.9774	
1.09	1.3828	2.0581	1.2237	-0.6558	
1.1	0.961	1.7514	1.1111	-0.287	
1.11	0.7598	1.5827	0.8976	0.0107	
1.12	1.3385	1.5816	0.7642	0.2665	
1.13	0.2638	1.1338	0.6637	0.4094	
1.14	1.5872	1.0341	0.6177	0.5261	
1.15	-0.0739	0.639	0.4811	0.4409	
1.16	2.0061	0.4219	0.3747	0.2816	
1.17	-0.1528	0.1212	0.3285	0.0405	
1.18	1.6494	-0.1486	0.2855	-0.2476	
1.19	-0.0124	-0.4004	0.3013	-0.5809	
1.2	1.2807	-0.6469	0.2342	-0.8856	
1.21	0.3155	-0.8202	0.2767	-1.2618	
1.22	0.7736	-1.0458	0.2809	-1.4597	
1.23	0.8542	-1.0679	0.2899	-1.4795	
1.24	0.2653	-1.0372	0.3329	-1.2385	
1.25	1.3316	-1.1059	0.4062	-1.1718	
1.26	-0.1974	-1.1407	0.4468	-0.8963	
1.27	1.471	-1.0584	0.4712	-0.5437	
1.28	-0.4068	-0.7693	0.5485	-0.2241	
1.29	1.4735	-0.6675	0.5883	0.112	
1.3	-0.4541	-0.4018	0.7069	0.4021	
1.31	1.2253	-0.1331	0.7976	0.6432	
1.32	-0.1945	0.1704	0.7966	0.8058	
1.33	0.8427	0.525	0.9496	0.7915	
1.34	0.2192	0.7492	0.908	0.6362	
1.35	0.3554	1.1649	1.0629	0.4325	
1.36	0.7537	1.4847	1.0478	0.1108	
1.37	-0.1718	1.6605	0.9978	-0.2057	
1.38	1.1623	1.9807	0.9846	-0.4998	
1.39	-0.5904	2.4944	1.1437	-0.7825	
1.4	1.3937	2.6622	1.1531	-1.0571	
1.41	-0.6487	2.5514	1.0555	-1.1421	
1.42	1.1048	2.6304	1.0383	-1.037	
1.43	-0.6151	2.8249	1.0387	-0.8894	
1.44	0.9978	3.1118	0.9281	-0.5751	
1.45	-0.2827	2.5267	0.9771	-0.3146	
1.46	0.4335	2.6692	0.8343	0.0551	
1.47	0.1954	2.5726	0.934	0.4045	
1.48	-0.0954	2.3568	0.9034	0.7416	
1.49	0.6835	1.8933	0.8525	0.9521	
1.5	-0.5591	1.8546	0.7839	1.1248	
1.51	1.0498	1.656	0.6549	1.2239	
1.52	-0.8986	1.2632	0.7516	1.0595	
1.53	1.1361	0.949	0.668	0.7737	
1.54	-0.8435	0.5857	0.6363	0.52	
1.55	0.9836	0.3464	0.6817	0.1936	
1.56	-0.6176	0.0696	0.5973	-0.1176	
1.57	0.5452	-0.1599	0.6558	-0.4113	
1.58	-0.2492	-0.3385	0.6411	-0.6225	
1.59	0.0863	-0.5905	0.6466	-0.8243	
1.6	0.2319	-0.7199	0.6728	-0.7421	
1.61	-0.3966	-0.8022	0.6681	-0.6394	
1.62	0.6125	-0.734	0.6337	-0.4958	
1.63	-0.7425	-0.8039	0.6542	-0.2	
1.64	0.8496	-0.6699	0.6939	0.148	
1.65	-1.0048	-0.6368	0.6723	0.4587	
1.66	0.94	-0.4039	0.6254	0.7321	
1.67	-0.9237	-0.2857	0.6504	1.0748	
1.68	0.7222	-0.0716	0.6498	1.232	
1.69	-0.5605	0.1399	0.6631	1.2562	
1.7	0.3732	0.4144	0.6753	1.1538	
1.71	-0.1647	0.6713	0.6754	0.9049	
1.72	-0.1628	0.8426	0.632	0.5863	
1.73	0.3747	1.1943	0.5674	0.2175	
1.74	-0.653	1.3072	0.5534	-0.1376	
1.75	0.6906	1.3869	0.4286	-0.4989	
1.76	-0.8984	1.6516	0.3454	-0.6789	
1.77	0.9644	1.9416	0.309	-0.9724	
1.78	-1.0758	1.7974	0.2278	-1.0815	
1.79	1.006	1.8527	0.1481	-1.0515	
1.8	-0.7834	2.2128	0.0553	-0.8056	
1.81	0.6588	2.0713	-0.0258	-0.5687	
1.82	-0.3871	2.1253	-0.1193	-0.2876	
1.83	0.2193	1.9379	-0.1826	0.0391	
1.84	0.09	1.9698	-0.2684	0.3365	
1.85	-0.2973	1.9634	-0.3243	0.5093	
1.86	0.6447	1.7711	-0.3889	0.6321	
1.87	-0.6528	1.6972	-0.4737	0.7196	
1.88	0.8571	1.5293	-0.4623	0.6291	
1.89	-0.8983	1.2704	-0.467	0.3951	
1.9	1.1313	1.0913	-0.5066	0.1051	
1.91	-0.8747	1.132	-0.4762	-0.2348	
1.92	0.9041	0.8847	-0.5282	-0.607	
1.93	-0.5573	0.8236	-0.4313	-1.0355	
1.94	0.6671	0.7377	-0.4112	-1.1905	
1.95	-0.1083	0.671	-0.3628	-1.4728	
1.96	0.1435	0.6699	-0.2924	-1.6416	
1.97	0.4109	0.6662	-0.1838	-1.5695	
1.98	-0.3143	0.6669	-0.1041	-1.5863	
1.99	0.8838	0.6512	-0.0028	-1.439	
2.0	-0.6694	0.6451	0.0969	-1.1394	
2.01	1.2325	0.6866	0.2256	-0.8024	
2.02	-0.7129	0.8603	0.2943	-0.4828	
2.03	1.1261	0.8242	0.4434	-0.2013	
2.04	-0.6603	0.8444	0.5333	-0.0667	
2.05	1.1329	0.9115	0.6573	-0.0218	
2.06	-0.2336	0.9554	0.7177	-0.0807	
2.07	0.6446	1.0758	0.797	-0.2943	
2.08	0.2809	1.0679	0.7528	-0.5755	
2.09	0.1686	1.041	0.917	-0.8359	
2.1	0.8839	0.9319	0.8476	-1.2806	
2.11	-0.2189	0.9597	0.7655	-1.6826	
2.12	1.2392	0.9019	0.7493	-1.9389	
2.13	-0.5224	0.9135	0.8217	-1.9875	
2.14	1.5404	0.8881	0.6101	-2.4359	
2.15	-0.5214	0.7517	0.5289	-2.4764	
2.16	1.5289	0.6355	0.4132	-2.1368	
2.17	-0.2264	0.6074	0.2969	-2.036	
2.18	1.096	0.5614	0.1688	-1.6277	
2.19	0.1859	0.4422	-0.0071	-1.4566	
2.2	0.6655	0.4122	-0.1683	-1.0901	
2.21	0.7286	0.3716	-0.3503	-0.8694	
2.22	0.2408	0.3132	-0.5889	-0.693	
2.23	1.2326	0.367	-0.681	-0.4924	
2.24	-0.1065	0.3682	-0.8699	-0.6017	
2.25	1.7493	0.4044	-1.1043	-0.6431	
2.26	-0.2755	0.5504	-1.3195	-0.851	
2.27	1.8066	0.6113	-1.3948	-1.2147	
2.28	-0.1944	0.774	-1.6572	-1.4905	
2.29	1.4541	0.8592	-1.8379	-1.7639	
2.3	0.1514	1.0716	-1.7687	-2.2357	
2.31	1.1263	1.2591	-2.0449	-2.4721	
2.32	0.6781	1.3896	-1.7897	-2.6849	
2.33	0.762	1.6272	-2.0972	-2.4371	
2.34	1.2915	1.8415	-1.7691	-2.2302	
2.35	0.3503	2.0114	-1.8004	-2.3103	
2.36	1.79	2.0083	-1.6469	-1.7753	
2.37	0.0396	2.3291	-1.6864	-1.4755	
2.38	1.7546	2.3802	-1.6232	-1.0643	
2.39	-0.0397	2.4807	-1.4664	-0.8873	
2.4	1.8429	2.4023	-1.222	-0.591	
2.41	0.1439	2.583	-0.9705	-0.4235	
2.42	1.8353	2.454	-0.8898	-0.331	
2.43	0.4906	2.3052	-0.6402	-0.4446	
2.44	1.1935	1.9065	-0.492	-0.6167	
2.45	1.0962	1.9152	-0.2263	-0.8521	
2.46	0.8137	1.6579	-0.0465	-1.1613	
2.47	1.5522	1.4874	0.1411	-1.3851	
2.48	0.4054	1.2665	0.3359	-1.5984	
2.49	1.8877	0.9793	0.5069	-1.8562	
2.5	0.1651	0.6676	0.6363	-2.0986	
2.51	2.1379	0.4169	0.7957	-2.0641	
2.52	0.163	0.1236	0.9003	-1.7695	
2.53	1.9643	-0.1084	0.9626	-1.6224	
2.54	0.4563	-0.3257	0.8386	-1.3525	
2.55	1.8334	-0.5577	0.8337	-0.9841	
2.56	0.8017	-0.7237	0.9147	-0.5273	
2.57	1.1789	-0.8675	0.7072	-0.1385	
2.58	1.3186	-0.8362	0.6698	0.1899	
2.59	0.8423	-0.9175	0.4744	0.3852	
2.6	1.9512	-0.9326	0.3171	0.562	
2.61	0.3809	-0.7177	0.1243	0.5824	
2.62	2.1151	-0.5813	-0.0998	0.415	
2.63	0.2226	-0.4128	-0.3577	0.2429	
2.64	2.0642	-0.2231	-0.5761	-0.004	
2.65	0.3171	0.0224	-0.7846	-0.2727	
2.66	1.8523	0.2943	-1.2133	-0.5378	
2.67	0.638	0.6555	-1.4757	-0.7633	
2.68	1.4573	0.8541	-1.7089	-0.916	
2.69	1.1229	1.327	-1.7905	-0.9002	
2.7	1.1523	1.4617	-2.0693	-0.7591	
2.71	1.5469	1.7924	-2.1538	-0.4554	
2.72	0.5832	2.3009	-2.3605	-0.1885	
2.73	2.1717	2.4367	-2.7715	0.2123	
2.74	0.3239	2.577	-2.8286	0.6581	
2.75	2.1783	2.9012	-2.6492	1.0832	
2.76	0.2141	2.9457	-2.7373	1.3446	
2.77	2.1826	2.735	-2.6094	1.6259	
2.78	0.3589	3.1573	-2.745	1.6764	
2.79	1.8927	2.5766	-2.8702	1.7832	
2.8	0.801	2.5533	-2.5344	1.6629	
2.81	1.4279	2.3816	-2.6414	1.3946	
2.82	1.1863	2.1629	-2.3635	1.2082	
2.83	0.8666	2.1112	-2.0666	0.9724	
2.84	1.5963	1.7038	-1.8764	0.807	
2.85	0.3659	1.7125	-1.633	0.4732	
2.86	2.1794	1.1594	-1.3911	0.369	
2.87	0.1205	0.9537	-0.9998	0.34	
2.88	2.0319	0.6205	-0.785	0.3559	
2.89	0.094	0.3339	-0.469	0.5502	
2.9	1.7422	0.0301	-0.2612	0.9149	
2.91	0.319	-0.2399	0.006	1.1673	
2.92	1.3902	-0.4912	0.2445	1.6605	
2.93	0.6734	-0.6722	0.4104	2.0205	
2.94	0.916	-0.7923	0.582	2.3552	
2.95	1.2672	-0.8258	0.7378	2.3878	
2.96	0.4052	-0.8563	0.9075	2.7659	
2.97	1.5019	-0.8831	0.8568	2.7085	
2.98	0.0253	-0.8853	1.0172	2.5779	
2.99	1.7214	-0.717	1.0208	2.3694	
3.0	-0.1745	-0.5597	0.9592	2.3692	
3.01	1.7303	-0.4482	0.8943	1.8614	
3.02	-0.0986	-0.2536	0.7077	1.4122	
3.03	1.3703	-0.0096	0.5281	1.3746	
3.04	0.1773	0.2164	0.3773	1.1507	
3.05	0.993	0.4378	0.167	0.8443	
3.06	0.6363	0.6848	-0.0744	0.8455	
3.07	0.436	0.9063	-0.3263	1.0883	
3.08	1.0556	1.2345	-0.5977	1.1507	
3.09	-0.0619	1.4127	-0.9762	1.4985	
3.1	1.2969	1.7363	-1.1383	1.7936	
3.11	-0.3944	1.7317	-1.5702	2.4052	
3.12	1.6172	1.9628	-1.6111	2.6128	
3.13	-0.565	1.8299	-1.771	2.7383	
3.14	1.4625	1.9463	-2.3732	2.687	
3.15	-0.3549	2.0812	-2.1802	3.0213	
3.16	0.9102	2.0716	-2.4392	2.8176	
3.17	-0.0433	2.0471	-2.6645	2.6024	
3.18	0.4295	1.9834	-2.5497	2.1303	
3.19	0.3713	1.6473	-3.174	2.0515	
3.2	-0.1568	1.5219	-2.7942	1.5513	
3.21	0.7174	1.2867	-2.8747	1.3187	
3.22	-0.636	1.2452	-2.7959	0.8797	
3.23	0.9601	1.0204	-2.671	0.7457	
3.24	-0.9674	0.9603	-2.8531	0.6503	
3.25	1.048	0.7448	-2.3291	0.7142	
3.26	-0.9392	0.5976	-2.2089	0.9263	
3.27	0.7468	0.5462	-2.0984	1.0691	
3.28	-0.6487	0.4034	-1.6344	1.2596	
3.29	0.3375	0.3438	-1.4002	1.6382	
3.3	-0.292	0.2853	-1.1357	1.8706	
3.31	-0.2384	0.2285	-1.0258	2.0538	
3.32	0.1062	0.2032	-0.7325	2.0856	
3.33	-0.7772	0.2231	-0.4267	2.1322	
3.34	0.4725	0.2459	-0.1335	2.0281	
3.35	-1.2078	0.2773	0.1408	2.0887	
3.36	0.6313	0.2817	0.354	1.6965	
3.37	-1.5019	0.3743	0.5869	1.228	
3.38	0.501	0.4146	0.7257	0.8743	
3.39	-1.3289	0.4268	0.9613	0.4923	
3.4	0.1852	0.5568	1.0454	0.14	
3.41	-1.027	0.565	1.1353	-0.1056	
3.42	-0.315	0.6338	1.2418	-0.2323	
3.43	-0.569	0.612	1.1538	-0.2292	
3.44	-0.9247	0.6474	1.1354	-0.1451	
3.45	-0.1848	0.5885	1.0768	0.0559	
3.46	-1.3799	0.5894	0.8706	0.3067	
3.47	0.092	0.533	0.8442	0.5825	
3.48	-1.9159	0.5237	0.6681	0.9206	
3.49	0.1492	0.4164	0.4204	1.1205	
3.5	-1.8795	0.3772	0.2116	1.1249	
3.51	-0.0292	0.3541	-0.0056	1.2031	
3.52	-1.606	0.2665	-0.2548	1.0719	
3.53	-0.4285	0.1992	-0.49	0.8946	
3.54	-1.4316	0.1273	-0.8106	0.7074	
3.55	-0.9733	0.0814	-1.0455	0.2748	
3.56	-0.8554	0.0579	-1.2384	-0.0913	
3.57	-1.5669	0.0403	-1.4619	-0.4421	
3.58	-0.4968	0.0492	-1.4624	-0.85	
3.59	-2.1659	0.0767	-1.8838	-1.0056	
3.6	-0.2675	0.1268	-1.8669	-1.3088	
3.61	-2.4265	0.2252	-1.9142	-1.1239	
3.62	-0.2857	0.3191	-2.1272	-1.0299	
3.63	-2.1647	0.42	-2.1406	-1.0024	
3.64	-0.6018	0.4949	-2.2724	-0.6241	
3.65	-2.1162	0.6867	-2.1144	-0.3779	
3.66	-0.9313	0.8525	-2.2699	-0.0985	
3.67	-1.3921	0.9733	-1.933	0.1642	
3.68	-1.6618	1.2561	-1.7316	0.3225	
3.69	-1.1178	1.3565	-1.8118	0.4098	
3.7	-2.0972	1.2971	-1.5334	0.366	
3.71	-0.7843	1.6102	-1.3036	0.2224	
3.72	-2.4466	1.7611	-1.1344	-0.0123	
3.73	-0.5543	1.5122	-1.001	-0.3133	
3.74	-2.6175	1.6803	-0.704	-0.7222	
3.75	-0.6277	1.714	-0.4306	-0.9571	
3.76	-2.5552	1.7367	-0.2097	-1.251	
3.77	-0.9163	1.4196	0.0225	-1.6378	
3.78	-2.0236	1.5412	0.2575	-1.7777	
3.79	-1.4939	1.1924	0.4294	-1.8351	
3.8	-1.4688	1.1286	0.6526	-1.6251	
3.81	-1.9431	0.8762	0.7882	-1.3873	
3.82	-1.176	0.6456	0.9725	-1.116	
3.83	-2.6634	0.3345	1.1247	-0.8743	
3.84	-0.9358	0.1026	1.2819	-0.5059	
3.85	-2.9872	-0.1585	1.3755	-0.239	
3.86	-0.8171	-0.4305	1.3021	0.0045	
3.87	-2.8564	-0.6499	1.3355	0.137	
3.88	-1.0486	-0.9025	1.392	0.1699	
3.89	-2.3624	-1.0034	1.255	0.0907	
3.9	-1.4566	-1.2112	1.2199	-0.1096	
3.91	-1.9545	-1.3533	1.001	-0.3453	
3.92	-1.7612	-1.4364	1.0191	-0.6434	
3.93	-1.4807	-1.4691	0.7692	-1.0307	
3.94	-2.5554	-1.3963	0.7035	-1.272	
3.95	-1.1504	-1.2974	0.4926	-1.6219	
3.96	-2.7595	-1.197	0.3221	-1.6089	
3.97	-0.9867	-1.1044	0.1523	-1.6677	
3.98	-3.1044	-0.86	-0.0134	-1.6026	
3.99	-0.9665	-0.6006	-0.1753	-1.4321	
4.0	-2.8736	-0.3787	-0.3235	-1.2212	
4.01	-1.2175	-0.0607	-0.4648	-0.8478	
4.02	-2.3676	0.2647	-0.5561	-0.4533	
4.03	-1.6625	0.5987	-0.7558	-0.0763	
4.04	-2.0517	0.8687	-0.8507	0.2217	
4.05	-2.1455	1.2597	-0.841	0.3847	
4.06	-1.4283	1.4749	-0.9282	0.4966	
4.07	-2.5652	1.5998	-0.9093	0.3973	
4.08	-0.9759	2.0295	-0.8734	0.2697	
4.09	-3.0145	1.9491	-0.9598	0.0432	
4.1	-0.7604	2.2766	-0.8678	-0.2749	
4.11	-2.6305	2.1875	-0.7106	-0.5977	
4.12	-0.8523	2.0752	-0.6574	-0.9443	
4.13	-2.5855	2.1993	-0.527	-1.1517	
4.14	-1.1632	2.1332	-0.4897	-1.321	
4.15	-2.0958	1.9062	-0.3277	-1.2479	
4.16	-1.642	1.5955	-0.1802	-1.2508	
4.17	-1.5692	1.3034	-0.0336	-1.1168	
4.18	-2.0621	1.2279	0.115	-0.7087	
4.19	-1.0976	0.8534	0.2626	-0.4383	
4.2	-2.4449	0.5135	0.405	-0.0542	
4.21	-0.844	0.1734	0.5203	0.2704	
4.22	-2.7806	-0.1393	0.6308	0.5747	
4.23	-0.6949	-0.4911	0.7319	0.7505	
4.24	-2.3926	-0.7431	0.9961	0.8641	
4.25	-0.7172	-1.0101	1.0107	0.8892	
4.26	-2.2276	-1.1421	0.9899	0.8048	
4.27	-1.1917	-1.5844	1.0707	0.5161	
4.28	-1.6631	-1.6618	1.2405	0.2013	
4.29	-1.7346	-1.6952	1.1393	-0.1041	
4.3	-1.2955	-1.7726	1.167	-0.4156	
4.31	-1.9765	-1.812	1.1455	-0.686	
4.32	-0.6524	-1.6133	1.124	-0.9414	
4.33	-2.126	-1.6355	1.1165	-0.9434	
4.34	-0.4394	-1.4979	1.2705	-0.9151	
4.35	-2.5403	-1.3683	1.0905	-0.7522	
4.36	-0.3797	-1.1532	1.1474	-0.6112	
4.37	-2.1514	-0.8753	1.0566	-0.2606	
4.38	-0.6752	-0.6373	0.8584	0.0751	
4.39	-1.8047	-0.3852	0.8051	0.386	
4.4	-1.0323	-0.0942	0.7561	0.6877	
4.41	-1.2944	0.1617	0.7462	0.8493	
4.42	-1.5692	0.4258	0.6366	0.9441	
4.43	-0.6313	0.6805	0.6659	0.9601	
4.44	-1.8851	0.8169	0.5382	0.867	
4.45	-0.2733	0.9532	0.5121	0.6675	
4.46	-1.9698	1.2022	0.5402	0.2926	
4.47	-0.0704	1.3394	0.4802	-0.0292	
4.48	-2.1981	1.2711	0.4363	-0.3543	
4.49	-0.1299	1.1578	0.4334	-0.6573	
4.5	-1.7257	1.2934	0.4289	-0.934	
4.51	-0.4075	1.2133	0.4571	-1.14	
4.52	-1.3202	1.1296	0.5185	-1.0527	
4.53	-0.8257	0.8926	0.4891	-1.0923	
4.54	-0.6352	0.7677	0.58	-0.8068	
4.55	-1.3652	0.6995	0.5557	-0.5388	
4.56	-0.1724	0.472	0.6486	-0.2748	
4.57	-1.6277	0.2751	0.7307	0.0582	
4.58	0.1623	0.1222	0.6945	0.3158	
4.59	-1.8906	-0.0662	0.6898	0.5309	
4.6	0.277	-0.2288	0.8572	0.7	
4.61	-1.4607	-0.4011	0.8874	0.6341	
4.62	0.1326	-0.4921	0.9059	0.5681	
4.63	-1.1008	-0.5982	0.7994	0.2999	
4.64	-0.238	-0.6848	0.9006	-0.0313	
4.65	-0.6937	-0.8	0.8949	-0.4046	
4.66	-0.6932	-0.8202	0.8911	-0.7158	
4.67	-0.1359	-0.8325	0.8386	-1.1599	
4.68	-1.1742	-0.7488	0.8923	-1.491	
4.69	0.3608	-0.7312	0.814	-1.462	
4.7	-1.4561	-0.7699	0.9309	-1.6788	
4.71	0.5946	-0.6382	0.819	-1.4889	
4.72	-1.4027	-0.5956	0.8411	-1.3309	
4.73	0.6334	-0.6129	0.7606	-1.1517	
4.74	-1.1748	-0.5161	0.8122	-0.8293	
4.75	0.3179	-0.3931	0.7354	-0.5467	
4.76	-0.6761	-0.4092	0.7831	-0.3342	
4.77	-0.0661	-0.337	0.7474	-0.0949	
4.78	-0.1592	-0.3083	0.7037	0.0417	
4.79	-0.5228	-0.2793	0.824	0.0665	
4.8	0.3306	-0.2443	0.7684	-0.0365	
4.81	-0.9726	-0.2981	0.7712	-0.238	
4.82	0.796	-0.318	0.7978	-0.5151	
4.83	-1.1872	-0.3327	0.9102	-0.9337	
4.84	0.9308	-0.3501	0.8674	-1.2992	
4.85	-1.0926	-0.4013	0.851	-1.523	
4.86	0.8136	-0.5413	1.0834	-1.7649	
4.87	-0.6927	-0.6054	1.1028	-2.166	
4.88	0.441	-0.6335	1.0165	-2.3692	
4.89	-0.2631	-0.7045	1.1414	-2.0454	
4.9	0.0022	-0.6531	1.1662	-2.011	
4.91	0.2766	-0.677	1.3984	-1.8138	
4.92	-0.4993	-0.6727	1.2763	-1.4673	
4.93	0.7811	-0.735	1.3326	-1.0478	
4.94	-0.7472	-0.7481	1.6383	-0.7741	
4.95	1.0943	-0.6006	1.6966	-0.5242	
4.96	-0.8538	-0.5375	1.7104	-0.3117	
4.97	1.1817	-0.4701	1.5193	-0.2856	
4.98	-0.8098	-0.3912	1.6383	-0.29	
4.99	0.9415	-0.2526	1.6463	-0.4922	
5.0	-0.3657	-0.1338	1.4855	-0.6886	
5.01	0.42	-0.0015	1.4721	-1.0697	
5.02	0.0994	0.139	1.4999	-1.2987	
5.03	-0.0238	0.2522	1.337	-1.7505	
5.04	0.6605	0.3705	1.2835	-1.9916	
5.05	-0.4702	0.4911	1.3447	-2.2585	
5.06	1.0558	0.6096	1.1071	-2.155	
5.07	-0.7117	0.6118	1.1209	-2.1989	
5.08	1.1511	0.6454	1.0465	-2.1317	
5.09	-0.7906	0.6443	0.7877	-1.9038	
5.1	1.0924	0.6514	0.719	-1.3341	
5.11	-0.6006	0.5599	0.6443	-1.1034	
5.12	0.8195	0.4015	0.5001	-0.657	
5.13	-0.1346	0.2517	0.3567	-0.3469	
5.14	0.3378	0.0968	0.2679	-0.1111	
5.15	0.3657	-0.0867	0.162	0.0191	
5.16	-0.169	-0.3042	0.0802	0.0462	
5.17	0.8538	-0.5747	0.0053	-0.0393	
5.18	-0.5842	-0.7822	-0.0545	-0.2219	
5.19	1.024	-1.1368	-0.0836	-0.496	
5.2	-0.8144	-1.2619	-0.1048	-0.806	
5.21	1.2579	-1.6001	-0.1042	-1.098	
5.22	-0.7636	-1.6318	-0.0854	-1.3512	
5.23	0.9637	-2.0013	-0.0307	-1.6152	
5.24	-0.48	-2.1858	0.0364	-1.4482	
5.25	0.6742	-2.389	0.1313	-1.5489	
5.26	0.0023	-2.1954	0.2084	-1.2873	
5.27	0.1025	-2.4712	0.3211	-1.1458	
5.28	0.5407	-2.242	0.5231	-0.7359	
5.29	-0.3746	-2.3546	0.6233	-0.335	
5.3	0.872	-1.9544	0.7349	0.0801	
5.31	-0.7912	-1.9716	1.042	0.4885	
5.32	1.1891	-1.6298	1.1286	0.674	
5.33	-0.7948	-1.5724	1.3794	1.0096	
5.34	1.1077	-1.1395	1.4302	1.0866	
5.35	-0.8187	-0.9199	1.6911	1.0733	
5.36	0.8549	-0.6849	1.7272	0.7697	
5.37	-0.4196	-0.3335	1.8413	0.5835	
5.38	0.3218	-0.0459	1.7713	0.3567	
5.39	0.057	0.2415	1.9286	0.0762	
5.4	-0.209	0.5198	2.1439	-0.1752	
5.41	0.5566	0.8193	2.0334	-0.3434	
5.42	-0.7169	0.9959	2.1269	-0.3785	
5.43	0.89	1.0346	2.1318	-0.3886	
5.44	-0.918	1.2634	1.9681	-0.2379	
5.45	1.0013	1.3209	1.7715	0.0184	
5.46	-1.1034	1.3084	1.9762	0.3259	
5.47	0.7836	1.2443	1.5987	0.7919	
5.48	-0.7501	1.0977	1.3948	1.2356	
5.49	0.424	0.8983	1.2369	1.518	
5.5	-0.4153	0.8551	1.0218	1.8851	
5.51	-0.0895	0.5447	0.8763	2.0031	
5.52	0.042	0.27	0.6265	2.2682	
5.53	-0.5773	-0.0201	0.4065	1.9518	
5.54	0.4571	-0.3673	0.2325	2.0604	
5.55	-1.0089	-0.6652	-0.0069	1.8054	
5.56	0.6808	-1.0078	-0.2043	1.5057	
5.57	-1.2927	-1.2151	-0.4239	1.2891	
5.58	0.7052	-1.6507	-0.6796	0.8922	
5.59	-1.2779	-1.7943	-0.7746	0.7567	
5.6	0.4873	-2.2687	-0.9242	0.63	
5.61	-0.8619	-2.5284	-0.9603	0.6417	
5.62	0.036	-2.3406	-1.1916	0.7445	
5.63	-0.4872	-2.4239	-1.1895	0.8762	
5.64	-0.4857	-2.5056	-1.2013	1.3011	
5.65	-0.002	-2.4886	-1.1993	1.6825	
5.66	-0.9468	-2.4394	-1.0949	2.0601	
5.67	0.3481	-2.6431	-1.0345	2.2968	
5.68	-1.4137	-2.1703	-0.8834	2.6925	
5.69	0.5268	-1.9966	-0.8826	2.8586	
5.7	-1.4812	-1.9401	-0.6151	3.1061	
5.71	0.4759	-1.7686	-0.4406	2.6172	
5.72	-1.3574	-1.3604	-0.2904	2.8055	
5.73	0.1267	-1.3009	-0.0447	2.6359	
5.74	-1.0568	-0.909	0.1965	2.1869	
5.75	-0.3562	-0.6022	0.4601	1.8488	
5.76	-0.5313	-0.4134	0.677	1.6544	
5.77	-0.8271	-0.1334	0.819	1.2322	
5.78	-0.0517	0.0749	1.1353	1.044	
5.79	-1.4428	0.2887	1.226	0.9148	
5.8	0.2717	0.3988	1.4457	1.0659	
5.81	-1.5566	0.5742	1.6246	1.2083	
5.82	0.3692	0.5679	1.6886	1.2526	
5.83	-1.5543	0.6628	2.0127	1.6205	
5.84	0.1707	0.5515	2.0571	2.0714	
5.85	-1.2503	0.5424	1.9872	2.4204	
5.86	-0.2193	0.4014	1.8645	2.7965	
5.87	-0.9988	0.2865	1.9034	2.8526	
5.88	-0.7963	0.1507	2.0255	3.1141	
5.89	-0.5031	-0.0103	1.5729	2.5303	
5.9	-1.2722	-0.2096	1.4921	2.7208	
5.91	-0.0531	-0.3996	1.5107	2.4581	
5.92	-1.7079	-0.6342	1.0499	1.9298	
5.93	0.1733	-0.7472	0.8872	1.8064	
5.94	-1.8208	-1.0437	0.5962	1.3113	
5.95	0.1977	-1.079	0.4005	1.0028	
5.96	-1.8258	-1.2537	0.0955	0.6363	
5.97	-0.0624	-1.4581	-0.2081	0.5646	
5.98	-1.3442	-1.6383	-0.4475	0.4834	
5.99	-0.4873	-1.7385	-0.8231	0.5469	
6.0	-0.944	-1.5536	-1.0115	0.7006	
6.01	-1.0135	-1.8311	-1.3226	0.9992	
6.02	-0.3396	-1.6573	-1.487	1.2029	
6.03	-1.3448	-1.6329	-1.7443	1.5018	
6.04	0.0072	-1.6391	-1.9681	1.638	
6.05	-1.7314	-1.5675	-2.1546	2.1192	
6.06	0.1903	-1.3538	-1.9259	2.1045	
6.07	-1.6562	-1.291	-2.1799	1.9614	
6.08	0.0909	-1.1819	-2.216	1.6549	
6.09	-1.4913	-1.1673	-2.163	1.4917	
6.1	-0.198	-1.0469	-1.9787	1.0784	
6.11	-1.0578	-0.952	-2.0233	0.7249	
6.12	-0.6787	-1.015	-1.7247	0.4084	
6.13	-0.7077	-0.8884	-1.826	0.0233	
6.14	-1.2625	-0.908	-1.6767	-0.2749	
6.15	-0.1798	-0.8467	-1.2513	-0.4779	
6.16	-1.6682	-0.8127	-1.0288	-0.6335	
6.17	0.1578	-0.8607	-0.9002	-0.576	
6.18	-1.8924	-0.8113	-0.5127	-0.4516	
6.19	0.2491	-0.8667	-0.3169	-0.2077	
6.2	-1.5059	-0.9246	-0.0338	0.0491	
6.21	0.0964	-1.1172	0.2446	0.3106	
6.22	-1.2899	-0.9754	0.5133	0.584	
6.23	-0.2866	-1.0644	0.6769	0.735	
6.24	-0.9129	-1.1889	0.8269	0.924	
6.25	-0.7639	-1.3005	1.0123	0.7712	
6.26	-0.3562	-1.2984	1.3223	0.6594	
6.27	-1.0959	-1.1958	1.2892	0.5057	
6.28	0.133	-1.2605	1.5405	0.1452	
6.29	-1.3809	-1.1739	1.5282	-0.2182	
6.3	0.4223	-1.1707	1.3072	-0.6413	
6.31	-1.6282	-1.0799	1.3158	-1.0209	
6.32	0.4356	-0.8878	1.3592	-1.2798	
6.33	-1.4461	-0.7822	1.2107	-1.4375	
6.34	0.2059	-0.7915	0.923	-1.7737	
6.35	-1.0486	-0.5811	0.8729	-1.7041	
6.36	-0.2192	-0.5294	0.6485	-1.4867	
6.37	-0.4181	-0.3892	0.3822	-1.2774	
6.38	-0.7089	-0.2974	0.0885	-0.9365	
6.39	0.1165	-0.1869	-0.2073	-0.6461	
6.4	-1.0602	-0.1098	-0.4585	-0.36	
6.41	0.5025	-0.0555	-0.763	-0.1557	
6.42	-1.3281	-0.0267	-1.1397	-0.0131	
6.43	0.7079	-0.0158	-1.3127	0.0289	
6.44	-1.2118	-0.0414	-1.7068	-0.0431	
6.45	0.6206	-0.0951	-1.9178	-0.2308	
6.46	-1.0156	-0.1773	-2.0891	-0.4513	
6.47	0.3377	-0.2925	-2.0447	-0.7582	
6.48	-0.4493	-0.4252	-2.5869	-1.2667	
6.49	-0.052	-0.6227	-2.3929	-1.6838	
6.5	0.1229	-0.7604	-2.5741	-1.7092	
6.51	-0.4776	-1.0167	-2.5739	-1.966	
6.52	0.686	-1.2528	-2.7034	-2.0456	
6.53	-0.8668	-1.4091	-2.6096	-2.1332	
6.54	1.05	-1.5954	-2.6639	-1.9447	
6.55	-0.8958	-1.9614	-2.3854	-1.6868	
6.56	1.0956	-2.17	-2.3801	-1.4222	
6.57	-0.7199	-2.2115	-2.2703	-1.0817	
6.58	0.937	-2.5172	-1.8867	-0.7645	
6.59	-0.3854	-2.652	-1.9308	-0.4566	
6.6	0.5513	-2.7776	-1.6629	-0.2798	
6.61	0.1491	-2.7314	-1.4617	-0.1596	
6.62	0.1871	-2.7356	-1.0912	-0.1629	
6.63	0.6628	-2.6191	-0.8434	-0.298	
6.64	-0.2412	-2.4637	-0.5429	-0.4892	
6.65	1.1953	-2.2062	-0.3587	-0.7777	
6.66	-0.4908	-2.0624	-0.1369	-1.1178	
6.67	1.576	-1.8955	0.0879	-1.3694	
6.68	-0.5138	-1.6539	0.2836	-1.7381	
6.69	1.4712	-1.3752	0.432	-1.9995	
6.7	-0.2303	-1.119	0.5771	-2.009	
6.71	1.1743	-0.7038	0.7127	-1.7718	
6.72	0.2261	-0.4389	0.8082	-1.7088	
6.73	0.8737	-0.1334	0.7545	-1.5437	
6.74	0.7842	0.1459	0.7429	-1.2267	
6.75	0.4749	0.3689	0.675	-0.833	
6.76	1.2546	0.5623	0.611	-0.4974	
6.77	0.0932	0.7583	0.5481	-0.2039	
6.78	1.6044	0.9482	0.4479	0.0597	
6.79	-0.0771	0.9788	0.2672	0.2276	
6.8	1.8401	0.999	0.09	0.2814	
6.81	0.018	0.9332	-0.1036	0.1797	
6.82	1.953	0.792	-0.3426	0.0119	
6.83	0.3192	0.6589	-0.6034	-0.2588	
6.84	1.6762	0.5051	-0.8407	-0.523	
6.85	0.8846	0.3101	-1.1085	-0.9256	
6.86	1.1905	0.026	-1.235	-1.182	
6.87	1.3594	-0.2675	-1.4197	-1.2718	
6.88	0.6648	-0.566	-1.6883	-1.5192	
6.89	1.8485	-0.9467	-1.7115	-1.3825	
6.9	0.411	-1.2526	-2.0622	-1.3216	
6.91	2.2313	-1.6654	-2.1049	-1.0889	
6.92	0.3291	-1.9787	-2.4016	-0.7446	
6.93	2.3286	-1.934	-2.5798	-0.4319	
6.94	0.5153	-2.3331	-2.5877	-0.0632	
6.95	2.3628	-2.4898	-2.2878	0.2596	
6.96	0.8772	-2.7264	-2.4276	0.5765	
6.97	1.9044	-3.1103	-2.3471	0.671	
6.98	1.4413	-3.0991	-2.2153	0.8248	
6.99	1.4072	-2.6683	-2.4202	0.7731	
7.0	2.0278	-2.9805	-2.2899	0.6198	
7.01	0.8503	-3.0143	-2.1304	0.3319	
7.02	2.3876	-2.8461	-1.801	0.0288	
7.03	0.7355	-2.2958	-1.6396	-0.2959	
7.04	2.7452	-2.343	-1.5223	-0.6017	
7.05	0.7218	-1.9032	-1.487	-0.8363	
7.06	2.615	-1.6773	-1.0833	-0.9429	
7.07	0.8683	-1.4342	-0.9728	-1.1214	
7.08	2.4306	-1.1277	-0.7494	-0.9397	
7.09	1.3444	-0.7397	-0.5826	-0.7536	
7.1	2.0112	-0.4747	-0.4574	-0.5013	
7.11	2.1273	-0.1947	-0.2715	-0.1923	
7.12	1.3278	0.0367	-0.141	0.1704	
7.13	2.3892	0.2431	-0.0284	0.5236	
7.14	1.0153	0.4309	0.0591	0.788	
7.15	2.5701	0.4901	0.1253	0.8531	
7.16	0.8714	0.6275	0.1863	1.034	
7.17	3.0637	0.6404	0.2018	1.0083	
7.18	0.9812	0.5884	0.2206	0.7962	
7.19	2.6543	0.5493	0.192	0.5231	
7.2	1.4089	0.5086	0.1398	0.2042	
7.21	2.5224	0.4029	0.0886	-0.1204	
7.22	1.6575	0.231	0.014	-0.4872	
7.23	1.901	0.0516	-0.0892	-0.7085	
7.24	2.1816	-0.1374	-0.1978	-0.903	
7.25	1.5538	-0.3758	-0.277	-1.0521	
7.26	2.4586	-0.5712	-0.4453	-0.9688	
7.27	1.076	-0.7119	-0.523	-0.8702	
7.28	2.6958	-1.0568	-0.7326	-0.648	
7.29	0.987	-1.2378	-0.7809	-0.4084	
7.3	2.8484	-1.2363	-0.9472	-0.0887	
7.31	1.236	-1.4441	-1.0332	0.2191	
7.32	2.7133	-1.4499	-1.0971	0.5021	
7.33	1.3941	-1.8173	-1.3432	0.7229	
7.34	2.0633	-1.8424	-1.2735	0.6881	
7.35	1.8621	-1.7875	-1.2851	0.7124	
7.36	1.7479	-1.8268	-1.4243	0.5241	
7.37	2.7156	-1.5911	-1.4475	0.3183	
7.38	1.3355	-1.8589	-1.3701	-0.0372	
7.39	2.6272	-1.6209	-1.4239	-0.3916	
7.4	1.0381	-1.4787	-1.5442	-0.7525	
7.41	2.7645	-1.2817	-1.5296	-1.019	
7.42	0.8983	-1.2071	-1.4207	-1.3572	
7.43	3.0506	-1.1454	-1.3534	-1.4313	
7.44	1.1934	-1.1662	-1.1961	-1.5441	
7.45	2.6285	-0.9387	-1.1737	-1.3824	
7.46	1.6495	-0.953	-1.0025	-1.3117	
7.47	1.8588	-0.7444	-1.0417	-0.9327	
7.48	2.056	-0.7772	-0.8859	-0.6736	
7.49	1.535	-0.6845	-0.8228	-0.3141	
7.5	2.5473	-0.6503	-0.6497	-0.0352	
7.51	1.0673	-0.6491	-0.5465	0.1762	
7.52	2.9198	-0.5921	-0.5376	0.2834	
7.53	0.7626	-0.5785	-0.417	0.2748	
7.54	2.6192	-0.6134	-0.3421	0.1396	
7.55	0.9121	-0.6167	-0.2997	-0.111	
7.56	2.6559	-0.6403	-0.2358	-0.4153	
7.57	1.0735	-0.7228	-0.2128	-0.8056	
7.58	1.8682	-0.8082	-0.1885	-1.0827	
7.59	1.6953	-0.7458	-0.1466	-1.5694	
7.6	1.4917	-0.89	-0.1471	-1.7091	
7.61	2.1461	-0.8399	-0.1335	-1.821	
7.62	1.0839	-0.9276	-0.1164	-1.8174	
7.63	2.3661	-0.9281	-0.1265	-1.7626	
7.64	0.6829	-0.8527	-0.1423	-1.6048	
7.65	2.5861	-0.8088	-0.1555	-1.3095	
7.66	0.5651	-0.7468	-0.1805	-1.0115	
7.67	2.4009	-0.5719	-0.2006	-0.7538	
7.68	0.6866	-0.5016	-0.2389	-0.398	
7.69	2.0481	-0.451	-0.2433	-0.1297	
7.7	0.9465	-0.3343	-0.2346	0.0176	
7.71	1.7098	-0.2469	-0.2674	0.0591	
7.72	1.4707	-0.1373	-0.2635	-0.0114	
7.73	1.055	-0.0455	-0.2859	-0.2084	
7.74	1.6851	0.0365	-0.2632	-0.4796	
7.75	0.5107	0.105	-0.2811	-0.6982	
7.76	2.2454	0.1383	-0.2313	-1.1009	
7.77	0.2237	0.1591	-0.2383	-1.3974	
7.78	2.1479	0.1549	-0.1793	-1.6382	
7.79	0.1818	0.1386	-0.1698	-1.8208	
7.8	2.1184	0.0666	-0.12	-1.6968	
7.81	0.3644	-0.0262	-0.0808	-1.6338	
7.82	1.3855	-0.1576	-0.0523	-1.4114	
7.83	0.771	-0.2893	-0.0101	-1.1817	
7.84	0.9846	-0.4878	0.0296	-0.8996	
7.85	1.1074	-0.6236	0.063	-0.5541	
7.86	0.4519	-0.8263	0.0888	-0.1837	
7.87	1.55	-1.085	0.128	0.1216	
7.88	-0.0021	-1.2471	0.143	0.3112	
7.89	1.7541	-1.345	0.1452	0.4477	
7.9	-0.2003	-1.5606	0.1775	0.4541	
7.91	1.6899	-1.5843	0.1801	0.3154	
7.92	-0.1463	-1.9295	0.1481	0.1092	
7.93	1.4945	-2.0937	0.1407	-0.1434	
7.94	0.1155	-1.8991	0.124	-0.4811	
7.95	0.9386	-2.1921	0.0908	-0.8022	
7.96	0.507	-1.9939	0.0563	-1.0287	
7.97	0.3408	-2.0465	0.0137	-1.086	
7.98	1.0639	-1.9189	-0.0306	-1.1444	
7.99	-0.1652	-1.8105	-0.076	-0.998	
8.0	1.2011	-1.564	-0.1306	-0.8952	
8.01	-0.4682	-1.3691	-0.1707	-0.5311	
8.02	1.448	-1.0992	-0.2299	-0.1814	
8.03	-0.5597	-0.8306	-0.2519	0.2247	
8.04	1.1904	-0.5513	-0.2748	0.6222	
8.05	-0.495	-0.2617	-0.3221	0.9709	
8.06	0.813	0.0523	-0.3086	1.3093	
8.07	-0.1066	0.3422	-0.3439	1.392	
8.08	0.3465	0.5709	-0.315	1.4599	
8.09	0.3166	0.9064	-0.2692	1.465	
8.1	-0.2474	1.1457	-0.259	1.1564	
8.11	0.7678	1.1831	-0.1895	0.9212	
8.12	-0.7421	1.3247	-0.1482	0.6817	
8.13	1.0586	1.546	-0.0691	0.3835	
8.14	-0.9458	1.504	0.021	0.1427	
8.15	0.9608	1.482	0.1144	-0.0201	
8.16	-1.017	1.3008	0.2418	-0.0741	
8.17	0.8259	1.2266	0.3885	-0.0099	
8.18	-0.7394	0.9611	0.4541	0.153	
8.19	0.3178	0.903	0.6509	0.4899	
8.2	-0.2987	0.564	0.8085	0.8479	
8.21	-0.2242	0.2922	0.9528	1.2294	
8.22	0.16	0.0044	1.0778	1.6542	
8.23	-0.8068	-0.3431	1.0553	2.0517	
8.24	0.4903	-0.6952	1.1672	2.161	
8.25	-1.2061	-1.0265	1.2399	2.1641	
8.26	0.769	-1.1856	1.4513	2.6826	
8.27	-1.3666	-1.5173	1.5614	2.5572	
8.28	0.6457	-1.8258	1.5369	2.0844	
8.29	-1.1277	-1.9598	1.6475	1.8817	
8.3	0.3349	-2.2866	1.4556	1.7757	
8.31	-0.8495	-2.0393	1.4951	1.3489	
8.32	-0.1141	-2.2886	1.4108	1.0697	
8.33	-0.3736	-2.3974	1.5291	0.8542	
8.34	-0.6071	-2.3101	1.2868	0.7786	
8.35	0.0917	-2.2329	1.4147	0.7317	
8.36	-1.0474	-2.0512	1.277	0.9436	
8.37	0.4595	-1.8585	0.9789	1.1209	
8.38	-1.336	-1.6981	0.9036	1.485	
8.39	0.5535	-1.1688	0.7405	1.87	
8.4	-1.5923	-1.0111	0.6649	2.3549	
8.41	0.3859	-0.7459	0.4536	2.536	
8.42	-1.2861	-0.3645	0.3394	2.955	
8.43	0.0254	-0.0657	0.1621	2.9377	
8.44	-0.8398	0.2219	0.0188	3.1502	
8.45	-0.4903	0.4762	-0.1178	2.8252	
8.46	-0.2988	0.8029	-0.2288	2.9123	
8.47	-0.958	0.9544	-0.3771	2.4067	
8.48	0.1223	1.2342	-0.4298	1.9958	
8.49	-1.3301	1.2082	-0.5044	1.8227	
8.5	0.4071	1.426	-0.4872	1.3183	
8.51	-1.6968	1.4196	-0.5119	1.1328	
8.52	0.4358	1.3782	-0.5169	1.0522	
8.53	-1.6198	1.4706	-0.4244	0.9384	
8.54	0.2127	1.3391	-0.3621	0.9802	
8.55	-1.1917	1.2994	-0.2966	1.0291	
8.56	-0.2183	1.1205	-0.1673	1.3592	
8.57	-0.6902	0.9045	-0.0182	1.7827	
8.58	-0.6724	0.6181	0.1459	1.8401	
8.59	-0.1823	0.4762	0.3717	2.2389	
8.6	-1.1387	0.2314	0.5466	2.5541	
8.61	0.2182	-0.0067	0.7766	2.7012	
8.62	-1.5009	-0.2212	0.9467	2.4542	
8.63	0.4786	-0.4071	1.1474	2.4405	
8.64	-1.5281	-0.6657	1.3982	2.3231	
8.65	0.3842	-0.8012	1.6825	2.0248	
8.66	-1.3398	-0.925	1.8055	1.6467	
8.67	0.1045	-1.0385	1.86	1.2457	
8.68	-0.8796	-1.1884	2.2657	0.8217	
8.69	-0.365	-1.1564	2.3678	0.642	
8.7	-0.4678	-1.1419	2.2718	0.3142	
8.71	-0.8098	-1.013	2.3147	0.1856	
8.72	0.0713	-1.1346	2.4411	0.201	
8.73	-1.1514	-0.9241	2.8082	0.2915	
8.74	0.4327	-0.8324	2.8019	0.4558	
8.75	-1.3903	-0.7473	2.7004	0.66	
8.76	0.5112	-0.5507	2.58	1.0356	
8.77	-1.4935	-0.4581	2.2166	1.1337	
8.78	0.4478	-0.3234	2.3404	1.3502	
8.79	-1.069	-0.1756	2.105	1.6568	
8.8	0.086	-0.0691	1.9549	1.6676	
8.81	-0.6365	0.049	1.4893	1.3986	
8.82	-0.3675	0.1655	1.3678	1.3561	
8.83	-0.0788	0.2476	1.0948	1.0291	
8.84	-0.8402	0.2896	0.8463	0.7013	
8.85	0.3816	0.3342	0.6976	0.2647	
8.86	-1.1352	0.3852	0.407	-0.1425	
8.87	0.6746	0.3596	0.2113	-0.5209	
8.88	-1.2601	0.3818	-0.0178	-0.8331	
8.89	0.6717	0.3248	-0.2098	-0.9798	
8.9	-1.1841	0.33	-0.4388	-1.0187	
8.91	0.5288	0.2645	-0.5601	-1.0622	
8.92	-0.8097	0.2404	-0.6311	-0.8559	
8.93	0.107	0.1777	-0.791	-0.5414	
8.94	-0.248	0.1467	-0.8836	-0.3075	
8.95	-0.349	0.1319	-0.8465	-0.0305	
8.96	0.2818	0.0998	-0.7828	0.2136	
8.97	-0.7193	0.0994	-0.7283	0.3699	
8.98	0.6678	0.107	-0.6694	0.3925	
8.99	-1.0044	0.1317	-0.5816	0.4021	
9.0	0.942	0.1687	-0.4035	0.1875	
9.01	-0.9546	0.2065	-0.209	-0.0631	
9.02	0.7934	0.2897	-0.0123	-0.3722	
9.03	-0.7263	0.3513	0.21	-0.8511	
9.04	0.6358	0.4416	0.4559	-1.1449	
9.05	-0.3604	0.5365	0.7608	-1.5214	
9.06	0.1353	0.5548	1.0493	-1.6693	
9.07	0.2081	0.6987	1.2534	-1.814	
9.08	-0.3443	0.7886	1.4167	-2.1585	
9.09	0.653	0.9124	1.7147	-2.1252	
9.1	-0.6588	0.8922	1.9039	-1.8634	
9.11	0.9902	0.951	2.2248	-1.515	
9.12	-0.7878	0.9991	2.3166	-1.3673	
9.13	1.1721	0.8896	2.735	-1.0308	
9.14	-0.7157	0.8407	2.5215	-0.7533	
9.15	0.9153	0.8068	2.8319	-0.5378	
9.16	-0.4176	0.6729	3.1454	-0.4162	
9.17	0.5795	0.5258	2.6917	-0.4031	
9.18	0.0421	0.419	2.7589	-0.4777	
9.19	0.1632	0.26	2.8738	-0.69	
9.2	0.5628	0.1126	2.8622	-0.9374	
9.21	-0.31	-0.0675	2.7022	-1.4245	
9.22	0.9924	-0.2492	2.3321	-1.7634	
9.23	-0.6217	-0.4198	1.9469	-2.1265	
9.24	1.1588	-0.5716	1.7716	-2.1687	
9.25	-0.6761	-0.747	1.5385	-2.3076	
9.26	1.2342	-0.9149	1.4791	-2.5662	
9.27	-0.567	-1.0114	1.1268	-2.3433	
9.28	0.9859	-0.93	0.7451	-2.3338	
9.29	-0.1357	-1.1039	0.497	-1.8147	
9.3	0.5455	-1.0632	0.2232	-1.5968	
9.31	0.3861	-1.0625	-0.0494	-1.2413	
9.32	0.0984	-0.84	-0.3337	-0.8835	
9.33	0.8343	-0.8257	-0.5667	-0.6351	
9.34	-0.3091	-0.591	-0.7244	-0.5197	
9.35	1.3087	-0.384	-0.8911	-0.3966	
9.36	-0.5259	-0.1551	-0.9963	-0.4136	
9.37	1.2919	0.1097	-1.0838	-0.5703	
9.38	-0.5738	0.4081	-1.3055	-0.8834	
9.39	1.309	0.7076	-1.4121	-1.0486	
9.4	-0.332	0.9298	-1.2196	-1.5529	
9.41	0.9467	1.1028	-1.2823	-1.5961	
9.42	0.1094	1.38	-1.2084	-2.113	
9.43	0.4677	1.619	-0.9678	-2.2783	
9.44	0.5982	1.9631	-0.9207	-2.1201	
9.45	-0.0289	2.0862	-0.6142	-2.1495	
9.46	1.1479	2.4435	-0.4876	-2.0937	
9.47	-0.4387	2.2997	-0.2295	-1.7076	
9.48	1.4876	2.4295	0.0313	-1.1741	
9.49	-0.6175	2.1376	0.2628	-0.9496	
9.5	1.4544	2.4663	0.5921	-0.498	
9.51	-0.5224	2.1927	0.873	-0.2166	
9.52	1.0622	1.7823	1.1686	0.0148	
9.53	-0.2061	1.6369	1.2153	0.1458	
9.54	0.7758	1.4568	1.4582	0.1724	
9.55	0.2889	1.1747	1.7857	0.0617	
9.56	0.2055	0.8902	2.1388	-0.1528	
9.57	0.8115	0.6359	2.2301	-0.4274	
9.58	-0.2505	0.2761	2.3415	-0.7232	
9.59	1.1999	-0.0214	2.1969	-0.947	
9.6	-0.6013	-0.3481	2.4073	-1.3049	
9.61	1.2469	-0.5807	2.422	-1.5178	
9.62	-0.6375	-0.8501	2.2934	-1.3666	
9.63	1.3253	-1.1439	2.0887	-1.3776	
9.64	-0.5375	-1.1275	2.0142	-1.3942	
9.65	0.9195	-1.2805	1.9053	-1.1177	
9.66	-0.1702	-1.4214	1.9272	-0.6911	
9.67	0.4257	-1.4316	1.4794	-0.316	
9.68	0.3094	-1.229	1.2476	0.0566	
9.69	-0.1419	-1.3817	1.1876	0.4255	
9.7	0.7892	-1.2129	0.7949	0.6288	
9.71	-0.6126	-0.9709	0.5968	0.8306	
9.72	1.0122	-0.7155	0.2918	0.7914	
9.73	-0.8889	-0.4463	0.0133	0.8015	
9.74	1.0808	-0.1103	-0.2783	0.5668	
9.75	-0.9509	0.2021	-0.4659	0.3104	
9.76	0.9463	0.4956	-0.7595	-0.0202	
9.77	-0.5908	0.7728	-0.8956	-0.319	
9.78	0.5427	1.0892	-1.2628	-0.588	
9.79	-0.2569	1.3618	-1.2936	-0.8771	
9.8	-0.0422	1.7719	-1.4129	-1.0074	
9.81	0.2194	1.9681	-1.5928	-0.9481	
9.82	-0.6231	1.9656	-1.7097	-0.7863	
9.83	0.6166	2.2783	-1.7847	-0.5873	
9.84	-0.9289	2.444	-1.6788	-0.3129	
9.85	0.7849	2.2013	-1.5602	0.0307	
9.86	-1.1229	2.6012	-1.5249	0.3539	
9.87	0.7063	2.6126	-1.5648	0.6477	
9.88	-1.0385	2.2071	-1.1889	0.8826	
9.89	0.5078	2.3628	-1.1327	1.1408	
9.9	-0.8235	2.056	-0.9196	1.1412	
9.91	-0.0182	1.749	-0.7415	1.1138	
9.92	-0.4238	1.5093	-0.6317	0.8339	
9.93	-0.5848	1.2708	-0.3462	0.5878	
9.94	0.0419	1.0134	-0.156	0.2553	
9.95	-1.0302	0.91	0.073	-0.1043	
9.96	0.3342	0.653	0.2764	-0.4277	
9.97	-1.3808	0.4079	0.427	-0.6826	
9.98	0.4707	0.1913	0.5923	-0.8142	
9.99	-1.3967	0.0068	0.8829	-0.8301	
10.0	0.3216	-0.1636	1.0416	-0.8652	
10.01	-1.2769	-0.2726	1.1514	-0.6271	
10.02	-0.0697	-0.3641	1.1063	-0.4261	
10.03	-1.1162	-0.3783	1.1103	-0.1178	
10.04	-0.5558	-0.4193	1.2737	0.2357	
10.05	-0.5625	-0.4276	1.3121	0.5582	
10.06	-1.2098	-0.3537	1.1792	0.7459	
10.07	-0.1999	-0.2819	1.0924	0.9146	
10.08	-1.6133	-0.1726	1.0325	0.9352	
10.09	0.0547	-0.0291	0.9324	0.7958	
10.1	-1.8966	0.1046	0.7666	0.737	
10.11	0.0626	0.2506	0.6258	0.3862	
10.12	-2.0174	0.4606	0.4317	0.0755	
10.13	-0.1775	0.589	0.2616	-0.2715	
10.14	-1.7151	0.6981	0.0425	-0.6211	
10.15	-0.6393	0.877	-0.1537	-0.9521	
10.16	-1.3587	1.0646	-0.3999	-1.0505	
10.17	-1.2322	1.0684	-0.5573	-1.3197	
10.18	-0.8104	1.2722	-0.8279	-1.2498	
10.19	-1.5786	1.2704	-0.9881	-1.1967	
10.2	-0.4589	1.3824	-1.0498	-0.8455	
10.21	-2.1271	1.2813	-1.3833	-0.5762	
10.22	-0.2949	1.2425	-1.5388	-0.2672	
10.23	-2.4829	1.3259	-1.5319	0.0528	
10.24	-0.3925	1.196	-1.7304	0.3188	
10.25	-2.1435	1.3186	-1.5148	0.4961	
10.26	-0.6727	1.1431	-1.881	0.5168	
10.27	-2.0036	1.0263	-1.6153	0.5062	
10.28	-1.2336	1.1573	-1.7385	0.3818	
10.29	-1.575	1.018	-1.7961	0.0934	
10.3	-1.6159	0.958	-1.65	-0.2096	
10.31	-1.0742	1.0066	-1.6515	-0.6049	
10.32	-2.3498	0.9111	-1.5723	-0.9053	
10.33	-0.6431	0.8266	-1.2585	-1.196	
10.34	-2.718	0.9236	-1.16	-1.479	
10.35	-0.6377	0.8518	-1.06	-1.4364	
10.36	-2.821	0.9899	-1.1	-1.6534	
10.37	-0.8347	0.9865	-0.9557	-1.5045	
10.38	-2.4946	1.1422	-0.8324	-1.1497	
10.39	-1.0782	1.164	-0.6672	-0.9213	
10.4	-2.0574	1.2701	-0.4913	-0.585	
10.41	-1.6087	1.3035	-0.4161	-0.2382	
10.42	-1.445	1.2865	-0.3124	0.051	
10.43	-2.3425	1.248	-0.249	0.2934	
10.44	-1.0453	1.3536	-0.1606	0.3511	
10.45	-2.6954	1.5542	-0.108	0.4095	
10.46	-0.9439	1.4831	-0.0692	0.2767	
10.47	-2.7128	1.5829	-0.0441	0.0812	
10.48	-0.9209	1.2866	-0.04	-0.2062	
10.49	-2.9724	1.2393	-0.0468	-0.57	
10.5	-1.1483	1.3453	-0.0812	-0.8976	
10.51	-2.4898	1.1868	-0.1259	-1.0549	
10.52	-1.6292	1.0713	-0.1665	-1.4598	
10.53	-1.8916	0.9551	-0.2524	-1.423	
10.54	-1.9525	0.7439	-0.3283	-1.4987	
10.55	-1.4192	0.619	-0.3944	-1.2656	
10.56	-2.4904	0.5043	-0.4501	-1.0966	
10.57	-1.2148	0.3362	-0.6368	-0.8239	
10.58	-2.7397	0.1716	-0.6572	-0.429	
10.59	-0.984	0.02	-0.7417	-0.0426	
10.6	-2.8632	-0.1049	-0.9109	0.3231	
10.61	-0.9593	-0.2121	-1.0297	0.6042	
10.62	-2.8657	-0.2693	-1.0583	0.7986	
10.63	-1.4401	-0.2805	-1.1148	0.8468	
10.64	-2.5313	-0.2713	-1.1088	0.7916	
10.65	-1.8541	-0.2798	-1.1109	0.654	
10.66	-1.795	-0.1678	-1.1773	0.3478	
10.67	-2.3223	-0.0707	-1.1734	0.0884	
10.68	-1.5164	0.0815	-1.2913	-0.1966	
10.69	-2.5515	0.2736	-1.4372	-0.4886	
10.7	-1.1518	0.424	-1.325	-0.6124	
10.71	-2.9816	0.6494	-1.4387	-0.7041	
10.72	-0.9999	1.0115	-1.2373	-0.7835	
10.73	-2.9105	1.277	-1.2809	-0.6071	
10.74	-1.1294	1.3608	-1.2172	-0.4309	
10.75	-2.6796	1.5749	-1.2058	-0.0964	
10.76	-1.369	1.9077	-1.2735	0.2659	
10.77	-1.9902	2.3191	-1.114	0.6834	
10.78	-1.7849	2.2832	-1.2004	0.9643	
10.79	-1.6307	2.4584	-0.9978	1.4456	
10.8	-2.3895	2.8108	-1.1309	1.4995	
10.81	-1.0826	2.7645	-0.9334	1.6915	
10.82	-2.6112	3.0708	-0.9319	1.7308	
10.83	-0.7773	2.7339	-0.912	1.4809	
10.84	-2.5509	2.9658	-0.9531	1.2231	
10.85	-0.8545	2.4552	-0.9625	1.0499	
10.86	-2.8463	2.3179	-0.9491	0.8071	
10.87	-1.0673	2.0638	-0.9284	0.5543	
10.88	-2.1426	1.7952	-0.9576	0.3086	
10.89	-1.3461	1.6871	-0.9518	0.1557	
10.9	-1.7482	1.483	-1.1217	0.1331	
10.91	-1.7081	0.9918	-1.008	0.2534	
10.92	-1.1097	0.7984	-1.0485	0.4819	
10.93	-2.4878	0.4081	-1.0692	0.7836	
10.94	-0.7688	0.144	-1.1998	1.0772	
10.95	-2.4899	-0.1369	-1.1288	1.3936	
10.96	-0.5858	-0.3802	-1.0257	1.967	
10.97	-2.3105	-0.6652	-1.181	2.3371	
10.98	-0.5873	-0.8552	-1.0521	2.485	
10.99	-2.1975	-0.893	-1.1879	2.4535	
11.0	-0.9139	-0.9252	-1.1504	2.7177	
11.01	-1.6937	-1.0786	-1.0896	2.2109	
11.02	-1.1749	-1.0329	-1.1721	2.3113	
11.03	-1.2952	-0.9615	-1.0524	1.9877	
11.04	-1.7461	-0.739	-1.0315	1.5925	
11.05	-0.7135	-0.5483	-1.019	1.3837	
11.06	-2.1737	-0.3273	-0.8902	1.0542	
11.07	-0.2989	-0.0519	-0.8258	0.934	
11.08	-1.9798	0.2421	-0.7628	0.7881	
11.09	-0.1558	0.5507	-0.681	0.8943	
11.1	-2.0022	0.8474	-0.6056	0.9573	
11.11	-0.2749	1.1345	-0.5816	1.3003	
11.12	-1.6522	1.5821	-0.5422	1.5344	
11.13	-0.578	1.7883	-0.4197	1.9097	
11.14	-1.0679	1.9632	-0.4081	2.0586	
11.15	-1.1279	2.5276	-0.3684	2.6551	
11.16	-0.6479	2.4037	-0.3679	2.5154	
11.17	-1.3376	2.8017	-0.2967	2.6034	
11.18	-0.0958	2.7083	-0.3026	2.9524	
11.19	-1.6209	2.8503	-0.3057	2.743	
11.2	0.1778	3.0142	-0.3431	2.2337	
11.21	-1.688	2.67	-0.4164	2.1836	
11.22	0.2575	2.4546	-0.446	1.8264	
11.23	-1.451	2.7745	-0.5276	1.5223	
11.24	0.042	2.3823	-0.5775	1.197	
11.25	-0.9874	2.3208	-0.6003	0.9161	
11.26	-0.3272	2.0632	-0.6957	0.6586	
11.27	-0.5179	1.6743	-0.7518	0.7376	
11.28	-0.7212	1.3312	-0.8919	0.7643	
11.29	0.0512	1.0218	-1.085	0.9791	
11.3	-1.1278	0.8027	-1.0796	1.067	
11.31	0.4437	0.5435	-1.317	1.39	
11.32	-1.2604	0.3496	-1.4347	1.6146	
11.33	0.6571	0.1724	-1.3443	1.9943	
11.34	-1.2542	-0.0217	-1.3666	2.0571	
11.35	0.6404	-0.1582	-1.4275	2.5123	
11.36	-0.8688	-0.2965	-1.7102	2.1075	
11.37	0.3708	-0.3631	-1.4792	2.1189	
11.38	-0.4425	-0.3633	-1.6498	1.9721	
11.39	-0.057	-0.3274	-1.4994	1.5317	
11.4	0.1444	-0.2979	-1.4686	1.2784	
11.41	-0.5244	-0.2371	-1.6804	0.7987	
11.42	0.6672	-0.1283	-1.4753	0.4116	
11.43	-0.8175	0.0031	-1.4155	0.0984	
11.44	1.0105	0.1634	-1.3738	-0.1314	
11.45	-0.8541	0.295	-1.2757	-0.2199	
11.46	1.1296	0.5307	-1.0616	-0.1991	
11.47	-0.7484	0.6684	-0.7893	-0.1091	
11.48	1.053	0.8546	-0.7689	0.1016	
11.49	-0.335	0.9625	-0.5025	0.3266	
11.5	0.6387	1.1768	-0.37	0.691	
11.51	0.1954	1.1833	-0.1604	0.8466	
11.52	0.1926	1.3978	0.0005	0.9968	
11.53	0.6728	1.3093	0.1633	1.2772	
11.54	-0.2388	1.4706	0.3638	1.2398	
11.55	1.2872	1.4367	0.4959	1.1225	
11.56	-0.4807	1.4136	0.6034	0.7149	
11.57	1.5397	1.5928	0.6574	0.464	
11.58	-0.4543	1.4094	0.8321	0.0538	
11.59	1.4048	1.4587	0.8147	-0.3805	
11.6	-0.283	1.2746	0.8476	-0.8187	
11.61	1.2859	1.3689	0.9479	-1.0681	
11.62	0.1907	1.2433	0.8448	-1.3676	
11.63	0.8551	1.1691	0.8236	-1.3697	
11.64	0.6736	1.0559	0.7543	-1.3544	
11.65	0.3276	1.1019	0.6998	-1.4329	
11.66	1.3363	1.023	0.6018	-1.0953	
11.67	-0.0461	0.8432	0.4694	-1.0044	
11.68	1.4587	0.9037	0.2881	-0.679	
11.69	-0.2516	0.8594	0.1416	-0.4293	
11.7	1.9075	0.9326	-0.0441	-0.1878	
11.71	-0.1648	0.8432	-0.2143	-0.0613	
11.72	1.7852	0.8942	-0.4568	-0.0312	
11.73	0.128	0.982	-0.6583	-0.1237	
11.74	1.2457	0.9993	-0.7542	-0.2958	
11.75	0.5627	1.02	-1.0547	-0.6568	
11.76	0.8221	1.0494	-1.1631	-0.8918	
11.77	1.0981	1.1042	-1.2843	-1.4684	
11.78	0.3787	1.2184	-1.3503	-1.8024	
11.79	1.6839	1.2205	-1.5011	-1.8872	
11.8	0.043	1.3408	-1.5072	-2.3884	
11.81	1.9619	1.1335	-1.5136	-2.4316	
11.82	-0.0778	1.1426	-1.7574	-2.6243	
11.83	2.0045	1.2153	-1.7449	-2.3091	
11.84	0.0674	1.1085	-1.7171	-2.1616	
11.85	1.5212	0.9254	-1.4485	-1.7751	
11.86	0.4283	0.9628	-1.5267	-1.5995	
11.87	1.2643	0.8816	-1.3633	-1.3609	
11.88	0.8773	0.716	-1.053	-0.9903	
11.89	0.6901	0.5012	-0.9223	-0.8442	
11.9	1.3929	0.3704	-0.6897	-0.7055	
11.91	0.2882	0.2539	-0.3896	-0.7198	
11.92	1.7036	0.0961	-0.161	-0.9075	
11.93	0.0382	-0.0374	0.0934	-1.0486	
11.94	1.949	-0.152	0.3657	-1.4174	
11.95	0.0013	-0.2693	0.6657	-1.7443	
11.96	2.0023	-0.3065	0.9514	-1.869	
11.97	0.1928	-0.3707	1.1306	-2.578	
11.98	1.4286	-0.3874	1.4094	-2.6454	
11.99	0.6515	-0.3538	1.6376	-2.7745	
12.0	1.0867	-0.2857	1.6399	-2.7051	
12.01	1.0645	-0.2202	1.8664	-2.5754	
12.02	0.5942	-0.0894	1.9043	-2.1277	
12.03	1.507	0.0669	1.9577	-2.0567	
12.04	0.1646	0.2427	2.113	-1.6167	
12.05	1.7928	0.4385	1.9719	-1.3516	
12.06	-0.0506	0.6319	2.0761	-0.9932	
12.07	1.8589	0.8775	2.0769	-0.7501	
12.08	-0.0105	1.2377	1.9384	-0.5335	
12.09	1.654	1.2731	1.818	-0.5702	
12.1	0.2842	1.7038	1.7138	-0.5383	
12.11	1.3448	1.8253	1.3132	-0.717	
12.12	0.7053	2.021	1.3059	-0.9427	
12.13	0.8305	2.0863	1.0703	-1.2388	
12.14	1.098	2.4429	0.7663	-1.6906	
12.15	0.2925	2.1443	0.5064	-2.0512	
12.16	1.4364	2.5969	0.2378	-2.1959	
12.17	-0.0792	2.276	-0.0187	-2.1011	
12.18	1.7239	2.4836	-0.2568	-2.0847	
12.19	-0.2082	2.1593	-0.5252	-2.1787	
12.2	1.7407	2.0933	-0.6857	-1.9634	
12.21	-0.0868	1.9063	-0.974	-1.4423	
12.22	1.4798	1.702	-1.1533	-1.2334	
12.23	0.2415	1.3685	-1.3153	-0.8218	
12.24	0.9916	1.035	-1.2502	-0.3656	
12.25	0.7091	0.7589	-1.4414	-0.1115	
12.26	0.3834	0.3834	-1.4274	0.1004	
12.27	1.1381	0.0706	-1.2416	0.1958	
12.28	-0.0602	-0.236	-1.415	0.1855	
12.29	1.5166	-0.5332	-1.2295	0.065	
12.3	-0.3409	-0.8129	-1.1452	-0.1632	
12.31	1.4772	-1.0252	-0.963	-0.4581	
12.32	-0.4154	-1.2301	-0.7176	-0.7609	
12.33	1.4274	-1.3033	-0.4117	-0.9089	
12.34	-0.1851	-1.3501	-0.184	-1.2255	
12.35	1.1343	-1.3825	0.0752	-1.3867	
12.36	0.2019	-1.4764	0.3237	-1.3098	
12.37	0.5758	-1.2263	0.7146	-1.154	
12.38	0.7082	-1.2782	0.8873	-1.0658	
12.39	-0.0092	-1.0253	1.1849	-0.7364	
12.4	1.1616	-0.7676	1.4648	-0.4212	
12.41	-0.4451	-0.5194	1.6213	-0.0342	
12.42	1.2252	-0.2728	1.8384	0.3662	
12.43	-0.6736	0.0475	2.182	0.6373	
12.44	1.4189	0.3478	2.589	0.9545	
12.45	-0.5688	0.7041	2.5948	1.0118	
12.46	0.9754	1.049	2.8912	0.9401	
12.47	-0.3049	1.3664	2.9301	0.883	
12.48	0.6727	1.5887	2.6664	0.6783	
12.49	0.1635	1.7963	2.9174	0.3927	
12.5	0.0834	1.8722	2.8337	0.0698	
12.51	0.6641	2.2445	2.4679	-0.2312	
12.52	-0.3923	2.1455	2.5425	-0.4957	
12.53	1.0704	2.4742	2.4671	-0.7012	
12.54	-0.7957	2.2715	2.0595	-0.726	
12.55	1.0967	2.4922	2.111	-0.665	
12.56	-0.9081	2.2117	1.7318	-0.5813	
12.57	1.0819	1.8458	1.5745	-0.3106	
12.58	-0.6929	1.8918	1.3393	0.0296	
12.59	0.7324	1.7019	0.9559	0.3698	
12.6	-0.3176	1.5148	0.7444	0.7852	
12.61	0.2135	1.2243	0.4832	1.0564	
12.62	0.1387	0.7713	0.2328	1.3007	
12.63	-0.3073	0.58	-0.0314	1.4031	
12.64	0.6413	0.2728	-0.2544	1.4547	
12.65	-0.6855	-0.0175	-0.4963	1.2761	
12.66	0.8433	-0.2486	-0.5663	1.0269	
12.67	-1.0083	-0.5225	-0.7863	0.7836	
12.68	0.8951	-0.7695	-0.7822	0.3597	
12.69	-1.0671	-0.7851	-0.999	0.0529	
12.7	0.7951	-0.9604	-0.9867	-0.2553	
12.71	-0.7175	-1.0794	-1.0286	-0.5233	
12.72	0.442	-1.0184	-0.8146	-0.5498	
12.73	-0.3081	-1.0442	-0.8555	-0.5912	
12.74	-0.1017	-1.048	-0.6978	-0.576	
12.75	0.2034	-1.058	-0.5155	-0.3383	
12.76	-0.5644	-0.9226	-0.3216	-0.0453	
12.77	0.5721	-0.8393	-0.1254	0.2592	
12.78	-0.9718	-0.6452	0.1112	0.6043	
12.79	0.8334	-0.4684	0.3817	0.832	
12.8	-1.0739	-0.2387	0.5592	1.213	
12.81	0.88	-0.0642	0.9422	1.2297	
12.82	-1.0252	0.1162	1.1925	1.2071	
12.83	0.6461	0.3166	1.3164	1.0806	
12.84	-0.6584	0.4379	1.5904	0.9534	
12.85	0.1856	0.5846	1.9418	0.6339	
12.86	-0.1636	0.7524	2.301	0.2291	
12.87	-0.3166	0.8478	2.2123	-0.1309	
12.88	0.2993	0.8202	2.28	-0.4839	
12.89	-0.8035	0.9119	2.5693	-0.6516	
12.9	0.6856	0.8662	2.7552	-0.9178	
12.91	-1.1637	0.9132	2.8601	-0.9473	
12.92	0.8495	0.9656	2.8417	-0.9238	
12.93	-1.1146	0.7847	2.6067	-0.7509	
12.94	0.8466	0.7327	2.7255	-0.5047	
12.95	-0.9403	0.6663	2.4426	-0.1688	
12.96	0.4492	0.571	2.6964	0.1504	
12.97	-0.4334	0.4938	2.544	0.4532	
12.98	0.0308	0.4349	2.0723	0.7268	
12.99	0.0898	0.3112	1.8777	0.878	
13.0	-0.4078	0.2536	1.6503	0.778	
13.01	0.6108	0.1819	1.5648	0.7691	
13.02	-0.8663	0.1035	1.2715	0.5974	
13.03	0.8921	0.0582	1.1906	0.3103	
13.04	-1.0642	0.0327	0.9291	-0.034	
13.05	1.0039	0.0212	0.6207	-0.3926	
13.06	-0.9037	0.0216	0.3844	-0.6861	
13.07	0.8137	0.0337	0.1794	-0.9349	
13.08	-0.6505	0.0647	-0.012	-1.1737	
13.09	0.4463	0.1047	-0.1693	-1.3625	
13.1	-0.0985	0.1373	-0.3218	-1.1542	
13.11	0.0022	0.1894	-0.4366	-1.166	
13.12	0.4211	0.2298	-0.5534	-0.8155	
13.13	-0.4154	0.2255	-0.6432	-0.4861	
13.14	0.9273	0.2888	-0.5767	-0.1584	
13.15	-0.7947	0.266	-0.6415	0.1658	
13.16	1.0442	0.2767	-0.5545	0.4352	
13.17	-0.8027	0.2528	-0.5566	0.5943	
13.18	1.272	0.2294	-0.4705	0.6778	
13.19	-0.6043	0.1502	-0.3179	0.6181	
13.2	0.9514	0.0779	-0.1955	0.5723	
13.21	-0.2101	-0.0189	-0.0373	0.2878	
13.22	0.5824	-0.1151	0.1202	-0.0041	
13.23	0.3101	-0.2544	0.3183	-0.3127	
13.24	0.069	-0.3388	0.4963	-0.6339	
13.25	0.8723	-0.4667	0.6796	-0.9936	
13.26	-0.3482	-0.6904	0.9403	-0.9926	
13.27	1.2347	-0.7059	1.098	-1.1485	
13.28	-0.5528	-0.9288	1.1471	-1.0583	
13.29	1.5109	-0.9076	1.2775	-1.0287	
13.3	-0.4807	-1.1203	1.5802	-0.7071	
13.31	1.2773	-1.1578	1.7565	-0.3783	
13.32	-0.1985	-1.0412	1.7998	-0.0127	
13.33	1.0338	-1.1625	1.7189	0.3377	
13.34	0.2885	-0.9544	1.9657	0.6754	
13.35	0.6759	-0.8915	2.0052	0.8663	
13.36	0.8044	-0.8315	1.846	1.0932	
13.37	0.2328	-0.7182	1.7556	1.1166	
13.38	1.2315	-0.5367	1.7986	0.951	
13.39	-0.102	-0.3889	1.7972	0.7991	
13.4	1.794	-0.1742	1.7526	0.5774	
13.41	-0.2174	0.0261	1.4697	0.2447	
13.42	1.7308	0.2669	1.4823	-0.057	
13.43	-0.0734	0.4914	1.2894	-0.3345	
13.44	1.767	0.6878	1.1224	-0.5324	
13.45	0.3017	0.91	0.9504	-0.5797	
13.46	1.3727	1.0544	0.8918	-0.5532	
13.47	0.8351	1.2148	0.7184	-0.3689	
13.48	0.8421	1.3698	0.4482	-0.1222	
13.49	1.2716	1.3638	0.3664	0.2045	
13.5	0.4245	1.3015	0.2085	0.6272	
13.51	1.7455	1.3791	0.0695	1.0166	
13.52	0.1503	1.4449	-0.0449	1.3526	
13.53	2.1801	1.2579	-0.143	1.6	
13.54	0.1247	1.0507	-0.2235	1.8605	
13.55	1.8867	0.8177	-0.3143	1.9409	
13.56	0.3874	0.7034	-0.3377	1.9524	
13.57	1.8585	0.3841	-0.3602	1.53	
13.58	0.8663	0.0992	-0.3806	1.2552	
13.59	1.5337	-0.1968	-0.4271	1.0143	
13.6	1.2402	-0.4825	-0.433	0.8584	
13.61	0.8905	-0.8097	-0.3948	0.5385	
13.62	1.8995	-1.2134	-0.3572	0.3159	
13.63	0.5517	-1.4666	-0.2689	0.2307	
13.64	2.4731	-1.7486	-0.2152	0.231	
13.65	0.4459	-2.0266	-0.1566	0.3742	
13.66	2.6351	-2.2104	-0.0754	0.5572	
13.67	0.441	-2.2167	0.0075	0.847	
13.68	2.0712	-2.5062	0.0895	1.2513	
13.69	0.7151	-2.3109	0.1435	1.581	
13.7	2.0317	-2.1762	0.2384	2.0529	
13.71	1.2088	-2.1289	0.3129	2.3372	
13.72	1.6325	-2.2771	0.3728	2.1922	
13.73	1.653	-1.8441	0.4288	2.5084	
13.74	1.1266	-1.569	0.4763	2.5062	
13.75	2.2064	-1.3248	0.423	2.1722	
13.76	0.6915	-1.1392	0.4965	1.934	
13.77	2.7195	-0.864	0.4809	1.8496	
13.78	0.6663	-0.5265	0.5138	1.5483	
13.79	2.6562	-0.2144	0.4859	1.2116	
13.8	0.8136	0.0762	0.445	0.9077	
13.81	2.3616	0.3908	0.4483	0.6777	
13.82	1.1976	0.7105	0.3855	0.585	
13.83	1.9291	0.878	0.3489	0.6948	
13.84	1.7963	1.1008	0.2569	0.8249	
13.85	1.5312	1.1886	0.2126	1.0962	
13.86	2.3095	1.4819	0.1763	1.3489	
13.87	1.1549	1.3744	0.1099	1.7154	
13.88	2.4752	1.5257	0.0499	1.9832	
13.89	0.729	1.4382	-0.0035	2.1748	
13.9	2.7403	1.223	-0.0485	2.5247	
13.91	0.8166	1.0646	-0.0926	2.521	
13.92	2.4511	1.0516	-0.1454	2.276	
13.93	1.0072	0.6932	-0.1667	2.3598	
13.94	2.4895	0.4848	-0.188	1.9811	
13.95	1.4397	0.2173	-0.2081	1.7235	
13.96	1.7301	-0.0603	-0.2543	1.4682	
13.97	1.9314	-0.3315	-0.2364	0.9422	
13.98	1.4329	-0.658	-0.2536	0.7391	
13.99	2.3266	-1.0155	-0.2458	0.5006	
14.0	1.0286	-1.1899	-0.2698	0.3247	
14.01	2.705	-1.5442	-0.268	0.3458	
14.02	0.7751	-1.6863	-0.2393	0.4433	
14.03	2.8791	-1.7135	-0.2176	0.5611	
14.04	0.8987	-1.8763	-0.2141	0.8184	
14.05	2.5116	-2.2013	-0.2281	1.1929	
14.06	1.1908	-2.2895	-0.2084	1.5045	
14.07	2.0333	-1.9478	-0.2356	1.703	
14.08	1.7039	-2.2119	-0.2368	1.8326	
14.09	1.7426	-2.0888	-0.2616	1.9372	
14.1	1.9292	-2.0327	-0.3003	1.9409	
14.11	1.0824	-1.7713	-0.2942	1.6949	
14.12	2.3182	-1.6902	-0.3653	1.3393	
14.13	0.7936	-1.41	-0.4181	1.0224	
14.14	2.6592	-1.298	-0.4503	0.6421	
14.15	0.6618	-0.9793	-0.4754	0.1941	
14.16	2.4237	-0.7543	-0.5424	-0.1524	
14.17	0.801	-0.5743	-0.6935	-0.4679	
14.18	2.2417	-0.3742	-0.686	-0.5834	
14.19	1.1326	-0.2399	-0.8225	-0.7375	
14.2	1.7617	-0.1018	-0.8902	-0.6236	
14.21	1.5898	0.0241	-0.9305	-0.4687	
14.22	1.3508	0.1071	-0.9645	-0.2728	
14.23	1.9825	0.1765	-1.0235	-0.0322	
14.24	0.8151	0.2064	-1.1185	0.2376	
14.25	2.1344	0.189	-1.1752	0.4686	
14.26	0.4977	0.1865	-1.0817	0.6073	
14.27	2.3196	0.1214	-1.154	0.6851	
14.28	0.3875	0.0553	-1.11	0.7037	
14.29	2.1107	-0.0285	-1.2755	0.4762	
14.3	0.6333	-0.1384	-1.1835	0.2205	
14.31	1.9811	-0.2263	-1.1168	-0.149	
14.32	1.0566	-0.3212	-0.9548	-0.5455	
14.33	1.2979	-0.4741	-1.0071	-1.0516	
14.34	1.5065	-0.5605	-0.8404	-1.2954	
14.35	0.772	-0.7006	-0.9103	-1.4909	
14.36	1.7116	-0.6827	-0.6913	-1.7044	
14.37	0.2781	-0.7658	-0.7192	-1.8053	
14.38	2.0327	-0.8153	-0.5468	-1.9519	
14.39	0.0684	-0.9254	-0.4517	-1.6591	
14.4	1.9061	-0.8521	-0.3842	-1.6719	
14.41	0.0866	-0.9157	-0.2817	-1.3675	
14.42	1.8781	-0.9108	-0.1892	-1.0144	
14.43	0.3319	-0.9752	-0.1038	-0.6886	
14.44	1.2197	-0.8056	-0.0346	-0.5475	
14.45	0.7955	-0.7644	0.0167	-0.4764	
14.46	0.7449	-0.7508	0.0582	-0.4146	
14.47	1.152	-0.72	0.0854	-0.541	
14.48	0.1521	-0.695	0.0892	-0.8452	
14.49	1.4639	-0.6905	0.0705	-1.0028	
14.5	-0.216	-0.6949	0.0301	-1.5172	
14.51	1.802	-0.7121	-0.0284	-1.9492	
14.52	-0.3484	-0.6873	-0.0965	-2.0656	
14.53	1.5023	-0.7734	-0.1819	-2.6472	
14.54	-0.2919	-0.8327	-0.3186	-2.5689	
14.55	1.1712	-0.8609	-0.4051	-2.5638	
14.56	0.0508	-0.8842	-0.6245	-2.6402	
14.57	0.5799	-0.9196	-0.6681	-2.7252	
14.58	0.4322	-1.0552	-0.8421	-2.583	
14.59	0.0134	-1.3022	-1.04	-1.9972	
14.6	0.8171	-1.411	-1.2808	-1.6981	
14.61	-0.5153	-1.4737	-1.4796	-1.4541	
14.62	1.0532	-1.3867	-1.4435	-1.1978	
14.63	-0.7287	-1.585	-1.8407	-1.0593	
14.64	1.2155	-1.6817	-1.8098	-0.9822	
14.65	-0.8446	-1.5696	-1.8053	-0.8667	
14.66	1.0076	-1.8822	-2.151	-1.0637	
14.67	-0.6251	-1.6746	-2.3384	-1.267	
14.68	0.46	-1.844	-2.3744	-1.6657	
14.69	-0.2362	-1.5009	-2.2656	-1.8952	
14.7	-0.0919	-1.6537	-2.2253	-2.228	
14.71	0.1572	-1.2979	-2.0711	-2.4031	
14.72	-0.7056	-1.2909	-2.0723	-2.4904	
14.73	0.5718	-1.0136	-2.3647	-2.5418	
14.74	-0.9816	-0.9247	-2.0743	-3.0266	
14.75	0.7337	-0.7979	-2.0629	-2.4965	
14.76	-1.3319	-0.5251	-1.7007	-2.2701	
14.77	0.6192	-0.3314	-1.4997	-1.827	
14.78	-1.1866	-0.1177	-1.3793	-1.6365	
14.79	0.3409	0.0618	-1.1687	-1.2406	
14.8	-0.9479	0.2488	-1.0751	-0.8585	
14.81	-0.1704	0.3459	-0.8815	-0.682	
14.82	-0.4989	0.4427	-0.6163	-0.5138	
14.83	-0.6801	0.5413	-0.4729	-0.5435	
14.84	-0.1065	0.5736	-0.2522	-0.6614	
14.85	-1.2057	0.6438	-0.0525	-0.7438	
14.86	0.1858	0.5406	0.1149	-0.9902	
14.87	-1.6115	0.4913	0.2592	-1.2275	
14.88	0.3026	0.3281	0.4207	-1.7118	
14.89	-1.8754	0.1455	0.4606	-1.9528	
14.9	0.1358	-0.0725	0.568	-2.083	
14.91	-1.4351	-0.3176	0.6143	-2.0289	
14.92	-0.2287	-0.6352	0.6749	-1.9925	
14.93	-1.316	-0.8054	0.59	-1.8938	
14.94	-0.7243	-1.1812	0.5254	-1.6159	
14.95	-0.7333	-1.4675	0.4761	-1.1848	
14.96	-1.3511	-1.812	0.3614	-0.9387	
14.97	-0.3623	-2.0339	0.1975	-0.5255	
14.98	-1.8683	-2.2618	0.0125	-0.1345	
14.99	-0.08	-2.473	-0.1667	0.145	
15.0	-2.0639	-2.6986	-0.355	0.3465	
15.01	-0.0608	-2.7316	-0.6248	0.3943	
15.02	-1.892	-2.6925	-0.8603	0.3911	
15.03	-0.2903	-3.0442	-1.1297	0.2127	
15.04	-1.889	-2.8528	-1.3113	-0.0127	
15.05	-0.7133	-2.773	-1.7201	-0.303	
15.06	-1.2135	-2.7839	-1.631	-0.5348	
15.07	-1.158	-2.5617	-2.1532	-0.8417	
15.08	-0.9157	-2.2725	-2.1997	-0.9342	
15.09	-1.8754	-1.9895	-2.5568	-1.1047	
15.1	-0.5108	-1.7597	-2.3647	-1.0149	
15.11	-1.9771	-1.4727	-2.8505	-1.0031	
15.12	-0.2546	-1.1105	-2.9223	-0.6659	
15.13	-2.2312	-0.8	-2.8075	-0.3678	
15.14	-0.3418	-0.4404	-2.5444	-0.0095	
15.15	-2.1582	-0.1782	-2.8162	0.3993	
15.16	-0.6724	0.1055	-2.3828	0.791	
15.17	-1.7668	0.3907	-2.4209	1.1084	
15.18	-1.1225	0.6045	-2.4679	1.1065	
15.19	-1.3732	0.7418	-2.1964	1.4189	
15.2	-1.5751	0.8805	-1.9089	1.2085	
15.21	-0.9217	1.0299	-1.6016	1.2247	
15.22	-2.0369	0.9799	-1.4306	0.9278	
15.23	-0.4836	0.9822	-1.1555	0.5607	
15.24	-2.2869	0.8171	-0.9127	0.2578	
15.25	-0.395	0.6575	-0.5873	-0.0066	
15.26	-2.3311	0.5301	-0.3696	-0.2459	
15.27	-0.5112	0.3181	-0.095	-0.3519	
15.28	-2.2697	0.0715	0.1904	-0.3766	
15.29	-0.9257	-0.2266	0.4317	-0.3036	
15.3	-1.5939	-0.4824	0.6451	-0.1344	
15.31	-1.2406	-0.7743	0.7564	0.1389	
15.32	-1.1418	-1.2116	0.9499	0.4857	
15.33	-1.9797	-1.5437	1.0714	0.8376	
15.34	-0.6696	-1.7767	1.1521	1.217	
15.35	-2.3305	-2.0135	1.319	1.3364	
15.36	-0.4362	-2.1203	1.2497	1.7277	
15.37	-2.3384	-2.5133	1.2559	1.6373	
15.38	-0.3794	-2.7015	1.3347	1.7492	
15.39	-2.0399	-2.5985	1.1316	1.6528	
15.4	-0.5843	-2.7852	0.9333	1.3745	
15.41	-1.886	-2.8334	0.8839	0.9819	
15.42	-1.0708	-2.3866	0.6143	0.6195	
15.43	-1.4793	-2.6466	0.4162	0.2727	
15.44	-1.5651	-2.5039	0.1532	-0.0134	
15.45	-0.9544	-2.4342	-0.0912	-0.2045	
15.46	-2.0993	-1.9932	-0.3851	-0.3038	
15.47	-0.4754	-2.0222	-0.5848	-0.313	
15.48	-2.3783	-1.59	-0.9794	-0.1722	
15.49	-0.2625	-1.5054	-1.1469	0.0747	
15.5	-2.3341	-1.1697	-1.5092	0.3802	
15.51	-0.3019	-1.0009	-1.5578	0.7265	
15.52	-2.0382	-0.6921	-1.8241	1.033	
15.53	-0.586	-0.53	-1.8569	1.3186	
15.54	-1.6735	-0.3371	-2.3293	1.3494	
15.55	-1.0922	-0.2258	-2.2776	1.6089	
15.56	-1.1594	-0.0856	-2.4452	1.599	
15.57	-1.4588	-0.0116	-2.4388	1.2451	
15.58	-0.5794	0.0359	-2.3661	1.2078	
15.59	-2.0341	0.0576	-2.4052	0.7	
15.6	-0.2043	0.0426	-2.2292	0.4355	
15.61	-2.2028	-0.0021	-1.9835	0.0561	
15.62	-0.0502	-0.0691	-1.7689	-0.2463	
15.63	-1.981	-0.1712	-1.7028	-0.499	
15.64	-0.1579	-0.2936	-1.43	-0.703	
15.65	-1.5924	-0.3577	-1.2003	-0.6526	
15.66	-0.4862	-0.4818	-0.9609	-0.575	
15.67	-1.2747	-0.6925	-0.6512	-0.3425	
15.68	-0.9886	-0.8285	-0.386	-0.1099	
15.69	-0.6432	-0.8755	-0.0904	0.192	
15.7	-1.4672	-1.0084	0.1911	0.5583	
15.71	-0.1485	-0.987	0.4324	0.7253	
15.72	-1.5739	-1.2008	0.7509	1.0072	
15.73	0.1516	-1.1898	0.9459	1.1609	
15.74	-1.6982	-1.2755	1.2854	1.0541	
15.75	0.188	-1.2499	1.4453	0.9206	
15.76	-1.6399	-1.3786	1.7057	0.8109	
15.77	-0.0123	-1.2748	1.6203	0.4791	
15.78	-1.2254	-1.1072	1.8978	0.0887	
15.79	-0.381	-1.162	1.8242	-0.2626	
15.8	-0.6765	-1.0657	1.9236	-0.5697	
15.81	-0.9369	-1.107	1.7962	-0.7998	
15.82	-0.1765	-1.099	1.9944	-1.0463	
15.83	-1.1504	-1.0057	1.7422	-1.1069	
15.84	0.2325	-0.9279	1.5883	-1.0153	
15.85	-1.3681	-0.8714	1.4588	-0.7737	
15.86	0.4928	-0.9508	1.259	-0.5099	
15.87	-1.4216	-0.8324	1.012	-0.182	
15.88	0.4417	-0.9337	0.8724	0.1584	
15.89	-1.2478	-0.8938	0.6008	0.4715	
15.9	0.119	-0.8848	0.3291	0.7405	
15.91	-0.8421	-1.0716	0.1036	0.8347	
15.92	-0.3058	-1.0164	-0.1409	1.0048	
15.93	-0.2432	-1.218	-0.3921	0.8941	
15.94	-0.8189	-1.3532	-0.6415	0.6079	
15.95	0.2643	-1.4666	-0.8718	0.4322	
15.96	-1.08	-1.3651	-0.9797	0.0811	
15.97	0.6151	-1.4305	-1.2297	-0.2715	
15.98	-1.2243	-1.5134	-1.2921	-0.5858	
15.99	0.6835	-1.5326	-1.4819	-0.8186	
16.0	-1.3136	-1.4629	-1.4354	-1.0292	
16.01	0.5353	-1.7115	-1.3293	-1.0781	
16.02	-0.9275	-1.4839	-1.5299	-0.964	
16.03	0.2006	-1.4296	-1.2949	-0.7984	
16.04	-0.3888	-1.3633	-1.4421	-0.4625	
16.05	-0.2721	-1.39	-1.1546	-0.1096	
16.06	0.1549	-1.3018	-1.1041	0.2777	
16.07	-0.7488	-1.1596	-0.8139	0.6291	
16.08	0.6267	-0.9619	-0.6827	0.9346	
16.09	-1.0557	-0.6618	-0.4183	1.1535	
16.1	0.7764	-0.5411	-0.2201	1.1503	
16.11	-1.211	-0.3487	0.0163	1.1058	
16.12	0.8487	-0.1684	0.2595	1.0781	
16.13	-0.8683	0.024	0.5129	0.7475	
16.14	0.6587	0.2005	0.6888	0.5945	
16.15	-0.506	0.311	1.0014	0.2201	
16.16	0.1762	0.3992	1.2969	-0.0621	
16.17	-0.0239	0.5464	1.4792	-0.299	
16.18	-0.3455	0.5955	1.6112	-0.4141	
16.19	0.4753	0.546	1.6545	-0.4749	
16.2	-0.7096	0.5098	2.0202	-0.438	
16.21	0.8278	0.4425	2.0668	-0.2446	
16.22	-0.9442	0.3689	2.2231	0.0194	
16.23	0.9592	0.1791	1.9633	0.341	
16.24	-0.9658	0.007	2.3137	0.7802	
16.25	0.9374	-0.2086	2.0369	1.0188	
16.26	-0.7201	-0.4815	1.8882	1.4684	
16.27	0.507	-0.7246	2.0579	1.8033	
16.28	-0.299	-1.0766	1.9052	1.9324	
16.29	0.0359	-1.2685	1.6735	1.7941	
16.3	0.2231	-1.4366	1.5667	1.6817	
16.31	-0.4929	-1.6112	1.3912	1.5355	
16.32	0.6914	-2.1399	1.3954	1.3595	
16.33	-0.8313	-2.1963	1.1801	0.8637	
16.34	0.9514	-2.3974	0.9616	0.6813	
16.35	-0.9783	-2.6165	0.802	0.4004	
16.36	1.0012	-2.6571	0.5615	0.1849	
16.37	-0.851	-2.7471	0.3758	0.1284	
16.38	0.7151	-2.7883	0.2162	0.1412	
16.39	-0.5672	-2.3542	0.0849	0.3072	
16.4	0.3278	-2.3044	-0.0493	0.5072	
16.41	-0.1399	-2.4578	-0.1572	0.8427	
16.42	-0.1943	-2.1734	-0.2464	1.3155	
16.43	0.3563	-1.6265	-0.3362	1.5536	
16.44	-0.6971	-1.4652	-0.3726	1.9713	
16.45	0.7499	-1.1467	-0.3687	1.944	
16.46	-0.9323	-0.9472	-0.3806	2.1757	
16.47	0.8664	-0.4848	-0.2936	2.5172	
16.48	-1.0291	-0.1926	-0.2724	2.3225	
16.49	0.8087	0.1034	-0.1773	2.018	
16.5	-0.9608	0.4151	-0.0746	1.724	
16.51	0.5203	0.5981	0.0378	1.3531	
16.52	-0.5269	0.8849	0.1773	1.0057	
16.53	-0.013	1.0071	0.2993	0.7097	
16.54	-0.1024	1.1978	0.4644	0.555	
16.55	-0.5182	1.4168	0.6431	0.3807	
16.56	0.3752	1.3482	0.7511	0.3592	
16.57	-0.9858	1.3765	0.96	0.4508	
16.58	0.7003	1.2132	1.167	0.6981	
16.59	-1.2741	1.0944	1.319	0.8743	
16.6	0.7103	0.8647	1.2307	1.3075	
16.61	-1.2401	0.7694	1.3323	1.5116	
16.62	0.4685	0.4594	1.5432	1.9951	
16.63	-0.9705	0.1918	1.6714	2.0189	
16.64	0.1013	-0.1087	1.7542	2.2531	
16.65	-0.6636	-0.4609	1.9333	2.0275	
16.66	-0.4698	-0.7613	1.9138	2.0181	
16.67	-0.1568	-0.9823	1.7164	2.0012	
16.68	-0.9677	-1.3492	1.6553	1.7535	
16.69	0.2399	-1.6943	1.7458	1.2685	
16.7	-1.2303	-1.7825	1.6451	0.8684	
16.71	0.4425	-2.0634	1.6612	0.5505	
16.72	-1.6451	-2.1657	1.6392	0.2261	
16.73	0.4078	-2.2144	1.604	0.0022	
16.74	-1.3065	-2.1556	1.4021	-0.0925	
16.75	0.119	-2.498	1.4724	-0.0695	
16.76	-1.1268	-2.2378	1.3695	0.0456	
16.77	-0.3871	-2.0509	1.2957	0.2639	
16.78	-0.6697	-2.2316	1.1572	0.5301	
16.79	-0.9551	-2.0485	0.9684	0.8835	
16.8	-0.2361	-1.5122	0.9942	1.0732	
16.81	-1.4028	-1.504	0.8306	1.3645	
16.82	0.0754	-1.2582	0.7651	1.545	
16.83	-1.6864	-0.8593	0.7676	1.5525	
16.84	0.1784	-0.6967	0.6991	1.44	
16.85	-1.8793	-0.408	0.6447	1.1703	
16.86	0.0607	-0.1896	0.5615	0.8298	
16.87	-1.4812	0.0261	0.5794	0.4196	
16.88	-0.2854	0.2161	0.6102	-0.0064	
16.89	-1.2522	0.4307	0.5222	-0.4288	
16.9	-0.8578	0.5498	0.5564	-0.6977	
16.91	-0.8009	0.6352	0.6304	-0.9362	
16.92	-1.2797	0.7543	0.5749	-1.198	
16.93	-0.3598	0.7215	0.6403	-1.2897	
16.94	-1.6982	0.6626	0.7072	-1.0	
16.95	-0.1187	0.6569	0.696	-0.9127	
16.96	-2.1412	0.6136	0.7681	-0.693	
16.97	-0.0957	0.529	0.7324	-0.4047	
16.98	-1.9814	0.4625	0.8575	-0.1457	
16.99	-0.3056	0.3233	0.8943	0.0862	
17.0	-1.7034	0.151	0.9562	0.2386	
17.01	-0.792	0.0185	0.9014	0.2448	
17.02	-1.4141	-0.1209	0.9705	0.1746	
17.03	-1.234	-0.2418	0.9224	-0.0356	
17.04	-0.8106	-0.3691	1.0301	-0.3461	
17.05	-1.8407	-0.5479	1.0279	-0.6818	
17.06	-0.4474	-0.6531	1.0041	-1.1159	
17.07	-2.2431	-0.7012	0.8757	-1.5225	
17.08	-0.3281	-0.6812	0.8671	-1.7325	
17.09	-2.355	-0.6813	0.9498	-2.1029	
17.1	-0.3482	-0.818	0.8415	-2.109	
17.11	-1.9898	-0.7596	0.7897	-2.1752	
17.12	-0.7003	-0.7524	0.774	-2.261	
17.13	-1.8078	-0.6762	0.8678	-2.029	
17.14	-1.2444	-0.6013	0.7596	-1.7096	
17.15	-1.4388	-0.5519	0.7695	-1.6098	
17.16	-1.7878	-0.4998	0.7456	-1.269	
17.17	-0.8631	-0.4192	0.7199	-1.0311	
17.18	-2.2841	-0.4254	0.7554	-0.8741	
17.19	-0.5644	-0.3115	0.7646	-0.7889	
17.2	-2.5726	-0.2778	0.6973	-0.7879	
17.21	-0.4533	-0.2452	0.7698	-0.8954	
