0.01	0.4226	0.2657	0.2051	1.2769	
0.02	0.9689	0.4757	0.3563	1.9219	
0.03	1.201	0.7141	0.5531	1.5291	
0.04	1.5892	1.0755	0.6669	0.6424	
0.05	1.7673	1.2209	0.8076	-0.1744	
0.06	1.5594	1.4342	1.0839	-0.4611	
0.07	1.658	1.487	1.1727	-0.2659	
0.08	1.3176	1.5195	1.3487	0.1508	
0.09	1.1328	1.8248	1.2851	0.2	
0.1	0.9522	1.8269	1.4803	-0.2627	
0.11	0.6036	1.748	1.485	-0.905	
0.12	0.3934	1.6806	1.3563	-1.3693	
0.13	0.2653	1.7257	1.5376	-0.87	
0.14	0.2364	1.5343	1.351	0.1732	
0.15	0.2575	1.4051	1.2876	1.276	
0.16	0.3884	1.4474	1.3707	2.3285	
0.17	0.5653	1.2379	1.2293	1.9826	
0.18	0.8685	1.1035	1.0991	0.9895	
0.19	1.0864	0.9313	0.9733	-0.1227	
0.2	1.3566	0.9078	0.8265	-0.7225	
0.21	1.5739	0.7575	0.7595	-0.6837	
0.22	1.8397	0.6083	0.6237	-0.2456	
0.23	1.7133	0.55	0.5866	0.2055	
0.24	1.5703	0.4897	0.427	0.1931	
0.25	1.3613	0.5269	0.3472	-0.23	
0.26	1.1089	0.5408	0.3032	-0.5875	
0.27	0.7786	0.5374	0.2278	-0.5057	
0.28	0.3724	0.5645	0.184	0.3347	
0.29	-0.0892	0.707	0.1507	1.3857	
0.3	-0.4898	0.8497	0.1359	2.0384	
0.31	-0.8388	0.8922	0.153	2.2733	
0.32	-1.0891	1.1585	0.1801	1.1289	
0.33	-1.1989	1.2636	0.2489	-0.05	
0.34	-1.2534	1.4269	0.2981	-0.909	
0.35	-1.0335	1.5942	0.3985	-1.1972	
0.36	-0.901	1.7389	0.5033	-0.5246	
0.37	-0.6417	1.9757	0.6281	0.2001	
0.38	-0.3557	2.153	0.7585	0.5857	
0.39	-0.0187	2.0059	0.9969	0.5196	
0.4	0.2696	2.4712	1.1923	0.1652	
0.41	0.5505	2.5411	1.301	0.0322	
0.42	0.6078	2.4993	1.4925	0.5127	
0.43	0.7026	2.3847	1.5002	1.329	
0.44	0.6404	2.1113	1.7512	1.9699	
0.45	0.5364	2.3532	1.7966	2.2487	
0.46	0.3737	2.0387	2.0039	1.4634	
0.47	0.148	2.0284	2.0341	0.084	
0.48	-0.0589	1.5815	2.3453	-1.1056	
0.49	-0.234	1.6328	2.6004	-1.248	
0.5	-0.3864	1.3737	2.4739	-0.8125	
0.51	-0.375	1.0808	2.4339	0.2586	
0.52	-0.3426	0.8074	2.2825	1.0725	
0.53	-0.1165	0.5325	2.4962	1.2576	
0.54	0.182	0.3596	2.4297	1.055	
0.55	0.5033	0.1646	2.4504	0.6321	
0.56	0.8862	-0.0263	2.1138	0.6568	
0.57	1.4632	-0.1982	2.4309	1.0791	
0.58	1.7597	-0.3478	2.3173	1.7637	
0.59	2.4284	-0.4331	2.2079	1.9497	
0.6	2.2956	-0.4438	1.8531	1.3758	
0.61	2.5004	-0.5175	1.8736	0.2544	
0.62	2.8553	-0.569	1.5743	-0.9628	
0.63	2.5653	-0.4831	1.342	-1.4551	
0.64	2.6243	-0.4304	1.2905	-0.8073	
0.65	2.4039	-0.308	1.2056	0.2926	
0.66	2.0418	-0.2027	1.0057	1.4488	
0.67	1.4635	-0.0927	0.8547	1.866	
0.68	1.2012	0.0577	0.6691	1.8466	
0.69	1.0443	0.2012	0.6108	1.023	
0.7	0.7466	0.3733	0.5587	0.7993	
0.71	0.7637	0.4969	0.4621	0.7934	
0.72	0.7755	0.7085	0.4145	1.2203	
0.73	0.8715	0.737	0.4032	1.5003	
0.74	0.9852	0.7811	0.4098	1.3916	
0.75	1.2875	0.9964	0.4677	0.4075	
0.76	1.2772	0.9298	0.4884	-0.6252	
0.77	1.5634	0.9802	0.4949	-1.2259	
0.78	1.6747	0.9436	0.6056	-0.701	
0.79	2.0096	0.9432	0.674	0.3518	
0.8	1.803	0.9185	0.8831	1.6918	
0.81	1.726	0.7188	0.8982	2.3592	
0.82	1.5276	0.6269	1.1109	2.3971	
0.83	1.0145	0.5428	1.1704	1.6825	
0.84	0.7423	0.3726	1.3255	0.8334	
0.85	0.3352	0.2047	1.5222	0.522	
0.86	-0.1017	0.0458	1.603	0.7312	
0.87	-0.4166	-0.1118	1.572	0.9707	
0.88	-0.7128	-0.243	1.8165	1.1469	
0.89	-0.9513	-0.3636	1.7183	0.7009	
0.9	-0.9497	-0.5036	2.0047	-0.1493	
0.91	-0.8863	-0.5926	2.1533	-0.7857	
0.92	-0.7947	-0.716	2.0857	-0.5631	
0.93	-0.4344	-0.6536	2.1739	0.4339	
0.94	-0.1333	-0.6565	1.9039	1.6485	
0.95	0.2427	-0.6144	1.9547	2.8168	
0.96	0.6097	-0.6034	1.8197	2.8106	
0.97	0.8791	-0.4555	1.8064	2.166	
0.98	1.166	-0.281	1.5924	0.8932	
0.99	1.329	-0.1255	1.6204	0.1751	
1.0	1.3162	0.0734	1.4175	0.1233	
1.01	1.3389	0.2669	1.3586	0.5752	
1.02	1.1777	0.4988	1.0964	0.8629	
1.03	1.0147	0.778	0.9904	0.8819	
1.04	0.7939	0.9876	0.7313	0.3757	
1.05	0.6322	1.1093	0.5645	-0.162	
1.06	0.4574	1.3376	0.3679	-0.1448	
1.07	0.3931	1.565	0.1964	0.5533	
1.08	0.3759	1.7542	0.0572	1.849	
1.09	0.4495	1.9113	-0.0911	2.4927	
1.1	0.7043	2.0602	-0.1956	2.9873	
1.11	0.9534	1.9666	-0.3477	2.3538	
1.12	1.3296	1.9619	-0.4486	0.9508	
1.13	1.6157	2.1733	-0.5004	-0.0524	
1.14	1.8518	2.1199	-0.5657	-0.3676	
1.15	2.2326	2.0805	-0.5686	0.0108	
1.16	2.4695	2.16	-0.5466	0.6621	
1.17	3.0102	2.0045	-0.56	1.1229	
1.18	2.8467	1.7083	-0.5283	0.9904	
1.19	2.8135	1.7649	-0.4831	0.512	
1.2	2.9628	1.5957	-0.382	0.3088	
1.21	2.6359	1.3433	-0.258	0.6814	
1.22	2.0483	1.0821	-0.1607	1.6955	
1.23	1.6115	0.9211	-0.037	2.5027	
1.24	1.3209	0.8183	0.0949	2.576	
1.25	0.8254	0.7481	0.2371	2.2654	
1.26	0.5681	0.5762	0.3779	0.91	
1.27	0.4106	0.563	0.475	-0.2205	
1.28	0.2614	0.5153	0.5778	-0.7572	
1.29	0.229	0.4702	0.7422	-0.3875	
1.3	0.3329	0.5275	0.9	0.3959	
1.31	0.4733	0.5868	0.936	1.1362	
1.32	0.6588	0.6506	1.0272	1.544	
1.33	0.9284	0.6877	1.1326	1.0997	
1.34	0.9702	0.7837	1.1054	0.9195	
1.35	1.1829	0.8592	0.9873	0.7983	
1.36	1.1666	1.0764	1.0503	1.5287	
1.37	1.1964	1.2574	0.9281	2.3227	
1.38	1.0936	1.3024	0.9385	2.6771	
1.39	0.8427	1.3526	0.9289	2.2618	
1.4	0.4277	1.7373	0.7478	1.0851	
1.41	0.0795	1.8264	0.7378	-0.2288	
1.42	-0.328	1.7846	0.5262	-0.9605	
1.43	-0.6389	1.7983	0.4279	-0.6449	
1.44	-0.9439	1.7715	0.2558	0.2545	
1.45	-1.2603	1.7597	0.1135	1.3666	
1.46	-1.1818	1.7404	-0.0343	2.0787	
1.47	-1.1445	1.8526	-0.1663	1.7671	
1.48	-1.0886	1.484	-0.3158	1.4471	
1.49	-0.8674	1.5882	-0.4699	0.9493	
1.5	-0.4538	1.2396	-0.6447	1.2004	
1.51	-0.0993	1.0272	-0.7059	1.5746	
1.52	0.3221	0.9024	-0.7562	2.0611	
1.53	0.7566	0.5625	-0.8251	1.8586	
1.54	0.9412	0.3515	-0.9128	1.0206	
1.55	1.3509	0.0587	-0.9568	-0.1621	
1.56	1.4967	-0.1899	-0.9695	-0.9819	
1.57	1.4745	-0.4952	-0.8781	-0.8617	
1.58	1.457	-0.6643	-0.8573	0.1087	
1.59	1.1308	-0.9526	-0.8171	1.3336	
1.6	1.0022	-0.9919	-0.7451	2.3139	
1.61	0.7473	-1.3767	-0.6618	2.22	
1.62	0.5207	-1.2681	-0.5356	1.6748	
1.63	0.3926	-1.6023	-0.4089	1.219	
1.64	0.2605	-1.6492	-0.2819	0.7873	
1.65	0.2788	-1.5564	-0.1252	0.9056	
1.66	0.3086	-1.5843	0.0536	1.2335	
1.67	0.5027	-1.4008	0.2208	1.306	
1.68	0.7259	-1.3919	0.3836	0.9721	
1.69	1.0316	-1.4805	0.5141	0.0209	
1.7	1.2796	-1.4109	0.6464	-0.7363	
1.71	1.5788	-1.1597	0.7777	-0.7684	
1.72	1.8505	-1.0646	0.9613	0.0409	
1.73	2.1402	-0.9489	1.0299	1.4461	
1.74	2.3443	-0.839	1.2615	2.2648	
1.75	2.2231	-0.7354	1.154	2.6949	
1.76	1.9674	-0.6744	1.2964	2.1458	
1.77	1.8652	-0.5651	1.3431	1.1119	
1.78	1.4951	-0.4999	1.3427	0.4838	
1.79	1.0227	-0.4421	1.3846	0.3015	
1.8	0.5486	-0.5147	1.431	0.6152	
1.81	0.063	-0.5229	1.3197	1.0034	
1.82	-0.3463	-0.5409	1.1962	0.8346	
1.83	-0.5782	-0.6642	1.1252	0.3002	
1.84	-0.8478	-0.7109	1.0152	-0.3481	
1.85	-0.9469	-0.9972	0.9473	-0.5788	
1.86	-1.0214	-1.1503	0.7297	0.0549	
1.87	-0.777	-1.343	0.6411	1.1943	
1.88	-0.6511	-1.3676	0.495	2.4029	
1.89	-0.4426	-1.6692	0.4208	2.9877	
1.9	-0.2526	-1.7654	0.2965	2.2126	
1.91	-0.0611	-1.8569	0.1934	1.1705	
1.92	0.0658	-1.9814	0.096	0.1233	
1.93	0.1247	-2.3996	0.0262	-0.3067	
1.94	0.0761	-2.3458	-0.0385	-0.1162	
1.95	-0.0676	-2.3469	-0.0864	0.3953	
1.96	-0.2692	-2.4466	-0.1133	0.7824	
1.97	-0.5431	-2.573	-0.1239	0.5896	
1.98	-0.8447	-2.5873	-0.0966	0.1204	
1.99	-1.2177	-2.3723	-0.048	-0.1958	
2.0	-1.4367	-2.2014	0.012	0.1501	
2.01	-1.7642	-2.0114	0.093	0.9723	
2.02	-1.7532	-2.0741	0.2097	1.945	
2.03	-1.9193	-1.7258	0.3176	2.4813	
2.04	-1.7469	-1.7182	0.4488	2.1052	
2.05	-1.4644	-1.3606	0.5997	1.0504	
2.06	-1.1953	-1.025	0.8216	-0.1105	
2.07	-0.8747	-0.8317	0.8733	-0.9048	
2.08	-0.3624	-0.6354	1.2237	-0.74	
2.09	0.0456	-0.4509	1.3106	-0.0707	
2.1	0.4368	-0.2628	1.4333	0.6716	
2.11	0.803	-0.0772	1.5573	0.977	
2.12	0.9763	0.0756	1.8995	0.6361	
2.13	1.1313	0.2116	1.7957	0.2864	
2.14	1.0492	0.2759	2.072	0.2523	
2.15	0.9211	0.3133	2.0584	0.8564	
2.16	0.784	0.3713	2.2119	1.7638	
2.17	0.4552	0.3691	2.3358	2.2983	
2.18	0.2404	0.3153	2.5361	2.0971	
2.19	-0.0281	0.235	2.512	0.9634	
2.2	-0.2437	0.1442	2.4897	-0.2735	
2.21	-0.3757	0.0246	2.471	-1.2003	
2.22	-0.3919	-0.0962	2.3188	-1.2522	
2.23	-0.35	-0.2611	2.3963	-0.4815	
2.24	-0.2406	-0.3507	2.1087	0.5208	
2.25	-0.0326	-0.5523	2.1792	1.1426	
2.26	0.2003	-0.722	2.1482	1.2309	
2.27	0.5094	-0.7819	1.9884	0.7015	
2.28	0.7856	-0.8007	1.7243	0.4257	
2.29	0.9616	-0.9055	1.5674	0.5167	
2.3	1.1247	-0.9718	1.4305	1.0873	
2.31	0.9655	-1.0008	1.3038	1.7228	
2.32	0.8187	-1.1164	1.0579	1.679	
2.33	0.6135	-0.9262	0.985	0.7411	
2.34	0.3706	-0.9034	0.8909	-0.432	
2.35	-0.0698	-0.7627	0.8096	-1.2956	
2.36	-0.4764	-0.701	0.7247	-1.5147	
2.37	-0.9153	-0.601	0.6903	-0.7678	
2.38	-1.5408	-0.4128	0.687	0.3386	
2.39	-1.7652	-0.2668	0.6828	1.4434	
2.4	-1.9998	-0.0844	0.5772	1.5313	
2.41	-2.1547	0.0919	0.6304	1.0797	
2.42	-2.2525	0.2522	0.6807	0.5397	
2.43	-2.1354	0.4351	0.7703	0.2504	
2.44	-2.1522	0.522	0.8366	0.492	
2.45	-1.8459	0.6752	0.8726	0.9478	
2.46	-1.5514	0.7079	1.0853	1.005	
2.47	-1.2635	0.795	1.2083	0.5425	
2.48	-0.9327	0.805	1.4287	-0.3939	
2.49	-0.8616	0.7289	1.3602	-1.4123	
2.5	-0.7164	0.6713	1.7211	-1.6495	
2.51	-0.7608	0.6952	1.8304	-1.0212	
2.52	-0.8072	0.5534	1.8713	0.1919	
2.53	-1.0642	0.3484	1.9903	1.4877	
2.54	-1.1873	0.1988	1.9526	1.7951	
2.55	-1.4592	0.0114	2.3049	1.505	
2.56	-1.659	-0.2061	2.3202	0.64	
2.57	-2.15	-0.4158	2.2667	-0.0265	
2.58	-2.0596	-0.6146	2.1844	-0.2314	
2.59	-2.0503	-0.8399	2.3073	0.0627	
2.6	-2.0328	-0.9952	2.565	0.3522	
2.61	-2.0012	-1.4084	2.2596	0.2621	
2.62	-1.5707	-1.4905	2.4168	-0.3346	
2.63	-1.3477	-1.5756	2.4582	-1.1117	
2.64	-0.9411	-1.8971	2.0627	-1.6737	
2.65	-0.4161	-1.7683	2.1152	-1.0218	
2.66	-0.0232	-1.9365	2.0638	0.0353	
2.67	0.3182	-1.983	1.9409	1.2258	
2.68	0.5656	-2.1259	1.4726	1.7661	
2.69	0.8345	-1.7845	1.5262	1.8309	
2.7	0.766	-1.7119	1.2662	0.7362	
2.71	0.7192	-1.965	1.068	-0.282	
2.72	0.5934	-1.608	0.9765	-0.8539	
2.73	0.3155	-1.4415	0.7686	-0.79	
2.74	0.0184	-1.5414	0.5199	-0.2966	
2.75	-0.3108	-1.2693	0.3869	-0.0444	
2.76	-0.5946	-1.1779	0.2646	-0.2742	
2.77	-0.7833	-0.9364	0.1334	-0.7851	
2.78	-1.0221	-0.7802	0.0077	-1.1099	
2.79	-1.0783	-0.734	-0.0898	-0.9583	
2.8	-1.0754	-0.5599	-0.1669	-0.1374	
2.81	-0.9529	-0.5554	-0.2033	1.0428	
2.82	-0.7661	-0.5032	-0.2643	1.7217	
2.83	-0.5187	-0.3959	-0.2736	1.6584	
2.84	-0.2657	-0.4203	-0.2338	0.6459	
2.85	-0.0595	-0.5089	-0.2108	-0.5888	
2.86	0.0724	-0.5156	-0.1437	-1.4882	
2.87	0.134	-0.6784	-0.089	-1.4819	
2.88	0.0816	-0.804	-0.0007	-0.9792	
2.89	-0.0844	-0.8371	0.0936	-0.3496	
2.9	-0.32	-0.9553	0.2	-0.1305	
2.91	-0.7018	-1.2502	0.3146	-0.4064	
2.92	-1.1278	-1.306	0.3755	-0.8399	
2.93	-1.5912	-1.4597	0.4913	-0.8568	
2.94	-2.1126	-1.6319	0.5962	-0.2565	
2.95	-2.4639	-1.6948	0.7375	0.7114	
2.96	-2.4332	-1.7697	0.826	1.5554	
2.97	-2.9655	-2.0996	0.9018	1.546	
2.98	-2.8194	-1.8696	0.9561	0.5677	
2.99	-2.5717	-2.1041	0.9959	-0.7303	
3.0	-2.482	-2.1149	0.9303	-1.6419	
3.01	-2.3016	-1.8193	1.0394	-2.234	
3.02	-2.0946	-1.8314	1.0227	-1.6284	
3.03	-1.7669	-1.5689	0.9312	-0.6932	
3.04	-1.4615	-1.4956	0.7337	-0.004	
3.05	-1.1703	-1.3938	0.7618	0.0742	
3.06	-0.9522	-1.0993	0.6084	-0.2634	
3.07	-0.8281	-0.8917	0.496	-0.5755	
3.08	-0.7881	-0.6687	0.313	-0.3967	
3.09	-0.8552	-0.3687	0.1334	0.1993	
3.1	-0.8948	-0.1205	-0.036	0.8262	
3.11	-1.2059	0.1356	-0.2176	1.0544	
3.12	-1.4269	0.4134	-0.4294	0.333	
3.13	-1.5956	0.5934	-0.651	-0.8303	
3.14	-1.6411	0.8599	-0.7739	-2.1537	
3.15	-1.6704	1.0957	-0.934	-2.6235	
3.16	-1.6799	1.0704	-1.0864	-1.8573	
3.17	-1.663	1.2163	-1.2272	-0.8816	
3.18	-1.4033	1.4638	-1.3229	0.0876	
3.19	-1.131	1.3793	-1.6422	0.497	
3.2	-0.7908	1.4418	-1.8254	0.1973	
3.21	-0.319	1.4122	-1.8605	-0.2769	
3.22	0.1266	1.2547	-1.7325	-0.537	
3.23	0.5416	1.3134	-1.6978	-0.3341	
3.24	0.8299	1.1648	-1.8798	0.1739	
3.25	0.9773	1.138	-1.749	0.4104	
3.26	1.0116	0.9314	-1.9205	0.0319	
3.27	1.0065	0.807	-1.778	-1.0012	
3.28	1.0094	0.7934	-1.6738	-2.1688	
3.29	0.7199	0.7272	-1.7012	-2.4638	
3.3	0.3946	0.5813	-1.5298	-2.3741	
3.31	0.0059	0.463	-1.5294	-1.1887	
3.32	-0.3697	0.4262	-1.2755	0.1115	
3.33	-0.6678	0.3717	-1.2593	0.7127	
3.34	-0.9287	0.386	-1.074	0.6993	
3.35	-1.1815	0.4485	-0.8411	-0.0295	
3.36	-1.2665	0.4857	-0.816	-0.7086	
3.37	-1.0789	0.5637	-0.623	-0.8379	
3.38	-1.1104	0.7726	-0.6258	-0.5546	
3.39	-0.771	0.8707	-0.5284	-0.267	
3.4	-0.5647	0.9876	-0.3787	-0.3454	
3.41	-0.367	1.2303	-0.3633	-1.0635	
3.42	-0.2263	1.4126	-0.3232	-2.0088	
3.43	-0.0809	1.4353	-0.3046	-2.5588	
3.44	-0.0486	1.8056	-0.3438	-2.4802	
3.45	-0.1053	2.1107	-0.3792	-1.2855	
3.46	-0.2736	2.133	-0.4415	0.071	
3.47	-0.4968	2.2327	-0.4949	0.9425	
3.48	-0.8696	2.365	-0.5398	0.8948	
3.49	-1.2197	2.325	-0.7377	0.2002	
3.5	-1.4919	2.7758	-0.779	-0.8033	
3.51	-1.7992	2.3792	-0.9192	-1.3095	
3.52	-2.1093	2.6546	-1.0258	-1.3399	
3.53	-2.5995	2.5798	-1.3168	-1.0328	
3.54	-2.7759	2.4936	-1.4398	-0.704	
3.55	-2.5627	2.3397	-1.6649	-0.9601	
3.56	-2.5216	2.3186	-1.733	-1.4625	
3.57	-1.8799	2.2437	-1.9061	-2.1442	
3.58	-1.7097	1.7654	-1.9595	-1.9344	
3.59	-1.416	1.7119	-2.0534	-1.1607	
3.6	-0.8771	1.4937	-2.2688	-0.0436	
3.61	-0.5386	1.1784	-2.12	0.9198	
3.62	-0.206	1.0111	-2.2878	1.05	
3.63	0.0437	0.7853	-2.4941	0.2968	
3.64	0.1969	0.539	-2.5338	-0.8033	
3.65	0.2373	0.3264	-2.5818	-1.6161	
3.66	0.1668	0.1923	-2.2622	-2.0635	
3.67	0.0432	0.0488	-2.0406	-1.6005	
3.68	-0.1297	-0.0576	-2.2881	-1.0048	
3.69	-0.3373	-0.1454	-1.9897	-0.9169	
3.7	-0.4672	-0.1623	-1.8535	-1.1263	
3.71	-0.5906	-0.1973	-1.8625	-1.5033	
3.72	-0.7043	-0.18	-1.6504	-1.6798	
3.73	-0.6176	-0.113	-1.407	-1.2629	
3.74	-0.5194	-0.0331	-1.3191	-0.232	
3.75	-0.2806	0.0628	-1.1744	0.6972	
3.76	0.0369	0.1689	-1.0326	0.9081	
3.77	0.4104	0.3108	-0.8309	0.3174	
3.78	0.7936	0.4291	-0.6793	-0.9693	
3.79	1.2125	0.6263	-0.5611	-1.9691	
3.8	1.3433	0.6773	-0.4262	-2.6187	
3.81	1.6222	0.8839	-0.3335	-2.3047	
3.82	1.6837	1.0059	-0.2105	-1.3313	
3.83	2.013	1.0901	-0.1204	-0.8369	
3.84	1.8751	0.9783	-0.0647	-0.7622	
3.85	1.5712	1.1472	-0.0322	-1.1055	
3.86	1.1495	1.2091	-0.0134	-1.3696	
3.87	0.8454	1.0212	-0.0154	-1.162	
3.88	0.4051	1.1191	-0.0443	-0.4451	
3.89	-0.0202	1.0172	-0.0805	0.3737	
3.9	-0.3904	0.7739	-0.1572	0.6993	
3.91	-0.669	0.656	-0.2468	0.2039	
3.92	-0.7582	0.5624	-0.3316	-0.9711	
3.93	-0.8778	0.3687	-0.451	-2.0863	
3.94	-0.743	0.1613	-0.5064	-3.093	
3.95	-0.6243	-0.0228	-0.6403	-2.4006	
3.96	-0.4719	-0.2118	-0.7712	-1.6398	
3.97	-0.1964	-0.3534	-1.0014	-0.7606	
3.98	0.0187	-0.5737	-1.0109	-0.2583	
3.99	0.2182	-0.6038	-1.2156	-0.3854	
4.0	0.3222	-0.7835	-1.2787	-0.7655	
4.01	0.3809	-0.9092	-1.3482	-1.1135	
4.02	0.3192	-0.8188	-1.3708	-0.7269	
4.03	0.1942	-0.9535	-1.3812	-0.1449	
4.04	-0.0573	-0.9491	-1.5349	0.2259	
4.05	-0.3698	-0.7769	-1.5861	-0.0139	
4.06	-0.6867	-0.7618	-1.5599	-1.011	
4.07	-0.909	-0.638	-1.3632	-2.3218	
4.08	-1.1619	-0.5038	-1.3982	-2.6837	
4.09	-1.4737	-0.2699	-1.292	-2.9426	
4.1	-1.6006	-0.0792	-1.1435	-1.6949	
4.11	-1.6158	0.1373	-1.1889	-0.6648	
4.12	-1.3853	0.3396	-0.9727	0.1576	
4.13	-1.2503	0.6077	-0.8789	0.2173	
4.14	-0.7521	0.7839	-0.658	-0.2822	
4.15	-0.3589	0.9733	-0.4887	-0.8214	
4.16	0.057	1.1755	-0.3955	-0.942	
4.17	0.525	1.4499	-0.1851	-0.67	
4.18	0.8726	1.6493	-0.0287	-0.3317	
4.19	1.1702	1.5248	0.1327	-0.3198	
4.2	1.5979	1.9057	0.2788	-0.948	
4.21	1.7359	1.6777	0.4717	-2.1728	
4.22	1.6475	1.6644	0.598	-2.9252	
4.23	1.611	1.685	0.7213	-3.0074	
4.24	1.4126	1.6433	0.725	-1.8689	
4.25	1.1925	1.7117	0.9116	-0.5764	
4.26	0.9769	1.5638	0.8983	0.4806	
4.27	0.7428	1.4798	0.9767	0.773	
4.28	0.5451	1.3549	0.9868	0.1456	
4.29	0.5228	1.0872	0.8954	-0.7617	
4.3	0.5857	1.0647	0.8868	-1.4044	
4.31	0.6499	0.9308	0.7253	-1.2592	
4.32	0.8587	0.792	0.6385	-0.9694	
4.33	1.0994	0.5823	0.5736	-0.6768	
4.34	1.5356	0.5375	0.4635	-0.9398	
4.35	1.6451	0.4381	0.3133	-1.6759	
4.36	1.8799	0.3886	0.2156	-2.2516	
4.37	2.4544	0.3498	0.0558	-2.5505	
4.38	2.3336	0.3732	-0.0882	-1.6794	
4.39	2.2202	0.376	-0.25	-0.4823	
4.4	2.5176	0.4668	-0.3716	0.6872	
4.41	2.36	0.5671	-0.5002	0.9259	
4.42	1.7124	0.5794	-0.6636	0.49	
4.43	1.4294	0.7611	-0.7357	-0.4971	
4.44	1.1195	0.9012	-0.8086	-1.5827	
4.45	0.6168	1.1112	-0.9234	-1.6715	
4.46	0.1777	1.3435	-0.8945	-1.5431	
4.47	-0.1528	1.3997	-1.0164	-1.118	
4.48	-0.3978	1.5484	-1.0751	-0.9608	
4.49	-0.5428	1.6464	-0.8813	-1.2045	
4.5	-0.5036	1.723	-0.9474	-1.8664	
4.51	-0.4734	1.9491	-0.9627	-2.1336	
4.52	-0.273	1.9438	-0.7756	-1.4922	
4.53	-0.0376	2.0451	-0.676	-0.4733	
4.54	0.2104	2.1291	-0.6297	0.6444	
4.55	0.5076	1.9418	-0.5183	1.2094	
4.56	0.6897	1.8987	-0.3577	0.7546	
4.57	0.8505	1.8443	-0.2444	-0.3484	
4.58	0.9313	1.6038	-0.0945	-1.4816	
4.59	0.801	1.4671	0.0364	-2.3168	
4.6	0.665	1.3979	0.1827	-1.9004	
4.61	0.5256	1.1235	0.295	-1.2438	
4.62	0.2746	0.9425	0.4006	-0.7226	
4.63	-0.0095	0.6027	0.4695	-0.6462	
4.64	-0.2661	0.3962	0.5531	-1.0631	
4.65	-0.5135	0.1513	0.7002	-1.3888	
4.66	-0.6022	-0.0876	0.7266	-1.1689	
4.67	-0.5795	-0.337	0.7846	-0.4506	
4.68	-0.5304	-0.5908	0.7053	0.4395	
4.69	-0.3654	-0.728	0.7238	1.0374	
4.7	-0.0305	-0.8363	0.66	0.8509	
4.71	0.3641	-1.0163	0.5963	-0.2738	
4.72	0.807	-1.1395	0.5902	-1.6257	
4.73	1.3393	-1.1714	0.4475	-2.5125	
4.74	1.7957	-1.3248	0.3443	-2.4411	
4.75	2.0263	-1.2978	0.1748	-1.5757	
4.76	2.189	-1.3416	0.0206	-0.6905	
4.77	2.6758	-1.2559	-0.145	-0.1687	
4.78	2.7806	-1.2172	-0.3427	-0.2601	
4.79	2.3342	-0.9411	-0.5277	-0.5989	
4.8	2.3886	-0.9562	-0.6751	-0.8453	
4.81	2.2415	-0.8622	-0.8933	-0.4698	
4.82	1.9897	-0.7528	-0.9466	0.2357	
4.83	1.6735	-0.6336	-1.2142	0.7258	
4.84	1.2593	-0.4669	-1.3361	0.6366	
4.85	1.1129	-0.4098	-1.4068	-0.1641	
4.86	0.9299	-0.37	-1.53	-1.368	
4.87	0.9346	-0.3456	-1.7516	-2.2221	
4.88	1.0032	-0.335	-1.602	-2.5832	
4.89	1.207	-0.3532	-1.7685	-1.771	
4.9	1.4212	-0.3736	-1.749	-0.6084	
4.91	1.8567	-0.4515	-1.8945	0.271	
4.92	1.8151	-0.5756	-1.9634	0.4869	
4.93	2.3577	-0.6703	-1.6312	0.1187	
4.94	2.1526	-0.9117	-1.6056	-0.3578	
4.95	2.5286	-0.9932	-1.4949	-0.4926	
4.96	2.0953	-1.3185	-1.522	-0.1351	
4.97	1.9473	-1.4263	-1.3108	0.3607	
4.98	1.6934	-1.4991	-1.2008	0.4289	
4.99	1.4618	-1.797	-1.1368	-0.1052	
5.0	1.1246	-1.8488	-1.048	-1.1975	
5.01	0.6539	-2.1553	-0.908	-2.2615	
5.02	0.1693	-2.4035	-0.8077	-2.5858	
5.03	-0.2037	-2.3998	-0.7687	-1.6328	
5.04	-0.4727	-2.7854	-0.5922	-0.4363	
5.05	-0.7091	-2.8627	-0.5255	0.627	
5.06	-0.7564	-2.5295	-0.4519	1.141	
5.07	-0.7922	-2.7334	-0.365	0.8093	
5.08	-0.6156	-2.8645	-0.3708	0.0556	
5.09	-0.3543	-2.7473	-0.3201	-0.4483	
5.1	-0.0882	-2.379	-0.3726	-0.5073	
5.11	0.2271	-2.177	-0.3687	-0.1445	
5.12	0.5265	-2.2678	-0.4121	0.1299	
5.13	0.7543	-1.8698	-0.4964	-0.0945	
5.14	0.8359	-1.6187	-0.5728	-0.8085	
5.15	1.0433	-1.4511	-0.7004	-1.7982	
5.16	1.0412	-1.3511	-0.8183	-1.8254	
5.17	0.8257	-1.08	-1.0334	-1.524	
5.18	0.5949	-0.891	-1.1781	-0.3137	
5.19	0.4594	-0.6331	-1.2732	0.9543	
5.2	0.1801	-0.4445	-1.4655	1.5265	
5.21	-0.0338	-0.3079	-1.7107	1.2794	
5.22	-0.186	-0.1708	-1.9341	0.4931	
5.23	-0.2687	-0.0956	-1.8203	-0.4442	
5.24	-0.2501	-0.0264	-2.2047	-0.8276	
5.25	-0.1323	0.0014	-2.1606	-0.6762	
5.26	0.0956	-0.0017	-2.3275	-0.2476	
5.27	0.4453	-0.0383	-2.7102	-0.0862	
5.28	0.8933	-0.0994	-2.4682	-0.4788	
5.29	1.2338	-0.1672	-2.7671	-1.0354	
5.3	1.7441	-0.3089	-2.6104	-1.3328	
5.31	1.9263	-0.3668	-2.638	-1.0997	
5.32	2.2378	-0.5404	-2.8342	-0.132	
5.33	2.5492	-0.6741	-2.7013	1.1043	
5.34	2.8823	-0.7565	-2.59	1.9296	
5.35	2.5641	-0.8314	-2.7853	1.8138	
5.36	2.5778	-0.9899	-2.4099	0.7751	
5.37	2.1762	-1.1616	-2.4846	-0.4056	
5.38	1.7763	-1.1489	-2.3129	-1.1091	
5.39	1.5036	-1.2906	-2.0373	-1.1152	
5.4	1.1487	-1.2768	-2.0221	-0.5819	
5.41	0.847	-1.129	-1.7055	-0.0849	
5.42	0.6478	-1.1396	-1.5928	0.0018	
5.43	0.4212	-1.0147	-1.4125	-0.3247	
5.44	0.4454	-0.8878	-1.2203	-0.7767	
5.45	0.467	-0.7842	-1.3087	-0.6701	
5.46	0.5584	-0.6134	-0.9583	0.039	
5.47	0.6935	-0.4313	-0.9811	1.0976	
5.48	0.9322	-0.3008	-0.7705	1.8731	
5.49	1.2211	-0.0989	-0.7632	1.8765	
5.5	1.3228	0.1098	-0.7571	1.075	
5.51	1.3506	0.3196	-0.5962	-0.2576	
5.52	1.4926	0.4664	-0.6421	-1.2436	
5.53	1.3344	0.6094	-0.6016	-1.5608	
5.54	1.1029	0.7358	-0.6288	-0.9289	
5.55	0.6685	0.8762	-0.7273	-0.0722	
5.56	0.3772	1.0035	-0.7933	0.4202	
5.57	-0.0771	0.889	-0.8236	0.3886	
5.58	-0.5229	0.9361	-0.8681	0.0545	
5.59	-0.9406	0.961	-1.1048	-0.1442	
5.6	-1.1527	0.9268	-1.1459	0.2055	
5.61	-1.6126	0.7455	-1.3032	0.9638	
5.62	-1.5489	0.6461	-1.2391	1.7391	
5.63	-1.5139	0.5445	-1.3857	1.8497	
5.64	-1.4156	0.3291	-1.5072	1.0251	
5.65	-1.2011	0.1375	-1.7642	-0.134	
5.66	-0.9051	-0.0864	-1.7946	-1.1208	
5.67	-0.6046	-0.2731	-1.982	-1.493	
5.68	-0.23	-0.5112	-1.9981	-1.1088	
5.69	0.0782	-0.6738	-1.9321	-0.039	
5.7	0.3318	-0.8578	-2.1562	0.7769	
5.71	0.4979	-1.0187	-2.0996	1.2221	
5.72	0.5829	-1.2504	-1.988	0.8451	
5.73	0.5501	-1.4072	-2.302	0.4585	
5.74	0.4859	-1.4521	-2.033	0.3859	
5.75	0.3142	-1.677	-2.0153	0.7948	
5.76	0.0918	-1.5831	-1.9556	1.4586	
5.77	-0.1525	-1.5367	-1.6338	1.499	
5.78	-0.316	-1.4971	-1.6752	1.0865	
5.79	-0.4976	-1.569	-1.4795	0.0612	
5.8	-0.5565	-1.499	-1.3168	-1.0106	
5.81	-0.4731	-1.4375	-1.0736	-1.3915	
5.82	-0.3766	-1.1419	-0.9099	-1.0555	
5.83	-0.1169	-1.0681	-0.733	0.0239	
5.84	0.2003	-0.9523	-0.6134	1.288	
5.85	0.5307	-0.7954	-0.406	1.9376	
5.86	0.8552	-0.7455	-0.1789	1.5431	
5.87	1.2098	-0.5387	-0.0246	1.0137	
5.88	1.6207	-0.4819	0.1408	0.5318	
5.89	1.7887	-0.3579	0.294	0.4985	
5.9	1.9711	-0.2761	0.4361	0.8651	
5.91	1.7296	-0.2293	0.5406	1.3073	
5.92	1.9006	-0.2434	0.5453	0.9641	
5.93	1.5855	-0.2706	0.6404	0.2904	
5.94	1.0692	-0.3433	0.7286	-0.7424	
5.95	0.6919	-0.4292	0.7075	-1.3298	
5.96	0.3584	-0.4675	0.7134	-0.9309	
5.97	-0.0428	-0.6186	0.6599	0.1257	
5.98	-0.4166	-0.834	0.655	1.3201	
5.99	-0.7038	-0.8906	0.6567	2.1571	
6.0	-0.8772	-1.1352	0.5442	2.1668	
6.01	-0.84	-1.252	0.4622	1.548	
6.02	-0.8106	-1.3336	0.3497	0.6488	
6.03	-0.7542	-1.6158	0.2308	0.2684	
6.04	-0.568	-1.89	0.1389	0.3797	
6.05	-0.3367	-1.7184	0.017	0.7683	
6.06	-0.1704	-2.1202	-0.0897	0.8504	
6.07	-0.0246	-2.1773	-0.1754	0.5102	
6.08	0.049	-2.053	-0.2732	-0.2355	
6.09	0.0232	-1.9671	-0.3307	-0.7295	
6.1	-0.0923	-2.1074	-0.4634	-0.6645	
6.11	-0.3049	-1.8476	-0.511	0.2576	
6.12	-0.6617	-2.0522	-0.4621	1.6744	
6.13	-0.9287	-1.7517	-0.4736	2.7591	
6.14	-1.2905	-1.6007	-0.4748	2.5435	
6.15	-1.8718	-1.3951	-0.4788	1.9417	
6.16	-2.0525	-1.0957	-0.3787	0.8605	
6.17	-2.4436	-0.9812	-0.3061	0.0008	
6.18	-2.6012	-0.6715	-0.1978	-0.1398	
6.19	-2.429	-0.47	-0.0901	0.2887	
6.2	-2.1755	-0.1831	0.0477	0.7077	
6.21	-2.3624	0.0388	0.1858	0.686	
6.22	-1.6747	0.2497	0.3557	0.3386	
6.23	-1.5358	0.4594	0.4834	-0.1596	
6.24	-1.0061	0.7006	0.6914	-0.1989	
6.25	-0.7151	0.8081	0.8164	0.4302	
6.26	-0.3414	0.8805	1.1633	1.4329	
6.27	-0.0371	1.0942	1.2728	2.4259	
6.28	0.1403	1.0225	1.4633	3.072	
6.29	0.2032	1.0919	1.4928	1.9428	
6.3	0.1903	1.0735	1.5845	0.8789	
6.31	0.078	0.9948	1.9179	-0.1705	
6.32	-0.1178	0.9329	1.9611	-0.5443	
6.33	-0.3353	0.8137	1.807	-0.2092	
6.34	-0.5935	0.7417	2.2181	0.5295	
6.35	-0.7193	0.7699	2.2905	1.0801	
6.36	-0.9184	0.6171	2.2638	0.9344	
6.37	-0.8828	0.511	2.1147	0.5302	
6.38	-0.8778	0.3732	2.2577	0.318	
6.39	-0.7186	0.321	2.1605	0.6487	
6.4	-0.5297	0.2586	1.7782	1.5924	
6.41	-0.2686	0.1999	1.9378	2.388	
6.42	0.0644	0.2015	1.6078	2.9335	
6.43	0.4074	0.1924	1.5241	2.3401	
6.44	0.6991	0.2283	1.5573	1.0513	
6.45	0.9669	0.3088	1.2161	-0.2334	
6.46	1.0373	0.4399	1.268	-0.8484	
6.47	0.9643	0.5722	1.0484	-0.6101	
6.48	0.8631	0.7717	0.9421	0.2946	
6.49	0.7019	0.8234	0.8209	1.1257	
6.5	0.391	1.1359	0.7032	1.5772	
6.51	-0.0161	1.2181	0.5102	1.3756	
6.52	-0.4217	1.472	0.4478	0.843	
6.53	-0.8205	1.591	0.4021	0.8582	
6.54	-1.1762	1.9752	0.3358	1.3877	
6.55	-1.7653	1.952	0.2743	2.1306	
6.56	-2.0395	2.1133	0.2494	2.5418	
6.57	-2.1567	2.5735	0.2499	2.0215	
6.58	-1.9682	2.7073	0.2925	1.1091	
6.59	-1.8545	2.673	0.383	-0.2258	
6.6	-1.9369	2.5954	0.461	-0.9934	
6.61	-1.472	2.9323	0.4978	-0.8234	
6.62	-1.3851	2.7312	0.5771	0.1712	
6.63	-1.216	2.8731	0.7731	1.2135	
6.64	-1.0105	2.842	0.8192	2.0499	
6.65	-0.9535	2.4778	1.0205	1.9475	
6.66	-0.8421	2.2605	1.219	1.4222	
6.67	-1.0261	1.9351	1.1556	0.9532	
6.68	-1.226	2.1073	1.5312	0.9652	
6.69	-1.4899	1.6478	1.3831	1.5167	
6.7	-1.6527	1.5315	1.5622	1.8132	
6.71	-2.1103	1.2005	1.9074	1.7539	
6.72	-2.3531	1.1811	1.7869	0.9449	
6.73	-2.6195	0.9728	1.7995	-0.068	
6.74	-2.4638	0.7805	2.1251	-0.9083	
6.75	-2.7653	0.5871	1.8778	-0.736	
6.76	-2.8816	0.4211	2.0249	0.0978	
6.77	-2.2525	0.2991	1.994	1.3964	
6.78	-1.9764	0.2538	2.0032	2.41	
6.79	-1.7438	0.1935	2.0972	2.4153	
6.8	-1.2452	0.1699	1.9898	2.1199	
6.81	-0.9002	0.2118	1.8864	1.1407	
6.82	-0.433	0.2559	1.6233	0.8107	
6.83	-0.1073	0.2866	1.5798	0.948	
6.84	0.1676	0.394	1.3683	1.3522	
6.85	0.3425	0.5561	1.1375	1.4304	
6.86	0.3289	0.6443	1.1077	0.9139	
6.87	0.3132	0.8328	0.9358	0.1552	
6.88	0.1659	0.9754	0.6422	-0.6295	
6.89	-0.0629	0.9574	0.5242	-0.6373	
6.9	-0.332	1.0296	0.3182	0.0939	
6.91	-0.5852	1.3289	0.1788	1.3045	
6.92	-0.8507	1.2538	0.0455	2.6646	
6.93	-0.8744	1.3452	-0.0837	3.0084	
6.94	-0.915	1.3784	-0.1908	2.4426	
6.95	-0.923	1.3601	-0.3192	1.3902	
6.96	-0.911	1.4004	-0.3577	0.5217	
6.97	-0.601	1.1416	-0.4197	0.3061	
6.98	-0.3777	1.2187	-0.4365	0.6383	
6.99	-0.0817	0.9377	-0.4106	1.0161	
7.0	0.1802	0.8505	-0.4116	0.8825	
7.01	0.4102	0.6183	-0.4051	0.4826	
7.02	0.5296	0.4286	-0.3332	-0.151	
7.03	0.652	0.2704	-0.2856	-0.3829	
7.04	0.6271	0.042	-0.1623	0.183	
7.05	0.3721	-0.1501	-0.074	1.3557	
7.06	0.1181	-0.3808	0.0475	2.287	
7.07	-0.2258	-0.562	0.1557	2.9192	
7.08	-0.6567	-0.7594	0.3145	2.3493	
7.09	-1.1906	-0.7893	0.4049	1.3922	
7.1	-1.6958	-0.9496	0.5351	0.2616	
7.11	-1.7418	-1.1006	0.6282	-0.2752	
7.12	-1.9956	-1.0958	0.7489	-0.101	
7.13	-2.4965	-1.057	0.9711	0.4464	
7.14	-2.661	-0.9896	1.0175	0.9453	
7.15	-2.2893	-0.8509	1.0169	0.8545	
7.16	-2.2533	-0.8788	1.0243	0.3937	
7.17	-1.9031	-0.7293	1.0956	0.0768	
7.18	-1.8057	-0.5497	1.2025	0.3039	
7.19	-1.3104	-0.3673	1.2008	1.1051	
7.2	-1.2678	-0.154	1.0418	2.0233	
7.21	-0.9393	0.0526	0.9712	2.5159	
7.22	-0.7633	0.2688	0.868	2.4105	
7.23	-0.8704	0.5008	0.7873	1.4628	
7.24	-0.8964	0.6179	0.7463	0.0511	
7.25	-0.9275	0.8792	0.5366	-0.7776	
7.26	-1.1781	1.0217	0.4298	-0.665	
7.27	-1.4736	1.1256	0.2864	0.0207	
7.28	-1.5289	1.4128	0.1308	0.8673	
7.29	-1.9511	1.497	-0.026	1.2457	
7.3	-2.1783	1.5639	-0.182	0.9373	
7.31	-2.2069	1.353	-0.3401	0.6339	
7.32	-1.9327	1.4056	-0.4509	0.475	
7.33	-2.0146	1.3302	-0.6333	1.0784	
7.34	-1.5847	1.4129	-0.7438	1.8108	
7.35	-1.2033	1.3095	-0.7847	2.3024	
7.36	-0.8141	1.1675	-0.9058	2.1553	
7.37	-0.37	1.0083	-1.0065	1.2921	
7.38	0.1092	0.8717	-1.1221	-0.0715	
7.39	0.4953	0.6516	-1.0227	-0.9219	
7.4	0.821	0.6119	-1.0591	-1.162	
7.41	1.131	0.4448	-1.1364	-0.3518	
7.42	1.1001	0.3672	-0.9118	0.6822	
7.43	1.0625	0.2528	-0.8844	1.4272	
7.44	0.9946	0.1622	-0.7911	1.3967	
7.45	0.7597	0.1097	-0.6726	1.1773	
7.46	0.5212	0.1032	-0.5451	0.714	
7.47	0.2473	0.1023	-0.4248	0.6752	
7.48	-0.0328	0.1496	-0.3245	1.3387	
7.49	-0.2656	0.221	-0.1277	1.9163	
7.5	-0.4	0.3564	0.0211	1.7288	
7.51	-0.51	0.4345	0.1889	1.0435	
7.52	-0.5206	0.5936	0.3327	-0.1399	
7.53	-0.425	0.7045	0.4945	-1.0793	
7.54	-0.2279	0.8839	0.6074	-1.2629	
7.55	0.0059	1.0335	0.6929	-0.6908	
7.56	0.257	1.2685	0.9558	0.5006	
7.57	0.4424	1.5442	1.0217	1.5604	
7.58	0.6828	1.6513	0.9603	1.9908	
7.59	0.7331	1.9084	1.1508	1.4443	
7.6	0.8281	1.8881	1.1008	0.8508	
7.61	0.7085	1.8559	1.2157	0.4396	
7.62	0.4924	1.9173	1.2378	0.602	
7.63	0.1715	2.1586	1.085	1.0413	
7.64	-0.2041	2.2118	1.0761	1.3074	
7.65	-0.6916	1.9095	0.975	0.8734	
7.66	-1.093	1.9358	0.8908	-0.1171	
7.67	-1.4035	1.7222	0.7895	-0.9685	
7.68	-1.7275	1.7082	0.7292	-1.2503	
7.69	-1.7758	1.6617	0.5212	-0.7498	
7.7	-2.0556	1.4038	0.4141	0.4229	
7.71	-1.943	1.1998	0.3171	1.732	
7.72	-2.0042	0.9955	0.1966	2.0714	
7.73	-1.7756	0.7675	0.0773	1.7879	
7.74	-1.3636	0.4783	-0.0405	1.0063	
7.75	-0.9115	0.208	-0.1348	0.2054	
7.76	-0.6431	0.0026	-0.2129	-0.07	
7.77	-0.3116	-0.2067	-0.2795	0.1856	
7.78	-0.0421	-0.4185	-0.3461	0.48	
7.79	0.1383	-0.607	-0.3913	0.4947	
7.8	0.1816	-0.7137	-0.3593	-0.0404	
7.81	0.1915	-0.8097	-0.325	-0.7396	
7.82	0.0709	-0.9219	-0.3429	-1.21	
7.83	-0.0889	-0.9274	-0.2369	-0.8584	
7.84	-0.2703	-0.845	-0.1613	0.2597	
7.85	-0.4449	-0.8167	-0.0671	1.417	
7.86	-0.6458	-0.8096	0.0609	2.1197	
7.87	-0.7515	-0.81	0.2035	1.9938	
7.88	-0.7132	-0.6357	0.362	1.0418	
7.89	-0.6125	-0.5454	0.5015	-0.0498	
7.9	-0.4884	-0.4389	0.6929	-0.699	
7.91	-0.1653	-0.3902	0.9008	-0.5742	
7.92	0.1992	-0.2694	0.9759	-0.186	
7.93	0.6291	-0.1789	1.1795	0.1848	
7.94	0.9736	-0.1183	1.2886	0.0728	
7.95	1.6309	-0.0689	1.5659	-0.4202	
7.96	1.7907	-0.0457	1.7364	-0.9149	
7.97	2.0842	-0.0498	1.8934	-0.6541	
7.98	2.3715	-0.0834	1.9157	0.1032	
7.99	2.2694	-0.1477	2.0747	1.1881	
8.0	2.3214	-0.2479	2.1659	1.9185	
8.01	2.1119	-0.3463	2.3935	1.7625	
8.02	1.5945	-0.5665	2.196	0.9925	
8.03	1.387	-0.7262	2.3072	-0.299	
8.04	0.8583	-0.9397	2.2679	-1.1115	
8.05	0.6659	-1.0225	2.188	-1.266	
8.06	0.3478	-1.2173	2.2856	-0.8598	
8.07	0.1602	-1.4644	1.9472	-0.1289	
8.08	0.0487	-1.7739	1.9557	0.1809	
8.09	0.0425	-2.1326	1.7527	0.0017	
8.1	0.1357	-2.1803	1.7044	-0.3782	
8.11	0.322	-2.2648	1.6023	-0.4787	
8.12	0.4872	-2.7044	1.5883	-0.0393	
8.13	0.6851	-2.4632	1.3863	0.932	
8.14	1.006	-2.5206	1.4134	1.5303	
8.15	1.1296	-2.6198	1.1083	1.8196	
8.16	1.1245	-2.7599	1.1703	0.7984	
8.17	1.0343	-2.5585	0.9328	-0.4324	
8.18	0.9846	-2.8822	0.8761	-1.7156	
8.19	0.8122	-2.5138	0.7319	-2.025	
8.2	0.4911	-2.6408	0.7582	-1.5106	
8.21	0.1263	-2.1851	0.752	-0.4645	
8.22	-0.2876	-2.0665	0.7336	0.2783	
8.23	-0.5833	-1.9914	0.7046	0.4057	
8.24	-0.8729	-1.6562	0.7309	0.1118	
8.25	-1.2249	-1.6066	0.7354	-0.2521	
8.26	-1.397	-1.3866	0.8392	-0.1746	
8.27	-1.2886	-1.1662	1.0183	0.3859	
8.28	-1.1089	-0.9307	1.0449	1.0472	
8.29	-0.9533	-0.7658	1.1425	1.2569	
8.3	-0.6051	-0.5948	1.4591	0.5499	
8.31	-0.2454	-0.4924	1.483	-0.576	
8.32	0.1477	-0.4422	1.7862	-1.7444	
8.33	0.5253	-0.3702	1.8362	-2.3223	
8.34	0.9458	-0.3467	2.0267	-1.8903	
8.35	1.1434	-0.3756	2.0895	-0.6533	
8.36	1.4264	-0.4149	2.3196	0.3733	
8.37	1.2812	-0.4808	2.4421	0.8381	
8.38	1.4131	-0.536	2.4852	0.5317	
8.39	1.3729	-0.6691	2.4142	0.0224	
8.4	1.0368	-0.757	2.8579	-0.3117	
8.41	0.8647	-0.8169	2.7442	-0.1917	
8.42	0.671	-1.0868	2.6441	0.2531	
8.43	0.5927	-1.2105	2.9305	0.5413	
8.44	0.4984	-1.1698	3.004	0.2334	
8.45	0.457	-1.4041	2.9374	-0.682	
8.46	0.6091	-1.3618	2.6067	-1.8819	
8.47	0.7418	-1.3816	2.8303	-2.5612	
8.48	1.105	-1.6216	2.687	-1.9784	
8.49	1.3649	-1.4701	2.1779	-0.9836	
8.5	1.5947	-1.4437	2.2985	0.3602	
8.51	1.9759	-1.3465	2.0372	1.1518	
8.52	2.6669	-1.3709	2.1125	0.9438	
8.53	2.5636	-1.1908	1.8617	0.2568	
8.54	2.7791	-1.0069	1.6182	-0.5031	
8.55	2.6764	-0.7748	1.4679	-0.7626	
8.56	3.0163	-0.6491	1.204	-0.5061	
8.57	2.6987	-0.461	1.1245	-0.1728	
8.58	2.201	-0.214	1.0631	-0.1926	
8.59	2.0055	-0.0163	0.8422	-0.7664	
8.6	1.6577	0.176	0.7654	-1.6609	
8.61	1.0606	0.3626	0.5768	-2.3658	
8.62	0.7248	0.6168	0.4851	-2.211	
8.63	0.4121	0.6912	0.4905	-1.0475	
8.64	0.2443	0.8478	0.3867	0.2422	
8.65	0.1209	0.9702	0.4048	1.2489	
8.66	0.1091	0.98	0.3517	1.0893	
8.67	0.2002	0.9917	0.4128	0.485	
8.68	0.4083	0.9609	0.4404	-0.621	
8.69	0.6129	1.1092	0.5252	-1.1685	
8.7	0.8191	0.8834	0.5158	-1.1845	
8.71	1.0984	0.8903	0.6571	-0.9669	
8.72	1.2369	0.6666	0.7188	-0.6073	
8.73	1.2303	0.4997	0.8569	-0.7084	
8.74	1.1048	0.386	0.8827	-1.2595	
8.75	1.0672	0.1763	1.0085	-1.6963	
8.76	0.826	-0.0301	1.1892	-1.7682	
8.77	0.5704	-0.2226	1.202	-1.049	
8.78	0.1907	-0.436	1.4819	0.0669	
8.79	-0.1342	-0.6797	1.4144	1.1462	
8.8	-0.461	-0.8207	1.6097	1.1551	
8.81	-0.7324	-0.9869	1.4705	0.5373	
8.82	-0.8098	-1.1001	1.5695	-0.6372	
8.83	-0.8972	-1.2572	1.5539	-1.5445	
8.84	-0.8792	-1.2962	1.813	-1.9546	
8.85	-0.5832	-1.2058	1.5599	-1.6323	
8.86	-0.3228	-1.2704	1.5842	-1.0527	
8.87	0.0651	-1.2944	1.4047	-0.6867	
8.88	0.5233	-1.0881	1.5677	-0.9375	
8.89	0.8712	-1.0651	1.28	-1.2686	
8.9	1.2342	-0.9281	1.1862	-1.4132	
8.91	1.6818	-0.9181	1.0446	-1.1948	
8.92	2.0235	-0.6909	0.888	-0.1531	
8.93	2.2284	-0.6353	0.713	0.7422	
8.94	1.926	-0.4879	0.4871	1.0086	
8.95	1.8869	-0.3716	0.3329	0.4466	
8.96	2.0075	-0.2056	0.166	-0.739	
8.97	1.7514	-0.1069	-0.0395	-1.9519	
8.98	1.471	-0.0273	-0.2188	-2.4378	
8.99	1.117	0.0286	-0.4135	-2.0745	
9.0	0.9225	0.0622	-0.561	-1.3566	
9.01	0.8354	0.0534	-0.7343	-0.6647	
9.02	0.8114	0.0247	-0.8466	-0.5556	
9.03	0.8506	-0.0371	-1.0288	-0.814	
9.04	0.997	-0.1451	-1.0798	-1.0763	
9.05	1.2592	-0.2704	-1.2194	-0.9994	
9.06	1.719	-0.4165	-1.1087	-0.4411	
9.07	1.9735	-0.5956	-1.1413	0.3339	
9.08	2.0601	-0.7626	-1.0982	0.7464	
9.09	2.222	-0.8712	-1.2529	0.2539	
9.1	2.4736	-1.0249	-1.0467	-0.8891	
9.11	2.6679	-1.2868	-1.1265	-2.3138	
9.12	2.303	-1.4841	-1.0283	-2.9949	
9.13	2.127	-1.7328	-0.8542	-2.6435	
9.14	1.9867	-1.9897	-0.877	-1.7674	
9.15	1.532	-1.9525	-0.7802	-0.6149	
9.16	1.1915	-2.1907	-0.5755	-0.0946	
9.17	0.8629	-2.0785	-0.4482	-0.2178	
9.18	0.3405	-2.1889	-0.3419	-0.7201	
9.19	-0.0317	-2.2934	-0.2708	-1.053	
9.2	-0.3104	-2.2099	-0.1585	-0.7292	
9.21	-0.5674	-2.0865	-0.0534	-0.212	
9.22	-0.588	-2.0474	0.0275	0.1886	
9.23	-0.5803	-1.6128	0.0938	-0.0193	
9.24	-0.4723	-1.5981	0.1473	-0.9027	
9.25	-0.2274	-1.3632	0.1624	-2.1639	
9.26	-0.0037	-1.1832	0.1701	-2.6183	
9.27	0.2578	-0.9959	0.1533	-2.5855	
9.28	0.4348	-0.7607	0.1133	-1.7283	
9.29	0.6418	-0.4586	0.0465	-0.6864	
9.3	0.687	-0.2215	-0.0317	0.2387	
9.31	0.6811	-0.0334	-0.1385	0.3224	
9.32	0.555	0.1622	-0.2571	-0.2097	
9.33	0.3438	0.3566	-0.377	-0.7766	
9.34	0.0707	0.496	-0.4816	-1.0686	
9.35	-0.2321	0.5903	-0.6114	-0.7795	
9.36	-0.4767	0.6615	-0.8248	-0.4928	
9.37	-0.8155	0.7166	-0.9268	-0.3749	
9.38	-0.8862	0.739	-1.1794	-1.0009	
9.39	-0.9998	0.7642	-1.3858	-1.9418	
9.4	-1.0816	0.7458	-1.5801	-2.8144	
9.41	-0.9288	0.6284	-1.602	-2.7629	
9.42	-0.5407	0.5742	-1.7838	-2.0411	
9.43	-0.2498	0.4351	-1.9991	-0.563	
9.44	0.1604	0.3649	-2.0442	0.4177	
9.45	0.5688	0.2583	-1.9674	0.7001	
9.46	1.1206	0.1592	-1.9024	0.2211	
9.47	1.2894	0.0626	-2.1744	-0.6784	
9.48	1.7036	-0.0109	-2.2378	-1.4367	
9.49	1.9989	-0.0699	-1.9595	-1.5245	
9.5	1.9906	-0.0996	-2.2307	-1.1204	
9.51	2.1098	-0.1208	-1.9149	-0.7649	
9.52	1.9239	-0.0903	-1.8061	-1.0354	
9.53	1.432	-0.0356	-1.8919	-1.59	
9.54	1.1821	0.0485	-1.7122	-2.4377	
9.55	1.0261	0.1569	-1.6103	-2.6468	
9.56	0.7483	0.3026	-1.3424	-1.8854	
9.57	0.4441	0.518	-1.3733	-0.6729	
9.58	0.298	0.6491	-1.2002	0.5182	
9.59	0.2485	0.83	-0.9629	0.9712	
9.6	0.3159	1.1636	-0.8184	0.5296	
9.61	0.4068	1.4069	-0.7262	-0.5715	
9.62	0.5846	1.4451	-0.48	-1.5616	
9.63	0.8319	1.7303	-0.358	-1.9478	
9.64	1.0876	1.9282	-0.2833	-1.7337	
9.65	1.2436	2.06	-0.1957	-1.1445	
9.66	1.4965	2.4532	-0.0964	-0.9674	
9.67	1.3639	2.4681	-0.0479	-1.3072	
9.68	1.4688	2.4218	-0.0101	-1.837	
9.69	1.4192	2.6778	0.0045	-1.9548	
9.7	1.0395	2.7437	-0.0032	-1.7059	
9.71	0.7532	2.7916	-0.0321	-0.6499	
9.72	0.3063	2.5849	-0.0778	0.4526	
9.73	-0.164	2.6476	-0.1391	1.0581	
9.74	-0.6569	2.36	-0.259	0.6998	
9.75	-1.1373	2.2918	-0.3308	-0.4236	
9.76	-1.518	2.4365	-0.4569	-1.6575	
9.77	-1.6233	2.0875	-0.6206	-2.1851	
9.78	-1.9265	2.1485	-0.7024	-2.4861	
9.79	-1.9489	1.7578	-0.7575	-1.4804	
9.8	-1.7128	1.5145	-0.9884	-0.9374	
9.81	-1.3622	1.4758	-1.0447	-0.8159	
9.82	-1.224	1.2118	-1.2746	-0.9493	
9.83	-0.9499	0.9694	-1.292	-1.451	
9.84	-0.6154	0.9202	-1.477	-1.3257	
9.85	-0.3945	0.7367	-1.4234	-0.6591	
9.86	-0.2415	0.6636	-1.526	0.2585	
9.87	-0.1147	0.5491	-1.4446	0.7807	
9.88	-0.1087	0.5036	-1.5787	0.6895	
9.89	-0.226	0.4938	-1.4722	-0.3507	
9.9	-0.3887	0.5303	-1.5499	-1.7843	
9.91	-0.6273	0.6449	-1.4778	-2.5758	
9.92	-0.7944	0.6223	-1.4064	-2.7402	
9.93	-0.9917	0.7586	-1.3232	-1.8531	
9.94	-1.169	0.9204	-1.2053	-0.8969	
9.95	-1.3812	1.0322	-1.1599	-0.2684	
9.96	-1.3186	1.1205	-0.9551	-0.2662	
9.97	-1.4318	1.1788	-0.7981	-0.6737	
9.98	-1.1057	1.4084	-0.6321	-1.0186	
9.99	-0.9093	1.468	-0.5012	-0.6595	
10.0	-0.5327	1.4205	-0.2659	-0.0614	
10.01	-0.0983	1.638	-0.109	0.4695	
10.02	0.3006	1.546	0.0453	0.4537	
10.03	0.6654	1.5957	0.2184	-0.3163	
10.04	1.0183	1.7593	0.3795	-1.5639	
10.05	1.2074	1.7417	0.5025	-2.5829	
10.06	1.4147	1.5172	0.6388	-2.7883	
10.07	1.2838	1.442	0.6908	-2.1707	
10.08	1.2493	1.1727	0.8225	-0.8341	
10.09	1.0895	1.1372	0.8448	0.1254	
10.1	0.8102	0.9523	0.8253	0.4272	
10.11	0.436	0.7209	0.7984	0.0304	
10.12	0.057	0.4752	0.8239	-0.4635	
10.13	-0.2771	0.2466	0.7946	-0.6807	
10.14	-0.5699	0.0114	0.854	-0.4692	
10.15	-0.6926	-0.2146	0.6941	0.0288	
10.16	-0.8593	-0.4093	0.6636	0.1753	
10.17	-0.8626	-0.5586	0.5481	-0.3116	
10.18	-0.6805	-0.6959	0.358	-1.3268	
10.19	-0.5163	-0.918	0.2294	-2.198	
10.2	-0.354	-0.9812	0.1143	-2.4342	
10.21	-0.1258	-0.9867	-0.0269	-2.0729	
10.22	0.0373	-1.0858	-0.1738	-0.6303	
10.23	0.1393	-0.9773	-0.2928	0.4576	
10.24	0.1906	-0.9709	-0.3848	0.9827	
10.25	0.1	-0.9311	-0.5454	0.6979	
10.26	-0.0735	-0.8054	-0.633	-0.1064	
10.27	-0.3572	-0.6779	-0.672	-0.7316	
10.28	-0.7393	-0.5297	-0.7342	-0.7731	
10.29	-1.0728	-0.3172	-0.7721	-0.5005	
10.3	-1.4448	-0.1685	-0.9194	-0.2106	
10.31	-1.935	0.0357	-0.9507	-0.3089	
10.32	-2.2406	0.215	-0.8885	-1.0343	
10.33	-2.6018	0.3875	-0.8844	-1.9386	
10.34	-3.0108	0.6196	-0.7743	-2.4072	
10.35	-2.9374	0.8046	-0.7586	-1.6027	
10.36	-2.9494	0.8994	-0.6149	-0.5205	
10.37	-2.6391	1.0609	-0.4978	0.6653	
10.38	-2.1535	1.0007	-0.3825	1.4685	
10.39	-1.7865	1.0216	-0.2446	1.264	
10.4	-1.5595	1.0469	-0.0863	0.2729	
10.41	-1.1638	1.1408	0.053	-0.6413	
10.42	-0.8587	0.9521	0.1788	-1.149	
10.43	-0.6454	0.9417	0.3106	-1.1416	
10.44	-0.4906	0.8268	0.4485	-0.5435	
10.45	-0.5424	0.7232	0.5429	-0.3838	
10.46	-0.5434	0.6628	0.7724	-0.6028	
10.47	-0.7297	0.4597	0.7302	-1.2054	
10.48	-0.8516	0.3269	0.9252	-1.4674	
10.49	-1.1215	0.2195	0.9098	-1.3733	
10.5	-1.2544	0.1002	1.069	-0.4001	
10.51	-1.6239	-0.0185	0.9327	0.8262	
10.52	-1.721	-0.1146	1.0288	1.6677	
10.53	-1.5499	-0.1801	0.9162	1.3612	
10.54	-1.5753	-0.2405	0.9319	0.5804	
10.55	-1.2389	-0.223	0.8265	-0.6856	
10.56	-1.0011	-0.1978	0.6854	-1.3615	
10.57	-0.58	-0.1524	0.564	-1.6088	
10.58	-0.1659	-0.084	0.434	-1.0089	
10.59	0.2082	0.0249	0.3536	-0.4084	
10.6	0.5409	0.1783	0.1702	-0.1861	
10.61	0.891	0.3246	0.0028	-0.4452	
10.62	0.9388	0.4695	-0.1863	-0.9592	
10.63	0.958	0.7474	-0.3496	-0.9558	
10.64	0.8817	0.9508	-0.5344	-0.2479	
10.65	0.7633	1.0722	-0.7075	0.724	
10.66	0.3876	1.3847	-0.8188	1.6538	
10.67	0.0619	1.5645	-1.0296	1.6664	
10.68	-0.3069	1.7695	-1.0195	0.7476	
10.69	-0.704	1.9828	-1.1225	-0.5206	
10.7	-1.0215	1.8556	-1.4589	-1.4647	
10.71	-1.3154	1.9105	-1.3701	-1.8677	
10.72	-1.4593	1.9642	-1.5225	-1.3352	
10.73	-1.6037	2.1362	-1.493	-0.3847	
10.74	-1.5737	2.2792	-1.4372	0.2303	
10.75	-1.6012	2.0994	-1.6094	0.259	
10.76	-1.2885	2.132	-1.5307	-0.0666	
10.77	-1.0389	1.7399	-1.4899	-0.3356	
10.78	-0.9784	1.5272	-1.2165	-0.0673	
10.79	-0.7686	1.5472	-1.1733	0.6306	
10.8	-0.6365	1.4425	-1.2062	1.395	
10.81	-0.6002	1.0713	-0.9762	1.4005	
10.82	-0.6758	0.9738	-0.8519	0.9016	
10.83	-0.7547	0.6074	-0.8396	-0.3425	
10.84	-1.176	0.4281	-0.685	-1.462	
10.85	-1.4978	0.2615	-0.6099	-1.8121	
10.86	-1.7959	0.0486	-0.4706	-1.3395	
10.87	-2.2283	-0.1355	-0.3376	-0.3424	
10.88	-2.4764	-0.264	-0.2583	0.6415	
10.89	-2.7652	-0.3931	-0.2111	0.9373	
10.9	-3.0589	-0.4639	-0.1503	0.7805	
10.91	-2.6961	-0.5862	-0.1058	0.288	
10.92	-2.9686	-0.6096	-0.1005	0.1127	
10.93	-2.5671	-0.5916	-0.1013	0.4882	
10.94	-2.5151	-0.6144	-0.1337	1.0679	
10.95	-2.079	-0.5237	-0.1873	1.3005	
10.96	-1.6161	-0.41	-0.2475	0.8979	
10.97	-1.1693	-0.3247	-0.3777	-0.1447	
10.98	-0.814	-0.2511	-0.4639	-1.3099	
10.99	-0.393	-0.1565	-0.6407	-1.8798	
11.0	-0.2107	-0.0372	-0.8017	-1.3305	
11.01	-0.0554	0.0609	-1.005	-0.2764	
11.02	-0.0318	0.1604	-1.1864	1.0403	
11.03	-0.0948	0.2058	-1.221	1.6414	
11.04	-0.2517	0.266	-1.5522	1.6365	
11.05	-0.4114	0.2578	-1.7559	0.7845	
11.06	-0.5898	0.2994	-1.8222	0.3122	
11.07	-0.7827	0.2428	-2.0233	0.2218	
11.08	-0.9323	0.1831	-2.1893	0.5381	
11.09	-1.1445	0.0652	-2.1571	0.9187	
11.1	-1.0082	-0.0687	-2.1423	0.8142	
11.11	-0.8358	-0.2142	-2.4281	0.0932	
11.12	-0.7477	-0.432	-2.7495	-0.8049	
11.13	-0.4217	-0.6006	-2.7416	-1.3433	
11.14	-0.0654	-0.8733	-2.8034	-1.113	
11.15	0.3121	-1.1661	-2.6815	-0.1332	
11.16	0.6093	-1.4426	-2.889	1.1927	
11.17	0.9247	-1.5121	-2.8035	1.9792	
11.18	1.0374	-1.8296	-2.3717	1.9833	
11.19	1.1086	-1.883	-2.3304	1.2577	
11.2	1.0322	-2.3608	-2.2942	0.4849	
11.21	0.9531	-2.1505	-2.123	-0.0398	
11.22	0.6578	-2.7434	-2.0262	0.0346	
11.23	0.3248	-2.4878	-1.9976	0.4164	
11.24	-0.0984	-2.9867	-1.9878	0.6167	
11.25	-0.5071	-2.7497	-1.8155	0.3362	
11.26	-0.9902	-2.7301	-1.5383	-0.3503	
11.27	-1.3863	-2.8078	-1.6252	-0.9413	
11.28	-1.4063	-2.7121	-1.4355	-0.7385	
11.29	-1.8005	-2.3383	-1.2999	0.0532	
11.3	-1.66	-2.6041	-1.0731	1.2251	
11.31	-1.6508	-2.1984	-0.9959	2.2039	
11.32	-1.4791	-2.2995	-1.0775	2.6958	
11.33	-1.2581	-2.0193	-0.9447	1.6726	
11.34	-1.0702	-1.6199	-0.9509	0.5816	
11.35	-0.7705	-1.5487	-0.8094	-0.2263	
11.36	-0.5798	-1.354	-0.8034	-0.4715	
11.37	-0.4342	-1.1917	-0.9071	-0.0463	
11.38	-0.4463	-1.0003	-0.9568	0.5028	
11.39	-0.4545	-1.0077	-0.9594	0.6237	
11.4	-0.6219	-0.8654	-1.1395	0.2977	
11.41	-0.8747	-0.785	-1.1353	-0.2165	
11.42	-0.9805	-0.6483	-1.3965	-0.2972	
11.43	-1.2708	-0.7175	-1.3866	0.2958	
11.44	-1.5137	-0.733	-1.5067	1.4366	
11.45	-1.9356	-0.6895	-1.6859	2.2814	
11.46	-2.2563	-0.8003	-1.7381	2.7419	
11.47	-2.064	-0.9443	-1.8198	2.0813	
11.48	-2.0987	-0.9266	-2.0785	0.7206	
11.49	-2.0366	-1.0673	-2.1631	-0.3457	
11.5	-1.4873	-1.2381	-2.2139	-0.8327	
11.51	-1.2322	-1.3152	-2.3883	-0.4719	
11.52	-0.74	-1.3797	-2.5209	0.269	
11.53	-0.3442	-1.5529	-2.5031	0.7989	
11.54	0.1077	-1.7308	-2.8328	0.9354	
11.55	0.5478	-1.8619	-2.6292	0.5181	
11.56	0.7712	-1.9352	-2.4474	0.29	
11.57	1.1026	-1.8939	-2.4094	0.5279	
11.58	1.0934	-1.8595	-2.3802	1.3515	
11.59	1.221	-1.6849	-2.5855	1.9963	
11.6	1.1242	-1.8265	-2.1816	2.3987	
11.61	0.7942	-1.71	-2.0383	2.0645	
11.62	0.6712	-1.5987	-2.1022	0.8906	
11.63	0.4139	-1.4282	-2.0954	-0.3355	
11.64	0.1517	-1.1325	-1.8749	-0.9105	
11.65	0.0063	-0.9603	-1.6851	-0.8288	
11.66	-0.0747	-0.6505	-1.2917	0.1242	
11.67	-0.061	-0.4821	-1.2988	0.9942	
11.68	0.0405	-0.2422	-1.1453	1.4579	
11.69	0.2241	-0.0239	-0.9081	1.2251	
11.7	0.5059	0.1847	-0.7381	1.0053	
11.71	0.7987	0.391	-0.5551	0.7814	
11.72	0.9943	0.5924	-0.4451	1.2232	
11.73	1.2556	0.7089	-0.2917	1.9042	
11.74	1.5791	0.8212	-0.1659	2.0545	
11.75	1.6271	0.8643	-0.0878	2.0562	
11.76	1.7811	0.9652	-0.0199	0.8852	
11.77	1.4784	1.0866	0.0227	-0.2509	
11.78	1.1881	1.0104	0.0437	-1.1321	
11.79	0.989	1.009	0.0384	-0.8167	
11.8	0.5962	0.9599	0.0197	0.0434	
11.81	0.112	0.825	-0.021	1.182	
11.82	-0.2871	0.5807	-0.0801	2.1642	
11.83	-0.6547	0.5178	-0.1428	2.0077	
11.84	-1.0445	0.297	-0.2564	1.6813	
11.85	-1.2119	0.1219	-0.3332	1.0635	
11.86	-1.3231	-0.0612	-0.4835	1.0244	
11.87	-1.2452	-0.2542	-0.5203	1.3309	
11.88	-1.2974	-0.4423	-0.7243	1.6822	
11.89	-0.9893	-0.6149	-0.8338	1.534	
11.9	-0.7322	-0.6947	-0.8244	1.0285	
11.91	-0.3948	-0.7714	-0.9652	-0.052	
11.92	-0.1145	-0.8522	-0.9615	-0.9262	
11.93	0.114	-0.9414	-1.0972	-0.898	
11.94	0.3212	-1.0294	-1.0943	0.0372	
11.95	0.357	-0.968	-1.2871	1.4361	
11.96	0.351	-1.0047	-1.1661	2.4775	
11.97	0.2545	-0.838	-1.2987	2.375	
11.98	0.0915	-0.7833	-1.1177	2.1647	
11.99	-0.1369	-0.7271	-1.1027	1.1313	
12.0	-0.3707	-0.528	-1.0434	0.7517	
12.01	-0.6268	-0.43	-0.9803	0.6877	
12.02	-0.7306	-0.245	-0.7648	1.1605	
12.03	-0.8786	-0.1052	-0.6388	1.3455	
12.04	-0.8058	0.0188	-0.5202	1.0099	
12.05	-0.7481	0.1478	-0.3039	0.26	
12.06	-0.4479	0.2313	-0.1404	-0.4888	
12.07	-0.1433	0.3428	0.0495	-0.5696	
12.08	0.2438	0.382	0.2538	0.0986	
12.09	0.7537	0.4205	0.4479	1.4433	
12.1	1.2583	0.4343	0.6468	2.7274	
12.11	1.6294	0.3833	0.8184	3.1495	
12.12	2.1171	0.325	1.0289	2.6208	
12.13	2.3786	0.2037	1.1006	1.35	
12.14	2.3569	0.0891	1.1714	0.5165	
12.15	2.6348	-0.0682	1.3955	0.1953	
12.16	2.129	-0.2657	1.2973	0.4871	
12.17	2.0245	-0.472	1.4632	0.8463	
12.18	2.0548	-0.6836	1.3986	0.9413	
12.19	1.5466	-0.8038	1.5811	0.6628	
12.2	1.3761	-1.086	1.6557	0.0196	
12.21	1.1094	-1.3573	1.6269	-0.2292	
12.22	0.8449	-1.5312	1.5568	0.2685	
12.23	0.7537	-1.5697	1.3702	1.2899	
12.24	0.6762	-1.7785	1.3632	2.27	
12.25	0.7941	-1.716	1.369	3.0914	
12.26	0.9164	-2.0758	1.0821	2.4349	
12.27	1.0275	-2.0365	1.1422	1.345	
12.28	1.288	-2.0367	1.0074	0.3027	
12.29	1.7074	-2.005	0.7707	-0.2973	
12.3	1.7643	-1.8999	0.6218	-0.1397	
12.31	1.9037	-1.7729	0.4806	0.4932	
12.32	1.9365	-1.8784	0.3785	0.9075	
12.33	1.9647	-1.7105	0.2782	0.9433	
12.34	1.7405	-1.4693	0.1999	0.6427	
12.35	1.5325	-1.2697	0.1106	0.2729	
12.36	1.0578	-0.9445	0.0431	0.455	
12.37	0.6344	-0.8623	-0.0057	1.1747	
12.38	0.2151	-0.5998	-0.0338	2.0181	
12.39	-0.176	-0.4491	-0.0377	2.8384	
12.4	-0.5438	-0.2053	-0.028	2.6466	
12.41	-0.8005	-0.0409	0.0106	1.4578	
12.42	-0.9522	0.1151	0.061	0.1866	
12.43	-0.9021	0.2328	0.1412	-0.6802	
12.44	-0.935	0.3358	0.2506	-0.6077	
12.45	-0.6206	0.4281	0.3213	0.0556	
12.46	-0.3969	0.4548	0.4559	0.926	
12.47	-0.0713	0.4179	0.6303	1.3621	
12.48	0.2675	0.4556	0.709	1.1542	
12.49	0.615	0.4064	0.9342	0.7901	
12.5	0.8972	0.3077	1.0448	0.6797	
12.51	1.027	0.232	1.1595	0.9723	
12.52	1.0953	0.1391	1.2844	1.9311	
12.53	1.2267	0.0381	1.4748	2.4399	
12.54	1.0588	-0.0675	1.6489	2.1652	
12.55	0.9247	-0.1663	1.6666	1.5329	
12.56	0.6519	-0.2628	1.6619	0.1007	
12.57	0.4868	-0.3898	1.9316	-0.8106	
12.58	0.2778	-0.4218	1.9866	-1.056	
12.59	0.1482	-0.4132	2.0408	-0.301	
12.6	0.1011	-0.4258	1.8194	0.8382	
12.61	0.1548	-0.4411	1.8818	1.6746	
12.62	0.3279	-0.3915	1.8157	1.6304	
12.63	0.5562	-0.2902	1.9703	1.4968	
12.64	0.8743	-0.1769	1.8659	0.8583	
12.65	1.2235	-0.0284	1.613	0.8741	
12.66	1.7631	0.1479	1.4715	1.3723	
12.67	1.9823	0.3326	1.3508	1.8713	
12.68	2.6585	0.5792	1.1039	1.7551	
12.69	2.6676	0.8885	1.1151	1.3398	
12.7	3.011	0.9598	0.8297	0.1083	
12.71	2.7635	1.2322	0.7103	-0.8865	
12.72	2.8254	1.4333	0.5263	-1.0586	
12.73	2.9177	1.9528	0.3782	-0.4585	
12.74	2.2918	1.8257	0.2146	0.6922	
12.75	2.0006	2.0873	0.069	1.832	
12.76	1.6384	2.4	-0.0533	2.2717	
12.77	1.2796	2.3112	-0.1584	1.7009	
12.78	0.9311	2.6296	-0.2406	1.076	
12.79	0.8622	2.7613	-0.3458	0.6505	
12.8	0.6801	2.7816	-0.3844	0.6413	
12.81	0.5885	2.7687	-0.4014	0.9667	
12.82	0.6367	2.543	-0.3838	1.3673	
12.83	0.7736	2.4915	-0.4037	0.9234	
12.84	0.9874	2.6221	-0.3912	0.1463	
12.85	1.2061	2.49	-0.3438	-0.7665	
12.86	1.3792	2.1671	-0.244	-1.1057	
12.87	1.3731	1.8529	-0.1508	-0.6223	
12.88	1.5516	1.7066	-0.0492	0.5918	
12.89	1.4373	1.5441	0.0627	1.9442	
12.9	1.4125	1.634	0.1721	2.4316	
12.91	1.2621	1.3622	0.3043	2.211	
12.92	0.9552	1.2565	0.405	1.2476	
12.93	0.5919	1.052	0.5349	0.467	
12.94	0.1667	0.88	0.6979	0.0622	
12.95	-0.1984	0.9603	0.7524	0.2751	
12.96	-0.5973	0.8307	0.973	0.7015	
12.97	-0.8203	0.821	1.0143	0.7324	
12.98	-0.9643	0.8543	1.117	0.2451	
12.99	-1.0487	0.7657	1.129	-0.4861	
13.0	-1.1506	0.8857	1.2326	-0.8315	
13.01	-0.8125	0.8715	1.1766	-0.5343	
13.02	-0.6483	1.042	1.0425	0.4781	
13.03	-0.2839	1.1775	1.0519	1.5753	
13.04	0.117	1.2048	0.9381	2.461	
13.05	0.4498	1.5008	0.9205	2.2564	
13.06	0.8224	1.5453	0.8919	1.2434	
13.07	1.087	1.8517	0.7144	0.2091	
13.08	1.305	1.6654	0.5349	-0.5056	
13.09	1.499	1.8913	0.4173	-0.5077	
13.1	1.4543	2.0894	0.2994	-0.0418	
13.11	1.4115	2.1916	0.1265	0.381	
13.12	1.1871	1.9346	-0.0344	0.4149	
13.13	0.8843	1.8916	-0.2023	-0.0587	
13.14	0.6463	1.8057	-0.3883	-0.5145	
13.15	0.4741	1.89	-0.5548	-0.3923	
13.16	0.3369	1.8087	-0.6426	0.3149	
13.17	0.3212	1.5753	-0.8174	1.5684	
13.18	0.3494	1.3499	-0.9885	2.1489	
13.19	0.5084	1.2494	-1.0184	2.4169	
13.2	0.6887	0.9251	-1.072	1.3347	
13.21	1.0088	0.7003	-1.1998	-0.0006	
13.22	1.3563	0.5344	-1.1761	-1.0275	
13.23	1.6353	0.3062	-1.2327	-1.2301	
13.24	1.9354	0.0628	-1.0551	-0.7269	
13.25	2.1314	-0.1587	-1.1435	0.0769	
13.26	2.3407	-0.3388	-1.0992	0.4836	
13.27	2.4223	-0.5753	-0.9872	0.3711	
13.28	2.6385	-0.6788	-0.8189	-0.0069	
13.29	2.4966	-0.8481	-0.7385	-0.1802	
13.3	2.0839	-0.9426	-0.5943	0.187	
13.31	1.7616	-0.9492	-0.5348	0.9954	
13.32	1.2124	-0.9143	-0.3384	1.6465	
13.33	0.7812	-0.9954	-0.1963	1.794	
13.34	0.4358	-0.9276	-0.0445	1.1151	
13.35	0.0527	-0.8562	0.1089	-0.1643	
13.36	-0.2202	-0.7557	0.2373	-1.3268	
13.37	-0.339	-0.5794	0.4161	-1.7966	
13.38	-0.3952	-0.4337	0.4728	-1.3204	
13.39	-0.4133	-0.2291	0.5898	-0.2094	
13.4	-0.2375	-0.0658	0.75	0.5547	
13.41	-0.0801	0.1007	0.7479	0.7443	
13.42	0.131	0.2418	0.8035	0.5371	
13.43	0.3009	0.4192	0.8127	0.0925	
13.44	0.4851	0.5112	0.9014	0.0754	
13.45	0.5257	0.6456	0.8955	0.5029	
13.46	0.5284	0.8221	0.8493	1.136	
13.47	0.4263	0.9072	0.7284	1.4711	
13.48	0.2073	0.8981	0.6915	0.7623	
13.49	-0.0835	0.7777	0.5599	-0.2932	
13.5	-0.3816	0.8136	0.4715	-1.3394	
13.51	-0.8324	0.8414	0.4242	-1.9105	
13.52	-1.2141	0.6569	0.2553	-1.6302	
13.53	-1.5284	0.5451	0.1259	-0.4486	
13.54	-1.6411	0.4618	0.0081	0.6386	
13.55	-1.7859	0.3094	-0.1118	1.085	
13.56	-1.7372	0.1747	-0.267	0.941	
13.57	-1.4512	0.0251	-0.3399	0.3579	
13.58	-1.2952	-0.1166	-0.4568	-0.0615	
13.59	-0.9636	-0.2504	-0.5433	-0.0179	
13.6	-0.5418	-0.3944	-0.6209	0.3673	
13.61	-0.1379	-0.4717	-0.7003	0.6437	
13.62	0.267	-0.5194	-0.7692	0.432	
13.63	0.6556	-0.6057	-0.7472	-0.4111	
13.64	0.8764	-0.5533	-0.7469	-1.4233	
13.65	1.0294	-0.5773	-0.6201	-1.9868	
13.66	1.0208	-0.4884	-0.6675	-1.9408	
13.67	1.163	-0.4966	-0.5239	-0.7229	
13.68	0.9406	-0.3096	-0.4527	0.5296	
13.69	0.6764	-0.186	-0.3215	1.2391	
13.7	0.5269	-0.0275	-0.1777	1.2912	
13.71	0.2595	0.1681	-0.0316	0.6431	
13.72	0.0198	0.3386	0.1274	-0.2082	
13.73	-0.1215	0.6296	0.2825	-0.6152	
13.74	-0.2173	0.8231	0.4727	-0.4353	
13.75	-0.1977	0.9175	0.7024	-0.0587	
13.76	-0.066	1.2779	0.9062	0.0118	
13.77	0.1222	1.2856	1.0285	-0.4791	
13.78	0.385	1.624	1.2909	-1.408	
13.79	0.6212	1.6866	1.4261	-1.7902	
13.8	0.9394	1.8001	1.6102	-1.8542	
13.81	1.2931	1.7578	1.6769	-0.9036	
13.82	1.3261	1.9178	1.8019	0.4403	
13.83	1.599	1.8687	1.9059	1.4778	
13.84	1.3768	2.0785	1.8184	1.5518	
13.85	1.4225	1.6846	1.8437	0.7633	
13.86	0.9577	1.6447	1.8962	-0.332	
13.87	0.6714	1.6207	2.0318	-1.0553	
13.88	0.2455	1.6245	1.9917	-1.2982	
13.89	-0.2287	1.4059	1.8082	-0.8229	
13.9	-0.678	1.0809	1.7077	-0.4115	
13.91	-1.0298	0.8675	1.7112	-0.5223	
13.92	-1.4495	0.8114	1.6648	-1.014	
13.93	-1.5479	0.5149	1.4571	-1.5079	
13.94	-1.6659	0.3212	1.3234	-1.7178	
13.95	-1.9143	0.1889	1.2702	-0.9279	
13.96	-1.7311	0.0207	1.1583	0.2556	
13.97	-1.4173	-0.1141	1.0021	1.2683	
13.98	-1.2982	-0.2141	1.042	1.5496	
13.99	-0.9966	-0.3216	0.9401	0.7266	
14.0	-0.7989	-0.3096	0.7688	-0.4446	
14.01	-0.6702	-0.3922	0.7416	-1.5372	
14.02	-0.6117	-0.3434	0.584	-2.0694	
14.03	-0.5522	-0.3054	0.5835	-1.6952	
14.04	-0.6182	-0.2614	0.5981	-0.8229	
14.05	-0.8562	-0.1588	0.5265	-0.4957	
14.06	-0.98	-0.0657	0.5588	-0.6801	
14.07	-1.2395	0.0512	0.6702	-1.1618	
14.08	-1.5445	0.1656	0.6816	-1.2212	
14.09	-1.7897	0.2988	0.6868	-0.8861	
14.1	-2.2618	0.3753	0.7872	-0.0415	
14.11	-2.3515	0.4923	0.8993	0.8833	
14.12	-2.3321	0.5315	1.0854	1.2329	
14.13	-2.0751	0.6434	1.3484	0.5959	
14.14	-2.0724	0.6621	1.5253	-0.6089	
14.15	-1.6078	0.6037	1.5502	-1.7307	
14.16	-1.1068	0.5814	1.8939	-2.3561	
14.17	-0.8318	0.4898	2.0687	-2.3415	
14.18	-0.3686	0.4361	2.0547	-1.285	
14.19	0.0633	0.2731	2.4137	-0.5167	
14.2	0.4017	0.1395	2.6157	-0.2613	
14.21	0.6776	-0.0579	2.6043	-0.5229	
14.22	0.7228	-0.2789	2.7789	-0.8687	
14.23	0.7882	-0.4871	2.8772	-0.8045	
14.24	0.6256	-0.8209	2.9736	-0.3373	
14.25	0.4762	-0.9131	3.0918	0.3397	
14.26	0.2268	-1.2775	2.6226	0.7982	
14.27	-0.0623	-1.4247	2.9833	0.4306	
14.28	-0.3569	-1.8067	2.9428	-0.6716	
14.29	-0.6434	-1.9824	2.5885	-2.0706	
14.3	-0.8107	-2.1917	2.9385	-2.4888	
14.31	-0.8366	-2.2468	2.8627	-2.4921	
14.32	-0.8943	-2.3528	2.3935	-1.5312	
14.33	-0.8277	-2.7571	2.4185	-0.5714	
14.34	-0.5514	-2.5364	2.3242	0.0943	
14.35	-0.3742	-2.881	2.0193	0.0472	
14.36	-0.1299	-2.5565	1.8983	-0.402	
14.37	0.1288	-2.6633	1.7922	-0.8093	
14.38	0.3093	-2.3594	1.7852	-0.7604	
14.39	0.3948	-2.3667	1.6604	-0.2665	
14.4	0.4503	-2.0488	1.4148	0.183	
14.41	0.3244	-1.9579	1.4475	0.0354	
14.42	0.1366	-2.1091	1.1712	-0.7924	
14.43	-0.1753	-1.8709	1.1266	-1.8423	
14.44	-0.5279	-1.7667	1.08	-2.9705	
14.45	-1.0005	-1.3334	0.8538	-2.7055	
14.46	-1.5386	-1.2882	0.7899	-1.7912	
14.47	-1.9556	-1.0894	0.8061	-0.5688	
14.48	-2.0257	-1.0867	0.7368	0.3782	
14.49	-2.4731	-1.0618	0.8225	0.5558	
14.5	-2.6442	-0.9073	0.8746	-0.0091	
14.51	-2.5725	-0.8249	0.8991	-0.7621	
14.52	-2.69	-0.8774	1.0056	-0.9627	
14.53	-2.2362	-0.8336	0.9853	-0.8848	
14.54	-2.2284	-1.0272	1.1666	-0.5176	
14.55	-1.8537	-1.0408	1.2417	-0.4472	
14.56	-1.6328	-1.1798	1.2863	-0.8396	
14.57	-1.4359	-1.2245	1.3728	-1.8604	
14.58	-1.0248	-1.3978	1.6232	-2.4577	
14.59	-0.9675	-1.5209	1.7573	-2.7353	
14.6	-0.9428	-1.5271	1.6873	-1.9156	
14.61	-1.0202	-1.9306	1.9634	-0.627	
14.62	-1.1032	-1.8527	2.1785	0.456	
14.63	-1.2376	-1.9184	2.294	0.779	
14.64	-1.6544	-2.2013	2.4302	0.3157	
14.65	-1.6562	-2.089	2.3249	-0.5546	
14.66	-2.0033	-2.3241	2.0813	-1.2642	
14.67	-2.2712	-2.0876	2.2425	-1.6619	
14.68	-2.3343	-2.2219	2.3927	-1.282	
14.69	-2.001	-2.2957	2.1627	-0.9366	
14.7	-1.7809	-1.8311	2.2901	-1.052	
14.71	-1.5305	-1.6966	1.9069	-1.4822	
14.72	-1.1774	-1.7555	2.0593	-2.3159	
14.73	-0.8502	-1.5293	2.0221	-2.46	
14.74	-0.4377	-1.3073	1.8251	-1.7612	
14.75	0.016	-0.9857	1.4604	-0.5985	
14.76	0.3797	-0.7483	1.2909	0.5033	
14.77	0.6957	-0.6391	1.2596	1.0473	
14.78	0.903	-0.3131	0.9709	0.5974	
14.79	0.8402	-0.117	0.8356	-0.4761	
14.8	0.8043	0.1009	0.6538	-1.5066	
14.81	0.6774	0.3194	0.4561	-2.2323	
14.82	0.4237	0.5294	0.3096	-1.8688	
14.83	0.1278	0.6427	0.1349	-1.3057	
14.84	-0.204	0.7526	-0.0084	-0.9647	
14.85	-0.4891	0.791	-0.1522	-1.1007	
14.86	-0.7835	0.8626	-0.2429	-1.6381	
14.87	-1.0031	0.8705	-0.3711	-1.7428	
14.88	-1.0433	0.8146	-0.4333	-1.7011	
14.89	-1.0518	0.7836	-0.4918	-0.7422	
14.9	-1.0494	0.7481	-0.4991	0.3761	
14.91	-0.931	0.5903	-0.5323	0.9566	
14.92	-0.7116	0.4131	-0.5079	0.6577	
14.93	-0.4758	0.3337	-0.503	-0.5073	
14.94	-0.2328	0.1578	-0.4015	-1.8728	
14.95	-0.0774	-0.0109	-0.3829	-2.4271	
14.96	0.0123	-0.1818	-0.3014	-2.4551	
14.97	-0.0043	-0.2954	-0.1996	-1.9012	
14.98	-0.1354	-0.479	-0.0778	-0.9722	
14.99	-0.3197	-0.5268	0.0322	-0.6721	
15.0	-0.7186	-0.647	0.1359	-0.9166	
15.01	-1.0346	-0.7409	0.2745	-1.3727	
15.02	-1.3296	-0.7497	0.389	-1.2142	
15.03	-1.7289	-0.7366	0.4666	-0.799	
15.04	-2.1777	-0.6824	0.6014	0.0804	
15.05	-2.4138	-0.6598	0.6032	0.7187	
15.06	-2.8306	-0.6469	0.7316	0.4756	
15.07	-2.7131	-0.5028	0.7584	-0.4799	
15.08	-2.6698	-0.3666	0.7043	-1.8982	
15.09	-2.3892	-0.2648	0.7421	-2.7426	
15.1	-2.2658	-0.1084	0.7613	-2.5779	
15.11	-1.9173	0.0411	0.687	-2.2246	
15.12	-1.6267	0.1956	0.6358	-0.9271	
15.13	-1.2165	0.3493	0.5696	-0.3478	
15.14	-0.7748	0.4544	0.4452	-0.2635	
15.15	-0.5261	0.6501	0.3219	-0.72	
15.16	-0.3514	0.6217	0.1536	-0.9329	
15.17	-0.2693	0.7163	0.0164	-0.9188	
15.18	-0.3016	0.7791	-0.1451	-0.2747	
15.19	-0.3833	0.7419	-0.2951	0.2528	
15.2	-0.5924	0.7417	-0.4782	0.2649	
15.21	-0.7025	0.6847	-0.7196	-0.4681	
15.22	-0.8794	0.6163	-0.8855	-1.7604	
15.23	-0.9979	0.4465	-0.9259	-2.6338	
15.24	-1.1901	0.3334	-1.114	-3.0156	
15.25	-1.0931	0.1354	-1.2391	-2.3053	
15.26	-1.1527	-0.0609	-1.3371	-0.9245	
15.27	-0.8526	-0.2576	-1.6578	0.0233	
15.28	-0.6103	-0.4522	-1.598	0.3724	
15.29	-0.2314	-0.6974	-1.7721	-0.0008	
15.3	0.1629	-1.0197	-1.8098	-0.6021	
15.31	0.5727	-1.1202	-1.7645	-0.9096	
15.32	0.9382	-1.4076	-1.9275	-0.7684	
15.33	1.2289	-1.5728	-1.8918	-0.2437	
15.34	1.6136	-1.7037	-1.674	-0.0698	
15.35	1.6239	-1.5685	-1.7041	-0.5449	
15.36	1.5854	-1.7237	-1.5687	-1.4341	
15.37	1.3648	-1.9833	-1.539	-2.3107	
15.38	1.1285	-2.013	-1.4195	-2.6506	
15.39	0.8927	-1.7319	-1.1137	-2.0216	
15.4	0.432	-1.6462	-0.9862	-0.8957	
15.41	0.0813	-1.5778	-0.8257	0.301	
15.42	-0.2671	-1.4545	-0.6866	0.8096	
15.43	-0.5866	-1.4091	-0.643	0.617	
15.44	-0.6959	-1.2876	-0.4947	-0.2165	
15.45	-0.8291	-0.9128	-0.3287	-0.9033	
15.46	-0.8185	-0.8043	-0.2114	-1.2239	
15.47	-0.709	-0.5758	-0.0933	-0.8374	
15.48	-0.6415	-0.4177	-0.0083	-0.5396	
15.49	-0.4159	-0.3031	0.0619	-0.5161	
15.5	-0.1642	-0.1279	0.1111	-1.1695	
15.51	0.0428	0.0156	0.1397	-1.9306	
15.52	0.1825	0.117	0.1569	-2.5498	
15.53	0.2725	0.2277	0.1305	-1.9789	
15.54	0.2752	0.25	0.105	-0.7744	
15.55	0.1273	0.305	0.0542	0.4653	
15.56	-0.0804	0.2574	-0.0217	1.1688	
15.57	-0.3452	0.2292	-0.1225	0.926	
15.58	-0.6743	0.1756	-0.2048	0.1243	
15.59	-1.0824	0.1121	-0.3196	-0.8552	
15.6	-1.3788	0.007	-0.4761	-1.5421	
15.61	-1.5695	-0.0958	-0.6299	-1.4198	
15.62	-1.8684	-0.2292	-0.7629	-1.012	
15.63	-2.1267	-0.3339	-0.9348	-0.6244	
15.64	-2.0463	-0.4369	-0.9542	-0.866	
15.65	-1.5933	-0.5217	-1.0633	-1.3436	
15.66	-1.5816	-0.6129	-1.3021	-1.6633	
15.67	-1.0206	-0.6929	-1.4053	-1.531	
15.68	-0.7468	-0.708	-1.4251	-0.6202	
15.69	-0.272	-0.8085	-1.5726	0.5188	
15.7	0.1733	-0.8404	-1.4199	1.3179	
15.71	0.4847	-0.7726	-1.4176	1.3755	
15.72	0.8464	-0.6111	-1.4438	0.3409	
15.73	1.0018	-0.547	-1.4945	-0.8222	
15.74	1.0214	-0.4168	-1.41	-1.6301	
15.75	1.0162	-0.2383	-1.3356	-1.9205	
15.76	1.0101	-0.0201	-1.3182	-1.4118	
15.77	0.7253	0.203	-1.1719	-0.7037	
15.78	0.542	0.433	-1.0657	-0.3906	
15.79	0.3603	0.6873	-0.9369	-0.574	
15.8	0.1819	0.8969	-0.7679	-0.9395	
15.81	0.1083	1.191	-0.7013	-0.9987	
15.82	0.1088	1.4309	-0.4832	-0.488	
15.83	0.1968	1.7387	-0.3314	0.4232	
15.84	0.4103	2.0013	-0.1444	1.2322	
15.85	0.7333	1.9775	0.0095	1.4502	
15.86	1.0853	2.3782	0.1774	0.5354	
15.87	1.2525	2.497	0.304	-0.7831	
15.88	1.7269	2.4518	0.4625	-1.6616	
15.89	1.8321	2.4337	0.5301	-2.1245	
15.9	2.3906	2.4143	0.6379	-1.6929	
15.91	2.2769	2.5475	0.7628	-0.7001	
15.92	2.1427	2.6591	0.8755	0.0087	
15.93	2.2917	2.4707	0.8376	0.1359	
15.94	1.9761	2.3689	0.9189	-0.2087	
15.95	1.6224	2.1447	0.8507	-0.4484	
15.96	1.3089	2.107	0.8326	-0.3232	
15.97	0.7774	1.6804	0.8364	0.3271	
15.98	0.4514	1.8355	0.6803	1.0423	
15.99	0.0625	1.6241	0.7095	1.2331	
16.0	-0.2311	1.3969	0.5732	0.6063	
16.01	-0.4583	1.1806	0.4227	-0.5963	
16.02	-0.523	1.1592	0.3142	-1.878	
16.03	-0.4714	1.0637	0.1696	-2.1123	
16.04	-0.3922	0.9256	0.0398	-1.8604	
16.05	-0.153	1.0027	-0.0968	-0.5999	
16.06	0.0674	0.9338	-0.21	0.3969	
16.07	0.2988	1.0357	-0.3505	0.7867	
16.08	0.5496	1.0226	-0.4394	0.6684	
16.09	0.6333	1.1214	-0.558	0.1248	
16.1	0.7234	1.0689	-0.6119	-0.1254	
16.11	0.7419	1.31	-0.6975	0.1026	
16.12	0.7111	1.4014	-0.7348	0.5792	
16.13	0.5107	1.5629	-0.7676	0.8845	
16.14	0.2153	1.8245	-0.7912	0.6277	
16.15	-0.0696	1.7937	-0.8163	-0.4049	
16.16	-0.3975	1.971	-0.7038	-1.541	
16.17	-0.7022	1.921	-0.6868	-2.0939	
16.18	-0.8789	2.3906	-0.5953	-1.7727	
16.19	-0.9368	2.227	-0.4599	-0.5102	
16.2	-0.8572	2.3807	-0.3879	0.6608	
16.21	-0.8197	2.5084	-0.2348	1.3978	
16.22	-0.6251	2.4048	-0.0772	1.4407	
16.23	-0.2295	2.3099	0.0654	0.6801	
16.24	0.1755	2.4534	0.2347	0.0539	
16.25	0.6648	1.9207	0.3604	-0.1354	
16.26	1.1349	2.0796	0.4971	0.1564	
16.27	1.5211	1.6622	0.6253	0.555	
16.28	1.7281	1.5335	0.7351	0.4545	
16.29	2.0953	1.3684	0.8979	-0.1292	
16.3	2.3838	1.057	0.9998	-1.1108	
16.31	2.2633	0.8111	1.0182	-1.5569	
16.32	2.0723	0.6764	1.1264	-1.4357	
16.33	1.9909	0.3991	1.1601	-0.4397	
16.34	1.6219	0.1617	1.2389	0.9068	
16.35	1.5819	-0.0407	1.259	1.7858	
16.36	1.1986	-0.2412	1.124	2.0792	
16.37	1.0337	-0.3928	1.2068	1.29	
16.38	1.0517	-0.5422	1.1515	0.2543	
16.39	0.9467	-0.6425	0.959	-0.3532	
16.4	0.9867	-0.7028	0.9001	-0.3187	
16.41	1.1899	-0.7663	0.8282	0.0583	
16.42	1.2528	-0.7553	0.6211	0.3178	
16.43	1.7497	-0.7386	0.5198	0.1332	
16.44	2.0424	-0.6704	0.3928	-0.4973	
16.45	2.1094	-0.6169	0.2074	-1.0885	
16.46	2.3769	-0.4541	0.0357	-1.0668	
16.47	2.5358	-0.305	-0.1301	-0.2039	
16.48	2.5556	-0.1891	-0.3124	0.989	
16.49	2.3691	-0.0371	-0.4091	2.1847	
16.5	2.1333	0.1154	-0.632	2.3524	
16.51	1.9945	0.235	-0.7514	1.6099	
16.52	1.6732	0.3605	-0.7959	0.4103	
16.53	1.094	0.5537	-0.8387	-0.5013	
16.54	0.7167	0.5638	-1.0991	-0.7546	
16.55	0.2485	0.725	-1.0541	-0.4013	
16.56	-0.1086	0.7639	-1.0252	0.1804	
16.57	-0.3713	0.7998	-1.0872	0.3684	
16.58	-0.5236	0.6939	-1.0641	0.1493	
16.59	-0.531	0.6497	-1.0938	-0.2975	
16.6	-0.5283	0.6435	-0.9071	-0.487	
16.61	-0.3289	0.4658	-0.9386	0.062	
16.62	-0.0942	0.4078	-0.8658	1.0505	
16.63	0.1847	0.2325	-0.6807	1.871	
16.64	0.497	0.0857	-0.5802	2.5114	
16.65	0.7194	-0.084	-0.5288	1.8832	
16.66	0.8511	-0.2489	-0.3966	0.5983	
16.67	0.9781	-0.394	-0.2916	-0.5699	
16.68	1.0813	-0.5495	-0.1797	-1.1677	
16.69	0.8749	-0.7249	-0.0506	-0.7619	
16.7	0.7001	-0.7398	0.0404	0.0114	
16.71	0.5321	-0.857	0.132	0.7243	
16.72	0.2659	-0.8468	0.2126	0.7767	
16.73	-0.0101	-0.8901	0.2835	0.5148	
16.74	-0.2238	-0.9618	0.2839	0.1924	
16.75	-0.3521	-0.9975	0.3192	0.3283	
16.76	-0.3966	-0.8118	0.3161	1.07	
16.77	-0.3119	-0.7862	0.2829	2.0053	
16.78	-0.1674	-0.6032	0.2019	2.4213	
16.79	0.114	-0.4373	0.1319	1.6892	
16.8	0.4937	-0.2164	0.0368	0.6705	
16.81	0.994	-0.0247	-0.0807	-0.481	
16.82	1.3858	0.1968	-0.2037	-1.1047	
16.83	1.7427	0.4441	-0.3625	-0.9328	
16.84	2.3282	0.5757	-0.5105	-0.1014	
16.85	2.2331	0.9182	-0.7241	0.9217	
16.86	2.7766	0.9466	-0.8266	1.3405	
16.87	2.6882	1.1258	-0.9982	1.3938	
16.88	2.5415	1.2851	-1.1791	0.9683	
16.89	2.6488	1.5391	-1.4777	0.6609	
16.9	2.0771	1.7394	-1.6355	0.9763	
16.91	1.9642	1.809	-1.8649	1.4857	
16.92	1.5946	1.7013	-1.9472	2.0537	
16.93	1.2167	1.58	-2.241	1.6116	
16.94	1.0139	1.6175	-2.3235	0.7675	
16.95	0.8082	1.4408	-2.0498	-0.3382	
16.96	0.8227	1.6138	-2.2257	-1.2317	
16.97	0.7124	1.3633	-2.2659	-1.1169	
16.98	0.9189	1.1343	-2.2513	-0.1485	
16.99	1.0786	1.0973	-2.2804	1.0704	
17.0	1.1417	0.8296	-2.5876	1.7595	
17.01	1.4251	0.6834	-2.3368	2.1123	
17.02	1.8171	0.5514	-2.5237	1.3684	
17.03	2.0027	0.3489	-2.0408	0.9318	
17.04	1.7077	0.1886	-2.0684	0.8309	
17.05	1.9986	0.0441	-2.0145	1.14	
17.06	1.7441	-0.0666	-1.9775	1.581	
17.07	1.3805	-0.1452	-1.784	1.5406	
17.08	0.9462	-0.223	-1.8354	0.8899	
17.09	0.5721	-0.2565	-1.4524	-0.0898	
17.1	0.1882	-0.2629	-1.3619	-0.8756	
17.11	-0.2497	-0.2324	-1.3124	-0.9905	
17.12	-0.6689	-0.175	-1.2636	-0.0874	
17.13	-0.8678	-0.0789	-1.0308	1.1935	
17.14	-1.2078	0.0151	-1.0938	2.214	
17.15	-1.2772	0.1403	-1.032	2.5509	
17.16	-1.1871	0.2764	-0.9937	2.199	
17.17	-1.0018	0.4096	-0.92	1.1392	
17.18	-0.8568	0.5489	-0.9248	0.6034	
17.19	-0.5102	0.7043	-0.9628	0.5954	
17.2	-0.2557	0.8133	-0.8852	0.9401	
17.21	0.0746	0.8078	-0.9628	1.2278	
17.22	0.3528	0.927	-1.1516	0.9584	
17.23	0.5298	1.0101	-1.2399	0.2821	
17.24	0.677	1.0002	-1.22	-0.4545	
17.25	0.7159	0.9891	-1.3309	-0.6353	
17.26	0.5679	0.7955	-1.5058	0.0348	
17.27	0.4413	0.7738	-1.5897	1.2234	
17.28	0.2384	0.6405	-1.9812	2.2964	
17.29	0.0176	0.527	-1.8831	2.8715	
17.3	-0.1974	0.3307	-2.068	2.6465	
17.31	-0.3872	0.0957	-2.3575	1.3844	
17.32	-0.5204	-0.1278	-2.6318	0.4259	
17.33	-0.4985	-0.3898	-2.595	0.0608	
17.34	-0.3825	-0.5817	-2.447	0.3223	
17.35	-0.1897	-0.865	-2.7272	0.7956	
17.36	0.0873	-1.0992	-2.7481	1.0298	
17.37	0.4282	-1.3754	-2.7277	0.6514	
17.38	0.8015	-1.541	-2.9709	0.118	
17.39	1.231	-1.6785	-2.7637	-0.166	
17.4	1.4796	-1.9698	-3.2088	0.2376	
17.41	1.9938	-2.2968	-2.8309	1.3607	
17.42	1.9131	-2.4824	-2.9902	2.2064	
17.43	2.0178	-2.4395	-2.9827	3.1245	
17.44	2.1289	-2.495	-2.621	2.579	
17.45	1.9801	-2.2954	-2.3557	1.6503	
17.46	1.8275	-2.5932	-2.4314	0.3253	
17.47	1.3752	-2.2965	-2.3727	-0.3694	
17.48	0.9801	-2.3112	-2.19	-0.256	
17.49	0.6304	-2.1854	-1.9835	0.3503	
17.5	0.2744	-2.1557	-1.707	0.9126	
17.51	-0.029	-1.9727	-1.4995	1.0086	
17.52	-0.2221	-1.8517	-1.3904	0.7248	
17.53	-0.3429	-1.5615	-1.0983	0.4314	
17.54	-0.3523	-1.311	-1.0089	0.5278	
17.55	-0.2355	-1.181	-0.8493	1.1413	
17.56	-0.1002	-1.1161	-0.8888	2.3029	
17.57	0.083	-1.1119	-0.7029	2.633	
17.58	0.2694	-1.0618	-0.6509	2.3417	
17.59	0.4578	-1.0248	-0.5976	1.4846	
17.6	0.5768	-0.9993	-0.5001	0.2179	
17.61	0.5372	-0.9844	-0.5334	-0.6279	
17.62	0.5081	-0.9162	-0.5467	-0.6934	
17.63	0.3086	-1.1699	-0.5749	0.0245	
17.64	0.018	-1.1813	-0.5815	0.9336	
17.65	-0.3559	-1.3694	-0.6426	1.5813	
17.66	-0.7252	-1.3913	-0.7428	1.5433	
17.67	-1.1586	-1.6961	-0.8662	1.0115	
17.68	-1.5793	-1.8494	-0.8544	0.8273	
17.69	-2.0468	-1.8615	-1.0929	1.0971	
17.7	-2.1383	-2.0561	-1.1142	1.9283	
17.71	-2.2288	-2.132	-1.262	2.5225	
17.72	-2.1844	-2.2802	-1.5218	2.2454	
17.73	-1.9812	-2.2541	-1.6282	1.4169	
17.74	-1.956	-2.3675	-1.754	0.2389	
17.75	-1.5057	-2.3064	-1.6841	-0.8034	
17.76	-1.1502	-2.3208	-1.8661	-0.9456	
17.77	-0.8496	-2.4838	-1.9681	-0.2674	
17.78	-0.4598	-2.4185	-2.0103	0.9662	
17.79	-0.1362	-2.4505	-2.0097	1.6212	
17.8	0.0738	-2.1872	-1.7277	1.8655	
17.81	0.1956	-1.9209	-1.6774	1.5272	
17.82	0.204	-1.9074	-1.8606	1.1522	
17.83	0.1491	-1.6203	-1.6173	1.0611	
17.84	-0.0071	-1.3732	-1.7033	1.3672	
17.85	-0.1972	-1.2992	-1.4529	1.6888	
17.86	-0.4743	-0.9768	-1.359	1.7807	
17.87	-0.711	-0.763	-1.1281	1.3758	
17.88	-0.8283	-0.4381	-0.9045	0.2923	
17.89	-0.8268	-0.2456	-0.7814	-0.7087	
17.9	-0.8142	-0.0367	-0.6308	-1.0398	
17.91	-0.7668	0.1337	-0.462	-0.3655	
17.92	-0.5375	0.3363	-0.2377	0.811	
17.93	-0.3039	0.4052	-0.0663	1.9858	
17.94	0.0233	0.5521	0.109	2.5897	
17.95	0.4152	0.599	0.2968	1.9516	
17.96	0.7562	0.6231	0.4194	1.4109	
17.97	1.0041	0.586	0.5723	0.796	
17.98	1.3195	0.5917	0.7406	0.7362	
17.99	1.2918	0.4744	0.8447	1.0324	
18.0	1.4233	0.4264	0.952	1.2285	
18.01	1.2888	0.3004	0.9446	1.1193	
18.02	0.8874	0.179	0.9477	0.3769	
18.03	0.6136	0.0406	1.0718	-0.4695	
18.04	0.1725	-0.0916	0.9498	-0.8386	
18.05	-0.244	-0.2261	1.0287	-0.4524	
18.06	-0.6918	-0.3941	0.873	0.7923	
18.07	-1.0544	-0.4986	0.8397	2.054	
18.08	-1.351	-0.5444	0.6672	2.7054	
18.09	-1.5338	-0.6292	0.6153	2.192	
18.1	-1.5694	-0.711	0.5281	1.4562	
18.11	-1.627	-0.746	0.4198	0.5627	
18.12	-1.6492	-0.7634	0.261	0.1482	
18.13	-1.3581	-0.683	0.1824	0.3316	
18.14	-1.1424	-0.6516	0.0466	0.6849	
18.15	-0.9808	-0.4705	-0.0622	0.7813	
18.16	-0.7374	-0.3653	-0.1641	0.5233	
18.17	-0.6203	-0.2513	-0.272	-0.1498	
18.18	-0.5723	-0.0812	-0.3162	-0.5747	
18.19	-0.6593	0.086	-0.4366	-0.3063	
18.2	-0.8162	0.2487	-0.4249	0.6861	
18.21	-1.1076	0.4381	-0.4841	1.8709	
18.22	-1.5194	0.5382	-0.4225	2.6919	
18.23	-1.6171	0.7592	-0.4496	2.674	
18.24	-2.0052	0.8599	-0.3947	1.7312	
18.25	-2.5897	0.9729	-0.3381	0.4037	
18.26	-2.8499	1.0621	-0.2503	-0.3882	
18.27	-2.7893	1.0264	-0.1634	-0.4035	
18.28	-2.5682	1.079	-0.0355	0.0596	
18.29	-2.4861	1.082	0.1049	0.5311	
18.3	-2.374	1.0024	0.2656	0.6145	
18.31	-2.2663	0.9447	0.4268	0.2891	
18.32	-1.6878	0.9036	0.5177	-0.1365	
18.33	-1.2597	0.7564	0.6466	-0.1297	
18.34	-0.8812	0.5675	0.8234	0.5467	
18.35	-0.4806	0.3228	1.0456	1.6668	
18.36	-0.2164	0.1102	1.0706	2.6056	
18.37	0.022	-0.1058	1.4009	2.5309	
18.38	0.1413	-0.3073	1.3182	1.6275	
18.39	0.1358	-0.5027	1.4787	0.2588	
18.4	0.0458	-0.7028	1.7649	-0.7351	
18.41	-0.1239	-0.9603	1.7006	-1.0521	
18.42	-0.3326	-1.1513	1.6558	-0.5871	
18.43	-0.6216	-1.2886	1.7373	0.2703	
18.44	-0.7537	-1.3012	1.6754	0.8167	
18.45	-1.0355	-1.4333	1.7525	0.7014	
18.46	-1.0121	-1.4532	1.6133	0.3374	
18.47	-1.0783	-1.6086	1.7159	0.1403	
18.48	-0.9412	-1.6153	1.4334	0.4088	
18.49	-0.79	-1.3384	1.4402	1.1035	
18.5	-0.5135	-1.4777	1.321	1.9635	
18.51	-0.1977	-1.3663	1.0081	2.1736	
18.52	0.1011	-1.1385	0.9566	1.4308	
18.53	0.3576	-0.924	0.8429	0.1142	
18.54	0.5879	-0.9331	0.6417	-1.1462	
