0.01	0.9327	0.5505	0.1785	0.2603	
0.02	-0.7826	0.9963	0.3646	0.5377	
0.03	0.9626	1.3404	0.6136	0.752	
0.04	0.6576	1.1767	0.7038	0.9327	
0.05	-0.2017	0.7712	0.8557	1.0187	
0.06	1.7473	0.3948	1.0615	1.2408	
0.07	0.2652	-0.0514	1.1428	1.2421	
0.08	0.5588	-0.308	1.3268	1.2026	
0.09	1.8276	-0.2892	1.4322	1.1923	
0.1	0.0657	0.0294	1.6622	1.138	
0.11	1.4188	0.504	1.5672	1.1398	
0.12	1.4666	1.0455	1.8177	0.859	
0.13	0.1359	1.7272	1.7636	0.7328	
0.14	1.9105	2.1343	2.0116	0.5305	
0.15	0.8115	1.9335	1.8512	0.3473	
0.16	0.5192	1.7023	1.9241	0.1533	
0.17	2.1605	1.325	1.8855	0.0116	
0.18	0.1337	0.8017	1.7915	-0.1064	
0.19	1.0604	0.4266	1.742	-0.1935	
0.2	1.4181	0.2446	1.9212	-0.2398	
0.21	-0.278	0.3449	1.8827	-0.2581	
0.22	1.2556	0.7517	1.546	-0.1896	
0.23	0.4935	1.1352	1.7483	-0.0959	
0.24	-0.3588	1.6842	1.4928	0.0568	
0.25	1.288	2.1099	1.4755	0.2528	
0.26	-0.4429	2.1769	1.3949	0.4298	
0.27	-0.0972	2.1091	1.3779	0.6342	
0.28	0.8454	1.667	1.1476	0.853	
0.29	-1.0354	1.1267	1.0715	1.0936	
0.3	0.2389	0.6392	1.1439	1.5498	
0.31	-0.0397	0.3075	0.9352	1.7335	
0.32	-1.3362	0.204	0.879	1.7686	
0.33	0.384	0.3978	0.8713	1.9441	
0.34	-0.9584	0.7118	0.9226	2.0881	
0.35	-1.1433	1.2505	0.9064	2.0566	
0.36	0.2417	1.8427	0.9044	2.216	
0.37	-1.5712	2.0212	0.8134	2.0994	
0.38	-0.5116	1.8101	0.912	2.1737	
0.39	-0.1959	1.6174	0.9088	1.9288	
0.4	-1.8626	1.1065	0.9798	1.7999	
0.41	0.0836	0.5466	0.9729	1.5514	
0.42	-0.7248	0.002	1.0054	1.5206	
0.43	-1.2869	-0.3019	1.2404	1.1223	
0.44	0.4545	-0.3253	1.3458	1.0609	
0.45	-1.1749	-0.0423	1.4365	0.9041	
0.46	-0.4681	0.3641	1.4485	0.7406	
0.47	0.542	0.8992	1.7326	0.5851	
0.48	-1.079	1.1235	1.5495	0.4815	
0.49	0.4923	1.3426	2.0071	0.5343	
0.5	0.2473	1.1552	2.0458	0.4952	
0.51	-0.6433	0.7909	1.8889	0.5808	
0.52	1.2809	0.1819	2.0028	0.678	
0.53	-0.016	-0.3541	2.4567	0.9521	
0.54	0.2472	-0.8218	2.3123	0.9876	
0.55	1.6583	-0.8813	2.723	1.3059	
0.56	-0.1057	-0.897	2.7138	1.4623	
0.57	1.3087	-0.412	2.5836	1.8544	
0.58	1.5575	0.0401	2.6321	1.9824	
0.59	0.1416	0.4958	2.4932	2.2965	
0.6	1.881	0.8385	2.7651	2.1759	
0.61	1.117	0.8186	2.7415	2.5588	
0.62	0.7957	0.6085	2.7728	2.6905	
0.63	2.4325	0.1009	2.7704	2.8106	
0.64	0.6411	-0.4179	2.9134	2.9362	
0.65	1.4199	-0.905	2.7868	2.7487	
0.66	2.008	-1.2428	2.6292	2.6472	
0.67	0.375	-1.2639	2.5046	2.376	
0.68	2.2325	-0.8924	2.3059	2.0161	
0.69	1.4921	-0.3457	2.3098	1.9727	
0.7	0.5107	0.1934	2.0285	1.6565	
0.71	2.0782	0.6074	2.0843	1.6282	
0.72	0.6469	0.8536	1.639	1.323	
0.73	0.8229	0.877	1.7115	1.1497	
0.74	1.9367	0.4906	1.5411	1.0385	
0.75	-0.0891	0.0514	1.1811	0.9577	
0.76	1.2992	-0.4355	0.9918	0.7809	
0.77	0.944	-0.7868	0.9056	0.6746	
0.78	-0.4094	-0.8195	0.765	0.7422	
0.79	1.3005	-0.6957	0.5015	0.853	
0.8	0.0013	-0.213	0.3585	0.9043	
0.81	-0.2597	0.3453	0.2058	0.9536	
0.82	1.0405	0.9718	0.0701	1.3076	
0.83	-0.8479	1.3806	-0.0586	1.5043	
0.84	0.0748	1.5419	-0.1957	1.7555	
0.85	0.3911	1.4313	-0.3058	1.8614	
0.86	-1.271	1.0422	-0.4074	2.0871	
0.87	0.4065	0.5663	-0.5039	2.3438	
0.88	-0.3953	0.1384	-0.4841	2.3071	
0.89	-1.0858	-0.0901	-0.5569	2.6146	
0.9	0.565	-0.0327	-0.6715	2.6772	
0.91	-1.1715	0.277	-0.6468	2.6088	
0.92	-0.4897	0.9241	-0.7023	2.5614	
0.93	0.4492	1.424	-0.6203	2.4285	
0.94	-1.4353	1.9643	-0.6591	2.6115	
0.95	0.2213	2.0845	-0.6461	2.1163	
0.96	0.0067	2.3395	-0.5417	2.1478	
0.97	-1.058	1.9974	-0.5068	1.8224	
0.98	0.8865	1.6082	-0.4624	1.6346	
0.99	-0.3579	1.2707	-0.3751	1.3231	
1.0	-0.2795	0.8472	-0.3031	1.1582	
1.01	1.2795	0.6744	-0.2822	0.954	
1.02	-0.5577	0.7727	-0.1985	0.843	
1.03	0.7229	1.1461	-0.1317	0.6462	
1.04	1.0652	1.7389	-0.077	0.5218	
1.05	-0.2313	2.2614	-0.0355	0.493	
1.06	1.6859	2.6144	0.008	0.4236	
1.07	0.8606	2.7645	0.0425	0.4426	
1.08	0.4667	2.6033	0.0595	0.5844	
1.09	2.22	2.4262	0.0722	0.64	
1.1	0.5882	1.7662	0.0581	0.8012	
1.11	1.5431	1.3291	0.0455	0.9627	
1.12	1.9899	0.9698	0.0145	1.1598	
1.13	0.5531	1.0879	-0.0333	1.3943	
1.14	2.0386	1.3147	-0.0969	1.5091	
1.15	1.9509	1.7999	-0.1787	1.7742	
1.16	0.8042	2.2265	-0.2756	1.8723	
1.17	2.7474	2.8718	-0.3734	2.2274	
1.18	1.2102	3.1762	-0.4785	2.1783	
1.19	1.5503	2.7416	-0.6192	2.0251	
1.2	2.7604	2.3685	-0.7256	2.3324	
1.21	0.7258	1.8509	-0.8445	2.0911	
1.22	2.0788	1.4352	-1.057	2.0614	
1.23	1.9555	1.0388	-1.2073	1.7265	
1.24	0.4529	0.6421	-1.3242	1.6187	
1.25	2.163	0.6925	-1.5247	1.2931	
1.26	0.9279	1.0716	-1.7358	1.1468	
1.27	0.6597	1.5383	-1.946	0.8838	
1.28	2.1845	1.7594	-2.0007	0.6366	
1.29	0.1357	2.321	-1.9895	0.4383	
1.3	0.8523	2.4234	-2.3385	0.2224	
1.31	1.2473	2.2443	-2.1403	0.0416	
1.32	-0.3946	1.5033	-2.4273	-0.0863	
1.33	1.2688	1.0111	-2.5109	-0.189	
1.34	0.3635	0.4939	-2.6114	-0.2099	
1.35	-0.4398	0.0516	-2.6497	-0.2083	
1.36	1.1951	-0.0976	-2.7099	-0.1431	
1.37	-0.5028	0.028	-2.991	-0.0311	
1.38	-0.1342	0.3543	-2.6896	0.1189	
1.39	0.8147	0.8901	-3.0602	0.2558	
1.4	-1.0715	1.2115	-2.7181	0.4536	
1.41	0.3328	1.5312	-2.9522	0.6651	
1.42	0.1442	1.4628	-2.8674	0.8121	
1.43	-1.0928	1.0225	-2.5012	1.0093	
1.44	0.8151	0.567	-2.7799	1.2219	
1.45	-0.4801	-0.0171	-2.4053	1.3116	
1.46	-0.4992	-0.5163	-2.1829	1.4324	
1.47	0.9077	-0.775	-2.024	1.4226	
1.48	-0.9342	-0.8013	-2.2398	1.4867	
1.49	0.2894	-0.579	-2.0862	1.335	
1.5	0.6768	-0.1058	-1.6693	1.3541	
1.51	-0.7311	0.3865	-1.6613	1.1298	
1.52	1.0458	0.753	-1.595	0.8476	
1.53	0.3384	0.8778	-1.4894	0.6617	
1.54	-0.0983	0.8472	-1.1655	0.4684	
1.55	1.6872	0.3943	-1.0066	0.2439	
1.56	0.0992	-0.1428	-0.8915	-0.0019	
1.57	0.8143	-0.6411	-0.8293	-0.2191	
1.58	1.6398	-1.0119	-0.7117	-0.404	
1.59	0.1751	-1.2709	-0.6253	-0.6634	
1.6	1.9049	-0.9574	-0.5962	-0.8091	
1.61	1.4893	-0.6097	-0.4488	-0.8437	
1.62	0.6169	-0.0316	-0.4393	-0.8032	
1.63	2.6919	0.4725	-0.3966	-0.8679	
1.64	1.2103	0.8308	-0.3332	-0.7251	
1.65	1.3888	0.8953	-0.3622	-0.7317	
1.66	2.5105	0.7186	-0.371	-0.5869	
1.67	0.9047	0.2604	-0.3471	-0.4029	
1.68	2.1415	-0.2376	-0.4181	-0.1899	
1.69	2.2298	-0.6741	-0.4554	0.0199	
1.7	0.8926	-0.9413	-0.5023	0.2046	
1.71	2.91	-0.7771	-0.5659	0.4019	
1.72	1.5363	-0.4546	-0.5262	0.5803	
1.73	1.1438	0.0457	-0.6865	0.7057	
1.74	2.5145	0.5873	-0.7069	0.9036	
1.75	0.9428	1.1297	-0.7242	0.8705	
1.76	1.8536	1.355	-0.9163	0.8168	
1.77	2.2411	1.4626	-0.9847	0.8149	
1.78	0.4732	1.1519	-1.1086	0.749	
1.79	1.9583	0.6175	-1.0324	0.5658	
1.8	1.4636	0.1916	-1.0403	0.4105	
1.81	0.347	-0.161	-1.293	0.2601	
1.82	2.1678	-0.2289	-1.2378	0.0267	
1.83	0.3298	-0.0435	-1.1581	-0.1997	
1.84	0.6068	0.3601	-1.1635	-0.4626	
1.85	1.6554	0.9069	-1.3233	-0.6879	
1.86	-0.422	1.4143	-1.3127	-0.7963	
1.87	0.8962	2.0056	-1.0995	-0.9696	
1.88	0.7023	2.0662	-1.1274	-1.0918	
1.89	-0.6713	1.8733	-1.1066	-1.2001	
1.9	1.1953	1.5803	-1.0718	-1.2782	
1.91	-0.2038	0.9661	-0.8945	-1.2635	
1.92	-0.4588	0.5653	-0.7973	-1.0854	
1.93	1.0397	0.3103	-0.7092	-1.0513	
1.94	-0.8392	0.3343	-0.5225	-0.8861	
1.95	0.1387	0.5604	-0.3958	-0.7529	
1.96	0.5554	1.1523	-0.2609	-0.5402	
1.97	-1.0483	1.5285	-0.0881	-0.3395	
1.98	0.7658	1.9754	0.081	-0.0954	
1.99	0.0168	2.3771	0.2305	0.119	
2.0	-0.5997	2.4939	0.4214	0.3101	
2.01	1.1336	2.0564	0.6116	0.4452	
2.02	-0.4077	1.4835	0.7129	0.6239	
2.03	0.2157	0.9254	0.9727	0.721	
2.04	1.3285	0.5656	1.2	0.6496	
2.05	-0.4707	0.3571	1.197	0.6344	
2.06	1.0881	0.403	1.3713	0.5792	
2.07	1.081	0.7881	1.426	0.5053	
2.08	0.0179	1.1467	1.7244	0.3292	
2.09	1.8718	1.5625	1.7634	0.1587	
2.1	0.6682	2.0191	1.8619	-0.0498	
2.11	0.8135	2.2527	2.0234	-0.2927	
2.12	2.1962	1.962	1.8449	-0.5357	
2.13	0.5971	1.5256	2.1978	-0.6973	
2.14	2.036	0.8731	1.9469	-0.8011	
2.15	2.0646	0.2197	2.2233	-1.1364	
2.16	0.8163	-0.1575	2.1558	-1.2323	
2.17	2.6803	-0.2635	2.231	-1.3454	
2.18	1.8626	-0.1072	2.0294	-1.2564	
2.19	1.2161	0.2814	2.1026	-1.2813	
2.2	2.861	0.7244	1.9626	-1.2194	
2.21	1.243	1.1164	1.9385	-1.1184	
2.22	2.051	1.1888	1.859	-0.834	
2.23	2.615	1.2562	1.6204	-0.6748	
2.24	0.9952	0.8368	1.6071	-0.4535	
2.25	2.6941	0.2747	1.5537	-0.2418	
2.26	1.9956	-0.3673	1.2391	-0.0314	
2.27	0.9759	-0.8186	1.3607	0.1771	
2.28	2.723	-1.1138	1.0948	0.4265	
2.29	1.1502	-1.1481	0.961	0.592	
2.3	1.219	-0.8537	1.0215	0.7769	
2.31	2.319	-0.5215	0.9263	0.7249	
2.32	0.3721	-0.0339	0.7872	0.7982	
2.33	1.7009	0.3029	0.6578	0.8403	
2.34	1.4815	0.3454	0.6265	0.8582	
2.35	0.0388	0.1404	0.5793	0.6532	
2.36	1.7712	-0.3241	0.4853	0.5795	
2.37	0.4557	-0.9653	0.4879	0.3679	
2.38	0.0954	-1.4216	0.4468	0.1831	
2.39	1.389	-1.8755	0.4655	-0.0048	
2.4	-0.4006	-2.1368	0.4599	-0.1942	
2.41	0.4034	-1.6795	0.5033	-0.4457	
2.42	0.9136	-1.45	0.5965	-0.6376	
2.43	-0.7714	-1.0018	0.688	-0.817	
2.44	0.8271	-0.5448	0.6364	-0.9139	
2.45	0.077	-0.2291	0.7023	-1.0112	
2.46	-0.6962	-0.2447	0.8284	-0.9248	
2.47	0.9359	-0.5309	0.8628	-0.9064	
2.48	-0.6095	-0.9748	1.022	-0.8395	
2.49	-0.1714	-1.6536	1.187	-0.7564	
2.5	0.9017	-1.8121	1.2328	-0.6006	
2.51	-0.945	-2.3777	1.3645	-0.458	
2.52	0.5964	-2.3578	1.5939	-0.1894	
2.53	0.5078	-1.9491	1.5913	0.0294	
2.54	-0.594	-1.3923	1.498	0.2802	
2.55	1.3352	-0.8263	1.7347	0.5196	
2.56	0.0539	-0.3728	1.7315	0.7114	
2.57	0.0967	-0.1513	1.7628	0.9256	
2.58	1.6733	-0.2224	2.0562	1.008	
2.59	-0.1196	-0.4944	1.9057	1.2331	
2.6	1.0361	-1.0369	2.1603	1.3068	
2.61	1.6039	-1.4243	1.969	1.2386	
2.62	0.1278	-2.0096	1.8768	1.1647	
2.63	1.8154	-1.7495	1.8846	1.0941	
2.64	1.2559	-1.6833	1.8672	1.0146	
2.65	0.7413	-1.3281	1.6742	0.8219	
2.66	2.401	-0.6316	1.6913	0.5917	
2.67	1.0222	-0.0702	1.6756	0.3438	
2.68	1.5217	0.3219	1.5882	0.1675	
2.69	2.327	0.4246	1.3932	-0.0428	
2.7	0.866	0.2216	1.3412	-0.2119	
2.71	2.6234	-0.1469	1.1614	-0.43	
2.72	2.1323	-0.6266	1.124	-0.5094	
2.73	1.165	-1.0142	0.9369	-0.5919	
2.74	2.9118	-1.1783	0.7961	-0.7006	
2.75	1.4624	-1.2342	0.5384	-0.6815	
2.76	1.7543	-0.8543	0.405	-0.5309	
2.77	2.5216	-0.3186	0.2361	-0.432	
2.78	0.9942	0.2694	0.0769	-0.3393	
2.79	2.2116	0.7616	-0.092	-0.1389	
2.8	2.2449	0.9149	-0.2335	0.0708	
2.81	0.7076	1.0646	-0.3996	0.3006	
2.82	2.1497	0.6313	-0.5408	0.5548	
2.83	1.291	0.1967	-0.6145	0.7265	
2.84	0.6658	-0.3116	-0.6949	0.9881	
2.85	2.1599	-0.7061	-0.9519	1.1376	
2.86	0.2804	-0.7292	-0.8607	1.3669	
2.87	0.9779	-0.5702	-0.9949	1.2953	
2.88	1.6175	-0.212	-1.1668	1.5141	
2.89	-0.3316	0.3203	-1.0299	1.3314	
2.9	1.3749	0.7537	-1.1784	1.341	
2.91	0.5329	1.0807	-1.1762	1.2939	
2.92	-0.4326	1.2936	-1.2355	1.0912	
2.93	1.2266	1.0189	-1.0718	0.8996	
2.94	-0.4054	0.5957	-1.1023	0.819	
2.95	-0.1254	0.047	-1.0002	0.5342	
2.96	0.9494	-0.4243	-0.9722	0.3522	
2.97	-0.971	-0.8094	-0.8884	0.133	
2.98	0.3452	-0.7842	-0.7839	-0.0589	
2.99	0.2349	-0.6594	-0.794	-0.2602	
3.0	-1.1188	-0.2104	-0.6562	-0.3936	
3.01	0.7918	0.2875	-0.5423	-0.4436	
3.02	-0.4378	0.6918	-0.4204	-0.5224	
3.03	-0.481	0.8781	-0.3953	-0.5694	
3.04	0.8642	0.7546	-0.2834	-0.4702	
3.05	-0.8638	0.4095	-0.1788	-0.4691	
3.06	0.329	-0.129	-0.1203	-0.3147	
3.07	0.7294	-0.7123	-0.0506	-0.1261	
3.08	-0.7403	-1.2702	0.0084	0.0507	
3.09	1.1038	-1.6158	0.0508	0.2508	
3.1	0.4107	-1.5238	0.0872	0.4906	
3.11	-0.0892	-1.029	0.1044	0.7183	
3.12	1.8888	-0.672	0.1156	0.9737	
3.13	0.1926	-0.2605	0.1193	1.1151	
3.14	0.8277	0.0423	0.0825	1.212	
3.15	1.7511	0.0762	0.0465	1.3833	
3.16	0.1878	-0.1641	-0.0002	1.3808	
3.17	1.6597	-0.7081	-0.067	1.288	
3.18	1.5257	-1.3172	-0.129	1.1917	
3.19	0.5548	-1.842	-0.2319	1.071	
3.2	2.7542	-2.1431	-0.303	0.9564	
3.21	1.2368	-2.1059	-0.4304	0.8653	
3.22	1.2139	-2.148	-0.5352	0.6888	
3.23	2.7252	-1.8536	-0.6935	0.4469	
3.24	0.8492	-1.4446	-0.8363	0.201	
3.25	1.9597	-0.9247	-0.9204	-0.0466	
3.26	2.49	-0.7297	-1.133	-0.2517	
3.27	0.7802	-0.733	-1.2081	-0.4649	
3.28	2.4277	-1.1796	-1.3387	-0.688	
3.29	1.5705	-1.5205	-1.3656	-0.8217	
3.3	1.0097	-2.3238	-1.6235	-0.8128	
3.31	2.832	-2.8436	-1.7727	-0.9396	
3.32	0.7583	-2.6998	-1.577	-0.7655	
3.33	1.4235	-2.7236	-1.7293	-0.8031	
3.34	2.2887	-2.4882	-1.7306	-0.6724	
3.35	0.2537	-1.8883	-1.8035	-0.4948	
3.36	1.6466	-1.5645	-1.9722	-0.3743	
3.37	1.0378	-1.2138	-2.0196	-0.1645	
3.38	0.0861	-1.0272	-2.0134	0.0379	
3.39	1.6772	-1.218	-1.9253	0.2555	
3.4	0.1311	-1.5571	-1.9776	0.455	
3.41	0.2517	-2.0341	-1.7709	0.5922	
3.42	1.3844	-2.7107	-1.8436	0.7699	
3.43	-0.5933	-2.5634	-1.6306	0.7971	
3.44	0.5729	-3.1324	-1.6901	0.7938	
3.45	0.5257	-2.6065	-1.6278	0.858	
3.46	-0.9409	-2.1891	-1.4455	0.7589	
3.47	0.7218	-1.4605	-1.3516	0.6233	
3.48	-0.4434	-1.1795	-1.2636	0.4783	
3.49	-0.7348	-0.7639	-1.1199	0.3646	
3.5	0.6978	-0.6991	-0.9577	0.1215	
3.51	-1.1676	-0.8757	-0.7878	-0.1199	
3.52	-0.2013	-1.1984	-0.6862	-0.3442	
3.53	0.3241	-1.5855	-0.5496	-0.581	
3.54	-1.2322	-2.0084	-0.3945	-0.8575	
3.55	0.4477	-2.3996	-0.2229	-1.0053	
3.56	-0.2293	-2.187	-0.1067	-1.1801	
3.57	-0.9578	-1.8513	0.0232	-1.4031	
3.58	0.8525	-1.3771	0.1249	-1.3403	
3.59	-0.6092	-0.5911	0.2205	-1.3756	
3.6	-0.1111	-0.1744	0.2863	-1.4588	
3.61	0.9202	0.0898	0.3576	-1.3435	
3.62	-0.7556	0.0619	0.4686	-1.2398	
3.63	0.8597	-0.2144	0.5026	-1.2339	
3.64	0.719	-0.6398	0.4824	-1.1601	
3.65	-0.298	-1.1635	0.5007	-0.9429	
3.66	1.7072	-1.512	0.5389	-0.7324	
3.67	0.4339	-1.3854	0.4862	-0.4815	
3.68	0.5032	-1.2693	0.4407	-0.3211	
3.69	1.9695	-0.7371	0.4337	-0.1619	
3.7	0.2453	-0.1749	0.4045	-0.0326	
3.71	1.5283	0.3572	0.2735	0.0574	
3.72	1.7228	0.6829	0.2216	0.0999	
3.73	0.3541	0.9205	0.1305	0.1133	
3.74	2.1031	0.7169	0.0462	0.0564	
3.75	1.3463	0.2538	-0.0439	-0.0471	
3.76	0.8471	-0.2568	-0.1502	-0.1929	
3.77	2.4029	-0.7062	-0.2385	-0.3856	
3.78	0.8039	-0.8916	-0.3495	-0.5479	
3.79	1.4413	-0.9471	-0.4487	-0.8552	
3.8	2.4691	-0.5666	-0.4854	-1.0735	
3.81	0.442	-0.0926	-0.5886	-1.4287	
3.82	1.9995	0.4806	-0.6478	-1.5168	
3.83	1.6569	0.8251	-0.7826	-1.8155	
3.84	0.4598	1.1861	-0.7996	-2.0546	
3.85	2.113	1.0363	-0.7739	-2.2696	
3.86	0.64	0.7101	-0.892	-2.0753	
3.87	0.6571	0.1756	-0.903	-2.4129	
3.88	1.6577	-0.35	-0.7718	-2.0574	
3.89	-0.1523	-0.8481	-0.8534	-2.1808	
3.9	1.0257	-0.8797	-0.8212	-2.0082	
3.91	0.9291	-0.7884	-0.6803	-2.0963	
3.92	-0.5127	-0.4992	-0.6131	-1.7596	
3.93	1.2254	-0.0101	-0.6274	-1.6722	
3.94	-0.0668	0.4144	-0.4416	-1.5113	
3.95	-0.4878	0.7647	-0.383	-1.1547	
3.96	0.98	0.8789	-0.2649	-0.9979	
3.97	-0.901	0.599	-0.1429	-0.8099	
3.98	-0.2249	0.0853	-0.0185	-0.8102	
3.99	0.3099	-0.548	0.1036	-0.6917	
4.0	-1.4823	-0.989	0.2737	-0.5387	
4.01	0.1646	-1.3111	0.4085	-0.5376	
4.02	-0.4684	-1.4423	0.4959	-0.6004	
4.03	-1.3539	-1.2895	0.6398	-0.6555	
4.04	0.3936	-0.8881	0.8153	-0.8571	
4.05	-1.0906	-0.3935	0.8731	-0.9146	
4.06	-0.7706	-0.0119	1.1232	-1.2625	
4.07	0.2952	0.1542	1.2272	-1.4965	
4.08	-1.5352	0.0719	1.1239	-1.6906	
4.09	-0.0409	-0.2789	1.2794	-1.8072	
4.1	-0.0959	-0.9093	1.2953	-2.1476	
4.11	-1.1865	-1.4975	1.3797	-2.3069	
4.12	0.5906	-1.9045	1.6143	-2.7048	
4.13	-0.5421	-2.0868	1.4581	-2.4649	
4.14	-0.5091	-1.9339	1.3848	-2.7943	
4.15	1.0825	-1.7381	1.4781	-2.7924	
4.16	-0.7018	-1.2582	1.369	-2.8604	
4.17	0.4265	-0.8485	1.4868	-2.604	
4.18	0.8679	-0.4591	1.3562	-2.5751	
4.19	-0.5352	-0.3773	1.243	-2.6206	
4.2	1.4096	-0.5879	1.2423	-2.1024	
4.21	0.5878	-0.9878	1.1493	-2.2104	
4.22	0.0935	-1.5708	1.1275	-2.0083	
4.23	2.0712	-2.1646	0.8987	-1.7468	
4.24	0.2842	-2.5575	0.7324	-1.555	
4.25	1.0297	-2.4142	0.6468	-1.3182	
4.26	1.7617	-2.3625	0.5268	-1.1848	
4.27	0.1654	-1.7125	0.4141	-0.8941	
4.28	1.7613	-1.2353	0.2884	-0.8763	
4.29	1.4963	-0.7058	0.1489	-0.8814	
4.3	0.3862	-0.4578	0.0409	-0.7917	
4.31	1.9625	-0.4388	-0.0741	-0.8651	
4.32	0.7608	-0.6325	-0.16	-0.9454	
4.33	0.7907	-1.1841	-0.271	-1.1201	
4.34	2.0418	-1.5937	-0.3369	-1.3264	
4.35	0.155	-2.0923	-0.4529	-1.665	
4.36	1.3845	-2.0257	-0.4533	-1.581	
4.37	1.4711	-2.0743	-0.4889	-2.1118	
4.38	-0.1629	-1.7506	-0.5221	-2.1577	
4.39	1.4229	-1.094	-0.6022	-2.3174	
4.4	0.4408	-0.4343	-0.5165	-2.6461	
4.41	-0.1391	-0.0058	-0.561	-2.4127	
4.42	1.3589	0.2222	-0.4741	-2.5096	
4.43	-0.5319	0.1637	-0.5063	-2.9411	
4.44	0.1104	-0.1543	-0.3989	-2.7401	
4.45	0.7409	-0.6329	-0.3409	-2.5964	
4.46	-1.2529	-1.1207	-0.2534	-2.6155	
4.47	0.3672	-1.3741	-0.1666	-2.4002	
4.48	-0.2914	-1.1967	-0.0634	-2.2666	
4.49	-1.2476	-1.0815	0.0388	-2.0593	
4.5	0.3523	-0.4646	0.1407	-1.7153	
4.51	-1.2937	0.0942	0.275	-1.5875	
4.52	-0.9288	0.7069	0.3634	-1.2226	
4.53	0.0483	0.9946	0.453	-1.128	
4.54	-1.757	1.0593	0.5843	-0.8646	
4.55	-0.4671	0.8971	0.6914	-0.7223	
4.56	-0.5672	0.5647	0.7458	-0.6024	
4.57	-1.9293	0.1429	0.8642	-0.5546	
4.58	-0.0573	-0.2316	0.893	-0.5949	
4.59	-1.1054	-0.4071	0.9677	-0.5607	
4.6	-1.5144	-0.3315	1.0611	-0.71	
4.61	0.1257	0.0664	1.0633	-0.7484	
4.62	-1.5118	0.6199	1.0764	-0.9522	
4.63	-0.5501	1.1528	1.1991	-1.0861	
4.64	-0.0025	1.6632	1.0956	-1.3855	
4.65	-1.6745	1.963	1.0566	-1.3662	
4.66	0.2913	2.0133	0.9868	-1.6851	
4.67	-0.3214	1.4489	1.012	-2.0371	
4.68	-0.9038	1.0613	0.896	-2.189	
4.69	0.91	0.5666	0.905	-1.9427	
4.7	-0.6131	0.2154	0.7387	-2.3493	
4.71	-0.0412	0.1435	0.6675	-2.105	
4.72	1.1055	0.2995	0.5554	-2.375	
4.73	-0.5992	0.8005	0.4545	-2.0587	
4.74	1.015	1.2344	0.2889	-2.0975	
4.75	0.8264	1.8363	0.1598	-1.9757	
4.76	-0.2904	1.9959	0.0467	-1.6531	
4.77	1.7019	2.1628	-0.0927	-1.3435	
4.78	0.3374	1.9875	-0.209	-1.0324	
4.79	0.3485	1.6016	-0.3382	-0.8728	
4.8	1.6767	0.9594	-0.4349	-0.7004	
4.81	-0.0167	0.4396	-0.5798	-0.3874	
4.82	1.0537	0.1145	-0.7143	-0.1985	
4.83	1.4299	0.0863	-0.7405	-0.0183	
4.84	-0.1421	0.3297	-0.7897	0.1227	
4.85	1.545	0.7245	-1.0104	0.1884	
4.86	0.6691	1.209	-0.9496	0.234	
4.87	0.0589	1.5616	-1.0064	0.2504	
4.88	1.7083	1.8063	-1.1128	0.194	
4.89	-0.1493	1.5991	-1.0915	0.0828	
4.9	0.4438	1.3982	-1.1204	-0.0547	
4.91	1.0169	0.7252	-1.0059	-0.237	
4.92	-0.7991	0.1517	-0.8941	-0.4191	
4.93	0.6639	-0.2793	-0.929	-0.641	
4.94	0.1991	-0.4523	-0.8415	-0.7095	
4.95	-1.0005	-0.4405	-0.7195	-1.0129	
4.96	0.7447	-0.0972	-0.6287	-1.0815	
4.97	-0.8835	0.3637	-0.5892	-1.0736	
4.98	-0.7771	0.7726	-0.5041	-1.327	
4.99	0.2774	1.1295	-0.3338	-1.197	
5.0	-1.6853	1.2551	-0.2257	-1.1233	
5.01	-0.4379	0.8436	-0.1058	-1.0736	
5.02	-0.4686	0.3961	0.0263	-1.033	
5.03	-2.0288	-0.1431	0.1681	-0.9346	
5.04	-0.2485	-0.6561	0.2539	-0.7184	
5.05	-1.3803	-0.9382	0.4366	-0.3999	
5.06	-1.7516	-1.1863	0.5073	-0.1963	
5.07	-0.2974	-0.9098	0.5569	0.0794	
5.08	-2.0225	-0.4438	0.7484	0.3451	
5.09	-1.1511	0.0642	0.7864	0.6247	
5.1	-0.5759	0.5376	0.8959	0.7465	
5.11	-2.2816	0.7721	0.9882	0.9709	
5.12	-0.5515	0.64	0.8737	1.0956	
5.13	-1.1252	0.3246	0.9677	1.201	
5.14	-2.0747	-0.1786	1.0358	1.2361	
5.15	-0.0904	-0.6553	1.0763	1.2184	
5.16	-1.6299	-1.1879	0.9174	1.3368	
5.17	-1.1792	-1.3314	1.0358	1.04	
5.18	0.039	-1.2619	0.8705	0.9356	
5.19	-1.6136	-0.8235	0.9109	0.7768	
5.2	-0.1414	-0.272	0.7697	0.6069	
5.21	-0.1469	0.2817	0.6981	0.5035	
5.22	-1.3246	0.6129	0.5586	0.2957	
5.23	0.6508	0.8245	0.4713	0.1052	
5.24	-0.5031	0.6799	0.3506	-0.0386	
5.25	-0.4831	0.3409	0.2537	-0.1549	
5.26	1.1023	-0.1637	0.1422	-0.2207	
5.27	-0.7204	-0.6152	0.0114	-0.2735	
5.28	0.4745	-0.9492	-0.1016	-0.2287	
5.29	0.9486	-0.9511	-0.2287	-0.186	
5.3	-0.6036	-0.6199	-0.3186	-0.0742	
5.31	1.1323	-0.085	-0.4006	0.0837	
5.32	0.463	0.5552	-0.5309	0.2549	
5.33	-0.1747	1.0052	-0.6367	0.4869	
5.34	1.4924	1.3421	-0.6267	0.6722	
5.35	-0.133	1.5862	-0.7462	0.9534	
5.36	0.4138	1.2105	-0.7369	1.2608	
5.37	1.2698	0.8997	-0.8418	1.3313	
5.38	-0.503	0.403	-0.852	1.577	
5.39	1.0422	0.0354	-0.8218	1.8504	
5.4	0.5284	-0.1017	-0.8019	2.0726	
5.41	-0.6417	0.0378	-0.8599	2.287	
5.42	1.0368	0.4161	-0.7676	2.2375	
5.43	-0.3627	1.0076	-0.7549	2.3309	
5.44	-0.3921	1.5978	-0.6665	2.2159	
5.45	0.8298	2.1008	-0.5724	1.8245	
5.46	-1.1226	2.1697	-0.4802	1.72	
5.47	-0.1134	2.2818	-0.3881	1.619	
5.48	-0.0492	2.1195	-0.2964	1.6253	
5.49	-1.5304	1.576	-0.1442	1.2703	
5.5	0.0435	0.9887	-0.0376	1.0611	
5.51	-1.031	0.7728	0.0836	0.9206	
5.52	-1.5046	0.6408	0.2249	0.7833	
5.53	-0.1477	0.8802	0.3606	0.5682	
5.54	-2.1079	1.32	0.4421	0.4803	
5.55	-1.2832	2.0523	0.5391	0.4227	
5.56	-0.6594	2.5119	0.6506	0.4254	
5.57	-2.3672	2.894	0.7465	0.5122	
5.58	-0.837	2.6185	0.9259	0.5689	
5.59	-1.5992	2.4719	0.8586	0.6501	
5.6	-2.319	2.3922	1.033	0.8256	
5.61	-0.5923	1.8243	1.0132	1.1571	
5.62	-2.016	1.2534	0.9694	1.1895	
5.63	-1.7823	1.0328	1.0247	1.5078	
5.64	-0.6965	1.098	1.1431	1.7063	
5.65	-2.2961	1.47	1.1007	2.171	
5.66	-1.0996	1.7586	1.0884	1.9921	
5.67	-0.9447	2.2881	1.0639	2.4774	
5.68	-2.038	2.538	1.0019	2.4026	
5.69	-0.3108	2.8758	0.8181	2.7019	
5.7	-1.3764	2.616	0.7058	2.3944	
5.71	-1.5088	2.5807	0.7114	2.4222	
5.72	0.0643	1.7237	0.5667	2.3676	
5.73	-1.6062	1.2197	0.4198	2.5908	
5.74	-0.5518	0.8041	0.2775	2.335	
5.75	0.0506	0.6492	0.1658	1.9687	
5.76	-1.3935	0.8001	0.0244	1.85	
5.77	0.384	1.0696	-0.1226	1.7797	
5.78	-0.2533	1.4294	-0.2457	1.4958	
5.79	-0.836	2.1122	-0.4131	1.3295	
5.8	0.9859	2.3351	-0.5584	1.1015	
5.81	-0.6468	2.337	-0.6801	0.8279	
5.82	-0.0476	2.0838	-0.7933	0.6845	
5.83	0.9706	1.4947	-0.8689	0.6503	
5.84	-0.7054	0.9041	-0.9253	0.6403	
5.85	0.6736	0.2921	-1.0795	0.6706	
5.86	0.5387	-0.0447	-1.1497	0.7297	
5.87	-0.6578	-0.1039	-1.2392	0.8112	
5.88	1.1477	0.102	-1.1109	0.9754	
5.89	-0.1624	0.5016	-1.2145	1.0355	
5.9	-0.2204	1.0342	-1.2173	1.2576	
5.91	1.1555	1.4631	-1.2684	1.6822	
5.92	-0.8533	1.444	-1.3401	1.66	
5.93	0.2465	1.4776	-1.2827	1.8418	
5.94	0.4548	1.0291	-1.0246	2.2403	
5.95	-1.0795	0.3764	-1.1195	2.2347	
5.96	0.5219	-0.1694	-1.0372	2.5532	
5.97	-0.5174	-0.6071	-0.9339	2.6637	
5.98	-1.284	-0.9041	-0.8194	2.3548	
5.99	0.3433	-0.7549	-0.7378	2.4983	
6.0	-1.3548	-0.4066	-0.5741	2.5314	
6.01	-0.94	0.0897	-0.5523	2.139	
6.02	-0.2883	0.586	-0.381	2.131	
6.03	-2.127	0.808	-0.2657	1.9768	
6.04	-0.6023	1.0157	-0.1715	1.8521	
6.05	-1.2138	0.7138	-0.0769	1.407	
6.06	-2.4298	0.3044	0.0203	1.2697	
6.07	-0.6224	-0.2321	0.1178	1.0848	
6.08	-2.1822	-0.7694	0.1978	0.829	
6.09	-1.8429	-0.965	0.2528	0.6307	
6.1	-0.8167	-1.0606	0.2894	0.5044	
6.11	-2.7306	-0.7945	0.3808	0.3793	
6.12	-1.5556	-0.3247	0.4161	0.3197	
6.13	-1.3051	0.2124	0.3737	0.268	
6.14	-2.6247	0.7054	0.4214	0.3103	
6.15	-0.9273	1.0705	0.3885	0.3837	
6.16	-1.9195	1.0568	0.3466	0.4974	
6.17	-2.4326	0.6529	0.3204	0.7652	
6.18	-0.6504	0.2489	0.2385	0.9411	
6.19	-2.6096	-0.2521	0.1697	1.0743	
6.2	-1.3701	-0.5728	0.0975	1.3601	
6.21	-0.87	-0.816	0.0089	1.5821	
6.22	-2.2512	-0.5721	-0.0914	1.5624	
6.23	-0.6016	-0.1929	-0.1879	1.6569	
6.24	-0.9983	0.399	-0.3356	1.9458	
6.25	-1.7917	1.0116	-0.4833	2.1168	
6.26	0.0608	1.3943	-0.5885	1.8466	
6.27	-1.4801	1.5537	-0.6826	1.9646	
6.28	-0.9524	1.3375	-0.78	1.8075	
6.29	0.2897	1.0265	-0.8574	1.6857	
6.3	-1.4739	0.6887	-0.9973	1.5621	
6.31	0.094	0.2031	-1.256	1.2756	
6.32	0.0592	-0.0614	-1.3635	1.1744	
6.33	-1.1496	-0.0585	-1.3074	0.8899	
6.34	0.8503	0.2109	-1.3139	0.6881	
6.35	-0.3822	0.7736	-1.448	0.4725	
6.36	-0.4551	1.2921	-1.5676	0.2261	
6.37	0.9929	1.8103	-1.5534	0.0432	
6.38	-0.7196	2.3265	-1.5661	-0.1216	
6.39	0.2873	2.2419	-1.7642	-0.2347	
6.4	0.6405	2.095	-1.6315	-0.2704	
6.41	-0.9643	1.6668	-1.4735	-0.2897	
6.42	0.8446	0.9923	-1.5571	-0.315	
6.43	-0.0815	0.5983	-1.5156	-0.2285	
6.44	-0.8093	0.4661	-1.2482	-0.0997	
6.45	0.9027	0.542	-1.3165	0.0573	
6.46	-0.9249	0.8555	-1.1174	0.2334	
6.47	-0.3968	1.288	-1.1314	0.4224	
6.48	0.3592	2.0337	-0.868	0.62	
6.49	-1.5918	2.3098	-0.7554	0.778	
6.5	-0.1052	2.4243	-0.6075	0.9397	
6.51	-0.5575	2.222	-0.5086	1.1827	
6.52	-1.9039	2.1051	-0.3541	1.2315	
6.53	-0.0846	1.5486	-0.2181	1.4408	
6.54	-1.6461	0.9125	-0.0787	1.2803	
6.55	-1.5571	0.5356	0.0578	1.4147	
6.56	-0.4861	0.4591	0.1852	1.3779	
6.57	-2.2502	0.5627	0.2933	1.1608	
6.58	-1.2692	0.9104	0.4273	1.0625	
6.59	-1.1679	1.4665	0.5896	0.8523	
6.6	-2.801	1.7563	0.6234	0.5494	
6.61	-1.0098	2.0081	0.6593	0.3992	
6.62	-1.9371	2.12	0.8365	0.1105	
6.63	-2.4414	1.7999	0.7897	-0.1168	
6.64	-1.0361	1.3309	0.8156	-0.3342	
6.65	-2.7394	0.6959	1.0052	-0.5235	
6.66	-1.8357	0.1918	1.0099	-0.7245	
6.67	-1.3385	-0.1229	0.9518	-0.8277	
6.68	-2.7849	-0.1693	0.9155	-0.9626	
6.69	-1.1705	0.0696	0.8082	-0.8641	
6.7	-1.6045	0.4736	0.8736	-0.924	
6.71	-2.8287	0.9444	0.8339	-0.7339	
6.72	-0.7753	1.2985	0.7171	-0.663	
6.73	-2.3165	1.4947	0.6724	-0.49	
6.74	-1.5917	1.2498	0.5362	-0.3201	
6.75	-0.5076	0.8088	0.4201	-0.1395	
6.76	-2.3602	0.1561	0.3649	0.0729	
6.77	-0.7416	-0.4605	0.2846	0.2604	
6.78	-0.6458	-0.8691	0.1873	0.4606	
6.79	-1.8305	-1.2185	0.0805	0.6784	
6.8	0.0756	-1.0765	-0.001	0.7629	
6.81	-1.0727	-0.6559	-0.0891	0.8559	
6.82	-1.1979	-0.2592	-0.151	0.9031	
6.83	0.537	0.1653	-0.2134	0.8633	
6.84	-1.2092	0.4246	-0.2618	0.8684	
6.85	-0.156	0.4421	-0.3097	0.7357	
6.86	0.4541	0.1327	-0.3267	0.6103	
6.87	-1.0551	-0.4025	-0.3482	0.4422	
6.88	0.6301	-0.8807	-0.3865	0.242	
6.89	-0.0478	-1.4213	-0.3707	0.0172	
6.9	-0.7067	-1.6478	-0.3275	-0.1928	
6.91	1.0738	-1.8939	-0.2603	-0.448	
6.92	-0.6349	-1.5555	-0.1999	-0.6734	
6.93	-0.146	-1.1939	-0.1321	-0.8174	
6.94	0.8012	-0.7182	-0.0367	-0.8958	
6.95	-1.0413	-0.2694	0.0595	-1.0034	
6.96	0.4056	-0.0674	0.1669	-1.2554	
6.97	0.0742	-0.1637	0.2993	-1.1264	
6.98	-1.2234	-0.4755	0.4323	-1.1814	
6.99	0.5438	-0.9794	0.5897	-0.9674	
7.0	-0.8474	-1.5566	0.7673	-1.0162	
7.01	-1.0125	-1.894	0.7967	-0.7577	
7.02	0.2603	-2.0278	0.958	-0.5825	
7.03	-1.6543	-2.1088	1.1427	-0.3761	
7.04	-0.664	-1.6074	1.1988	-0.1307	
7.05	-0.5086	-0.9527	1.3235	0.0812	
7.06	-2.0686	-0.4779	1.5165	0.2962	
7.07	-0.4782	-0.0953	1.6912	0.4984	
7.08	-1.3691	0.0293	1.9304	0.6609	
7.09	-2.2814	-0.1323	1.8303	0.8001	
7.1	-0.6154	-0.4828	1.9213	0.8186	
7.11	-2.4317	-1.0775	1.9414	0.7907	
7.12	-1.6861	-1.456	1.9374	0.7685	
7.13	-1.1551	-1.8512	2.0829	0.7541	
7.14	-2.6857	-1.7248	1.9989	0.5659	
7.15	-1.3996	-1.3561	2.3269	0.4204	
7.16	-1.7226	-0.8247	1.9503	0.2623	
7.17	-2.8664	-0.2874	2.1333	0.0417	
7.18	-0.9757	0.2422	2.0191	-0.1896	
7.19	-2.7067	0.5139	1.9613	-0.3692	
7.2	-2.4074	0.5903	2.0643	-0.6048	
7.21	-1.0568	0.299	2.0033	-0.7659	
7.22	-2.7458	-0.1225	1.7789	-0.9701	
7.23	-1.4599	-0.6233	1.5076	-1.0844	
7.24	-1.2082	-0.8668	1.437	-0.9867	
7.25	-2.7803	-1.1405	1.4003	-1.1257	
7.26	-0.6098	-0.9709	1.3636	-1.079	
7.27	-1.6357	-0.5083	1.0336	-0.9574	
7.28	-1.7011	0.0257	1.0117	-0.7474	
7.29	-0.1978	0.5707	0.9287	-0.6418	
7.3	-1.9289	1.0565	0.7092	-0.4122	
7.31	-0.8354	1.2732	0.5825	-0.25	
7.32	-0.1421	1.1428	0.4794	-0.0008	
7.33	-1.6814	0.6907	0.3484	0.237	
7.34	0.1293	0.2013	0.2422	0.4143	
7.35	-0.4158	-0.2789	0.159	0.5889	
7.36	-1.0465	-0.55	0.0685	0.889	
7.37	0.6634	-0.6927	0.0047	0.9102	
7.38	-0.7307	-0.4476	-0.0532	1.1309	
7.39	-0.3217	0.039	-0.087	1.0493	
7.4	0.7732	0.5547	-0.1215	0.9802	
7.41	-0.9882	1.0426	-0.1282	0.9179	
7.42	0.5009	1.2964	-0.1211	0.9248	
7.43	0.3823	1.2084	-0.1189	0.7725	
7.44	-0.8593	0.9876	-0.0854	0.5777	
7.45	1.0525	0.5665	-0.0405	0.3427	
7.46	-0.3397	-0.0409	0.0087	0.1406	
7.47	-0.4335	-0.4748	0.0646	-0.0494	
7.48	0.8143	-0.7942	0.1306	-0.2586	
7.49	-1.0711	-0.747	0.2314	-0.4293	
7.5	-0.006	-0.4609	0.3213	-0.5553	
7.51	0.3183	0.0133	0.3659	-0.6659	
7.52	-1.2737	0.5168	0.4638	-0.7075	
7.53	0.2819	0.8244	0.5852	-0.8066	
7.54	-0.7062	0.9238	0.5785	-0.7305	
7.55	-1.4578	0.7755	0.7062	-0.6952	
7.56	0.1859	0.2919	0.8508	-0.5353	
7.57	-1.6536	-0.3165	0.7908	-0.3493	
7.58	-1.0651	-0.9384	0.8371	-0.1277	
7.59	-0.3984	-1.2084	1.0095	0.0944	
7.6	-2.3147	-1.5283	0.8857	0.2956	
7.61	-0.7605	-1.3683	0.9474	0.585	
7.62	-1.216	-0.9695	0.9811	0.7301	
7.63	-2.4034	-0.5644	0.9915	0.9742	
7.64	-0.7186	-0.1336	0.8829	1.2306	
7.65	-2.1615	0.1048	0.8684	1.3824	
7.66	-2.2552	0.0539	0.889	1.3288	
7.67	-0.8969	-0.2572	0.7128	1.4352	
7.68	-2.5059	-0.7635	0.663	1.5426	
7.69	-1.4161	-1.4792	0.53	1.3199	
7.7	-1.3816	-2.0906	0.427	1.1844	
7.71	-3.0096	-2.2013	0.3543	1.0198	
7.72	-0.9468	-2.3234	0.1929	0.8699	
7.73	-1.9003	-1.915	0.0352	0.6682	
7.74	-2.3081	-1.6483	-0.1363	0.4818	
7.75	-0.6857	-1.2293	-0.2723	0.3137	
7.76	-2.2333	-0.8778	-0.4198	0.1158	
7.77	-1.4439	-0.6118	-0.6347	-0.0734	
7.78	-0.6379	-0.8044	-0.7401	-0.2322	
7.79	-2.2907	-1.15	-1.0593	-0.3224	
7.8	-0.5485	-1.7793	-1.0162	-0.4358	
7.81	-0.9114	-2.5069	-1.2181	-0.4009	
7.82	-1.8345	-2.9312	-1.3145	-0.4464	
7.83	0.1617	-3.0002	-1.689	-0.373	
7.84	-1.2591	-2.9594	-1.5673	-0.2196	
7.85	-0.8388	-2.606	-1.8597	-0.0784	
7.86	0.4319	-1.8505	-1.8605	0.1168	
7.87	-1.3556	-1.3322	-2.0036	0.3113	
7.88	0.1824	-1.0439	-2.071	0.5682	
7.89	0.2513	-0.8976	-2.3047	0.829	
7.9	-0.9985	-1.2035	-2.0718	1.0787	
7.91	0.8896	-1.657	-2.3185	1.2802	
7.92	-0.2029	-2.0702	-2.3327	1.4685	
7.93	-0.3527	-2.6065	-2.2159	1.5258	
7.94	1.2091	-2.9077	-2.2267	1.5625	
7.95	-0.6077	-2.949	-2.0291	1.4784	
7.96	0.3499	-2.5445	-2.2026	1.4696	
7.97	0.8767	-1.989	-1.782	1.6318	
7.98	-0.8338	-1.5186	-1.9111	1.4559	
7.99	0.9834	-0.9601	-1.9435	1.1847	
8.0	0.1055	-0.6112	-1.7814	1.0096	
8.01	-0.7256	-0.6632	-1.7341	0.8599	
8.02	1.0144	-0.9807	-1.4231	0.6167	
8.03	-0.7628	-1.275	-1.4545	0.4419	
8.04	-0.3044	-1.774	-1.2186	0.2487	
8.05	0.5083	-1.9961	-1.0806	0.0307	
8.06	-1.281	-2.2465	-1.1225	-0.1543	
8.07	0.0241	-2.2351	-0.91	-0.3018	
8.08	-0.3178	-1.6051	-0.9012	-0.3715	
8.09	-1.758	-0.9974	-0.8246	-0.4517	
8.1	0.0913	-0.4061	-0.8064	-0.4355	
8.11	-1.2855	-0.0233	-0.6706	-0.4081	
8.12	-1.3807	0.1304	-0.6094	-0.2637	
8.13	-0.2377	0.0194	-0.5488	-0.1503	
8.14	-2.1176	-0.3045	-0.5782	0.0258	
8.15	-1.0289	-0.8547	-0.5792	0.2138	
8.16	-0.9572	-1.3398	-0.6456	0.42	
8.17	-2.6143	-1.3419	-0.6063	0.6044	
8.18	-0.7482	-1.319	-0.6485	0.8455	
8.19	-1.6664	-1.0575	-0.6516	0.9826	
8.2	-2.2025	-0.6532	-0.8088	1.1724	
8.21	-0.622	-0.0131	-0.7631	1.185	
8.22	-2.1548	0.4597	-0.8221	1.3858	
8.23	-1.4993	0.7431	-0.9815	1.3569	
8.24	-0.8268	0.748	-1.0779	1.3278	
8.25	-2.5957	0.5009	-1.2613	1.2662	
8.26	-0.8188	0.0776	-1.2267	1.2811	
8.27	-1.3746	-0.4388	-1.3415	1.1629	
8.28	-2.2381	-0.867	-1.5065	0.8698	
8.29	-0.3278	-0.933	-1.5273	0.6757	
8.3	-1.6878	-0.8717	-1.5944	0.4143	
8.31	-1.4365	-0.4615	-1.6983	0.1707	
8.32	-0.059	0.0292	-2.0082	-0.0686	
8.33	-1.6298	0.5383	-1.9299	-0.2616	
8.34	-0.3206	0.8695	-1.7978	-0.4638	
8.35	-0.1703	1.0165	-1.9388	-0.6544	
8.36	-1.3752	0.8364	-1.9128	-0.7501	
8.37	0.4827	0.509	-2.0013	-0.7481	
8.38	-0.4451	-0.0803	-2.0976	-0.7809	
8.39	-0.6487	-0.6084	-2.1967	-0.8273	
8.4	1.0238	-0.9244	-1.9096	-0.6827	
8.41	-0.6796	-1.0954	-1.73	-0.6675	
8.42	0.2915	-0.8588	-1.9741	-0.4494	
8.43	1.0253	-0.4988	-1.7343	-0.3039	
8.44	-0.6709	0.0325	-1.5492	-0.1085	
8.45	1.104	0.5057	-1.6024	0.091	
8.46	0.4562	0.674	-1.4067	0.2947	
8.47	-0.2982	0.6741	-1.2893	0.4781	
8.48	1.4517	0.3241	-1.0743	0.6706	
8.49	-0.1051	-0.2168	-0.8575	0.6853	
8.5	0.2974	-0.7721	-0.7706	0.8041	
8.51	1.2415	-1.3415	-0.5711	0.8298	
8.52	-0.5136	-1.6572	-0.3797	0.7473	
8.53	0.8139	-1.6847	-0.2372	0.7565	
8.54	0.6396	-1.3694	-0.0368	0.5686	
8.55	-0.6872	-0.9462	0.1385	0.4877	
8.56	1.1334	-0.3972	0.3376	0.2342	
8.57	-0.3151	-0.0748	0.4706	0.0253	
8.58	-0.5488	0.0241	0.6458	-0.2212	
8.59	0.7245	-0.1556	0.7144	-0.4503	
8.6	-1.0942	-0.6166	0.8284	-0.7047	
8.61	-0.2063	-1.1033	1.1041	-0.9844	
8.62	0.048	-1.8863	1.2221	-1.1162	
8.63	-1.6063	-2.3424	1.1858	-1.3738	
8.64	0.0197	-2.4238	1.2897	-1.3906	
8.65	-1.0015	-1.9458	1.423	-1.6762	
8.66	-1.6292	-1.5933	1.4599	-1.5965	
8.67	-0.0471	-1.1742	1.5488	-1.6524	
8.68	-1.7027	-0.7416	1.3676	-1.6464	
8.69	-1.3291	-0.512	1.519	-1.3273	
8.7	-0.509	-0.5351	1.4708	-1.3323	
8.71	-2.402	-0.8708	1.3501	-1.0072	
8.72	-0.7432	-1.3289	1.39	-0.996	
8.73	-1.0557	-1.8588	1.2792	-0.6723	
8.74	-2.0262	-2.3578	1.3997	-0.5131	
8.75	-0.3586	-2.6258	1.2059	-0.3449	
8.76	-1.6005	-2.4298	1.1615	-0.1839	
8.77	-1.7004	-2.277	1.0794	-0.0789	
8.78	-0.2885	-1.6167	0.9646	-0.0066	
8.79	-1.9728	-1.2404	0.8423	0.0264	
8.8	-0.7793	-0.6952	0.9132	0.0066	
8.81	-0.5233	-0.493	0.8173	-0.0554	
8.82	-1.8318	-0.6191	0.6926	-0.1647	
8.83	0.06	-0.875	0.7255	-0.3625	
8.84	-0.7807	-1.4672	0.664	-0.5079	
8.85	-1.1824	-1.8251	0.5787	-0.8004	
8.86	0.5856	-2.3204	0.5641	-1.0425	
8.87	-0.9799	-2.263	0.4883	-1.2908	
8.88	-0.1415	-2.1295	0.5784	-1.3857	
8.89	0.6641	-1.5002	0.581	-1.689	
8.9	-0.8339	-0.9732	0.525	-2.0712	
8.91	0.8967	-0.3649	0.6517	-1.945	
8.92	0.4439	0.0041	0.6521	-2.2541	
8.93	-0.405	0.1506	0.6778	-2.1405	
8.94	1.4893	-0.0018	0.7432	-2.3776	
8.95	0.0412	-0.4011	0.9057	-2.1583	
8.96	0.4546	-0.7751	0.9958	-2.3487	
8.97	1.7542	-1.2548	1.1293	-2.2246	
8.98	-0.185	-1.4711	1.2992	-1.88	
8.99	1.284	-1.2471	1.3009	-2.0094	
9.0	1.2738	-0.9758	1.4651	-1.5346	
9.01	-0.1231	-0.3943	1.5746	-1.4534	
9.02	1.791	0.2092	1.7122	-1.2414	
9.03	0.4707	0.712	2.0611	-1.059	
9.04	0.2236	1.0149	2.0041	-0.8971	
9.05	1.5901	1.1304	1.9714	-0.7707	
9.06	-0.1826	0.8006	2.1291	-0.7529	
9.07	0.6873	0.3383	2.3463	-0.6222	
9.08	1.1309	-0.085	2.3077	-0.7199	
9.09	-0.6666	-0.4537	2.8176	-0.6735	
9.1	1.0844	-0.5255	2.5028	-0.8003	
9.11	0.1718	-0.3399	2.9444	-1.0184	
9.12	-0.6191	0.1154	2.8231	-1.231	
9.13	1.0229	0.6651	2.8187	-1.3502	
9.14	-0.7725	1.2953	2.7068	-1.6345	
9.15	-0.384	1.8177	2.6627	-1.7607	
9.16	0.3864	1.943	3.0403	-2.1152	
9.17	-1.4229	1.7893	2.6011	-2.4118	
9.18	-0.0803	1.2684	2.7692	-2.2355	
9.19	-0.3836	0.7248	2.3905	-2.3744	
9.2	-1.7481	0.336	2.346	-2.8847	
9.21	0.099	0.0435	2.5254	-2.9232	
9.22	-1.2451	0.0275	2.0663	-3.0363	
9.23	-1.3961	0.3111	2.0732	-3.0945	
9.24	-0.0345	0.7811	1.8312	-3.0121	
9.25	-1.7529	1.1699	1.6931	-2.8184	
9.26	-0.7778	1.6764	1.5971	-2.4942	
9.27	-0.4356	1.8985	1.454	-2.358	
9.28	-2.1032	1.7852	1.2987	-2.2001	
9.29	-0.1195	1.7834	1.2575	-2.035	
9.3	-0.9971	1.1985	1.0701	-1.6208	
9.31	-1.4424	0.5323	0.8867	-1.4042	
9.32	0.2294	0.1112	0.7511	-1.3533	
9.33	-1.2528	-0.0922	0.5526	-1.1631	
9.34	-0.5327	-0.0416	0.4306	-0.9319	
9.35	0.2783	0.2546	0.3057	-0.8643	
9.36	-1.3887	0.7399	0.1722	-0.825	
9.37	0.3976	1.1877	0.0857	-0.951	
9.38	0.0654	1.4704	-0.0091	-0.9847	
9.39	-0.7567	1.5559	-0.0799	-1.0117	
9.4	1.1601	1.4221	-0.162	-1.1507	
9.41	-0.2177	0.886	-0.193	-1.451	
9.42	0.111	0.3647	-0.237	-1.5871	
9.43	1.4723	-0.1622	-0.2574	-1.8349	
9.44	-0.2878	-0.5892	-0.2778	-2.1469	
9.45	1.2087	-0.7435	-0.2774	-2.4211	
9.46	1.2635	-0.4947	-0.2473	-2.6399	
9.47	-0.0311	-0.1279	-0.1913	-2.4151	
9.48	1.8376	0.3571	-0.1683	-2.9568	
9.49	0.8426	0.7269	-0.1356	-3.056	
9.5	0.5774	1.0303	-0.0743	-2.7106	
9.51	2.0979	0.8685	-0.0177	-2.7296	
9.52	0.3498	0.6705	0.0459	-2.4898	
9.53	1.3442	0.0875	0.096	-2.6642	
9.54	1.7502	-0.5041	0.1515	-2.3705	
9.55	0.1295	-1.0137	0.2419	-2.0315	
9.56	1.8247	-1.2686	0.2724	-2.1477	
9.57	1.0563	-1.315	0.3392	-1.8528	
9.58	0.2265	-0.8623	0.3408	-1.495	
9.59	1.861	-0.479	0.3799	-1.1563	
9.6	0.2471	0.0663	0.409	-1.1137	
9.61	0.6043	0.4159	0.3742	-0.9527	
9.62	1.3824	0.6231	0.4084	-0.7636	
9.63	-0.4086	0.4627	0.3851	-0.6285	
9.64	0.9885	0.0631	0.3214	-0.582	
9.65	0.6927	-0.4676	0.2812	-0.5723	
9.66	-0.6727	-1.0	0.2255	-0.6727	
9.67	1.0527	-1.3228	0.1501	-0.7232	
9.68	-0.3769	-1.3191	0.0493	-0.8883	
9.69	-0.5286	-1.1526	-0.0632	-1.0702	
9.7	0.7752	-0.6898	-0.1916	-1.0906	
9.71	-1.2277	-0.1981	-0.3249	-1.3048	
9.72	-0.21	0.3109	-0.4412	-1.6438	
9.73	0.097	0.6561	-0.592	-1.7496	
9.74	-1.381	0.8044	-0.751	-1.8316	
9.75	0.185	0.5173	-0.9287	-2.2339	
9.76	-0.6714	0.1225	-1.007	-2.3353	
9.77	-1.3058	-0.3421	-1.3688	-2.0299	
9.78	0.3087	-0.8168	-1.4504	-2.2761	
9.79	-1.2047	-1.0139	-1.5697	-2.0306	
9.8	-0.7597	-0.9377	-1.6273	-2.1707	
9.81	0.1909	-0.4887	-1.9718	-1.9454	
9.82	-1.4271	0.0521	-2.2437	-1.6617	
9.83	0.0761	0.6083	-2.3597	-1.5429	
9.84	-0.1876	1.0425	-2.1684	-1.269	
9.85	-1.0943	1.3588	-2.573	-1.0077	
9.86	0.6865	1.4791	-2.4003	-0.8958	
9.87	-0.5262	1.0675	-2.5788	-0.5767	
9.88	-0.3356	0.6927	-2.5955	-0.3684	
9.89	1.0897	0.2306	-2.5873	-0.1478	
9.9	-0.6413	-0.06	-2.6757	0.0256	
9.91	0.677	-0.111	-2.9185	0.1411	
9.92	0.8921	0.1128	-3.0143	0.2086	
9.93	-0.3595	0.6173	-2.8065	0.271	
9.94	1.6976	1.3006	-2.5378	0.2189	
9.95	0.7062	1.8661	-2.7777	0.1591	
9.96	0.3474	2.3113	-2.7594	0.0478	
9.97	1.8849	2.2829	-2.7711	-0.098	
9.98	0.3826	2.0736	-2.4006	-0.2717	
9.99	1.2686	1.9397	-2.6116	-0.4431	
10.0	2.1738	1.2798	-2.1705	-0.6432	
10.01	0.3695	0.8821	-2.1825	-0.8739	
10.02	2.1505	0.6522	-2.1357	-0.9069	
10.03	1.4456	0.6562	-2.0873	-1.0283	
10.04	0.6401	0.9449	-1.6582	-1.3173	
10.05	2.6697	1.5388	-1.639	-1.2567	
10.06	0.9351	2.1368	-1.5923	-1.2399	
10.07	1.1583	2.8366	-1.4729	-1.3131	
10.08	2.089	2.7667	-1.4575	-1.1489	
10.09	0.4133	2.8146	-1.1777	-1.023	
10.1	1.9011	2.6818	-1.086	-0.867	
10.11	1.5908	1.9418	-1.0548	-0.5688	
10.12	0.2616	1.4833	-0.8878	-0.3443	
10.13	1.8169	1.1536	-0.8526	-0.1166	
10.14	0.7617	0.9699	-0.8579	0.1397	
10.15	0.4068	1.019	-0.8371	0.4124	
10.16	1.8589	1.5428	-0.7737	0.6681	
10.17	-0.1546	1.7864	-0.6936	0.8603	
10.18	0.7656	2.6717	-0.7366	0.9161	
10.19	1.1094	3.017	-0.8373	1.2222	
10.2	-0.6293	2.9677	-0.8239	1.2908	
10.21	1.0338	2.8438	-0.9223	1.1817	
10.22	0.0888	2.2003	-0.8218	1.2387	
10.23	-0.7551	1.4247	-1.0185	1.1139	
10.24	0.849	0.941	-0.9391	1.0379	
10.25	-0.7899	0.6816	-1.0115	1.0316	
10.26	-0.3375	0.6421	-1.2372	0.7668	
10.27	0.4934	0.7145	-1.2483	0.6344	
10.28	-1.2989	1.1586	-1.2607	0.4279	
10.29	0.1732	1.8161	-1.3894	0.2241	
10.3	-0.0964	2.0477	-1.5233	0.051	
10.31	-1.1432	2.3124	-1.6358	-0.0888	
10.32	0.5469	2.3056	-1.6861	-0.2184	
10.33	-0.6883	1.7284	-1.6516	-0.2739	
10.34	-0.6056	1.1231	-1.8206	-0.2781	
10.35	0.7592	0.5894	-1.8221	-0.2894	
10.36	-1.0455	0.1174	-1.6238	-0.1797	
10.37	0.2208	-0.1313	-1.7638	-0.0624	
10.38	0.61	-0.1244	-1.7749	0.0903	
10.39	-0.7952	0.1843	-1.5943	0.306	
10.4	1.0835	0.6528	-1.5179	0.5095	
10.41	0.2341	1.1443	-1.48	0.8386	
10.42	-0.1374	1.5143	-1.4619	0.9835	
10.43	1.6914	1.5893	-1.3438	1.187	
10.44	0.0124	1.1732	-1.1996	1.5119	
10.45	0.8939	0.8077	-1.1005	1.6265	
10.46	1.7056	0.2019	-1.0147	1.8412	
10.47	0.0956	-0.3347	-0.8568	2.1877	
10.48	1.6888	-0.7545	-0.6159	2.0949	
10.49	1.4489	-0.7563	-0.4374	2.0956	
10.5	0.6118	-0.6538	-0.3125	2.1822	
10.51	2.2445	-0.2503	-0.119	2.0577	
10.52	1.0544	0.2523	0.0823	1.7299	
10.53	1.2867	0.6641	0.2668	1.6683	
10.54	2.5996	0.9617	0.442	1.6992	
10.55	0.7506	0.947	0.6625	1.501	
10.56	2.2656	0.6802	0.87	1.1589	
10.57	2.247	0.1913	0.9553	1.0672	
10.58	0.7451	-0.376	1.1362	0.7504	
10.59	2.5871	-0.8207	1.3197	0.6154	
10.6	1.4978	-1.068	1.5522	0.464	
10.61	1.2185	-0.9962	1.6346	0.4118	
10.62	2.6967	-0.6326	1.6462	0.3245	
10.63	0.7632	-0.0919	1.9994	0.3751	
10.64	1.5626	0.463	1.8383	0.4008	
10.65	2.0822	0.8602	1.8854	0.5649	
10.66	0.284	1.1238	1.8584	0.6809	
10.67	1.9627	1.0148	2.1088	0.8652	
10.68	1.0208	0.6299	2.1756	1.0176	
10.69	0.1738	0.1852	2.2585	1.3744	
10.7	1.6915	-0.2592	2.1145	1.5953	
10.71	0.0937	-0.6076	1.9984	1.7341	
10.72	0.3999	-0.5749	1.8925	1.9107	
10.73	1.3562	-0.3681	1.9426	2.0691	
10.74	-0.604	0.0848	2.0722	2.1315	
10.75	0.6696	0.6981	1.9199	2.3482	
10.76	0.4607	1.2705	1.6209	2.3197	
10.77	-0.7926	1.6444	1.6855	2.4571	
10.78	0.946	1.5726	1.5242	2.3917	
10.79	-0.3937	1.6166	1.62	2.4611	
10.8	-0.4998	1.0926	1.4437	2.3653	
10.81	0.9259	0.6295	1.3262	2.0745	
10.82	-1.0554	0.2153	1.2212	1.7463	
10.83	0.0904	0.0455	1.1714	1.6715	
10.84	0.4066	0.1465	1.132	1.4944	
10.85	-1.1458	0.5259	1.042	1.3136	
10.86	0.7044	1.0412	1.0064	1.1187	
10.87	-0.078	1.7334	0.9535	0.7912	
10.88	-0.6441	2.2409	0.9637	0.7592	
10.89	1.1511	2.5415	0.9513	0.548	
10.9	-0.4387	2.3562	0.9841	0.5496	
10.91	0.277	2.0919	0.9774	0.5087	
10.92	1.2302	1.5134	1.0114	0.5441	
10.93	-0.445	0.977	1.0355	0.6184	
10.94	1.3573	0.7381	1.1459	0.6815	
10.95	0.9227	0.6258	1.0088	0.9029	
10.96	0.0559	0.7702	1.1858	0.9683	
10.97	1.9203	1.0717	1.3076	1.224	
10.98	0.7329	1.8304	1.3172	1.3649	
10.99	0.9046	2.3477	1.3609	1.7579	
11.0	2.3027	2.6827	1.6398	1.9864	
11.01	0.5622	2.7093	1.599	1.9279	
11.02	1.952	2.5593	1.7985	2.0328	
11.03	2.0195	1.7656	1.9038	2.0992	
11.04	0.8622	1.3181	1.8325	2.13	
11.05	2.9267	0.9907	2.2778	2.4837	
11.06	1.6834	0.6475	2.0119	2.3763	
11.07	1.305	0.5942	2.1257	2.0706	
11.08	2.7834	0.8176	2.3883	2.0276	
11.09	1.2624	1.235	2.3143	1.8549	
11.1	1.9631	1.5952	2.4708	1.7175	
11.11	2.4985	2.0451	2.5965	1.5457	
11.12	0.9584	2.2391	2.3866	1.2888	
11.13	2.555	2.119	2.4542	0.9844	
11.14	1.9798	1.7999	2.488	0.8415	
11.15	0.8614	1.2916	2.4167	0.553	
11.16	2.3931	0.6107	2.5151	0.3921	
11.17	0.9722	0.1551	2.4656	0.296	
11.18	1.1506	-0.0794	2.339	0.1795	
11.19	2.1954	-0.0372	2.1911	0.1453	
11.2	0.2642	0.2721	2.1976	0.1582	
11.21	1.6453	0.7609	2.2461	0.2103	
11.22	1.228	1.1605	1.898	0.3285	
11.23	-0.0729	1.4105	1.9037	0.4209	
11.24	1.5317	1.4322	1.7126	0.6519	
11.25	0.3597	1.0594	1.5065	0.7662	
11.26	0.0284	0.667	1.2628	0.9404	
11.27	1.4999	0.0527	1.2629	1.1247	
11.28	-0.4728	-0.5467	1.0519	1.3856	
11.29	0.4009	-0.9734	0.8927	1.4396	
11.3	0.8217	-1.0842	0.6249	1.5591	
11.31	-0.9405	-0.8473	0.499	1.6444	
11.32	0.7212	-0.4741	0.3024	1.8898	
11.33	-0.0017	-0.0189	0.1255	2.0069	
11.34	-0.7542	0.3873	-0.0329	1.6864	
11.35	1.0139	0.6097	-0.1826	1.8366	
11.36	-0.6102	0.4238	-0.302	1.5107	
11.37	-0.1174	0.1041	-0.4683	1.4815	
11.38	0.8993	-0.4751	-0.5174	1.0959	
11.39	-0.9162	-1.1018	-0.5866	1.0744	
11.4	0.7511	-1.3618	-0.7594	0.7289	
11.41	0.4542	-1.7904	-0.7864	0.4532	
11.42	-0.5572	-1.6958	-0.8021	0.2908	
11.43	1.2764	-1.2933	-0.822	0.0577	
11.44	0.1132	-0.8223	-0.9089	-0.1356	
11.45	0.2295	-0.419	-0.8001	-0.2952	
11.46	1.5971	-0.0428	-0.9227	-0.3948	
11.47	-0.0342	0.0634	-0.8015	-0.3965	
11.48	1.2619	-0.0984	-0.7569	-0.4304	
