0.01	0.1732	0.3556	0.9807	0.3143	
0.02	0.3304	0.6055	0.2589	0.5669	
0.03	0.5265	0.8883	-0.8748	0.7704	
0.04	0.7566	1.0644	-0.1828	1.0249	
0.05	0.8686	1.2503	1.1078	1.1185	
0.06	0.9785	1.1464	0.6703	1.2408	
0.07	1.1238	1.155	-0.5708	1.231	
0.08	1.2307	0.8351	-0.2797	1.2254	
0.09	1.3237	0.5886	1.0511	1.1782	
0.1	1.4838	0.3477	1.2477	0.9454	
0.11	1.4129	0.1184	-0.1644	0.7771	
0.12	1.5683	-0.1273	-0.3889	0.5099	
0.13	1.7929	-0.2905	0.9677	0.3362	
0.14	1.6857	-0.4648	1.475	0.1043	
0.15	1.7806	-0.4216	0.3002	-0.0641	
0.16	1.7577	-0.3431	-0.3301	-0.1895	
0.17	1.7252	-0.1742	0.839	-0.2333	
0.18	1.7401	0.0859	1.6891	-0.2281	
0.19	1.5355	0.4014	0.7435	-0.1658	
0.2	1.5865	0.757	-0.2465	-0.0253	
0.21	1.5411	1.1911	0.5966	0.1674	
0.22	1.6068	1.4002	1.8189	0.402	
0.23	1.2989	1.8164	1.2916	0.6663	
0.24	1.3268	1.8834	-0.0012	0.9435	
0.25	1.1306	2.0701	0.4031	1.2149	
0.26	1.2309	1.905	1.6052	1.5762	
0.27	1.0105	1.6152	1.7322	1.8831	
0.28	1.0078	1.4944	0.3353	1.9231	
0.29	0.8371	1.3125	0.2597	2.2839	
0.3	0.7797	1.1735	1.651	2.0357	
0.31	0.7954	0.8625	1.9845	2.0834	
0.32	0.6749	0.5615	0.6783	1.9256	
0.33	0.733	0.3508	0.1755	1.9662	
0.34	0.6604	0.2585	1.4506	1.8755	
0.35	0.626	0.2299	1.9858	1.3835	
0.36	0.6621	0.2962	1.1992	1.3542	
0.37	0.7259	0.4766	0.2157	1.0495	
0.38	0.7686	0.715	1.2253	0.9149	
0.39	0.682	0.9226	2.2916	0.6139	
0.4	0.7439	1.2341	1.5349	0.5008	
0.41	0.9439	1.777	0.3539	0.4309	
0.42	1.0473	1.9703	0.8329	0.4154	
0.43	1.1515	2.3184	1.9693	0.4919	
0.44	1.2212	2.5614	1.8498	0.5777	
0.45	1.1999	2.7179	0.553	0.7052	
0.46	1.4348	2.3038	0.597	0.8956	
0.47	1.6765	2.1723	1.9762	1.1559	
0.48	1.53	2.1108	2.0344	1.4838	
0.49	1.7816	1.7986	0.8729	1.8455	
0.5	2.0564	1.5697	0.4318	1.8194	
0.51	2.2537	1.3351	1.764	2.332	
0.52	2.433	1.1176	2.3923	2.5488	
0.53	2.5311	0.824	1.1167	2.3267	
0.54	2.5811	0.7135	0.3755	2.228	
0.55	2.3264	0.7003	1.304	2.5353	
0.56	2.5783	0.7796	2.1609	2.1908	
0.57	2.9488	0.9322	1.3765	2.1971	
0.58	2.566	1.032	0.4073	1.8652	
0.59	2.7098	1.5584	1.0726	1.7363	
0.6	3.0279	1.7163	2.1682	1.3534	
0.61	2.6914	2.053	1.7292	1.2501	
0.62	3.0887	2.2605	0.4491	0.9434	
0.63	2.7456	2.3808	0.7749	0.6667	
0.64	2.9327	2.725	2.0773	0.5032	
0.65	2.8064	2.5352	1.8417	0.3756	
0.66	2.7394	2.828	0.6032	0.3846	
0.67	2.5964	2.7053	0.4848	0.3652	
0.68	2.9727	2.4912	1.8537	0.501	
0.69	2.3881	2.0659	1.9903	0.5592	
0.7	2.268	1.9266	0.9286	0.7716	
0.71	2.2593	1.5498	0.2498	1.1003	
0.72	2.307	1.2616	1.3017	1.2252	
0.73	2.0815	1.1087	2.1373	1.4907	
0.74	1.7852	0.8853	1.0345	1.7708	
0.75	1.9269	0.9126	0.1404	1.7415	
0.76	1.5137	0.9286	0.988	2.0802	
0.77	1.5279	0.9857	2.1321	1.9284	
0.78	1.5086	1.1876	1.4177	2.1543	
0.79	1.2731	1.5707	0.1369	2.1916	
0.8	1.163	1.9446	0.5034	1.8994	
0.81	1.0672	2.3058	1.8015	1.5952	
0.82	0.9213	2.5591	1.5689	1.4381	
0.83	0.7952	2.5922	0.2057	1.1521	
0.84	0.6465	2.5978	0.1779	0.968	
0.85	0.568	2.846	1.6445	0.6592	
0.86	0.4782	2.5196	1.7397	0.4134	
0.87	0.466	2.7122	0.3567	0.1553	
0.88	0.4508	2.2132	-0.0931	-0.0328	
0.89	0.3996	1.9618	1.0204	-0.1577	
0.9	0.3609	1.7012	1.8258	-0.2036	
0.91	0.4221	1.5313	0.5917	-0.2233	
0.92	0.4145	1.2548	-0.279	-0.1226	
0.93	0.4122	0.9663	0.6796	0.0015	
0.94	0.5285	0.8719	1.7966	0.1658	
0.95	0.5951	0.8034	0.866	0.3696	
0.96	0.6149	0.7412	-0.3692	0.6699	
0.97	0.6247	1.0009	0.2078	0.7724	
0.98	0.6775	1.1942	1.3202	1.1273	
0.99	0.8294	1.3467	1.0102	1.3185	
1.0	0.9731	1.6506	-0.311	1.4961	
1.01	1.0315	2.1177	-0.1803	1.4127	
1.02	1.1205	2.4012	1.1306	1.4558	
1.03	1.19	2.5668	1.221	1.3541	
1.04	1.2416	2.5859	-0.1956	1.2955	
1.05	1.1243	2.8344	-0.5481	0.9662	
1.06	1.2292	2.6278	0.7301	0.873	
1.07	1.3985	2.293	1.1194	0.6066	
1.08	1.4276	2.2231	0.0052	0.277	
1.09	1.2931	1.977	-0.7371	-0.0059	
1.1	1.342	1.5427	0.3429	-0.2739	
1.11	1.4033	1.2549	1.3231	-0.4619	
1.12	1.3029	0.9553	0.2592	-0.6553	
1.13	1.256	0.6569	-0.8001	-0.8222	
1.14	1.0758	0.4561	-0.0928	-0.8002	
1.15	1.1571	0.3957	1.0139	-0.8177	
1.16	0.9652	0.3987	0.4631	-0.7558	
1.17	0.8229	0.5649	-0.8387	-0.5375	
1.18	0.8069	0.7563	-0.5038	-0.3999	
1.19	0.5875	0.9888	0.8284	-0.1453	
1.2	0.4348	1.1536	0.758	0.0822	
1.21	0.2846	1.6796	-0.6969	0.3455	
1.22	0.1428	1.8706	-0.7235	0.5827	
1.23	-0.033	2.0308	0.5061	0.7409	
1.24	-0.2163	2.2687	0.8401	0.9579	
1.25	-0.4057	2.321	-0.4534	0.9509	
1.26	-0.587	1.9132	-0.9124	0.945	
1.27	-0.6748	1.981	0.1682	0.9159	
1.28	-0.8677	1.5475	0.8512	0.7822	
1.29	-0.9984	1.272	-0.1833	0.6258	
1.3	-1.2934	1.1043	-1.0458	0.4404	
1.31	-1.3631	0.6931	-0.2304	0.2108	
1.32	-1.3953	0.362	0.9289	-0.0507	
1.33	-1.5927	0.1252	0.1404	-0.306	
1.34	-1.9243	-0.0552	-1.106	-0.5641	
1.35	-1.7847	-0.1411	-0.5966	-0.7989	
1.36	-2.0279	-0.1284	0.7216	-0.8903	
1.37	-1.8713	-0.0115	0.393	-0.9123	
1.38	-2.0776	0.1939	-0.8995	-1.0356	
1.39	-2.0551	0.4288	-0.8425	-0.9104	
1.4	-2.2213	0.6821	0.4758	-0.9136	
1.41	-1.9596	0.9554	0.6199	-0.6436	
1.42	-2.1546	1.3154	-0.6248	-0.4335	
1.43	-1.9089	1.4471	-0.9315	-0.2236	
1.44	-1.9099	1.6788	0.2258	0.0594	
1.45	-1.8484	1.5283	0.92	0.3196	
1.46	-1.694	1.5962	-0.293	0.5449	
1.47	-1.7803	1.1957	-1.0069	0.7618	
1.48	-1.7027	0.9951	-0.0479	0.9003	
1.49	-1.5763	0.7106	0.9651	1.1718	
1.5	-1.6156	0.4133	0.0792	1.0223	
1.51	-1.481	0.0782	-0.9583	1.1587	
1.52	-1.3822	-0.2399	-0.3531	1.0142	
1.53	-1.1793	-0.4896	0.8404	0.8996	
1.54	-1.221	-0.6673	0.4221	0.6635	
1.55	-1.0446	-0.6865	-0.8606	0.4384	
1.56	-1.0387	-0.67	-0.62	0.2431	
1.57	-0.9175	-0.5737	0.7728	-0.0084	
1.58	-1.0166	-0.4588	0.7683	-0.2325	
1.59	-0.9472	-0.1751	-0.5407	-0.4028	
1.6	-0.8587	0.1024	-0.6934	-0.506	
1.61	-0.7695	0.4255	0.6607	-0.5692	
1.62	-0.9179	0.7036	1.0939	-0.6502	
1.63	-0.9166	0.9169	-0.1356	-0.4859	
1.64	-0.9651	0.9967	-0.7904	-0.4154	
1.65	-0.924	1.004	0.3781	-0.1916	
1.66	-0.9748	0.8495	1.238	0.0501	
1.67	-1.0383	0.7636	0.303	0.3178	
1.68	-1.1983	0.462	-0.7498	0.6622	
1.69	-1.1734	0.1911	0.1798	0.8545	
1.7	-1.2456	-0.131	1.4243	1.2135	
1.71	-1.5683	-0.5145	0.8082	1.393	
1.72	-1.6853	-0.7296	-0.5222	1.4596	
1.73	-1.8011	-1.0555	-0.0329	1.8374	
1.74	-1.8064	-1.2053	1.3485	1.8502	
1.75	-2.1086	-1.1694	1.1926	1.8604	
1.76	-1.9447	-1.3838	-0.1503	1.8498	
1.77	-2.2406	-1.1584	-0.1786	1.6548	
1.78	-2.5449	-0.9459	1.3287	1.3354	
1.79	-2.6922	-0.7454	1.3587	1.1205	
1.8	-2.8163	-0.4129	0.2428	0.8711	
1.81	-2.5902	-0.1188	-0.2138	0.7288	
1.82	-2.4659	0.143	1.1138	0.5214	
1.83	-2.9188	0.3246	1.9011	0.3345	
1.84	-2.8491	0.4854	0.7592	0.2225	
1.85	-3.1315	0.4775	-0.1427	0.161	
1.86	-2.9812	0.4014	0.8626	0.1772	
1.87	-2.7878	0.2639	2.0743	0.2382	
1.88	-3.1204	0.0289	1.2591	0.393	
1.89	-2.7223	-0.2436	0.0356	0.6034	
1.9	-2.6315	-0.5636	0.72	0.8299	
1.91	-2.9971	-0.8819	2.0933	1.0162	
1.92	-2.9006	-1.1915	1.7722	1.4357	
1.93	-2.673	-1.4073	0.316	1.6975	
1.94	-2.5144	-1.5684	0.5279	1.7534	
1.95	-2.5876	-1.5654	1.978	1.9927	
1.96	-2.0961	-1.5314	2.1912	2.3938	
1.97	-2.1062	-1.3882	0.7162	2.6074	
1.98	-1.9153	-1.3157	0.4171	2.3005	
1.99	-1.748	-1.1195	1.6906	2.6961	
2.0	-1.6832	-0.7961	2.1945	2.4733	
2.01	-1.3316	-0.4517	1.2413	2.3895	
2.02	-1.4016	-0.2328	0.4016	2.1118	
2.03	-1.1534	0.0003	1.4396	1.8823	
2.04	-0.9887	0.1356	2.622	1.4919	
2.05	-0.7801	0.1595	1.6315	1.2887	
2.06	-0.7553	0.1255	0.6044	1.2508	
2.07	-0.6202	-0.0264	1.2303	0.8926	
2.08	-0.4745	-0.2318	2.747	0.8626	
2.09	-0.4053	-0.5883	2.2116	0.7224	
2.1	-0.3065	-0.8432	0.8411	0.758	
2.11	-0.2077	-1.1193	1.1125	0.7549	
2.12	-0.1712	-1.5221	2.3305	0.9924	
2.13	-0.1078	-1.7664	2.3069	1.1272	
2.14	-0.0887	-1.8486	1.1725	1.3193	
2.15	-0.0739	-1.9454	0.9795	1.5943	
2.16	-0.0684	-1.7253	2.1001	1.6646	
2.17	-0.0781	-1.674	2.9269	1.9034	
2.18	-0.1095	-1.4872	1.5374	2.4319	
2.19	-0.1477	-1.1262	0.827	2.6433	
2.2	-0.1892	-0.8623	2.1787	2.89	
2.21	-0.2242	-0.6006	2.8313	2.5997	
2.22	-0.289	-0.3884	1.7775	2.6166	
2.23	-0.346	-0.1267	0.8262	2.7296	
2.24	-0.4547	0.0146	1.6888	2.8581	
2.25	-0.4764	0.0702	2.892	2.5753	
2.26	-0.5358	0.0232	2.4213	2.3106	
2.27	-0.7278	-0.1076	1.092	1.8067	
2.28	-0.665	-0.3181	1.5427	1.8622	
2.29	-0.8659	-0.5602	3.078	1.5013	
2.3	-0.8025	-0.8647	2.3062	1.1351	
2.31	-0.8122	-1.1191	1.26	1.0204	
2.32	-0.8981	-1.4693	1.2039	0.8783	
2.33	-0.8879	-1.861	2.6097	0.6884	
2.34	-0.97	-1.9809	2.9079	0.6501	
2.35	-0.9824	-1.8596	1.4099	0.7265	
2.36	-0.9001	-1.9941	1.1392	0.8401	
2.37	-0.8294	-1.7559	2.1133	0.8989	
2.38	-0.8048	-1.6001	2.9687	1.1634	
2.39	-0.7883	-1.3105	1.638	1.4593	
2.4	-0.6874	-0.8966	1.066	1.6469	
2.41	-0.649	-0.5559	2.0633	1.8877	
2.42	-0.4828	-0.3212	2.6985	2.0202	
2.43	-0.3596	-0.0669	2.2665	2.0849	
2.44	-0.2458	0.0846	0.9021	2.2509	
2.45	-0.0855	0.1545	1.4726	2.2733	
2.46	0.0734	0.1112	3.0254	2.6257	
2.47	0.2585	-0.0196	2.4886	2.2461	
2.48	0.423	-0.2458	1.117	1.9597	
2.49	0.5288	-0.5317	1.1914	1.9914	
2.5	0.7673	-0.7684	2.3803	1.7929	
2.51	0.9294	-1.174	2.7486	1.4257	
2.52	1.133	-1.4616	1.3139	1.2533	
2.53	1.3482	-1.5449	1.0279	0.7885	
2.54	1.3736	-1.6946	2.1696	0.555	
2.55	1.7218	-1.9171	2.9192	0.3647	
2.56	1.6841	-1.5959	1.385	0.1398	
2.57	1.9086	-1.4046	0.7967	0.0245	
2.58	1.806	-1.3762	1.9341	-0.0393	
2.59	2.0007	-1.1346	2.8241	-0.0325	
2.6	2.2287	-0.6952	1.6567	0.0343	
2.61	2.4069	-0.4001	0.6477	0.1538	
2.62	2.3318	-0.1048	1.4363	0.331	
2.63	2.4676	0.1194	2.3216	0.5406	
2.64	2.5591	0.2724	1.8557	0.782	
2.65	2.5749	0.391	0.6137	1.0598	
2.66	2.5979	0.2954	0.9944	1.209	
2.67	2.2147	0.2234	2.0486	1.2318	
2.68	2.424	-0.0	2.2446	1.5302	
2.69	2.1452	-0.267	0.662	1.5469	
2.7	2.3885	-0.6093	0.5062	1.5484	
2.71	1.9702	-0.7905	2.0413	1.3822	
2.72	2.1339	-1.0648	2.2659	1.2321	
2.73	2.111	-1.448	0.8368	0.9912	
2.74	2.0252	-1.3624	0.2719	0.7025	
2.75	1.7389	-1.5108	1.4121	0.4697	
2.76	1.8034	-1.4918	1.9546	0.1323	
2.77	1.6891	-1.4123	0.9286	-0.1557	
2.78	1.5631	-1.137	0.0494	-0.4257	
2.79	1.4215	-0.7472	0.8635	-0.7004	
2.8	1.3704	-0.4861	1.799	-0.788	
2.81	1.3242	-0.1309	1.1522	-0.9511	
2.82	1.0489	0.1464	-0.0467	-0.9748	
2.83	1.1049	0.4184	0.5071	-1.1252	
2.84	0.9353	0.5884	1.8113	-0.9941	
2.85	0.907	0.6449	1.3176	-0.8233	
2.86	0.9082	0.6392	-0.0392	-0.709	
2.87	0.9931	0.4297	0.0398	-0.4554	
2.88	0.9229	0.2867	1.3569	-0.2439	
2.89	0.9933	0.0038	1.5513	-0.0375	
2.9	0.9715	-0.2777	0.0675	0.1524	
2.91	1.185	-0.6334	-0.3068	0.3307	
2.92	1.0785	-0.7748	0.9321	0.4108	
2.93	1.1676	-0.9706	1.5366	0.5272	
2.94	1.3802	-1.1249	0.2296	0.4675	
2.95	1.2659	-1.259	-0.5349	0.4287	
2.96	1.3648	-1.2229	0.4644	0.2612	
2.97	1.5046	-1.0147	1.2939	0.0513	
2.98	1.8454	-0.7867	0.4492	-0.1829	
2.99	1.9969	-0.539	-0.6913	-0.4797	
3.0	2.0263	-0.2041	-0.0115	-0.8238	
3.01	2.2708	0.0982	1.158	-1.1175	
3.02	2.1932	0.4084	0.6431	-1.2896	
3.03	2.5108	0.6041	-0.736	-1.5269	
3.04	2.159	0.7952	-0.4214	-1.7442	
3.05	2.3502	0.8437	0.869	-1.8016	
3.06	2.6034	0.8731	0.7153	-2.0288	
3.07	2.3907	0.6699	-0.5959	-1.757	
3.08	2.4289	0.5134	-0.8354	-1.6874	
3.09	2.9166	0.236	0.5202	-1.6925	
3.1	2.9097	-0.0717	0.8659	-1.5026	
3.11	2.875	-0.3638	-0.46	-1.1554	
3.12	2.9089	-0.622	-0.9576	-0.9231	
3.13	2.7586	-0.8127	0.0891	-0.6146	
3.14	2.6964	-1.089	0.878	-0.3977	
3.15	2.8928	-0.9786	-0.1947	-0.2288	
3.16	2.3511	-1.1042	-1.252	-0.1113	
3.17	2.3423	-0.862	-0.3423	-0.0322	
3.18	2.3722	-0.5857	0.7142	-0.0157	
3.19	2.3368	-0.3588	0.0674	-0.0731	
3.2	2.3127	-0.0514	-1.1095	-0.2054	
3.21	1.8332	0.2771	-0.6743	-0.3965	
3.22	1.6795	0.5042	0.5246	-0.5607	
3.23	1.689	0.8139	0.2932	-0.8137	
3.24	1.6149	0.9716	-1.0979	-1.025	
3.25	1.4203	0.9844	-0.9831	-1.2254	
3.26	1.2459	1.0044	0.31	-1.6049	
3.27	1.0956	0.808	0.4842	-1.8609	
3.28	0.8975	0.595	-0.8912	-1.8063	
3.29	0.7746	0.3138	-1.2441	-1.8232	
3.3	0.514	0.0238	-0.0404	-2.1417	
3.31	0.4311	-0.2911	0.6043	-1.7576	
3.32	0.3127	-0.5711	-0.5549	-1.649	
3.33	0.1808	-0.8468	-1.3493	-1.6694	
3.34	0.0656	-0.9244	-0.3763	-1.4119	
3.35	-0.03	-0.9423	0.5938	-1.1153	
3.36	-0.1036	-0.9963	-0.1851	-0.9373	
3.37	-0.1901	-0.8162	-1.2379	-0.5643	
3.38	-0.2408	-0.6169	-0.7037	-0.3441	
3.39	-0.248	-0.3005	0.5439	-0.1497	
3.4	-0.2944	-0.0207	0.1126	0.0067	
3.41	-0.2929	0.2813	-1.254	0.117	
3.42	-0.268	0.5692	-0.9321	0.1569	
3.43	-0.2916	0.8081	0.3343	0.1069	
3.44	-0.2579	0.8467	0.4065	0.0193	
3.45	-0.2106	0.889	-0.8752	-0.1405	
3.46	-0.133	0.8584	-1.0711	-0.3507	
3.47	-0.0875	0.7498	0.1374	-0.5837	
3.48	-0.0229	0.5992	0.6528	-0.8405	
3.49	0.0495	0.2902	-0.5499	-0.9832	
3.5	0.1216	-0.0107	-1.1908	-1.3381	
3.51	0.1856	-0.3332	-0.1307	-1.5468	
3.52	0.2611	-0.5951	0.7187	-1.6205	
3.53	0.2991	-0.9074	-0.175	-1.638	
3.54	0.3758	-1.0236	-1.1976	-1.6233	
3.55	0.4171	-1.0458	-0.3951	-1.3632	
3.56	0.4833	-0.9543	0.7309	-1.4224	
3.57	0.5433	-0.8132	0.2234	-1.075	
3.58	0.5992	-0.752	-1.028	-0.8836	
3.59	0.5731	-0.445	-0.6881	-0.6516	
3.6	0.5027	-0.1272	0.7187	-0.3896	
3.61	0.5021	0.1619	0.5576	-0.0826	
3.62	0.4587	0.422	-0.7405	0.1682	
3.63	0.4713	0.6944	-0.7869	0.431	
3.64	0.3967	0.858	0.5669	0.5192	
3.65	0.3124	0.8499	0.8893	0.714	
3.66	0.2224	0.7544	-0.3981	0.7807	
3.67	0.1073	0.6045	-0.8469	0.7129	
3.68	-0.0092	0.4336	0.3398	0.6512	
3.69	-0.1509	0.145	1.116	0.4583	
3.7	-0.2732	-0.1767	0.057	0.2725	
3.71	-0.3965	-0.4599	-0.7947	0.0376	
3.72	-0.6275	-0.8025	0.1102	-0.2085	
3.73	-0.816	-1.1057	1.2517	-0.4467	
3.74	-0.9295	-1.2425	0.5151	-0.6567	
3.75	-1.0671	-1.3574	-0.6729	-0.8653	
3.76	-1.2517	-1.1402	-0.1256	-0.9654	
3.77	-1.3457	-1.1473	1.2932	-0.9638	
3.78	-1.5878	-0.8711	0.8709	-1.0901	
3.79	-1.8535	-0.6465	-0.4019	-0.9862	
3.8	-2.0318	-0.3453	-0.2962	-0.742	
3.81	-2.0079	-0.0293	1.0159	-0.5786	
3.82	-2.1091	0.262	1.23	-0.3635	
3.83	-2.3586	0.4957	-0.0512	-0.093	
3.84	-2.4634	0.6445	-0.3902	0.1761	
3.85	-2.2546	0.6644	0.8328	0.486	
3.86	-2.378	0.6335	1.3993	0.6695	
3.87	-2.6225	0.4725	0.3622	0.9412	
3.88	-2.4013	0.2236	-0.3963	1.0045	
3.89	-2.38	-0.0774	0.6098	1.1607	
3.9	-2.581	-0.4055	1.5645	1.2121	
3.91	-2.5728	-0.7001	0.7638	1.0417	
3.92	-2.7779	-0.9317	-0.2802	0.9443	
3.93	-2.3004	-1.2813	0.3998	0.8076	
3.94	-2.295	-1.4912	1.6317	0.6717	
3.95	-2.193	-1.4632	1.1116	0.4235	
3.96	-2.4394	-1.3581	-0.0696	0.1504	
3.97	-2.1385	-1.2547	0.1949	-0.0863	
3.98	-2.0408	-1.0625	1.6929	-0.3081	
3.99	-2.209	-0.8563	1.6225	-0.4637	
4.0	-1.828	-0.5958	0.2385	-0.6679	
4.01	-1.9979	-0.2322	0.0456	-0.7811	
4.02	-1.7645	0.0155	1.38	-0.7042	
4.03	-1.749	0.248	1.9239	-0.6708	
4.04	-1.6119	0.3587	0.5842	-0.569	
4.05	-1.3106	0.4522	-0.0388	-0.3977	
4.06	-1.4257	0.3615	1.1771	-0.206	
4.07	-1.297	0.246	1.8546	0.0243	
4.08	-1.2358	-0.0001	1.0483	0.2755	
4.09	-1.0302	-0.2618	-0.0291	0.5258	
4.1	-1.1114	-0.5907	0.7408	0.7098	
4.11	-0.985	-0.9734	1.8832	0.9436	
4.12	-0.9381	-1.2394	1.265	1.0087	
4.13	-1.0254	-1.4385	0.0862	1.2324	
4.14	-1.0359	-1.4437	0.482	1.1622	
4.15	-1.1217	-1.8304	1.743	1.0538	
4.16	-1.1011	-1.656	1.5611	0.9424	
4.17	-1.0693	-1.53	0.3078	0.6694	
4.18	-1.0774	-1.2763	0.2761	0.4925	
4.19	-1.1965	-1.1086	1.4945	0.2181	
4.2	-1.4355	-0.6602	1.9083	-0.0661	
4.21	-1.5368	-0.4284	0.5591	-0.3634	
4.22	-1.4718	-0.1657	0.0729	-0.6018	
4.23	-1.7451	0.0708	1.4115	-0.8705	
4.24	-1.8153	0.2138	1.7818	-0.9268	
4.25	-1.7705	0.2626	0.8211	-1.0948	
4.26	-1.8214	0.235	-0.0214	-1.0787	
4.27	-2.1566	0.0849	0.9296	-1.1914	
4.28	-2.3003	-0.1238	2.0249	-0.972	
4.29	-2.1289	-0.4113	1.1178	-0.9034	
4.3	-2.158	-0.6971	-0.031	-0.6336	
4.31	-2.5134	-1.0211	0.5396	-0.4415	
4.32	-2.5473	-1.3613	1.7672	-0.2509	
4.33	-2.6158	-1.5739	1.4777	-0.0153	
4.34	-2.6635	-1.7688	0.0553	0.1908	
4.35	-2.4377	-1.6915	0.2023	0.3534	
4.36	-2.5172	-1.5674	1.5685	0.4397	
4.37	-2.4673	-1.6282	1.4566	0.5111	
4.38	-2.6424	-1.389	0.2168	0.5124	
4.39	-2.4	-1.0172	-0.1067	0.424	
4.4	-2.3484	-0.7144	1.1852	0.217	
4.41	-2.4558	-0.4501	1.7217	0.027	
4.42	-2.0961	-0.1807	0.4111	-0.2302	
4.43	-1.9298	0.0461	-0.3294	-0.5383	
4.44	-1.997	0.2142	0.7184	-0.7386	
4.45	-1.9394	0.2758	1.4615	-1.1567	
4.46	-1.5757	0.2439	0.6151	-1.2938	
4.47	-1.4109	0.1125	-0.4477	-1.5843	
4.48	-1.3803	-0.1097	0.2612	-1.6342	
4.49	-1.148	-0.3646	1.3822	-1.9641	
4.5	-1.1555	-0.6524	0.9416	-2.0387	
4.51	-0.9332	-0.9945	-0.4595	-1.8917	
4.52	-0.7249	-1.2839	-0.1627	-1.7292	
4.53	-0.5424	-1.4662	1.0997	-1.8295	
4.54	-0.4225	-1.5688	1.0763	-1.4371	
4.55	-0.2391	-1.8283	-0.4175	-1.3448	
4.56	-0.0872	-1.7193	-0.5106	-1.1838	
4.57	0.0545	-1.3624	0.804	-0.88	
4.58	0.1908	-1.3526	1.022	-0.614	
4.59	0.3071	-0.975	-0.2521	-0.4802	
4.6	0.4271	-0.6217	-0.8408	-0.4545	
4.61	0.448	-0.3357	0.2756	-0.349	
4.62	0.5545	-0.0252	1.0968	-0.3927	
4.63	0.6333	0.2135	-0.0674	-0.5045	
4.64	0.6556	0.3677	-1.0946	-0.6841	
4.65	0.6257	0.4679	-0.1866	-0.8494	
4.66	0.6423	0.4661	0.8312	-1.1062	
4.67	0.6618	0.3371	0.1025	-1.2817	
4.68	0.6148	0.1173	-1.1963	-1.7964	
4.69	0.6037	-0.145	-0.6894	-1.9631	
4.7	0.5637	-0.4167	0.5458	-2.061	
4.71	0.5975	-0.6888	0.2387	-2.3437	
4.72	0.5046	-1.0222	-1.0443	-2.6749	
4.73	0.4302	-1.2091	-1.1971	-2.6249	
4.74	0.334	-1.4125	0.2062	-2.4601	
4.75	0.2794	-1.4942	0.3162	-2.583	
4.76	0.2121	-1.2527	-1.0105	-2.3409	
4.77	0.1315	-1.0836	-1.3229	-2.6015	
4.78	0.0746	-1.031	-0.2513	-2.3662	
4.79	0.0097	-0.6765	0.3424	-2.0154	
4.8	-0.0422	-0.2995	-0.7888	-1.6366	
4.81	-0.0956	0.0088	-1.6659	-1.5492	
4.82	-0.1196	0.3239	-0.7991	-1.3525	
4.83	-0.1556	0.6107	0.1976	-1.0629	
4.84	-0.1755	0.7112	-0.6224	-0.9621	
4.85	-0.1666	0.8941	-1.7518	-0.8644	
4.86	-0.1747	0.8766	-1.2158	-1.0212	
4.87	-0.128	0.6406	-0.0235	-1.019	
4.88	-0.0809	0.5044	-0.5514	-1.235	
4.89	-0.0272	0.2286	-1.8469	-1.2039	
4.9	0.0434	-0.037	-1.5623	-1.4148	
4.91	0.136	-0.2912	-0.3304	-1.7709	
4.92	0.2443	-0.6228	-0.3949	-1.9537	
4.93	0.3847	-0.7294	-1.9067	-2.4252	
4.94	0.4459	-0.8337	-2.2127	-2.7891	
4.95	0.6438	-0.9331	-0.748	-2.7365	
4.96	0.833	-0.8724	-0.2925	-2.7852	
4.97	0.8998	-0.7639	-1.5385	-3.0492	
4.98	1.0569	-0.4648	-2.4625	-2.9869	
4.99	1.2378	-0.1932	-1.2234	-3.0388	
5.0	1.4804	0.1425	-0.3403	-2.9578	
5.01	1.4019	0.4661	-1.3741	-2.6496	
5.02	1.6594	0.7696	-2.4513	-2.5501	
5.03	1.6969	0.9984	-1.7509	-1.975	
5.04	2.0029	1.2631	-0.5109	-1.8763	
5.05	2.1593	1.3816	-1.0404	-1.6525	
5.06	2.4289	1.3362	-2.6139	-1.3724	
5.07	2.255	1.2006	-2.0979	-1.0707	
5.08	2.5603	0.9927	-0.7275	-0.9364	
5.09	2.4791	0.7573	-0.8989	-0.879	
5.1	2.7722	0.4845	-2.2085	-0.7783	
5.11	2.5664	0.22	-2.2808	-0.825	
5.12	2.751	-0.0459	-1.0379	-0.8723	
5.13	2.78	-0.2693	-0.7842	-1.1864	
5.14	2.5958	-0.3546	-1.8819	-1.4254	
5.15	2.8069	-0.3832	-2.7929	-1.3825	
5.16	2.6919	-0.3528	-1.2239	-1.8321	
5.17	2.7728	-0.1866	-0.6048	-1.7935	
5.18	2.5576	0.066	-1.6859	-2.2535	
5.19	2.6459	0.3635	-2.6705	-2.1445	
5.2	2.7365	0.7579	-1.7681	-2.506	
5.21	2.3694	0.9805	-0.7154	-2.5667	
5.22	2.3352	1.4001	-1.4068	-2.6669	
5.23	2.212	1.5619	-2.6254	-2.297	
5.24	2.3152	1.8842	-1.8667	-2.3956	
5.25	1.9867	1.6949	-0.7666	-1.8653	
5.26	1.8065	1.8011	-1.1256	-1.8973	
5.27	1.6626	1.7885	-2.293	-1.4902	
5.28	1.825	1.5977	-2.2133	-1.0775	
5.29	1.5017	1.3615	-0.9658	-0.8338	
5.3	1.3138	1.068	-0.8547	-0.6858	
5.31	1.2444	0.6773	-2.1389	-0.3977	
5.32	1.3703	0.5068	-2.7052	-0.1997	
5.33	1.2654	0.3127	-1.2998	-0.1007	
5.34	1.0179	0.1558	-0.6294	-0.0512	
5.35	1.0487	0.1399	-1.7339	-0.0789	
5.36	1.0851	0.1962	-2.7958	-0.147	
5.37	1.0046	0.318	-1.538	-0.2998	
5.38	1.0175	0.6154	-0.6041	-0.4912	
5.39	0.8996	0.81	-1.4855	-0.6216	
5.4	1.0107	1.2533	-2.2864	-0.9708	
5.41	1.0565	1.5763	-1.8168	-1.0305	
5.42	1.0021	1.953	-0.5081	-1.4048	
5.43	0.9916	2.0605	-1.16	-1.588	
5.44	1.122	2.3668	-2.4625	-1.6414	
5.45	1.2166	2.4542	-1.8198	-1.653	
5.46	1.3403	2.4616	-0.6909	-1.5981	
5.47	1.2732	2.053	-0.6521	-1.5716	
5.48	1.5836	1.8617	-2.0067	-1.2565	
5.49	1.5691	1.8687	-2.1501	-1.1632	
5.5	1.505	1.558	-0.7542	-0.765	
5.51	1.8114	1.2892	-0.4157	-0.5457	
5.52	1.7651	0.9721	-1.6397	-0.2056	
5.53	1.8968	0.7173	-2.2582	0.0674	
5.54	2.0097	0.5495	-0.9971	0.3591	
5.55	2.1152	0.5753	-0.1982	0.5311	
5.56	2.0766	0.5882	-1.1761	0.6995	
5.57	2.3335	0.7246	-2.0881	0.9307	
5.58	2.4059	1.0194	-1.125	0.8808	
5.59	2.3364	1.2654	-0.1062	0.8087	
5.6	2.3465	1.4425	-0.7177	0.7075	
5.61	2.4727	1.9473	-2.1067	0.6737	
5.62	2.3041	2.414	-1.4143	0.4211	
5.63	2.1409	2.4669	-0.1072	0.2445	
5.64	2.0136	2.8612	-0.3262	0.0058	
5.65	2.0777	2.7057	-1.5693	-0.2231	
5.66	2.1277	2.7272	-1.5547	-0.4372	
5.67	1.9151	2.4858	-0.2221	-0.6286	
5.68	1.7162	2.2221	0.0076	-0.7285	
5.69	1.5226	1.973	-1.2526	-0.7656	
5.7	1.417	1.7618	-1.6213	-0.7244	
5.71	1.4401	1.5084	-0.4149	-0.6122	
5.72	1.1274	1.2433	0.2627	-0.4353	
5.73	1.0803	0.9874	-0.7916	-0.2802	
5.74	0.8539	0.833	-1.5603	-0.0328	
5.75	0.7543	0.7802	-0.6621	0.2453	
5.76	0.5542	0.728	0.4314	0.5009	
5.77	0.3868	0.8571	-0.3549	0.8357	
5.78	0.1837	1.1329	-1.5632	0.9795	
5.79	0.0187	1.3498	-0.8193	1.3351	
5.8	-0.1535	1.5766	0.4264	1.3073	
5.81	-0.3117	2.1146	0.0336	1.4292	
5.82	-0.4494	2.2532	-1.2077	1.5141	
5.83	-0.5824	2.783	-1.1215	1.4904	
5.84	-0.7391	2.7985	0.3851	1.3808	
5.85	-0.8363	2.9104	0.4245	1.2159	
5.86	-0.9455	2.7507	-0.9028	1.0137	
5.87	-0.9662	2.7076	-1.0686	0.7778	
5.88	-0.9418	2.3047	0.1857	0.4796	
5.89	-1.1271	2.1947	0.7291	0.2394	
5.9	-0.9889	1.7195	-0.561	-0.0047	
5.91	-1.1793	1.5146	-1.2695	-0.1925	
5.92	-1.0307	1.2044	-0.0551	-0.3019	
5.93	-0.9895	1.0229	0.765	-0.3793	
5.94	-0.9393	0.8194	-0.1269	-0.3953	
5.95	-1.0213	0.7669	-1.0673	-0.3559	
5.96	-0.87	0.7867	-0.3194	-0.2431	
5.97	-0.9578	0.8052	0.8802	-0.0511	
5.98	-0.9057	0.9542	0.267	0.1655	
5.99	-0.7409	1.318	-0.9583	0.4449	
6.0	-0.7463	1.4815	-0.5272	0.7174	
6.01	-0.6329	1.9252	0.6908	1.0052	
6.02	-0.4976	2.0193	0.5976	1.0772	
6.03	-0.4579	2.6264	-0.6686	1.3975	
6.04	-0.3836	2.7429	-0.7552	1.3595	
6.05	-0.3544	2.3592	0.5584	1.6198	
6.06	-0.2574	2.3075	0.8322	1.6355	
6.07	-0.2198	2.1399	-0.397	1.5363	
6.08	-0.2172	2.1575	-0.8972	1.2145	
6.09	-0.1685	2.0142	0.286	1.1515	
6.1	-0.1874	1.4407	0.9211	0.8022	
6.11	-0.1875	1.2159	-0.0762	0.6097	
6.12	-0.1959	0.8983	-0.9381	0.3069	
6.13	-0.2652	0.6881	-0.0588	0.0261	
6.14	-0.2926	0.4194	1.0789	-0.2182	
6.15	-0.394	0.339	0.2381	-0.4282	
6.16	-0.4338	0.392	-1.0254	-0.6442	
6.17	-0.5159	0.5049	-0.3993	-0.7309	
6.18	-0.664	0.6754	0.9509	-0.684	
6.19	-0.8209	1.0086	0.5449	-0.6857	
6.2	-0.8529	1.2846	-0.854	-0.5411	
6.21	-1.0135	1.5232	-0.6813	-0.4283	
6.22	-1.1948	1.5789	0.6929	-0.2046	
6.23	-1.3303	1.8303	0.8175	0.0211	
6.24	-1.3932	2.0542	-0.6367	0.2333	
6.25	-1.684	2.0235	-1.0168	0.4777	
6.26	-1.8831	2.0914	0.3097	0.74	
6.27	-1.9242	1.9857	0.9073	0.8675	
6.28	-2.0847	1.763	-0.3207	0.9114	
6.29	-2.3268	1.2323	-1.1398	0.9839	
6.3	-2.1327	0.9475	-0.085	1.0668	
6.31	-2.2532	0.6441	0.841	0.9225	
6.32	-2.5439	0.3422	-0.0753	0.6958	
6.33	-2.6255	0.0828	-1.1668	0.5744	
6.34	-3.0139	-0.0956	-0.4558	0.3135	
6.35	-2.828	-0.2018	0.6775	0.0269	
6.36	-3.081	-0.1775	0.1669	-0.2583	
6.37	-3.1574	-0.0939	-1.1736	-0.5774	
6.38	-2.6613	0.0789	-0.823	-0.8135	
6.39	-2.6784	0.305	0.4441	-0.9642	
6.4	-2.7074	0.5617	0.3403	-1.1807	
6.41	-2.7418	0.8769	-1.0864	-1.165	
6.42	-2.7904	1.0118	-1.1169	-1.3161	
6.43	-2.7309	1.2882	0.0579	-1.2963	
6.44	-2.5573	1.3371	0.4525	-1.0761	
6.45	-2.3852	1.4702	-0.8478	-0.9042	
6.46	-2.461	1.3273	-1.5845	-0.8403	
6.47	-2.1714	1.1433	-0.3651	-0.5098	
6.48	-2.4877	0.9143	0.3746	-0.3224	
6.49	-2.1808	0.7005	-0.6035	-0.0691	
6.5	-2.1011	0.3273	-1.7069	0.1582	
6.51	-1.9639	-0.0371	-0.7727	0.3006	
6.52	-1.5976	-0.3314	0.2798	0.398	
6.53	-1.7611	-0.6632	-0.3981	0.529	
6.54	-1.4214	-0.7606	-1.5822	0.4614	
6.55	-1.2735	-0.8359	-1.3566	0.3735	
6.56	-1.337	-0.938	0.0023	0.2487	
6.57	-1.1013	-0.7767	-0.2506	0.0775	
6.58	-1.1053	-0.6938	-1.7859	-0.1754	
6.59	-1.0461	-0.4404	-1.701	-0.3902	
6.6	-0.9736	-0.1477	-0.3815	-0.6671	
6.61	-0.9296	0.1117	-0.144	-0.8848	
6.62	-0.8446	0.3525	-1.4247	-1.1765	
6.63	-0.8805	0.5767	-2.0302	-1.4318	
6.64	-0.7756	0.6582	-0.7394	-1.4732	
6.65	-0.7751	0.6574	-0.1359	-1.5993	
6.66	-0.8518	0.6526	-1.3766	-1.5358	
6.67	-0.8181	0.5005	-2.1369	-1.5604	
6.68	-0.9006	0.1894	-1.2321	-1.4482	
6.69	-0.9818	-0.1034	-0.266	-1.1881	
6.7	-0.9613	-0.4808	-1.1053	-1.049	
6.71	-1.1674	-0.751	-2.1504	-0.7237	
6.72	-1.0739	-1.0285	-1.5801	-0.5328	
6.73	-1.1496	-1.5147	-0.5035	-0.2301	
6.74	-1.2147	-1.5051	-0.8547	0.0069	
6.75	-1.3103	-1.8187	-2.2354	0.1868	
6.76	-1.5826	-1.551	-2.0911	0.3693	
6.77	-1.5495	-1.4361	-0.7913	0.4359	
6.78	-1.7616	-1.4858	-0.7868	0.4366	
6.79	-1.8974	-1.1736	-1.9063	0.3996	
6.8	-1.7614	-0.9076	-2.5049	0.2546	
6.81	-1.8221	-0.6687	-1.0728	0.0947	
6.82	-2.078	-0.3524	-0.7115	-0.0955	
6.83	-1.7815	-0.1569	-1.7609	-0.3192	
6.84	-2.1415	-0.05	-2.7245	-0.6402	
6.85	-1.8851	-0.0184	-1.6771	-0.7769	
6.86	-1.9339	-0.0827	-0.7235	-0.9794	
6.87	-1.7868	-0.2535	-1.6667	-1.2356	
6.88	-1.9709	-0.4691	-2.9124	-1.3305	
6.89	-1.7519	-0.8446	-1.967	-1.2823	
6.9	-1.6663	-1.2309	-0.7982	-1.2723	
6.91	-1.7672	-1.3739	-1.2975	-1.1133	
6.92	-1.429	-1.7041	-2.5925	-0.9971	
6.93	-1.3774	-1.9982	-2.2857	-0.8469	
6.94	-1.2649	-2.3819	-0.9748	-0.5919	
6.95	-1.2891	-2.1862	-1.1687	-0.3489	
6.96	-1.0199	-2.1468	-2.7034	-0.0436	
6.97	-0.8038	-2.3777	-2.67	0.2313	
6.98	-0.7491	-1.9803	-1.2991	0.4967	
6.99	-0.4977	-1.8578	-1.0092	0.7728	
7.0	-0.3193	-1.5347	-2.1762	0.8265	
7.01	-0.1449	-1.1534	-2.5701	0.8963	
7.02	0.0222	-0.9933	-1.5692	1.0971	
7.03	0.1987	-0.8031	-0.939	0.962	
7.04	0.3455	-0.6152	-1.8644	0.9184	
7.05	0.5463	-0.5509	-2.8585	0.799	
7.06	0.6306	-0.6035	-2.1252	0.6233	
7.07	0.8584	-0.7828	-0.9006	0.3854	
7.08	1.0039	-1.0025	-1.7356	0.1342	
7.09	1.0526	-1.2268	-2.5719	-0.0751	
7.1	1.1665	-1.7897	-2.1593	-0.247	
7.11	1.3595	-1.7844	-1.0075	-0.4113	
7.12	1.2138	-2.2622	-1.2414	-0.4595	
7.13	1.4559	-2.3005	-2.7842	-0.5491	
7.14	1.5672	-2.7606	-2.7409	-0.5031	
7.15	1.3577	-2.9721	-1.2002	-0.4248	
7.16	1.3584	-2.9727	-0.9786	-0.2266	
7.17	1.5151	-2.8213	-2.4011	0.0087	
7.18	1.4689	-2.6536	-2.3976	0.253	
7.19	1.4036	-2.2697	-1.381	0.5772	
7.2	1.4174	-1.8411	-0.7282	0.8242	
7.21	1.2417	-1.5843	-1.7737	1.1413	
7.22	1.2633	-1.2978	-2.4189	1.4375	
7.23	1.0837	-1.0887	-1.658	1.7883	
7.24	1.0327	-0.8795	-0.6751	1.7196	
7.25	1.1524	-0.9503	-1.6226	1.8013	
7.26	0.8771	-1.0225	-2.4577	1.9406	
7.27	0.9166	-1.1094	-1.976	1.793	
7.28	0.7833	-1.318	-0.564	1.9842	
7.29	0.8115	-1.5787	-0.9797	1.7421	
7.3	0.6564	-1.8096	-2.4006	1.423	
7.31	0.6419	-2.0471	-1.8809	1.3927	
7.32	0.565	-2.3882	-0.7105	1.0516	
7.33	0.4764	-2.7407	-0.6869	0.8515	
7.34	0.5336	-2.7474	-1.9124	0.7048	
7.35	0.5178	-3.2087	-2.3496	0.5916	
7.36	0.4853	-2.6307	-0.8376	0.4392	
7.37	0.5303	-2.6845	-0.3769	0.4237	
7.38	0.5591	-2.6441	-1.6838	0.441	
7.39	0.5741	-2.3903	-1.9699	0.5036	
7.4	0.621	-1.9413	-1.0265	0.6885	
7.41	0.6997	-1.7186	-0.1586	0.8972	
7.42	0.8403	-1.3118	-1.1858	1.1273	
7.43	0.8357	-1.051	-1.9652	1.5119	
7.44	0.952	-1.0004	-1.3267	1.8541	
7.45	1.0923	-0.8722	-0.0377	1.8521	
7.46	1.3164	-1.001	-0.68	2.4475	
7.47	1.3432	-1.104	-1.9551	2.74	
7.48	1.5842	-1.2429	-1.3304	2.6437	
7.49	1.7281	-1.4889	-0.0263	2.7594	
7.5	1.8749	-1.6352	-0.1697	2.6879	
7.51	2.0569	-2.0345	-1.554	2.6153	
7.52	2.2329	-2.2905	-1.5011	2.8406	
7.53	2.2263	-2.4002	-0.1062	2.4642	
7.54	2.248	-2.8345	0.2013	2.2762	
7.55	2.3365	-3.0772	-1.1172	1.8187	
7.56	2.5769	-2.5024	-1.5897	1.7567	
7.57	2.7833	-2.5056	-0.2441	1.5638	
7.58	2.6765	-2.4285	0.5109	1.2623	
7.59	3.1225	-1.9067	-0.6313	1.0316	
7.6	2.9326	-1.9031	-1.5391	1.0887	
7.61	3.2235	-1.3499	-0.4148	1.0024	
7.62	2.9339	-1.2162	0.6196	0.9131	
7.63	3.211	-0.8772	-0.0971	1.1264	
7.64	2.8273	-0.7808	-1.1945	1.2529	
7.65	3.1814	-0.5904	-0.5747	1.3603	
7.66	2.7239	-0.6145	0.7034	1.6399	
7.67	2.6717	-0.711	0.3502	1.7957	
7.68	2.5452	-0.954	-0.8978	2.0305	
7.69	2.7125	-1.1251	-0.8059	2.4335	
7.7	2.7363	-1.4556	0.5881	2.3433	
7.71	2.6611	-1.7272	0.7176	2.982	
7.72	2.2288	-1.8269	-0.4889	2.7718	
7.73	2.0348	-2.1839	-0.7552	2.9866	
7.74	2.2731	-2.2258	0.4938	2.7385	
7.75	1.8056	-2.27	0.9855	2.9926	
7.76	1.7306	-2.4663	-0.1057	2.5197	
7.77	1.7402	-2.1736	-0.8368	2.6138	
7.78	1.4414	-1.9089	0.2931	2.0996	
7.79	1.353	-1.7876	1.2342	1.9886	
7.8	1.335	-1.2549	0.3838	1.7205	
7.81	1.1976	-0.9841	-0.7108	1.5728	
7.82	1.1033	-0.6136	0.0833	1.1611	
7.83	0.8825	-0.3906	1.3201	1.0881	
7.84	0.791	-0.2549	0.7379	0.8639	
7.85	0.7692	-0.1276	-0.4816	0.7358	
7.86	0.7215	-0.1378	-0.1344	0.8197	
7.87	0.668	-0.2412	1.2239	0.8424	
7.88	0.6652	-0.4551	1.1027	0.8888	
7.89	0.6405	-0.5939	-0.1675	1.0618	
7.9	0.5593	-0.8907	-0.2914	1.2808	
7.91	0.5692	-1.2293	1.0723	1.6371	
7.92	0.5922	-1.3794	1.4899	1.7708	
7.93	0.6513	-1.5129	0.1854	2.0969	
7.94	0.6416	-1.8875	-0.3541	2.0392	
7.95	0.7812	-2.0111	0.8676	2.4767	
7.96	0.8334	-1.8299	1.6867	2.6439	
7.97	0.8312	-1.5514	0.591	2.6455	
7.98	0.8714	-1.4627	-0.3749	2.5398	
7.99	1.0131	-1.1338	0.5833	2.3865	
8.0	1.1661	-0.6817	1.6863	1.9805	
8.01	1.1789	-0.3693	1.0117	1.8928	
8.02	1.2265	-0.071	-0.2392	1.6019	
8.03	1.3789	0.2005	0.2617	1.5107	
8.04	1.3673	0.3953	1.606	1.0855	
8.05	1.5695	0.4416	1.2674	0.8506	
8.06	1.4953	0.4683	-0.0609	0.5696	
8.07	1.4745	0.4217	-0.0098	0.3381	
8.08	1.4605	0.2011	1.331	0.1595	
8.09	1.6655	-0.0291	1.6445	0.0532	
8.1	1.714	-0.3017	0.209	0.017	
8.11	1.7391	-0.5731	-0.1872	0.0465	
8.12	1.4421	-0.8891	1.0686	0.1415	
8.13	1.6587	-1.0489	1.7991	0.3172	
8.14	1.4915	-1.188	0.5409	0.5029	
8.15	1.257	-1.081	-0.3425	0.7228	
8.16	1.2732	-1.2423	0.6378	0.911	
8.17	1.2053	-0.8939	1.7411	1.1404	
8.18	0.9996	-0.75	0.7833	1.3257	
8.19	0.972	-0.4554	-0.3357	1.4974	
8.2	0.8563	-0.0977	0.3053	1.5041	
8.21	0.684	0.241	1.4881	1.6929	
8.22	0.5179	0.5954	1.1358	1.4364	
8.23	0.2788	0.7829	-0.2303	1.445	
8.24	0.1193	1.0969	-0.0286	1.2459	
8.25	-0.0551	1.093	1.2212	1.1656	
8.26	-0.2522	1.208	1.3644	0.8141	
8.27	-0.3994	1.0806	-0.0704	0.5267	
8.28	-0.5287	0.8275	-0.3285	0.2215	
8.29	-0.68	0.5971	0.9784	-0.0625	
8.3	-0.9613	0.2964	1.5189	-0.3268	
8.31	-0.9734	0.0301	0.1642	-0.4929	
8.32	-1.3123	-0.2474	-0.4963	-0.6786	
8.33	-1.2626	-0.4621	0.5802	-0.7941	
8.34	-1.6051	-0.5506	1.2722	-0.7335	
8.35	-1.6973	-0.5789	0.4141	-0.7864	
8.36	-1.65	-0.5549	-0.6559	-0.6889	
8.37	-1.7687	-0.3773	0.1442	-0.5361	
8.38	-1.8361	-0.1748	1.2105	-0.2915	
8.39	-1.9541	0.1216	0.655	-0.0668	
8.4	-1.6854	0.4563	-0.5948	0.1871	
8.41	-1.8464	0.7497	-0.271	0.3901	
8.42	-1.7634	1.0332	0.9519	0.5666	
8.43	-1.9499	1.4049	0.8876	0.8137	
8.44	-1.6416	1.5273	-0.4893	0.8091	
8.45	-1.805	1.6816	-0.6134	0.9189	
8.46	-1.6448	1.5017	0.6942	0.813	
8.47	-1.5993	1.6697	0.9327	0.7763	
8.48	-1.5732	1.3326	-0.3988	0.5917	
8.49	-1.4805	1.0124	-0.9008	0.4329	
8.5	-1.462	0.7881	0.2652	0.2008	
8.51	-1.2589	0.4712	0.9717	-0.0566	
8.52	-1.2327	0.2555	-0.135	-0.3416	
8.53	-1.1058	0.0258	-1.1395	-0.5475	
8.54	-1.0479	-0.1087	-0.1574	-0.7744	
8.55	-0.9263	-0.1679	0.9523	-1.0928	
8.56	-0.9876	-0.1025	0.0931	-1.1237	
8.57	-0.8964	0.0262	-1.0164	-1.3013	
8.58	-0.7889	0.2345	-0.5897	-1.3136	
8.59	-0.8256	0.5839	0.6069	-1.1686	
8.6	-0.7257	0.8371	0.3186	-1.0286	
8.61	-0.7125	1.1537	-1.1252	-0.8582	
8.62	-0.689	1.4214	-0.9587	-0.6431	
8.63	-0.7641	1.8652	0.3645	-0.3601	
8.64	-0.7177	1.85	0.4237	-0.0678	
8.65	-0.8063	2.0629	-0.9383	0.2062	
8.66	-0.9563	2.1017	-1.2785	0.4099	
8.67	-0.9825	1.9843	-0.0034	0.5847	
8.68	-1.0167	1.5749	0.4938	0.6795	
8.69	-1.127	1.3769	-0.6229	0.8201	
8.7	-1.1425	1.1022	-1.5147	0.8795	
8.71	-1.2483	0.8258	-0.432	0.6997	
8.72	-1.4507	0.4751	0.5077	0.6177	
8.73	-1.705	0.2935	-0.4321	0.4439	
8.74	-1.7441	0.1493	-1.6314	0.2094	
8.75	-1.788	0.0761	-0.8078	-0.0129	
8.76	-2.2306	0.1167	0.3905	-0.2336	
8.77	-2.3677	0.2339	-0.1506	-0.5204	
8.78	-2.2214	0.4198	-1.4194	-0.7503	
8.79	-2.1941	0.7658	-1.1732	-0.8537	
8.8	-2.47	1.0828	0.1722	-0.9811	
8.81	-2.483	1.3726	0.0934	-0.9574	
8.82	-2.8635	1.786	-1.1899	-0.9455	
8.83	-2.7244	2.0628	-1.5612	-0.9299	
8.84	-2.838	1.9003	-0.1182	-0.7524	
8.85	-3.0944	2.2861	0.2621	-0.5032	
8.86	-2.7577	2.0184	-1.0445	-0.3034	
8.87	-2.7001	1.8298	-1.6787	0.0002	
8.88	-3.085	1.8	-0.4118	0.2602	
8.89	-2.7079	1.4457	0.346	0.5594	
8.9	-3.1029	1.1504	-0.7251	0.8841	
8.91	-2.7751	0.8165	-1.7603	0.9636	
8.92	-2.818	0.6117	-0.7736	1.0966	
8.93	-2.627	0.3496	0.3096	1.262	
8.94	-2.3753	0.1764	-0.3349	1.1687	
8.95	-2.2962	0.0902	-1.6027	1.1865	
8.96	-2.4177	0.1298	-1.0633	1.1227	
8.97	-2.4312	0.2381	0.1976	1.0103	
8.98	-2.189	0.463	-0.0141	0.7596	
8.99	-1.9298	0.7344	-1.4744	0.515	
9.0	-1.9951	1.0612	-1.3659	0.2531	
9.01	-1.7846	1.3283	0.0296	0.0523	
9.02	-1.4165	1.7248	0.2551	-0.1368	
9.03	-1.3012	1.8146	-1.0329	-0.3064	
9.04	-1.2245	2.0744	-1.4191	-0.4141	
9.05	-1.092	1.9683	-0.2011	-0.4101	
9.06	-0.9448	2.0505	0.4121	-0.3898	
9.07	-0.7799	1.8929	-0.5946	-0.2937	
9.08	-0.7496	1.6156	-1.4289	-0.1359	
9.09	-0.6327	1.2488	-0.445	0.07	
9.1	-0.5224	1.0099	0.597	0.3527	
9.11	-0.4849	0.6539	-0.2304	0.5555	
9.12	-0.4198	0.4244	-1.4176	0.847	
9.13	-0.3228	0.1935	-0.6511	1.0613	
9.14	-0.3028	0.0061	0.5441	1.5278	
9.15	-0.2719	-0.0676	0.1832	1.6996	
9.16	-0.3159	-0.0521	-1.0642	1.7207	
9.17	-0.2731	0.0564	-0.9136	1.8034	
9.18	-0.3351	0.2383	0.4332	1.993	
9.19	-0.3259	0.5376	0.5037	1.961	
9.2	-0.4014	0.7705	-0.7339	1.604	
9.21	-0.459	1.1543	-0.931	1.5413	
9.22	-0.4775	1.3043	0.3527	1.3131	
9.23	-0.5543	1.6049	0.8719	1.0996	
9.24	-0.6217	1.684	-0.3453	0.7293	
9.25	-0.6772	1.9634	-1.0729	0.5078	
9.26	-0.8413	1.6433	0.1401	0.3247	
9.27	-0.9101	1.7302	1.119	0.1825	
9.28	-1.0121	1.4375	0.1261	0.0691	
9.29	-1.0312	1.1226	-0.9481	0.0254	
9.3	-1.1473	0.7131	-0.0708	0.0445	
9.31	-1.1692	0.4172	1.0315	0.1325	
9.32	-1.1922	0.1524	0.6179	0.284	
9.33	-1.2681	-0.0977	-0.6482	0.441	
9.34	-1.1533	-0.2933	-0.242	0.685	
9.35	-1.342	-0.3508	1.1547	1.0046	
9.36	-1.1817	-0.358	1.1286	1.1399	
9.37	-1.2051	-0.2323	-0.2755	1.4449	
9.38	-1.2459	-0.0386	-0.3015	1.5467	
9.39	-1.0441	0.2195	1.026	1.7279	
9.4	-1.0891	0.4552	1.4749	1.8637	
9.41	-0.9874	0.8315	0.164	2.141	
9.42	-0.7289	1.0967	-0.3253	2.0109	
9.43	-0.725	1.2667	0.8469	1.9177	
9.44	-0.5523	1.5736	1.5394	1.8689	
9.45	-0.4028	1.6282	0.6262	1.6746	
9.46	-0.2386	1.486	-0.2348	1.2706	
9.47	-0.0785	1.3867	0.7137	1.0485	
9.48	0.0928	1.0109	1.8837	0.8237	
9.49	0.2594	0.7549	1.0853	0.5425	
9.5	0.4475	0.4592	-0.0327	0.3302	
9.51	0.5717	0.1617	0.583	0.1323	
9.52	0.8151	-0.1447	1.6762	-0.0003	
9.53	1.0327	-0.4225	1.502	-0.0719	
9.54	1.1616	-0.5537	0.2709	-0.086	
9.55	1.2853	-0.7281	0.391	-0.029	
9.56	1.3551	-0.7122	1.7391	0.0809	
9.57	1.4844	-0.5146	2.1098	0.241	
9.58	1.7188	-0.3485	0.7268	0.421	
9.59	1.8132	-0.0856	0.316	0.7492	
9.6	2.0112	0.1955	1.7035	0.9126	
9.61	1.8093	0.4854	2.046	1.0881	
9.62	1.973	0.7731	1.1181	1.2988	
9.63	1.9536	1.067	0.3842	1.3664	
9.64	2.188	1.1944	1.3041	1.431	
9.65	2.1296	1.258	2.549	1.5074	
9.66	2.0198	1.0732	1.5569	1.6633	
9.67	1.9796	1.0941	0.462	1.3967	
9.68	2.2132	0.813	1.3456	1.2596	
9.69	2.0017	0.4786	2.4793	0.9584	
9.7	2.1098	0.195	1.8251	0.7259	
9.71	2.1405	-0.1233	0.7053	0.5082	
9.72	1.7812	-0.4309	1.0558	0.2218	
9.73	1.7978	-0.634	2.3089	-0.0772	
9.74	1.5997	-0.8194	2.5731	-0.3629	
9.75	1.5922	-0.8394	1.0422	-0.5411	
9.76	1.6013	-0.951	0.7978	-0.7323	
9.77	1.3979	-0.7915	2.0455	-0.7355	
9.78	1.3601	-0.5591	2.4067	-0.9093	
9.79	1.3899	-0.3379	1.4518	-0.8207	
9.8	1.2246	-0.0259	0.8397	-0.7355	
9.81	1.1881	0.257	1.8979	-0.5763	
9.82	0.9591	0.5617	2.977	-0.3916	
9.83	1.0878	0.8005	1.6358	-0.1581	
9.84	1.0056	0.8503	0.8699	0.063	
9.85	0.9536	1.1012	1.6748	0.2767	
9.86	0.9592	0.9651	2.7084	0.4018	
9.87	0.8107	0.7964	2.342	0.5827	
9.88	0.8874	0.5966	0.9044	0.6273	
9.89	0.9471	0.347	1.5176	0.6965	
9.9	1.004	0.0404	2.9787	0.5793	
9.91	1.0862	-0.2729	2.2981	0.4674	
9.92	1.155	-0.5729	1.2295	0.3149	
9.93	1.1669	-0.8415	1.1755	0.0637	
9.94	1.3633	-0.9878	2.3525	-0.2124	
9.95	1.4394	-1.055	2.6667	-0.5066	
9.96	1.3384	-0.9209	1.3214	-0.8297	
9.97	1.6805	-0.8926	0.8984	-1.1234	
9.98	1.8166	-0.7083	2.0123	-1.4462	
9.99	1.8215	-0.3992	2.8802	-1.7222	
10.0	1.8855	-0.1139	1.693	-1.7963	
10.01	1.8834	0.18	0.7991	-1.7866	
10.02	2.2859	0.432	1.651	-1.9455	
10.03	2.3466	0.6935	2.7654	-1.9876	
10.04	2.6409	0.8148	2.1407	-1.8308	
10.05	2.6602	0.9138	0.7785	-1.61	
10.06	2.7742	1.0006	1.3265	-1.3211	
10.07	2.4394	0.759	2.8639	-1.2388	
10.08	2.7025	0.631	2.162	-0.9505	
10.09	3.0647	0.3023	1.0047	-0.7149	
10.1	2.5955	0.0194	1.1036	-0.5214	
10.11	2.7758	-0.28	2.5462	-0.4057	
10.12	2.6893	-0.5183	2.6123	-0.3095	
10.13	2.7837	-0.7471	1.0466	-0.3215	
10.14	2.9572	-1.0089	0.8275	-0.3143	
10.15	2.7153	-1.0295	2.0465	-0.4532	
10.16	2.6022	-0.973	2.3768	-0.6687	
10.17	2.4679	-0.8518	1.3752	-0.9083	
10.18	2.3536	-0.6966	0.5433	-1.1408	
10.19	2.3259	-0.3548	1.586	-1.4214	
10.2	2.4244	-0.0761	2.2779	-1.5859	
10.21	2.2839	0.2597	1.5525	-1.8361	
10.22	2.2651	0.5763	0.4516	-2.1631	
10.23	1.7993	0.7605	1.1282	-2.4981	
10.24	1.7683	0.9393	2.232	-2.293	
10.25	1.4757	0.9476	1.9488	-2.5182	
10.26	1.4068	0.9646	0.4912	-2.7297	
10.27	1.391	0.943	0.751	-2.8142	
10.28	1.0487	0.7295	2.1112	-2.5352	
10.29	0.9544	0.4095	1.8648	-2.3344	
10.3	0.7757	0.1304	0.5466	-2.012	
10.31	0.7148	-0.1744	0.3934	-1.9329	
10.32	0.5091	-0.4515	1.7148	-1.5617	
10.33	0.4184	-0.6421	1.9521	-1.3214	
10.34	0.3369	-0.8264	0.7951	-1.0403	
10.35	0.2233	-0.9253	0.1349	-0.9891	
10.36	0.1559	-0.931	1.4052	-0.8999	
10.37	0.0743	-0.7332	2.0692	-0.7422	
10.38	0.0218	-0.5625	0.9425	-0.818	
10.39	-0.0153	-0.2285	-0.0463	-0.9284	
10.4	-0.0424	0.0791	0.8275	-0.9246	
10.41	-0.0531	0.3789	2.0401	-1.1838	
10.42	-0.0429	0.6876	1.2208	-1.5726	
10.43	-0.0315	0.8813	-0.0992	-1.8021	
10.44	0.0007	1.026	0.3756	-2.0642	
10.45	0.0413	1.0799	1.568	-2.0735	
10.46	0.0894	1.2521	1.3833	-2.4644	
10.47	0.1494	1.1643	-0.0667	-2.3608	
10.48	0.2253	0.8424	-0.0381	-2.6772	
10.49	0.2988	0.6528	1.3962	-2.8494	
10.5	0.3325	0.3024	1.2966	-2.976	
10.51	0.4374	0.0121	0.0702	-2.7419	
10.52	0.4559	-0.2838	-0.3235	-2.4107	
10.53	0.6055	-0.4461	0.917	-2.3862	
10.54	0.6626	-0.6298	1.4366	-2.0716	
10.55	0.6461	-0.7625	0.2681	-1.6072	
10.56	0.7663	-0.6259	-0.5621	-1.4527	
10.57	0.8452	-0.5291	0.4082	-1.2613	
10.58	0.8676	-0.3223	1.4185	-0.9267	
10.59	0.8761	-0.0388	0.5189	-0.8154	
10.6	0.8622	0.2714	-0.7054	-0.6464	
10.61	0.7914	0.5799	-0.004	-0.5513	
10.62	0.8003	0.8388	1.1987	-0.5279	
10.63	0.727	1.0539	0.7309	-0.5711	
10.64	0.7439	1.407	-0.593	-0.705	
10.65	0.5704	1.3283	-0.4171	-0.9524	
10.66	0.5429	1.2663	1.0046	-1.1504	
10.67	0.3888	1.3349	0.9782	-1.2633	
10.68	0.2669	1.1381	-0.4242	-1.6946	
10.69	0.1622	0.8153	-0.7562	-1.9269	
10.7	0.0206	0.526	0.6088	-2.1402	
10.71	-0.1316	0.2013	1.033	-1.9835	
10.72	-0.3187	-0.0763	-0.2138	-1.9825	
10.73	-0.4967	-0.2887	-0.8089	-2.2687	
10.74	-0.6872	-0.4099	0.234	-2.2986	
10.75	-0.7296	-0.5568	0.9774	-2.2532	
10.76	-0.9339	-0.4417	0.0486	-1.9502	
10.77	-1.1854	-0.3489	-1.017	-1.5012	
10.78	-1.3506	-0.1427	-0.1648	-1.2622	
10.79	-1.4096	0.1222	0.9791	-1.0702	
10.8	-1.5131	0.4111	0.3191	-0.8382	
10.81	-1.695	0.7055	-0.9726	-0.5323	
10.82	-2.0759	1.1086	-0.4762	-0.2704	
10.83	-2.145	1.2976	0.8739	-0.0739	
10.84	-1.9551	1.4868	0.651	0.0805	
10.85	-2.3641	1.4574	-0.775	0.1729	
10.86	-2.5109	1.4539	-0.7965	0.1618	
10.87	-2.4443	1.4278	0.5474	0.1171	
10.88	-2.3732	1.2376	0.8877	0.0135	
10.89	-2.6843	0.9916	-0.4934	-0.1623	
10.9	-2.3632	0.6182	-0.9675	-0.3244	
10.91	-2.3882	0.2942	0.246	-0.6229	
10.92	-2.4231	0.0435	1.0483	-0.8194	
10.93	-2.645	-0.212	-0.1126	-1.1044	
10.94	-2.5095	-0.3577	-0.969	-1.3202	
10.95	-2.098	-0.4275	-0.0416	-1.4277	
10.96	-2.0441	-0.4198	0.9855	-1.5739	
10.97	-2.0352	-0.2959	0.2716	-1.3606	
10.98	-2.0289	-0.0719	-0.9267	-1.4283	
10.99	-2.1538	0.2138	-0.3567	-1.424	
11.0	-1.8759	0.5351	1.0137	-1.0664	
11.01	-1.6313	0.7318	0.6499	-0.9943	
11.02	-1.8311	1.0716	-0.6571	-0.6335	
11.03	-1.5984	1.326	-0.5321	-0.3665	
11.04	-1.3223	1.4645	0.7517	-0.0806	
11.05	-1.454	1.4322	0.8895	0.1868	
11.06	-1.3232	1.4288	-0.364	0.4506	
11.07	-1.3061	1.5142	-0.749	0.6274	
11.08	-1.1918	1.273	0.5965	0.7534	
11.09	-1.1005	1.0045	1.1757	0.8553	
11.1	-1.0594	0.579	0.0008	0.9115	
11.11	-0.9861	0.2825	-0.7679	0.8173	
11.12	-1.0816	0.0079	0.3533	0.6423	
11.13	-0.9396	-0.2139	1.4313	0.472	
11.14	-0.9327	-0.4433	0.4055	0.2331	
11.15	-0.9813	-0.4567	-0.5931	-0.0034	
11.16	-1.0757	-0.4221	0.1399	-0.2741	
11.17	-1.0865	-0.3219	1.3304	-0.4383	
11.18	-1.1058	-0.1635	0.8569	-0.7241	
11.19	-1.1917	0.1072	-0.3703	-0.7976	
11.2	-1.4582	0.3971	-0.0699	-0.9237	
11.21	-1.5099	0.6339	1.322	-1.0165	
11.22	-1.6838	0.9846	1.3272	-1.0205	
11.23	-1.7287	1.2444	-0.0765	-0.8335	
11.24	-1.9018	1.2982	-0.1926	-0.7593	
11.25	-1.8243	1.5018	1.0921	-0.523	
11.26	-1.8558	1.4912	1.4648	-0.2764	
11.27	-2.1015	1.2769	0.3475	-0.0388	
11.28	-2.0945	1.0175	-0.2558	0.2129	
11.29	-2.3261	0.711	0.9487	0.4376	
11.3	-2.5475	0.4461	1.8671	0.6371	
11.31	-2.4602	0.1091	0.7331	0.8798	
11.32	-2.4508	-0.1987	-0.1506	1.0537	
11.33	-2.6977	-0.4382	0.7635	0.9368	
11.34	-2.6655	-0.6838	1.8724	1.0146	
11.35	-2.8758	-0.6577	1.1179	0.957	
11.36	-2.4475	-0.6953	0.0255	0.792	
11.37	-2.4876	-0.6597	0.5276	0.564	
11.38	-2.5033	-0.4511	1.947	0.2723	
11.39	-2.7494	-0.1563	1.7623	0.013	
11.4	-2.3525	0.1225	0.3216	-0.255	
11.41	-2.7717	0.4321	0.3615	-0.4833	
11.42	-2.5136	0.7074	1.653	-0.7573	
11.43	-2.5028	0.8582	2.0768	-0.9369	
11.44	-2.1377	0.9701	0.7288	-1.0817	
11.45	-1.9842	1.1758	0.2983	-1.2408	
11.46	-2.1434	1.0953	1.5327	-1.1455	
11.47	-1.6728	0.8247	2.3538	-0.9958	
11.48	-1.5072	0.7112	1.1173	-0.9699	
11.49	-1.435	0.423	0.2933	-0.7253	
11.5	-1.3375	0.0763	1.4003	-0.4999	
11.51	-1.0844	-0.2527	2.5716	-0.3085	
11.52	-1.0241	-0.5889	1.505	-0.0859	
11.53	-0.7881	-0.8052	0.4274	0.1554	
11.54	-0.6298	-1.0712	1.1038	0.3171	
11.55	-0.5423	-1.0476	2.3392	0.521	
11.56	-0.3403	-1.066	1.803	0.6027	
11.57	-0.2581	-0.9967	0.5798	0.5621	
11.58	-0.1159	-0.8532	0.8982	0.5813	
11.59	0.0083	-0.573	2.3528	0.4572	
11.6	0.1133	-0.2835	2.0946	0.2889	
11.61	0.2018	-0.0207	0.9338	0.0406	
11.62	0.2582	0.2328	0.6703	-0.2074	
11.63	0.3358	0.4167	2.0839	-0.5525	
11.64	0.3815	0.6552	2.6435	-0.8286	
11.65	0.3781	0.6559	1.3625	-1.0777	
11.66	0.3867	0.5692	0.5923	-1.3204	
11.67	0.458	0.4863	1.884	-1.3753	
11.68	0.4523	0.2403	2.6783	-1.5745	
11.69	0.3761	-0.0721	1.7679	-1.6652	
11.7	0.3497	-0.3685	0.6106	-1.6259	
11.71	0.2784	-0.7032	1.4318	-1.5523	
11.72	0.2499	-1.147	2.6747	-1.711	
11.73	0.1981	-1.2501	2.0093	-1.3114	
11.74	0.1058	-1.6148	0.7122	-1.2902	
11.75	0.0457	-1.5131	1.0783	-1.0021	
11.76	-0.0286	-1.6599	2.2972	-0.8049	
11.77	-0.1076	-1.5215	2.0716	-0.4925	
11.78	-0.1816	-1.4386	0.9062	-0.3054	
11.79	-0.243	-1.0801	0.7768	-0.1693	
11.8	-0.3178	-0.8635	2.3636	-0.0989	
11.81	-0.314	-0.5647	2.3691	-0.0763	
11.82	-0.3433	-0.2578	1.1393	-0.1292	
11.83	-0.4345	-0.0379	0.643	-0.2231	
11.84	-0.4622	0.107	1.6804	-0.4358	
11.85	-0.4639	0.1543	2.5169	-0.645	
11.86	-0.3859	0.0906	1.4611	-0.9542	
11.87	-0.4094	-0.0461	0.5135	-1.0824	
11.88	-0.322	-0.2566	1.4022	-1.5427	
11.89	-0.3076	-0.5666	2.5949	-1.7526	
11.9	-0.2073	-0.9507	1.881	-2.1325	
11.91	-0.1428	-1.2207	0.4947	-2.019	
11.92	-0.0426	-1.4621	1.1031	-2.1104	
11.93	0.0767	-1.7476	2.2062	-2.4987	
11.94	0.2021	-2.1038	1.9253	-2.3469	
11.95	0.3505	-2.0485	0.6513	-2.371	
11.96	0.4954	-2.2439	0.7096	-2.0777	
11.97	0.6613	-1.8304	1.8346	-1.9903	
11.98	0.7654	-1.8715	2.1732	-1.7735	
11.99	0.8875	-1.6155	0.7395	-1.4561	
12.0	1.1293	-1.1603	0.3778	-1.2591	
12.01	1.2241	-0.9065	1.6598	-0.9044	
12.02	1.4072	-0.7018	2.2816	-0.8373	
12.03	1.7293	-0.4916	0.9923	-0.6677	
12.04	1.6838	-0.3782	0.1511	-0.5365	
12.05	2.0971	-0.297	1.2231	-0.4707	
12.06	1.9432	-0.3735	1.9454	-0.4733	
12.07	2.3398	-0.5304	1.0724	-0.5771	
12.08	2.1606	-0.769	0.0348	-0.7366	
12.09	2.3648	-0.9424	0.7653	-1.0185	
12.1	2.5174	-1.3577	1.8054	-1.1633	
12.11	2.5705	-1.6782	1.3711	-1.5428	
12.12	2.6378	-2.1329	0.017	-1.8187	
12.13	2.6845	-2.4162	0.2499	-2.0653	
12.14	2.8293	-2.5328	1.7069	-2.2564	
12.15	2.5268	-2.289	1.4164	-2.1546	
12.16	2.7283	-2.5893	0.0883	-2.5959	
12.17	2.6526	-2.4381	-0.1404	-2.2476	
12.18	2.4699	-2.3638	1.0409	-2.5793	
12.19	2.6233	-1.8804	1.5387	-2.2623	
12.2	2.4861	-1.4876	0.2058	-2.2115	
12.21	2.2205	-1.2505	-0.4195	-1.8587	
12.22	2.3743	-1.125	0.6552	-1.6471	
12.23	2.3538	-0.8778	1.3031	-1.5151	
12.24	2.2877	-0.625	0.4072	-1.0326	
12.25	2.0773	-0.6406	-0.6006	-0.8978	
12.26	2.0413	-0.6855	0.1978	-0.5741	
12.27	1.6931	-0.79	1.2388	-0.4652	
12.28	1.7659	-1.0289	0.5354	-0.2989	
12.29	1.4584	-1.2044	-0.7029	-0.2388	
12.3	1.4267	-1.4786	-0.3231	-0.2531	
12.31	1.2782	-1.9155	0.8761	-0.3131	
12.32	1.2237	-2.251	0.7172	-0.457	
12.33	1.1177	-2.3784	-0.6223	-0.5833	
12.34	1.0239	-2.4401	-0.7174	-0.8061	
12.35	0.9793	-2.8136	0.5716	-1.0289	
12.36	1.0361	-2.5041	0.8367	-1.2079	
12.37	0.9698	-2.4483	-0.6027	-1.5587	
12.38	0.965	-2.548	-0.9999	-1.712	
12.39	0.9536	-1.9619	0.1282	-1.78	
12.4	0.9185	-1.5982	0.6872	-1.7853	
12.41	0.9389	-1.4947	-0.3784	-1.8791	
12.42	1.144	-1.1137	-1.3594	-1.7352	
12.43	1.1912	-0.9038	-0.3743	-1.8205	
12.44	1.2741	-0.799	0.6252	-1.4419	
12.45	1.3636	-0.6285	-0.2261	-1.3046	
12.46	1.3337	-0.702	-1.2961	-0.8919	
12.47	1.4169	-0.8634	-0.8108	-0.7265	
12.48	1.544	-1.0803	0.4267	-0.4063	
12.49	1.7821	-1.2717	-0.0317	-0.0898	
12.5	1.6644	-1.6033	-1.4898	0.1669	
12.51	2.0187	-1.7968	-1.3358	0.3496	
12.52	2.0293	-2.3143	0.0778	0.5075	
12.53	2.2165	-2.6003	0.1086	0.5675	
12.54	2.0694	-2.716	-1.283	0.6668	
12.55	2.4224	-2.4495	-1.4738	0.5958	
12.56	2.1416	-2.6604	-0.2973	0.4396	
12.57	2.3134	-2.373	0.1685	0.3518	
12.58	2.3045	-2.0062	-1.0982	0.1347	
12.59	2.6301	-1.9625	-1.8335	-0.0893	
12.6	2.7129	-1.6884	-0.6844	-0.3097	
12.61	2.3928	-1.2033	0.1558	-0.5032	
12.62	2.4509	-0.9551	-0.8173	-0.6671	
12.63	2.4435	-0.7856	-1.9299	-0.8613	
12.64	2.6123	-0.5849	-1.1886	-0.8827	
12.65	2.3567	-0.4782	0.0206	-0.8191	
12.66	2.4438	-0.4454	-0.5861	-0.7352	
12.67	2.0672	-0.5282	-1.6871	-0.642	
12.68	2.1464	-0.7529	-1.6195	-0.4576	
12.69	1.8018	-0.9669	-0.2144	-0.21	
12.7	1.6552	-1.3069	-0.3047	0.0711	
12.71	1.6717	-1.674	-1.5603	0.3907	
12.72	1.4578	-1.8727	-1.6694	0.6479	
12.73	1.3894	-1.9795	-0.4709	0.9502	
12.74	1.1458	-2.0343	-0.1698	1.1027	
12.75	1.0647	-2.442	-1.3264	1.453	
12.76	0.904	-2.1938	-1.9203	1.5966	
12.77	0.6147	-2.0225	-0.8709	1.5275	
12.78	0.4908	-1.8901	-0.0702	1.776	
12.79	0.3171	-1.4396	-1.1046	1.5532	
12.8	0.165	-1.3192	-2.2599	1.6198	
12.81	0.0217	-0.7989	-1.0525	1.3698	
12.82	-0.1098	-0.6117	-0.0751	1.2276	
12.83	-0.2297	-0.2772	-0.8503	0.8309	
12.84	-0.4016	-0.094	-1.81	0.701	
12.85	-0.4853	0.0072	-1.5118	0.4539	
12.86	-0.6109	0.0129	-0.1688	0.2966	
12.87	-0.6185	-0.0705	-0.4374	0.153	
12.88	-0.6864	-0.2573	-1.9317	0.0841	
12.89	-0.7909	-0.524	-1.7481	0.0682	
12.9	-0.8268	-0.6782	-0.3741	0.1246	
12.91	-0.7805	-0.9583	-0.2184	0.2227	
12.92	-0.8019	-1.2153	-1.455	0.4649	
12.93	-0.8887	-1.494	-1.9511	0.6783	
12.94	-0.7969	-1.5791	-0.6653	0.8878	
12.95	-0.7459	-1.7402	-0.001	1.1155	
12.96	-0.6912	-1.7283	-1.0692	1.392	
12.97	-0.6917	-1.4475	-2.0343	1.7534	
12.98	-0.5766	-1.3563	-0.9259	1.9724	
12.99	-0.5173	-0.9092	0.1047	2.3306	
13.0	-0.4718	-0.641	-0.6954	2.2154	
13.01	-0.3693	-0.2543	-1.8325	2.3056	
13.02	-0.3034	0.0772	-1.2197	2.2217	
13.03	-0.2306	0.3751	0.116	2.1659	
13.04	-0.1674	0.5795	-0.3603	2.08	
13.05	-0.1048	0.6083	-1.4647	1.8704	
13.06	-0.0559	0.6904	-1.2368	1.8167	
13.07	-0.0072	0.6418	0.0132	1.5009	
13.08	0.0263	0.4233	0.0141	1.3028	
13.09	0.0478	0.207	-1.2823	0.919	
13.1	0.057	-0.0688	-1.508	0.7996	
13.11	0.0461	-0.334	-0.1517	0.5468	
13.12	0.0257	-0.6085	0.2701	0.5172	
13.13	-0.0066	-0.8083	-0.9063	0.4476	
13.14	-0.0554	-0.8393	-1.606	0.5079	
13.15	-0.1175	-0.9137	-0.3901	0.6058	
13.16	-0.1864	-0.8564	0.4358	0.7735	
13.17	-0.272	-0.743	-0.4922	0.9013	
13.18	-0.3679	-0.5087	-1.3536	1.1866	
13.19	-0.4948	-0.2195	-0.6118	1.4095	
13.2	-0.6475	0.1336	0.5276	1.6384	
13.21	-0.7154	0.4783	-0.0445	1.8974	
13.22	-0.9962	0.8349	-1.3597	1.9878	
13.23	-1.054	0.9814	-0.7381	2.324	
13.24	-1.2675	1.3462	0.5488	2.1391	
13.25	-1.3539	1.3173	0.3618	2.4363	
13.26	-1.6994	1.4267	-1.001	2.317	
13.27	-1.7453	1.229	-1.0271	2.3561	
13.28	-1.8702	1.0842	0.3643	2.0207	
13.29	-2.028	0.8915	0.724	1.9307	
13.3	-1.9661	0.676	-0.5603	1.491	
13.31	-2.2365	0.4256	-1.0098	1.3559	
13.32	-2.3914	0.1628	0.2035	0.9293	
13.33	-2.6963	-0.0498	0.8983	0.7279	
13.34	-2.6992	-0.1652	-0.182	0.4955	
13.35	-2.8217	-0.2121	-1.0757	0.3432	
13.36	-2.7365	-0.1786	-0.0436	0.2091	
13.37	-2.8396	-0.0175	0.9761	0.1334	
13.38	-2.9664	0.2249	0.2483	0.1542	
13.39	-2.8537	0.5319	-0.8489	0.2252	
13.4	-2.7606	0.8122	-0.2873	0.3658	
13.41	-2.8587	1.3045	1.0617	0.5079	
13.42	-2.7635	1.5616	0.6018	0.672	
13.43	-3.0197	1.6799	-0.6208	1.0399	
13.44	-2.4478	2.1963	-0.4947	1.1676	
13.45	-2.4471	2.141	0.8866	1.4002	
13.46	-2.2971	2.2301	0.9763	1.5737	
13.47	-2.5206	2.1801	-0.3685	1.5883	
13.48	-2.32	1.7505	-0.5935	1.9477	
13.49	-2.0977	1.5327	0.6296	1.9826	
13.5	-1.9428	1.3962	1.1932	1.9195	
13.51	-1.9111	1.1039	0.0062	1.6333	
13.52	-1.8379	0.8936	-0.7272	1.4937	
13.53	-1.5548	0.6265	0.3989	1.1459	
13.54	-1.6275	0.5079	1.1912	0.919	
13.55	-1.4941	0.3941	0.385	0.629	
13.56	-1.2431	0.4636	-0.6962	0.4156	
13.57	-1.156	0.5715	0.0686	0.1286	
13.58	-1.2129	0.7684	1.2049	-0.1178	
13.59	-1.1971	1.1185	0.7428	-0.337	
13.6	-1.1101	1.4189	-0.5739	-0.4018	
13.61	-0.9882	1.6707	-0.2312	-0.551	
13.62	-1.0076	2.3042	1.0541	-0.5188	
13.63	-0.9217	2.363	0.937	-0.4048	
13.64	-0.8653	2.7496	-0.3579	-0.2984	
13.65	-0.8692	2.5137	-0.4645	-0.1431	
13.66	-0.9512	2.6258	0.9496	0.0739	
13.67	-0.9059	2.3322	1.1454	0.342	
13.68	-1.0528	2.5306	-0.0507	0.5757	
13.69	-1.0383	2.111	-0.658	0.7895	
13.7	-1.2025	1.7482	0.4792	0.8848	
13.71	-1.2829	1.5129	1.2905	1.0566	
13.72	-1.2991	1.3963	0.2273	1.1064	
13.73	-1.4248	1.0522	-0.7216	1.2191	
13.74	-1.3847	0.9388	0.1512	1.0742	
13.75	-1.4464	0.8642	1.3599	1.1315	
13.76	-1.719	0.9185	0.532	0.9376	
13.77	-1.7849	1.0655	-0.6705	0.5901	
13.78	-1.9959	1.2798	-0.2277	0.371	
13.79	-1.9585	1.4638	1.0802	0.114	
13.8	-1.8486	1.8162	0.8433	-0.1658	
13.81	-1.8525	1.9282	-0.6306	-0.3979	
13.82	-2.0984	2.4175	-0.5217	-0.6718	
13.83	-2.2408	2.493	0.802	-0.8085	
13.84	-2.1354	2.6851	0.8732	-1.0003	
13.85	-2.1476	2.8195	-0.3746	-1.0495	
13.86	-2.2507	2.6382	-0.7633	-0.9406	
13.87	-2.0186	2.6754	0.3969	-0.848	
13.88	-2.255	2.6929	0.922	-0.7568	
13.89	-1.8926	2.2541	-0.182	-0.496	
13.9	-1.9492	2.0447	-0.9952	-0.3205	
13.91	-2.0491	1.8032	-0.0531	-0.0476	
13.92	-1.9581	1.5293	0.8378	0.1888	
13.93	-1.8088	1.234	0.0307	0.4643	
13.94	-1.7541	1.0775	-1.1012	0.6533	
13.95	-1.5434	0.9368	-0.452	0.7513	
13.96	-1.2353	1.0656	0.6483	0.8443	
13.97	-1.1434	1.1286	0.223	0.875	
13.98	-0.9939	1.3289	-1.0543	0.9919	
13.99	-0.883	1.7039	-0.9887	0.7988	
14.0	-0.6345	1.7319	0.3712	0.6639	
14.01	-0.5159	2.2068	0.361	0.5489	
14.02	-0.3285	2.5576	-1.0065	0.2565	
14.03	-0.1354	2.5542	-1.2375	0.0264	
14.04	0.0377	2.8501	-0.0097	-0.245	
14.05	0.1942	2.8558	0.4351	-0.4396	
14.06	0.3227	2.6287	-0.9309	-0.6905	
14.07	0.4684	2.9925	-1.6047	-0.8184	
14.08	0.5885	2.5632	-0.4946	-0.876	
14.09	0.7855	2.3202	0.312	-0.854	
14.1	0.8336	2.1008	-0.6031	-0.8597	
14.11	1.0283	1.5928	-1.7938	-0.7594	
14.12	1.0658	1.3387	-0.8809	-0.5204	
14.13	1.1749	1.1936	0.1583	-0.3734	
14.14	1.2276	1.0029	-0.5224	-0.0843	
14.15	1.1317	0.82	-1.9077	0.1727	
14.16	1.1128	0.8179	-1.4922	0.4792	
14.17	1.1878	0.8812	-0.1413	0.8043	
14.18	1.3271	1.0061	-0.3341	1.0557	
14.19	1.1098	1.3843	-1.5982	1.2434	
14.2	1.191	1.5299	-1.9041	1.2998	
14.21	1.1558	1.8796	-0.5412	1.4064	
14.22	1.0992	2.0672	-0.254	1.2812	
14.23	1.0658	2.2635	-1.6668	1.1616	
14.24	0.8661	2.793	-1.9586	1.1247	
14.25	0.896	2.4736	-0.9523	1.054	
14.26	0.78	2.6979	-0.2631	0.7886	
14.27	0.6908	2.3793	-1.4418	0.5372	
14.28	0.6674	2.1255	-2.291	0.2846	
14.29	0.5891	1.9058	-1.503	0.0928	
14.3	0.5169	1.6104	-0.4284	-0.0917	
14.31	0.4442	1.236	-1.1478	-0.2356	
14.32	0.3648	0.9152	-2.2422	-0.3027	
14.33	0.3497	0.646	-1.9808	-0.3156	
14.34	0.2776	0.4779	-0.5948	-0.2315	
14.35	0.2813	0.409	-1.0787	-0.091	
14.36	0.2981	0.4244	-2.2824	0.0871	
14.37	0.3252	0.4973	-2.0921	0.3471	
14.38	0.3567	0.6944	-1.0116	0.6171	
14.39	0.3721	0.8153	-0.8748	0.9607	
14.4	0.4191	1.1994	-2.2295	1.0977	
14.41	0.4787	1.4477	-2.826	1.3664	
14.42	0.5961	1.5335	-1.3046	1.7435	
14.43	0.7156	1.9121	-0.8278	2.0247	
14.44	0.8455	2.2159	-1.9685	2.1314	
14.45	0.8553	1.929	-2.6745	1.951	
14.46	1.1386	2.2442	-1.8605	2.2106	
14.47	1.1412	2.0971	-0.8339	1.9234	
14.48	1.3673	1.6324	-1.8411	1.7964	
14.49	1.3734	1.4058	-3.0375	1.766	
14.5	1.6496	1.1063	-2.0204	1.4933	
14.51	1.6856	0.6368	-0.9282	1.2681	
14.52	1.9424	0.3765	-1.5654	1.0144	
14.53	2.0655	0.102	-2.5965	0.8088	
14.54	2.3802	-0.0995	-2.3162	0.6109	
14.55	2.5477	-0.2068	-1.1495	0.5853	
14.56	2.3185	-0.2358	-1.252	0.5027	
14.57	2.836	-0.1307	-2.475	0.4318	
14.58	2.8456	0.0236	-2.8755	0.5275	
14.59	2.741	0.2598	-1.4932	0.5912	
14.6	2.7928	0.4708	-1.0977	0.843	
14.61	3.0643	0.7258	-2.5665	1.1138	
14.62	2.7797	0.9824	-2.7612	1.4199	
14.63	2.9103	1.357	-1.6301	1.4973	
14.64	3.0577	1.4147	-0.9153	1.732	
14.65	2.8586	1.5671	-2.0444	2.0851	
14.66	3.0647	1.4862	-2.7206	2.2467	
14.67	2.6013	1.253	-2.2945	2.4334	
14.68	2.6401	0.952	-1.0206	2.6764	
14.69	2.5173	0.6633	-1.6344	2.7337	
14.7	2.6519	0.3588	-3.0297	2.9455	
14.71	2.6638	0.0329	-2.6222	2.3971	
14.72	2.6407	-0.3138	-1.0964	2.6626	
14.73	2.4633	-0.5431	-1.3358	2.1568	
14.74	2.0846	-0.7212	-2.7342	2.1962	
14.75	2.2326	-0.8302	-2.8144	1.7616	
14.76	2.1133	-0.9741	-1.2956	1.444	
14.77	1.7819	-0.7984	-1.0232	1.3198	
14.78	1.7191	-0.6363	-2.3075	1.1457	
14.79	1.6343	-0.4154	-2.8538	0.9036	
14.8	1.394	-0.1435	-1.467	0.7726	
14.81	1.3689	0.123	-0.8138	0.7432	
14.82	1.2752	0.4203	-2.1432	0.7735	
14.83	1.0018	0.5844	-2.8854	0.9202	
14.84	0.9362	0.759	-1.5999	1.2139	
14.85	0.9571	0.7399	-0.7303	1.3115	
14.86	0.8264	0.6828	-1.6783	1.4471	
14.87	0.8176	0.5703	-2.6775	1.8972	
14.88	0.7745	0.3609	-1.8553	2.1107	
14.89	0.8034	0.0628	-0.7776	2.3984	
14.9	0.6714	-0.2714	-1.1984	2.2741	
14.91	0.8083	-0.6087	-2.2682	2.4941	
14.92	0.7773	-0.9918	-2.151	2.6029	
14.93	0.8188	-1.1787	-0.7269	2.8088	
14.94	0.8797	-1.5273	-0.8116	2.9079	
14.95	0.9052	-1.5951	-2.1667	2.3268	
14.96	0.9488	-1.4734	-2.4534	2.4929	
14.97	0.9472	-1.3338	-0.9588	2.0571	
14.98	1.0255	-1.1794	-0.4563	2.0017	
14.99	1.182	-1.0349	-1.5044	1.6474	
15.0	1.227	-0.7325	-2.1086	1.2818	
15.01	1.2875	-0.5092	-1.101	1.0538	
15.02	1.5561	-0.1822	-0.2309	0.8045	
15.03	1.5276	0.0196	-1.1774	0.7256	
15.04	1.5604	0.1513	-2.0963	0.5234	
15.05	1.6038	0.2057	-1.3993	0.4728	
15.06	1.8499	0.1697	-0.1409	0.5154	
15.07	1.6213	0.0464	-0.687	0.5591	
15.08	1.7887	-0.1604	-2.0178	0.6503	
15.09	1.9815	-0.4444	-1.6354	0.8572	
15.1	1.8337	-0.8441	-0.1723	1.0376	
15.11	1.9634	-1.129	-0.2727	1.2546	
15.12	1.7656	-1.3309	-1.5919	1.5867	
15.13	1.9372	-1.8332	-1.6236	1.7816	
15.14	1.696	-2.0179	-0.2459	1.7179	
15.15	1.5563	-1.8688	0.0868	2.0804	
15.16	1.5517	-1.9938	-1.198	2.0365	
15.17	1.5654	-2.0397	-1.7338	2.0874	
15.18	1.3627	-1.5782	-0.4288	2.1918	
15.19	1.2054	-1.4542	0.3388	1.8518	
15.2	1.1806	-1.089	-0.7057	1.5926	
15.21	1.011	-0.9375	-1.4478	1.4364	
15.22	0.874	-0.5824	-0.671	1.0646	
15.23	0.689	-0.3664	0.4407	0.8097	
15.24	0.4292	-0.2052	-0.2229	0.4809	
15.25	0.2857	-0.1485	-1.5072	0.2453	
15.26	0.0938	-0.182	-0.8579	-0.0141	
15.27	-0.0757	-0.2797	0.4754	-0.2176	
15.28	-0.2299	-0.4685	0.1828	-0.3845	
15.29	-0.4636	-0.7773	-1.0628	-0.4097	
15.3	-0.5832	-1.1854	-1.0259	-0.4643	
15.31	-0.7156	-1.3	0.3771	-0.3854	
15.32	-0.8798	-1.5999	0.5503	-0.2895	
15.33	-0.9776	-1.8061	-0.7563	-0.0939	
15.34	-1.0788	-2.0172	-1.1927	0.1046	
15.35	-1.3099	-2.2667	0.1963	0.303	
15.36	-1.2519	-2.309	0.7528	0.5071	
15.37	-1.4223	-2.0925	-0.3702	0.6988	
15.38	-1.5868	-2.0013	-1.1156	0.8593	
15.39	-1.6931	-1.5641	-0.0283	1.0398	
15.4	-1.6893	-1.3386	0.8563	1.0046	
15.41	-1.7433	-1.0605	0.0793	1.1431	
15.42	-1.7347	-0.8334	-0.999	0.902	
15.43	-1.5982	-0.5637	-0.256	0.9048	
15.44	-1.5325	-0.3578	1.0353	0.6241	
15.45	-1.6021	-0.2849	0.4549	0.3959	
15.46	-1.5448	-0.3171	-0.7445	0.0911	
15.47	-1.2829	-0.3806	-0.562	-0.2152	
15.48	-1.2858	-0.601	0.92	-0.4809	
15.49	-1.2252	-0.8374	0.8529	-0.8597	
15.5	-1.3106	-1.2261	-0.4931	-1.0956	
15.51	-1.1642	-1.5028	-0.7009	-1.1752	
15.52	-1.0542	-1.6044	0.5663	-1.4711	
15.53	-0.9058	-1.8999	1.0645	-1.4782	
15.54	-0.8654	-2.1645	-0.1975	-1.4939	
15.55	-0.7985	-2.4018	-0.7703	-1.2273	
15.56	-0.7636	-2.0199	0.3374	-1.1416	
15.57	-0.6412	-2.2909	1.067	-1.099	
15.58	-0.6246	-2.0954	0.1674	-0.883	
15.59	-0.6012	-1.7916	-0.8197	-0.5575	
15.6	-0.5699	-1.4041	0.0088	-0.3901	
15.61	-0.5506	-0.9231	1.1249	-0.1597	
15.62	-0.5499	-0.7311	0.488	0.0172	
15.63	-0.5803	-0.4502	-0.6775	0.137	
15.64	-0.6094	-0.2956	-0.2855	0.2144	
15.65	-0.6161	-0.1838	0.9998	0.2463	
15.66	-0.796	-0.2059	0.8087	0.1671	
15.67	-0.7567	-0.3255	-0.592	0.037	
15.68	-0.8185	-0.4921	-0.6088	-0.1293	
15.69	-1.0498	-0.6925	0.8071	-0.3492	
15.7	-1.1035	-0.9678	1.0177	-0.5912	
15.71	-1.3007	-1.3034	-0.3814	-0.8875	
15.72	-1.3212	-1.5415	-0.7489	-1.0981	
15.73	-1.5759	-1.9425	0.3948	-1.4084	
15.74	-1.7125	-2.0894	1.0	-1.744	
15.75	-1.6135	-1.8654	-0.0775	-1.776	
15.76	-1.7654	-1.8664	-0.8997	-2.1009	
15.77	-1.9262	-2.003	0.0063	-2.104	
15.78	-2.186	-1.7779	1.0737	-2.109	
15.79	-2.5235	-1.3372	0.1951	-1.8712	
15.8	-2.3205	-1.1594	-0.8878	-1.5548	
15.81	-2.4132	-0.7727	-0.3759	-1.616	
15.82	-2.9141	-0.4932	0.814	-1.1525	
15.83	-2.5809	-0.2294	0.4606	-0.916	
15.84	-2.9103	-0.0316	-0.8238	-0.7349	
15.85	-3.0988	0.0639	-0.7769	-0.4947	
15.86	-2.6841	0.0696	0.5592	-0.2645	
15.87	-3.1208	-0.0249	0.6472	-0.13	
15.88	-3.2441	-0.2025	-0.7978	-0.0276	
15.89	-3.0712	-0.4063	-0.9738	0.0042	
15.9	-3.2046	-0.7444	0.2108	-0.0313	
15.91	-2.8068	-1.0142	0.6775	-0.126	
15.92	-2.8384	-1.1816	-0.5523	-0.2821	
15.93	-2.8234	-1.5905	-1.3183	-0.4371	
15.94	-2.535	-1.6682	-0.2322	-0.7433	
15.95	-2.3729	-1.6618	0.6084	-0.8793	
15.96	-2.293	-1.5893	-0.3183	-1.1762	
15.97	-2.5633	-1.7371	-1.3046	-1.3537	
15.98	-2.2762	-1.3236	-0.6975	-1.5024	
15.99	-2.0185	-1.1227	0.439	-1.7862	
16.0	-1.9423	-0.7567	-0.0987	-1.6878	
16.01	-1.8654	-0.4129	-1.4378	-1.8734	
16.02	-1.7597	-0.1242	-1.0827	-1.8765	
16.03	-1.5793	0.1218	0.2013	-1.8184	
16.04	-1.3494	0.3172	0.0731	-1.4083	
16.05	-1.2634	0.4237	-1.1895	-1.2645	
16.06	-1.0493	0.3783	-1.5465	-0.948	
16.07	-1.044	0.3365	-0.1495	-0.7696	
16.08	-0.8948	0.141	0.191	-0.4785	
16.09	-0.8209	-0.0858	-1.1867	-0.1808	
16.1	-0.6673	-0.412	-1.6614	0.0388	
16.11	-0.6025	-0.7393	-0.5538	0.201	
16.12	-0.6065	-0.954	0.1845	0.352	
16.13	-0.4961	-1.2896	-0.9469	0.3473	
16.14	-0.5353	-1.3522	-1.9285	0.3647	
16.15	-0.4942	-1.4484	-0.9393	0.3097	
16.16	-0.4789	-1.3528	0.0714	0.1376	
16.17	-0.4886	-1.3434	-0.6512	-0.036	
16.18	-0.5665	-1.0955	-2.0609	-0.2349	
16.19	-0.5605	-0.7861	-1.482	-0.481	
16.2	-0.6314	-0.4283	-0.1357	-0.6716	
16.21	-0.7195	-0.0912	-0.458	-0.9032	
16.22	-0.6612	0.208	-1.9754	-1.2166	
16.23	-0.8714	0.4552	-1.7238	-1.2815	
16.24	-0.8922	0.7261	-0.4208	-1.4212	
16.25	-1.043	0.8096	-0.2956	-1.2782	
16.26	-0.9269	0.8208	-1.7426	-1.1835	
16.27	-1.1442	0.6894	-1.9341	-1.1265	
16.28	-1.2755	0.532	-0.7347	-0.9938	
16.29	-1.3098	0.2573	-0.2353	-0.7312	
16.3	-1.3396	-0.0516	-1.265	-0.4145	
16.31	-1.4846	-0.3517	-2.0765	-0.1304	
16.32	-1.4128	-0.6861	-1.2333	0.1397	
16.33	-1.5151	-0.8844	-0.26	0.4331	
16.34	-1.451	-0.9991	-1.1525	0.6261	
16.35	-1.5026	-1.0578	-2.0522	0.788	
16.36	-1.3352	-1.0828	-1.6775	0.9214	
16.37	-1.4819	-0.9176	-0.3682	0.9563	
16.38	-1.4766	-0.7888	-0.8827	0.8783	
16.39	-1.3475	-0.4225	-2.0455	0.8547	
16.4	-1.3375	-0.1338	-1.842	0.6679	
16.41	-1.1521	0.187	-0.5947	0.5743	
16.42	-1.0083	0.5194	-0.5997	0.3364	
16.43	-1.0487	0.7073	-1.9052	0.0656	
16.44	-0.921	0.9263	-2.2643	-0.1575	
16.45	-0.7495	1.0659	-0.8029	-0.4021	
16.46	-0.6048	0.991	-0.384	-0.5939	
16.47	-0.3941	0.9639	-1.6049	-0.7918	
16.48	-0.2309	0.6799	-2.0965	-0.7377	
16.49	-0.0691	0.5111	-1.2149	-0.8218	
16.5	0.1086	0.1977	-0.3053	-0.7927	
16.51	0.2623	-0.1144	-1.3008	-0.6173	
16.52	0.4469	-0.4103	-2.1269	-0.4446	
16.53	0.6378	-0.6895	-1.4443	-0.2471	
16.54	0.7445	-0.7879	-0.285	0.0041	
16.55	0.9185	-0.8708	-0.8232	0.2484	
16.56	1.1733	-0.8803	-2.0821	0.4983	
16.57	1.3151	-0.8218	-1.705	0.8139	
16.58	1.4174	-0.6029	-0.425	1.0816	
16.59	1.4796	-0.2888	-0.558	1.2249	
16.6	1.7546	0.0169	-1.8834	1.1786	
16.61	1.8717	0.3523	-1.9115	1.3005	
16.62	1.761	0.6795	-0.5787	1.3279	
16.63	1.9142	0.9263	-0.2867	1.1791	
16.64	1.7601	0.9887	-1.6152	0.9388	
16.65	2.1002	1.1187	-1.9274	0.7702	
16.66	1.779	1.0964	-0.7913	0.4979	
16.67	2.1333	1.0455	-0.0651	0.1887	
16.68	2.0135	0.753	-1.0986	-0.0548	
16.69	1.9158	0.5991	-1.8322	-0.2996	
16.7	1.7933	0.2717	-0.9606	-0.4669	
16.71	1.7512	-0.0501	0.0514	-0.7456	
16.72	1.7676	-0.3582	-0.7162	-0.8488	
16.73	1.6456	-0.5549	-1.8323	-0.8623	
16.74	1.5883	-0.6986	-1.3077	-0.8646	
16.75	1.4115	-0.7723	0.0703	-0.7064	
16.76	1.5186	-0.7565	-0.277	-0.5916	
16.77	1.3507	-0.7603	-1.7028	-0.3536	
16.78	1.3419	-0.4837	-1.3482	-0.1329	
16.79	1.1925	-0.2695	-0.0058	0.1163	
16.8	1.1608	0.0252	0.1172	0.3575	
16.81	1.0053	0.3694	-1.2957	0.5231	
16.82	0.8793	0.6803	-1.5408	0.7057	
16.83	0.8281	0.8923	-0.1532	0.9241	
16.84	0.812	0.9544	0.4258	0.8579	
16.85	0.8696	1.0398	-0.736	1.0082	
16.86	0.8708	1.0759	-1.4028	0.8379	
16.87	0.7838	1.0749	-0.3377	0.6585	
16.88	0.7478	0.729	0.6914	0.5427	
16.89	0.7789	0.5441	-0.2156	0.3163	
16.9	0.8524	0.222	-1.2714	0.0188	
16.91	0.9412	-0.1118	-0.4759	-0.2983	
16.92	0.9001	-0.3923	0.8023	-0.544	
16.93	1.0079	-0.5923	0.2457	-0.8903	
16.94	1.2158	-0.8391	-0.9091	-1.0042	
16.95	1.1725	-1.009	-0.5942	-1.2981	
16.96	1.398	-0.9811	0.7431	-1.3383	
16.97	1.5319	-0.8512	0.6861	-1.4447	
16.98	1.4625	-0.5927	-0.5728	-1.4655	
16.99	1.6881	-0.3513	-0.786	-1.247	
17.0	1.8548	-0.0809	0.5993	-1.0972	
17.01	1.9157	0.2358	1.0604	-1.1387	
17.02	2.1152	0.5195	-0.1566	-0.8689	
17.03	2.255	0.7783	-0.6819	-0.6161	
17.04	2.5087	0.8437	0.4814	-0.3723	
17.05	2.6447	0.8894	1.2125	-0.184	
17.06	2.7072	0.9862	0.3471	-0.0226	
17.07	2.7275	0.899	-0.5517	0.0929	
17.08	2.7186	0.6116	0.3379	0.1427	
17.09	3.0306	0.3381	1.424	0.1208	
17.1	2.7543	0.0624	0.8567	0.0492	
17.11	2.7661	-0.2623	-0.364	-0.0992	
17.12	3.0042	-0.5978	0.1429	-0.282	
17.13	2.6881	-0.8965	1.5643	-0.5121	
17.14	2.7269	-1.0225	1.2424	-0.832	
17.15	2.9023	-1.0405	-0.0526	-1.058	
17.16	2.627	-1.185	0.0159	-1.5141	
17.17	2.7618	-1.0691	1.2721	-1.6207	
17.18	2.8003	-0.8327	1.6524	-1.8731	
17.19	2.8524	-0.5132	0.3385	-2.1332	
17.2	2.4389	-0.2683	-0.0406	-2.4228	
17.21	2.3491	0.0315	1.3118	-2.4794	
17.22	2.44	0.3047	1.9352	-2.4117	
17.23	2.3209	0.5837	0.8219	-2.2265	
17.24	2.0139	0.7466	-0.0025	-2.1319	
