0.01	0.2494	0.2943	0.3099	0.9867	0.9579	
0.02	0.5443	0.6556	0.6376	1.4101	0.9209	
0.03	0.7531	0.8746	0.9662	1.1716	0.0652	
0.04	1.0731	1.2534	1.2947	0.5864	-0.7445	
0.05	1.338	1.4801	1.4334	0.07	-0.6817	
0.06	1.5645	1.6494	1.8087	0.1466	0.2771	
0.07	1.5852	1.701	1.6614	0.8387	1.2061	
0.08	1.7658	1.7559	1.949	1.542	1.0411	
0.09	1.8491	2.0068	1.743	2.3038	0.2266	
0.1	1.9308	1.8962	1.8579	1.8894	-0.5915	
0.11	2.0995	1.9384	1.7152	1.2958	-0.4253	
0.12	1.8581	1.9443	1.6408	0.3764	0.5398	
0.13	1.8159	2.0814	1.3302	-0.1092	1.465	
0.14	2.1133	1.7025	1.1968	0.0773	1.2	
0.15	2.025	1.5915	1.0396	0.7168	0.3748	
0.16	1.6855	1.597	1.0007	1.2788	-0.4061	
0.17	1.7002	1.2789	0.8001	1.2469	-0.2267	
0.18	1.6253	1.0071	0.796	0.5212	0.7815	
0.19	1.1805	0.8509	0.8251	-0.4212	1.6762	
0.2	1.1437	0.5343	0.8654	-1.0838	1.4307	
0.21	0.9194	0.3413	0.9315	-1.2302	0.503	
0.22	0.6982	0.122	1.0412	-0.6006	-0.2644	
0.23	0.4763	-0.0927	1.1522	0.1377	0.0134	
0.24	0.2294	-0.267	1.3808	0.5619	0.9662	
0.25	0.0338	-0.4782	1.4831	0.3245	1.6104	
0.26	-0.1729	-0.5535	1.9194	-0.2874	1.5471	
0.27	-0.351	-0.7728	1.9176	-1.0487	0.5286	
0.28	-0.5722	-0.8215	2.0972	-1.0594	-0.0873	
0.29	-0.66	-0.9034	2.6617	-0.4613	0.2404	
0.3	-0.8328	-0.9084	2.3973	0.5104	1.2676	
0.31	-0.8851	-0.8975	2.8167	1.2269	2.1064	
0.32	-0.9844	-0.7597	2.8038	1.5232	1.7941	
0.33	-1.1834	-0.7459	3.0054	1.311	0.7035	
0.34	-1.2332	-0.5786	2.9238	0.5931	0.0483	
0.35	-1.0873	-0.4775	2.7413	0.3218	0.4343	
0.36	-1.264	-0.3209	2.6442	0.6248	1.3729	
0.37	-1.1986	-0.2289	2.5757	1.559	2.1577	
0.38	-1.0541	-0.0664	2.3917	2.3612	1.8938	
0.39	-1.0752	0.0783	1.9746	2.6983	0.7465	
0.4	-0.9344	0.2312	1.6698	2.6266	0.168	
0.41	-0.7932	0.3731	1.3565	1.6509	0.6289	
0.42	-0.5917	0.4453	0.9385	1.0765	1.5369	
0.43	-0.5052	0.5901	0.7599	0.7011	2.4205	
0.44	-0.2945	0.6486	0.4671	1.0693	1.7178	
0.45	-0.1581	0.6754	0.2226	1.8217	0.7854	
0.46	-0.0015	0.8582	0.0587	2.4848	0.3057	
0.47	0.1648	0.7985	-0.0638	1.9428	0.7437	
0.48	0.3019	0.8043	-0.139	1.2175	1.9447	
0.49	0.44	0.7915	-0.1743	0.2328	2.5668	
0.5	0.5454	0.8184	-0.1428	-0.3491	1.7695	
0.51	0.6765	0.7144	-0.0725	-0.3144	0.8004	
0.52	0.7641	0.6541	0.0145	0.267	0.3908	
0.53	0.8284	0.7357	0.1423	0.8586	1.0175	
0.54	0.9347	0.669	0.2506	0.9824	2.0673	
0.55	0.9261	0.6352	0.3768	0.62	2.3058	
0.56	0.9984	0.5168	0.4843	-0.2133	1.9334	
0.57	1.1173	0.4843	0.6036	-0.9451	0.9712	
0.58	1.1631	0.4529	0.591	-0.8556	0.4282	
0.59	1.0158	0.5376	0.6128	-0.2645	1.1141	
0.6	0.9911	0.5067	0.5885	0.6676	2.2551	
0.61	1.038	0.5759	0.5119	1.481	2.4563	
0.62	1.0627	0.6538	0.2954	1.4446	1.9588	
0.63	0.9375	0.7106	0.114	0.8052	0.9017	
0.64	0.8502	0.7408	-0.139	0.277	0.4876	
0.65	0.8535	0.9457	-0.3797	0.1363	1.2126	
0.66	0.78	1.0129	-0.6794	0.5911	2.296	
0.67	0.6726	1.1681	-0.9967	1.5042	2.5761	
0.68	0.6836	1.2353	-1.2634	2.6552	1.8767	
0.69	0.5819	1.3	-1.6413	2.78	0.8894	
0.7	0.5507	1.418	-2.0489	2.1842	0.6044	
0.71	0.601	1.5942	-1.9594	1.6991	1.2799	
0.72	0.542	1.8887	-2.194	1.1266	2.2285	
0.73	0.5842	1.8473	-2.6893	1.0369	2.6644	
0.74	0.5621	1.8867	-2.6698	1.6007	1.7989	
0.75	0.5227	2.1384	-2.4403	2.1493	0.8148	
0.76	0.5792	2.2264	-2.6796	2.4343	0.6359	
0.77	0.6919	1.9877	-2.5335	2.4039	1.2103	
0.78	0.6365	2.0879	-2.1804	1.39	2.3332	
0.79	0.7244	1.8931	-2.2237	0.4986	2.6944	
0.8	0.7241	1.9616	-1.933	-0.0033	1.6056	
0.81	0.903	1.5248	-1.7146	0.2096	0.8353	
0.82	0.9704	1.5976	-1.4669	0.8359	0.5737	
0.83	0.9694	1.2695	-1.4181	1.3553	1.4144	
0.84	1.0876	1.1151	-1.1656	1.1901	2.3348	
0.85	0.9621	0.8777	-0.9242	0.4138	2.2722	
0.86	1.1977	0.6371	-0.8851	-0.4869	1.8174	
0.87	1.1777	0.435	-0.7228	-1.1267	0.669	
0.88	1.2437	0.1919	-0.6835	-1.1161	0.6128	
0.89	1.2272	-0.0269	-0.7003	-0.3564	1.3722	
0.9	1.2145	-0.2229	-0.8619	0.42	2.3546	
0.91	1.1772	-0.4333	-0.9511	0.828	2.1729	
0.92	1.2112	-0.6035	-1.1637	0.6861	1.6275	
0.93	1.0568	-0.7589	-1.1366	0.0026	0.6803	
0.94	1.0592	-0.8276	-1.2951	-0.5142	0.5535	
0.95	0.9614	-0.9085	-1.6136	-0.5474	1.2215	
0.96	0.8101	-0.8739	-1.6834	0.0713	2.1117	
0.97	0.6623	-0.9604	-1.9831	1.1163	2.434	
0.98	0.538	-0.7873	-1.9687	1.9183	1.4164	
0.99	0.4659	-0.7342	-1.9889	2.0706	0.4936	
1.0	0.3289	-0.589	-2.075	1.49	0.5227	
1.01	0.183	-0.405	-2.0156	0.7599	1.3002	
1.02	0.0643	-0.195	-2.0332	0.4417	2.1087	
1.03	-0.0563	0.0413	-1.7828	0.689	2.1536	
1.04	-0.1661	0.2922	-1.4464	1.4499	1.2411	
1.05	-0.2768	0.5539	-1.2982	2.0605	0.4287	
1.06	-0.3558	0.8202	-0.8836	2.5549	0.4194	
1.07	-0.4765	1.136	-0.5554	1.8561	1.4128	
1.08	-0.538	1.3955	-0.2756	1.0179	2.033	
1.09	-0.5761	1.5899	0.0364	0.1634	2.2362	
1.1	-0.6186	2.0906	0.3708	-0.0773	1.0137	
1.11	-0.5174	2.3237	0.6787	0.2809	0.2696	
1.12	-0.5325	2.6251	0.8944	0.7928	0.3661	
1.13	-0.467	2.4021	1.0998	1.1753	1.2373	
1.14	-0.437	2.5599	1.1846	0.8168	2.0184	
1.15	-0.289	3.0168	1.3374	-0.0304	1.8449	
1.16	-0.1764	2.7465	1.185	-0.9161	0.9635	
1.17	-0.0122	2.7877	1.3103	-1.5389	0.1337	
1.18	0.1513	2.9375	1.2932	-1.3806	0.2824	
1.19	0.3313	2.6886	1.1414	-0.7407	1.2213	
1.2	0.5293	2.4334	0.9624	-0.0644	1.8514	
1.21	0.7772	2.4826	0.8411	0.0958	1.7724	
1.22	1.056	2.4848	0.5828	-0.362	0.7721	
1.23	1.2564	2.0773	0.4333	-1.1643	-0.0178	
1.24	1.3745	2.0422	0.3158	-1.6016	0.1661	
1.25	1.5142	1.6131	0.2291	-1.5446	1.1035	
1.26	1.7636	1.4082	0.177	-0.8653	1.9081	
1.27	1.8995	1.2084	0.1834	0.1491	1.5573	
1.28	2.4187	0.8577	0.1872	0.8582	0.5304	
1.29	2.4957	0.6254	0.303	0.7788	-0.1552	
1.3	2.2782	0.4065	0.4449	0.1698	0.0921	
1.31	2.6633	0.2422	0.5917	-0.397	1.0499	
1.32	2.5545	0.0739	0.8378	-0.6129	1.8693	
1.33	2.8851	-0.0604	1.0138	-0.0502	1.4299	
1.34	2.5451	-0.1609	1.1606	0.7732	0.353	
1.35	2.8961	-0.2207	1.4763	1.5249	-0.3273	
1.36	2.593	-0.2744	1.8153	1.7078	0.0159	
1.37	2.7173	-0.282	2.1466	1.0953	0.9141	
1.38	2.2905	-0.2775	2.1798	0.2285	1.5939	
1.39	2.1489	-0.2341	2.4555	-0.3749	1.2499	
1.4	2.3308	-0.1413	2.5965	-0.444	0.206	
1.41	1.8972	-0.04	2.399	0.1297	-0.4338	
1.42	1.6107	0.063	2.4519	0.7132	-0.0532	
1.43	1.5309	0.1892	2.3782	0.8477	0.8835	
1.44	1.3974	0.3062	2.2262	0.3932	1.5044	
1.45	1.1514	0.4644	1.869	-0.6223	1.042	
1.46	0.7596	0.61	1.8281	-1.3883	0.0232	
1.47	0.568	0.668	1.5438	-2.088	-0.5753	
1.48	0.2644	0.7644	1.1869	-1.6166	-0.1304	
1.49	0.0581	0.9732	0.9195	-1.0271	0.8661	
1.5	-0.1669	1.0652	0.699	-0.5418	1.3297	
1.51	-0.3476	1.0242	0.4493	-0.6416	0.8286	
1.52	-0.5607	1.1521	0.2491	-1.2125	-0.1449	
1.53	-0.7463	1.1439	0.0919	-1.9796	-0.6796	
1.54	-0.8324	1.2852	-0.0382	-2.7908	-0.1741	
1.55	-0.9796	1.1785	-0.1089	-2.5545	0.7346	
1.56	-1.0089	1.0615	-0.1187	-1.6404	1.2495	
1.57	-0.9495	1.1122	-0.0987	-0.7234	0.7645	
1.58	-1.0004	1.0119	-0.0252	-0.2727	-0.2956	
1.59	-0.8933	0.9056	0.0829	-0.5264	-0.8075	
1.6	-0.9006	0.9586	0.243	-1.1922	-0.2125	
1.61	-0.8604	0.9012	0.3656	-1.7157	0.8017	
1.62	-0.7064	0.8041	0.5344	-1.5313	1.1614	
1.63	-0.5116	0.767	0.6632	-0.8478	0.5534	
1.64	-0.3252	0.6428	0.828	0.1581	-0.4334	
1.65	-0.1146	0.5931	0.9508	0.7555	-0.8103	
1.66	0.084	0.6591	1.0504	0.8832	-0.2619	
1.67	0.3343	0.649	0.9319	0.2423	0.7772	
1.68	0.5284	0.6432	1.0097	-0.4706	1.0911	
1.69	0.7665	0.7064	0.8965	-0.8403	0.4529	
1.7	0.9382	0.843	0.7007	-0.6631	-0.5885	
1.71	1.2652	0.7719	0.6254	0.0707	-0.9325	
1.72	1.598	0.8657	0.3411	0.6661	-0.2551	
1.73	1.528	0.9565	0.1	0.8069	0.7606	
1.74	1.9875	1.2372	-0.191	0.1236	1.0216	
1.75	2.0429	1.2481	-0.4284	-0.7914	0.3706	
1.76	2.0621	1.4352	-0.7637	-1.6657	-0.6074	
1.77	2.4975	1.4431	-1.0919	-1.9977	-1.0063	
1.78	2.4791	1.6136	-1.2905	-1.3779	-0.2471	
1.79	2.693	1.7621	-1.4221	-0.8883	0.6762	
1.8	2.5827	1.8602	-1.5427	-0.5534	0.9213	
1.81	2.6842	1.7754	-1.9016	-0.8986	0.2481	
1.82	2.45	1.9655	-1.6334	-1.6707	-0.7389	
1.83	2.252	1.9523	-1.7622	-2.6505	-1.0277	
1.84	2.6547	1.7121	-1.664	-2.8418	-0.2021	
1.85	2.4737	1.8278	-1.4815	-2.6564	0.8269	
1.86	2.0467	1.731	-1.5509	-1.6445	0.8827	
1.87	2.278	1.3811	-1.1893	-1.0823	0.1591	
1.88	2.1248	1.3727	-0.9882	-0.8719	-0.8454	
1.89	1.8426	1.1357	-0.8605	-1.3016	-1.007	
1.9	1.6265	0.9912	-0.5478	-1.8618	-0.158	
1.91	1.601	0.6406	-0.4041	-2.4253	0.7285	
1.92	1.2238	0.4065	-0.2529	-2.1181	0.9692	
1.93	1.1913	0.1771	-0.11	-1.1341	0.1123	
1.94	0.9225	-0.069	-0.0155	-0.1814	-0.8455	
1.95	0.8327	-0.3379	0.0182	0.4202	-0.8815	
1.96	0.7451	-0.5395	0.0045	0.2595	-0.0718	
1.97	0.6309	-0.7206	-0.0581	-0.3037	0.8066	
1.98	0.5326	-0.8736	-0.1575	-1.0086	0.9996	
1.99	0.4384	-1.0489	-0.318	-1.1229	0.0823	
2.0	0.2958	-1.2748	-0.4666	-0.5352	-0.8211	
2.01	0.2552	-1.2776	-0.6745	0.3613	-0.7979	
2.02	0.237	-1.3487	-0.8301	0.981	0.0205	
2.03	0.2122	-1.3475	-1.1428	0.9232	0.8457	
2.04	0.2285	-1.2648	-1.3554	0.2467	0.861	
2.05	0.2377	-1.2225	-1.3145	-0.7155	0.0665	
2.06	0.2837	-1.2741	-1.7038	-1.1883	-0.8597	
2.07	0.2816	-0.937	-1.7246	-1.362	-0.7032	
2.08	0.3892	-0.842	-1.5939	-0.7506	0.1265	
2.09	0.3896	-0.6048	-1.4791	-0.1558	1.0038	
2.1	0.4699	-0.3515	-1.498	-0.0218	0.9223	
2.11	0.5799	-0.1071	-1.371	-0.594	0.0557	
2.12	0.5739	0.1651	-1.3092	-1.4136	-0.7853	
2.13	0.6489	0.4489	-0.8901	-2.4845	-0.6118	
2.14	0.8057	0.6774	-0.7372	-2.6265	0.2386	
2.15	0.8409	1.0651	-0.4022	-2.2232	1.1202	
2.16	0.9608	1.1343	-0.1497	-1.3054	0.9207	
2.17	0.9951	1.5986	0.1014	-0.8085	0.0754	
2.18	0.9359	1.7452	0.3252	-0.9168	-0.728	
2.19	1.0519	1.9659	0.5478	-1.5947	-0.5018	
2.2	0.9191	1.9765	0.688	-2.2577	0.4391	
2.21	1.0516	2.1584	0.8306	-2.292	1.1032	
2.22	0.9899	2.3107	0.8543	-1.8253	1.0989	
2.23	0.9192	2.2151	0.9008	-1.0152	0.0968	
2.24	0.9649	2.1801	0.9579	-0.0822	-0.667	
2.25	0.8633	2.0586	0.8356	0.3441	-0.3761	
2.26	0.9121	1.9887	0.6863	0.1052	0.557	
2.27	0.835	1.7482	0.466	-0.5345	1.2137	
2.28	0.7957	1.5863	0.3273	-0.866	1.1051	
2.29	0.7611	1.4493	0.1195	-0.7502	0.1495	
2.3	0.7228	1.0911	-0.0908	-0.0121	-0.5484	
2.31	0.7215	0.8228	-0.2947	0.8551	-0.2569	
2.32	0.5828	0.5175	-0.3872	1.3496	0.7667	
2.33	0.588	0.3088	-0.6042	1.4131	1.3784	
2.34	0.5569	0.0373	-0.6629	0.6816	1.1862	
2.35	0.5657	-0.225	-0.6313	-0.119	0.1972	
2.36	0.6037	-0.4157	-0.6207	-0.5275	-0.482	
2.37	0.6404	-0.6196	-0.6031	-0.2326	-0.0979	
2.38	0.559	-0.779	-0.47	0.4804	0.8444	
2.39	0.6259	-0.9396	-0.2513	0.9562	1.4835	
2.4	0.7532	-1.0977	-0.0651	1.016	1.1452	
2.41	0.7813	-1.2588	0.1507	0.2608	0.2515	
2.42	0.8632	-1.3659	0.4122	-0.7625	-0.3632	
2.43	1.0321	-1.2227	0.6931	-1.5431	0.0637	
2.44	1.0987	-1.4781	0.8955	-1.6464	1.1839	
2.45	1.2764	-1.2137	1.0183	-0.9412	1.5451	
2.46	1.279	-1.3676	1.191	-0.3425	1.3425	
2.47	1.3639	-1.1702	1.3615	0.0069	0.3217	
2.48	1.6233	-1.013	1.5302	-0.3348	-0.2256	
2.49	1.5487	-0.9454	1.3815	-1.151	0.2318	
2.5	1.6085	-0.8729	1.4009	-1.6214	1.2784	
2.51	2.0095	-0.684	1.2762	-2.1161	1.799	
2.52	1.7944	-0.5851	1.2	-1.2649	1.4672	
2.53	1.967	-0.4406	1.0103	-0.4139	0.3684	
2.54	2.2638	-0.3058	0.7307	0.3403	-0.0966	
2.55	2.1671	-0.2142	0.4648	0.6258	0.4334	
2.56	2.3106	-0.1438	0.2528	0.1824	1.3517	
2.57	2.2463	-0.0711	0.0181	-0.435	1.8848	
2.58	2.1338	-0.0139	-0.2175	-0.7255	1.3952	
2.59	2.1893	0.0181	-0.4082	-0.3059	0.4217	
2.6	1.856	0.0328	-0.5975	0.6154	0.0145	
2.61	1.6553	0.0248	-0.7329	1.5279	0.5929	
2.62	1.7909	-0.0035	-0.6732	2.2155	1.5228	
2.63	1.5878	-0.0455	-0.8158	1.906	1.9969	
2.64	1.4565	-0.0917	-0.65	1.1013	1.629	
2.65	1.1696	-0.1762	-0.6739	0.524	0.5257	
2.66	1.0546	-0.2438	-0.5082	0.3972	0.1364	
2.67	0.836	-0.3034	-0.287	0.9481	0.6834	
2.68	0.5392	-0.3828	-0.1022	1.6656	1.8828	
2.69	0.3346	-0.4512	0.1101	2.0631	2.2999	
2.7	0.1636	-0.5216	0.3063	2.0939	1.4584	
2.71	-0.0437	-0.5634	0.4844	1.2466	0.5574	
2.72	-0.253	-0.5713	0.7003	0.1953	0.2402	
2.73	-0.4272	-0.5598	0.9482	-0.3421	0.8204	
2.74	-0.5713	-0.5837	0.9708	-0.3059	1.9156	
2.75	-0.7503	-0.495	0.9569	0.2993	2.2826	
2.76	-0.9061	-0.4787	1.1319	0.8701	1.5191	
2.77	-0.8687	-0.4346	0.9237	0.9933	0.5917	
2.78	-0.9951	-0.387	0.9398	0.4199	0.3587	
2.79	-1.1348	-0.2521	0.7052	-0.4416	1.0927	
2.8	-1.1114	-0.1671	0.5323	-1.2141	2.1565	
2.81	-1.0942	-0.0617	0.357	-1.2971	2.3632	
2.82	-0.893	0.0525	0.1058	-0.6239	1.6086	
2.83	-0.8672	0.1529	-0.1302	0.255	0.6279	
2.84	-0.6945	0.2653	-0.362	0.8082	0.451	
2.85	-0.56	0.3507	-0.5354	0.8701	1.1305	
2.86	-0.4368	0.4272	-0.755	0.2333	2.1267	
2.87	-0.1999	0.4596	-0.8439	-0.3523	2.1687	
2.88	0.0019	0.4929	-0.9935	-0.5082	1.6513	
2.89	0.2543	0.4835	-1.0355	0.0515	0.6296	
2.9	0.5071	0.4993	-0.9939	0.9554	0.4539	
2.91	0.7693	0.3791	-0.9056	1.9145	1.3743	
2.92	0.9325	0.3005	-0.746	2.4496	2.1548	
2.93	1.2532	0.2058	-0.5679	1.9093	2.585	
2.94	1.3838	0.0553	-0.4283	1.2783	1.5586	
2.95	1.7672	-0.1244	-0.1956	0.8824	0.6022	
2.96	1.738	-0.3481	0.0663	0.9666	0.562	
2.97	2.1624	-0.5305	0.2907	1.8381	1.3339	
2.98	2.4735	-0.8052	0.579	2.6749	2.2281	
2.99	2.2172	-0.9535	0.7526	3.0551	2.5563	
3.0	2.481	-1.2411	0.8972	2.7657	1.6411	
3.01	2.4919	-1.455	1.1047	1.8692	0.6833	
3.02	2.7411	-1.8264	1.0333	0.859	0.6173	
3.03	2.6449	-2.0908	1.2176	0.4954	1.3704	
3.04	2.7015	-2.3279	1.0015	0.7765	2.365	
3.05	2.6808	-2.5469	0.9798	1.4515	2.3274	
3.06	2.3367	-2.4574	0.8405	1.6994	1.4966	
3.07	2.3816	-2.4681	0.7634	1.6151	0.5673	
3.08	1.9941	-2.5688	0.5194	0.925	0.6198	
3.09	2.2366	-2.7618	0.3182	-0.0889	1.5988	
3.1	1.9598	-2.6701	0.0853	-0.6632	2.26	
3.11	1.4908	-2.366	-0.1326	-0.6468	2.1366	
3.12	1.4691	-2.6983	-0.3191	-0.0623	1.5167	
3.13	1.107	-2.2716	-0.4844	0.7432	0.5722	
3.14	0.8912	-2.1119	-0.5996	0.9521	0.609	
3.15	0.6941	-1.8331	-0.7528	0.6891	1.5223	
3.16	0.4389	-1.6101	-0.7308	-0.0282	2.2675	
3.17	0.1523	-1.3628	-0.7076	-0.6694	2.1245	
3.18	-0.0707	-1.238	-0.5863	-0.6617	1.4109	
3.19	-0.267	-0.7693	-0.5482	0.0192	0.4434	
3.2	-0.4408	-0.5245	-0.353	0.9297	0.536	
3.21	-0.6722	-0.3124	-0.165	1.8013	1.5931	
3.22	-0.7868	-0.0164	0.0449	1.9092	2.3043	
3.23	-0.8749	0.2179	0.2574	1.472	1.962	
3.24	-1.0597	0.4379	0.4718	0.8837	1.0715	
3.25	-0.9865	0.6091	0.6369	0.5997	0.342	
3.26	-1.0862	0.8412	0.8665	1.0059	0.5534	
3.27	-1.1153	0.9503	1.072	1.7779	1.6427	
3.28	-1.1622	0.9449	1.1659	2.3855	2.4194	
3.29	-1.1545	0.9714	1.2091	2.9425	1.8438	
3.3	-0.9959	1.0541	1.215	2.3253	0.9505	
3.31	-0.8439	0.9257	1.072	1.7398	0.2425	
3.32	-0.7431	0.8334	0.9319	0.8794	0.5226	
3.33	-0.654	0.6428	0.813	0.7724	1.549	
3.34	-0.502	0.5565	0.5324	1.1974	2.3302	
3.35	-0.346	0.3371	0.3239	1.9426	1.8664	
3.36	-0.1731	0.1179	0.0783	2.2578	0.8559	
3.37	-0.0056	-0.1506	-0.1871	1.8823	0.1156	
3.38	0.1633	-0.4107	-0.3994	0.915	0.4445	
3.39	0.364	-0.6108	-0.6286	-0.088	1.2813	
3.4	0.4603	-0.981	-0.826	-0.6391	2.1129	
3.41	0.6699	-1.2373	-1.0588	-0.5193	1.6891	
3.42	0.8058	-1.517	-1.0938	0.1428	0.594	
3.43	0.9377	-1.4992	-1.1758	0.6625	-0.036	
3.44	0.99	-1.954	-1.3167	0.7303	0.287	
3.45	1.1774	-1.8612	-1.1159	0.2006	1.3415	
3.46	1.1591	-1.9571	-1.1064	-0.6643	1.9962	
3.47	1.2656	-2.3054	-1.0562	-1.2949	1.4623	
3.48	1.231	-2.5123	-0.803	-1.0432	0.3826	
3.49	1.3256	-2.1627	-0.5837	-0.4771	-0.2094	
3.5	1.2068	-2.2856	-0.4156	0.4889	0.1842	
3.51	1.2284	-2.097	-0.1935	1.0146	1.2021	
3.52	1.132	-2.0512	-0.0264	0.9392	1.5609	
3.53	1.2233	-1.9393	0.1431	0.3621	1.1889	
3.54	0.9526	-1.9765	0.2279	-0.193	0.1982	
3.55	0.9399	-1.9695	0.3366	-0.308	-0.359	
3.56	0.9366	-1.6827	0.3348	0.2818	0.0802	
3.57	0.8001	-1.7667	0.3591	1.1658	1.1431	
3.58	0.6852	-1.4866	0.2759	1.8659	1.6412	
3.59	0.6183	-1.252	0.13	2.0795	0.893	
3.6	0.4657	-1.2763	-0.0466	1.6293	-0.05	
3.61	0.4218	-1.1234	-0.2277	0.8118	-0.5685	
3.62	0.3455	-1.0214	-0.5192	0.4052	-0.0553	
3.63	0.2969	-0.9016	-0.7338	0.4779	0.8589	
3.64	0.2183	-0.7975	-0.9383	1.1265	1.3462	
3.65	0.177	-0.6704	-1.0812	1.8661	0.6771	
3.66	0.1287	-0.7022	-1.5381	2.0866	-0.3074	
3.67	0.1168	-0.5855	-1.4199	1.4832	-0.7559	
3.68	0.0841	-0.6963	-1.5897	0.5019	-0.1836	
3.69	0.0973	-0.7274	-1.9273	-0.4377	0.7385	
3.7	0.1017	-0.648	-1.6906	-0.8703	1.2518	
3.71	0.1228	-0.7304	-1.6402	-0.5091	0.4534	
3.72	0.1411	-0.805	-1.7619	0.0599	-0.5464	
3.73	0.1772	-0.7822	-1.5449	0.4771	-0.9103	
3.74	0.2024	-0.9785	-1.3365	0.2495	-0.3666	
3.75	0.2545	-0.9849	-1.0537	-0.4982	0.5671	
3.76	0.2846	-1.1101	-0.9206	-1.426	1.0174	
3.77	0.3127	-1.0454	-0.5874	-1.9654	0.2079	
3.78	0.3479	-1.0813	-0.363	-1.7346	-0.8112	
3.79	0.3176	-1.1123	-0.0955	-0.9671	-1.1454	
3.8	0.3599	-1.027	0.1049	-0.2844	-0.5074	
3.81	0.3644	-1.0239	0.2954	0.0314	0.4262	
3.82	0.3576	-1.0939	0.435	-0.2704	0.6826	
3.83	0.35	-0.9053	0.5349	-0.9586	-0.0315	
3.84	0.3271	-0.842	0.545	-1.3314	-1.0821	
3.85	0.2335	-0.76	0.5674	-1.2858	-1.2981	
3.86	0.2028	-0.5836	0.531	-0.6127	-0.6705	
3.87	0.1378	-0.5006	0.3712	0.3279	0.3427	
3.88	0.0429	-0.3981	0.2719	1.1175	0.4938	
3.89	-0.0548	-0.3097	0.0967	1.1515	-0.3063	
3.9	-0.1383	-0.1824	-0.0753	0.4844	-1.2355	
3.91	-0.2447	-0.0673	-0.2638	-0.1871	-1.4022	
3.92	-0.3628	0.0251	-0.4098	-0.5206	-0.6885	
3.93	-0.4638	0.1005	-0.61	-0.1054	0.162	
3.94	-0.6292	0.1589	-0.5993	0.6287	0.2656	
3.95	-0.6753	0.184	-0.6891	1.2139	-0.5165	
3.96	-0.7445	0.1795	-0.7559	1.3389	-1.3772	
3.97	-0.9618	0.1595	-0.6585	0.7565	-1.5447	
3.98	-0.9556	0.0901	-0.5903	-0.1145	-0.7859	
3.99	-1.0198	0.0059	-0.4792	-0.834	0.0197	
4.0	-1.1059	-0.1125	-0.2399	-1.065	0.0879	
4.01	-1.2257	-0.2724	-0.0157	-0.5699	-0.8007	
4.02	-1.3031	-0.4146	0.2507	-0.0208	-1.8359	
4.03	-1.2851	-0.5852	0.5406	0.2127	-1.8784	
4.04	-1.1547	-0.8354	0.8706	-0.2242	-1.0487	
4.05	-1.017	-0.9847	1.071	-1.2747	-0.1269	
4.06	-0.9972	-1.2886	1.2599	-2.295	-0.1147	
4.07	-0.9918	-1.587	1.5273	-2.4571	-1.0059	
4.08	-0.8108	-1.8192	1.8555	-2.1838	-1.9373	
4.09	-0.6904	-1.8664	2.0513	-1.4218	-2.0587	
4.1	-0.5333	-1.9771	2.1714	-0.837	-1.001	
4.11	-0.3946	-2.1942	2.0608	-0.8326	-0.2235	
4.12	-0.2145	-2.4656	2.2003	-1.249	-0.3211	
4.13	-0.0173	-2.2438	2.1337	-2.3035	-1.251	
4.14	0.1599	-2.5559	1.7817	-2.3383	-1.9246	
4.15	0.3722	-2.6865	1.5923	-2.459	-1.8642	
4.16	0.5792	-2.7065	1.4168	-1.3729	-1.1644	
4.17	0.7973	-2.3987	1.2568	-0.4421	-0.3686	
4.18	0.938	-2.507	1.1338	0.0856	-0.4206	
4.19	0.9973	-2.0765	0.9325	-0.0499	-1.2788	
4.2	1.3029	-1.8585	0.6021	-0.6356	-2.3587	
4.21	1.3126	-1.7027	0.5306	-1.1827	-2.3325	
4.22	1.406	-1.6991	0.3979	-1.118	-1.3216	
4.23	1.5143	-1.4078	0.3253	-0.659	-0.4829	
4.24	1.5754	-1.1154	0.3	0.3082	-0.5628	
4.25	1.3966	-0.6812	0.3317	0.858	-1.4442	
4.26	1.5354	-0.4315	0.4431	0.9386	-2.2906	
4.27	1.3326	-0.1148	0.5267	0.3121	-2.3801	
4.28	1.2783	0.157	0.6532	-0.5749	-1.2124	
4.29	1.3612	0.4566	0.8995	-0.9872	-0.5086	
4.3	1.0574	0.6672	1.0715	-1.0611	-0.7276	
4.31	1.0194	0.9284	1.3256	-0.4233	-1.7921	
4.32	0.7044	1.0685	1.4997	0.1906	-2.2946	
4.33	0.5643	1.3455	1.6557	0.2459	-2.2447	
4.34	0.2706	1.4652	1.858	-0.3214	-1.3816	
4.35	0.0486	1.402	1.9667	-1.2816	-0.5611	
4.36	-0.1881	1.5566	1.7198	-2.055	-0.8842	
4.37	-0.4561	1.357	1.9288	-2.4784	-1.9157	
4.38	-0.675	1.2744	1.7483	-2.0812	-2.5788	
4.39	-1.0732	1.2387	1.6866	-1.3388	-2.139	
4.4	-1.2598	0.9934	1.3596	-0.9281	-1.2297	
4.41	-1.4407	0.8396	1.2935	-1.0183	-0.6006	
4.42	-1.6951	0.6936	1.0076	-1.9908	-1.0332	
4.43	-1.7483	0.4346	0.6578	-2.5393	-1.7718	
4.44	-1.9015	0.2422	0.3271	-2.8263	-2.6348	
4.45	-2.0609	-0.0191	0.0003	-2.4485	-2.0576	
4.46	-2.2772	-0.2676	-0.3089	-1.5135	-1.1317	
4.47	-2.4108	-0.4671	-0.6333	-0.8519	-0.564	
4.48	-2.5664	-0.7844	-0.8485	-0.4921	-0.948	
4.49	-2.5179	-0.8681	-0.9967	-0.6857	-1.9581	
4.5	-2.3593	-1.2519	-1.2756	-1.3149	-2.4392	
4.51	-2.2659	-1.3399	-1.2674	-1.6684	-2.0585	
4.52	-2.4495	-1.4382	-1.382	-1.499	-1.2514	
4.53	-2.0841	-1.6162	-1.2117	-0.7961	-0.6433	
4.54	-2.1352	-1.6296	-1.3143	0.2228	-1.1191	
4.55	-1.655	-1.7558	-1.0236	0.8433	-2.0234	
4.56	-1.508	-1.7934	-1.1084	0.6916	-2.7789	
4.57	-1.3306	-1.5121	-0.822	0.0997	-2.2034	
4.58	-1.1725	-1.614	-0.653	-0.6321	-1.0651	
4.59	-0.9882	-1.3326	-0.5839	-0.9482	-0.5547	
4.6	-0.7393	-1.4736	-0.446	-0.4758	-0.9999	
4.61	-0.4518	-1.203	-0.3055	0.2396	-2.172	
4.62	-0.2098	-1.0194	-0.2723	0.8383	-2.6091	
4.63	0.0099	-0.9242	-0.2611	0.7666	-2.1058	
4.64	0.2498	-0.6933	-0.2713	0.0639	-0.9682	
4.65	0.4702	-0.509	-0.3316	-0.9849	-0.5905	
4.66	0.6541	-0.3709	-0.4521	-1.7865	-1.1405	
4.67	0.7391	-0.2554	-0.6392	-1.7464	-2.2844	
4.68	0.8127	-0.0973	-0.9292	-1.3074	-2.6951	
4.69	1.0808	0.0157	-1.0625	-0.5902	-1.9311	
4.7	1.1862	0.1219	-1.3033	-0.352	-0.9186	
4.71	1.1258	0.2043	-1.594	-0.7852	-0.4525	
4.72	1.193	0.2705	-1.7578	-1.5784	-0.9939	
4.73	1.102	0.329	-2.0014	-2.3788	-2.1504	
4.74	1.0183	0.3086	-2.4899	-2.7785	-2.517	
4.75	0.9158	0.3066	-2.7517	-1.9408	-1.7734	
4.76	0.8276	0.2902	-2.6876	-1.1705	-0.7031	
4.77	0.839	0.2921	-2.8019	-0.5447	-0.4129	
4.78	0.6587	0.2462	-2.5248	-0.3911	-1.0851	
4.79	0.4606	0.1988	-2.5041	-0.8119	-2.2228	
4.8	0.2762	0.1745	-2.6659	-1.6187	-2.3129	
4.81	0.1193	0.1134	-2.5146	-1.9186	-1.7031	
4.82	-0.0762	0.0757	-2.3507	-1.3485	-0.5976	
4.83	-0.2616	0.0397	-1.9684	-0.4012	-0.334	
4.84	-0.4681	0.0127	-1.574	0.5795	-0.9994	
4.85	-0.6975	0.0048	-1.498	1.1244	-1.9829	
4.86	-0.8275	0.0127	-1.0224	0.8931	-2.2802	
4.87	-0.9449	0.037	-0.8278	0.2367	-1.4759	
4.88	-1.2374	0.0744	-0.5829	-0.3126	-0.4918	
4.89	-1.3567	0.1528	-0.4094	-0.3206	-0.2402	
4.9	-1.562	0.2015	-0.2604	0.293	-0.9661	
4.91	-1.5204	0.2908	-0.1807	1.1427	-1.9944	
4.92	-1.7873	0.4216	-0.1264	1.6176	-2.2126	
4.93	-1.5644	0.4953	-0.1193	1.5056	-1.383	
4.94	-1.5697	0.6878	-0.1691	0.7371	-0.3183	
4.95	-1.707	0.829	-0.237	-0.1173	-0.1338	
4.96	-1.6463	0.8889	-0.3831	-0.5988	-0.8379	
4.97	-1.6672	0.9841	-0.5132	-0.5099	-1.7802	
4.98	-1.6103	1.1931	-0.6585	0.1171	-1.9354	
4.99	-1.625	1.0914	-0.8291	0.6418	-1.0876	
5.0	-1.7322	1.2431	-0.9058	0.7095	-0.1672	
5.01	-1.3857	1.4253	-0.9409	0.0821	-0.0329	
5.02	-1.5377	1.2419	-1.1006	-0.9348	-0.8998	
5.03	-1.3682	1.423	-1.0103	-1.4829	-1.5779	
5.04	-1.166	1.3995	-1.0522	-1.7339	-1.717	
5.05	-1.2247	1.1461	-0.8952	-1.1883	-0.9439	
5.06	-1.1503	1.2222	-0.7266	-0.3486	0.005	
5.07	-0.9737	1.056	-0.5502	0.1178	0.0725	
5.08	-0.8411	0.9061	-0.2845	-0.0145	-0.7985	
5.09	-0.7919	0.6333	0.0294	-0.6461	-1.653	
5.1	-0.8272	0.463	0.3511	-1.2734	-1.7586	
5.11	-0.6895	0.2969	0.7229	-1.5398	-0.7409	
5.12	-0.7084	0.0531	0.9032	-0.9547	0.1638	
5.13	-0.6782	-0.173	1.1975	0.1298	0.1534	
5.14	-0.6792	-0.3639	1.6126	1.0731	-0.6475	
5.15	-0.66	-0.5918	1.9271	1.327	-1.5042	
5.16	-0.6333	-0.7192	2.0972	0.9401	-1.5331	
5.17	-0.6948	-1.0027	2.0741	0.3709	-0.4822	
5.18	-0.6992	-1.0376	2.5062	0.04	0.3397	
5.19	-0.6656	-1.1637	2.4845	0.3247	0.2805	
5.2	-0.7457	-1.1555	2.145	1.0151	-0.6251	
5.21	-0.7636	-1.2357	2.2581	2.1483	-1.5445	
5.22	-0.8663	-1.2919	2.2752	2.6222	-1.3402	
5.23	-0.8921	-1.1095	2.1867	2.4088	-0.3314	
5.24	-0.8586	-1.1705	1.9788	1.5023	0.5039	
5.25	-0.9167	-0.9488	1.7529	0.7207	0.3594	
5.26	-0.9539	-0.8683	1.3905	0.384	-0.5348	
5.27	-1.0774	-0.6251	1.4379	0.7522	-1.2385	
5.28	-1.0079	-0.3771	1.2901	1.2987	-1.0636	
5.29	-1.0753	-0.1122	1.1515	2.0258	-0.1855	
5.3	-0.9632	0.1688	0.9625	1.7556	0.6452	
5.31	-1.04	0.4428	0.8864	0.9865	0.4155	
5.32	-0.9066	0.8104	0.9596	-0.0267	-0.5379	
5.33	-0.9461	1.0371	0.931	-0.6228	-1.3483	
5.34	-0.8855	1.3816	1.1952	-0.5803	-0.945	
5.35	-0.7435	1.4944	1.186	-0.0447	-0.0144	
5.36	-0.7247	1.9926	1.3913	0.5956	0.6803	
5.37	-0.5792	2.1556	1.5225	0.9067	0.5131	
5.38	-0.6012	2.4575	1.9617	0.4596	-0.4997	
5.39	-0.432	2.6491	2.1189	-0.3519	-1.2734	
5.4	-0.3745	2.671	2.1269	-0.9506	-0.831	
5.41	-0.2979	2.8074	2.2336	-1.1075	0.1361	
5.42	-0.2102	2.4632	2.6009	-0.3641	0.7784	
5.43	-0.122	2.5711	2.4697	0.5301	0.4705	
5.44	-0.0571	2.445	2.3283	1.3528	-0.4313	
5.45	-0.0098	2.3404	2.249	1.4828	-1.1607	
5.46	0.028	2.4973	2.2553	0.9742	-0.6802	
5.47	0.0441	2.1029	2.2652	0.3384	0.2734	
5.48	0.05	2.0414	1.8841	0.1244	0.8651	
5.49	0.0302	1.9811	1.7358	0.6297	0.515	
5.5	-0.0106	1.5892	1.4219	1.6393	-0.4643	
5.51	-0.0752	1.2231	1.1524	2.5516	-1.1306	
5.52	-0.166	1.1086	0.721	2.7229	-0.6257	
5.53	-0.2362	0.8228	0.4068	2.3953	0.3914	
5.54	-0.3415	0.5307	0.1115	1.8077	0.9476	
5.55	-0.5283	0.3066	-0.1708	1.1782	0.5422	
5.56	-0.6949	0.1095	-0.4156	0.9548	-0.4751	
5.57	-0.9085	-0.0833	-0.6335	1.7461	-1.0355	
5.58	-0.9532	-0.2194	-0.7871	2.3598	-0.5396	
5.59	-1.2004	-0.3277	-0.9242	2.5926	0.4816	
5.6	-1.5158	-0.4705	-1.0012	2.1933	1.0576	
5.61	-1.6439	-0.5211	-0.908	1.3993	0.471	
5.62	-1.856	-0.5197	-0.8204	0.5077	-0.5192	
5.63	-2.081	-0.5375	-0.8793	0.0112	-1.0831	
5.64	-1.9239	-0.4158	-0.7103	0.1969	-0.4523	
5.65	-2.0851	-0.4101	-0.5772	0.7211	0.5007	
5.66	-2.4188	-0.2736	-0.467	1.4165	0.964	
5.67	-2.5305	-0.1434	-0.3016	1.3182	0.4415	
5.68	-2.5053	-0.0011	-0.2413	0.6267	-0.5507	
5.69	-2.6819	0.1544	-0.1616	-0.3056	-0.9242	
5.7	-2.5533	0.3314	-0.1649	-0.9366	-0.3926	
5.71	-2.9275	0.5261	-0.1783	-0.8055	0.5544	
5.72	-2.4214	0.6318	-0.2717	-0.1954	0.919	
5.73	-2.6235	0.7884	-0.3495	0.6724	0.425	
5.74	-2.527	0.8447	-0.5718	1.1328	-0.6692	
5.75	-2.31	1.0325	-0.8439	0.915	-1.0463	
5.76	-2.2349	1.2791	-1.0953	0.3641	-0.4051	
5.77	-1.9239	1.145	-1.2096	-0.2202	0.6371	
5.78	-1.8397	1.4375	-1.7366	-0.2533	1.0308	
5.79	-1.8034	1.424	-1.734	0.3628	0.2878	
5.8	-1.4874	1.4929	-2.1881	1.4098	-0.6549	
5.81	-1.3172	1.3986	-2.4823	2.2837	-1.0779	
5.82	-1.0728	1.2537	-2.5458	2.1587	-0.3823	
5.83	-0.8174	1.2873	-2.7372	1.9369	0.6459	
5.84	-0.4661	1.2524	-2.9862	1.1106	0.9273	
5.85	-0.2722	1.1276	-2.8277	0.7631	0.1967	
5.86	-0.0412	1.22	-3.1926	1.0907	-0.8334	
5.87	0.1639	1.0733	-2.8152	1.8313	-1.0862	
5.88	0.3707	0.9782	-3.009	2.7191	-0.3407	
5.89	0.601	0.9593	-2.869	2.9842	0.5518	
5.9	0.6799	0.9025	-2.4786	2.4998	0.7573	
5.91	0.853	0.9773	-2.2076	1.3751	0.0743	
5.92	0.9483	0.9356	-1.7668	0.539	-0.9198	
5.93	0.9567	0.9878	-1.5494	0.1893	-1.1119	
5.94	1.06	0.9146	-1.3548	0.4971	-0.4066	
5.95	1.0441	1.0429	-1.182	1.0742	0.5099	
5.96	0.8998	0.935	-1.0178	1.5531	0.6567	
5.97	0.9158	1.1939	-0.8736	1.1301	-0.0683	
5.98	0.7967	1.1728	-0.6373	0.3266	-0.9856	
5.99	0.5691	1.3272	-0.604	-0.6312	-1.2647	
6.0	0.4284	1.2699	-0.6305	-1.2481	-0.3701	
6.01	0.253	1.4668	-0.5976	-0.9961	0.5172	
6.02	0.0471	1.6127	-0.7362	-0.3456	0.5726	
6.03	-0.1737	1.7773	-0.753	0.3339	-0.2135	
6.04	-0.4159	1.7224	-0.9889	0.4897	-1.1451	
6.05	-0.6702	1.8759	-0.9796	0.1184	-1.1956	
6.06	-0.9131	1.9632	-1.1817	-0.6857	-0.4803	
6.07	-1.2041	1.8317	-1.2907	-1.169	0.4851	
6.08	-1.5018	2.1643	-1.4913	-1.1072	0.5208	
6.09	-1.7081	1.8224	-1.4718	-0.3701	-0.3956	
6.1	-1.8919	1.981	-1.6729	0.6057	-1.1869	
6.11	-2.0927	1.8358	-1.6463	1.3192	-1.3906	
6.12	-2.4093	1.7917	-1.4009	1.2099	-0.5215	
6.13	-2.3402	1.6491	-1.2004	0.8259	0.3744	
6.14	-2.3526	1.4111	-1.1558	0.1342	0.3759	
6.15	-2.7647	1.2081	-0.7942	-0.0518	-0.5173	
6.16	-2.5683	1.1871	-0.5725	0.3787	-1.5223	
6.17	-2.9331	0.9782	-0.2802	1.3302	-1.446	
6.18	-2.9944	0.7021	0.0373	1.9508	-0.5388	
6.19	-2.8372	0.4152	0.414	2.1686	0.2695	
6.2	-2.4961	0.2165	0.7448	1.612	0.1864	
6.21	-2.4967	-0.0038	1.092	0.7432	-0.7594	
6.22	-2.4834	-0.2283	1.3311	0.0515	-1.6312	
6.23	-2.2325	-0.4176	1.5057	-0.0249	-1.518	
6.24	-2.1841	-0.5492	1.7607	0.4346	-0.6109	
6.25	-1.9867	-0.6333	1.7621	1.0853	0.2024	
6.26	-2.0359	-0.8267	2.2254	1.3316	0.038	
6.27	-1.6659	-0.8432	2.1192	0.738	-0.9022	
6.28	-1.5714	-0.8908	1.9404	-0.1659	-1.6041	
6.29	-1.2563	-0.842	1.9123	-1.0502	-1.6167	
6.3	-1.0031	-0.8622	2.0	-1.667	-0.6842	
6.31	-0.8695	-0.6946	1.8139	-1.4353	0.09	
6.32	-0.6272	-0.5854	1.5397	-0.6619	-0.1106	
6.33	-0.5239	-0.3903	1.5305	-0.1389	-1.1093	
6.34	-0.33	-0.1713	1.2227	-0.1927	-2.0072	
6.35	-0.1907	0.0764	0.9827	-0.8606	-1.5002	
6.36	-0.0544	0.3155	1.0457	-1.7265	-0.7417	
6.37	0.0478	0.6525	0.788	-2.2055	-0.0033	
6.38	0.1455	0.9676	0.8496	-1.9129	-0.2742	
6.39	0.1838	1.1756	0.8271	-1.0959	-1.3898	
6.4	0.2114	1.4207	0.8002	-0.3071	-1.827	
6.41	0.2618	1.7336	0.9609	0.1953	-1.6258	
6.42	0.2466	2.0508	1.0084	-0.0041	-0.8319	
6.43	0.2205	2.2027	1.3822	-0.5593	-0.0939	
6.44	0.1541	2.5363	1.5002	-1.1547	-0.4428	
6.45	0.1018	2.7452	1.857	-1.0897	-1.5233	
6.46	0.018	2.8916	2.0838	-0.4408	-2.1182	
6.47	-0.068	2.8613	2.3295	0.5372	-1.7775	
6.48	-0.1864	2.5606	2.277	1.305	-0.8472	
6.49	-0.261	2.9491	2.4727	1.2701	-0.1867	
6.5	-0.4212	2.9139	2.6121	0.6991	-0.5467	
6.51	-0.4747	2.6262	2.9048	-0.1569	-1.7181	
6.52	-0.62	2.4796	2.875	-0.5395	-2.0593	
6.53	-0.7068	2.0502	2.8071	-0.3885	-1.8593	
6.54	-0.8401	2.1987	2.7167	0.2723	-0.8231	
6.55	-0.906	1.7009	2.1453	0.9203	-0.284	
6.56	-0.9328	1.6551	2.0013	0.95	-0.7664	
6.57	-1.1158	1.3536	1.929	0.3354	-1.5822	
6.58	-1.0873	1.0948	1.519	-0.6612	-2.1527	
6.59	-1.0121	0.7703	1.2543	-1.4058	-1.8869	
6.6	-1.0821	0.4752	0.8392	-1.804	-0.832	
6.61	-1.1096	0.2224	0.6433	-1.3136	-0.325	
6.62	-1.0441	-0.0292	0.3637	-0.695	-0.8629	
6.63	-1.2471	-0.267	0.0754	-0.4629	-1.7759	
6.64	-1.1284	-0.4695	-0.1434	-0.7414	-2.5554	
6.65	-1.0076	-0.6198	-0.2821	-1.5773	-1.8206	
6.66	-1.0167	-0.7583	-0.4034	-2.3596	-0.9276	
6.67	-0.9942	-0.824	-0.496	-2.6752	-0.3953	
6.68	-0.9888	-0.8403	-0.466	-2.5633	-1.0069	
6.69	-0.8699	-0.9285	-0.4571	-1.5725	-1.7526	
6.7	-0.8905	-0.8553	-0.3554	-0.8681	-2.3955	
6.71	-0.7365	-0.8372	-0.3044	-0.7203	-1.6741	
6.72	-0.7272	-0.657	-0.1776	-1.1606	-0.8668	
6.73	-0.728	-0.5806	-0.0266	-1.7909	-0.4492	
6.74	-0.6748	-0.4638	0.0983	-2.0632	-1.0534	
6.75	-0.7357	-0.2992	0.223	-2.0745	-2.1809	
6.76	-0.6544	-0.1863	0.3261	-1.1096	-2.6015	
6.77	-0.6776	-0.0304	0.3581	-0.1375	-1.704	
6.78	-0.692	0.116	0.3566	0.4498	-0.8629	
6.79	-0.7651	0.2699	0.356	0.3799	-0.4225	
6.8	-0.8606	0.3954	0.2351	-0.1981	-0.9933	
6.81	-0.78	0.5809	0.0938	-0.8392	-1.9241	
6.82	-0.9088	0.694	-0.0866	-1.1139	-2.5823	
6.83	-0.96	0.7606	-0.3572	-0.5966	-1.7156	
6.84	-1.1408	0.7914	-0.6253	0.2337	-0.7342	
6.85	-1.1729	0.7738	-0.7903	0.8988	-0.4428	
6.86	-1.1298	0.8649	-1.1502	0.8711	-1.0626	
6.87	-1.2313	0.809	-1.4153	0.1785	-1.9629	
6.88	-1.3481	0.9066	-1.5951	-0.7424	-2.1825	
6.89	-1.4999	0.8321	-1.9321	-1.3227	-1.8002	
6.9	-1.465	0.6956	-1.9865	-1.4101	-0.6276	
6.91	-1.6493	0.7252	-2.2064	-1.0543	-0.3858	
6.92	-1.5069	0.5374	-2.264	-0.3679	-1.0647	
6.93	-1.4531	0.5056	-2.5076	-0.2537	-1.9865	
6.94	-1.4981	0.416	-2.6781	-0.737	-2.2746	
6.95	-1.634	0.377	-2.355	-1.6623	-1.4952	
6.96	-1.5559	0.3079	-2.405	-2.6724	-0.6106	
6.97	-1.4222	0.244	-2.179	-3.0497	-0.3544	
6.98	-1.1994	0.203	-2.0299	-2.3743	-1.1258	
6.99	-1.2195	0.1714	-1.553	-1.7589	-2.173	
7.0	-1.1449	0.1891	-1.4863	-1.1207	-2.0247	
7.01	-0.8971	0.1781	-1.2526	-0.9429	-1.2912	
7.02	-0.8999	0.2207	-0.9279	-1.7083	-0.4041	
7.03	-0.6196	0.2395	-0.8532	-2.4445	-0.3279	
7.04	-0.4542	0.2959	-0.595	-2.5778	-1.1705	
7.05	-0.3246	0.3627	-0.5102	-2.3897	-2.1538	
7.06	-0.1421	0.4199	-0.483	-1.3784	-2.0573	
7.07	0.0423	0.5678	-0.4338	-0.3223	-1.2987	
7.08	0.2225	0.5922	-0.4195	0.1405	-0.3275	
7.09	0.383	0.7235	-0.4745	-0.0803	-0.2386	
7.1	0.572	0.8401	-0.5871	-0.6931	-1.0068	
7.11	0.6259	0.8648	-0.7697	-1.0705	-1.842	
7.12	0.8581	0.8883	-0.9592	-1.0807	-2.1187	
7.13	0.9427	0.9499	-1.0967	-0.3619	-1.0219	
7.14	0.9711	1.0723	-1.2825	0.5595	-0.1529	
7.15	0.9792	0.9364	-1.4942	1.1344	-0.1151	
7.16	1.017	0.9762	-1.6421	0.9455	-1.0024	
7.17	1.1696	0.8997	-1.5498	0.3794	-1.9513	
7.18	0.9754	0.7124	-1.7551	-0.5051	-1.748	
7.19	0.9279	0.7083	-1.7731	-0.8318	-0.843	
7.2	0.8231	0.5326	-1.6077	-0.7697	0.0217	
7.21	0.8372	0.333	-1.4543	-0.066	-0.0116	
7.22	0.6245	0.1355	-1.4168	0.4879	-0.8749	
7.23	0.5321	-0.085	-1.0551	0.468	-1.76	
7.24	0.2873	-0.3304	-0.8001	-0.1732	-1.7015	
7.25	0.1041	-0.5321	-0.5715	-1.1079	-0.6754	
7.26	-0.0956	-0.7879	-0.248	-2.1061	0.2055	
7.27	-0.3539	-1.0536	0.0568	-2.1223	0.1137	
7.28	-0.5123	-1.2338	0.392	-1.6841	-0.8575	
7.29	-0.8444	-1.4911	0.6655	-0.9081	-1.5619	
7.3	-0.9276	-1.5548	0.8993	-0.4284	-1.4286	
7.31	-1.1649	-1.6426	1.1435	-0.7309	-0.4148	
7.32	-1.4539	-1.9528	1.2182	-1.381	0.4257	
7.33	-1.6763	-2.0302	1.4811	-2.3588	0.2437	
7.34	-2.0054	-1.9684	1.5728	-2.5089	-0.7205	
7.35	-2.051	-2.1083	1.3561	-1.6789	-1.3762	
7.36	-2.2114	-1.8818	1.3163	-0.9387	-1.1705	
7.37	-2.4129	-1.7304	1.1607	-0.0482	-0.1543	
7.38	-2.2218	-1.5891	1.1001	0.1965	0.6098	
7.39	-2.5325	-1.741	1.0111	-0.1403	0.4028	
7.4	-2.3941	-1.4298	0.7317	-0.7508	-0.4931	
7.41	-2.2657	-1.2706	0.659	-1.0298	-1.2921	
7.42	-2.4179	-0.9858	0.4065	-0.6625	-0.9867	
7.43	-2.1202	-0.6303	0.2715	0.1704	0.0945	
7.44	-1.8983	-0.3798	0.1661	1.2501	0.8431	
7.45	-1.8117	-0.1232	0.1002	1.4899	0.5839	
7.46	-1.6378	0.13	0.0656	1.5071	-0.3963	
7.47	-1.5591	0.4155	0.0809	0.7371	-1.1246	
7.48	-1.2301	0.6312	0.1521	0.0978	-0.6604	
7.49	-0.9603	0.855	0.2777	-0.0682	0.3602	
7.5	-0.8167	1.0219	0.4416	0.3615	1.0809	
7.51	-0.5207	1.3608	0.5649	1.2173	0.6466	
7.52	-0.228	1.4498	0.8026	1.6154	-0.247	
7.53	0.0454	1.5757	1.0595	1.5462	-0.8295	
7.54	0.2926	1.5969	1.267	0.7458	-0.4499	
7.55	0.5225	1.5798	1.6076	-0.2314	0.6291	
7.56	0.7639	1.3318	1.6699	-0.8531	1.1498	
7.57	1.01	1.2517	1.8201	-0.806	0.911	
7.58	1.2552	1.3022	1.9291	-0.2246	-0.1091	
7.59	1.3903	1.1201	2.1059	0.3648	-0.6678	
7.6	1.4369	0.7748	2.2056	0.4698	-0.1698	
7.61	1.6088	0.6784	2.1653	0.0015	0.8633	
7.62	1.5989	0.369	2.0815	-0.7986	1.4876	
7.63	1.5728	0.1089	1.7162	-1.6881	0.9912	
7.64	1.6823	-0.1679	1.505	-1.7373	0.0234	
7.65	1.7397	-0.4322	1.2532	-1.0517	-0.4933	
7.66	1.5284	-0.739	1.062	-0.1773	0.0682	
7.67	1.4337	-1.0483	0.7362	0.5051	1.1112	
7.68	1.406	-1.355	0.5735	0.4865	1.7609	
7.69	1.1813	-1.5031	0.2686	-0.0142	1.0899	
7.7	1.1125	-1.6371	0.0393	-0.6049	0.1713	
7.71	0.931	-2.0271	-0.1458	-0.7827	-0.2771	
7.72	0.7599	-2.1188	-0.2942	-0.2404	0.3085	
7.73	0.4876	-1.8956	-0.4326	0.7992	1.3439	
7.74	0.3491	-2.0731	-0.5247	1.807	1.65	
7.75	0.1348	-2.102	-0.5095	1.8667	1.144	
7.76	-0.0752	-2.2175	-0.4558	1.8627	0.2912	
7.77	-0.251	-2.2219	-0.3076	0.9852	-0.0877	
7.78	-0.4711	-1.9474	-0.1817	0.578	0.5646	
7.79	-0.5989	-2.0331	-0.0411	0.6674	1.6501	
7.8	-0.7301	-1.943	0.145	1.3876	2.0943	
7.81	-0.8635	-1.8258	0.344	2.2926	1.5135	
7.82	-1.0501	-1.6177	0.4879	2.6784	0.3729	
7.83	-1.2096	-1.3945	0.6521	2.5158	0.0789	
7.84	-1.2318	-1.2967	0.726	1.5612	0.7088	
7.85	-1.2534	-0.9935	0.8902	0.5572	1.8968	
7.86	-1.3383	-0.8229	0.8456	0.1799	2.1589	
7.87	-1.1529	-0.7546	0.7786	0.4309	1.4181	
7.88	-1.2949	-0.6926	0.7235	1.0171	0.5056	
7.89	-1.2559	-0.5035	0.682	1.521	0.2411	
7.9	-1.1951	-0.4728	0.4848	1.3572	1.0232	
7.91	-1.0251	-0.3747	0.2986	0.6542	1.9845	
7.92	-0.9897	-0.3282	0.0353	-0.2481	2.0525	
7.93	-0.7999	-0.3671	-0.2298	-0.8386	1.5564	
7.94	-0.7763	-0.3177	-0.4938	-0.8569	0.6313	
7.95	-0.5249	-0.3888	-0.718	-0.2779	0.3574	
7.96	-0.4169	-0.4448	-1.0458	0.4778	1.1651	
7.97	-0.3008	-0.502	-1.2681	0.8222	2.0164	
7.98	-0.1682	-0.5786	-1.2922	0.6328	2.3403	
7.99	-0.0447	-0.5763	-1.4152	-0.014	1.4685	
8.0	0.0741	-0.6701	-1.5095	-0.5849	0.6411	
8.01	0.1735	-0.6944	-1.5035	-0.6014	0.5795	
8.02	0.2919	-0.8707	-1.4564	-0.0048	1.2692	
8.03	0.3836	-0.8016	-1.3857	1.0587	2.1159	
8.04	0.4696	-0.9546	-1.3087	1.7853	2.6027	
8.05	0.5009	-0.8629	-1.0169	1.9422	1.6318	
8.06	0.5747	-0.9889	-0.8699	1.6797	0.6931	
8.07	0.6369	-0.8698	-0.7358	0.9662	0.6065	
8.08	0.6534	-0.8447	-0.4551	0.6698	1.501	
8.09	0.6331	-0.9181	-0.2179	1.0593	2.4142	
8.1	0.6206	-0.7937	-0.0101	1.869	2.3589	
8.11	0.5933	-0.8104	0.1612	2.8945	1.7102	
8.12	0.5764	-0.6232	0.2891	3.0423	0.8147	
8.13	0.515	-0.5862	0.3799	2.517	0.7076	
8.14	0.4961	-0.5162	0.3824	1.6066	1.507	
8.15	0.483	-0.3746	0.4033	0.9837	2.5693	
8.16	0.4059	-0.33	0.3252	0.732	2.3229	
8.17	0.3859	-0.2435	0.2412	1.3012	1.756	
8.18	0.2933	-0.1727	0.0681	1.782	0.8143	
8.19	0.2974	-0.1165	-0.1233	2.1037	0.8453	
8.2	0.2468	-0.0822	-0.345	1.9487	1.7946	
8.21	0.2779	-0.0724	-0.5534	1.0293	2.7604	
8.22	0.253	-0.0962	-0.7543	0.0707	2.6684	
8.23	0.2809	-0.1472	-0.8338	-0.5131	1.6323	
8.24	0.2661	-0.2048	-1.1661	-0.3559	0.7254	
8.25	0.3264	-0.2799	-1.0975	0.2711	0.8312	
8.26	0.3747	-0.4154	-1.2542	0.8804	1.662	
8.27	0.3879	-0.5713	-1.1886	1.0563	2.3442	
8.28	0.4518	-0.6969	-1.3768	0.4844	2.6912	
8.29	0.5458	-0.9798	-1.2064	-0.3454	1.67	
8.3	0.5831	-1.0341	-1.1368	-0.9975	0.6825	
8.31	0.7195	-1.4799	-0.7674	-0.9288	0.8025	
8.32	0.8022	-1.4659	-0.5944	-0.1644	1.9817	
8.33	0.8024	-1.8812	-0.4075	0.7737	2.3646	
8.34	0.9787	-2.1666	-0.153	1.2925	2.3804	
8.35	0.9736	-1.993	0.1097	1.4075	1.5547	
8.36	1.1259	-2.5216	0.374	0.8456	0.7472	
8.37	1.0527	-2.3005	0.5224	0.2514	0.8729	
8.38	1.0835	-2.4023	0.7024	0.1155	2.0031	
8.39	1.0866	-2.8812	0.9491	0.6236	2.6898	
8.4	1.2463	-2.745	1.016	1.572	2.5629	
8.41	1.0241	-2.5269	0.9269	2.3991	1.3404	
8.42	1.0491	-2.7191	0.9458	2.7743	0.6778	
8.43	0.9562	-2.7498	0.8449	2.296	0.8232	
8.44	0.9514	-2.3508	0.7403	1.2964	1.7039	
8.45	1.0027	-2.2201	0.638	0.7682	2.4553	
8.46	0.8012	-2.0854	0.417	0.8458	2.4561	
8.47	0.653	-2.0098	0.2083	1.397	1.3097	
8.48	0.5921	-1.7601	-0.009	2.1725	0.5464	
8.49	0.4848	-1.5083	-0.2407	2.4324	0.8408	
8.5	0.3054	-1.1195	-0.4347	1.8011	1.6589	
8.51	0.1676	-0.8529	-0.5509	0.8167	2.6042	
8.52	0.0011	-0.5283	-0.762	-0.0641	1.9811	
8.53	-0.1601	-0.267	-0.923	-0.5083	1.1382	
8.54	-0.3227	-0.0007	-0.9147	-0.2202	0.4714	
8.55	-0.4261	0.2466	-0.8354	0.3762	0.7514	
8.56	-0.6239	0.5183	-0.8488	0.7721	1.7412	
8.57	-0.7367	0.721	-0.681	0.6595	2.4023	
8.58	-0.7399	0.8317	-0.5655	-0.0927	1.8666	
8.59	-0.8756	0.8772	-0.3679	-0.9576	0.9665	
8.6	-0.8763	1.0346	-0.1497	-1.7046	0.3217	
8.61	-0.907	1.0515	0.0817	-1.4977	0.7702	
8.62	-0.9961	1.0992	0.3123	-0.7208	1.6571	
8.63	-0.9177	0.8998	0.5574	0.1546	2.4543	
8.64	-0.909	0.8889	0.6609	0.5641	1.8876	
8.65	-0.7905	0.7857	0.8285	0.2882	0.8193	
8.66	-0.6406	0.5491	0.9306	-0.3643	0.2261	
8.67	-0.5236	0.3368	1.0919	-0.9989	0.7495	
8.68	-0.3865	0.0925	0.9793	-0.9177	1.5574	
8.69	-0.249	-0.1435	0.9818	-0.1489	2.0391	
8.7	-0.0408	-0.4043	0.7859	0.8041	1.6082	
8.71	0.1607	-0.6848	0.7265	1.6165	0.5641	
8.72	0.4008	-0.9358	0.4591	1.5146	0.1058	
8.73	0.6469	-1.0902	0.3025	1.1043	0.5716	
8.74	0.8478	-1.5271	0.0486	0.371	1.6933	
8.75	1.0294	-1.7835	-0.1987	0.0048	2.0225	
8.76	1.4757	-1.8	-0.4242	0.3004	1.5079	
8.77	1.5784	-1.8548	-0.6576	1.0034	0.4167	
8.78	1.734	-2.2714	-0.859	1.6074	-0.0267	
8.79	2.0994	-2.3655	-0.9151	1.7262	0.5711	
8.8	2.0047	-2.2382	-0.9916	1.2578	1.593	
8.81	2.3455	-2.3823	-1.1103	0.3371	1.7288	
8.82	2.3976	-2.3252	-1.0755	-0.539	1.3012	
8.83	2.6793	-2.4499	-1.0112	-0.7026	0.2557	
8.84	2.4766	-2.2973	-0.8727	-0.313	-0.1388	
8.85	2.7315	-1.9849	-0.7157	0.2626	0.4554	
8.86	2.4154	-1.8976	-0.5559	0.4842	1.5077	
8.87	2.6246	-1.7347	-0.2856	0.1335	1.8145	
8.88	2.5277	-1.7701	-0.0715	-0.6896	1.1279	
8.89	2.3865	-1.5062	0.1637	-1.5912	0.052	
8.9	2.4786	-1.1926	0.3773	-2.1556	-0.299	
8.91	2.0565	-1.1959	0.6469	-1.8979	0.4043	
8.92	2.063	-0.99	0.8212	-1.2065	1.3628	
8.93	1.9845	-0.7572	0.9332	-0.5749	1.568	
8.94	1.6037	-0.6008	0.8957	-0.4228	0.8521	
8.95	1.252	-0.5071	0.9995	-0.9984	-0.1128	
8.96	1.2067	-0.3415	0.9683	-1.711	-0.3999	
8.97	0.922	-0.2559	0.8042	-2.1817	0.3007	
8.98	0.6019	-0.1844	0.7907	-1.73	1.17	
8.99	0.3232	-0.1532	0.6322	-1.1487	1.5606	
9.0	0.0956	-0.1241	0.413	-0.1151	0.6183	
9.01	-0.1323	-0.1344	0.1715	0.434	-0.272	
9.02	-0.3029	-0.1265	-0.0283	0.3889	-0.5349	
9.03	-0.5679	-0.1807	-0.2527	-0.2177	0.2827	
9.04	-0.6976	-0.2243	-0.44	-0.8974	1.2922	
9.05	-0.824	-0.2864	-0.5108	-0.9381	1.23	
9.06	-0.983	-0.3597	-0.6252	-0.3776	0.5196	
9.07	-1.0481	-0.363	-0.7268	0.542	-0.4601	
9.08	-1.0451	-0.4501	-0.7303	1.1569	-0.6099	
9.09	-1.1017	-0.5073	-0.6266	1.1354	0.2099	
9.1	-1.1173	-0.4941	-0.6378	0.6	1.1957	
9.11	-1.0159	-0.5174	-0.4439	-0.3153	1.1767	
9.12	-0.9099	-0.5749	-0.2586	-0.8597	0.3556	
9.13	-0.749	-0.5991	-0.0163	-0.9101	-0.5952	
9.14	-0.6981	-0.4952	0.232	-0.3129	-0.6511	
9.15	-0.5325	-0.4948	0.4965	0.25	0.1849	
9.16	-0.347	-0.4682	0.6785	0.3327	0.9542	
9.17	-0.1269	-0.349	0.9691	-0.1826	0.9739	
9.18	0.0789	-0.2461	1.079	-1.2292	0.1887	
9.19	0.307	-0.1664	1.3194	-2.2825	-0.6853	
9.2	0.483	-0.0706	1.4742	-2.4118	-0.7844	
9.21	0.819	0.0343	1.6026	-2.2188	0.1504	
9.22	0.9451	0.1344	1.5347	-1.4729	1.0726	
9.23	1.2088	0.2585	1.6566	-0.9723	0.9699	
9.24	1.3719	0.3042	1.4556	-1.0803	0.0451	
9.25	1.4701	0.3829	1.3105	-1.6637	-0.7279	
9.26	1.8996	0.4637	1.0789	-2.6941	-0.728	
9.27	1.7411	0.446	0.9419	-2.8219	0.1526	
9.28	2.1703	0.5312	0.6918	-2.5929	0.9579	
9.29	2.285	0.5029	0.4455	-1.5026	0.8878	
9.3	2.2049	0.425	0.2201	-0.8261	-0.075	
9.31	2.3196	0.36	0.0139	-0.3484	-0.824	
9.32	2.2497	0.2989	-0.1751	-0.5751	-0.7545	
9.33	2.4323	0.162	-0.2843	-1.2447	0.1726	
9.34	2.2977	0.007	-0.3738	-1.7389	1.0209	
9.35	2.0764	-0.161	-0.4015	-1.5719	0.7367	
9.36	2.1151	-0.3715	-0.454	-0.8441	-0.1777	
9.37	2.2254	-0.5337	-0.3726	0.1656	-1.0202	
9.38	2.1077	-0.6679	-0.2666	0.8026	-0.8188	
9.39	1.9738	-0.8381	-0.0941	0.6912	0.1917	
9.4	1.8133	-1.0711	0.0791	0.0803	0.9911	
9.41	1.722	-1.3577	0.2879	-0.7283	0.6849	
9.42	1.33	-1.323	0.4926	-0.971	-0.2657	
9.43	1.3745	-1.5253	0.6162	-0.7164	-1.0042	
9.44	1.2489	-1.5849	0.9065	-0.011	-0.8077	
9.45	1.075	-1.8725	0.9677	0.5344	0.2506	
9.46	0.9768	-1.9329	1.0863	0.5757	1.0265	
9.47	0.7746	-1.9908	1.1472	-0.1177	0.6072	
9.48	0.6931	-1.7602	1.1001	-1.0604	-0.3038	
9.49	0.5944	-1.6895	1.0633	-1.9516	-1.0642	
9.5	0.5203	-1.5517	0.9383	-1.9861	-0.6468	
9.51	0.5225	-1.5732	0.8536	-1.5517	0.3044	
9.52	0.4521	-1.3817	0.661	-0.8262	1.0417	
9.53	0.4293	-1.1509	0.4367	-0.6038	0.6379	
9.54	0.4351	-0.8154	0.1741	-1.0522	-0.3789	
9.55	0.4209	-0.4892	-0.1109	-1.8278	-1.0176	
9.56	0.4401	-0.249	-0.4048	-2.8826	-0.5528	
9.57	0.4968	0.0517	-0.7064	-3.1149	0.3568	
9.58	0.5121	0.3433	-0.993	-2.4567	1.0556	
9.59	0.5899	0.6765	-1.1682	-1.6914	0.59	
9.6	0.5945	0.9953	-1.2506	-0.8067	-0.3678	
9.61	0.6136	1.1093	-1.4059	-0.6168	-1.0271	
9.62	0.7209	1.54	-1.6362	-0.996	-0.5231	
9.63	0.7193	1.7906	-1.5074	-1.7729	0.5006	
9.64	0.7749	1.9308	-1.4838	-1.9607	1.056	
9.65	0.8232	2.0895	-1.4431	-1.7068	0.653	
9.66	1.0074	1.9045	-1.1644	-0.7539	-0.3584	
9.67	1.0135	2.2667	-1.1122	0.2471	-0.9727	
9.68	1.0502	1.9812	-0.9033	0.7617	-0.4084	
9.69	1.0408	2.0507	-0.8064	0.5549	0.5764	
9.7	0.9288	2.0959	-0.5665	-0.0659	1.0516	
9.71	0.8976	1.9703	-0.371	-0.7003	0.6816	
9.72	0.9461	1.8448	-0.2678	-0.6935	-0.3737	
9.73	0.8657	1.5854	-0.1504	-0.1335	-0.8346	
9.74	0.9825	1.4272	-0.0757	0.73	-0.2931	
9.75	0.8008	1.0477	-0.0536	1.242	0.7956	
9.76	0.8353	0.8435	-0.0799	1.2018	1.1189	
9.77	0.7996	0.6319	-0.1631	0.3871	0.6326	
9.78	0.7094	0.3396	-0.3098	-0.565	-0.3047	
9.79	0.6147	0.0641	-0.4395	-1.074	-0.727	
9.8	0.5824	-0.1689	-0.6551	-1.0516	-0.1285	
9.81	0.5206	-0.3811	-0.8554	-0.492	0.8601	
9.82	0.5086	-0.6428	-1.2032	0.1305	1.2281	
9.83	0.4294	-0.7219	-1.2775	0.1884	0.7087	
9.84	0.43	-0.8931	-1.5803	-0.4022	-0.2529	
9.85	0.4019	-0.9806	-1.7229	-1.2968	-0.6559	
9.86	0.4262	-1.0722	-1.7348	-2.2409	0.0298	
9.87	0.452	-1.148	-1.8518	-2.0324	1.0579	
9.88	0.4253	-1.0581	-2.1885	-1.7153	1.2824	
9.89	0.5354	-1.0402	-2.1951	-0.8169	0.7906	
9.9	0.5813	-0.9709	-1.9175	-0.3371	-0.2199	
9.91	0.602	-0.8355	-1.7115	-0.4204	-0.459	
9.92	0.6716	-0.8298	-1.722	-1.0868	0.2176	
9.93	0.8917	-0.6049	-1.5574	-1.5489	1.1904	
9.94	0.9285	-0.4514	-1.1299	-1.8828	1.547	
9.95	0.99	-0.2544	-0.9481	-1.2561	0.7423	
9.96	1.2913	-0.0839	-0.7306	-0.2962	-0.15	
9.97	1.3199	0.1036	-0.3682	0.5975	-0.375	
9.98	1.4547	0.2856	-0.1213	0.9351	0.4064	
9.99	1.7598	0.4475	0.1018	0.625	1.4119	
10.0	1.9173	0.6839	0.2938	0.0596	1.6623	
10.01	1.9314	0.736	0.4874	-0.3647	0.9197	
10.02	1.8575	0.9328	0.6295	-0.1344	-0.0624	
10.03	2.1705	1.0772	0.6105	0.6117	-0.2225	
10.04	2.0832	1.0475	0.6562	1.6427	0.5158	
10.05	2.2035	1.246	0.5882	2.0811	1.6077	
10.06	2.304	1.2072	0.5275	1.8649	1.8667	
10.07	2.3266	1.2821	0.3492	1.1634	1.0016	
10.08	2.3532	1.2246	0.2425	0.2552	0.0122	
10.09	2.3107	1.0691	0.0801	-0.0707	-0.1059	
10.1	2.3415	1.1567	-0.0705	0.2217	0.7791	
10.11	2.4327	1.0377	-0.1962	0.9971	1.6844	
10.12	1.9721	1.0317	-0.3091	1.5205	1.9056	
10.13	2.0618	0.9319	-0.3891	1.2943	0.9144	
10.14	1.7736	0.923	-0.4215	0.4941	0.0829	
10.15	1.6391	0.8517	-0.4478	-0.417	0.0379	
10.16	1.3595	0.8536	-0.3386	-1.2135	0.8343	
10.17	1.3278	0.8208	-0.2198	-1.0849	1.7279	
10.18	1.1574	0.7831	-0.0734	-0.5757	1.8277	
10.19	0.939	0.799	0.1516	0.1635	0.9328	
10.2	0.6532	0.7505	0.3765	0.4643	0.1439	
10.21	0.3989	0.8293	0.6257	0.1134	0.16	
10.22	0.192	0.7425	1.0397	-0.6266	1.1494	
10.23	-0.0366	0.8462	1.2312	-1.2021	1.8469	
10.24	-0.2224	0.9397	1.5697	-1.2886	2.0366	
10.25	-0.4337	1.0208	1.7536	-0.7903	1.0579	
10.26	-0.529	1.129	1.9867	0.2589	0.2414	
10.27	-0.7917	1.3179	2.4289	1.0226	0.3081	
10.28	-0.7647	1.273	2.2934	1.1638	1.1478	
10.29	-1.0079	1.5033	2.4961	0.7414	2.0555	
10.3	-0.9539	1.5839	2.5391	0.1437	1.892	
10.31	-0.9333	1.4492	2.3201	-0.0704	1.136	
10.32	-0.8907	1.7188	2.5037	0.3955	0.2741	
10.33	-0.9133	1.7895	2.2265	1.391	0.3764	
10.34	-0.846	1.7828	1.8758	2.2279	1.2425	
10.35	-0.6936	1.7524	1.6221	2.5558	2.3474	
10.36	-0.6311	1.5471	1.594	2.188	1.9252	
10.37	-0.469	1.6206	1.3924	1.5814	0.9839	
10.38	-0.2717	1.4872	1.0602	0.8973	0.3059	
10.39	-0.037	1.3935	0.96	0.7715	0.5396	
10.4	0.21	1.3328	0.7862	1.4188	1.4003	
10.41	0.4052	1.1234	0.6282	1.9147	2.2722	
10.42	0.6257	0.8876	0.5329	2.5406	2.0491	
10.43	0.8746	0.7453	0.485	2.1859	1.121	
10.44	1.1604	0.5455	0.5004	1.3048	0.3326	
10.45	1.4329	0.3184	0.559	0.3801	0.6191	
10.46	1.6624	0.1104	0.6993	-0.1774	1.4876	
10.47	1.9073	-0.0811	0.7519	-0.0366	2.0664	
10.48	2.264	-0.2696	0.9179	0.5657	2.1547	
10.49	2.1087	-0.4335	1.0804	1.1749	1.0366	
10.5	2.5075	-0.5144	1.3014	1.264	0.34	
10.51	2.7928	-0.6828	1.4484	0.5067	0.6019	
10.52	2.5108	-0.6539	1.4994	-0.3535	1.5279	
10.53	2.6059	-0.7493	1.868	-1.0244	2.4709	
10.54	2.9529	-0.749	1.6994	-1.0061	1.8649	
10.55	2.6856	-0.6728	1.8193	-0.2692	1.0824	
10.56	2.9923	-0.6072	1.6354	0.5774	0.3587	
10.57	2.5766	-0.4382	1.5298	1.1639	0.7267	
10.58	2.535	-0.3181	1.5106	1.1386	1.58	
10.59	2.2513	-0.0995	1.2333	0.5353	2.104	
10.6	2.3505	0.1343	0.8763	-0.0741	2.0504	
10.61	2.0167	0.3555	0.6826	-0.1373	0.9641	
10.62	1.7485	0.6128	0.3702	0.4178	0.308	
10.63	1.8069	1.028	0.0303	1.5764	0.7941	
10.64	1.4049	1.2139	-0.3145	2.3662	1.7299	
10.65	1.2501	1.4572	-0.6719	2.6609	2.4617	
10.66	0.9789	1.7257	-0.9126	1.981	2.0413	
10.67	0.8346	2.178	-1.1391	1.4019	0.8156	
10.68	0.5512	2.2637	-1.2163	0.8992	0.3071	
10.69	0.3399	2.3766	-1.3684	1.0621	0.7301	
10.7	0.1257	2.5003	-1.5625	1.9692	1.768	
10.71	-0.0625	2.879	-1.5106	2.7496	2.4255	
10.72	-0.2304	2.8495	-1.5311	2.7243	1.7062	
10.73	-0.4002	3.1216	-1.6912	2.2736	0.7179	
10.74	-0.5522	2.7849	-1.3923	1.7149	0.2188	
10.75	-0.6761	2.7597	-1.4656	0.754	0.6751	
10.76	-0.6374	3.1584	-1.3147	0.3468	1.8535	
10.77	-0.7771	2.5227	-0.9495	0.6473	2.2264	
10.78	-0.7004	2.8298	-0.8861	1.3462	1.7032	
10.79	-0.6992	2.3605	-0.7898	1.7156	0.5537	
10.8	-0.6987	2.3481	-0.73	1.3931	0.146	
10.81	-0.6453	1.8032	-0.5751	0.5605	0.7345	
10.82	-0.6209	1.8378	-0.621	-0.3271	1.6558	
10.83	-0.463	1.3003	-0.5905	-0.8851	2.0659	
10.84	-0.4235	1.0902	-0.6757	-0.863	1.4912	
10.85	-0.272	0.9099	-0.8871	-0.1411	0.4739	
10.86	-0.1355	0.5325	-1.0021	0.6009	0.0427	
10.87	0.0204	0.3452	-1.1646	0.797	0.6663	
10.88	0.183	0.0969	-1.3777	0.4981	1.6443	
10.89	0.3221	-0.1018	-1.5257	-0.2082	1.7902	
10.9	0.4383	-0.2641	-2.0532	-0.8035	1.3118	
10.91	0.5563	-0.398	-2.3849	-0.6692	0.2656	
10.92	0.6867	-0.4689	-2.4844	0.0308	-0.0687	
10.93	0.9031	-0.5639	-2.4308	1.1155	0.56	
10.94	0.975	-0.6356	-2.8868	1.6497	1.4246	
10.95	0.9693	-0.5775	-3.0687	1.6693	1.7541	
10.96	1.174	-0.5353	-3.1074	1.1871	1.1301	
10.97	1.2086	-0.4864	-2.9782	0.6086	0.0795	
10.98	1.2702	-0.3423	-2.4999	0.3659	-0.2231	
10.99	1.242	-0.2413	-2.6552	0.8684	0.4816	
11.0	1.1993	-0.0665	-2.519	1.7259	1.3936	
11.01	1.2899	0.103	-2.1939	2.6072	1.4935	
11.02	1.1623	0.2622	-1.9114	2.3798	0.9183	
11.03	1.1029	0.4363	-1.6616	2.2147	-0.1157	
11.04	1.2285	0.6035	-1.2891	1.157	-0.3174	
11.05	1.1253	0.8385	-1.0667	0.4701	0.3676	
11.06	1.1037	0.9845	-0.6621	0.3264	1.1816	
11.07	1.0122	1.0885	-0.4757	0.7349	1.3088	
11.08	0.8374	1.1795	-0.2985	1.472	0.6676	
11.09	0.8996	1.2596	-0.1288	1.8069	-0.3406	
11.1	0.8243	1.4389	-0.0104	1.3021	-0.5365	
11.11	0.7102	1.3332	0.0512	0.2434	0.2882	
11.12	0.642	1.592	0.0567	-0.7657	1.0973	
11.13	0.587	1.5047	0.0203	-1.2908	1.2963	
11.14	0.5759	1.3878	-0.0488	-0.8943	0.3887	
11.15	0.5423	1.531	-0.1632	-0.2954	-0.5984	
11.16	0.5118	1.2762	-0.2544	0.2241	-0.672	
11.17	0.4572	1.3088	-0.4336	0.248	0.1447	
11.18	0.423	1.2844	-0.48	-0.3492	0.983	
11.19	0.4761	1.2183	-0.6237	-1.201	1.0506	
11.2	0.4461	1.0369	-0.6375	-1.8496	0.13	
11.21	0.4797	0.9449	-0.7094	-1.4399	-0.7702	
11.22	0.5232	0.9461	-0.7664	-0.6897	-0.8251	
11.23	0.5648	0.8811	-0.6713	0.197	0.0012	
11.24	0.6068	0.7884	-0.5501	0.7353	0.803	
11.25	0.6888	0.741	-0.3601	0.5297	0.8326	
11.26	0.7132	0.7529	-0.1422	-0.0394	-0.1299	
11.27	0.6878	0.7011	0.1245	-0.6014	-0.9938	
11.28	0.827	0.762	0.3812	-0.6669	-0.9474	
11.29	0.779	0.8286	0.6774	0.0048	-0.1235	
11.3	0.764	0.9215	1.015	0.9527	0.7354	
11.31	0.763	0.8392	1.379	1.8107	0.518	
11.32	0.7859	0.9949	1.7213	1.8431	-0.3816	
11.33	0.7842	1.0363	1.9698	1.1733	-1.1453	
11.34	0.7495	1.0893	2.2207	0.3408	-1.159	
11.35	0.7704	1.3304	2.49	-0.1597	-0.2959	
11.36	0.6968	1.2584	2.7167	-0.0378	0.4486	
11.37	0.6211	1.3093	2.6894	0.5408	0.3593	
11.38	0.464	1.4462	2.5079	1.3043	-0.5964	
11.39	0.4445	1.4487	2.8125	1.2328	-1.4532	
11.4	0.3019	1.338	2.58	0.7262	-1.1977	
11.41	0.1603	1.5276	2.2448	-0.297	-0.4091	
11.42	0.0341	1.5169	2.3089	-1.1904	0.3083	
11.43	-0.106	1.2838	2.226	-1.4019	0.1019	
11.44	-0.2231	1.158	1.7926	-1.0913	-0.943	
11.45	-0.3936	1.0793	1.786	-0.5405	-1.6602	
11.46	-0.4908	0.8697	1.5468	-0.143	-1.4735	
11.47	-0.5947	0.757	1.1903	-0.4268	-0.5885	
11.48	-0.7856	0.5753	1.1992	-1.1062	0.165	
11.49	-0.8686	0.4453	1.1262	-2.1937	-0.1427	
11.5	-0.8814	0.226	0.9215	-2.2835	-1.1447	
11.51	-1.0918	0.0045	1.0343	-2.0254	-1.8815	
11.52	-0.9924	-0.2227	1.0234	-1.3457	-1.6439	
11.53	-1.0372	-0.3783	1.1735	-0.5899	-0.6875	
11.54	-1.0104	-0.5697	1.2225	-0.3562	-0.0093	
11.55	-1.1231	-0.7732	1.3289	-0.6931	-0.3696	
11.56	-0.9815	-0.9912	1.6418	-1.431	-1.4831	
11.57	-0.9613	-1.0343	1.7858	-1.8152	-2.1719	
11.58	-0.7948	-1.1859	2.0023	-1.559	-1.6044	
11.59	-0.6898	-1.1555	2.2039	-0.8762	-0.786	
11.6	-0.5644	-1.1172	2.079	0.121	-0.166	
11.61	-0.4658	-1.1442	2.2246	0.7456	-0.5416	
11.62	-0.2749	-1.2548	2.4669	0.7131	-1.6452	
11.63	-0.0809	-1.0338	2.1458	0.0854	-2.0586	
11.64	0.1189	-0.8683	2.3331	-0.5634	-1.6893	
11.65	0.3112	-0.7493	2.2407	-0.8809	-0.8183	
11.66	0.4883	-0.5388	2.0765	-0.448	-0.3112	
11.67	0.7743	-0.3316	1.5578	0.3675	-0.7577	
11.68	0.8731	-0.0764	1.247	0.9863	-1.7789	
11.69	1.225	0.1793	1.0511	1.0267	-2.5804	
11.7	1.1754	0.449	0.7098	0.3047	-1.764	
11.71	1.5792	0.7018	0.3636	-0.6142	-0.9267	
11.72	1.552	1.0252	0.0572	-1.4128	-0.4082	
11.73	1.8322	1.2955	-0.2377	-1.4485	-0.9844	
11.74	1.7077	1.4653	-0.5596	-1.109	-2.0005	
11.75	1.7758	1.8529	-0.8392	-0.4621	-2.4755	
11.76	1.8823	2.0283	-0.9777	-0.2455	-1.9008	
11.77	1.9174	1.9497	-1.1789	-0.7783	-1.0685	
11.78	2.0169	2.2665	-1.3439	-1.7289	-0.5632	
11.79	1.8455	2.2243	-1.1438	-2.6863	-1.1244	
11.8	1.6831	2.1474	-1.2318	-2.8211	-1.9398	
11.81	1.6288	2.2621	-1.1873	-2.4806	-2.3494	
11.82	1.3567	2.054	-0.9943	-1.6986	-2.1507	
11.83	1.1235	2.1403	-0.8898	-1.122	-0.9974	
11.84	1.0963	1.9107	-0.8537	-1.0272	-0.6547	
11.85	0.7314	1.7403	-0.7418	-1.4944	-1.2254	
11.86	0.5352	1.4683	-0.6383	-2.3509	-2.3499	
11.87	0.254	1.2391	-0.4972	-2.3932	-2.8429	
11.88	0.0128	0.7967	-0.4594	-2.3575	-1.8371	
11.89	-0.2413	0.5688	-0.3956	-1.2901	-0.9752	
11.9	-0.5214	0.2539	-0.426	-0.3968	-0.6634	
11.91	-0.7104	-0.0146	-0.4726	0.0967	-1.4624	
11.92	-1.058	-0.3093	-0.6055	-0.0743	-2.5555	
11.93	-1.2823	-0.6015	-0.7973	-0.6366	-2.8285	
11.94	-1.5626	-0.8682	-0.9241	-1.2716	-1.9459	
11.95	-1.7716	-1.0266	-1.1707	-1.1157	-1.0447	
11.96	-1.7169	-1.2796	-1.6092	-0.4999	-0.7933	
11.97	-2.0458	-1.5128	-1.6207	0.3944	-1.4461	
11.98	-1.8825	-1.5092	-1.9002	1.0049	-2.5516	
11.99	-2.1898	-1.6421	-2.2622	0.835	-2.9437	
12.0	-2.2237	-1.7234	-2.3279	0.1603	-1.9987	
12.01	-2.2932	-1.7439	-2.6376	-0.7396	-1.0267	
12.02	-2.0566	-1.6058	-2.8483	-1.1632	-0.7773	
12.03	-1.853	-1.6203	-3.0542	-1.1271	-1.4083	
12.04	-1.9084	-1.4117	-3.0645	-0.4637	-2.6545	
12.05	-1.7525	-1.4433	-3.0493	0.1433	-2.7336	
12.06	-1.5697	-1.2138	-2.5361	0.1544	-2.1021	
12.07	-1.5904	-0.9786	-2.5088	-0.4472	-0.9108	
12.08	-1.1713	-0.9265	-2.2625	-1.4448	-0.7043	
12.09	-1.0038	-0.6636	-2.4551	-2.1361	-1.6126	
12.1	-0.9161	-0.6111	-1.9035	-2.4623	-2.4945	
12.11	-0.6205	-0.4255	-1.8412	-2.1431	-2.6354	
12.12	-0.4007	-0.2051	-1.4577	-1.1547	-1.9078	
12.13	-0.1667	-0.0863	-1.206	-0.8853	-0.9716	
12.14	0.0713	0.0551	-0.9164	-1.0275	-0.7582	
12.15	0.3031	0.1709	-0.7182	-1.7907	-1.4691	
12.16	0.4905	0.2542	-0.5508	-2.4028	-2.2598	
12.17	0.6206	0.2896	-0.4075	-2.5531	-2.7248	
12.18	0.7571	0.3158	-0.3261	-2.0162	-1.8515	
12.19	0.9633	0.3277	-0.2856	-1.2595	-0.8787	
12.2	0.995	0.3261	-0.3365	-0.4243	-0.7278	
12.21	1.1935	0.2975	-0.3862	-0.0782	-1.4569	
12.22	1.1594	0.2559	-0.5286	-0.4258	-2.4409	
12.23	1.2025	0.2121	-0.6423	-0.9182	-2.5138	
12.24	1.2343	0.1188	-0.669	-1.288	-1.7235	
12.25	1.259	0.0327	-0.8171	-1.1468	-0.6694	
12.26	1.15	-0.0569	-0.967	-0.2439	-0.6696	
12.27	1.028	-0.1337	-1.1145	0.7957	-1.5501	
12.28	0.9126	-0.2525	-1.1047	1.1794	-2.5338	
12.29	0.903	-0.296	-1.2743	1.0384	-2.5204	
12.3	0.6486	-0.3656	-1.2602	0.4044	-1.5539	
12.31	0.5462	-0.4417	-1.0037	-0.3251	-0.5847	
12.32	0.3591	-0.4433	-0.99	-0.4899	-0.592	
12.33	0.2041	-0.5279	-0.735	-0.1392	-1.6072	
12.34	0.0454	-0.4541	-0.5188	0.5678	-2.2941	
12.35	-0.1224	-0.5005	-0.2664	1.0138	-2.0123	
12.36	-0.2975	-0.4183	0.0455	1.0653	-1.223	
12.37	-0.5158	-0.3778	0.3839	0.2539	-0.467	
12.38	-0.5728	-0.3354	0.7228	-0.6617	-0.572	
12.39	-0.7483	-0.2539	1.0693	-1.49	-1.3394	
12.4	-0.8746	-0.1821	1.3142	-1.2854	-2.1986	
12.41	-0.9536	-0.1226	1.6631	-0.7819	-2.2541	
12.42	-1.1236	-0.0651	1.8302	-0.2067	-1.1429	
12.43	-1.1676	-0.0001	1.8625	-0.0008	-0.3314	
12.44	-1.1628	0.0483	2.0102	-0.4407	-0.4978	
12.45	-1.1791	0.0798	2.1687	-1.2254	-1.4646	
12.46	-1.3001	0.1079	2.3642	-1.9377	-2.2549	
12.47	-1.2138	0.0962	2.2588	-1.9687	-2.0117	
12.48	-1.2692	0.0739	2.0502	-1.6527	-0.8676	
12.49	-1.3187	0.0194	2.1035	-0.6299	-0.1593	
12.5	-1.3533	-0.0534	1.7298	0.0538	-0.3675	
12.51	-1.0972	-0.1561	1.4179	0.1379	-1.3714	
12.52	-1.2133	-0.2833	1.3089	-0.3787	-2.0246	
12.53	-1.0208	-0.4057	1.2841	-0.9939	-1.6721	
12.54	-1.1111	-0.62	1.1125	-1.1352	-0.7269	
12.55	-0.9674	-0.7849	0.8291	-0.671	-0.0125	
12.56	-0.8867	-0.9961	0.767	0.3494	-0.3027	
12.57	-0.8683	-1.0789	0.6517	1.1719	-1.3346	
12.58	-0.7311	-1.3359	0.7551	1.5413	-1.7874	
12.59	-0.657	-1.5996	0.6685	1.4339	-1.4823	
12.6	-0.6753	-1.7527	0.9062	0.7614	-0.5804	
12.61	-0.621	-1.8293	0.8676	0.2217	0.1365	
12.62	-0.5749	-2.1128	1.1862	0.276	-0.1846	
12.63	-0.6081	-2.3652	1.1783	0.8268	-1.2385	
12.64	-0.5491	-2.2211	1.4342	1.6124	-1.9159	
12.65	-0.5191	-2.2085	1.669	1.9813	-1.3222	
12.66	-0.5932	-2.6274	1.971	1.9917	-0.3472	
12.67	-0.6429	-2.3837	2.133	1.0952	0.3007	
12.68	-0.6783	-2.1799	2.2513	0.2113	-0.124	
12.69	-0.6929	-2.1994	2.0921	-0.2399	-1.0554	
12.7	-0.6935	-2.2616	2.4129	-0.0729	-1.8032	
12.71	-0.7894	-1.8612	2.2305	0.5546	-1.2885	
12.72	-0.8058	-1.727	2.2123	1.134	-0.1561	
12.73	-0.9469	-1.4571	2.0759	1.053	0.4493	
12.74	-0.9528	-1.2356	2.0311	0.3641	-0.034	
12.75	-1.0318	-1.1909	1.6649	-0.5283	-0.9259	
12.76	-1.0055	-0.7763	1.3134	-1.2234	-1.5838	
12.77	-0.9864	-0.5665	1.1009	-1.3329	-0.9357	
12.78	-1.012	-0.2506	0.8185	-0.6132	0.0415	
12.79	-1.1413	-0.0075	0.5195	0.1668	0.5468	
12.8	-1.0883	0.2172	0.2427	0.6417	0.039	
12.81	-1.0654	0.4266	-0.0541	0.493	-1.0283	
12.82	-0.8855	0.6973	-0.3283	-0.1912	-1.2644	
12.83	-0.9293	0.7428	-0.4841	-0.7291	-0.7987	
12.84	-0.8871	0.929	-0.6971	-0.8796	0.1904	
12.85	-0.7239	0.9841	-0.8076	-0.242	0.6821	
12.86	-0.6614	1.0107	-0.7898	0.8483	0.0933	
12.87	-0.6016	1.1039	-0.7643	1.5613	-0.8426	
12.88	-0.5135	0.9589	-0.7264	1.8822	-1.3921	
12.89	-0.3994	0.8949	-0.6329	1.42	-0.6905	
12.9	-0.2558	0.7436	-0.5271	0.7995	0.3787	
12.91	-0.1593	0.5488	-0.355	0.5777	0.7495	
12.92	-0.0416	0.3767	-0.2189	0.8707	0.1318	
12.93	0.057	0.1543	-0.0875	1.6945	-0.8837	
12.94	0.1618	-0.1077	0.0446	2.5419	-1.0596	
12.95	0.2445	-0.3691	0.1433	3.1255	-0.5133	
12.96	0.2754	-0.6492	0.2078	2.6443	0.4603	
12.97	0.3373	-0.8966	0.2429	1.6337	0.89	
12.98	0.4008	-1.1767	0.2251	0.941	0.1818	
12.99	0.3959	-1.4262	0.1437	0.6376	-0.7792	
13.0	0.3332	-1.7321	0.0037	0.9417	-1.1547	
13.01	0.3431	-1.8774	-0.171	1.7677	-0.3731	
13.02	0.2536	-2.2487	-0.3576	2.1225	0.661	
13.03	0.1633	-2.426	-0.6658	1.8752	0.8539	
13.04	0.0653	-2.4642	-0.8254	0.9058	0.1859	
13.05	-0.0526	-2.4785	-1.0766	0.0183	-0.78	
13.06	-0.2247	-2.8511	-1.4821	-0.5836	-0.9029	
13.07	-0.3811	-2.754	-1.7215	-0.4802	-0.2521	
13.08	-0.5981	-2.3799	-1.9287	0.163	0.7991	
13.09	-0.7908	-2.6279	-2.0351	0.7463	0.8847	
13.1	-0.9746	-2.4285	-2.2118	0.9599	0.1935	
13.11	-1.0871	-2.1361	-2.3103	0.6061	-0.6959	
13.12	-1.3923	-1.9684	-2.3583	-0.2557	-0.8561	
13.13	-1.643	-2.1372	-2.4654	-0.7573	-0.1249	
13.14	-1.9385	-1.988	-2.038	-0.789	0.8351	
13.15	-1.8299	-1.6655	-2.1556	-0.0766	0.8672	
13.16	-2.0974	-1.4465	-1.9526	0.8374	0.1646	
13.17	-2.1607	-1.1867	-1.7644	1.4088	-0.7579	
13.18	-2.4752	-0.9708	-1.4277	1.5248	-0.9578	
13.19	-2.6315	-0.821	-1.0818	1.1788	-0.0476	
13.2	-2.5848	-0.7771	-0.8025	0.4759	0.9337	
13.21	-2.8587	-0.5712	-0.6188	0.3508	1.0309	
13.22	-2.7625	-0.4964	-0.4718	0.9328	0.1082	
13.23	-2.8557	-0.357	-0.257	1.6628	-0.7516	
13.24	-2.5844	-0.3553	-0.1446	2.7577	-0.7795	
13.25	-2.7156	-0.2666	-0.0679	2.5943	0.0158	
13.26	-2.4361	-0.2624	-0.0539	2.3528	0.953	
13.27	-2.4355	-0.2963	-0.0804	1.5717	0.9876	
13.28	-2.366	-0.3143	-0.1438	1.0039	0.0366	
13.29	-2.1959	-0.3557	-0.2571	0.9878	-0.7699	
13.3	-1.7484	-0.4205	-0.4551	1.6525	-0.8835	
13.31	-1.5705	-0.4683	-0.5856	2.411	0.0641	
13.32	-1.2799	-0.5595	-0.7702	2.5178	0.8323	
13.33	-1.1138	-0.6658	-0.9796	1.9	0.8561	
13.34	-0.8235	-0.7265	-1.0869	1.1717	-0.0486	
13.35	-0.6781	-0.7184	-1.2871	0.1991	-0.9826	
13.36	-0.4047	-0.8944	-1.2947	-0.2653	-0.8391	
13.37	-0.1588	-0.8677	-1.2323	-0.0396	0.0851	
13.38	0.075	-0.8489	-1.293	0.5381	0.8246	
13.39	0.2717	-0.9853	-1.4162	0.9536	0.7061	
13.4	0.5087	-0.9313	-1.0954	0.9802	-0.1576	
13.41	0.5811	-0.8359	-1.0926	0.2562	-0.9185	
13.42	0.7679	-0.8064	-0.776	-0.5841	-0.7536	
13.43	0.8289	-0.7762	-0.6036	-1.1268	0.0895	
13.44	1.0052	-0.8408	-0.2898	-1.0536	0.9349	
13.45	1.0077	-0.676	0.0041	-0.3133	0.6716	
13.46	1.0726	-0.6015	0.2815	0.5612	-0.3001	
13.47	0.9574	-0.5258	0.575	0.9926	-1.1236	
13.48	0.9389	-0.4602	0.8155	0.6962	-0.8272	
13.49	0.8563	-0.375	1.0117	0.1167	0.0783	
13.5	0.694	-0.3303	1.1411	-0.4543	0.7361	
13.51	0.6272	-0.239	1.4954	-0.4239	0.5202	
13.52	0.387	-0.1943	1.5285	0.2992	-0.416	
13.53	0.2037	-0.2019	1.4628	1.3397	-1.2153	
13.54	-0.0088	-0.1996	1.3747	2.2063	-0.8131	
13.55	-0.2344	-0.1952	1.445	2.2073	0.0641	
13.56	-0.4331	-0.2329	1.2504	1.5827	0.6776	
13.57	-0.6639	-0.3015	0.968	0.8282	0.4048	
13.58	-1.0549	-0.4533	0.8974	0.4629	-0.5794	
13.59	-1.2912	-0.5303	0.6036	0.7264	-1.1991	
13.6	-1.3866	-0.694	0.4048	1.5707	-0.8957	
13.61	-1.5397	-0.8548	0.2288	2.0617	0.0236	
13.62	-1.7994	-0.9969	0.0708	2.0677	0.7228	
13.63	-2.1801	-1.1933	-0.0569	1.8835	0.306	
13.64	-2.3375	-1.3074	-0.1352	0.7454	-0.7185	
13.65	-2.2247	-1.6723	-0.1998	-0.08	-1.3485	
13.66	-2.5796	-1.7264	-0.1688	-0.3575	-0.9066	
13.67	-2.5997	-1.8053	-0.1168	0.007	-0.0195	
13.68	-2.6169	-2.1511	-0.0108	0.6656	0.6004	
13.69	-2.4772	-2.1743	0.1442	0.8789	0.1421	
13.7	-2.5353	-2.3862	0.3509	0.5923	-0.8672	
13.71	-2.438	-2.4933	0.5092	-0.3212	-1.4684	
13.72	-2.3355	-2.3143	0.6918	-1.1451	-1.1448	
13.73	-2.6447	-2.2581	1.0532	-1.8183	-0.0767	
13.74	-2.2492	-2.3724	1.0695	-1.6508	0.4526	
13.75	-2.1236	-2.2185	1.4135	-0.7326	-0.0281	
13.76	-2.1554	-2.1954	1.6055	-0.1208	-1.1586	
13.77	-1.9012	-1.7837	1.5543	0.0633	-1.51	
13.78	-1.6408	-1.7108	1.7527	-0.4016	-1.028	
13.79	-1.7354	-1.3319	1.7317	-1.0872	-0.1286	
13.8	-1.4922	-1.2918	1.6594	-1.4399	0.3194	
13.81	-1.2142	-0.9001	1.5497	-1.4064	-0.1857	
13.82	-0.9938	-0.7056	1.4051	-0.6305	-1.2305	
13.83	-0.882	-0.3882	1.2273	0.3438	-1.7552	
13.84	-0.7649	-0.0784	0.9526	0.9182	-1.118	
13.85	-0.5617	0.2118	0.6494	0.9102	-0.2001	
13.86	-0.3945	0.5114	0.3523	0.2802	0.243	
13.87	-0.3268	0.6949	0.1185	-0.3186	-0.3267	
13.88	-0.2355	0.9681	-0.1265	-0.4792	-1.2524	
13.89	-0.1361	1.1889	-0.3452	0.0419	-1.8885	
13.9	-0.0899	1.3298	-0.4957	0.8796	-1.1678	
13.91	-0.0494	1.4134	-0.5971	1.4647	-0.2283	
13.92	-0.0359	1.4339	-0.6716	1.7736	0.119	
13.93	-0.0415	1.5157	-0.8452	1.0634	-0.5616	
13.94	-0.0617	1.3904	-0.77	0.069	-1.6133	
13.95	-0.1038	1.5097	-0.6753	-0.5769	-1.894	
13.96	-0.1478	1.3063	-0.5257	-0.5966	-1.2021	
13.97	-0.2267	1.0521	-0.4152	-0.0995	-0.3183	
13.98	-0.2676	0.9324	-0.2141	0.5113	0.0066	
13.99	-0.3461	0.7496	-0.0033	0.6303	-0.6129	
14.0	-0.4917	0.5536	0.2032	0.1036	-1.6661	
14.01	-0.4984	0.2352	0.3988	-0.9241	-1.8668	
14.02	-0.5916	-0.0094	0.5909	-1.7235	-1.2135	
14.03	-0.7691	-0.26	0.6326	-2.3415	-0.3449	
14.04	-0.7436	-0.5799	0.7625	-1.6778	-0.0997	
14.05	-0.8449	-0.8716	0.879	-1.2123	-0.782	
14.06	-0.9423	-1.0229	0.8383	-0.6566	-1.6444	
14.07	-1.0617	-1.3011	0.8044	-0.7159	-2.2142	
14.08	-0.9385	-1.4512	0.6322	-1.3873	-1.4034	
14.09	-1.1093	-1.7242	0.539	-2.1353	-0.4049	
14.1	-0.9839	-1.8073	0.3213	-2.4268	-0.1797	
14.11	-1.1494	-1.7537	0.1245	-2.3197	-0.9044	
14.12	-1.0519	-1.789	-0.1065	-1.3471	-1.942	
14.13	-1.0036	-1.8422	-0.3538	-0.4876	-2.2746	
14.14	-0.9582	-2.0445	-0.5492	-0.1062	-1.2778	
14.15	-0.9871	-1.9173	-0.7473	-0.3231	-0.4292	
14.16	-1.0591	-1.765	-1.0074	-1.0158	-0.2951	
14.17	-0.8945	-1.7682	-1.1177	-1.4345	-1.174	
14.18	-0.9604	-1.4303	-1.1365	-1.2134	-2.0128	
14.19	-0.9309	-1.2172	-1.1444	-0.6583	-2.0229	
14.2	-0.8764	-1.0125	-1.3334	0.2993	-1.4314	
14.21	-0.7992	-0.9081	-1.1197	0.8629	-0.4197	
14.22	-0.6804	-0.6067	-1.0156	0.8676	-0.347	
14.23	-0.7517	-0.4739	-0.8298	0.2543	-1.2864	
14.24	-0.7361	-0.2707	-0.6822	-0.575	-2.188	
14.25	-0.7424	-0.0602	-0.5131	-0.8997	-2.2161	
14.26	-0.7451	0.1126	-0.2157	-0.762	-1.1904	
14.27	-0.7697	0.2726	0.0046	-0.047	-0.4148	
14.28	-0.7775	0.4288	0.2235	0.5255	-0.3717	
14.29	-0.7279	0.5415	0.4174	0.5093	-1.1368	
14.3	-0.7977	0.6232	0.6715	-0.119	-2.2187	
14.31	-1.006	0.7539	0.7577	-1.1259	-2.0719	
14.32	-0.9476	0.7071	0.7637	-2.0802	-1.1451	
14.33	-0.9968	0.6848	0.8821	-2.1917	-0.4002	
14.34	-1.2419	0.75	0.8111	-1.7753	-0.4469	
14.35	-1.16	0.655	0.7245	-1.0212	-1.323	
14.36	-1.2453	0.5962	0.5595	-0.7746	-2.322	
14.37	-1.5747	0.5937	0.4646	-1.0758	-1.9248	
14.38	-1.7001	0.5423	0.2596	-2.0822	-1.2735	
14.39	-1.5085	0.5013	0.0325	-2.6533	-0.3402	
14.4	-1.8961	0.3951	-0.1828	-3.0865	-0.4058	
14.41	-1.9658	0.2998	-0.4086	-2.4744	-1.4	
14.42	-1.901	0.2587	-0.6499	-1.8418	-2.2659	
