0.01	0.2467	0.2826	0.1882	0.1947	0.3207	
0.02	0.5081	0.5179	0.424	0.3922	0.6686	
0.03	0.7503	0.8023	0.6295	0.5558	0.9735	
0.04	0.9597	0.9783	0.755	0.7626	1.0614	
0.05	0.9599	1.3866	1.0063	0.8456	1.2922	
0.06	1.1125	1.3944	1.022	1.0684	1.2137	
0.07	1.2587	1.6002	1.1944	1.128	1.3861	
0.08	1.2991	1.6525	1.5022	1.4911	1.1637	
0.09	1.1171	1.8678	1.4668	1.5058	1.0155	
0.1	0.9663	1.8479	1.6424	1.4386	0.8077	
0.11	0.8221	1.7317	1.7999	1.8406	0.5534	
0.12	0.6618	1.9224	1.7507	1.9016	0.3452	
0.13	0.5403	1.6093	1.9727	1.9547	0.1385	
0.14	0.3769	1.5081	1.9307	1.9066	-0.0249	
0.15	0.1401	1.527	2.0606	1.6766	-0.1323	
0.16	-0.0314	1.3733	2.1142	2.0123	-0.1529	
0.17	-0.2083	1.2514	2.0495	1.9554	-0.093	
0.18	-0.3065	1.1418	1.9553	1.9999	0.0311	
0.19	-0.4107	0.9855	2.2448	1.8497	0.2183	
0.2	-0.422	0.9274	2.0512	1.7466	0.5482	
0.21	-0.3828	0.81	2.0172	1.6343	0.7943	
0.22	-0.3267	0.7127	1.9021	1.686	1.047	
0.23	-0.2038	0.6159	1.9517	1.4198	1.3733	
0.24	-0.0229	0.6056	1.956	1.3972	1.8527	
0.25	0.1937	0.6132	1.689	1.3866	2.1392	
0.26	0.4054	0.7402	1.5605	1.1718	2.0145	
0.27	0.6143	0.7771	1.4892	1.1373	2.2567	
0.28	0.9045	0.8507	1.4205	1.0709	2.2593	
0.29	1.2766	0.9995	1.3226	1.1434	2.1082	
0.3	1.4023	1.1894	1.2988	1.0764	2.1443	
0.31	1.5475	1.4908	1.2385	0.8488	1.8478	
0.32	1.9152	1.4798	1.1938	0.9011	1.4235	
0.33	1.9262	1.7066	1.2538	0.7665	1.1655	
0.34	2.0438	1.9597	1.0193	0.9092	1.0117	
0.35	1.9728	1.9584	1.0051	0.8839	0.7025	
0.36	2.0071	2.0701	1.0346	0.8998	0.539	
0.37	1.9618	2.1301	1.0372	0.8573	0.3476	
0.38	1.6035	2.5162	1.0483	0.8268	0.3423	
0.39	1.5044	2.295	0.9493	0.854	0.319	
0.4	1.3003	2.5031	1.0173	1.0916	0.3883	
0.41	1.089	2.3686	0.9758	1.1748	0.5827	
0.42	0.9201	2.3455	0.9005	1.058	0.8505	
0.43	0.8085	2.1171	1.0434	1.2211	0.997	
0.44	0.5993	1.8007	0.9993	1.508	1.4578	
0.45	0.3973	1.6797	1.2303	1.4968	1.4834	
0.46	0.338	1.6183	1.1408	1.5105	1.8523	
0.47	0.263	1.1895	1.3621	1.8875	2.0998	
0.48	0.2578	1.0744	1.3751	2.0228	2.317	
0.49	0.2973	0.7348	1.3932	1.8117	2.1738	
0.5	0.3558	0.5134	1.5864	2.334	1.942	
0.51	0.5347	0.2998	1.6294	2.2489	1.7633	
0.52	0.6599	0.0798	1.5268	2.4551	1.6395	
0.53	1.0058	-0.1327	1.9109	2.5871	1.5723	
0.54	1.1374	-0.3331	1.88	2.6216	1.2653	
0.55	1.4417	-0.4499	1.8766	2.465	0.9257	
0.56	1.4893	-0.5779	1.8445	2.8544	0.499	
0.57	1.6922	-0.6125	2.0503	2.9515	0.2397	
0.58	2.1779	-0.6625	1.9362	2.7139	0.0249	
0.59	2.0301	-0.6252	2.2351	2.9612	-0.1264	
0.6	2.6057	-0.7149	2.1462	3.1062	-0.2036	
0.61	2.2479	-0.6382	2.0601	3.115	-0.2123	
0.62	2.6319	-0.4858	2.07	2.9131	-0.1338	
0.63	2.3402	-0.3701	1.9857	3.0195	0.0037	
0.64	2.3829	-0.2235	2.2712	2.8268	0.2018	
0.65	2.3002	-0.0497	2.2618	2.7225	0.3959	
0.66	2.1293	0.1078	2.1603	2.6858	0.7226	
0.67	2.0958	0.2651	1.8482	2.5197	0.9313	
0.68	1.7694	0.4008	1.7863	2.4381	1.2184	
0.69	1.5523	0.512	1.9441	2.3347	1.3549	
0.7	1.2039	0.6803	1.6768	2.1783	1.2279	
0.71	1.0075	0.8163	1.4522	1.7949	1.3367	
0.72	0.8629	0.8906	1.3158	1.7	1.2155	
0.73	0.7032	0.9259	1.1198	1.559	1.2006	
0.74	0.6799	0.7609	1.1049	1.4405	0.8218	
0.75	0.6244	0.8238	0.9867	1.2198	0.5984	
0.76	0.5833	0.7551	0.7257	1.0546	0.2788	
0.77	0.7347	0.5961	0.5553	0.8569	-0.0493	
0.78	0.7821	0.5413	0.3749	0.6428	-0.3662	
0.79	0.9178	0.326	0.1749	0.5277	-0.5939	
0.8	1.1276	0.1877	-0.0243	0.3445	-0.8751	
0.81	1.4857	0.0325	-0.2111	0.2182	-0.8941	
0.82	1.7295	-0.1254	-0.4162	0.104	-1.0578	
0.83	1.7355	-0.2702	-0.5419	-0.005	-0.9615	
0.84	1.8778	-0.486	-0.6739	-0.0928	-0.8777	
0.85	2.1524	-0.5837	-0.8804	-0.1583	-0.7739	
0.86	2.5888	-0.7189	-0.9888	-0.2421	-0.4618	
0.87	2.464	-0.7594	-1.1569	-0.2759	-0.235	
0.88	2.4905	-0.8004	-1.2336	-0.2988	0.0321	
0.89	2.7406	-0.7325	-1.3815	-0.3344	0.3007	
0.9	2.5241	-0.7804	-1.434	-0.2987	0.5539	
0.91	2.7242	-0.6852	-1.4525	-0.334	0.6739	
0.92	2.7036	-0.5416	-1.6173	-0.2622	0.7861	
0.93	2.2551	-0.4577	-1.9037	-0.2316	0.8377	
0.94	2.2485	-0.2535	-1.781	-0.1828	0.7646	
0.95	2.1173	-0.0735	-1.8854	-0.1456	0.5425	
0.96	1.762	0.1423	-1.7431	-0.0837	0.413	
0.97	1.5956	0.3824	-1.9592	-0.0253	0.1285	
0.98	1.2179	0.6035	-1.8759	0.0443	-0.1422	
0.99	1.1038	0.8339	-1.7269	0.095	-0.3873	
1.0	0.988	1.0238	-1.738	0.1761	-0.697	
1.01	0.7913	1.2602	-1.7827	0.2434	-0.9883	
1.02	0.7189	1.4966	-1.7144	0.2809	-1.017	
1.03	0.7378	1.3952	-1.4632	0.3068	-1.2364	
1.04	0.6371	1.7384	-1.5044	0.339	-1.144	
1.05	0.7035	1.7676	-1.3938	0.3902	-1.1177	
1.06	0.8131	1.7877	-1.2154	0.3631	-0.9351	
1.07	1.077	1.7737	-1.1695	0.3767	-0.6597	
1.08	1.2521	1.7636	-1.0251	0.3787	-0.4005	
1.09	1.3793	1.7381	-1.0485	0.32	-0.065	
1.1	1.8309	1.4939	-0.9095	0.271	0.2471	
1.11	1.7377	1.2388	-0.8871	0.2136	0.538	
1.12	2.2695	1.0465	-0.7067	0.1202	0.74	
1.13	2.2831	1.0472	-0.639	0.0249	0.9698	
1.14	2.5765	0.7802	-0.6076	-0.0836	1.0778	
1.15	2.3752	0.4813	-0.6446	-0.2055	1.2858	
1.16	2.5784	0.2945	-0.6287	-0.3355	1.2014	
1.17	2.6426	0.128	-0.5256	-0.5321	0.9659	
1.18	2.7322	-0.0648	-0.5466	-0.6003	0.8897	
1.19	2.5872	-0.214	-0.5371	-0.7775	0.5994	
1.2	2.1164	-0.3493	-0.6256	-1.0576	0.3876	
1.21	1.8913	-0.4793	-0.5609	-1.2161	0.1878	
1.22	1.7153	-0.5887	-0.6631	-1.3156	-0.0331	
1.23	1.5104	-0.647	-0.679	-1.4664	-0.224	
1.24	1.2821	-0.6249	-0.7562	-1.6628	-0.3227	
1.25	1.0362	-0.547	-0.7522	-1.7731	-0.3191	
1.26	0.927	-0.5542	-0.9702	-2.166	-0.2868	
1.27	0.7405	-0.4571	-1.0627	-2.1581	-0.1706	
1.28	0.6017	-0.3318	-1.0025	-2.4266	0.0306	
1.29	0.5054	-0.2407	-1.1485	-2.4485	0.3185	
1.3	0.3948	-0.146	-1.3302	-2.6236	0.5593	
1.31	0.3913	-0.0211	-1.3838	-2.373	0.98	
1.32	0.4942	0.0877	-1.4306	-2.6851	1.3007	
1.33	0.5521	0.1896	-1.4684	-2.9693	1.6616	
1.34	0.682	0.2388	-1.6608	-2.7217	1.9271	
1.35	0.8545	0.3289	-1.6329	-2.8329	2.1121	
1.36	1.0582	0.3521	-1.9243	-3.1065	2.2932	
1.37	1.2722	0.3274	-1.979	-2.9867	2.4056	
1.38	1.4813	0.2508	-1.7246	-2.8699	2.0909	
1.39	1.6243	0.1869	-1.8577	-2.9148	2.0954	
1.4	2.0142	0.0674	-2.0691	-2.6333	1.7571	
1.41	1.877	-0.0792	-1.7849	-2.8172	1.789	
1.42	2.2562	-0.2925	-1.9947	-2.6554	1.5689	
1.43	2.0844	-0.4946	-2.1246	-2.3624	1.1084	
1.44	2.3169	-0.7047	-2.0493	-2.1021	0.9247	
1.45	2.1339	-0.9612	-2.0235	-2.2247	0.8219	
1.46	2.0876	-1.1904	-1.9497	-2.1716	0.6616	
1.47	1.8381	-1.3466	-1.779	-1.8289	0.6878	
1.48	1.8146	-1.669	-1.7808	-1.7686	0.6775	
1.49	1.5166	-2.0093	-1.6499	-1.5518	0.9281	
1.5	1.2504	-2.1871	-1.4511	-1.5589	0.9506	
1.51	1.0677	-2.5795	-1.4387	-1.5059	1.3347	
1.52	0.7445	-2.7147	-1.2503	-1.4209	1.6284	
1.53	0.5132	-2.5879	-0.991	-1.2193	1.9786	
1.54	0.379	-2.6025	-0.9118	-1.1569	2.3495	
1.55	0.1643	-2.6894	-0.7358	-1.1643	2.5099	
1.56	0.0453	-2.6819	-0.5052	-1.0625	2.7478	
1.57	-0.0365	-2.8425	-0.4174	-1.0226	2.7151	
1.58	-0.0726	-2.6345	-0.2385	-0.8324	2.8263	
1.59	-0.0551	-2.4345	-0.0559	-0.9221	3.0512	
1.6	0.0137	-2.646	0.109	-0.8513	2.9319	
1.61	0.14	-2.2275	0.2736	-0.8577	2.741	
1.62	0.3092	-2.2981	0.4381	-0.8305	2.257	
1.63	0.4183	-2.1189	0.6313	-0.8014	2.3996	
1.64	0.6087	-1.7299	0.7767	-0.8891	2.0339	
1.65	0.8692	-1.7153	0.7921	-1.0197	1.6833	
1.66	1.0098	-1.508	0.8887	-1.0505	1.4937	
1.67	1.2728	-1.3022	1.0011	-1.1183	1.1769	
1.68	1.4792	-1.0487	1.1788	-1.1337	1.0021	
1.69	1.4442	-0.9903	1.1727	-1.3339	0.8791	
1.7	1.6518	-0.8334	1.2951	-1.3891	1.0506	
1.71	1.5543	-0.7407	1.207	-1.4592	1.0154	
1.72	1.7118	-0.6789	1.3638	-1.587	1.3004	
1.73	1.5985	-0.7127	1.4784	-1.5054	1.3276	
1.74	1.4198	-0.7533	1.2494	-1.6545	1.7109	
1.75	1.2128	-0.8832	1.4023	-1.8556	2.0694	
1.76	1.1851	-0.8291	1.3167	-1.9512	2.1565	
1.77	0.9324	-0.9391	1.184	-1.9877	2.3897	
1.78	0.6712	-1.1928	1.1835	-1.7668	2.6256	
1.79	0.3892	-1.1677	1.173	-1.8947	2.4993	
1.8	0.1468	-1.2623	1.0413	-1.8868	2.6634	
1.81	-0.0882	-1.3637	1.035	-1.9291	2.6738	
1.82	-0.2717	-1.4143	0.8876	-1.7027	2.6081	
1.83	-0.4399	-1.7276	0.8855	-1.9761	2.416	
1.84	-0.5109	-1.5181	0.806	-1.7373	2.0485	
1.85	-0.5433	-1.7473	0.6832	-1.7777	1.7579	
1.86	-0.5843	-1.7719	0.5618	-1.6018	1.2706	
1.87	-0.5091	-1.7251	0.4604	-1.3545	1.0154	
1.88	-0.4309	-1.5149	0.3642	-1.4198	0.7956	
1.89	-0.3152	-1.2758	0.2393	-1.2082	0.5341	
1.9	-0.1161	-1.1517	0.1591	-1.0269	0.3454	
1.91	0.0689	-1.0635	0.098	-0.8797	0.2078	
1.92	0.2776	-0.7721	0.0239	-0.805	0.1972	
1.93	0.4677	-0.5613	-0.037	-0.5553	0.2596	
1.94	0.6442	-0.2795	-0.0777	-0.3915	0.4377	
1.95	0.8767	0.0114	-0.1149	-0.1928	0.6528	
1.96	0.9434	0.2949	-0.1521	0.0049	0.8596	
1.97	1.0338	0.5699	-0.1479	0.1975	0.9955	
1.98	1.2288	0.739	-0.1446	0.4084	1.4018	
1.99	1.2902	1.054	-0.13	0.6138	1.4227	
2.0	1.1925	1.3142	-0.1083	0.782	1.5467	
2.01	0.9892	1.3116	-0.0661	0.844	1.6542	
2.02	0.8614	1.4182	-0.0173	1.0565	1.7931	
2.03	0.6604	1.5671	0.0452	1.1544	1.7017	
2.04	0.465	1.6626	0.1206	1.4341	1.4944	
2.05	0.2699	1.6729	0.1844	1.4394	1.1337	
2.06	0.0406	1.8776	0.2913	1.5444	0.8504	
2.07	-0.2017	1.5954	0.3609	1.632	0.5853	
2.08	-0.424	1.4823	0.4471	1.856	0.2432	
2.09	-0.5657	1.5657	0.5747	1.8578	-0.083	
2.1	-0.7627	1.3656	0.6091	1.6177	-0.3474	
2.11	-0.8135	1.1487	0.8299	1.7634	-0.524	
2.12	-0.959	0.9317	0.8401	1.875	-0.7157	
2.13	-0.9114	0.7717	0.8986	1.9679	-0.7437	
2.14	-1.0466	0.6141	1.1425	1.723	-0.7767	
2.15	-0.8095	0.4442	1.2646	1.5911	-0.663	
2.16	-0.8185	0.3357	1.1936	1.674	-0.563	
2.17	-0.5405	0.2156	1.2554	1.665	-0.2847	
2.18	-0.4219	0.1277	1.4296	1.5945	-0.0557	
2.19	-0.1718	0.0506	1.3512	1.4279	0.2161	
2.2	0.0443	0.0213	1.4567	1.3988	0.4855	
2.21	0.2723	0.0246	1.5673	1.3293	0.7069	
2.22	0.5019	0.0635	1.4127	1.1004	0.813	
2.23	0.61	0.1285	1.4028	1.1275	0.9645	
2.24	0.6923	0.201	1.4766	1.1191	0.9301	
2.25	0.9138	0.3415	1.4198	0.9973	0.8803	
2.26	0.948	0.5031	1.3899	0.9849	0.6397	
2.27	0.8732	0.6173	1.3254	0.8033	0.4808	
2.28	0.8237	0.8437	1.3016	0.8366	0.1973	
2.29	0.6314	0.9424	1.1288	0.785	-0.0688	
2.3	0.5233	1.1159	0.9385	0.8582	-0.3499	
2.31	0.3475	1.0889	0.9495	0.8497	-0.61	
2.32	0.1407	1.2766	0.717	0.802	-0.7831	
2.33	-0.1039	1.414	0.6201	0.803	-1.0802	
2.34	-0.3374	1.4749	0.4879	0.8843	-1.0851	
2.35	-0.5173	1.4599	0.4043	0.8717	-1.0962	
2.36	-0.6895	1.3174	0.2548	0.977	-1.1442	
2.37	-0.9944	1.4183	0.0896	1.0189	-0.8194	
2.38	-1.1293	1.2367	-0.0456	1.1719	-0.6646	
2.39	-1.094	1.2429	-0.1632	1.3528	-0.3807	
2.4	-1.1872	0.9423	-0.2955	1.383	-0.1075	
2.41	-1.2072	0.8714	-0.4689	1.4221	0.2191	
2.42	-1.0506	0.6758	-0.5294	1.5105	0.4719	
2.43	-0.9642	0.4075	-0.6808	1.8834	0.7244	
2.44	-0.7313	0.2312	-0.7265	1.952	0.9234	
2.45	-0.6638	-0.0027	-0.7745	2.0325	0.9619	
2.46	-0.3744	-0.2248	-0.8522	1.9734	1.006	
2.47	-0.1826	-0.3969	-0.9289	2.2004	1.0172	
2.48	0.0645	-0.6109	-0.9597	2.3936	0.9698	
2.49	0.2786	-0.7273	-1.1506	2.3808	0.6737	
2.5	0.4465	-0.8175	-1.1297	2.6299	0.4985	
2.51	0.5819	-0.8955	-1.0831	2.7802	0.2767	
2.52	0.7308	-1.1005	-1.0494	2.7393	0.0285	
2.53	0.8337	-1.0119	-1.0896	2.9046	-0.2112	
2.54	0.8819	-1.0544	-1.0356	3.0309	-0.3886	
2.55	0.856	-0.8715	-0.9607	3.0802	-0.5194	
2.56	0.7222	-0.8318	-0.7749	2.8651	-0.5001	
2.57	0.5721	-0.637	-0.7398	2.6928	-0.5514	
2.58	0.4551	-0.5041	-0.6153	2.8365	-0.3555	
2.59	0.2198	-0.3387	-0.6081	2.9265	-0.1997	
2.6	0.0063	-0.1138	-0.4974	2.568	0.0722	
2.61	-0.2151	0.1056	-0.3265	2.602	0.4039	
2.62	-0.4452	0.3576	-0.2402	2.4181	0.676	
2.63	-0.6169	0.4883	-0.108	2.5258	0.9236	
2.64	-0.7901	0.7461	0.0159	2.2608	1.3606	
2.65	-1.0401	0.9111	0.1362	2.2425	1.6329	
2.66	-1.1266	1.0166	0.2334	1.8893	1.7638	
2.67	-1.1745	1.2257	0.3592	1.83	2.0652	
2.68	-1.1567	1.3992	0.4672	1.5497	2.098	
2.69	-1.0115	1.2597	0.6157	1.4527	1.8971	
2.7	-0.9264	1.3283	0.6694	1.3033	1.7303	
2.71	-0.7715	1.2405	0.8262	1.1642	1.6128	
2.72	-0.6233	1.2933	0.8231	0.9722	1.3554	
2.73	-0.411	1.194	0.9088	0.7517	1.1724	
2.74	-0.1451	1.1112	0.8459	0.6153	0.8744	
2.75	0.088	0.9791	1.0332	0.5305	0.6161	
2.76	0.2915	0.9182	1.0249	0.3439	0.395	
2.77	0.5322	0.7825	1.029	0.2323	0.2977	
2.78	0.645	0.6151	1.0603	0.1032	0.263	
2.79	0.7999	0.4989	0.9195	0.012	0.287	
2.8	1.0021	0.4248	0.9782	-0.0695	0.4631	
2.81	1.0075	0.3226	0.8266	-0.1397	0.6578	
2.82	1.092	0.242	0.7705	-0.214	0.8097	
2.83	0.9861	0.1722	0.795	-0.2525	1.1259	
2.84	0.7841	0.185	0.6962	-0.2652	1.513	
2.85	0.6444	0.2002	0.536	-0.2799	1.9031	
2.86	0.4987	0.2583	0.446	-0.2582	1.9663	
2.87	0.2872	0.3542	0.4045	-0.2453	2.4154	
2.88	0.1024	0.4271	0.2631	-0.2216	2.5175	
2.89	-0.1259	0.567	0.1709	-0.1778	2.5067	
2.9	-0.3057	0.8248	0.0549	-0.1302	2.2988	
2.91	-0.5143	1.0478	-0.0509	-0.0659	2.3101	
2.92	-0.7101	1.2842	-0.1414	-0.0072	2.0841	
2.93	-0.7445	1.411	-0.2425	0.0619	1.7518	
2.94	-0.8333	1.6889	-0.3247	0.1282	1.7927	
2.95	-0.8836	1.931	-0.4464	0.1663	1.3561	
2.96	-0.8441	1.9583	-0.4795	0.2476	1.0544	
2.97	-0.7763	1.9747	-0.6484	0.2831	0.7885	
2.98	-0.555	2.1653	-0.6249	0.361	0.5999	
2.99	-0.3814	2.1398	-0.6908	0.3644	0.4063	
3.0	-0.1961	2.5984	-0.7379	0.4122	0.3199	
3.01	0.0257	2.373	-0.6967	0.4138	0.3369	
3.02	0.2756	2.477	-0.8234	0.3944	0.4477	
3.03	0.5362	2.1339	-0.8344	0.4408	0.5444	
3.04	0.6673	2.2115	-0.7875	0.4016	0.8245	
3.05	1.0073	2.2158	-0.6548	0.3578	1.0623	
3.06	1.1268	1.7544	-0.7275	0.2833	1.1598	
3.07	1.1021	1.707	-0.5707	0.2341	1.5061	
3.08	1.1738	1.3401	-0.5289	0.1345	1.6023	
3.09	1.2597	1.1198	-0.5067	0.0453	1.8734	
3.1	1.2011	0.9013	-0.3796	-0.0814	2.0684	
3.11	1.0765	0.7635	-0.3186	-0.1872	1.8236	
3.12	1.1155	0.4821	-0.2185	-0.3492	1.8558	
3.13	0.8992	0.2285	-0.1064	-0.4943	1.6607	
3.14	0.7685	0.0211	-0.0025	-0.6411	1.4641	
3.15	0.4766	-0.1822	0.1162	-0.9026	1.1989	
3.16	0.313	-0.3392	0.2086	-0.9229	0.9699	
3.17	0.0675	-0.4615	0.291	-1.2391	0.5673	
3.18	-0.1222	-0.5762	0.4288	-1.4351	0.2467	
3.19	-0.2722	-0.6079	0.5299	-1.5481	-0.0671	
3.2	-0.4068	-0.6931	0.6536	-1.6283	-0.3221	
3.21	-0.4779	-0.6432	0.6946	-1.8033	-0.4655	
3.22	-0.5552	-0.6392	0.7168	-2.1724	-0.5868	
3.23	-0.4757	-0.5296	0.9164	-2.1944	-0.6285	
3.24	-0.4132	-0.4964	0.9589	-2.1341	-0.5514	
3.25	-0.3363	-0.3562	0.8894	-2.4652	-0.3877	
3.26	-0.1713	-0.2681	0.9722	-2.355	-0.2248	
3.27	0.0118	-0.2109	0.9605	-2.4383	-0.0039	
3.28	0.2492	-0.104	0.9931	-2.5725	0.2228	
3.29	0.4391	-0.0416	0.9604	-2.623	0.4153	
3.3	0.6676	0.0165	0.8481	-3.0407	0.5668	
3.31	0.9954	0.046	0.7831	-2.9972	0.6951	
3.32	1.1368	0.0497	0.7807	-3.0797	0.8265	
3.33	1.2345	0.0185	0.7504	-2.5599	0.8227	
3.34	1.4882	-0.0487	0.6847	-2.7585	0.7412	
3.35	1.3968	-0.1514	0.4737	-2.6724	0.5648	
3.36	1.4395	-0.2836	0.3799	-2.7802	0.2901	
3.37	1.5306	-0.4292	0.2981	-2.5659	-0.0256	
3.38	1.3754	-0.6335	0.1467	-2.5772	-0.3357	
3.39	1.5162	-0.9054	0.0151	-2.4359	-0.6783	
3.4	1.1813	-1.0115	-0.1217	-2.1337	-1.0259	
3.41	1.1422	-1.4034	-0.2778	-2.3443	-1.181	
3.42	0.8762	-1.58	-0.3866	-1.9507	-1.5789	
3.43	0.6685	-1.9692	-0.5552	-2.0486	-1.579	
3.44	0.3898	-2.0714	-0.7753	-1.6339	-1.6545	
3.45	0.217	-2.4303	-0.8732	-1.5642	-1.5648	
3.46	0.0235	-2.2099	-0.964	-1.5974	-1.7684	
3.47	-0.1251	-2.3637	-1.1518	-1.3488	-1.3464	
3.48	-0.227	-2.9384	-1.1842	-1.3908	-1.3927	
3.49	-0.3307	-2.968	-1.4409	-1.1819	-1.0011	
3.5	-0.2854	-2.6253	-1.3208	-1.1957	-0.7639	
3.51	-0.2785	-2.6045	-1.4551	-1.0238	-0.5335	
3.52	-0.1869	-2.8506	-1.6635	-1.0789	-0.3065	
3.53	-0.0592	-2.4843	-1.8214	-0.9703	-0.1683	
3.54	0.1149	-2.6215	-1.8402	-0.9308	-0.0964	
3.55	0.3293	-2.5667	-1.7994	-0.8448	-0.0942	
3.56	0.5341	-2.343	-1.6298	-0.8924	-0.1865	
3.57	0.7906	-2.1032	-1.7067	-0.82	-0.296	
3.58	0.9218	-1.9614	-1.6191	-0.8908	-0.573	
3.59	1.3331	-1.4921	-1.751	-0.8917	-0.8381	
3.6	1.4843	-1.4892	-1.6625	-0.9563	-1.1063	
3.61	1.4371	-1.0941	-1.5265	-1.0956	-1.5041	
3.62	1.5758	-1.0621	-1.4784	-1.0037	-1.564	
3.63	1.5984	-0.7757	-1.5437	-1.22	-1.9601	
3.64	1.7156	-0.5942	-1.3234	-1.2441	-2.1632	
3.65	1.6996	-0.4845	-1.2381	-1.1965	-2.2973	
3.66	1.5329	-0.4407	-1.1925	-1.2853	-2.0773	
3.67	1.4713	-0.3613	-1.1668	-1.5042	-1.9592	
3.68	1.3168	-0.3067	-0.9921	-1.6289	-2.1286	
3.69	1.0401	-0.2843	-0.9678	-1.5281	-1.6123	
3.7	0.762	-0.3338	-0.762	-1.5772	-1.5633	
3.71	0.5901	-0.3758	-0.6707	-1.7776	-1.251	
3.72	0.3888	-0.5076	-0.5652	-1.9216	-0.9308	
3.73	0.1454	-0.6401	-0.4519	-1.9985	-0.5646	
3.74	-0.0312	-0.7693	-0.3831	-2.0364	-0.3489	
3.75	-0.1559	-0.8497	-0.2908	-1.9553	-0.1541	
3.76	-0.2781	-1.0175	-0.1957	-2.0403	-0.0302	
3.77	-0.3151	-1.095	-0.126	-1.785	0.0045	
3.78	-0.3328	-1.1355	-0.0646	-2.0762	-0.0416	
3.79	-0.2261	-1.315	-0.0132	-1.7932	-0.1537	
3.8	-0.1502	-1.2251	0.0224	-1.6967	-0.3164	
3.81	0.0081	-1.2099	0.0524	-1.6619	-0.5549	
3.82	0.1996	-1.1646	0.0645	-1.7025	-0.7867	
3.83	0.362	-1.2335	0.0622	-1.4507	-1.0317	
3.84	0.5839	-1.2201	0.0529	-1.2735	-1.2493	
3.85	0.8313	-1.0106	0.0269	-1.2824	-1.5406	
3.86	1.1299	-0.8155	-0.0097	-1.1051	-1.5349	
3.87	1.1967	-0.7262	-0.0551	-0.8658	-1.5679	
3.88	1.4856	-0.4862	-0.1202	-0.7965	-1.6838	
3.89	1.4115	-0.3123	-0.1781	-0.5773	-1.3544	
3.9	1.6437	-0.0867	-0.2308	-0.3447	-1.332	
3.91	1.6084	0.1631	-0.3164	-0.1918	-1.1043	
3.92	1.4435	0.3504	-0.371	0.0105	-0.7347	
3.93	1.4843	0.5937	-0.4535	0.1833	-0.4545	
3.94	1.3909	0.7793	-0.5172	0.3631	-0.0816	
3.95	1.2553	1.0096	-0.5858	0.5148	0.2134	
3.96	1.0314	1.2154	-0.7182	0.8163	0.4839	
3.97	0.6867	1.2726	-0.7248	0.9207	0.6178	
3.98	0.4316	1.4238	-0.8718	1.0266	0.7281	
3.99	0.2597	1.2968	-0.8572	1.2963	0.8664	
4.0	0.0118	1.3244	-0.9547	1.3478	0.7491	
4.01	-0.2063	1.3879	-1.1341	1.4296	0.6419	
4.02	-0.3427	1.1011	-0.9855	1.4957	0.3998	
4.03	-0.4852	1.0144	-1.1964	1.4803	0.2134	
4.04	-0.5532	0.86	-1.1419	1.6206	-0.0424	
4.05	-0.5593	0.7355	-1.0783	1.8634	-0.2769	
4.06	-0.5606	0.5742	-1.1575	1.858	-0.5359	
4.07	-0.485	0.3828	-1.0451	1.6889	-0.7365	
4.08	-0.3756	0.1415	-0.9419	1.9064	-0.7996	
4.09	-0.2292	-0.0688	-0.8874	1.8494	-0.8449	
4.1	-0.0238	-0.2545	-0.8577	1.7925	-0.8384	
4.11	0.1784	-0.4195	-0.8232	1.5145	-0.6581	
4.12	0.3726	-0.6391	-0.6211	1.5657	-0.4768	
4.13	0.5433	-0.8351	-0.5552	1.4239	-0.2503	
4.14	0.861	-0.8069	-0.3642	1.4665	0.0171	
4.15	0.968	-0.959	-0.2576	1.4247	0.3418	
4.16	1.157	-0.9935	-0.1079	1.3195	0.6142	
4.17	1.1181	-1.0327	0.0497	1.3243	0.8878	
4.18	1.2433	-0.8803	0.199	1.1704	1.0797	
4.19	1.1283	-0.8174	0.4172	1.1668	1.3074	
4.2	1.0928	-0.8297	0.573	1.0201	1.291	
4.21	0.8874	-0.616	0.7276	0.8361	1.3051	
4.22	0.8405	-0.5488	0.8447	0.8337	1.3032	
4.23	0.6334	-0.3867	1.0764	0.7725	1.1126	
4.24	0.3909	-0.2002	1.2676	0.7525	0.8484	
4.25	0.1215	-0.065	1.5244	0.7522	0.475	
4.26	-0.134	0.0913	1.4543	0.7697	0.21	
4.27	-0.3389	0.2189	1.5688	0.8061	-0.0612	
4.28	-0.5841	0.3444	1.9824	0.8093	-0.3017	
4.29	-0.7978	0.4656	1.8825	0.751	-0.5149	
4.3	-0.8829	0.4453	2.1839	0.9475	-0.7073	
4.31	-1.0911	0.5295	2.2567	0.9968	-0.7329	
4.32	-1.0825	0.4887	2.351	1.1111	-0.774	
4.33	-1.1847	0.527	2.1482	1.1599	-0.6535	
4.34	-1.1704	0.4124	2.4776	1.0896	-0.4806	
4.35	-0.9539	0.3306	2.1541	1.3495	-0.2944	
4.36	-0.7892	0.171	2.1972	1.4	-0.0814	
4.37	-0.6038	0.039	2.3204	1.5248	0.1644	
4.38	-0.4549	-0.1145	2.4341	1.7333	0.3845	
4.39	-0.2956	-0.3179	2.4256	1.9026	0.6408	
4.4	-0.0708	-0.5137	2.2125	2.0257	0.8426	
4.41	0.1114	-0.6583	2.3017	2.1518	0.8035	
4.42	0.2683	-0.8367	2.063	2.1253	0.9649	
4.43	0.4562	-0.88	1.9072	2.2907	0.7807	
4.44	0.5315	-1.1667	1.8614	2.435	0.6975	
4.45	0.5278	-1.23	2.0057	2.3186	0.4587	
4.46	0.5672	-1.3038	1.5976	2.4775	0.1438	
4.47	0.5216	-1.1851	1.7293	2.6306	-0.1734	
4.48	0.3697	-1.1063	1.6457	2.745	-0.4557	
4.49	0.2441	-1.1663	1.3693	2.6911	-0.91	
4.5	0.0569	-0.9661	1.3198	2.8894	-1.2079	
4.51	-0.1785	-0.9242	1.2234	3.0841	-1.2819	
4.52	-0.4215	-0.6805	1.0192	2.8425	-1.562	
4.53	-0.6664	-0.5115	1.0615	3.0073	-1.4848	
4.54	-0.9417	-0.2777	0.8218	2.9158	-1.5106	
4.55	-1.0509	-0.0304	0.819	2.717	-1.647	
4.56	-1.4213	0.2358	0.7755	2.9428	-1.3845	
4.57	-1.3944	0.4683	0.6615	2.565	-1.2989	
4.58	-1.6746	0.6879	0.58	2.6762	-0.9334	
4.59	-1.838	0.9303	0.5777	2.2269	-0.7851	
4.6	-1.7441	1.2865	0.6091	2.0747	-0.6022	
4.61	-1.7437	1.4594	0.5429	2.2219	-0.3834	
4.62	-1.8104	1.6913	0.4805	1.9712	-0.256	
4.63	-1.5201	1.882	0.5021	1.8223	-0.1992	
4.64	-1.2754	1.9649	0.5437	1.5376	-0.1885	
4.65	-1.2522	1.9753	0.5827	1.5241	-0.2769	
4.66	-1.1121	2.0808	0.6281	1.2838	-0.426	
4.67	-0.8133	1.8871	0.6575	1.1886	-0.7392	
4.68	-0.6748	2.1045	0.7403	0.898	-1.0273	
4.69	-0.4321	1.7179	0.7695	0.7168	-1.196	
4.7	-0.2995	1.8248	0.8209	0.6231	-1.7983	
4.71	-0.1761	1.5179	0.8177	0.4983	-1.7752	
4.72	-0.1291	1.6447	0.8885	0.334	-2.3538	
4.73	-0.108	1.4713	1.0202	0.2195	-2.6854	
4.74	-0.1464	1.1599	0.9799	0.1287	-2.6493	
4.75	-0.2385	1.2398	1.0683	0.0338	-2.4142	
4.76	-0.3551	1.1439	1.2754	-0.0468	-2.8874	
4.77	-0.5564	1.0377	1.2918	-0.1071	-2.5132	
4.78	-0.6918	0.9551	1.3055	-0.1682	-2.4565	
4.79	-1.0369	0.9021	1.3813	-0.1945	-2.239	
4.8	-1.2336	0.9177	1.3845	-0.1988	-2.0134	
4.81	-1.5878	0.8136	1.31	-0.2051	-1.8195	
4.82	-1.662	0.8482	1.4377	-0.1854	-1.347	
4.83	-1.755	1.0812	1.3554	-0.1794	-1.199	
4.84	-2.0129	1.0549	1.2883	-0.1512	-1.0951	
4.85	-2.0567	1.3424	1.3126	-0.0943	-0.9018	
4.86	-2.4243	1.4669	1.2726	-0.0475	-1.0189	
4.87	-2.3152	1.5689	1.1639	0.0089	-1.0172	
4.88	-2.215	1.6908	1.101	0.071	-1.1228	
4.89	-2.5718	1.9132	1.0333	0.1239	-1.4119	
4.9	-2.247	2.2167	0.8709	0.2156	-1.6425	
4.91	-2.2425	2.0555	0.7207	0.258	-1.9584	
4.92	-1.8573	2.618	0.6106	0.3453	-1.9858	
4.93	-1.8926	2.5811	0.4974	0.3992	-2.5751	
4.94	-1.6003	2.6955	0.3196	0.415	-2.7938	
4.95	-1.3969	2.7836	0.1143	0.4324	-2.9159	
4.96	-1.1418	2.8857	-0.0531	0.5093	-3.2028	
4.97	-0.8715	2.453	-0.2178	0.48	-2.9694	
4.98	-0.7935	2.5158	-0.4216	0.4763	-2.8935	
4.99	-0.7681	2.6193	-0.5526	0.4932	-2.4774	
5.0	-0.6084	2.4094	-0.837	0.4486	-2.3196	
5.01	-0.619	2.1122	-0.9649	0.4422	-2.3462	
5.02	-0.655	1.9725	-1.103	0.3403	-1.7531	
5.03	-0.7779	1.5924	-1.2421	0.265	-1.4485	
5.04	-0.916	1.4106	-1.4198	0.1696	-1.3992	
5.05	-1.2607	1.0823	-1.8164	0.066	-0.9688	
5.06	-1.2683	0.8655	-1.885	-0.057	-0.7793	
5.07	-1.5825	0.5268	-1.8858	-0.1929	-0.6984	
5.08	-1.996	0.2448	-1.904	-0.3447	-0.621	
5.09	-2.2631	0.0113	-2.2182	-0.4674	-0.7414	
5.1	-2.5094	-0.2097	-2.2428	-0.6642	-0.8684	
5.11	-2.6427	-0.411	-2.2327	-0.8282	-1.0297	
5.12	-2.4059	-0.5418	-2.3287	-1.1025	-1.2104	
5.13	-3.0142	-0.7249	-2.3263	-1.0995	-1.4175	
5.14	-2.7052	-0.7374	-2.4207	-1.4197	-1.8619	
5.15	-2.7352	-0.8266	-2.3741	-1.4914	-2.0229	
5.16	-2.7553	-0.8496	-2.8545	-1.5984	-2.1831	
5.17	-2.8861	-0.883	-2.6729	-1.8943	-2.3518	
5.18	-2.5182	-0.7682	-2.4517	-2.0115	-2.372	
5.19	-2.5942	-0.6476	-2.3562	-2.0178	-2.0893	
5.2	-2.36	-0.5917	-2.6999	-2.1272	-1.8902	
5.21	-2.0477	-0.5038	-2.1667	-2.2009	-1.7607	
5.22	-1.8936	-0.4234	-2.1752	-2.624	-1.562	
5.23	-1.6655	-0.2804	-2.1524	-2.7928	-1.2888	
5.24	-1.3531	-0.1626	-2.0892	-2.6833	-0.9887	
5.25	-1.3045	-0.0921	-2.0096	-2.7661	-0.6391	
5.26	-1.1768	-0.0257	-2.072	-2.8257	-0.3196	
5.27	-0.9288	0.0162	-1.8164	-2.9564	-0.04	
5.28	-0.9042	0.029	-1.6068	-2.6678	0.1728	
5.29	-0.9283	0.0114	-1.6291	-2.7577	0.2959	
5.3	-1.1343	-0.0372	-1.5381	-2.682	0.3238	
5.31	-1.2087	-0.1119	-1.4437	-2.4927	0.2804	
5.32	-1.244	-0.2432	-1.2531	-2.8517	0.1675	
5.33	-1.3781	-0.3558	-1.2388	-2.3729	-0.0093	
5.34	-1.8592	-0.5985	-1.1618	-2.581	-0.2261	
5.35	-1.881	-0.7858	-1.0827	-2.393	-0.4796	
5.36	-2.2768	-0.8716	-0.9781	-2.4261	-0.6665	
5.37	-2.422	-1.0564	-0.9781	-2.0216	-0.8382	
5.38	-2.657	-1.2191	-0.9553	-2.1517	-1.0009	
5.39	-2.5887	-1.424	-0.8152	-1.8461	-1.1943	
5.4	-3.0196	-1.6578	-0.9355	-1.7728	-1.205	
5.41	-2.7121	-1.9078	-0.8584	-1.7465	-1.2308	
5.42	-3.0743	-2.1824	-0.7708	-1.5104	-1.0591	
5.43	-2.7821	-2.163	-0.907	-1.4598	-0.781	
5.44	-2.7695	-2.0244	-0.8849	-1.3253	-0.6433	
5.45	-2.4634	-2.4391	-1.0034	-1.1742	-0.3076	
5.46	-2.4759	-2.3336	-0.8637	-1.1921	-0.0066	
5.47	-2.1878	-2.2175	-0.9159	-1.1296	0.2856	
5.48	-2.1015	-2.0457	-1.0555	-0.8843	0.5497	
5.49	-1.8248	-1.8454	-1.1545	-0.8454	0.8149	
5.5	-1.6834	-1.9485	-1.1372	-0.897	0.9329	
5.51	-1.379	-1.801	-1.1856	-0.7974	1.0586	
5.52	-1.2544	-1.3426	-1.262	-0.9505	0.9574	
5.53	-1.0164	-1.3408	-1.4561	-0.8941	0.8647	
5.54	-1.0626	-1.1061	-1.2981	-0.9334	0.7069	
5.55	-0.9384	-0.6926	-1.5173	-0.9253	0.544	
5.56	-0.9767	-0.5579	-1.5052	-1.0869	0.2678	
5.57	-1.0224	-0.3438	-1.4081	-1.0499	-0.0015	
5.58	-1.0812	-0.1287	-1.5472	-1.109	-0.2538	
5.59	-1.261	0.0625	-1.6505	-1.2408	-0.5382	
5.6	-1.2812	0.197	-1.643	-1.3579	-0.7297	
5.61	-1.3991	0.3031	-1.6558	-1.3502	-0.8941	
5.62	-1.6013	0.4085	-1.5604	-1.3935	-0.9093	
5.63	-1.9997	0.4207	-1.5237	-1.6559	-0.854	
5.64	-2.2025	0.4619	-1.3884	-1.6815	-0.8159	
5.65	-2.3098	0.4062	-1.4174	-1.8513	-0.6871	
5.66	-2.3125	0.3122	-1.2637	-1.8285	-0.4524	
5.67	-2.7721	0.2253	-1.26	-1.7785	-0.1929	
5.68	-2.8109	0.1167	-1.243	-2.0513	0.0581	
5.69	-2.8773	-0.0287	-1.1552	-2.016	0.3293	
5.7	-2.5962	-0.1785	-0.9281	-1.927	0.5067	
5.71	-2.6839	-0.3221	-0.7741	-1.8681	0.7613	
5.72	-2.6402	-0.5094	-0.5998	-2.0464	0.8322	
5.73	-2.1569	-0.6724	-0.4679	-2.013	0.8678	
5.74	-2.0162	-0.8047	-0.2984	-1.7875	0.77	
5.75	-1.9504	-0.8742	-0.0975	-2.0184	0.6203	
5.76	-1.6385	-1.0363	0.0739	-1.9709	0.3849	
5.77	-1.3707	-1.0615	0.256	-1.8086	0.1295	
5.78	-1.0903	-1.0461	0.4755	-1.7298	-0.1998	
5.79	-0.9756	-1.0168	0.6765	-1.4676	-0.5271	
5.8	-0.8652	-1.0513	0.8726	-1.2558	-0.88	
5.81	-0.6007	-0.9426	0.9315	-1.2891	-1.1549	
5.82	-0.5704	-0.7053	1.15	-1.0753	-1.247	
5.83	-0.5341	-0.6889	1.3441	-0.9422	-1.4209	
5.84	-0.4463	-0.533	1.51	-0.7343	-1.5158	
5.85	-0.5374	-0.2996	1.6682	-0.5167	-1.6724	
5.86	-0.634	-0.1339	1.9422	-0.3537	-1.4797	
5.87	-0.8612	0.0281	2.129	-0.1679	-1.446	
5.88	-0.9838	0.2067	1.9543	0.0154	-1.2146	
5.89	-1.142	0.3562	2.1151	0.1902	-0.8679	
5.9	-1.3904	0.5073	2.2014	0.3957	-0.7302	
5.91	-1.4924	0.5518	2.3786	0.53	-0.4571	
5.92	-1.616	0.6847	2.2335	0.7402	-0.2527	
5.93	-2.0317	0.7622	2.4528	0.8582	-0.0964	
5.94	-2.1529	0.6788	2.347	1.003	-0.0323	
5.95	-1.9916	0.7288	2.6283	1.227	-0.035	
5.96	-2.0154	0.58	2.7043	1.2507	-0.1308	
5.97	-2.0598	0.5686	2.4681	1.3836	-0.2812	
5.98	-2.1975	0.4214	2.4284	1.4999	-0.5211	
5.99	-1.9949	0.2238	2.1433	1.6396	-0.8479	
6.0	-1.8915	0.0232	2.2051	1.6469	-1.1091	
6.01	-1.7245	-0.1986	2.379	1.5911	-1.3544	
6.02	-1.3066	-0.4444	2.3256	1.5539	-1.6424	
6.03	-1.2638	-0.6273	2.2468	1.8192	-2.0332	
6.04	-0.935	-0.9679	2.1091	1.8196	-2.3457	
6.05	-0.6406	-1.2313	2.0204	1.5328	-2.1947	
6.06	-0.4465	-1.4658	1.6283	1.5243	-2.1717	
6.07	-0.2161	-1.4074	1.6224	1.4882	-2.2391	
6.08	-0.0597	-1.7215	1.4897	1.6613	-2.431	
6.09	0.0681	-1.8335	1.3925	1.5171	-2.2306	
6.1	0.1506	-2.0342	1.3099	1.3301	-2.0152	
6.11	0.1661	-2.1092	1.3264	1.1835	-1.4526	
6.12	0.1412	-1.9286	1.0454	1.3122	-1.2893	
6.13	0.0757	-2.0213	1.1565	1.1595	-1.0292	
6.14	-0.0334	-1.905	0.9835	1.1052	-0.7938	
6.15	-0.2026	-1.9808	0.8518	1.0924	-0.7211	
6.16	-0.3566	-1.7134	0.942	0.8606	-0.5604	
6.17	-0.6118	-1.7181	0.8433	0.864	-0.5586	
6.18	-0.761	-1.5679	0.7462	0.8189	-0.6307	
6.19	-0.8671	-1.2686	0.7331	0.7693	-0.7097	
6.2	-1.1501	-1.0672	0.7559	0.7054	-0.8901	
6.21	-1.281	-0.8436	0.7674	0.7292	-1.1289	
6.22	-1.3299	-0.6904	0.8914	0.675	-1.4808	
6.23	-1.5531	-0.522	0.9188	0.7784	-1.6946	
6.24	-1.4906	-0.3767	0.9584	0.761	-2.0297	
6.25	-1.2776	-0.284	1.0169	0.7906	-2.1087	
6.26	-1.4199	-0.2079	0.8892	0.8201	-2.1451	
6.27	-1.0671	-0.1457	1.0736	0.8651	-2.3537	
6.28	-1.004	-0.1255	1.0809	1.0442	-2.6258	
6.29	-0.8136	-0.1512	1.1939	1.0036	-2.1474	
6.3	-0.5152	-0.1701	1.2804	1.2358	-2.1337	
6.31	-0.2744	-0.2404	1.4089	1.2242	-1.8661	
6.32	-0.03	-0.3485	1.2978	1.5008	-1.5042	
6.33	0.2086	-0.4563	1.4588	1.497	-1.3647	
6.34	0.419	-0.5811	1.5412	1.7254	-0.9501	
6.35	0.5915	-0.6807	1.4979	1.6677	-0.7241	
6.36	0.8408	-0.7699	1.7203	2.0609	-0.4395	
6.37	0.9486	-1.0042	1.6436	2.2937	-0.2612	
6.38	0.9661	-1.1672	1.6053	2.2789	-0.1052	
6.39	0.9162	-1.0767	1.5246	2.2608	-0.0612	
6.4	0.8087	-1.1362	1.5296	2.3925	-0.0975	
6.41	0.7674	-1.132	1.7004	2.4834	-0.1872	
6.42	0.6776	-1.3438	1.6766	2.6296	-0.3943	
6.43	0.5092	-1.1789	1.5914	2.7622	-0.5962	
6.44	0.2913	-1.0861	1.6496	2.7214	-0.7669	
6.45	0.07	-1.0133	1.6354	3.0335	-0.9497	
6.46	-0.1382	-0.8227	1.3841	2.6689	-1.1375	
6.47	-0.2905	-0.657	1.4286	3.1062	-1.367	
6.48	-0.5175	-0.4095	1.14	2.7118	-1.4251	
6.49	-0.6207	-0.1904	1.1247	2.9502	-1.461	
6.5	-0.7329	0.0892	0.9504	2.9446	-1.4131	
6.51	-0.675	0.3727	0.7201	2.7919	-1.4292	
6.52	-0.773	0.6901	0.702	2.7348	-1.161	
6.53	-0.6773	0.8515	0.4959	2.6437	-0.8425	
6.54	-0.4886	1.272	0.2771	2.7286	-0.4903	
6.55	-0.3407	1.5036	0.1211	2.4444	-0.1909	
6.56	-0.1709	1.7141	-0.045	2.3263	0.1467	
6.57	0.0584	1.9976	-0.2339	2.062	0.4397	
6.58	0.2814	2.0143	-0.4074	2.1037	0.6658	
6.59	0.5504	2.0651	-0.6366	1.8448	0.9381	
6.6	0.8126	2.4421	-0.7648	1.4954	0.9667	
6.61	1.0738	2.3012	-1.0234	1.3709	1.0379	
6.62	1.1318	2.1866	-1.0252	1.1491	1.122	
6.63	1.4723	2.2904	-1.3374	1.1216	0.8885	
6.64	1.653	2.1296	-1.3411	0.8956	0.865	
6.65	1.6089	1.9998	-1.6822	0.8196	0.5515	
6.66	1.5028	2.2683	-1.5084	0.6844	0.3796	
6.67	1.4651	2.0482	-1.7748	0.4782	0.1095	
6.68	1.6033	1.8462	-1.7952	0.3422	-0.0973	
6.69	1.4756	1.7211	-1.9139	0.2344	-0.2487	
6.7	1.1273	1.4196	-1.9357	0.1292	-0.3438	
6.71	0.9244	1.2611	-2.1102	0.0455	-0.395	
6.72	0.7536	1.2015	-2.1793	-0.0223	-0.3427	
6.73	0.5761	1.1048	-2.1567	-0.0858	-0.1892	
6.74	0.3389	1.033	-2.1833	-0.1251	0.0112	
6.75	0.1939	0.9811	-2.0855	-0.1435	0.2863	
6.76	0.0381	0.9816	-2.1669	-0.1735	0.5423	
6.77	-0.0672	0.9049	-1.9954	-0.1687	0.8865	
6.78	-0.1309	1.0982	-1.9432	-0.1323	1.3109	
6.79	-0.1553	1.124	-1.9938	-0.1219	1.4107	
6.8	-0.1128	1.1584	-1.5892	-0.0759	1.5868	
6.81	-0.0293	1.284	-1.5333	-0.0301	1.8162	
6.82	0.1117	1.3137	-1.5136	0.026	2.112	
6.83	0.2935	1.4637	-1.3553	0.0828	2.1252	
6.84	0.5149	1.7514	-1.4509	0.1609	1.7647	
6.85	0.7469	1.7759	-1.2283	0.2356	1.7504	
6.86	0.8867	2.0596	-1.2138	0.2651	1.4661	
6.87	1.2775	2.1912	-1.0216	0.3617	1.2574	
6.88	1.5005	2.4638	-1.0247	0.3684	0.9315	
6.89	1.4959	2.3424	-0.8404	0.4487	0.6312	
6.9	1.8748	2.337	-0.8056	0.4825	0.4358	
6.91	1.7909	2.5721	-0.6555	0.5732	0.2314	
6.92	2.1481	2.3285	-0.5636	0.5834	0.1034	
6.93	1.9889	2.0703	-0.558	0.6019	0.0392	
6.94	2.1766	2.2844	-0.4733	0.596	0.0552	
6.95	1.7749	1.9254	-0.4037	0.4851	0.1644	
6.96	1.9591	2.0271	-0.4303	0.5126	0.3197	
6.97	1.65	1.7093	-0.3361	0.4092	0.5143	
6.98	1.5557	1.3031	-0.3852	0.3992	0.7648	
6.99	1.2091	1.2025	-0.3682	0.2787	1.1222	
7.0	1.0539	0.8939	-0.4152	0.1907	1.2389	
7.01	0.831	0.6226	-0.4336	0.0827	1.7081	
7.02	0.6256	0.3604	-0.4374	-0.0526	1.5921	
7.03	0.4665	0.084	-0.5008	-0.1773	1.9951	
7.04	0.2759	-0.1608	-0.5635	-0.3108	1.7736	
7.05	0.1976	-0.3858	-0.6522	-0.4609	1.6909	
7.06	0.1467	-0.5253	-0.7354	-0.7145	1.746	
7.07	0.1355	-0.7548	-0.8098	-0.8787	1.4675	
7.08	0.1966	-0.8284	-0.8664	-0.9493	1.1516	
7.09	0.2903	-0.8701	-0.975	-1.0844	0.9001	
7.1	0.4105	-0.9135	-1.0997	-1.4742	0.5863	
7.11	0.639	-0.9	-1.1822	-1.6045	0.2477	
7.12	0.7734	-0.9068	-1.2297	-1.5821	-0.0469	
7.13	1.14	-0.8033	-1.2571	-1.9732	-0.2688	
7.14	1.4234	-0.722	-1.2986	-1.878	-0.4378	
7.15	1.5352	-0.6861	-1.4882	-2.016	-0.5161	
7.16	1.6732	-0.5165	-1.3314	-2.4477	-0.4778	
7.17	1.9008	-0.362	-1.5001	-2.4945	-0.4624	
7.18	1.8516	-0.2119	-1.4365	-2.4774	-0.2857	
7.19	1.9932	-0.084	-1.4607	-2.6872	-0.0822	
7.2	2.1391	0.0605	-1.6652	-2.8054	0.175	
7.21	2.1192	0.1796	-1.5988	-2.6053	0.4463	
7.22	1.9405	0.2714	-1.4665	-2.5951	0.6702	
7.23	1.7745	0.3519	-1.5835	-2.5035	0.8123	
7.24	1.8216	0.3838	-1.3965	-2.6203	0.9446	
7.25	1.5297	0.4108	-1.2342	-2.7021	1.1472	
7.26	1.4968	0.3627	-1.2151	-2.4942	1.1466	
7.27	1.1161	0.3391	-1.0848	-2.8349	0.9086	
7.28	1.0046	0.226	-1.0071	-2.7084	0.7758	
7.29	0.6715	0.1304	-0.9831	-2.4728	0.5827	
7.3	0.5068	-0.002	-0.8003	-2.1739	0.3218	
7.31	0.3942	-0.1492	-0.754	-2.0917	-0.0067	
7.32	0.2489	-0.3102	-0.6262	-2.3156	-0.3063	
7.33	0.1502	-0.5103	-0.434	-2.1673	-0.688	
7.34	0.1096	-0.69	-0.2809	-1.9591	-0.953	
7.35	0.1437	-0.8769	-0.121	-1.685	-1.164	
7.36	0.23	-0.9313	0.0285	-1.8561	-1.3038	
7.37	0.3196	-0.9968	0.1722	-1.5444	-1.2849	
7.38	0.4501	-1.2071	0.3534	-1.5421	-1.1731	
7.39	0.7395	-1.3184	0.4727	-1.3287	-1.2167	
7.4	0.7993	-1.4004	0.6498	-1.2453	-0.9011	
7.41	1.0942	-1.3938	0.7852	-1.221	-0.7819	
7.42	1.3605	-1.2931	0.8858	-1.1868	-0.4691	
7.43	1.6419	-1.2394	0.938	-0.942	-0.1725	
7.44	1.8215	-1.1029	1.0478	-1.0588	0.0636	
7.45	1.808	-0.8532	1.2191	-0.9994	0.2964	
7.46	1.7695	-0.69	1.2016	-0.8892	0.4567	
7.47	2.0354	-0.5089	1.5192	-0.9301	0.5649	
7.48	2.1173	-0.3373	1.3215	-0.8473	0.5996	
7.49	1.9282	-0.1258	1.4282	-0.8939	0.4672	
7.5	1.982	0.102	1.5788	-0.9383	0.3366	
7.51	1.6618	0.3585	1.5065	-1.0715	0.1829	
7.52	1.6568	0.4881	1.4366	-1.0748	-0.0801	
7.53	1.2587	0.7921	1.4244	-1.0984	-0.3583	
7.54	1.1138	0.9522	1.475	-1.2211	-0.5603	
7.55	0.8682	0.9479	1.2974	-1.2228	-0.8426	
7.56	0.6384	1.1491	1.4434	-1.2189	-1.0333	
7.57	0.3618	1.2024	1.2097	-1.5669	-1.2399	
7.58	0.1973	1.1526	1.1724	-1.6222	-1.2974	
7.59	0.0366	1.3227	1.0933	-1.7374	-1.259	
7.6	-0.07	1.0776	1.0495	-1.706	-1.2755	
7.61	-0.1236	0.9768	0.9401	-1.789	-1.0467	
7.62	-0.1353	1.0421	0.705	-1.9912	-0.7266	
7.63	-0.0886	0.821	0.7121	-1.9522	-0.5193	
7.64	-0.0052	0.5998	0.5424	-2.0593	-0.2156	
7.65	0.1196	0.3984	0.408	-2.214	0.1255	
7.66	0.3181	0.2129	0.3145	-1.876	0.4165	
7.67	0.4522	0.0158	0.1791	-1.9719	0.6807	
7.68	0.7138	-0.1991	0.091	-1.9063	0.8738	
7.69	0.9393	-0.4096	-0.0018	-2.1485	0.9079	
7.7	1.185	-0.555	-0.0874	-2.1807	0.9759	
7.71	1.2831	-0.6352	-0.1512	-2.0839	0.9719	
7.72	1.3929	-0.885	-0.232	-1.8076	0.9888	
7.73	1.4827	-0.9222	-0.2718	-1.9416	0.7298	
7.74	1.6482	-1.0694	-0.3011	-1.658	0.5	
7.75	1.7171	-1.0255	-0.3897	-1.6307	0.3285	
7.76	1.7223	-1.0508	-0.3732	-1.2758	0.0744	
7.77	1.6103	-0.9176	-0.4044	-1.2018	-0.1422	
7.78	1.3657	-0.9165	-0.3582	-1.0985	-0.3331	
7.79	1.3368	-0.8294	-0.3123	-0.9964	-0.3875	
7.8	1.0232	-0.6291	-0.2802	-0.6911	-0.405	
7.81	0.7416	-0.573	-0.2714	-0.578	-0.3853	
7.82	0.5674	-0.442	-0.1909	-0.3733	-0.2491	
7.83	0.3082	-0.3456	-0.143	-0.1775	-0.0418	
7.84	0.1069	-0.1882	-0.0622	0.024	0.2078	
7.85	-0.0966	-0.0902	0.0302	0.2115	0.5331	
7.86	-0.2841	-0.0021	0.1203	0.4197	0.7961	
7.87	-0.4121	0.0554	0.2357	0.5937	1.3209	
7.88	-0.5101	0.0886	0.3346	0.6947	1.5059	
7.89	-0.4795	0.0841	0.4257	0.9598	1.8407	
7.9	-0.4477	0.0499	0.5278	0.981	1.957	
7.91	-0.461	-0.0253	0.6259	1.1291	1.9787	
7.92	-0.3267	-0.1427	0.6692	1.2035	2.0345	
7.93	-0.1504	-0.2658	0.8552	1.2872	2.0651	
7.94	0.0277	-0.4251	0.9318	1.5827	1.824	
7.95	0.2447	-0.6604	0.9245	1.6504	2.0168	
7.96	0.448	-0.8809	1.0675	1.4853	1.6852	
7.97	0.6839	-1.0137	1.1183	1.7508	1.3135	
7.98	0.8646	-1.4573	1.077	1.7607	1.1474	
7.99	1.0971	-1.5651	1.1023	1.5407	0.9141	
8.0	1.1321	-2.0049	1.1377	1.6187	0.7376	
8.01	1.1929	-1.9588	1.2587	1.5679	0.6312	
8.02	1.2324	-2.1091	1.211	1.465	0.6493	
8.03	1.3667	-2.398	1.2227	1.5304	0.6323	
8.04	1.2273	-2.4886	1.0484	1.4825	0.8027	
8.05	1.0565	-2.9379	1.0008	1.4185	0.9975	
8.06	0.9831	-2.891	0.9731	1.3334	1.3715	
8.07	0.7321	-2.8553	0.9063	1.2737	1.5235	
8.08	0.5461	-2.6367	0.821	1.1876	1.8434	
8.09	0.3466	-2.6236	0.6983	1.0436	2.113	
8.1	0.0917	-2.3531	0.6322	1.072	2.2679	
8.11	-0.1358	-2.6497	0.5652	0.8973	2.5414	
8.12	-0.3293	-2.111	0.386	0.9335	2.9688	
8.13	-0.5336	-2.2721	0.2943	0.7224	2.6273	
8.14	-0.6498	-2.0406	0.1681	0.6845	2.8259	
8.15	-0.8003	-1.8269	0.0404	0.6909	2.782	
8.16	-0.8727	-1.5521	-0.0787	0.634	2.5479	
8.17	-0.9126	-1.1845	-0.2217	0.6376	2.397	
8.18	-0.7303	-1.1324	-0.3013	0.6837	2.023	
8.19	-0.7506	-0.8096	-0.4188	0.7307	1.7616	
8.2	-0.592	-0.6424	-0.5298	0.7634	1.4333	
8.21	-0.351	-0.5115	-0.6025	0.825	1.4553	
8.22	-0.1465	-0.4169	-0.708	0.8735	1.1878	
8.23	0.0574	-0.3756	-0.8959	1.0079	0.9113	
8.24	0.294	-0.3668	-0.9422	1.0733	0.8988	
8.25	0.5066	-0.3157	-0.856	1.0357	0.9603	
8.26	0.6489	-0.3824	-0.9259	1.1454	0.9388	
8.27	0.8908	-0.4056	-1.0725	1.3465	1.2334	
8.28	0.9468	-0.4531	-0.9277	1.3375	1.4954	
8.29	1.0345	-0.5156	-1.0008	1.7027	1.5834	
8.3	1.0646	-0.6009	-0.9193	1.765	1.9406	
8.31	1.0299	-0.7545	-0.9854	1.7513	1.9902	
8.32	0.9121	-0.7762	-0.9415	2.0512	2.2678	
8.33	0.8386	-0.8925	-0.8174	2.277	2.5625	
8.34	0.6415	-0.957	-0.8014	2.0976	2.5474	
8.35	0.4682	-1.081	-0.6941	2.2279	2.3874	
8.36	0.2222	-1.0744	-0.5919	2.3189	2.5169	
8.37	-0.0113	-1.0978	-0.4598	2.6358	2.4188	
8.38	-0.22	-1.0065	-0.3793	2.5288	2.0654	
8.39	-0.4839	-1.0814	-0.2238	2.505	1.7661	
8.4	-0.6761	-0.8577	-0.1275	3.0572	1.6528	
8.41	-0.8299	-0.771	0.0133	3.1485	1.3156	
8.42	-0.9046	-0.6016	0.1372	2.6571	0.8722	
8.43	-0.9283	-0.4027	0.2739	3.1814	0.6443	
8.44	-1.004	-0.1397	0.4029	2.8054	0.4485	
8.45	-0.9284	0.1308	0.485	2.692	0.2645	
8.46	-0.8284	0.3622	0.6944	3.0413	0.189	
8.47	-0.7522	0.662	0.6944	2.6942	0.2022	
8.48	-0.5683	0.9587	0.9072	2.6063	0.2826	
8.49	-0.3446	1.2288	0.8776	2.6275	0.402	
8.5	-0.1384	1.4109	1.099	2.2742	0.6191	
8.51	0.0807	1.787	1.0224	2.4459	0.761	
8.52	0.3107	1.8377	1.2702	2.3474	1.1514	
8.53	0.5073	2.1821	1.2342	1.9523	1.1804	
8.54	0.6967	2.2467	1.2496	1.8638	1.57	
8.55	0.8465	2.4872	1.2822	1.8858	1.4668	
8.56	0.9133	2.4404	1.1359	1.6896	1.6746	
8.57	1.0864	2.3844	1.2175	1.3177	1.8364	
8.58	1.0007	2.3611	1.2378	1.3456	1.5874	
8.59	0.9733	2.2502	1.2404	1.0538	1.3425	
8.6	0.8767	2.191	1.0936	0.9234	1.2659	
8.61	0.6816	2.139	1.0536	0.7775	0.8902	
8.62	0.5408	1.7376	1.0214	0.5903	0.6018	
8.63	0.3563	1.6569	0.8408	0.4511	0.2345	
8.64	0.1165	1.394	0.7902	0.3788	-0.0716	
8.65	-0.1179	1.3113	0.624	0.2705	-0.3699	
8.66	-0.3617	1.2223	0.5241	0.1574	-0.6153	
8.67	-0.494	0.8609	0.5091	0.062	-0.7324	
8.68	-0.7242	0.877	0.358	0.0016	-0.7109	
8.69	-0.8059	0.681	0.2291	-0.054	-0.8142	
8.7	-0.8794	0.5241	0.1165	-0.0854	-0.5977	
8.71	-0.9585	0.5186	0.0075	-0.0963	-0.4462	
8.72	-0.8661	0.5007	-0.1014	-0.1076	-0.266	
8.73	-0.901	0.5055	-0.2089	-0.1019	0.013	
8.74	-0.7281	0.538	-0.2777	-0.0777	0.2642	
8.75	-0.5273	0.5065	-0.3963	-0.0449	0.5172	
8.76	-0.3166	0.6036	-0.5113	-0.0072	0.7483	
8.77	-0.1149	0.7487	-0.5723	0.0437	0.9483	
8.78	0.1264	0.9349	-0.6168	0.1096	1.0127	
8.79	0.3432	0.949	-0.5698	0.161	1.0563	
8.8	0.621	1.0561	-0.6574	0.2404	0.9408	
8.81	0.8394	1.223	-0.6441	0.2666	0.724	
8.82	0.9696	1.4255	-0.7439	0.3699	0.6145	
8.83	1.025	1.6336	-0.6997	0.4139	0.2793	
8.84	1.1093	1.7192	-0.6622	0.4504	0.024	
8.85	1.254	1.7143	-0.6372	0.5351	-0.2526	
8.86	1.2793	1.8539	-0.5666	0.5588	-0.5265	
8.87	1.2	1.8462	-0.5158	0.6295	-0.6721	
8.88	1.087	1.7026	-0.4328	0.6133	-0.9845	
8.89	0.8145	1.7752	-0.4217	0.5931	-1.0762	
8.9	0.7159	1.4309	-0.315	0.6234	-0.905	
8.91	0.4913	1.4067	-0.2203	0.5372	-0.912	
8.92	0.2204	1.0745	-0.1219	0.5134	-0.7024	
8.93	0.0198	1.0612	-0.0375	0.4658	-0.475	
8.94	-0.1657	0.7637	0.0618	0.3673	-0.2347	
8.95	-0.3192	0.511	0.1479	0.3196	0.0658	
8.96	-0.5243	0.3158	0.268	0.2323	0.4033	
8.97	-0.5784	0.0716	0.3143	0.0947	0.662	
8.98	-0.5959	-0.1618	0.4185	-0.0332	0.8809	
8.99	-0.5626	-0.339	0.5017	-0.1767	1.1535	
9.0	-0.5283	-0.51	0.5327	-0.3093	1.2365	
9.01	-0.4057	-0.6676	0.5592	-0.5396	1.3026	
9.02	-0.2661	-0.8598	0.6716	-0.6408	1.323	
9.03	-0.0965	-0.9373	0.7506	-0.8873	1.1527	
9.04	0.1189	-1.0646	0.6639	-0.9697	0.8823	
9.05	0.3742	-1.0597	0.6699	-1.2888	0.7221	
9.06	0.6271	-0.9943	0.7627	-1.4788	0.457	
9.07	0.821	-0.8874	0.643	-1.636	0.212	
9.08	1.1115	-0.7873	0.6937	-1.739	-0.0044	
9.09	1.3148	-0.6503	0.6163	-1.9829	-0.177	
9.1	1.3596	-0.5059	0.5148	-1.967	-0.3212	
9.11	1.5647	-0.3591	0.4937	-2.3855	-0.3279	
9.12	1.6262	-0.1711	0.4105	-2.495	-0.3113	
9.13	1.6921	0.0448	0.2862	-2.3645	-0.1724	
9.14	1.6317	0.2625	0.1445	-2.5867	0.0353	
9.15	1.4419	0.4067	0.0387	-2.3697	0.3119	
9.16	1.2004	0.5911	-0.0962	-2.7791	0.6184	
9.17	1.1534	0.7365	-0.2363	-2.8283	0.8801	
9.18	0.966	0.8641	-0.3759	-2.561	1.162	
9.19	0.6793	0.9407	-0.548	-2.8129	1.5716	
9.2	0.4905	1.1697	-0.7025	-2.5158	1.6672	
9.21	0.3063	1.1412	-0.8466	-2.7574	2.1308	
9.22	0.1144	1.2131	-0.9082	-2.7138	2.0048	
9.23	-0.0262	1.061	-1.073	-2.3781	2.2771	
9.24	-0.1386	1.0909	-1.2993	-2.4044	2.0688	
9.25	-0.1884	0.8855	-1.3699	-2.3484	1.9163	
9.26	-0.2378	0.8711	-1.4843	-2.3235	1.6387	
9.27	-0.1813	0.7419	-1.7384	-2.1478	1.581	
9.28	-0.0951	0.5235	-1.8673	-2.1234	1.4267	
9.29	0.0458	0.4315	-1.7524	-2.1233	1.1303	
9.3	0.2146	0.2892	-1.8194	-1.9767	0.8347	
9.31	0.441	0.1312	-2.121	-1.7082	0.7103	
9.32	0.6433	0.0101	-2.2272	-1.6232	0.5087	
9.33	0.9655	-0.0886	-1.8936	-1.4004	0.4706	
9.34	1.2466	-0.1868	-2.1567	-1.3532	0.528	
9.35	1.3294	-0.2032	-1.9805	-1.4312	0.6601	
9.36	1.4432	-0.2563	-2.0149	-1.1107	0.7812	
9.37	1.7446	-0.2273	-2.112	-1.063	1.0996	
9.38	1.9225	-0.1816	-1.8552	-0.9626	1.421	
9.39	2.0994	-0.0912	-1.7739	-1.0742	1.7444	
9.4	2.1703	0.0283	-1.7504	-0.9675	1.8607	
9.41	1.823	0.1735	-1.696	-1.0067	2.0894	
9.42	1.9567	0.3377	-1.8549	-0.8829	2.3212	
9.43	1.6165	0.5593	-1.4535	-0.9128	2.7669	
9.44	1.6112	0.7259	-1.5915	-0.9134	2.8839	
9.45	1.5051	0.9976	-1.2391	-0.9424	2.7727	
9.46	1.2058	1.1828	-1.2311	-1.0646	2.716	
9.47	0.9476	1.301	-1.0972	-1.0328	2.2247	
9.48	0.7501	1.4802	-1.0836	-1.1414	2.2404	
9.49	0.5571	1.7462	-0.8248	-1.2656	1.7237	
9.5	0.4267	1.8163	-0.7313	-1.1153	1.4954	
9.51	0.2942	1.7288	-0.6159	-1.2374	1.3641	
9.52	0.1821	1.7897	-0.4846	-1.279	1.0483	
9.53	0.17	1.7933	-0.3765	-1.429	0.7435	
9.54	0.1544	1.9471	-0.2809	-1.6109	0.5676	
9.55	0.2503	1.8309	-0.199	-1.5171	0.5918	
9.56	0.3542	1.7277	-0.0964	-1.632	0.6083	
9.57	0.5373	1.4142	-0.025	-1.7908	0.6697	
9.58	0.6978	1.2909	0.0369	-1.7941	0.7771	
9.59	0.9703	1.0929	0.0915	-1.8193	0.904	
9.6	1.1474	0.7955	0.1357	-2.1261	1.2232	
9.61	1.2764	0.6057	0.1463	-2.1643	1.5873	
9.62	1.5628	0.3639	0.1742	-2.2139	1.6552	
9.63	1.9535	0.0823	0.1713	-2.1391	2.0798	
9.64	2.0318	-0.1547	0.1585	-2.0956	1.8974	
9.65	2.0736	-0.3877	0.1339	-2.0219	2.3784	
9.66	2.258	-0.644	0.1013	-2.2108	2.3024	
9.67	2.3585	-0.8654	0.0683	-1.9586	2.0168	
9.68	2.1006	-0.9035	0.0132	-1.9803	2.1062	
9.69	2.3792	-0.9774	-0.039	-1.6981	1.5566	
9.7	2.1191	-1.1476	-0.1097	-1.726	1.3138	
9.71	2.0151	-1.2032	-0.1602	-1.3895	1.0563	
9.72	1.7492	-1.3095	-0.2524	-1.2951	0.6923	
9.73	1.6008	-1.2414	-0.2773	-1.151	0.4527	
9.74	1.2494	-1.2322	-0.3782	-1.0953	0.1291	
9.75	1.1176	-1.1532	-0.4416	-0.9027	-0.102	
9.76	0.9584	-0.9933	-0.4798	-0.7557	-0.299	
9.77	0.6628	-0.8877	-0.5744	-0.5347	-0.4165	
9.78	0.5972	-0.7424	-0.6472	-0.329	-0.3565	
9.79	0.4605	-0.7026	-0.6724	-0.1774	-0.3432	
9.8	0.3353	-0.5432	-0.6312	0.0294	-0.1855	
9.81	0.3619	-0.4669	-0.6807	0.2069	-0.0113	
9.82	0.3849	-0.4365	-0.6963	0.3597	0.2143	
9.83	0.4722	-0.3918	-0.7262	0.5335	0.4787	
9.84	0.6289	-0.3715	-0.6171	0.6636	0.6605	
9.85	0.6918	-0.446	-0.6758	0.9072	0.8197	
9.86	1.0272	-0.446	-0.5959	1.1109	0.912	
9.87	1.1817	-0.5232	-0.4877	1.1496	1.0635	
9.88	1.3208	-0.7276	-0.411	1.2686	1.0334	
9.89	1.6697	-0.8397	-0.319	1.371	0.8819	
9.9	1.9827	-0.9536	-0.2262	1.4774	0.7487	
9.91	2.2002	-1.1819	-0.1212	1.3538	0.5132	
9.92	1.963	-1.5302	-0.0024	1.5624	0.1717	
9.93	2.083	-1.796	0.1227	1.6658	-0.1565	
9.94	2.4472	-1.9456	0.28	1.5555	-0.5223	
9.95	2.1114	-2.2852	0.4284	1.4883	-0.8549	
9.96	2.1025	-2.1412	0.6084	1.6448	-1.0879	
9.97	2.1831	-2.3903	0.7394	1.4906	-1.2653	
9.98	1.9348	-2.9012	0.8937	1.5625	-1.5375	
9.99	1.9341	-2.6098	1.1031	1.389	-1.4815	
10.0	1.7908	-2.6475	1.3605	1.2777	-1.5085	
10.01	1.5077	-2.9654	1.3391	1.2614	-1.4934	
10.02	1.241	-2.7645	1.5089	1.2539	-1.3458	
10.03	0.9302	-2.7393	1.8835	1.0928	-1.0343	
10.04	0.7082	-2.8339	1.7693	0.9793	-0.7382	
10.05	0.5155	-2.8245	1.8413	0.9109	-0.533	
10.06	0.4081	-2.6475	2.3183	0.9663	-0.2531	
10.07	0.28	-2.705	2.4663	0.7751	-0.077	
10.08	0.2213	-2.0909	2.2854	0.7224	0.0818	
10.09	0.2234	-2.2256	2.3952	0.7823	0.1651	
10.1	0.2605	-1.9133	2.5506	0.712	0.1472	
10.11	0.3826	-1.4452	2.7457	0.6127	0.0836	
10.12	0.514	-1.2193	2.5673	0.5807	-0.0719	
10.13	0.62	-0.9992	2.5032	0.664	-0.3102	
10.14	0.8365	-0.8106	2.592	0.5884	-0.5413	
10.15	0.9933	-0.6343	2.4501	0.7423	-0.9257	
10.16	1.3794	-0.5253	2.5228	0.6659	-1.1552	
10.17	1.3748	-0.3355	2.4887	0.8222	-1.3243	
10.18	1.5782	-0.2497	2.3204	0.8471	-1.7492	
10.19	1.971	-0.146	2.6512	0.9065	-1.7115	
10.2	1.8706	-0.1092	2.3094	1.0361	-1.9862	
10.21	1.8841	-0.1062	2.3742	1.1511	-1.8482	
10.22	1.8981	-0.135	2.3349	1.2386	-1.6607	
10.23	1.8995	-0.1926	2.0011	1.2489	-1.6558	
10.24	1.9324	-0.2354	2.1287	1.6246	-1.3289	
10.25	1.6793	-0.3695	1.6785	1.4941	-1.0556	
10.26	1.7233	-0.4652	1.692	1.8048	-0.8411	
10.27	1.5217	-0.5404	1.5564	1.9534	-0.5002	
10.28	1.1503	-0.6532	1.3652	1.8499	-0.2892	
10.29	0.8897	-0.7695	1.2625	2.0178	-0.0244	
10.3	0.6568	-0.8655	1.1066	2.3678	0.1649	
10.31	0.4673	-0.8925	1.0221	2.3952	0.2713	
10.32	0.2328	-0.8349	0.9573	2.3791	0.3285	
10.33	0.0616	-0.8331	0.7936	2.7635	0.2649	
10.34	-0.0803	-0.9259	0.744	2.8909	0.122	
10.35	-0.1544	-0.7584	0.6408	2.8328	-0.0443	
10.36	-0.2108	-0.7286	0.5605	3.0581	-0.294	
10.37	-0.1859	-0.5484	0.4849	2.9664	-0.5032	
10.38	-0.1323	-0.4199	0.3811	2.773	-0.8241	
10.39	-0.011	-0.2131	0.3135	2.9751	-1.0187	
10.4	0.1387	-0.027	0.3208	3.1727	-1.2483	
10.41	0.3358	0.2186	0.3094	3.1458	-1.4053	
10.42	0.5325	0.4525	0.2483	3.0877	-1.458	
10.43	0.7146	0.7084	0.2548	2.4716	-1.3009	
10.44	0.9816	0.9766	0.2829	2.5886	-1.2837	
10.45	1.0177	1.0225	0.3056	2.7623	-0.9309	
10.46	1.1703	1.3249	0.3161	2.524	-0.6545	
10.47	1.2559	1.3885	0.3576	2.2002	-0.4292	
10.48	1.4617	1.5025	0.399	2.066	-0.0911	
10.49	1.4942	1.6512	0.4092	2.0865	0.2412	
10.5	1.3381	1.7752	0.4895	1.8368	0.4818	
10.51	1.4716	1.9306	0.5072	1.7179	0.7313	
10.52	1.2986	2.0341	0.5731	1.3895	0.9335	
10.53	1.0415	1.7374	0.6488	1.2882	1.0418	
10.54	0.8358	1.76	0.6513	1.0997	1.0712	
10.55	0.6562	1.4715	0.689	1.0817	1.0118	
10.56	0.4275	1.5458	0.8302	0.9479	0.8742	
10.57	0.1584	1.3665	0.8623	0.7232	0.6975	
10.58	-0.0912	1.049	0.8653	0.5697	0.5287	
10.59	-0.3003	0.9193	0.8775	0.5089	0.2232	
10.6	-0.5425	0.6219	0.7711	0.3625	-0.0187	
10.61	-0.6406	0.4709	0.7875	0.2721	-0.2633	
10.62	-0.7535	0.2081	0.8793	0.1538	-0.412	
10.63	-0.9349	0.0461	0.7783	0.0913	-0.5866	
10.64	-0.9438	-0.1241	0.7676	0.027	-0.5863	
10.65	-0.9134	-0.2416	0.6508	-0.0177	-0.5302	
10.66	-0.7491	-0.3446	0.6164	-0.0472	-0.4564	
10.67	-0.5679	-0.405	0.5037	-0.0562	-0.2414	
10.68	-0.4927	-0.4899	0.378	-0.0559	-0.001	
10.69	-0.2661	-0.4256	0.2608	-0.046	0.2922	
10.7	-0.0933	-0.3988	0.1161	-0.0223	0.6035	
10.71	0.1178	-0.3658	-0.0184	0.016	0.8439	
10.72	0.3005	-0.2518	-0.1593	0.0566	1.1134	
10.73	0.4725	-0.1204	-0.3186	0.1139	1.4113	
10.74	0.5799	0.0072	-0.4833	0.1783	1.4698	
10.75	0.656	0.1704	-0.7367	0.2188	1.5412	
10.76	0.7449	0.304	-0.8287	0.3335	1.4634	
10.77	0.7364	0.4382	-1.111	0.3976	1.3255	
10.78	0.6664	0.586	-1.2128	0.4052	1.1379	
10.79	0.574	0.7812	-1.5085	0.5342	0.9408	
10.8	0.4634	0.7939	-1.5792	0.4989	0.677	
10.81	0.2157	1.005	-1.7964	0.6531	0.4479	
10.82	0.0065	0.923	-1.7982	0.6263	0.1179	
10.83	-0.226	1.0292	-2.0107	0.6238	-0.136	
10.84	-0.4482	1.0116	-2.2146	0.6088	-0.3778	
10.85	-0.7753	0.8946	-2.3266	0.6123	-0.4831	
10.86	-0.9872	0.9011	-2.5782	0.6901	-0.5281	
10.87	-1.195	0.7822	-2.4001	0.638	-0.5486	
10.88	-1.4097	0.625	-2.4739	0.5601	-0.5114	
10.89	-1.4797	0.3888	-2.7737	0.5306	-0.3459	
10.9	-1.6895	0.2247	-2.6314	0.4082	-0.1484	
10.91	-1.7632	0.0506	-2.9166	0.3787	0.0981	
10.92	-1.6773	-0.1454	-3.0378	0.2456	0.3294	
10.93	-1.5336	-0.3334	-2.648	0.1228	0.5567	
10.94	-1.3336	-0.4393	-2.6822	-0.0252	0.8646	
10.95	-1.1932	-0.6861	-2.8397	-0.1855	0.9681	
10.96	-1.1409	-0.7691	-3.0373	-0.32	0.9529	
10.97	-0.8702	-0.8706	-2.7019	-0.5163	1.0351	
10.98	-0.703	-0.8308	-2.7416	-0.6016	0.93	
10.99	-0.549	-0.8791	-2.4871	-0.8084	0.7311	
11.0	-0.3539	-0.9134	-2.3443	-0.9291	0.558	
11.01	-0.1981	-0.9191	-2.5204	-1.0987	0.2855	
11.02	-0.1063	-0.7167	-2.4865	-1.2427	-0.0521	
11.03	-0.0314	-0.6207	-2.3365	-1.4146	-0.3477	
11.04	-0.0108	-0.4305	-1.9852	-1.7457	-0.7001	
11.05	-0.0451	-0.274	-1.884	-1.6915	-1.0342	
11.06	-0.1299	-0.0311	-1.898	-2.2304	-1.3403	
11.07	-0.2438	0.2214	-1.5063	-2.2927	-1.3668	
11.08	-0.415	0.4433	-1.6723	-2.1904	-1.3923	
11.09	-0.6299	0.7113	-1.4599	-2.5292	-1.5595	
11.1	-0.8629	0.9368	-1.207	-2.6839	-1.5476	
11.11	-1.0478	1.0868	-1.0959	-2.7944	-1.4173	
11.12	-1.4687	1.4108	-0.9697	-2.8816	-1.0375	
11.13	-1.485	1.5185	-0.9615	-2.4691	-0.8227	
11.14	-2.0092	1.6348	-0.828	-2.463	-0.6774	
11.15	-1.8628	1.8272	-0.8417	-2.6052	-0.4626	
11.16	-2.3623	2.1243	-0.7435	-2.634	-0.2619	
11.17	-2.0708	2.0862	-0.6349	-2.3987	-0.1315	
11.18	-2.2349	1.828	-0.6183	-2.8047	-0.0855	
11.19	-2.2258	2.1095	-0.5547	-2.697	-0.1119	
11.2	-2.2148	1.7248	-0.5248	-2.6243	-0.1997	
11.21	-2.0234	1.6859	-0.4934	-2.1651	-0.4123	
11.22	-2.1332	1.6718	-0.5138	-2.3964	-0.6718	
11.23	-1.912	1.5829	-0.4799	-2.2557	-0.9315	
11.24	-1.5853	1.5086	-0.5757	-2.1723	-1.2727	
11.25	-1.5127	1.1964	-0.5828	-2.0412	-1.6629	
11.26	-1.1776	1.2316	-0.5437	-1.8931	-1.7633	
11.27	-1.1321	1.0056	-0.6172	-1.6657	-1.9811	
11.28	-0.9331	0.9392	-0.6503	-1.5658	-2.2014	
11.29	-0.797	0.7718	-0.7481	-1.4291	-2.7103	
11.3	-0.6044	0.6416	-0.6917	-1.2973	-2.3377	
11.31	-0.5857	0.6034	-0.7432	-1.3118	-2.3923	
11.32	-0.6529	0.5675	-0.9203	-1.0689	-2.5266	
11.33	-0.6663	0.6542	-0.9128	-1.026	-2.1689	
11.34	-0.7281	0.5954	-0.9535	-0.9503	-2.1357	
11.35	-0.9841	0.6581	-0.9662	-1.0379	-1.7898	
11.36	-1.0256	0.9009	-0.9515	-0.8512	-1.4822	
11.37	-1.2591	0.9538	-1.0406	-0.9916	-1.2702	
11.38	-1.4829	1.1096	-0.9939	-0.9754	-1.092	
11.39	-1.8904	1.3638	-1.0446	-0.8506	-0.9657	
11.4	-2.1563	1.5117	-1.0686	-0.9986	-0.9301	
11.41	-2.0712	1.5267	-1.062	-1.0182	-0.9357	
11.42	-2.564	1.6627	-0.9765	-0.9768	-0.8562	
11.43	-2.6259	1.972	-0.8315	-1.052	-1.1898	
11.44	-2.6055	1.9291	-0.7815	-1.1888	-1.2484	
11.45	-2.8615	1.9635	-0.7689	-1.0777	-1.5247	
11.46	-2.7985	2.1704	-0.6842	-1.1775	-1.6766	
11.47	-3.0369	2.22	-0.5415	-1.244	-1.9644	
11.48	-2.9042	2.1537	-0.4015	-1.3689	-2.2729	
11.49	-2.5398	2.0506	-0.2954	-1.4264	-2.6603	
11.5	-2.3868	2.0468	-0.1613	-1.5553	-2.7789	
11.51	-2.0156	1.6879	-0.0018	-1.8764	-3.0427	
11.52	-2.0647	1.8018	0.1683	-1.656	-2.8201	
11.53	-1.5958	1.5958	0.3584	-1.9277	-2.8725	
11.54	-1.5717	1.1834	0.4577	-1.8994	-2.6489	
11.55	-1.2299	1.0315	0.6178	-2.0634	-2.4783	
11.56	-1.0917	0.7687	0.8354	-2.1717	-1.9105	
11.57	-1.0698	0.459	0.9614	-2.1963	-1.9268	
11.58	-0.8762	0.1684	1.2584	-2.1861	-1.5938	
11.59	-0.8841	-0.1263	1.3846	-2.1909	-1.1319	
11.6	-0.9822	-0.3709	1.631	-2.2531	-0.8668	
11.61	-1.064	-0.6902	1.8011	-1.9348	-0.7438	
11.62	-1.0465	-0.806	1.7049	-1.8839	-0.6762	
11.63	-1.1719	-1.0734	1.9738	-1.9581	-0.5313	
11.64	-1.4767	-1.2853	2.1702	-2.0651	-0.5936	
11.65	-1.5787	-1.4045	2.1877	-1.9403	-0.7583	
11.66	-1.9158	-1.3293	2.2135	-1.7138	-0.9936	
11.67	-2.0307	-1.3088	2.4133	-1.5876	-1.1524	
11.68	-2.19	-1.3619	2.62	-1.3492	-1.4578	
11.69	-2.3638	-1.3172	2.8811	-1.2987	-1.5899	
11.7	-2.5489	-1.3376	2.7776	-1.0482	-1.6863	
11.71	-2.9802	-1.2889	2.7376	-0.8975	-1.8579	
11.72	-2.6319	-1.2319	2.5431	-0.6771	-2.0422	
11.73	-3.1237	-1.1331	2.8635	-0.5474	-2.2677	
11.74	-2.877	-1.0251	2.8198	-0.3536	-2.0352	
11.75	-2.6857	-0.8127	2.6845	-0.1631	-1.9502	
11.76	-2.8599	-0.7035	2.8086	0.0341	-1.6976	
11.77	-2.5281	-0.7063	2.4661	0.1967	-1.5619	
11.78	-2.4938	-0.5943	2.2957	0.3854	-1.2169	
11.79	-2.1625	-0.5405	2.5587	0.5352	-0.8159	
11.8	-1.9009	-0.5764	2.2134	0.7076	-0.5686	
11.81	-1.7264	-0.5861	2.2385	0.9513	-0.2286	
11.82	-1.3411	-0.5891	1.9708	0.9678	0.0184	
11.83	-1.157	-0.6413	1.8813	1.1593	0.2136	
11.84	-1.0902	-0.8057	1.6061	1.1865	0.3264	
11.85	-0.9925	-0.9177	1.6889	1.2764	0.3438	
11.86	-0.9324	-1.0424	1.4895	1.3047	0.3224	
11.87	-0.9129	-1.366	1.2411	1.5603	0.1804	
11.88	-0.835	-1.4371	1.367	1.3663	0.0153	
11.89	-1.0246	-1.5568	1.2479	1.4191	-0.2074	
11.9	-1.138	-1.8244	0.937	1.6434	-0.454	
11.91	-1.132	-1.844	0.9946	1.4701	-0.6886	
11.92	-1.3616	-2.3968	0.7643	1.3922	-0.8414	
11.93	-1.7078	-2.2867	0.7723	1.4046	-1.1427	
11.94	-1.8771	-2.5935	0.661	1.5491	-1.2709	
11.95	-2.0299	-2.5653	0.5901	1.465	-1.3515	
11.96	-2.0926	-2.8286	0.5217	1.2471	-1.1991	
11.97	-2.2412	-2.716	0.4473	1.1769	-0.9886	
11.98	-2.3845	-2.603	0.4725	1.0303	-0.8608	
11.99	-2.6555	-2.7128	0.4506	0.9808	-0.5659	
12.0	-2.5095	-2.5565	0.4702	0.9099	-0.2927	
12.01	-2.8853	-2.4524	0.4565	0.8319	-0.0198	
12.02	-2.519	-2.2867	0.4299	0.8787	0.289	
12.03	-2.72	-1.9555	0.5024	0.8278	0.5519	
12.04	-2.3983	-1.558	0.5708	0.6692	0.7628	
12.05	-2.0933	-1.5614	0.5922	0.705	0.9359	
12.06	-2.0097	-1.201	0.6716	0.6926	0.9035	
12.07	-1.5601	-0.8734	0.7016	0.5798	1.0644	
12.08	-1.3808	-0.7065	0.7941	0.5702	0.869	
12.09	-1.183	-0.4445	0.8174	0.551	0.6409	
12.1	-0.8706	-0.2147	0.8416	0.6484	0.4927	
12.11	-0.7524	-0.0537	0.9734	0.6104	0.2201	
12.12	-0.5692	0.1118	1.06	0.6582	-0.0834	
12.13	-0.5573	0.2448	1.0541	0.715	-0.352	
12.14	-0.5045	0.3353	1.0303	0.7586	-0.6474	
12.15	-0.4521	0.3634	1.151	0.9787	-0.8822	
12.16	-0.4846	0.3984	1.1636	0.9737	-0.959	
12.17	-0.5754	0.336	1.1791	1.1367	-0.9588	
12.18	-0.8123	0.265	1.2463	1.2173	-1.1282	
12.19	-1.0041	0.1782	1.1701	1.4758	-1.0166	
12.2	-1.1634	0.0789	1.0543	1.622	-0.7845	
12.21	-1.4087	-0.0373	1.172	1.5228	-0.5443	
12.22	-1.5147	-0.1783	1.0251	1.7584	-0.33	
12.23	-1.6379	-0.3148	0.9884	2.0849	-0.051	
12.24	-1.8716	-0.4188	0.9989	2.154	0.1951	
12.25	-1.9725	-0.5892	0.8578	2.288	0.4136	
12.26	-2.0319	-0.6836	0.7644	2.3595	0.631	
12.27	-2.1654	-0.7276	0.643	2.4764	0.6217	
12.28	-2.0956	-0.7969	0.5354	2.7875	0.634	
12.29	-2.3154	-0.9332	0.3915	2.5853	0.5667	
12.3	-1.9884	-0.8642	0.2598	2.6004	0.4694	
12.31	-1.8029	-0.7636	0.1265	3.0499	0.2432	
12.32	-1.6773	-0.7788	-0.0331	2.7167	-0.0426	
12.33	-1.5922	-0.7088	-0.1753	2.9064	-0.3935	
12.34	-1.1258	-0.5287	-0.3715	2.6294	-0.6727	
12.35	-1.0596	-0.4023	-0.5192	2.882	-0.9747	
12.36	-0.6898	-0.2359	-0.6431	2.685	-1.1792	
12.37	-0.4494	-0.0498	-0.9108	2.8784	-1.4485	
12.38	-0.2969	0.147	-1.1006	2.896	-1.5432	
12.39	-0.1079	0.3166	-1.0867	2.5962	-1.9051	
12.4	0.0209	0.5486	-1.2184	2.4637	-1.6453	
12.41	0.1045	0.7133	-1.4304	2.4248	-1.7584	
12.42	0.1399	0.8959	-1.7235	2.367	-1.5755	
12.43	0.1078	0.9963	-1.6698	2.2944	-1.2252	
12.44	0.0386	0.9861	-1.7582	2.0257	-1.0453	
12.45	-0.0809	1.0966	-1.917	2.0771	-0.8422	
12.46	-0.2497	0.9954	-1.8553	1.7832	-0.6899	
12.47	-0.3806	0.9904	-2.2642	1.6082	-0.4226	
12.48	-0.5715	0.9884	-2.15	1.5895	-0.2837	
12.49	-0.8002	0.9248	-2.3205	1.41	-0.2493	
12.5	-0.96	0.719	-2.1161	1.2791	-0.2528	
12.51	-1.1019	0.6094	-2.1449	0.9988	-0.3467	
12.52	-1.4675	0.3844	-2.3845	0.8998	-0.5138	
12.53	-1.4416	0.1805	-2.1124	0.7732	-0.6662	
12.54	-1.4637	-0.0469	-1.9385	0.5604	-1.03	
12.55	-1.5684	-0.2616	-1.9966	0.4356	-1.4004	
12.56	-1.3855	-0.5274	-2.1623	0.332	-1.5882	
12.57	-1.4176	-0.688	-2.0037	0.26	-1.851	
12.58	-1.3729	-0.8502	-1.7308	0.1649	-2.3842	
12.59	-1.0668	-1.0017	-1.5526	0.1088	-2.4799	
12.6	-0.9925	-1.2146	-1.5303	0.0474	-2.373	
12.61	-0.6811	-1.358	-1.559	0.0104	-2.6145	
12.62	-0.4116	-1.3556	-1.2959	-0.0116	-2.7945	
12.63	-0.1823	-1.4831	-1.2242	-0.0174	-2.6442	
12.64	0.0483	-1.4366	-1.1891	-0.014	-2.1124	
12.65	0.2595	-1.4059	-0.9863	0.0057	-2.1146	
12.66	0.4824	-1.3262	-0.7776	0.0376	-1.6971	
12.67	0.5491	-1.3778	-0.7808	0.072	-1.5214	
12.68	0.6476	-1.1771	-0.5917	0.119	-1.1358	
12.69	0.8111	-0.9311	-0.5311	0.1809	-1.1373	
12.7	0.8176	-0.8571	-0.4215	0.2444	-0.9263	
12.71	0.6803	-0.7106	-0.3426	0.3113	-0.7183	
12.72	0.5907	-0.5235	-0.2502	0.3555	-0.7618	
12.73	0.4256	-0.3076	-0.195	0.4788	-0.8115	
12.74	0.2812	-0.1198	-0.1248	0.5453	-0.997	
12.75	0.0762	0.0358	-0.0888	0.5546	-1.0866	
12.76	-0.1181	0.1822	-0.0556	0.5835	-1.5062	
12.77	-0.3346	0.2805	-0.0438	0.7333	-1.7313	
12.78	-0.5529	0.3443	-0.0422	0.6775	-2.0807	
12.79	-0.6786	0.4551	-0.052	0.676	-2.1806	
12.8	-0.7961	0.4694	-0.0662	0.7686	-2.5962	
12.81	-0.9594	0.3768	-0.1008	0.7495	-2.3275	
12.82	-0.8924	0.3602	-0.15	0.6954	-2.5948	
12.83	-1.0089	0.2681	-0.2027	0.6281	-2.6334	
12.84	-0.9899	0.2121	-0.2568	0.6236	-2.3615	
12.85	-0.8176	0.0758	-0.34	0.5031	-2.5141	
12.86	-0.6456	-0.0554	-0.4326	0.4578	-1.9569	
12.87	-0.5075	-0.183	-0.4801	0.3648	-1.9641	
12.88	-0.2656	-0.3029	-0.6059	0.2788	-1.5765	
12.89	-0.0099	-0.4495	-0.6959	0.1369	-1.0731	
12.9	0.2323	-0.5153	-0.7861	-0.0116	-0.8913	
12.91	0.4927	-0.6683	-0.8358	-0.1747	-0.6719	
12.92	0.6914	-0.761	-0.9079	-0.3346	-0.4681	
12.93	0.9109	-0.6943	-0.9447	-0.5315	-0.3085	
12.94	0.9551	-0.6806	-1.0822	-0.667	-0.2266	
12.95	1.2057	-0.6399	-1.1505	-0.7954	-0.3089	
12.96	1.2446	-0.6162	-1.1234	-1.0357	-0.3884	
12.97	1.2387	-0.4467	-1.0879	-1.1846	-0.5212	
12.98	1.2072	-0.3551	-1.2349	-1.4875	-0.6888	
12.99	1.1152	-0.1402	-1.1744	-1.6652	-1.0749	
13.0	0.9376	0.063	-1.1157	-1.5755	-1.2697	
13.01	0.7609	0.2957	-1.2068	-1.7712	-1.5188	
13.02	0.5831	0.5521	-1.1143	-2.0702	-1.4648	
13.03	0.4028	0.8209	-1.1423	-2.1844	-1.7026	
13.04	0.1875	1.1499	-0.9751	-2.1115	-1.884	
13.05	-0.0115	1.4326	-0.8723	-2.3237	-1.799	
13.06	-0.2196	1.7121	-0.7646	-2.6711	-1.5085	
13.07	-0.3594	1.7163	-0.8043	-2.3347	-1.222	
13.08	-0.4412	1.8969	-0.63	-2.5604	-0.9473	
13.09	-0.5976	2.0638	-0.4879	-2.8089	-0.6757	
13.1	-0.5316	2.4721	-0.3876	-2.7494	-0.3572	
13.11	-0.5667	2.3314	-0.2788	-2.5988	-0.0412	
13.12	-0.478	2.7566	-0.124	-2.8701	0.277	
13.13	-0.3593	2.6524	0.0117	-2.332	0.5479	
13.14	-0.2099	2.6911	0.1446	-2.7541	0.7322	
13.15	-0.0019	2.3996	0.2907	-2.6298	0.8393	
13.16	0.2394	2.6271	0.486	-2.2278	0.8934	
13.17	0.4355	2.5143	0.6091	-2.5115	0.8074	
13.18	0.7031	2.2602	0.6942	-2.3345	0.7488	
13.19	1.0006	2.1495	0.7745	-2.107	0.5428	
13.2	1.2173	1.9537	0.9425	-2.1167	0.3367	
13.21	1.3024	1.7243	1.1568	-1.6806	0.1181	
13.22	1.2731	1.5093	1.2108	-1.6089	-0.104	
13.23	1.5732	1.349	1.365	-1.6771	-0.3229	
13.24	1.4601	1.3689	1.4726	-1.4585	-0.4544	
13.25	1.4191	1.1132	1.4343	-1.4194	-0.611	
13.26	1.4249	1.1197	1.3497	-1.1914	-0.5816	
13.27	1.4074	1.0098	1.4243	-1.2363	-0.5966	
13.28	1.1723	0.9837	1.5912	-1.1857	-0.4347	
13.29	0.9994	0.9254	1.485	-0.9834	-0.2235	
13.3	0.6673	0.8734	1.4322	-1.0179	0.0492	
13.31	0.5256	0.9135	1.4361	-0.9284	0.3557	
13.32	0.2332	1.1226	1.4583	-0.9492	0.6497	
13.33	0.0491	1.162	1.3533	-0.9806	1.0296	
13.34	-0.1485	1.3712	1.3862	-0.9739	1.2763	
13.35	-0.2599	1.5042	1.1903	-0.9743	1.5471	
13.36	-0.4014	1.7247	1.11	-0.8531	1.6444	
13.37	-0.4311	1.553	1.0266	-0.934	1.6739	
13.38	-0.4554	1.9837	0.9299	-0.9359	1.6006	
13.39	-0.4082	2.0522	0.8466	-1.1609	1.7314	
13.4	-0.3558	1.8439	0.6826	-1.1119	1.5174	
13.41	-0.1896	1.927	0.5067	-1.3106	1.1787	
13.42	-0.0127	2.2578	0.4439	-1.2059	0.9822	
13.43	0.2028	1.9478	0.3118	-1.5072	0.6843	
13.44	0.4379	2.105	0.1461	-1.4759	0.4295	
13.45	0.6482	1.9718	0.0425	-1.6045	0.1423	
13.46	0.8324	1.7951	-0.0734	-1.5604	-0.0544	
13.47	1.0087	1.4859	-0.177	-1.7615	-0.1959	
13.48	1.1921	1.4006	-0.2845	-1.8243	-0.2442	
13.49	1.2311	1.1382	-0.3879	-2.0531	-0.2286	
13.5	1.4097	1.0115	-0.4763	-1.9293	-0.1305	
13.51	1.3933	0.6425	-0.5077	-1.9533	0.044	
13.52	1.4511	0.3954	-0.5567	-2.3102	0.2869	
13.53	1.5393	0.1045	-0.6251	-2.2212	0.4889	
13.54	1.3987	-0.1669	-0.6454	-2.1216	0.8099	
13.55	1.1944	-0.3942	-0.637	-2.3389	0.9476	
13.56	0.9225	-0.6293	-0.645	-2.3546	1.3082	
13.57	0.6894	-0.9056	-0.6471	-2.0981	1.5451	
13.58	0.5392	-1.046	-0.6106	-2.0768	1.5712	
13.59	0.2645	-1.1874	-0.6369	-2.1079	1.6217	
13.6	0.0548	-1.4932	-0.5294	-2.0701	1.6021	
13.61	-0.1412	-1.3892	-0.4325	-1.6849	1.448	
13.62	-0.3416	-1.6157	-0.4202	-1.7224	1.1799	
13.63	-0.4447	-1.5599	-0.3059	-1.5225	0.8363	
13.64	-0.5252	-1.3419	-0.2043	-1.3224	0.5901	
13.65	-0.5766	-1.4158	-0.1113	-1.3218	0.2107	
13.66	-0.5844	-1.4004	-0.0243	-1.1209	-0.0981	
13.67	-0.5165	-1.1291	0.0778	-0.9071	-0.3845	
13.68	-0.4309	-1.0431	0.2011	-0.7032	-0.5847	
13.69	-0.2534	-0.9583	0.3111	-0.5658	-0.775	
13.7	-0.0599	-0.7067	0.4068	-0.347	-0.7675	
13.71	0.1426	-0.6081	0.4645	-0.1474	-0.8797	
13.72	0.358	-0.499	0.5365	0.0398	-0.8098	
13.73	0.538	-0.3618	0.7023	0.2251	-0.6155	
13.74	0.7921	-0.2431	0.727	0.3608	-0.415	
13.75	0.9169	-0.1793	0.7495	0.5814	-0.1437	
13.76	1.1746	-0.1693	0.9595	0.7874	0.1152	
13.77	1.2494	-0.1691	0.9712	0.888	0.3308	
13.78	1.3182	-0.1753	1.0462	0.899	0.5878	
13.79	1.2277	-0.252	0.9127	1.1602	0.7069	
13.8	1.2337	-0.3407	0.9979	1.1099	0.8043	
13.81	1.0554	-0.4405	0.9598	1.3763	0.7325	
13.82	1.0717	-0.5895	0.947	1.325	0.676	
13.83	0.8399	-0.7894	1.0266	1.2847	0.5484	
13.84	0.6175	-0.8127	0.9551	1.5809	0.2913	
13.85	0.379	-1.1	0.8186	1.5764	-0.0042	
13.86	0.1294	-1.3156	0.8024	1.5632	-0.314	
13.87	-0.1103	-1.4803	0.7219	1.577	-0.666	
13.88	-0.3503	-1.6664	0.6589	1.3299	-0.8727	
13.89	-0.5377	-1.653	0.5091	1.4061	-1.243	
13.9	-0.6639	-1.6335	0.4461	1.4119	-1.4529	
13.91	-0.7285	-1.8114	0.3791	1.1916	-1.4873	
13.92	-0.9272	-1.7017	0.2255	1.2822	-1.6027	
13.93	-0.9474	-1.7706	0.1133	1.2203	-1.4853	
13.94	-0.784	-1.8354	0.0109	1.1018	-1.4608	
13.95	-0.8047	-1.7883	-0.1021	0.9809	-1.2962	
13.96	-0.637	-1.6192	-0.2108	0.9335	-0.9296	
13.97	-0.4618	-1.2717	-0.3379	0.8783	-0.7364	
13.98	-0.2657	-1.2524	-0.3921	0.7569	-0.4364	
13.99	-0.0275	-0.8837	-0.4833	0.7686	-0.1677	
14.0	0.1704	-0.7187	-0.5985	0.6654	0.0434	
14.01	0.3641	-0.4963	-0.6132	0.5573	0.2074	
14.02	0.6093	-0.2776	-0.714	0.5485	0.302	
14.03	0.7667	-0.0342	-0.747	0.4976	0.3489	
14.04	0.832	0.1829	-0.8045	0.5914	0.2576	
14.05	1.0234	0.3501	-0.8161	0.5865	0.1188	
14.06	0.9877	0.599	-0.8331	0.6097	-0.0751	
14.07	0.9976	0.6381	-0.916	0.6702	-0.2856	
14.08	0.9598	0.802	-0.7588	0.7156	-0.5712	
14.09	0.6958	0.7951	-0.7218	0.7593	-0.8788	
14.1	0.5409	0.9521	-0.7246	0.8537	-1.2014	
14.11	0.3664	0.9744	-0.673	0.9391	-1.3817	
14.12	0.1667	0.8166	-0.5862	0.9434	-1.3602	
14.13	-0.0741	0.7484	-0.5338	1.1277	-1.3886	
14.14	-0.2813	0.6489	-0.4206	1.1499	-1.5235	
14.15	-0.5136	0.5207	-0.2692	1.5176	-1.477	
14.16	-0.7511	0.3452	-0.1918	1.4461	-1.1237	
14.17	-0.9347	0.137	-0.0564	1.7536	-0.9901	
14.18	-1.009	-0.0606	0.0681	1.9395	-0.6509	
14.19	-1.0153	-0.2554	0.1844	1.7644	-0.3651	
14.2	-1.0536	-0.4137	0.3144	2.1645	-0.0544	
14.21	-1.2503	-0.6056	0.5041	1.997	0.2315	
14.22	-0.9773	-0.7741	0.591	2.1466	0.5062	
14.23	-0.9237	-0.8554	0.7045	2.5181	0.768	
14.24	-0.8079	-1.0541	0.7807	2.5312	0.7756	
14.25	-0.6032	-1.1069	0.9832	2.8989	0.9315	
14.26	-0.4095	-1.1659	1.0894	2.7435	0.8341	
14.27	-0.1757	-1.0685	1.1369	2.67	0.7265	
14.28	0.0464	-1.145	1.3023	3.1211	0.5759	
14.29	0.2596	-1.0154	1.2431	3.0052	0.3541	
14.3	0.426	-0.9566	1.4725	2.8969	0.1409	
14.31	0.5283	-0.8903	1.4961	2.7386	-0.0886	
14.32	0.6941	-0.6827	1.3416	3.0097	-0.2852	
14.33	0.7731	-0.5514	1.4907	2.761	-0.4479	
14.34	0.7139	-0.4198	1.6372	2.8988	-0.5196	
14.35	0.7266	-0.2942	1.4283	2.5408	-0.5752	
14.36	0.5603	-0.1577	1.4839	2.4946	-0.558	
14.37	0.4406	-0.0316	1.3869	2.3294	-0.3801	
14.38	0.2911	0.0653	1.278	2.1531	-0.1719	
14.39	0.0647	0.1442	1.3495	2.1175	0.1091	
14.4	-0.1593	0.1953	1.1323	1.9646	0.4078	
14.41	-0.3651	0.1964	1.2189	1.7765	0.8021	
14.42	-0.5682	0.1427	1.0357	1.6142	1.0193	
14.43	-0.8076	0.0982	0.8875	1.4736	1.4057	
14.44	-0.9383	-0.0103	0.7838	1.3696	1.5198	
14.45	-1.0552	-0.1483	0.628	1.3868	1.9161	
14.46	-1.2917	-0.2899	0.5616	1.1104	2.1138	
14.47	-1.4075	-0.5264	0.4044	0.907	2.0323	
14.48	-1.4131	-0.6822	0.2906	0.9016	2.0554	
14.49	-1.2059	-0.9152	0.1558	0.7615	2.0232	
14.5	-1.0818	-1.0521	0.0405	0.5241	1.6173	
14.51	-0.9855	-1.3351	-0.0706	0.4734	1.4284	
14.52	-0.7327	-1.7325	-0.1745	0.3798	1.2532	
14.53	-0.5608	-1.8738	-0.3129	0.2404	1.0117	
14.54	-0.3975	-1.9733	-0.4303	0.196	0.8343	
14.55	-0.1396	-2.0699	-0.5208	0.1254	0.6116	
14.56	0.0738	-2.2041	-0.5789	0.0765	0.5168	
14.57	0.2827	-2.1321	-0.5914	0.0418	0.4871	
14.58	0.487	-2.3855	-0.7369	0.0237	0.6133	
14.59	0.5562	-2.4148	-0.688	0.0232	0.6989	
14.6	0.6353	-2.1837	-0.7328	0.034	0.811	
14.61	0.7311	-2.1345	-0.7713	0.0617	1.2587	
14.62	0.6307	-1.9448	-0.7925	0.091	1.4479	
14.63	0.6075	-1.9921	-0.8035	0.1497	1.8146	
14.64	0.4925	-1.8468	-0.7067	0.1862	1.9318	
14.65	0.3116	-1.5361	-0.6463	0.2323	2.2187	
14.66	0.143	-1.2556	-0.6943	0.3233	2.343	
14.67	-0.0544	-1.1536	-0.6346	0.4198	2.7481	
14.68	-0.2684	-0.8544	-0.5357	0.4768	2.7778	
14.69	-0.5342	-0.6395	-0.4909	0.5467	2.8534	
14.7	-0.7704	-0.4747	-0.4277	0.5514	2.6123	
14.71	-0.8056	-0.3086	-0.3127	0.6391	2.4021	
14.72	-1.0993	-0.1238	-0.2314	0.7438	2.3907	
14.73	-1.2214	0.0109	-0.1488	0.716	2.0003	
14.74	-1.3088	0.1289	-0.0778	0.8386	1.6407	
14.75	-1.119	0.1826	0.0079	0.8057	1.3263	
14.76	-1.1489	0.2653	0.0882	0.8496	1.1541	
14.77	-0.994	0.2685	0.1462	0.7666	1.0533	
14.78	-0.9763	0.2252	0.2083	0.7386	0.8699	
14.79	-0.7538	0.1783	0.2751	0.6962	0.821	
14.8	-0.5112	0.1201	0.3055	0.6168	0.7616	
14.81	-0.2993	0.0312	0.3164	0.6067	0.9202	
14.82	-0.0937	-0.059	0.3309	0.5237	1.0946	
14.83	0.1427	-0.1801	0.3686	0.4232	1.1513	
14.84	0.3667	-0.2669	0.4001	0.2996	1.4705	
14.85	0.6018	-0.3384	0.3632	0.1299	1.6442	
14.86	0.7835	-0.4286	0.3173	-0.0016	2.1489	
14.87	0.7949	-0.466	0.2724	-0.1445	2.1094	
14.88	0.9258	-0.4903	0.2072	-0.2981	2.4363	
14.89	0.8777	-0.5402	0.145	-0.4801	2.6569	
14.9	0.8923	-0.4582	0.0567	-0.7312	2.629	
14.91	0.8213	-0.3883	-0.0386	-0.914	2.4009	
14.92	0.6395	-0.2685	-0.1334	-1.065	2.4329	
14.93	0.4747	-0.1313	-0.2551	-1.1619	2.1995	
14.94	0.3238	0.0508	-0.3715	-1.4282	1.6373	
14.95	0.094	0.2386	-0.4758	-1.4217	1.5151	
14.96	-0.107	0.4608	-0.6129	-1.5563	1.182	
14.97	-0.3444	0.7308	-0.8771	-1.9732	0.8836	
14.98	-0.4736	1.0542	-0.947	-1.9255	0.5978	
14.99	-0.6507	1.2779	-1.1311	-2.3015	0.3484	
15.0	-0.848	1.4721	-1.3219	-2.3402	0.1574	
15.01	-0.9476	1.8129	-1.4953	-2.4849	0.0811	
15.02	-0.9443	2.0667	-1.417	-2.3694	0.0772	
15.03	-0.8184	2.3816	-1.6043	-2.376	0.1476	
15.04	-0.7194	2.3092	-1.6565	-2.7519	0.2883	
15.05	-0.6037	2.786	-1.8605	-2.6475	0.5566	
15.06	-0.483	2.8206	-1.9355	-2.6465	0.779	
15.07	-0.2827	2.9033	-1.916	-2.4906	0.9966	
15.08	-0.0461	2.7496	-2.2651	-2.3854	1.1459	
15.09	0.1927	2.7151	-2.2408	-2.36	1.3205	
15.1	0.4768	2.9192	-2.4242	-2.5726	1.6766	
15.11	0.6438	2.6206	-2.4235	-2.3937	1.5783	
15.12	0.9207	2.3221	-2.4704	-2.4653	1.4672	
15.13	0.9705	2.503	-2.4222	-2.2648	1.4271	
15.14	1.1021	2.3887	-2.1637	-2.0812	1.4066	
15.15	1.2781	2.1292	-2.4491	-2.1108	1.1251	
15.16	1.244	1.8061	-2.0731	-1.7629	0.8814	
15.17	1.4024	1.6104	-1.9168	-1.7724	0.5071	
15.18	1.1995	1.3627	-2.0009	-1.6151	0.1522	
15.19	1.0788	1.149	-2.0821	-1.609	-0.1278	
15.2	1.0231	1.0621	-1.8612	-1.4632	-0.4398	
15.21	0.8947	0.8769	-1.5833	-1.4497	-0.6209	
15.22	0.7242	0.7516	-1.6098	-1.2586	-0.7054	
15.23	0.4764	0.7749	-1.3828	-1.0877	-0.768	
15.24	0.2393	0.7174	-1.2664	-0.9823	-0.8104	
15.25	0.0597	0.7155	-1.1916	-0.9739	-0.5995	
15.26	-0.0985	0.6077	-1.1058	-0.9649	-0.4795	
15.27	-0.2232	0.711	-0.9231	-1.0062	-0.259	
15.28	-0.3375	0.8663	-0.77	-0.886	0.0087	
15.29	-0.3533	0.9743	-0.6233	-0.8059	0.2958	
15.3	-0.3906	0.9853	-0.4487	-0.8119	0.5314	
15.31	-0.2865	1.1838	-0.354	-0.8315	0.6727	
15.32	-0.1839	1.2425	-0.1992	-0.9565	0.8853	
15.33	-0.0293	1.424	-0.0911	-1.0673	0.9407	
15.34	0.1493	1.3419	0.0184	-1.1236	1.0621	
15.35	0.3742	1.4726	0.1118	-1.1499	0.8803	
15.36	0.65	1.6233	0.1997	-1.1318	0.7997	
15.37	0.9204	1.5338	0.2687	-1.2488	0.5617	
15.38	1.2351	1.6361	0.3614	-1.3916	0.3073	
15.39	1.3163	1.6329	0.3838	-1.3356	0.0557	
15.4	1.4341	1.6556	0.4091	-1.5904	-0.2456	
15.41	1.876	1.4499	0.4416	-1.7928	-0.5102	
15.42	1.6699	1.4265	0.4651	-1.8973	-0.7029	
15.43	2.0249	1.2579	0.4893	-1.673	-0.7915	
15.44	1.983	0.9252	0.4456	-1.8773	-1.0095	
15.45	1.7402	0.7549	0.3969	-2.0431	-0.8906	
15.46	1.8517	0.619	0.4011	-1.8693	-0.8859	
15.47	1.7073	0.3286	0.3931	-2.213	-0.681	
15.48	1.5611	0.0607	0.3139	-2.085	-0.3897	
15.49	1.2147	-0.1914	0.2664	-2.3106	-0.1264	
15.5	1.2301	-0.448	0.2217	-2.0294	0.1602	
15.51	0.8325	-0.6945	0.1736	-2.0141	0.5135	
15.52	0.7672	-0.9276	0.1125	-2.2484	0.777	
15.53	0.5614	-1.113	0.0552	-1.936	0.9364	
15.54	0.4183	-1.1314	-0.0001	-1.8652	1.123	
15.55	0.2884	-1.2626	-0.0503	-1.9074	1.3285	
15.56	0.2148	-1.3261	-0.0859	-2.0104	1.3989	
15.57	0.1786	-1.2855	-0.1235	-1.8674	1.304	
15.58	0.219	-1.2971	-0.167	-1.6348	1.1634	
15.59	0.299	-1.1953	-0.1894	-1.4513	1.137	
15.6	0.4493	-1.1121	-0.1925	-1.2937	0.8604	
15.61	0.68	-1.1144	-0.1876	-1.1755	0.5515	
15.62	0.8287	-0.869	-0.1624	-1.1285	0.3488	
15.63	1.1324	-0.7367	-0.1452	-0.8399	0.126	
15.64	1.3546	-0.5234	-0.1082	-0.7443	-0.0421	
15.65	1.4709	-0.3006	-0.0516	-0.5493	-0.1454	
15.66	1.6218	-0.116	0.0101	-0.3355	-0.1814	
15.67	1.871	0.0642	0.0946	-0.1341	-0.1267	
15.68	2.1417	0.23	0.1847	0.0539	-0.0038	
15.69	2.484	0.4137	0.2708	0.2094	0.2177	
15.7	2.3345	0.4732	0.4187	0.4309	0.4912	
15.71	2.3096	0.6489	0.5352	0.6113	0.7561	
15.72	2.3058	0.7085	0.6023	0.7516	1.1596	
15.73	2.4955	0.7068	0.8224	0.8173	1.4578	
15.74	2.3856	0.6189	0.902	0.9902	1.8174	
15.75	2.1345	0.6002	1.1946	1.0498	1.9544	
15.76	2.0107	0.5141	1.3362	1.2852	2.1358	
15.77	1.5884	0.488	1.3971	1.3075	2.4835	
15.78	1.504	0.3012	1.6149	1.3358	2.2047	
15.79	1.2799	0.1801	1.638	1.4128	2.1735	
15.8	1.0648	0.0405	1.899	1.3573	2.0462	
15.81	0.8426	-0.112	1.8447	1.469	1.9596	
15.82	0.7796	-0.2396	2.1497	1.2813	1.5867	
15.83	0.6959	-0.4184	2.3802	1.4379	1.3315	
15.84	0.602	-0.5183	2.6085	1.4154	1.2163	
15.85	0.6156	-0.6667	2.3945	1.266	1.068	
15.86	0.7276	-0.7659	2.7544	1.293	0.8737	
15.87	0.7466	-0.7085	2.4296	1.239	0.6808	
15.88	0.9064	-0.7152	2.9239	1.0717	0.6168	
15.89	1.2696	-0.8186	2.5173	1.0985	0.7588	
15.9	1.4798	-0.6472	3.0128	0.9977	0.7708	
15.91	1.5701	-0.6682	2.5774	0.9691	1.0767	
15.92	1.9138	-0.4409	2.6237	0.8479	1.2013	
15.93	2.2331	-0.3152	2.9157	0.7816	1.5816	
15.94	2.4534	-0.1602	2.5983	0.6184	1.7448	
15.95	2.4474	0.0212	2.6993	0.6798	1.9687	
15.96	2.5059	0.1961	2.4536	0.5172	2.5159	
15.97	2.9242	0.4204	2.7854	0.5356	2.5597	
15.98	2.7072	0.6115	2.6531	0.5023	2.8164	
15.99	2.5003	0.8026	2.5654	0.5237	2.6682	
16.0	2.7096	1.0497	2.3239	0.4962	2.79	
16.01	2.5601	1.0295	1.9669	0.5477	2.4419	
16.02	2.2981	1.2334	2.0224	0.5006	2.4207	
16.03	2.2728	1.4201	1.7332	0.6025	2.1221	
16.04	1.9958	1.3229	1.5942	0.6935	2.1756	
16.05	1.9374	1.377	1.5864	0.6445	1.8133	
16.06	1.6805	1.2699	1.3418	0.8169	1.4593	
16.07	1.3501	1.1899	1.1125	0.956	1.2585	
16.08	1.1223	1.0942	1.0211	1.0911	0.9041	
16.09	0.9522	1.0319	0.9838	1.0183	0.7341	
16.1	0.9554	0.8169	0.7789	1.2972	0.6669	
16.11	0.8343	0.5553	0.61	1.4925	0.6755	
16.12	0.7663	0.3085	0.5128	1.663	0.7753	
16.13	0.8846	0.0658	0.355	1.5121	0.9873	
16.14	0.9067	-0.1895	0.2798	1.8869	1.0938	
16.15	1.0582	-0.4165	0.1673	1.8718	1.4196	
16.16	1.2478	-0.6696	0.085	1.9058	1.5782	
16.17	1.4742	-0.8439	0.0043	2.3689	2.0228	
16.18	1.4858	-1.0323	-0.0633	2.5273	2.1841	
16.19	1.8202	-1.2948	-0.1008	2.2301	2.1778	
16.2	1.8807	-1.435	-0.1395	2.6452	2.5304	
16.21	2.1484	-1.4728	-0.1819	2.6186	2.2533	
16.22	2.3015	-1.4424	-0.1767	2.7992	2.1968	
16.23	2.5799	-1.6731	-0.1853	2.7531	2.0545	
16.24	2.6998	-1.5255	-0.1627	2.5715	1.8658	
16.25	2.752	-1.3792	-0.1444	2.6584	1.6868	
16.26	2.7765	-1.4845	-0.1277	3.0741	1.1472	
16.27	2.5262	-1.2463	-0.0968	2.6966	0.8749	
16.28	2.5555	-1.3446	-0.0695	2.9422	0.6316	
16.29	2.4957	-1.2599	-0.0257	2.8744	0.3078	
16.3	2.2961	-1.0808	0.0182	2.7012	0.052	
16.31	2.0071	-0.9335	0.0656	2.6428	-0.1181	
16.32	2.038	-0.8292	0.1067	2.6261	-0.2243	
16.33	1.6346	-0.7694	0.1607	2.2958	-0.2312	
16.34	1.3923	-0.6934	0.174	2.5065	-0.1677	
16.35	1.1537	-0.5852	0.1963	2.2483	-0.0182	
16.36	1.0522	-0.553	0.2299	1.9062	0.1765	
16.37	0.8047	-0.534	0.2637	1.9791	0.4114	
16.38	0.7914	-0.6698	0.2792	1.6923	0.605	
16.39	0.6609	-0.7246	0.2397	1.5597	0.7717	
16.4	0.6651	-0.797	0.2613	1.4101	1.1225	
16.41	0.7455	-0.8519	0.2119	1.3314	1.1763	
16.42	0.7666	-1.1121	0.1584	1.1137	1.2312	
16.43	0.9217	-1.3097	0.1183	0.9174	1.0728	
16.44	1.0757	-1.6209	0.0615	0.8805	1.1764	
16.45	1.2118	-1.5587	-0.0217	0.7064	0.9258	
16.46	1.5681	-1.8378	-0.1085	0.525	0.7025	
16.47	1.6072	-1.9845	-0.2223	0.4166	0.3672	
16.48	2.0042	-2.2265	-0.3508	0.3278	0.0393	
16.49	1.9957	-2.6652	-0.4502	0.2553	-0.3059	
16.5	2.2148	-2.6002	-0.5792	0.1998	-0.6553	
16.51	2.5679	-2.6436	-0.7162	0.1421	-0.8755	
16.52	2.2632	-3.02	-0.9456	0.1039	-1.1521	
16.53	2.5137	-2.6719	-1.0653	0.0679	-1.3677	
16.54	2.5823	-2.5963	-1.2406	0.0558	-1.3477	
16.55	2.5125	-2.8153	-1.3092	0.0706	-1.1892	
16.56	2.1201	-2.4895	-1.6049	0.0886	-1.2074	
16.57	1.8693	-2.4546	-1.6512	0.1163	-1.0665	
16.58	1.6173	-2.4657	-1.7866	0.1625	-0.8153	
16.59	1.4481	-2.1137	-1.8669	0.1965	-0.5271	
16.6	1.366	-2.1051	-1.9781	0.2463	-0.2948	
16.61	1.1093	-1.7348	-2.4844	0.3271	-0.0321	
16.62	0.7857	-1.3908	-2.6279	0.3625	0.1676	
16.63	0.6283	-1.2529	-2.4009	0.4211	0.3417	
16.64	0.4313	-0.8489	-2.7798	0.5801	0.3944	
16.65	0.2952	-0.6949	-2.587	0.6154	0.3919	
16.66	0.179	-0.4313	-2.7384	0.7179	0.3524	
16.67	0.1453	-0.2216	-3.1776	0.752	0.1684	
16.68	0.142	-0.0341	-3.1955	0.7735	-0.0442	
16.69	0.2098	0.1114	-2.8871	0.842	-0.3142	
16.7	0.3368	0.2576	-3.2605	0.7977	-0.6094	
16.71	0.4558	0.3146	-2.8175	0.8462	-0.8101	
16.72	0.6051	0.3333	-3.0658	0.7724	-1.162	
16.73	0.8369	0.3899	-3.1986	0.909	-1.2676	
16.74	1.1137	0.3704	-2.998	0.8094	-1.5116	
16.75	1.3323	0.3315	-3.0156	0.7959	-1.4541	
16.76	1.4259	0.253	-2.9501	0.7516	-1.6139	
16.77	1.4724	0.1525	-2.5918	0.6663	-1.4521	
16.78	1.8188	0.0657	-2.3447	0.541	-1.4909	
16.79	1.6906	-0.0345	-2.4393	0.4391	-1.2278	
16.8	1.7716	-0.1312	-2.1503	0.2846	-0.8231	
16.81	1.7005	-0.2018	-2.2829	0.1453	-0.553	
16.82	1.6955	-0.2842	-1.8961	0.0092	-0.2534	
16.83	1.4812	-0.3026	-1.7148	-0.1579	0.0367	
16.84	1.5668	-0.3187	-1.7393	-0.3374	0.3061	
16.85	1.1797	-0.3424	-1.6235	-0.4881	0.4842	
16.86	0.9581	-0.3187	-1.4339	-0.6119	0.5418	
16.87	0.721	-0.2277	-1.1876	-0.789	0.6106	
16.88	0.4455	-0.1173	-1.0772	-0.9564	0.5474	
16.89	0.2371	0.0258	-0.8832	-1.2103	0.4079	
16.9	-0.0033	0.1876	-0.8613	-1.4279	0.2599	
16.91	-0.2153	0.3611	-0.7209	-1.632	0.028	
16.92	-0.3385	0.6144	-0.52	-1.8788	-0.2165	
16.93	-0.5234	0.7599	-0.4387	-1.9517	-0.4589	
16.94	-0.5983	1.0937	-0.3349	-2.0643	-0.6995	
16.95	-0.5881	1.3618	-0.232	-2.0436	-0.8085	
16.96	-0.5417	1.6078	-0.173	-2.28	-1.0474	
16.97	-0.5008	1.6179	-0.1325	-2.221	-0.9843	
16.98	-0.3303	1.8822	-0.082	-2.3187	-0.9904	
16.99	-0.1858	2.1546	-0.0375	-2.5562	-0.9281	
17.0	-0.0214	2.1759	-0.0161	-2.6149	-0.632	
17.01	0.1801	2.3826	-0.0065	-2.442	-0.3735	
17.02	0.3811	2.5495	-0.0057	-2.6778	-0.0918	
17.03	0.6011	2.4469	-0.0158	-2.5079	0.2286	
17.04	0.6748	2.4649	-0.0368	-2.3898	0.5455	
17.05	0.8326	2.1021	-0.0578	-2.4998	0.8147	
17.06	1.0506	2.1912	-0.0873	-2.435	1.0627	
17.07	0.9625	2.1357	-0.1383	-2.4441	1.25	
17.08	0.9721	1.854	-0.1644	-2.2257	1.3535	
17.09	1.0428	1.84	-0.2328	-2.1531	1.5049	
17.1	0.9442	1.6518	-0.2687	-2.0375	1.4388	
17.11	0.6518	1.219	-0.3183	-1.8687	1.2208	
17.12	0.4849	1.0221	-0.3468	-1.7689	0.9399	
17.13	0.2874	0.8585	-0.3538	-1.6594	0.7899	
17.14	0.0596	0.6113	-0.4223	-1.5613	0.5383	
17.15	-0.2181	0.4466	-0.435	-1.4863	0.2584	
17.16	-0.5018	0.2713	-0.4382	-1.3605	0.0429	
17.17	-0.7538	0.1359	-0.467	-1.4044	-0.1253	
17.18	-0.8298	0.038	-0.4649	-1.1901	-0.2381	
17.19	-1.0757	-0.0304	-0.4436	-1.1401	-0.2984	
17.2	-1.184	-0.0671	-0.4667	-1.1018	-0.2817	
17.21	-1.4203	-0.0678	-0.4014	-1.0036	-0.154	
17.22	-1.2651	-0.036	-0.323	-0.8549	0.0466	
17.23	-1.3181	0.026	-0.2455	-0.8511	0.3141	
17.24	-1.3376	0.1216	-0.1947	-0.9375	0.5736	
17.25	-1.1209	0.211	-0.1106	-0.8989	0.8725	
17.26	-1.0506	0.3501	-0.0029	-0.8571	1.192	
17.27	-0.8842	0.5161	0.1174	-0.9306	1.4207	
17.28	-0.7042	0.5776	0.247	-0.9777	1.6631	
17.29	-0.5325	0.73	0.3622	-1.0774	1.9039	
17.3	-0.3145	0.8148	0.5113	-1.0067	1.6665	
17.31	-0.1182	0.9595	0.7229	-1.1467	1.9255	
17.32	0.0392	1.0618	0.8704	-1.1145	1.5046	
17.33	0.1766	1.1381	0.9224	-1.3135	1.4199	
17.34	0.2428	1.0692	1.1348	-1.2594	1.2101	
17.35	0.278	1.1134	1.2327	-1.571	0.9505	
17.36	0.244	1.0494	1.3779	-1.6998	0.6173	
17.37	0.1601	1.0018	1.522	-1.6021	0.3419	
17.38	0.0364	0.875	1.8531	-1.8927	0.0958	
17.39	-0.1222	0.9027	1.8435	-1.9217	-0.1304	
17.4	-0.3592	0.6781	2.0649	-2.0833	-0.3062	
17.41	-0.6147	0.5437	2.3051	-2.1494	-0.38	
17.42	-0.7934	0.3227	2.209	-2.1475	-0.3677	
17.43	-0.9684	0.1146	2.3577	-2.2411	-0.2792	
17.44	-1.3557	-0.1044	2.7379	-2.3678	-0.1119	
17.45	-1.4203	-0.2836	2.6234	-2.4195	0.0749	
17.46	-1.8444	-0.4968	2.4066	-2.1395	0.336	
17.47	-1.857	-0.6184	2.7907	-2.0265	0.5481	
17.48	-1.9343	-0.8353	2.4809	-2.0328	0.8025	
17.49	-1.9279	-0.9435	2.5672	-2.1058	1.0833	
17.5	-2.0316	-0.9489	2.9728	-1.9418	1.0706	
17.51	-1.8555	-1.0087	2.5527	-1.9945	1.1077	
17.52	-2.0884	-0.9455	2.922	-1.8523	1.1755	
17.53	-1.7684	-0.8266	2.6325	-1.7857	1.1935	
17.54	-1.6052	-0.8156	2.4705	-1.7186	0.9415	
17.55	-1.3117	-0.6436	2.2623	-1.4361	0.7498	
17.56	-1.1104	-0.4603	2.5748	-1.427	0.4343	
17.57	-1.0395	-0.3061	2.181	-1.3185	0.1196	
17.58	-0.8281	-0.1034	2.0526	-1.0888	-0.234	
17.59	-0.5581	0.1114	1.9574	-0.9418	-0.5006	
17.6	-0.4805	0.3467	1.9551	-0.6589	-0.8273	
17.61	-0.379	0.5875	1.7714	-0.4536	-1.0219	
17.62	-0.3315	0.7601	1.6619	-0.3163	-1.3585	
17.63	-0.3072	0.9691	1.4513	-0.1336	-1.4135	
17.64	-0.3432	1.2362	1.3958	0.062	-1.4722	
17.65	-0.417	1.2995	1.2151	0.2515	-1.24	
17.66	-0.5272	1.628	1.0617	0.4315	-1.1475	
17.67	-0.6996	1.464	0.8695	0.5991	-0.9806	
17.68	-0.8911	1.7352	0.7534	0.6432	-0.7007	
17.69	-1.291	1.6423	0.6203	0.8622	-0.5607	
17.7	-1.5055	1.6708	0.4846	1.0364	-0.3225	
17.71	-1.5185	1.55	0.3834	1.0353	-0.1205	
17.72	-1.8515	1.6307	0.3227	1.0589	0.0121	
17.73	-1.9328	1.4989	0.2342	1.1754	0.0762	
17.74	-2.4024	1.3952	0.1696	1.1643	0.0428	
17.75	-2.1457	1.1022	0.0948	1.3272	-0.0522	
17.76	-2.2362	1.0251	0.0444	1.4218	-0.2379	
17.77	-2.3192	0.928	0.016	1.2505	-0.5285	
17.78	-2.4835	0.699	-0.0071	1.3497	-0.7411	
17.79	-2.2815	0.5159	-0.0155	1.4403	-1.0234	
17.8	-2.1512	0.429	-0.0125	1.3509	-1.3843	
17.81	-1.9583	0.2835	0.0012	1.1495	-1.8969	
17.82	-1.831	0.2102	0.0238	1.0847	-1.9167	
17.83	-1.7477	0.1535	0.0614	1.1372	-2.2083	
17.84	-1.4086	0.119	0.1053	1.0588	-2.4572	
17.85	-1.1628	0.1286	0.1602	0.8852	-2.2921	
17.86	-0.9085	0.1701	0.1964	0.8803	-2.4233	
17.87	-0.7961	0.2382	0.2591	0.863	-2.5147	
17.88	-0.6523	0.3201	0.3517	0.7055	-1.9607	
17.89	-0.6261	0.4277	0.3517	0.6723	-1.7887	
17.9	-0.5505	0.5636	0.4755	0.6247	-1.758	
17.91	-0.5091	0.7323	0.4982	0.5155	-1.2907	
17.92	-0.6462	0.8802	0.5724	0.5479	-1.2335	
17.93	-0.7194	0.9684	0.6295	0.5082	-0.9119	
17.94	-0.9565	1.1062	0.6084	0.4837	-0.8008	
17.95	-1.0066	1.3709	0.6158	0.4402	-0.685	
17.96	-1.3635	1.3035	0.7223	0.4157	-0.6555	
17.97	-1.5128	1.5497	0.7456	0.46	-0.7243	
17.98	-1.5998	1.5976	0.7341	0.5015	-0.9092	
17.99	-1.7956	1.4561	0.7378	0.5087	-1.1754	
18.0	-2.2253	1.5036	0.7302	0.6445	-1.5376	
18.01	-2.4348	1.5919	0.6541	0.7196	-1.8463	
18.02	-2.2721	1.3358	0.5262	0.7458	-1.9488	
18.03	-2.3142	1.2165	0.5393	0.8827	-2.4249	
18.04	-2.7469	1.0995	0.4125	1.0073	-2.602	
18.05	-2.4347	0.8317	0.3567	1.0186	-2.4448	
18.06	-2.3307	0.5695	0.2627	1.2954	-2.5312	
18.07	-2.272	0.3466	0.1548	1.4749	-2.5142	
18.08	-2.0838	0.0644	0.0269	1.6285	-2.6975	
18.09	-2.0695	-0.2146	-0.1095	1.6804	-2.5543	
18.1	-1.7117	-0.4707	-0.2546	1.9508	-2.3512	
