0.01	0.3611	1.1575	
0.02	0.8316	0.6859	
0.03	1.0642	-0.3362	
0.04	1.4493	-0.5049	
0.05	1.704	0.5116	
0.06	1.9812	1.4728	
0.07	1.9557	1.1317	
0.08	2.0835	0.0504	
0.09	1.7583	-0.055	
0.1	1.9141	1.193	
0.11	1.5993	1.9719	
0.12	1.5381	1.6316	
0.13	1.4395	0.3932	
0.14	1.1584	0.3999	
0.15	1.0206	1.6339	
0.16	0.9318	2.3888	
0.17	0.8307	1.6333	
0.18	0.846	0.7592	
0.19	0.9718	0.8415	
0.2	1.1856	2.1167	
0.21	1.3642	2.9256	
0.22	1.3621	2.1018	
0.23	1.5966	0.948	
0.24	1.8633	1.18	
0.25	2.3597	2.3408	
0.26	2.488	2.7687	
0.27	2.7535	1.9007	
0.28	2.8224	1.0539	
0.29	2.7566	1.3162	
0.3	2.4785	2.6997	
0.31	2.4792	2.9707	
0.32	2.4421	2.1314	
0.33	2.1165	0.9786	
0.34	1.88	1.3772	
0.35	1.4719	2.4211	
0.36	1.2502	2.8731	
0.37	0.7397	1.7535	
0.38	0.4103	1.0077	
0.39	0.0973	1.3704	
0.4	-0.2083	2.337	
0.41	-0.4804	2.9192	
0.42	-0.6573	1.5768	
0.43	-0.7623	0.8274	
0.44	-0.7877	1.2682	
0.45	-0.7614	2.5307	
0.46	-0.7253	2.3125	
0.47	-0.6541	1.3522	
0.48	-0.5085	0.4742	
0.49	-0.4192	0.993	
0.5	-0.3254	1.984	
0.51	-0.2383	1.9389	
0.52	-0.1706	0.9546	
0.53	-0.1866	0.1102	
0.54	-0.2212	0.6884	
0.55	-0.334	1.6372	
0.56	-0.4869	1.6681	
0.57	-0.7899	0.3854	
0.58	-1.0763	-0.3115	
0.59	-1.2691	0.3862	
0.6	-1.6858	1.2933	
0.61	-1.9339	1.1013	
0.62	-2.2809	-0.1265	
0.63	-2.459	-0.7038	
0.64	-2.5859	0.0044	
0.65	-2.6184	0.9857	
0.66	-2.8378	0.6005	
0.67	-3.1543	-0.7217	
0.68	-2.7956	-1.1099	
0.69	-2.9131	-0.3866	
0.7	-2.4944	0.5247	
0.71	-2.0911	0.0551	
0.72	-1.8521	-1.2279	
0.73	-1.7324	-1.5024	
0.74	-1.4443	-0.7599	
0.75	-1.16	0.0951	
0.76	-0.7963	-0.4166	
0.77	-0.5301	-1.6457	
0.78	-0.4205	-2.0375	
0.79	-0.2811	-1.1343	
0.8	-0.277	-0.3033	
0.81	-0.252	-0.9003	
0.82	-0.3039	-2.1087	
0.83	-0.4283	-2.257	
0.84	-0.5662	-1.2562	
0.85	-0.6082	-0.6343	
0.86	-0.788	-1.3579	
0.87	-0.9433	-2.7122	
0.88	-1.0255	-2.3959	
0.89	-0.9719	-1.5137	
0.9	-0.8758	-0.8291	
0.91	-0.7105	-1.7007	
0.92	-0.5275	-2.7331	
0.93	-0.2859	-2.7909	
0.94	0.0222	-1.5068	
0.95	0.3664	-0.9271	
0.96	0.6726	-1.6436	
0.97	1.1282	-3.1139	
0.98	1.3792	-2.7225	
0.99	1.9193	-1.407	
1.0	2.0942	-1.0291	
1.01	2.3992	-1.7864	
1.02	2.7525	-2.9456	
1.03	2.4812	-2.5873	
1.04	2.4272	-1.3503	
1.05	2.8359	-0.9113	
1.06	2.5942	-1.7618	
1.07	2.3552	-2.7388	
1.08	2.1222	-2.1979	
1.09	1.9451	-1.0926	
1.1	1.5012	-0.6895	
1.11	1.4063	-1.7541	
1.12	1.2717	-2.6027	
1.13	1.0841	-1.7513	
1.14	0.8537	-0.6298	
1.15	0.8984	-0.4229	
1.16	0.8545	-1.4747	
1.17	0.8888	-2.3431	
1.18	1.0834	-1.4386	
1.19	1.2339	-0.2922	
1.2	1.3615	-0.0883	
1.21	1.4664	-1.0552	
1.22	1.7174	-1.9246	
1.23	1.8389	-1.0553	
1.24	1.8505	0.1933	
1.25	1.9216	0.3099	
1.26	1.8815	-0.8362	
1.27	1.7632	-1.3045	
1.28	1.8262	-0.4998	
1.29	1.3618	0.7302	
1.3	1.1861	0.6153	
1.31	0.761	-0.4137	
1.32	0.4977	-0.8163	
1.33	0.0734	0.0473	
1.34	-0.3261	1.1577	
1.35	-0.6642	1.0445	
1.36	-1.022	-0.0184	
1.37	-1.3213	-0.371	
1.38	-1.5757	0.572	
1.39	-1.7905	1.761	
1.4	-1.6862	1.316	
1.41	-1.646	0.335	
1.42	-1.6337	0.0272	
1.43	-1.6449	0.9944	
1.44	-1.4839	2.1681	
1.45	-1.3054	1.7321	
1.46	-1.3026	0.6778	
1.47	-1.0794	0.3747	
1.48	-0.9624	1.3845	
1.49	-0.8816	2.3481	
1.5	-0.7253	2.1019	
1.51	-0.782	0.8635	
1.52	-0.9354	0.762	
1.53	-0.9105	1.786	
1.54	-1.2685	2.5509	
1.55	-1.3054	2.0968	
1.56	-1.5256	0.9898	
1.57	-1.9224	1.0298	
1.58	-2.0699	2.1837	
1.59	-2.5242	2.5592	
1.6	-2.5675	2.0154	
1.61	-2.5461	1.0533	
1.62	-2.7271	0.995	
1.63	-2.6824	2.4156	
1.64	-2.6555	2.6541	
1.65	-2.435	1.8919	
1.66	-2.2402	0.915	
1.67	-1.7993	0.997	
1.68	-1.4112	2.4637	
1.69	-1.2386	2.7337	
1.7	-0.7765	1.9493	
1.71	-0.4793	0.7496	
1.72	-0.1252	0.9814	
1.73	0.1614	2.213	
1.74	0.4177	2.4941	
1.75	0.5952	1.578	
1.76	0.6239	0.5333	
1.77	0.7107	0.7679	
1.78	0.6897	1.9193	
1.79	0.7057	2.256	
1.8	0.6006	1.1381	
1.81	0.4246	0.2176	
1.82	0.3205	0.5527	
1.83	0.1649	1.6879	
1.84	0.0943	2.0	
1.85	0.0358	0.8111	
1.86	0.0332	-0.15	
1.87	0.0843	0.3108	
1.88	0.2233	1.333	
1.89	0.3663	1.4803	
1.9	0.6425	0.2777	
1.91	0.8743	-0.566	
1.92	1.2713	-0.0162	
1.93	1.5267	0.955	
1.94	1.7673	1.0389	
1.95	2.232	-0.2228	
1.96	2.5979	-0.9391	
1.97	2.5592	-0.3922	
1.98	2.5321	0.6857	
1.99	2.616	0.5197	
2.0	3.1202	-0.7889	
2.01	2.5062	-1.3041	
2.02	2.562	-0.6969	
2.03	2.4505	0.3199	
2.04	2.1721	0.0478	
2.05	1.9666	-1.3093	
2.06	1.671	-1.8647	
2.07	1.2313	-0.9618	
2.08	0.9549	-0.0373	
2.09	0.6771	-0.365	
2.1	0.5362	-1.5993	
2.11	0.3406	-2.0048	
2.12	0.3125	-1.2017	
2.13	0.2345	-0.3076	
2.14	0.2873	-0.7633	
2.15	0.3374	-1.925	
2.16	0.5121	-2.556	
2.17	0.5917	-1.3051	
2.18	0.7276	-0.5869	
2.19	0.8064	-1.146	
2.2	0.9656	-2.1101	
2.21	0.9431	-2.7028	
2.22	0.9859	-1.4889	
2.23	0.8991	-0.6198	
2.24	0.8838	-1.1412	
2.25	0.5874	-2.3452	
2.26	0.3857	-2.7386	
2.27	0.0842	-1.3857	
2.28	-0.2299	-0.7256	
2.29	-0.6337	-1.5023	
2.3	-0.9409	-2.3033	
2.31	-1.3953	-2.5974	
2.32	-1.5734	-1.3024	
2.33	-1.7923	-0.7193	
2.34	-2.2557	-1.4189	
2.35	-2.4706	-2.5298	
2.36	-2.5749	-2.1407	
2.37	-2.3407	-1.1254	
2.38	-2.3865	-0.5281	
2.39	-2.2134	-1.3621	
2.4	-1.947	-2.5605	
2.41	-2.042	-1.9563	
2.42	-1.5853	-0.8759	
2.43	-1.4273	-0.3301	
2.44	-1.2189	-1.1425	
2.45	-1.0849	-2.1167	
2.46	-0.8394	-1.7745	
2.47	-0.8082	-0.477	
2.48	-0.7942	-0.0446	
2.49	-0.809	-0.916	
2.5	-0.9197	-1.9755	
2.51	-1.0429	-1.3262	
2.52	-1.2115	-0.0932	
2.53	-1.3565	0.2947	
2.54	-1.3625	-0.7285	
2.55	-1.7887	-1.4516	
2.56	-1.7228	-0.8689	
2.57	-1.7609	0.3808	
2.58	-2.0592	0.668	
2.59	-2.0453	-0.353	
2.6	-1.9239	-1.109	
2.61	-1.7643	-0.4355	
2.62	-1.3663	0.7372	
2.63	-1.1354	1.0573	
2.64	-0.8337	-0.0652	
2.65	-0.4624	-0.731	
2.66	-0.136	0.0407	
2.67	0.274	1.1947	
2.68	0.5838	1.4176	
2.69	0.9501	0.241	
2.7	1.1605	-0.3814	
2.71	1.3549	0.4858	
2.72	1.7098	1.6085	
2.73	1.4951	1.666	
2.74	1.5449	0.4425	
2.75	1.7306	-0.0186	
2.76	1.6019	0.8731	
2.77	1.32	2.016	
2.78	1.2108	1.793	
2.79	0.9091	0.7304	
2.8	0.8388	0.2421	
2.81	0.7622	1.1843	
2.82	0.558	2.4239	
2.83	0.617	2.0714	
2.84	0.5371	0.8721	
2.85	0.6477	0.5106	
2.86	0.7873	1.5649	
2.87	1.0573	2.2541	
2.88	1.2345	1.8953	
2.89	1.3398	0.8324	
2.9	1.6993	0.6542	
2.91	1.9563	1.6046	
2.92	2.3996	2.6657	
2.93	2.187	2.1	
2.94	2.2835	0.7764	
2.95	2.5611	0.6232	
2.96	2.2893	1.7877	
2.97	2.2433	2.4801	
2.98	2.3154	1.9157	
2.99	2.2152	0.7303	
3.0	1.7916	0.6538	
3.01	1.5695	1.719	
3.02	1.1682	2.5572	
3.03	0.8238	1.6894	
3.04	0.4219	0.4939	
3.05	0.1037	0.5687	
3.06	-0.163	1.564	
3.07	-0.3691	2.1621	
3.08	-0.4962	1.3657	
3.09	-0.6485	0.2635	
3.1	-0.6333	0.3897	
3.11	-0.6623	1.4647	
3.12	-0.5582	1.9199	
3.13	-0.3902	0.9438	
3.14	-0.306	-0.0629	
3.15	-0.1304	0.1267	
3.16	-0.0121	1.3599	
3.17	0.0849	1.4766	
3.18	0.1392	0.6506	
3.19	0.1669	-0.4288	
3.2	0.1074	-0.1147	
3.21	-0.0102	1.0068	
3.22	-0.1894	1.2019	
3.23	-0.4469	0.2159	
3.24	-0.7346	-0.7669	
3.25	-0.988	-0.4013	
3.26	-1.3551	0.6958	
3.27	-1.7201	0.8865	
3.28	-1.7549	-0.2457	
3.29	-2.0203	-1.0385	
3.3	-2.2461	-0.649	
3.31	-2.7943	0.4679	
3.32	-2.6775	0.5537	
3.33	-2.8169	-0.699	
3.34	-2.4495	-1.3822	
3.35	-2.5015	-0.8195	
3.36	-2.0976	0.2095	
3.37	-1.8221	0.1345	
3.38	-1.7803	-1.0762	
3.39	-1.4781	-1.7544	
3.4	-0.9683	-1.1101	
3.41	-0.7736	-0.0349	
3.42	-0.5431	-0.1803	
3.43	-0.3436	-1.509	
3.44	-0.2371	-1.8406	
3.45	-0.1655	-1.2734	
3.46	-0.184	-0.1999	
3.47	-0.2425	-0.4434	
3.48	-0.3454	-1.5534	
3.49	-0.42	-2.0088	
3.5	-0.5925	-1.4203	
3.51	-0.7946	-0.2994	
3.52	-0.8198	-0.6506	
3.53	-1.073	-1.8289	
3.54	-1.082	-2.3375	
3.55	-1.2012	-1.32	
3.56	-1.0041	-0.384	
3.57	-0.9538	-0.7217	
3.58	-0.7038	-1.8926	
3.59	-0.5368	-2.4353	
3.6	-0.2239	-1.2693	
3.61	0.1156	-0.3418	
3.62	0.5103	-0.8834	
3.63	0.7525	-1.9912	
3.64	1.1686	-2.1474	
3.65	1.4015	-1.0805	
3.66	1.6241	-0.2607	
3.67	2.1384	-0.8146	
3.68	2.0302	-1.9556	
3.69	2.126	-2.1839	
3.7	2.1556	-0.8944	
3.71	2.1942	-0.0927	
3.72	1.8534	-0.783	
3.73	1.8599	-1.7433	
3.74	1.6058	-1.7274	
3.75	1.4827	-0.5234	
3.76	1.2109	0.1142	
3.77	0.8542	-0.6146	
3.78	0.7138	-1.664	
3.79	0.6333	-1.5079	
3.8	0.4832	-0.2525	
3.81	0.507	0.3527	
3.82	0.5109	-0.4267	
3.83	0.6122	-1.5517	
3.84	0.8445	-1.0517	
3.85	1.0107	0.0908	
3.86	1.1582	0.6432	
3.87	1.2806	-0.2148	
3.88	1.6419	-1.1589	
3.89	1.6613	-0.7529	
3.9	1.9237	0.4745	
3.91	1.7486	0.9654	
3.92	1.7572	-0.029	
3.93	1.6648	-0.8317	
3.94	1.737	-0.4168	
3.95	1.3447	0.8228	
3.96	1.1594	1.1166	
3.97	0.8388	0.1621	
3.98	0.4663	-0.6627	
3.99	0.1479	-0.0746	
4.0	-0.2254	1.168	
4.01	-0.5535	1.2295	
4.02	-0.7655	0.3049	
4.03	-1.0037	-0.4091	
4.04	-1.161	0.2645	
4.05	-1.4261	1.4388	
4.06	-1.5404	1.5437	
4.07	-1.3486	0.4502	
4.08	-1.3094	-0.1941	
4.09	-1.3388	0.5647	
4.1	-0.9982	1.7078	
4.11	-0.8402	1.5688	
4.12	-0.7187	0.5535	
4.13	-0.532	-0.048	
4.14	-0.3916	0.6924	
4.15	-0.2929	1.9486	
4.16	-0.2585	1.7912	
4.17	-0.296	0.566	
4.18	-0.41	0.0526	
4.19	-0.4924	0.9322	
4.2	-0.6871	1.8551	
4.21	-1.016	1.7408	
4.22	-1.2032	0.5728	
4.23	-1.5145	0.1072	
4.24	-1.619	1.02	
4.25	-1.7873	2.0505	
4.26	-2.0881	1.7253	
4.27	-2.2479	0.4906	
4.28	-2.262	0.1169	
4.29	-2.3719	1.0077	
4.3	-2.0546	1.992	
4.31	-2.2584	1.5183	
4.32	-1.7811	0.331	
4.33	-1.4256	0.0545	
4.34	-1.3102	1.0773	
4.35	-0.9718	1.7609	
4.36	-0.6437	1.3834	
4.37	-0.2892	0.1122	
4.38	-0.0046	-0.0481	
4.39	0.2584	1.1117	
4.4	0.4274	1.9006	
4.41	0.5966	1.0744	
4.42	0.5984	-0.1116	
4.43	0.6226	-0.1879	
4.44	0.5329	0.9479	
4.45	0.4322	1.4255	
4.46	0.2984	0.8542	
4.47	0.1403	-0.3446	
4.48	-0.0126	-0.3588	
4.49	-0.1703	0.8196	
4.5	-0.2891	1.2788	
4.51	-0.3308	0.4869	
4.52	-0.3723	-0.6766	
4.53	-0.3569	-0.5284	
4.54	-0.2514	0.631	
4.55	-0.0632	1.1702	
4.56	0.1667	0.1506	
4.57	0.4042	-0.8889	
4.58	0.7237	-0.6719	
4.59	0.9943	0.502	
4.6	1.325	0.7683	
4.61	1.5064	-0.1351	
4.62	1.9592	-1.1228	
4.63	2.1116	-0.8388	
4.64	2.207	0.365	
4.65	2.5039	0.6199	
4.66	2.09	-0.435	
4.67	2.2224	-1.3255	
4.68	1.8713	-0.9465	
4.69	1.7983	0.2195	
4.7	1.6957	0.3755	
4.71	1.3396	-0.6602	
4.72	1.0885	-1.5709	
4.73	0.7976	-1.1011	
4.74	0.5422	0.1313	
4.75	0.2891	0.1954	
4.76	0.1428	-0.8705	
4.77	0.0228	-1.7355	
4.78	-0.0182	-1.005	
4.79	-0.0009	0.0675	
4.8	0.066	0.0543	
4.81	0.2003	-1.031	
4.82	0.3532	-1.7001	
4.83	0.5194	-1.0174	
4.84	0.6614	0.0597	
4.85	0.875	-0.0503	
4.86	0.962	-1.3114	
4.87	1.1331	-1.9585	
4.88	1.0977	-1.0037	
4.89	1.2048	0.095	
4.9	0.9356	-0.1289	
4.91	0.8492	-1.393	
4.92	0.6116	-1.6482	
4.93	0.3585	-0.8968	
4.94	0.0336	0.1672	
4.95	-0.2991	-0.1344	
4.96	-0.606	-1.373	
4.97	-1.0256	-1.5652	
4.98	-1.3393	-0.6389	
4.99	-1.403	0.2451	
5.0	-1.725	-0.1379	
5.01	-1.8895	-1.3795	
5.02	-1.7339	-1.4494	
5.03	-1.9801	-0.4572	
5.04	-1.6557	0.4249	
5.05	-1.7965	-0.0794	
5.06	-1.5063	-1.2768	
5.07	-1.1761	-1.4705	
5.08	-1.015	-0.2781	
5.09	-0.7703	0.5935	
5.1	-0.5949	-0.0202	
5.11	-0.3681	-1.1416	
5.12	-0.2664	-1.2044	
5.13	-0.1766	-0.036	
5.14	-0.182	0.6838	
5.15	-0.2183	0.0489	
5.16	-0.2953	-1.0789	
5.17	-0.4327	-0.9565	
5.18	-0.6635	0.1914	
5.19	-0.897	0.8398	
5.2	-1.0386	0.1305	
5.21	-1.2797	-0.9283	
5.22	-1.339	-0.7466	
5.23	-1.7649	0.4713	
5.24	-1.6773	1.1148	
5.25	-1.8549	0.2153	
5.26	-1.6529	-0.7365	
5.27	-1.6422	-0.5225	
5.28	-1.222	0.6646	
5.29	-1.1486	1.261	
5.3	-0.791	0.2781	
5.31	-0.4514	-0.7197	
5.32	-0.1297	-0.3002	
5.33	0.2229	0.8175	
5.34	0.4753	1.2515	
5.35	0.7213	0.2979	
5.36	0.9172	-0.5688	
5.37	1.1151	-0.1522	
5.38	1.1657	1.0687	
5.39	1.3249	1.441	
5.4	1.2613	0.2848	
5.41	1.0217	-0.571	
5.42	1.0399	0.0114	
5.43	0.7809	1.1742	
5.44	0.5389	1.266	
5.45	0.3556	0.2579	
5.46	0.2115	-0.5418	
5.47	0.0592	0.1324	
5.48	-0.0367	1.1803	
5.49	-0.0884	1.448	
5.5	-0.0752	0.2151	
5.51	0.0092	-0.4345	
5.52	0.1362	0.2325	
5.53	0.326	1.246	
5.54	0.589	1.3975	
5.55	0.8298	0.1149	
5.56	1.0916	-0.4559	
5.57	1.3253	0.2837	
5.58	1.4863	1.5056	
5.59	1.7271	1.1316	
5.6	1.8961	0.0108	
5.61	1.8995	-0.509	
5.62	1.7647	0.3153	
5.63	1.9464	1.4248	
5.64	1.8968	1.0271	
5.65	1.407	-0.1159	
5.66	1.4127	-0.503	
5.67	1.0508	0.3591	
5.68	0.6958	1.2603	
5.69	0.362	0.9945	
5.7	0.0943	-0.299	
5.71	-0.1563	-0.5693	
5.72	-0.4211	0.4022	
5.73	-0.4978	1.2804	
5.74	-0.6229	0.8064	
5.75	-0.6228	-0.4747	
5.76	-0.6815	-0.6765	
5.77	-0.5728	0.3358	
5.78	-0.4146	1.1889	
5.79	-0.2375	0.5392	
5.8	-0.0475	-0.6397	
5.81	0.1532	-0.7592	
5.82	0.3053	0.3218	
5.83	0.5045	1.0353	
5.84	0.5247	0.3791	
5.85	0.5694	-0.7655	
5.86	0.5238	-0.8327	
5.87	0.4844	0.3794	
5.88	0.3556	0.9618	
5.89	0.1342	0.2363	
5.9	-0.1239	-0.8118	
5.91	-0.3715	-0.8456	
5.92	-0.7363	0.3456	
5.93	-1.0888	0.9548	
5.94	-1.3324	0.0716	
5.95	-1.5392	-1.0355	
5.96	-1.7951	-0.8032	
5.97	-1.6494	0.3388	
5.98	-1.9563	0.7958	
5.99	-2.0255	-0.0669	
6.0	-1.6429	-1.1905	
6.01	-1.5163	-0.7433	
6.02	-1.5517	0.3835	
6.03	-1.0969	0.7327	
6.04	-0.9801	-0.2104	
6.05	-0.6235	-1.2526	
6.06	-0.3775	-0.7807	
6.07	-0.1323	0.4028	
6.08	0.0628	0.669	
6.09	0.1815	-0.298	
6.1	0.3065	-1.2267	
6.11	0.2981	-0.6468	
6.12	0.2389	0.4429	
6.13	0.1645	0.6943	
6.14	0.0052	-0.3777	
6.15	-0.1835	-1.2323	
6.16	-0.359	-0.5704	
6.17	-0.6168	0.5612	
6.18	-0.7523	0.597	
6.19	-0.9513	-0.5095	
6.2	-1.054	-1.1597	
6.21	-1.0386	-0.4934	
6.22	-1.0782	0.6657	
6.23	-1.0926	0.5556	
6.24	-0.8547	-0.5058	
6.25	-0.697	-1.2047	
6.26	-0.4161	-0.4044	
6.27	-0.1671	0.6477	
6.28	0.1346	0.6115	
6.29	0.4897	-0.6298	
6.3	0.8068	-1.1103	
6.31	0.9915	-0.3004	
6.32	1.1663	0.7014	
6.33	1.4079	0.4925	
6.34	1.5107	-0.5894	
6.35	1.4799	-1.0705	
6.36	1.4329	-0.1612	
6.37	1.4247	0.8219	
6.38	1.3233	0.5559	
6.39	0.9371	-0.6653	
6.4	0.8523	-0.9443	
6.41	0.5612	-0.0289	
6.42	0.3218	0.9628	
6.43	0.0999	0.4944	
6.44	-0.0585	-0.6744	
6.45	-0.2005	-0.8998	
6.46	-0.2363	0.0849	
6.47	-0.2527	0.9909	
6.48	-0.1837	0.4195	
6.49	-0.0785	-0.7959	
6.5	0.089	-0.8003	
6.51	0.296	0.2031	
6.52	0.5845	1.0253	
6.53	0.8049	0.3435	
6.54	0.9805	-0.8379	
6.55	1.1388	-0.7805	
6.56	1.313	0.3208	
6.57	1.5466	1.1025	
6.58	1.5609	0.289	
6.59	1.5299	-0.8169	
6.6	1.3724	-0.7816	
6.61	1.2408	0.3988	
6.62	0.8316	1.0132	
6.63	0.6647	0.2228	
6.64	0.3861	-0.9507	
6.65	0.0526	-0.6679	
6.66	-0.2225	0.4408	
6.67	-0.5252	0.9103	
6.68	-0.6861	0.1143	
6.69	-0.9369	-0.9811	
6.7	-1.0819	-0.7333	
6.71	-1.1336	0.4624	
6.72	-1.0989	0.9495	
6.73	-0.9206	-0.0031	
6.74	-0.8372	-0.9956	
6.75	-0.6541	-0.6081	
6.76	-0.5405	0.538	
6.77	-0.2479	0.9067	
6.78	-0.0529	-0.1213	
6.79	0.1343	-1.0191	
6.8	0.3042	-0.6145	
6.81	0.3929	0.5763	
6.82	0.4529	0.7566	
6.83	0.5051	-0.2106	
6.84	0.4362	-0.9883	
6.85	0.2717	-0.5488	
6.86	0.0819	0.6526	
6.87	-0.1279	0.7161	
6.88	-0.3601	-0.3606	
6.89	-0.6267	-1.034	
6.9	-0.8354	-0.5005	
6.91	-1.1042	0.6277	
6.92	-1.2665	0.6307	
6.93	-1.3274	-0.4905	
6.94	-1.55	-1.0406	
6.95	-1.551	-0.4259	
6.96	-1.5456	0.6959	
6.97	-1.235	0.5671	
6.98	-1.1134	-0.5577	
6.99	-0.8476	-1.1698	
7.0	-0.6396	-0.2994	
7.01	-0.3498	0.7369	
7.02	-0.0733	0.5532	
7.03	0.1912	-0.5726	
7.04	0.4371	-1.1181	
7.05	0.609	-0.1873	
7.06	0.7224	0.7818	
7.07	0.8152	0.5066	
7.08	0.7031	-0.6039	
7.09	0.7701	-0.9852	
7.1	0.6136	-0.0914	
7.11	0.4114	0.9538	
7.12	0.1919	0.5261	
7.13	-0.023	-0.6606	
7.14	-0.2309	-0.926	
7.15	-0.4296	0.0392	
7.16	-0.5969	0.8846	
7.17	-0.7089	0.4956	
7.18	-0.8087	-0.6941	
7.19	-0.7684	-0.8523	
7.2	-0.7637	0.1892	
7.21	-0.5456	1.04	
7.22	-0.4544	0.4748	
7.23	-0.1808	-0.7343	
7.24	0.0759	-0.8156	
7.25	0.3447	0.3339	
7.26	0.6381	1.1584	
7.27	0.8852	0.4307	
7.28	1.1131	-0.6402	
7.29	1.292	-0.6407	
7.3	1.3765	0.5469	
7.31	1.4064	1.215	
7.32	1.3654	0.3868	
7.33	1.3889	-0.6248	
7.34	1.0493	-0.502	
7.35	0.8662	0.6028	
7.36	0.7433	1.2745	
7.37	0.4113	0.4324	
7.38	0.1831	-0.595	
7.39	-0.0831	-0.3655	
7.4	-0.3204	0.8456	
7.41	-0.4429	1.4028	
7.42	-0.6068	0.3737	
7.43	-0.608	-0.6556	
7.44	-0.6859	-0.2452	
7.45	-0.5323	0.9576	
7.46	-0.4374	1.1876	
7.47	-0.2864	0.3731	
7.48	-0.0614	-0.6116	
7.49	0.1791	-0.1446	
7.5	0.3695	1.0878	
7.51	0.5934	1.3049	
7.52	0.8097	0.2996	
7.53	1.0126	-0.5905	
7.54	1.1433	-0.0457	
7.55	1.0979	1.1193	
7.56	1.0196	1.2497	
7.57	0.8279	0.2185	
7.58	0.7056	-0.6317	
7.59	0.526	0.033	
7.6	0.249	1.0813	
7.61	-0.017	1.2328	
7.62	-0.303	0.1065	
7.63	-0.5693	-0.6329	
7.64	-0.8718	0.0882	
7.65	-1.0744	1.2954	
7.66	-1.0263	1.1968	
7.67	-1.1081	-0.0183	
7.68	-1.2187	-0.6348	
7.69	-1.0489	0.1026	
7.7	-0.947	1.1037	
7.71	-0.7776	0.941	
7.72	-0.5693	-0.1777	
7.73	-0.3605	-0.7538	
7.74	-0.0881	0.1077	
7.75	0.1456	1.0953	
7.76	0.3986	0.9383	
7.77	0.5438	-0.3704	
7.78	0.7263	-0.7796	
7.79	0.7108	0.099	
7.8	0.7656	1.0058	
7.81	0.5983	0.6408	
7.82	0.5403	-0.5485	
7.83	0.3196	-0.9975	
7.84	0.1079	0.05	
7.85	-0.1136	0.8959	
7.86	-0.3534	0.477	
7.87	-0.581	-0.6908	
7.88	-0.9039	-0.9688	
7.89	-1.0381	0.005	
7.9	-1.0891	0.8551	
7.91	-1.1042	0.2267	
7.92	-1.1994	-0.9919	
7.93	-1.031	-1.0124	
7.94	-0.9077	-0.0509	
7.95	-0.6559	0.6871	
7.96	-0.4955	0.025	
7.97	-0.208	-1.1179	
7.98	0.0736	-1.2596	
7.99	0.3672	-0.1023	
8.0	0.5923	0.6161	
8.01	0.7996	-0.1709	
8.02	0.8434	-1.2456	
8.03	0.9033	-1.3747	
8.04	0.9856	-0.1347	
8.05	0.8746	0.4813	
8.06	0.7643	-0.4128	
8.07	0.6086	-1.3703	
8.08	0.4328	-1.2978	
8.09	0.2299	-0.15	
8.1	-0.0314	0.3346	
8.11	-0.2607	-0.5696	
8.12	-0.5219	-1.7139	
8.13	-0.6681	-1.3856	
8.14	-0.7396	-0.1313	
8.15	-0.8523	0.2599	
8.16	-0.8452	-0.6959	
8.17	-0.902	-1.7103	
8.18	-0.6868	-1.1912	
8.19	-0.5678	-0.0857	
8.2	-0.2801	0.1996	
8.21	-0.0631	-0.8042	
8.22	0.2015	-1.5963	
8.23	0.44	-1.1958	
8.24	0.7385	-0.0034	
8.25	0.8678	0.2183	
8.26	0.9767	-0.7599	
8.27	1.0932	-1.5643	
8.28	1.1271	-0.9896	
8.29	0.9903	0.1072	
8.3	0.8727	0.2162	
8.31	0.7494	-0.796	
8.32	0.5278	-1.6132	
8.33	0.2613	-0.923	
8.34	-0.0164	0.2829	
8.35	-0.2795	0.3083	
8.36	-0.5138	-0.8806	
8.37	-0.7493	-1.464	
8.38	-0.7832	-0.7267	
8.39	-1.0182	0.4342	
8.4	-1.0012	0.3981	
8.41	-0.9324	-0.7155	
8.42	-0.8594	-1.2056	
8.43	-0.7057	-0.3763	
8.44	-0.4339	0.6559	
8.45	-0.2003	0.5345	
8.46	0.0459	-0.6893	
8.47	0.2741	-1.1619	
8.48	0.5874	-0.1214	
8.49	0.8021	0.8879	
8.5	0.9398	0.659	
8.51	1.0515	-0.4591	
8.52	1.0858	-0.8827	
8.53	0.9699	0.15	
8.54	0.8581	1.1941	
8.55	0.6501	0.7206	
8.56	0.4872	-0.402	
8.57	0.2276	-0.632	
8.58	-0.0086	0.4884	
8.59	-0.2672	1.3978	
8.6	-0.4739	0.82	
8.61	-0.7208	-0.2264	
8.62	-0.8812	-0.4098	
8.63	-0.9416	0.7008	
8.64	-0.9079	1.5674	
8.65	-0.9071	0.9991	
8.66	-0.7415	-0.114	
8.67	-0.6275	-0.1626	
8.68	-0.4693	1.0373	
8.69	-0.1902	1.6269	
8.7	0.0632	1.0204	
8.71	0.3103	-0.016	
8.72	0.5176	0.0422	
8.73	0.7728	1.2806	
8.74	0.8597	1.841	
8.75	1.0942	1.1273	
8.76	1.0142	0.0488	
8.77	1.0238	0.1881	
8.78	0.9437	1.3514	
8.79	0.7763	2.0634	
8.8	0.6105	1.2081	
8.81	0.3247	0.0714	
8.82	0.0783	0.3373	
8.83	-0.1923	1.443	
8.84	-0.4502	1.7953	
8.85	-0.5823	1.0404	
8.86	-0.7653	0.0377	
8.87	-1.0032	0.3486	
8.88	-0.945	1.5716	
8.89	-0.9849	1.975	
8.9	-0.8568	0.8687	
8.91	-0.7651	-0.0427	
8.92	-0.587	0.4094	
8.93	-0.2896	1.6825	
8.94	-0.0648	1.7718	
8.95	0.175	0.6581	
8.96	0.3791	-0.1528	
8.97	0.6097	0.3654	
8.98	0.8039	1.3931	
8.99	0.8166	1.6574	
9.0	0.9219	0.4911	
9.01	0.9374	-0.3222	
9.02	0.7081	0.2264	
9.03	0.6271	1.3212	
9.04	0.3739	1.4351	
9.05	0.1637	0.1939	
9.06	-0.1004	-0.5758	
9.07	-0.4069	0.1165	
9.08	-0.5811	1.147	
9.09	-0.8532	0.9946	
9.1	-1.0894	-0.1394	
9.11	-1.0792	-0.8709	
9.12	-1.1307	-0.0426	
9.13	-1.2144	0.9263	
9.14	-1.1698	0.7806	
9.15	-0.9993	-0.5115	
9.16	-0.7914	-0.9934	
9.17	-0.5736	-0.2048	
9.18	-0.3076	0.6933	
9.19	-0.0551	0.4362	
9.2	0.189	-0.7715	
9.21	0.3925	-1.3863	
9.22	0.562	-0.412	
9.23	0.7627	0.5277	
9.24	0.811	0.0792	
9.25	0.742	-1.2325	
9.26	0.6899	-1.5855	
9.27	0.5751	-0.6132	
9.28	0.4016	0.2901	
9.29	0.2238	-0.2361	
9.3	-0.0108	-1.505	
9.31	-0.2583	-1.8472	
9.32	-0.5135	-0.6695	
9.33	-0.6194	0.0852	
9.34	-0.7874	-0.5017	
9.35	-0.875	-1.8765	
9.36	-0.9616	-1.8033	
9.37	-0.911	-0.7517	
9.38	-0.9352	-0.0866	
9.39	-0.7869	-0.7698	
9.4	-0.5215	-1.8644	
9.41	-0.2522	-1.9619	
9.42	0.0135	-0.8454	
9.43	0.2674	-0.2095	
9.44	0.5313	-1.0281	
9.45	0.8615	-2.2152	
9.46	0.9669	-2.0537	
9.47	1.1611	-0.7675	
9.48	1.1621	-0.2376	
9.49	1.3787	-1.0768	
9.5	1.2496	-1.9707	
9.51	1.0279	-2.0031	
9.52	1.0279	-0.8043	
9.53	0.8071	-0.2198	
9.54	0.5387	-1.19	
9.55	0.2591	-2.0761	
9.56	0.0141	-1.7691	
9.57	-0.2257	-0.5262	
9.58	-0.394	-0.1702	
9.59	-0.5539	-1.0994	
9.6	-0.5641	-1.8623	
9.61	-0.5813	-1.574	
9.62	-0.5782	-0.3485	
9.63	-0.4011	-0.0284	
9.64	-0.248	-1.0864	
9.65	-0.0493	-1.7013	
9.66	0.1783	-1.1979	
9.67	0.4215	-0.0806	
9.68	0.6035	0.1753	
9.69	0.8245	-0.8178	
9.7	0.9762	-1.5781	
9.71	1.0765	-0.9343	
9.72	1.1404	0.2688	
9.73	1.1652	0.3635	
9.74	1.1776	-0.6816	
9.75	0.9798	-1.2796	
9.76	0.8583	-0.551	
9.77	0.5927	0.5927	
9.78	0.2818	0.6512	
9.79	-0.0234	-0.3886	
9.8	-0.298	-0.9365	
9.81	-0.5685	-0.1703	
9.82	-0.8435	0.9601	
9.83	-0.9891	0.9143	
9.84	-1.1383	-0.1932	
9.85	-1.1221	-0.6381	
9.86	-1.1194	0.2495	
9.87	-1.0792	1.3424	
9.88	-0.8806	1.265	
9.89	-0.7709	0.0613	
9.9	-0.5089	-0.327	
9.91	-0.3257	0.6802	
9.92	-0.0696	1.5663	
9.93	0.1384	1.2749	
9.94	0.3419	0.2675	
9.95	0.4739	-0.0241	
9.96	0.4995	1.0682	
9.97	0.5023	1.8005	
9.98	0.4734	1.4444	
9.99	0.3078	0.4649	
10.0	0.158	0.2619	
10.01	-0.0634	1.3205	
10.02	-0.3249	2.2303	
10.03	-0.5687	1.8566	
10.04	-0.9039	0.5337	
10.05	-1.1546	0.4977	
10.06	-1.2016	1.619	
10.07	-1.2848	2.5299	
10.08	-1.6187	1.9319	
10.09	-1.5411	0.6525	
10.1	-1.5863	0.5836	
10.11	-1.2577	1.728	
10.12	-1.169	2.269	
10.13	-0.9455	1.8035	
10.14	-0.6653	0.6924	
10.15	-0.3996	0.6871	
10.16	-0.0952	1.9972	
10.17	0.1876	2.6461	
10.18	0.4112	1.7549	
10.19	0.6404	0.5982	
10.2	0.7799	0.6823	
10.21	0.8549	1.8648	
10.22	0.8875	2.3893	
10.23	0.8389	1.5397	
10.24	0.6682	0.3378	
10.25	0.5564	0.5553	
10.26	0.2938	1.6894	
10.27	0.1051	2.1898	
10.28	-0.107	1.0518	
10.29	-0.3256	0.1295	
10.3	-0.467	0.4814	
10.31	-0.6219	1.4545	
10.32	-0.65	1.8639	
10.33	-0.6919	0.7882	
10.34	-0.5637	-0.1581	
10.35	-0.4848	0.2196	
10.36	-0.2553	1.4338	
10.37	-0.0271	1.5378	
10.38	0.2362	0.4315	
10.39	0.5048	-0.5198	
10.4	0.8652	-0.0245	
10.41	0.9938	1.1426	
10.42	1.2266	1.1085	
10.43	1.481	-0.0434	
10.44	1.5405	-0.9218	
10.45	1.5466	-0.29	
10.46	1.8102	0.7956	
10.47	1.5659	0.7343	
10.48	1.5189	-0.5498	
10.49	1.3098	-1.3654	
10.5	0.9331	-0.6493	
10.51	0.792	0.4038	
10.52	0.4777	0.2904	
10.53	0.2418	-0.9552	
10.54	-0.0122	-1.479	
10.55	-0.1849	-0.8612	
10.56	-0.3183	0.1192	
10.57	-0.3913	-0.131	
10.58	-0.4834	-1.5111	
10.59	-0.391	-1.8624	
10.6	-0.2796	-1.0551	
10.61	-0.1331	-0.1767	
10.62	0.0426	-0.4948	
10.63	0.2399	-1.7363	
10.64	0.4529	-2.4286	
10.65	0.6294	-1.2047	
10.66	0.8911	-0.4189	
10.67	1.0192	-0.7725	
10.68	1.0787	-1.8833	
10.69	0.9435	-2.3946	
10.7	0.9423	-1.4081	
10.71	0.8281	-0.609	
10.72	0.6688	-1.0046	
10.73	0.4243	-2.0717	
10.74	0.1051	-2.7137	
10.75	-0.1991	-1.5265	
10.76	-0.4808	-0.6951	
10.77	-0.7899	-1.2457	
10.78	-1.0082	-2.1803	
10.79	-1.2379	-2.7195	
10.8	-1.4252	-1.4483	
10.81	-1.5048	-0.6161	
10.82	-1.5199	-1.2902	
10.83	-1.7495	-2.4789	
10.84	-1.382	-2.634	
10.85	-1.2252	-1.2718	
10.86	-1.1149	-0.5401	
10.87	-0.9416	-1.2158	
10.88	-0.6764	-2.392	
10.89	-0.4193	-2.2799	
10.9	-0.22	-1.0346	
10.91	-0.0594	-0.3957	
10.92	0.0677	-1.2941	
10.93	0.1227	-2.2372	
10.94	0.1383	-1.7901	
10.95	0.0751	-0.6074	
10.96	-0.0338	-0.155	
10.97	-0.1886	-1.0383	
10.98	-0.3706	-2.0633	
10.99	-0.5796	-1.4189	
11.0	-0.787	-0.2966	
11.01	-1.0755	0.1755	
11.02	-1.1648	-0.727	
11.03	-1.3367	-1.5275	
11.04	-1.4203	-0.9957	
11.05	-1.4058	0.1622	
11.06	-1.4636	0.5556	
11.07	-1.3879	-0.4404	
11.08	-1.1817	-1.1869	
11.09	-0.8926	-0.6179	
11.1	-0.7325	0.6357	
11.11	-0.3895	0.8577	
11.12	-0.042	-0.1104	
11.13	0.2812	-0.795	
11.14	0.5318	-0.1289	
11.15	0.8472	1.1895	
11.16	1.0829	1.3494	
11.17	1.1243	0.2467	
11.18	1.1577	-0.4027	
11.19	1.2849	0.3454	
11.2	1.2768	1.7081	
11.21	1.1532	1.6877	
11.22	0.9765	0.4924	
11.23	0.7347	-0.0227	
11.24	0.4954	0.7806	
11.25	0.3818	2.0695	
11.26	0.1737	1.96	
11.27	0.0167	0.8719	
11.28	-0.0883	0.2877	
11.29	-0.1389	1.2944	
11.3	-0.1181	2.1842	
11.31	-0.036	2.0475	
11.32	0.1083	0.9821	
11.33	0.2695	0.6019	
11.34	0.4982	1.6955	
11.35	0.7251	2.4486	
11.36	1.0929	2.3334	
11.37	1.2984	1.1834	
11.38	1.5099	0.805	
11.39	1.8596	1.8642	
11.4	1.7572	2.8781	
11.41	1.8816	2.1282	
11.42	2.1282	1.1746	
11.43	1.9369	0.9714	
11.44	1.8508	2.1138	
11.45	1.4049	3.036	
11.46	1.3448	2.2068	
11.47	1.0298	1.1093	
11.48	0.7277	0.9203	
11.49	0.3871	1.9717	
11.5	0.0718	2.4766	
11.51	-0.1669	2.1964	
11.52	-0.363	0.9185	
11.53	-0.5399	0.8412	
11.54	-0.6328	1.7986	
11.55	-0.6465	2.364	
11.56	-0.6212	1.8707	
11.57	-0.6063	0.6745	
11.58	-0.4557	0.6275	
11.59	-0.2924	1.7729	
11.6	-0.0966	2.2609	
11.61	0.0864	1.2906	
11.62	0.2286	0.258	
11.63	0.3752	0.3526	
11.64	0.4885	1.5695	
11.65	0.4763	1.8944	
11.66	0.4643	0.9662	
11.67	0.3738	-0.1316	
11.68	0.2026	0.0691	
11.69	-0.0211	1.116	
11.7	-0.3049	1.6343	
11.71	-0.6285	0.5024	
11.72	-0.9339	-0.5254	
11.73	-1.2467	-0.2906	
11.74	-1.5801	0.8929	
11.75	-1.6115	0.9554	
11.76	-1.9879	-0.0632	
11.77	-2.118	-1.1374	
11.78	-2.2893	-0.7103	
11.79	-2.2137	0.46	
11.8	-2.1346	0.6023	
11.81	-1.8935	-0.6403	
11.82	-1.7465	-1.6432	
11.83	-1.4508	-1.0912	
11.84	-1.0968	0.0599	
11.85	-0.9242	0.0834	
11.86	-0.6731	-1.1804	
11.87	-0.4078	-1.8402	
11.88	-0.183	-1.3465	
11.89	-0.0278	-0.2808	
11.9	0.0657	-0.3423	
11.91	0.0921	-1.4911	
