0.01	0.2566	0.2043	0.376	0.5147	
0.02	0.5219	0.3806	0.7402	0.8152	
0.03	0.7733	0.5576	0.9855	1.2241	
0.04	0.9153	0.8037	1.2389	1.1877	
0.05	1.1616	0.9257	1.1855	1.1857	
0.06	1.1567	1.0793	1.247	0.8631	
0.07	1.253	1.3264	1.0484	0.5164	
0.08	1.2699	1.4376	0.9893	0.1263	
0.09	1.4749	1.467	0.7355	-0.2089	
0.1	1.5001	1.5735	0.4168	-0.3803	
0.11	1.3019	1.7073	0.1624	-0.4758	
0.12	1.3986	1.7721	-0.0297	-0.2936	
0.13	1.0931	1.6582	-0.1379	0.0101	
0.14	1.0004	1.861	-0.1388	0.4051	
0.15	0.853	1.8427	-0.0144	0.9655	
0.16	0.706	1.5848	0.1848	1.4011	
0.17	0.5865	1.5462	0.5273	1.6572	
0.18	0.3846	1.661	0.9239	1.9532	
0.19	0.2916	1.7333	1.1686	1.9758	
0.2	0.1776	1.6499	1.6526	1.7761	
0.21	0.1057	1.2918	1.9911	1.4088	
0.22	0.0489	1.4157	2.229	1.0289	
0.23	0.0382	1.2597	2.3173	0.6168	
0.24	0.0614	1.1435	2.3708	0.3424	
0.25	0.1295	0.9121	2.1811	0.146	
0.26	0.2314	0.8125	1.9414	0.1526	
0.27	0.34	0.7114	1.6571	0.3307	
0.28	0.5312	0.6037	1.4318	0.6799	
0.29	0.6865	0.5683	1.1695	1.1016	
0.3	0.9819	0.4892	0.912	1.5292	
0.31	1.209	0.4125	0.7794	1.9585	
0.32	1.4334	0.3307	0.6256	2.2871	
0.33	1.4803	0.2411	0.6375	2.1806	
0.34	1.898	0.1963	0.747	2.2349	
0.35	2.0328	0.1788	0.943	2.0287	
0.36	1.9704	0.1475	1.3915	1.6818	
0.37	2.076	0.1355	1.6654	1.1559	
0.38	2.286	0.1545	1.9592	0.8262	
0.39	2.3898	0.1675	2.2513	0.5048	
0.4	2.5352	0.2349	2.4138	0.3336	
0.41	2.3468	0.2403	2.7614	0.4314	
0.42	2.2266	0.331	3.1118	0.5634	
0.43	1.9958	0.3637	2.6157	0.9309	
0.44	1.8363	0.4754	2.8792	1.4731	
0.45	1.9637	0.6054	2.4641	1.9491	
0.46	1.5617	0.6096	1.9672	2.0899	
0.47	1.5323	0.6949	1.574	2.3872	
0.48	1.1273	0.8038	1.2637	2.2383	
0.49	1.0735	0.8726	1.0613	2.0964	
0.5	0.881	1.0354	0.9327	1.8339	
0.51	0.6414	1.0038	0.8114	1.4646	
0.52	0.5172	1.0852	0.7723	0.9572	
0.53	0.3718	1.0814	1.0341	0.5609	
0.54	0.309	1.3011	1.2473	0.2472	
0.55	0.2495	1.2156	1.4961	0.1592	
0.56	0.2311	1.4002	1.639	0.2286	
0.57	0.2646	1.2532	1.9872	0.5042	
0.58	0.3406	1.2397	2.392	0.9197	
0.59	0.4669	1.2178	2.2874	1.3478	
0.6	0.5749	1.165	2.6144	1.621	
0.61	0.7035	1.0584	2.3455	1.9228	
0.62	0.8948	1.0242	2.228	1.8047	
0.63	0.9469	0.9011	2.4522	1.7069	
0.64	1.0871	0.8491	2.0875	1.6352	
0.65	1.4995	0.7145	1.658	1.259	
0.66	1.5323	0.5469	1.2351	0.8128	
0.67	1.6181	0.3511	0.8855	0.3328	
0.68	1.634	0.2076	0.5829	-0.012	
0.69	1.6604	0.0643	0.3918	-0.2459	
0.7	1.7124	-0.1025	0.2764	-0.2831	
0.71	1.8361	-0.2714	0.2934	-0.1529	
0.72	1.9374	-0.4464	0.4114	0.1129	
0.73	1.5417	-0.5313	0.6559	0.4851	
0.74	1.5753	-0.8021	0.9161	0.8527	
0.75	1.5281	-0.936	1.1787	1.1343	
0.76	1.2161	-0.9681	1.4902	1.5195	
0.77	0.9763	-1.0329	1.5259	1.5761	
0.78	0.7899	-1.345	1.6691	1.1723	
0.79	0.5557	-1.2101	1.8745	0.9109	
0.8	0.3492	-1.4459	1.8392	0.5675	
0.81	0.1073	-1.4239	1.6392	0.1252	
0.82	-0.1101	-1.4263	1.4327	-0.3119	
0.83	-0.3098	-1.3345	1.0294	-0.6672	
0.84	-0.4834	-1.5815	0.6243	-0.7646	
0.85	-0.6098	-1.4016	0.2196	-0.7957	
0.86	-0.6333	-1.318	-0.1137	-0.5964	
0.87	-0.6996	-1.3324	-0.3769	-0.256	
0.88	-0.6398	-1.0986	-0.5274	0.1445	
0.89	-0.6543	-1.0793	-0.6706	0.5043	
0.9	-0.5848	-0.9382	-0.6002	0.8316	
0.91	-0.4871	-0.8264	-0.4238	1.0026	
0.92	-0.4116	-0.622	-0.1981	1.0414	
0.93	-0.203	-0.4906	0.0917	0.7972	
0.94	-0.0598	-0.3731	0.3784	0.4135	
0.95	0.1267	-0.1686	0.6603	0.023	
0.96	0.2984	-0.0144	0.7564	-0.3917	
0.97	0.422	0.1613	1.038	-0.7171	
0.98	0.6284	0.3486	0.8867	-0.9696	
0.99	0.7063	0.4945	0.8319	-1.1369	
1.0	0.7673	0.593	0.6345	-1.013	
1.01	0.9253	0.7561	0.3406	-0.6766	
1.02	0.8592	1.007	-0.0217	-0.3576	
1.03	0.8885	1.0633	-0.4265	0.0555	
1.04	0.8698	1.239	-0.7209	0.4386	
1.05	0.8732	1.1511	-1.1458	0.7749	
1.06	0.7198	1.2778	-1.2979	0.8895	
1.07	0.5615	1.4439	-1.347	0.7625	
1.08	0.3538	1.3544	-1.307	0.567	
1.09	0.1768	1.3415	-1.3689	0.2159	
1.1	-0.0016	1.5356	-1.0403	-0.2172	
1.11	-0.2163	1.5976	-0.8299	-0.6464	
1.12	-0.3943	1.5383	-0.5096	-0.8646	
1.13	-0.589	1.5884	-0.2564	-1.0122	
1.14	-0.7394	1.5207	0.0234	-1.0358	
1.15	-0.7966	1.3847	0.2132	-0.8645	
1.16	-0.9676	1.2803	0.3368	-0.529	
1.17	-1.0013	1.2342	0.2871	-0.1143	
1.18	-1.0118	1.2536	0.1743	0.3425	
1.19	-1.0675	1.0661	-0.0468	0.7361	
1.2	-0.932	1.032	-0.3653	0.909	
1.21	-0.9311	0.925	-0.6656	1.1523	
1.22	-0.8287	0.8253	-1.0761	1.035	
1.23	-0.5818	0.7377	-1.4006	0.7467	
1.24	-0.4514	0.6935	-1.6601	0.359	
1.25	-0.254	0.704	-1.8716	-0.0305	
1.26	-0.0374	0.6758	-1.8328	-0.4093	
1.27	0.1703	0.5815	-1.8379	-0.6255	
1.28	0.4201	0.632	-1.6495	-0.7649	
1.29	0.6618	0.6288	-1.2736	-0.6028	
1.3	0.723	0.6989	-1.123	-0.3515	
1.31	1.0458	0.6739	-0.6588	0.068	
1.32	1.1055	0.7839	-0.4003	0.5464	
1.33	1.0915	0.7865	-0.103	1.0101	
1.34	1.2885	0.8742	0.0811	1.2114	
1.35	1.2096	0.9397	0.1758	1.5256	
1.36	1.2317	1.1151	0.1441	1.6348	
1.37	1.3224	1.2503	0.0067	1.5884	
1.38	1.1104	1.3709	-0.2124	1.171	
1.39	1.1256	1.409	-0.5517	0.8658	
1.4	0.8689	1.4175	-0.8275	0.4331	
1.41	0.8069	1.6943	-1.2287	0.1189	
1.42	0.6443	1.8217	-1.5471	-0.0522	
1.43	0.4255	1.9219	-1.538	-0.0603	
1.44	0.3189	1.9157	-1.7127	0.1056	
1.45	0.1708	2.2139	-1.6347	0.4672	
1.46	0.043	2.0341	-1.6949	0.923	
1.47	-0.045	2.3912	-1.4693	1.3397	
1.48	-0.1041	2.4412	-1.1462	1.8018	
1.49	-0.1254	2.6381	-0.7841	2.0839	
1.5	-0.1114	2.763	-0.3644	2.0481	
1.51	-0.0492	2.3758	-0.0617	2.4376	
1.52	0.052	2.3385	0.1821	1.9617	
1.53	0.1978	2.3495	0.3827	1.6652	
1.54	0.3841	2.5017	0.3956	1.2242	
1.55	0.5194	2.591	0.3527	0.8935	
1.56	0.7924	2.593	0.243	0.6294	
1.57	0.9202	2.1636	-0.0061	0.5411	
1.58	1.1302	2.1545	-0.2922	0.6345	
1.59	1.3693	2.0145	-0.5721	0.7796	
1.6	1.5364	2.0051	-0.823	1.1236	
1.61	2.0907	2.0586	-1.0946	1.4946	
1.62	1.9296	1.6301	-1.4268	2.2818	
1.63	2.0489	1.6625	-1.4443	2.4984	
1.64	2.5089	1.367	-1.2591	2.4865	
1.65	2.5099	1.0798	-1.1443	3.0117	
1.66	2.6902	1.0393	-0.9609	2.9063	
1.67	2.4433	0.8132	-0.5606	2.3792	
1.68	2.4341	0.6204	-0.2443	2.0406	
1.69	2.2665	0.4838	0.1154	1.6126	
1.7	2.29	0.294	0.3868	1.2194	
1.71	2.0966	0.1233	0.6956	0.9463	
1.72	2.0365	-0.0275	0.8433	0.9867	
1.73	1.8867	-0.1694	0.8352	0.9366	
1.74	1.7195	-0.2847	0.7787	1.2193	
1.75	1.6194	-0.3684	0.5201	1.6206	
1.76	1.4669	-0.5344	0.2878	1.9646	
1.77	1.3008	-0.5986	-0.045	2.733	
1.78	1.1311	-0.6496	-0.3855	2.9999	
1.79	0.9501	-0.6752	-0.7138	3.0525	
1.8	1.0462	-0.6202	-0.9276	2.9371	
1.81	0.9551	-0.6704	-0.9635	2.9486	
1.82	0.8724	-0.6288	-1.0225	2.5412	
1.83	1.0179	-0.6127	-0.9605	1.8733	
1.84	1.0747	-0.5229	-0.7544	1.648	
1.85	1.0798	-0.4196	-0.5353	1.2062	
1.86	1.3037	-0.375	-0.1966	1.076	
1.87	1.6115	-0.2853	0.1416	0.984	
1.88	1.6037	-0.1703	0.4478	1.084	
1.89	1.8699	-0.0677	0.7746	1.2112	
1.9	2.0536	0.0448	0.9219	1.8155	
1.91	2.0923	0.1727	1.0782	2.0424	
1.92	2.4655	0.2911	1.024	2.4135	
1.93	2.7746	0.4201	0.7663	2.586	
1.94	2.8622	0.4869	0.5995	2.574	
1.95	3.0986	0.6278	0.2693	2.6874	
1.96	2.8534	0.7115	-0.0561	2.2294	
1.97	2.7021	0.7202	-0.3865	2.0278	
1.98	2.9299	0.9009	-0.6656	1.6571	
1.99	2.9212	0.9818	-0.8375	1.1557	
2.0	2.7233	0.9489	-1.0834	0.7631	
2.01	2.6801	1.0963	-1.0295	0.5657	
2.02	2.5628	1.0148	-0.9584	0.6065	
2.03	2.0951	1.1117	-0.6788	0.7328	
2.04	2.1693	1.0714	-0.492	1.0053	
2.05	1.7665	1.0034	-0.1425	1.3448	
2.06	1.4984	0.9341	0.1873	1.8115	
2.07	1.4165	0.8534	0.4675	2.0337	
2.08	1.0877	0.801	0.6703	2.1685	
2.09	0.8968	0.8398	0.848	2.1749	
2.1	0.7606	0.7387	0.8839	2.0488	
2.11	0.6598	0.6489	0.7363	1.6982	
2.12	0.5299	0.5681	0.5773	1.2076	
2.13	0.513	0.4546	0.2476	0.7558	
2.14	0.4904	0.3814	-0.0625	0.3303	
2.15	0.4546	0.3073	-0.3852	0.0402	
2.16	0.5415	0.2859	-0.7803	-0.1119	
2.17	0.5554	0.2008	-1.1227	-0.0698	
2.18	0.6615	0.1363	-1.281	0.1442	
2.19	0.8129	0.0841	-1.2804	0.4443	
2.2	0.9802	0.0424	-1.3648	0.7991	
2.21	1.2223	0.0209	-1.1883	1.0896	
2.22	1.3217	0.0119	-0.9992	1.4907	
2.23	1.3067	0.0189	-0.6485	1.7024	
2.24	1.6817	0.0457	-0.3833	1.5305	
2.25	1.5839	0.0802	-0.1055	1.3102	
2.26	1.7699	0.1463	0.1629	0.7904	
2.27	1.64	0.2172	0.3251	0.4135	
2.28	1.8579	0.3194	0.4318	-0.0722	
2.29	1.6738	0.4337	0.4105	-0.4872	
2.3	1.5719	0.5265	0.2768	-0.6707	
2.31	1.5341	0.6971	0.0546	-0.768	
2.32	1.4196	0.7974	-0.2324	-0.6236	
2.33	1.3237	0.8873	-0.616	-0.4415	
2.34	1.08	1.2072	-0.8805	-0.0433	
2.35	0.9312	1.2373	-1.1721	0.3478	
2.36	0.7295	1.4582	-1.4507	0.7013	
2.37	0.4607	1.8176	-1.7295	0.8841	
2.38	0.2066	1.6853	-1.8801	0.9938	
2.39	-0.0382	2.1681	-1.6007	0.8473	
2.4	-0.2694	2.3126	-1.5883	0.5617	
2.41	-0.4891	2.2062	-1.3846	0.1722	
2.42	-0.6563	2.3745	-0.9245	-0.2625	
2.43	-0.7438	2.6037	-0.6359	-0.6725	
2.44	-0.7601	2.5675	-0.3606	-0.9479	
2.45	-0.9435	2.9815	-0.1239	-1.1641	
2.46	-0.8502	3.1148	0.0504	-1.1456	
2.47	-0.8911	3.2018	0.1142	-0.9523	
2.48	-0.9067	3.0107	0.0661	-0.7296	
2.49	-0.7369	3.2093	-0.0895	-0.2622	
2.5	-0.6043	3.1637	-0.3189	0.1441	
2.51	-0.4301	3.1138	-0.6966	0.4321	
2.52	-0.2946	3.0848	-0.9448	0.633	
2.53	-0.1253	3.0959	-1.2093	0.6511	
2.54	0.0379	2.5504	-1.5683	0.5107	
2.55	0.1916	2.5921	-1.7559	0.21	
2.56	0.3375	2.5234	-1.861	-0.1764	
2.57	0.4275	2.4071	-1.8591	-0.6366	
2.58	0.5802	2.1214	-1.7426	-1.0493	
2.59	0.64	2.1175	-1.704	-1.3276	
2.6	0.6762	1.8254	-1.3617	-1.1919	
2.61	0.6662	1.8164	-1.0136	-1.1201	
2.62	0.5607	1.7425	-0.6147	-0.9937	
2.63	0.4921	1.6021	-0.3145	-0.4889	
2.64	0.4092	1.3707	-0.0472	-0.0941	
2.65	0.2421	1.1582	0.0982	0.2923	
2.66	0.0873	0.9738	0.1512	0.6511	
2.67	-0.1086	0.8527	0.0956	0.8092	
2.68	-0.2782	0.69	-0.063	0.7656	
2.69	-0.5013	0.651	-0.3129	0.589	
2.7	-0.7744	0.5383	-0.6317	0.2807	
2.71	-0.845	0.4535	-0.8399	-0.1458	
2.72	-1.1375	0.3291	-1.1896	-0.54	
2.73	-1.2135	0.2887	-1.3625	-0.9055	
2.74	-1.3831	0.265	-1.6953	-1.0982	
2.75	-1.5035	0.2191	-1.5072	-0.9097	
2.76	-1.5377	0.2081	-1.5266	-0.7665	
2.77	-1.4737	0.2169	-1.3485	-0.5043	
2.78	-1.4074	0.2323	-1.0277	-0.04	
2.79	-1.2367	0.2684	-0.7645	0.4429	
2.8	-1.1322	0.3561	-0.3614	0.8701	
2.81	-1.0233	0.4005	-0.0305	1.0584	
2.82	-0.7712	0.4022	0.3181	1.221	
2.83	-0.5572	0.4882	0.5091	1.1648	
2.84	-0.3739	0.5586	0.6731	0.9246	
2.85	-0.1829	0.6221	0.6997	0.5707	
2.86	0.0413	0.7753	0.6317	0.1749	
2.87	0.2234	0.7983	0.4896	-0.1649	
2.88	0.4471	0.875	0.246	-0.4324	
2.89	0.5342	0.9386	-0.0347	-0.5109	
2.9	0.759	0.9147	-0.2908	-0.4238	
2.91	0.7436	0.9502	-0.5207	-0.2023	
2.92	0.8474	1.0031	-0.7844	0.1905	
2.93	0.8968	1.0453	-0.8831	0.6637	
2.94	0.895	1.0071	-0.8013	1.0921	
2.95	0.7963	1.1601	-0.6563	1.5667	
2.96	0.7999	1.1391	-0.5106	1.5273	
2.97	0.5613	1.0794	-0.1612	1.6175	
2.98	0.5205	1.0932	0.2228	1.6847	
2.99	0.3006	0.9934	0.5547	1.3331	
3.0	0.1547	0.8892	0.9475	0.9286	
3.01	-0.0081	0.7524	1.2418	0.5558	
3.02	-0.1842	0.648	1.399	0.207	
3.03	-0.3401	0.5026	1.5323	-0.0256	
3.04	-0.4822	0.4332	1.488	-0.0812	
3.05	-0.5105	0.2816	1.6708	0.05	
3.06	-0.5719	0.1806	1.2832	0.3236	
3.07	-0.684	0.0436	1.1292	0.8191	
3.08	-0.6277	-0.0901	0.7779	1.1003	
3.09	-0.5278	-0.2487	0.5365	1.4736	
3.1	-0.4813	-0.3566	0.3086	1.9457	
3.11	-0.367	-0.4814	0.1492	2.0252	
3.12	-0.2034	-0.6384	0.0833	2.1545	
3.13	-0.0444	-0.6261	0.1481	1.8925	
3.14	0.1473	-0.7416	0.2899	1.6151	
3.15	0.377	-0.933	0.6031	1.0453	
3.16	0.5517	-0.9435	0.8989	0.5897	
3.17	0.7805	-1.0333	1.163	0.3356	
3.18	1.0991	-0.9827	1.5951	0.1534	
3.19	1.2341	-1.052	2.0984	0.1391	
3.2	1.3195	-0.8747	2.1687	0.2956	
3.21	1.6653	-0.9842	2.3677	0.6335	
3.22	1.5388	-0.8675	2.4205	1.0284	
3.23	1.7092	-0.6966	2.3411	1.3588	
3.24	1.8456	-0.6286	2.4572	1.9474	
3.25	1.9539	-0.5106	1.8836	2.2114	
3.26	1.7308	-0.4275	1.6856	1.9216	
3.27	1.75	-0.303	1.5609	1.9378	
3.28	1.6793	-0.1366	1.2354	1.7851	
3.29	1.5002	0.0284	0.8976	1.1951	
3.3	1.3117	0.1899	0.813	0.7978	
3.31	1.1331	0.3513	0.748	0.3726	
3.32	0.7994	0.5336	0.8091	0.0938	
3.33	0.6239	0.8064	1.0871	-0.0679	
3.34	0.5477	0.8444	1.2537	-0.0336	
3.35	0.3362	1.1269	1.7048	0.1712	
3.36	0.2072	1.2585	1.8858	0.5199	
3.37	0.0701	1.4711	2.2975	0.9329	
3.38	-0.0162	1.433	2.5933	1.2787	
3.39	-0.0645	1.6489	2.6454	1.3921	
3.4	-0.0734	2.0292	3.1168	1.7142	
3.41	-0.0582	1.7799	2.8771	1.7585	
3.42	0.0068	2.1368	2.5801	1.5254	
3.43	0.1008	1.9524	2.4681	1.0907	
3.44	0.2438	2.3713	2.3111	0.6545	
3.45	0.4028	2.3152	1.8414	0.1531	
3.46	0.5507	2.4091	1.6385	-0.2481	
3.47	0.7602	2.2012	1.3741	-0.5714	
3.48	0.8245	2.0145	0.985	-0.6617	
3.49	1.05	1.9454	0.9424	-0.5323	
3.5	1.1157	1.9126	0.7944	-0.3132	
3.51	1.4157	2.0414	0.8486	0.0049	
3.52	1.5743	1.9802	0.9735	0.3499	
3.53	1.6833	2.0253	1.3757	0.765	
3.54	1.5664	1.8074	1.4905	1.0068	
3.55	1.5898	1.7082	1.7816	1.005	
3.56	1.7217	1.4469	2.2122	0.9552	
3.57	1.4433	1.5314	2.4563	0.6061	
3.58	1.3666	1.2953	2.6716	0.2194	
3.59	1.3436	1.258	2.4701	-0.2705	
3.6	1.0629	1.0944	2.5929	-0.6594	
3.61	0.9174	1.0413	2.4857	-1.2061	
3.62	0.6876	0.8393	2.1446	-1.419	
3.63	0.4384	0.8399	1.6065	-1.3811	
3.64	0.2347	0.7768	1.1756	-1.2916	
3.65	-0.0125	0.6666	0.8543	-0.9235	
3.66	-0.2336	0.6123	0.6307	-0.6723	
3.67	-0.4269	0.5619	0.3221	-0.2658	
3.68	-0.6111	0.5123	0.2	0.0529	
3.69	-0.7654	0.5721	0.1459	0.2166	
3.7	-0.9034	0.5188	0.2288	0.2396	
3.71	-0.9393	0.6003	0.3436	0.0652	
3.72	-1.0197	0.5723	0.6144	-0.2495	
3.73	-0.9849	0.6664	0.9547	-0.7493	
3.74	-1.0446	0.7265	1.1947	-1.1211	
3.75	-0.9399	0.7207	1.2731	-1.5929	
3.76	-0.8389	0.8036	1.5953	-1.8295	
3.77	-0.6683	0.9446	1.7278	-2.1724	
3.78	-0.5504	1.0769	1.6493	-2.0245	
3.79	-0.4133	0.9727	1.3397	-1.9978	
3.8	-0.2338	1.1269	1.2054	-1.468	
3.81	-0.1114	1.1361	0.8484	-1.1708	
3.82	0.0127	1.295	0.4499	-0.7239	
3.83	0.1111	1.2839	0.0932	-0.4483	
3.84	0.2213	1.3142	-0.2663	-0.3311	
3.85	0.2347	1.4116	-0.6327	-0.3535	
3.86	0.2859	1.5099	-0.7676	-0.532	
3.87	0.2611	1.5248	-0.9189	-0.8778	
3.88	0.18	1.6396	-0.9882	-1.4548	
3.89	0.0838	1.3802	-0.9287	-1.8713	
3.9	-0.0595	1.3532	-0.6816	-2.3714	
3.91	-0.2302	1.5382	-0.4557	-2.3804	
3.92	-0.459	1.3545	-0.1935	-2.6075	
3.93	-0.703	1.2127	0.0704	-2.3037	
3.94	-0.8901	1.2966	0.2842	-2.1928	
3.95	-1.0909	1.0504	0.4334	-1.7184	
3.96	-1.2388	1.0212	0.4842	-1.433	
3.97	-1.6349	0.8033	0.3635	-0.9357	
3.98	-1.8295	0.6077	0.2206	-0.61	
3.99	-2.0299	0.4943	-0.0721	-0.5097	
4.0	-2.1129	0.3253	-0.424	-0.6245	
4.01	-2.4418	0.1379	-0.84	-0.9334	
4.02	-2.464	-0.0372	-1.2943	-1.1484	
4.03	-2.2719	-0.234	-1.635	-1.7695	
4.04	-2.3835	-0.4081	-1.8471	-2.1394	
4.05	-2.5207	-0.5574	-1.9774	-2.194	
4.06	-2.5555	-0.7764	-1.9491	-2.4506	
4.07	-2.1735	-0.9128	-1.9499	-2.6482	
4.08	-2.217	-1.0805	-1.7337	-2.237	
4.09	-2.0141	-1.2573	-1.8354	-1.9535	
4.1	-1.7619	-1.2411	-1.5388	-1.3794	
4.11	-1.6738	-1.4737	-1.0304	-1.0476	
4.12	-1.3031	-1.521	-0.9134	-0.7338	
4.13	-1.1395	-1.7369	-0.6366	-0.5082	
4.14	-1.1181	-1.5522	-0.5237	-0.388	
4.15	-0.9355	-1.5494	-0.5255	-0.539	
4.16	-0.8872	-1.6845	-0.6035	-0.8148	
4.17	-0.7504	-1.6116	-0.7362	-1.2191	
4.18	-0.7074	-1.7943	-0.9495	-1.6456	
4.19	-0.6771	-1.4832	-1.2859	-1.9016	
4.2	-0.782	-1.4211	-1.8407	-2.0012	
4.21	-0.9053	-1.3678	-2.2949	-2.3282	
4.22	-0.9602	-1.3981	-2.4089	-1.9506	
4.23	-1.0217	-1.1885	-2.4857	-1.9596	
4.24	-1.218	-1.1451	-2.5065	-1.4771	
4.25	-1.4539	-0.9959	-2.8819	-0.8639	
4.26	-1.5409	-0.8188	-2.3691	-0.457	
4.27	-1.8242	-0.7625	-2.4325	-0.1611	
4.28	-1.9206	-0.5495	-2.3097	0.0449	
4.29	-1.9916	-0.3581	-1.928	0.0644	
4.3	-2.1818	-0.2634	-1.345	-0.0983	
4.31	-2.5862	-0.0943	-1.115	-0.3617	
4.32	-2.5638	0.0418	-0.9354	-0.7686	
4.33	-2.4697	0.1673	-0.9134	-1.1785	
4.34	-2.4482	0.2981	-0.7594	-1.5244	
4.35	-2.7702	0.3611	-0.9772	-1.6193	
4.36	-2.338	0.5319	-1.1514	-1.5901	
4.37	-2.5571	0.6137	-1.2793	-1.528	
4.38	-2.0906	0.6326	-1.6574	-1.1829	
4.39	-1.9734	0.6579	-1.9556	-0.7584	
4.4	-2.0213	0.7273	-2.223	-0.2392	
4.41	-1.8868	0.755	-2.5368	0.1937	
4.42	-1.4522	0.7111	-2.4435	0.5224	
4.43	-1.3963	0.7222	-2.9542	0.6446	
4.44	-1.0936	0.6631	-2.8511	0.5998	
4.45	-0.9072	0.7023	-2.2133	0.3649	
4.46	-0.673	0.5795	-2.1057	0.0083	
4.47	-0.5163	0.5516	-2.0	-0.3999	
4.48	-0.361	0.4714	-1.5665	-0.8195	
4.49	-0.2523	0.4059	-1.1942	-0.9644	
4.5	-0.1852	0.2799	-0.8691	-1.2363	
4.51	-0.1424	0.2407	-0.5347	-1.0768	
4.52	-0.1651	0.154	-0.4156	-0.8069	
4.53	-0.2212	0.0624	-0.4194	-0.5418	
4.54	-0.2933	-0.0174	-0.5166	-0.0965	
4.55	-0.3578	-0.0827	-0.7095	0.3364	
4.56	-0.5224	-0.1444	-1.0407	0.6618	
4.57	-0.6701	-0.1925	-1.1817	1.0047	
4.58	-0.8291	-0.2516	-1.4796	1.0154	
4.59	-1.0147	-0.2769	-1.9144	0.8153	
4.6	-1.2181	-0.2739	-2.0279	0.5878	
4.61	-1.2471	-0.3107	-2.0889	0.161	
4.62	-1.3913	-0.2708	-2.1003	-0.2592	
4.63	-1.6479	-0.2336	-1.8218	-0.5643	
4.64	-1.6542	-0.2318	-1.7445	-0.9323	
4.65	-1.4448	-0.1596	-1.378	-0.9751	
4.66	-1.4428	-0.0822	-0.8956	-0.8893	
4.67	-1.4857	0.0004	-0.5585	-0.6625	
4.68	-1.3877	0.1063	-0.2224	-0.2294	
4.69	-1.2374	0.1919	0.0579	0.163	
4.7	-1.2785	0.2996	0.2872	0.5183	
4.71	-1.0197	0.4586	0.3407	0.9226	
4.72	-0.7114	0.6172	0.3414	1.0317	
4.73	-0.5404	0.7282	0.2774	0.9446	
4.74	-0.3151	0.7909	0.0481	0.7103	
4.75	-0.109	0.8691	-0.2008	0.4233	
4.76	0.127	1.1642	-0.522	-0.032	
4.77	0.3025	1.0876	-0.8482	-0.512	
4.78	0.5188	1.2077	-0.939	-0.8369	
4.79	0.5818	1.5239	-1.1297	-1.0832	
4.8	0.7097	1.3861	-1.1346	-1.0411	
4.81	0.8793	1.5029	-1.1964	-1.0777	
4.82	0.9249	1.7175	-0.9044	-0.7119	
4.83	0.8158	1.7515	-0.7429	-0.3129	
4.84	0.7815	1.5316	-0.3513	0.0611	
4.85	0.7953	1.6586	0.0205	0.3696	
4.86	0.6895	1.6436	0.3921	0.631	
4.87	0.4826	1.7214	0.7136	0.6845	
4.88	0.3329	1.429	1.0747	0.5375	
4.89	0.1456	1.4938	1.0459	0.2773	
4.9	-0.049	1.2373	1.255	-0.1388	
4.91	-0.2321	1.1928	1.2563	-0.5616	
4.92	-0.4021	1.0944	0.9638	-1.1441	
4.93	-0.5765	0.972	0.7597	-1.5062	
4.94	-0.692	0.7469	0.4423	-1.7237	
4.95	-0.8143	0.5489	0.167	-1.6687	
4.96	-0.8999	0.4333	-0.1169	-1.3471	
4.97	-0.9114	0.2061	-0.3025	-1.0405	
4.98	-1.0678	0.0143	-0.4184	-0.7036	
4.99	-1.065	-0.1955	-0.5326	-0.352	
5.0	-0.8757	-0.3375	-0.393	-0.0622	
5.01	-0.8795	-0.6023	-0.2285	0.0967	
5.02	-0.6876	-0.6811	0.0554	0.0778	
5.03	-0.5614	-0.9246	0.3961	-0.1214	
5.04	-0.3825	-1.1713	0.8126	-0.5154	
5.05	-0.2278	-1.1637	1.1283	-0.8917	
5.06	-0.0297	-1.4872	1.3471	-1.3351	
5.07	0.1605	-1.4085	1.73	-1.867	
5.08	0.3335	-1.7295	1.7071	-2.0846	
5.09	0.446	-1.601	1.6766	-2.3677	
5.1	0.5359	-1.705	1.5633	-2.1569	
5.11	0.654	-1.7259	1.2433	-1.9125	
5.12	0.775	-1.8339	1.0721	-1.4941	
5.13	0.6703	-1.9184	0.7054	-1.1322	
5.14	0.7248	-2.0109	0.4193	-0.9359	
5.15	0.6735	-1.863	0.1185	-0.5683	
5.16	0.5451	-1.7343	-0.1105	-0.5144	
5.17	0.4185	-1.7287	-0.2288	-0.543	
5.18	0.2054	-1.6072	-0.2311	-0.8642	
5.19	0.03	-1.5395	-0.1364	-1.1691	
5.2	-0.1717	-1.4361	0.0469	-1.5805	
5.21	-0.41	-1.3678	0.3345	-1.9993	
5.22	-0.6967	-1.2006	0.6568	-2.3524	
5.23	-0.8562	-1.1683	0.9341	-2.789	
5.24	-1.1536	-1.066	1.3507	-2.7113	
5.25	-1.1983	-0.9346	1.3955	-2.4299	
5.26	-1.5152	-0.9423	1.5363	-2.3718	
5.27	-1.4996	-0.8318	1.8671	-1.9795	
5.28	-1.7559	-0.6841	1.6801	-1.4138	
5.29	-1.7302	-0.7057	1.3145	-1.0661	
5.3	-1.9605	-0.6405	1.1483	-0.9835	
5.31	-1.9966	-0.5179	0.7765	-0.9629	
5.32	-1.6877	-0.5344	0.4847	-0.9091	
5.33	-1.8168	-0.5445	0.1848	-1.3852	
5.34	-1.4419	-0.5286	-0.104	-1.5177	
5.35	-1.3157	-0.4978	-0.3148	-1.9387	
5.36	-1.2642	-0.5132	-0.4026	-2.5825	
5.37	-1.103	-0.578	-0.4481	-2.9325	
5.38	-0.9484	-0.6586	-0.3164	-3.1518	
5.39	-0.8363	-0.6569	-0.1038	-3.019	
5.4	-0.7018	-0.7602	0.1984	-2.5087	
5.41	-0.5893	-0.7878	0.4631	-2.4882	
5.42	-0.5139	-0.8288	0.7903	-1.9377	
5.43	-0.4328	-0.9846	1.1085	-1.4369	
5.44	-0.4015	-1.1338	1.1888	-1.2065	
5.45	-0.3742	-1.2345	1.314	-0.9133	
5.46	-0.4081	-1.3774	1.4131	-0.8177	
5.47	-0.5597	-1.4111	1.1424	-1.1223	
5.48	-0.6347	-1.4254	0.9945	-1.3215	
5.49	-0.7766	-1.5572	0.7197	-1.8349	
5.5	-0.9967	-1.6621	0.3561	-2.0553	
5.51	-1.1514	-1.7899	0.0353	-2.4587	
5.52	-1.2472	-1.5758	-0.2897	-2.6821	
5.53	-1.6177	-1.8574	-0.5851	-2.6003	
5.54	-1.6622	-1.6061	-0.6663	-2.6497	
5.55	-2.2009	-1.8638	-0.8126	-2.4422	
5.56	-2.0894	-1.6464	-0.812	-1.8047	
5.57	-2.5008	-1.6625	-0.6077	-1.391	
5.58	-2.7805	-1.7383	-0.3572	-1.067	
5.59	-2.4456	-1.6322	-0.0658	-0.6917	
5.6	-2.4713	-1.4393	0.2447	-0.4797	
5.61	-2.5825	-1.3426	0.5911	-0.5091	
5.62	-2.4757	-1.4046	0.8716	-0.7056	
5.63	-2.4875	-1.2756	1.0468	-1.0724	
5.64	-2.607	-0.9762	1.1065	-1.477	
5.65	-2.5622	-0.86	1.0139	-1.8011	
5.66	-2.2495	-0.7009	0.8377	-1.919	
5.67	-2.1929	-0.5719	0.6824	-2.2585	
5.68	-1.8648	-0.3377	0.3131	-2.2048	
5.69	-1.8049	-0.1935	-0.006	-2.0618	
5.7	-1.5152	-0.0188	-0.3514	-1.4211	
5.71	-1.2679	0.1627	-0.6979	-1.1277	
5.72	-1.1694	0.3414	-0.7953	-0.5802	
5.73	-1.114	0.4472	-0.9965	-0.2087	
5.74	-0.8726	0.5604	-1.0039	0.0743	
5.75	-0.7183	0.7711	-0.8966	0.177	
5.76	-0.7707	0.8932	-0.7328	0.1144	
5.77	-0.7102	0.9187	-0.4401	-0.0961	
5.78	-0.6802	1.072	-0.0945	-0.447	
5.79	-0.7748	1.0237	0.257	-0.7876	
5.8	-0.8307	1.168	0.5733	-1.2362	
5.81	-0.9795	1.1692	0.755	-1.3142	
5.82	-1.0634	1.1735	1.0369	-1.3408	
5.83	-1.1956	1.1061	1.0062	-1.4284	
5.84	-1.308	1.2476	1.007	-1.0579	
5.85	-1.6217	1.1908	0.723	-0.7266	
5.86	-1.7349	1.0338	0.583	-0.2224	
5.87	-2.0018	0.871	0.2398	0.2245	
5.88	-2.0447	0.792	-0.0731	0.597	
5.89	-2.0038	0.7338	-0.3768	0.7971	
5.9	-2.2589	0.5665	-0.6744	0.9521	
5.91	-2.306	0.4542	-0.7326	0.8079	
5.92	-2.2755	0.2995	-0.8661	0.4598	
5.93	-2.4554	0.1304	-0.7962	0.0991	
5.94	-2.1947	-0.017	-0.7309	-0.2897	
5.95	-2.1064	-0.1761	-0.4747	-0.5481	
5.96	-1.736	-0.3126	-0.111	-0.7953	
5.97	-1.8332	-0.5236	0.2536	-0.8836	
5.98	-1.3548	-0.6	0.5278	-0.7115	
5.99	-1.3843	-0.7562	0.8149	-0.3655	
6.0	-1.1228	-0.849	1.1313	0.0542	
6.01	-0.762	-0.9989	1.3022	0.5263	
6.02	-0.5218	-1.0206	1.2841	0.9182	
6.03	-0.3167	-1.3053	1.1902	1.1859	
6.04	-0.0929	-1.2797	1.0414	1.4075	
6.05	0.0949	-1.3389	0.8064	1.2041	
6.06	0.225	-1.5132	0.4581	1.2144	
6.07	0.3762	-1.2803	0.1845	0.745	
6.08	0.4093	-1.5284	-0.0994	0.3908	
6.09	0.5375	-1.4737	-0.3054	-0.0204	
6.1	0.464	-1.5019	-0.4221	-0.3039	
6.11	0.4226	-1.2638	-0.4629	-0.5402	
6.12	0.3903	-1.4011	-0.3702	-0.5095	
6.13	0.2791	-1.1857	-0.1763	-0.2836	
6.14	0.1927	-1.1163	0.1007	0.0361	
6.15	0.0433	-1.2183	0.4259	0.4547	
6.16	-0.1128	-1.0876	0.7484	0.9393	
6.17	-0.262	-0.9648	1.2293	1.136	
6.18	-0.3846	-0.8545	1.4007	1.3578	
6.19	-0.5253	-0.8249	1.6174	1.538	
6.2	-0.7058	-0.7253	1.6955	1.3418	
6.21	-0.8022	-0.7017	1.6863	1.0533	
6.22	-0.7575	-0.6903	1.7392	0.6456	
6.23	-0.7698	-0.6081	1.5029	0.2304	
6.24	-0.7667	-0.5987	1.0971	-0.1433	
6.25	-0.6696	-0.5563	0.769	-0.3964	
6.26	-0.692	-0.5234	0.4852	-0.5998	
6.27	-0.5008	-0.5982	0.2438	-0.5634	
6.28	-0.3852	-0.5564	0.034	-0.2782	
6.29	-0.1741	-0.6808	-0.0709	0.0422	
6.3	0.0476	-0.6746	-0.0593	0.4715	
6.31	0.2504	-0.7097	0.0551	0.8629	
6.32	0.4908	-0.7782	0.2549	1.2138	
6.33	0.7883	-1.0033	0.5459	1.3878	
6.34	1.0427	-1.0541	0.8372	1.309	
6.35	1.0443	-1.2875	1.1751	1.1029	
6.36	1.2907	-1.4364	1.5206	0.6257	
6.37	1.6095	-1.5872	1.8291	0.2309	
6.38	1.5673	-1.4893	1.8617	-0.2316	
6.39	1.7489	-1.6733	2.1823	-0.6714	
6.4	1.6301	-2.0575	1.7637	-0.9405	
6.41	1.629	-2.0674	1.8416	-0.9131	
6.42	1.7639	-1.9497	1.3743	-0.8228	
6.43	1.7433	-2.2923	1.1241	-0.633	
6.44	1.5011	-2.2172	0.8544	-0.2547	
6.45	1.2452	-2.4221	0.5075	0.146	
6.46	1.2	-2.7301	0.2617	0.4799	
6.47	1.0091	-2.8576	0.0744	0.7802	
6.48	0.8196	-2.535	-0.0124	0.8324	
6.49	0.6722	-2.8467	0.0083	0.6995	
6.5	0.4547	-2.8353	0.1494	0.4386	
6.51	0.2601	-2.6651	0.3481	0.0239	
6.52	0.1334	-2.6694	0.6321	-0.4462	
6.53	0.0105	-2.9268	0.8778	-0.8963	
6.54	-0.0834	-2.8918	1.182	-1.2416	
6.55	-0.1307	-2.8308	1.4025	-1.3686	
6.56	-0.1528	-2.8021	1.8877	-1.3696	
6.57	-0.126	-2.5561	1.6656	-1.3822	
6.58	-0.0554	-2.1389	1.6292	-0.9712	
6.59	0.0363	-2.2548	1.5969	-0.6034	
6.6	0.1493	-2.1188	1.4616	-0.2091	
6.61	0.2839	-1.7953	1.1012	0.135	
6.62	0.4718	-1.8344	0.7578	0.3263	
6.63	0.6222	-1.5722	0.3895	0.3157	
6.64	0.8002	-1.3357	0.0566	0.1662	
6.65	0.9804	-1.1652	-0.2229	-0.1546	
6.66	1.2014	-1.064	-0.4403	-0.5177	
6.67	1.2569	-0.8786	-0.5178	-1.0601	
6.68	1.4039	-0.7094	-0.431	-1.2876	
6.69	1.652	-0.5051	-0.3035	-1.8216	
6.7	1.5707	-0.3378	-0.1096	-1.7711	
6.71	1.6783	-0.1803	0.1741	-1.839	
6.72	1.5062	-0.055	0.4167	-1.5971	
6.73	1.5434	0.0577	0.6643	-1.0753	
6.74	1.3618	0.1595	0.9431	-0.6881	
6.75	1.2357	0.2356	1.061	-0.3398	
6.76	1.0707	0.2838	1.1623	-0.039	
6.77	0.9726	0.3184	0.9582	0.1173	
6.78	0.6982	0.3716	0.7794	0.0832	
6.79	0.5039	0.3587	0.568	-0.1144	
6.8	0.2366	0.3508	0.2108	-0.4182	
6.81	0.0264	0.3651	-0.1777	-0.8455	
6.82	-0.1988	0.2916	-0.6128	-1.2596	
6.83	-0.3914	0.2561	-0.972	-1.5004	
6.84	-0.5049	0.1677	-1.1901	-1.8961	
6.85	-0.6993	0.1058	-1.2168	-1.6931	
6.86	-0.7513	0.0162	-1.3678	-1.6158	
6.87	-0.8261	-0.0846	-1.362	-1.2544	
6.88	-0.8128	-0.1819	-1.2057	-1.0111	
6.89	-0.8416	-0.2738	-1.0287	-0.4827	
6.9	-0.8964	-0.3719	-0.7154	-0.1191	
6.91	-0.7982	-0.507	-0.4263	0.1791	
6.92	-0.5754	-0.5214	-0.134	0.2746	
6.93	-0.4474	-0.6482	0.0394	0.2053	
6.94	-0.3488	-0.8061	0.1239	0.0012	
6.95	-0.1444	-0.774	0.1205	-0.3532	
6.96	0.0107	-0.8746	-0.0027	-0.781	
6.97	0.1753	-0.9286	-0.212	-1.1269	
6.98	0.347	-0.9397	-0.5835	-1.4057	
6.99	0.4519	-1.0818	-0.9404	-1.596	
7.0	0.5161	-0.9109	-1.1775	-1.297	
7.01	0.6664	-0.9154	-1.7004	-1.2417	
7.02	0.6622	-0.981	-1.9618	-0.8396	
7.03	0.6209	-0.8873	-2.356	-0.3378	
7.04	0.6785	-0.918	-2.1804	0.1047	
7.05	0.5353	-0.7641	-2.2279	0.5092	
7.06	0.4606	-0.7833	-2.0454	0.6966	
7.07	0.3426	-0.6647	-1.8594	0.7611	
7.08	0.1514	-0.6422	-1.8943	0.7838	
7.09	-0.0259	-0.4699	-1.3857	0.4959	
7.1	-0.216	-0.4301	-1.1868	0.1191	
7.11	-0.4253	-0.2866	-0.9967	-0.2744	
7.12	-0.5988	-0.2054	-0.7643	-0.6042	
7.13	-0.8831	-0.1217	-0.6493	-0.7312	
7.14	-1.0578	-0.0334	-0.664	-0.8196	
7.15	-1.2176	0.0456	-0.7847	-0.6315	
7.16	-1.2575	0.1129	-1.0136	-0.4139	
7.17	-1.3681	0.1935	-1.3064	0.0379	
7.18	-1.5449	0.2394	-1.8181	0.551	
7.19	-1.3971	0.2417	-2.093	0.9302	
7.2	-1.3977	0.251	-2.6456	1.2868	
7.21	-1.3406	0.2759	-2.5906	1.587	
7.22	-1.3825	0.2661	-2.8589	1.5943	
7.23	-1.2041	0.2151	-3.068	1.3282	
7.24	-0.9827	0.1544	-2.8102	1.1842	
7.25	-0.7429	0.0928	-2.6341	0.6568	
7.26	-0.6021	0.0075	-2.2697	0.3426	
7.27	-0.3604	-0.1038	-2.2052	0.0714	
7.28	-0.1824	-0.226	-1.8272	-0.0883	
7.29	0.0192	-0.3709	-1.4351	-0.0628	
7.3	0.21	-0.4966	-1.1135	0.1392	
7.31	0.4024	-0.5991	-1.0514	0.4995	
7.32	0.4766	-0.7823	-0.9507	0.9317	
7.33	0.6031	-0.9789	-1.035	1.3612	
7.34	0.649	-1.2505	-0.9844	1.9714	
7.35	0.7427	-1.2365	-1.2192	2.2011	
7.36	0.7954	-1.5673	-1.601	2.4276	
7.37	0.7392	-1.6775	-1.8753	2.3227	
7.38	0.5925	-1.7738	-2.0213	1.908	
7.39	0.5438	-2.2239	-2.4312	1.7059	
7.4	0.3807	-2.0482	-2.786	1.3111	
7.41	0.2388	-2.3898	-2.8238	0.8539	
7.42	0.0918	-2.6732	-2.5267	0.6425	
7.43	-0.0715	-2.623	-2.7624	0.532	
7.44	-0.2348	-2.8607	-2.2582	0.6192	
7.45	-0.3541	-2.8667	-2.21	0.8085	
7.46	-0.478	-2.5964	-1.745	1.2683	
7.47	-0.6435	-2.5537	-1.2989	1.4828	
7.48	-0.6209	-2.7249	-0.872	2.0093	
7.49	-0.6554	-2.7551	-0.7309	2.5106	
7.5	-0.752	-2.9828	-0.4972	2.6267	
7.51	-0.6898	-2.7274	-0.4022	2.584	
7.52	-0.6532	-2.8441	-0.4155	2.3697	
7.53	-0.4962	-2.6489	-0.633	2.2207	
7.54	-0.3136	-2.6389	-0.8135	1.7008	
7.55	-0.1392	-2.3549	-0.9571	1.3435	
7.56	0.0755	-2.1822	-1.3099	1.0569	
7.57	0.2905	-2.1161	-1.5975	0.7587	
7.58	0.5963	-1.9001	-1.7974	0.7585	
7.59	0.7174	-1.8075	-1.8476	0.8516	
7.6	1.0282	-1.8273	-1.9839	1.0179	
7.61	1.1858	-1.3944	-2.0225	1.3994	
7.62	1.5925	-1.4646	-1.501	2.0007	
7.63	1.6755	-1.2226	-1.4416	2.4712	
7.64	1.8938	-1.0786	-0.926	2.5427	
7.65	1.9192	-0.9103	-0.5491	2.5494	
7.66	1.8252	-0.8288	-0.1864	2.7654	
7.67	2.0207	-0.7075	0.1545	2.5523	
7.68	2.0143	-0.6566	0.4555	1.9736	
7.69	2.182	-0.5677	0.6179	1.4653	
7.7	1.9973	-0.4671	0.6044	1.1703	
7.71	1.9697	-0.4213	0.5555	0.9033	
7.72	1.6071	-0.4005	0.4214	0.6565	
7.73	1.4328	-0.3555	0.209	0.5727	
7.74	1.3453	-0.3634	-0.0375	0.726	
7.75	1.3091	-0.3593	-0.2998	0.9993	
7.76	1.0289	-0.3567	-0.5476	1.4136	
7.77	1.0352	-0.4281	-0.7379	1.8121	
7.78	0.8779	-0.4511	-0.7577	2.155	
7.79	0.8049	-0.5259	-0.696	2.1076	
7.8	0.661	-0.5627	-0.6552	2.5842	
7.81	0.6416	-0.5668	-0.3419	2.0013	
7.82	0.6333	-0.6422	-0.0408	1.7644	
7.83	0.6897	-0.7237	0.3164	1.5697	
7.84	0.8349	-0.8665	0.7516	1.1163	
7.85	0.9144	-0.9924	1.0424	0.5775	
7.86	1.0442	-1.0485	1.5493	0.2806	
7.87	1.2693	-0.961	1.7322	0.1267	
7.88	1.5074	-1.011	1.7295	0.1159	
7.89	1.7227	-1.1355	1.6317	0.3042	
7.9	1.7704	-1.0718	1.7236	0.6314	
7.91	1.9464	-1.0748	1.602	1.0276	
7.92	2.3475	-1.081	1.3854	1.3984	
7.93	2.4369	-1.0665	1.0667	1.7048	
7.94	2.5326	-1.1866	0.709	1.7586	
7.95	2.7945	-1.1016	0.4408	1.664	
7.96	2.9145	-1.0111	0.3026	1.6829	
7.97	3.2046	-0.9674	0.2539	1.1958	
7.98	2.8036	-0.9265	0.274	0.8315	
7.99	2.7823	-0.7977	0.4655	0.2843	
8.0	2.6622	-0.6403	0.7676	-0.0999	
8.01	2.9477	-0.4909	1.0122	-0.3617	
8.02	2.7899	-0.3724	1.5226	-0.4851	
8.03	2.3692	-0.2383	1.7238	-0.3938	
8.04	2.1434	-0.0707	2.1707	-0.1667	
8.05	1.9276	0.0687	2.578	0.1701	
8.06	1.901	0.2376	2.3021	0.6136	
8.07	1.7788	0.4022	2.6775	0.9749	
8.08	1.5096	0.5149	2.5477	1.2477	
8.09	1.3436	0.6046	2.3209	1.3124	
8.1	1.1184	0.7586	1.9615	1.1488	
8.11	1.0649	0.9024	1.8313	0.8926	
8.12	0.8986	1.0088	1.4675	0.5744	
8.13	0.798	1.1587	1.1728	0.1261	
8.14	0.7858	1.2402	0.9967	-0.2818	
8.15	0.8967	1.1311	0.8078	-0.69	
8.16	0.8451	1.1793	0.7632	-0.7792	
8.17	0.901	1.2629	0.7421	-0.9643	
8.18	1.0181	1.2956	1.0301	-0.6923	
8.19	1.1632	1.3568	1.2482	-0.4357	
8.2	1.2828	1.2337	1.4065	-0.0352	
8.21	1.5195	1.0702	1.9017	0.403	
8.22	1.6183	0.9781	1.9575	0.7353	
8.23	1.8257	0.9191	2.2545	1.04	
8.24	2.1212	0.8729	2.8267	0.9811	
8.25	1.9397	0.8103	2.6291	0.8288	
8.26	2.1141	0.5741	2.9159	0.6241	
8.27	2.1153	0.4136	2.6573	0.1989	
8.28	2.2406	0.2939	2.2664	-0.1951	
8.29	2.3277	0.1079	2.0824	-0.559	
8.3	2.1862	-0.0704	1.8489	-0.8543	
8.31	2.0688	-0.2415	1.4111	-0.9707	
8.32	2.2685	-0.4243	0.9969	-0.8797	
8.33	2.147	-0.6268	0.7714	-0.641	
8.34	1.7317	-0.8173	0.6081	-0.3425	
8.35	1.5807	-0.9526	0.5408	0.1244	
8.36	1.2262	-0.999	0.5816	0.5526	
8.37	1.0492	-1.1885	0.7742	0.8889	
8.38	0.8843	-1.4548	1.0725	1.0578	
8.39	0.656	-1.4294	1.2022	1.028	
8.4	0.3913	-1.4151	1.6505	0.9997	
8.41	0.2089	-1.4759	2.0197	0.603	
8.42	0.0222	-1.5326	2.1174	0.2355	
8.43	-0.129	-1.6393	2.2187	-0.1519	
8.44	-0.2309	-1.5992	2.0882	-0.4602	
8.45	-0.3449	-1.8365	2.2198	-0.6836	
8.46	-0.3515	-1.7823	2.1334	-0.7608	
8.47	-0.3467	-1.6918	1.7034	-0.5836	
8.48	-0.3228	-1.6229	1.2948	-0.2234	
8.49	-0.207	-1.5316	1.0297	0.1946	
8.5	-0.1294	-1.535	0.5896	0.6719	
8.51	0.0144	-1.388	0.2451	1.1586	
8.52	0.1678	-1.3003	0.0034	1.2608	
8.53	0.3217	-1.2702	-0.1351	1.6348	
8.54	0.4637	-1.1578	-0.1937	1.5607	
8.55	0.5917	-1.0624	-0.0939	1.4192	
8.56	0.7565	-0.9764	0.0765	0.9919	
8.57	0.9028	-0.7806	0.3315	0.5445	
8.58	0.9589	-0.7626	0.6432	0.2375	
8.59	1.1219	-0.6241	0.8865	-0.0455	
8.6	1.0832	-0.6363	1.2325	-0.1725	
8.61	1.165	-0.4854	1.3752	-0.1373	
8.62	1.0456	-0.4713	1.2737	0.1043	
8.63	1.0078	-0.3845	1.5072	0.4418	
8.64	0.8643	-0.3743	1.2783	0.9219	
8.65	0.7069	-0.3565	1.0213	1.3242	
8.66	0.5815	-0.3202	0.7259	1.866	
8.67	0.4154	-0.3263	0.3766	2.1372	
8.68	0.2024	-0.3425	-0.031	2.0688	
8.69	-0.0163	-0.3836	-0.4176	1.9298	
8.7	-0.2192	-0.4222	-0.6384	1.9156	
8.71	-0.458	-0.5245	-0.9134	1.3563	
8.72	-0.6365	-0.5668	-0.9162	1.0144	
8.73	-0.7293	-0.6838	-1.0783	0.7562	
8.74	-0.878	-0.747	-0.7854	0.449	
8.75	-1.0327	-0.8277	-0.6574	0.3858	
8.76	-1.1528	-0.9327	-0.4097	0.5316	
8.77	-1.0702	-0.9787	-0.094	0.7394	
8.78	-1.0317	-0.9973	0.1839	1.1247	
8.79	-1.1035	-1.1325	0.4517	1.5436	
8.8	-0.8732	-1.1432	0.5574	1.8608	
8.81	-0.7685	-1.3919	0.7341	2.5118	
8.82	-0.5661	-1.3203	0.5751	2.5006	
8.83	-0.4717	-1.3032	0.4986	2.5836	
8.84	-0.2392	-1.4292	0.2519	2.5391	
8.85	-0.0295	-1.4877	-0.0865	2.0111	
8.86	0.1919	-1.4682	-0.442	1.6505	
8.87	0.3647	-1.622	-0.7179	1.2757	
8.88	0.5495	-1.4966	-1.1661	1.0312	
8.89	0.672	-1.3088	-1.3565	0.8076	
8.9	0.9038	-1.3003	-1.3674	0.817	
8.91	1.0566	-1.3362	-1.5563	0.8882	
8.92	0.9715	-1.1302	-1.4557	1.3514	
8.93	1.0992	-1.0437	-1.2272	1.5944	
8.94	1.1358	-0.9835	-0.9529	1.8976	
8.95	1.1158	-0.8174	-0.6745	2.2943	
8.96	0.9183	-0.6898	-0.4003	2.7013	
8.97	0.9146	-0.5418	-0.1234	2.9355	
8.98	0.6989	-0.2968	0.1319	2.5773	
8.99	0.5539	-0.1489	0.2815	2.6993	
9.0	0.3599	0.0456	0.3503	2.1709	
9.01	0.2029	0.2259	0.276	1.6785	
9.02	0.0554	0.4142	0.1211	1.2538	
9.03	-0.0926	0.5804	-0.1243	1.0507	
9.04	-0.2503	0.8771	-0.4405	0.7924	
9.05	-0.367	0.9879	-0.727	0.8372	
9.06	-0.4475	1.2442	-1.0125	0.9551	
9.07	-0.485	1.2369	-1.28	1.4028	
9.08	-0.4655	1.4917	-1.435	1.6766	
9.09	-0.4169	1.5972	-1.6908	2.2778	
9.1	-0.3768	1.5947	-1.6539	2.2772	
9.11	-0.2861	1.7532	-1.4949	2.7564	
9.12	-0.1193	1.9888	-1.1513	2.861	
9.13	0.0456	1.8452	-0.9346	2.4371	
9.14	0.2629	1.7651	-0.652	2.3183	
9.15	0.4354	2.0052	-0.2619	1.702	
9.16	0.6678	1.9512	0.0359	1.1717	
9.17	0.867	1.9172	0.2765	0.8057	
9.18	1.209	1.8162	0.4107	0.4791	
9.19	1.3287	1.6862	0.492	0.3463	
9.2	1.6113	1.5284	0.3669	0.3797	
9.21	1.8718	1.5154	0.2165	0.6201	
9.22	2.0663	1.3764	-0.0516	0.9854	
9.23	2.1377	1.3544	-0.3624	1.4497	
9.24	1.9453	1.2003	-0.6768	1.6835	
9.25	2.1444	0.9748	-1.0165	2.1208	
9.26	2.0926	0.8587	-1.1769	1.9452	
9.27	1.9154	0.7482	-1.4168	1.8547	
9.28	2.0732	0.7052	-1.4025	1.6783	
9.29	1.9355	0.5122	-1.419	1.2651	
9.3	1.6027	0.3833	-1.1916	0.8665	
9.31	1.3606	0.2646	-0.8574	0.4033	
9.32	1.3191	0.1666	-0.5488	0.0373	
9.33	1.2087	0.0758	-0.1894	-0.2156	
9.34	1.0539	-0.0059	0.1516	-0.3262	
9.35	0.7536	-0.0834	0.4186	-0.2145	
9.36	0.6546	-0.1385	0.6185	0.0258	
9.37	0.4976	-0.1672	0.8345	0.3713	
9.38	0.4421	-0.1881	0.7467	0.7085	
9.39	0.3813	-0.2292	0.658	1.0161	
9.4	0.435	-0.2365	0.4325	1.3661	
9.41	0.4521	-0.1806	0.1989	1.3183	
9.42	0.4666	-0.1822	-0.1165	1.2295	
9.43	0.5914	-0.1294	-0.4453	0.8902	
9.44	0.6744	-0.0708	-0.7137	0.4564	
9.45	0.8994	-0.0046	-0.8862	-0.0091	
9.46	0.9421	0.0687	-1.136	-0.4739	
9.47	1.2895	0.1371	-1.1493	-0.7575	
9.48	1.3662	0.2065	-0.9386	-0.926	
9.49	1.6199	0.3351	-0.6844	-0.9835	
9.5	1.8279	0.4105	-0.4704	-0.9096	
9.51	2.1117	0.4387	-0.1326	-0.6228	
9.52	2.2207	0.514	0.2343	-0.2059	
9.53	2.4045	0.6283	0.5057	0.1765	
9.54	2.4741	0.6061	0.7641	0.4798	
9.55	2.4145	0.7934	1.0157	0.6964	
9.56	2.5254	0.6972	0.9502	0.6905	
9.57	2.4053	0.802	0.9356	0.4226	
9.58	2.2907	0.7676	0.8088	0.1299	
9.59	2.0725	0.7201	0.546	-0.3013	
9.6	1.8354	0.6955	0.2593	-0.7051	
9.61	1.7769	0.677	-0.0686	-1.1488	
9.62	1.4829	0.7468	-0.4343	-1.3136	
9.63	1.2725	0.5855	-0.7034	-1.4626	
9.64	1.1991	0.5119	-0.8841	-1.6018	
9.65	0.8295	0.4745	-1.0229	-1.2	
9.66	0.7687	0.3343	-1.0402	-0.9813	
9.67	0.4773	0.2043	-0.8086	-0.5457	
9.68	0.3392	0.0849	-0.6127	-0.1305	
9.69	0.1593	-0.0519	-0.3022	0.1524	
9.7	0.033	-0.1754	-0.0054	0.269	
9.71	-0.0612	-0.3376	0.3112	0.2674	
9.72	-0.1027	-0.5184	0.6497	0.0293	
9.73	-0.1254	-0.6751	0.8153	-0.2967	
9.74	-0.0942	-0.7701	0.8389	-0.726	
9.75	-0.0354	-0.833	0.9606	-1.06	
9.76	0.056	-0.9613	0.8845	-1.3808	
9.77	0.182	-1.1194	0.5986	-1.6706	
9.78	0.2998	-1.2289	0.3141	-1.8193	
9.79	0.4411	-1.4441	-0.0353	-1.6098	
9.8	0.6611	-1.3806	-0.3916	-1.2152	
9.81	0.783	-1.3688	-0.6456	-0.9334	
9.82	0.9742	-1.5413	-0.9011	-0.3903	
9.83	1.0101	-1.6219	-1.193	-0.038	
9.84	1.1476	-1.5344	-1.1392	0.2175	
9.85	1.1859	-1.3222	-1.2265	0.3325	
9.86	1.1735	-1.4885	-1.1229	0.2411	
9.87	1.126	-1.4633	-0.8206	-0.0054	
9.88	1.1727	-1.2679	-0.5819	-0.3464	
9.89	1.0383	-1.2018	-0.2406	-0.8404	
9.9	0.851	-0.9849	0.0529	-1.1706	
9.91	0.7965	-0.9218	0.291	-1.4544	
9.92	0.6179	-0.6837	0.495	-1.6552	
9.93	0.3668	-0.5379	0.4985	-1.3272	
9.94	0.1258	-0.3747	0.5136	-1.2743	
9.95	-0.1166	-0.2251	0.3337	-0.8741	
9.96	-0.3899	-0.0274	0.0687	-0.4186	
9.97	-0.5645	0.143	-0.2495	0.0324	
9.98	-0.8997	0.3123	-0.6248	0.381	
9.99	-1.0522	0.5594	-0.9191	0.5942	
10.0	-1.316	0.687	-1.1881	0.6957	
10.01	-1.3182	0.8807	-1.4837	0.5101	
10.02	-1.4958	1.0937	-1.5228	0.2734	
10.03	-1.5383	1.1096	-1.8843	-0.1066	
10.04	-1.5033	1.3704	-1.7107	-0.5171	
10.05	-1.6533	1.396	-1.3758	-0.7805	
10.06	-1.6221	1.6227	-1.1131	-0.9632	
10.07	-1.5741	1.807	-0.986	-1.1295	
10.08	-1.3043	1.6602	-0.6705	-0.9954	
10.09	-1.3283	1.8172	-0.3301	-0.6589	
10.1	-1.041	1.895	-0.097	-0.2449	
10.11	-0.9289	1.7197	0.0379	0.2469	
10.12	-0.766	1.9888	0.0676	0.6122	
10.13	-0.6614	1.7494	-0.0134	1.0278	
10.14	-0.5363	1.7197	-0.1992	1.1315	
10.15	-0.3995	1.8304	-0.4382	1.2425	
10.16	-0.2692	1.5408	-0.7967	0.8854	
10.17	-0.2038	1.7252	-1.0792	0.6022	
10.18	-0.1438	1.6077	-1.5121	0.2678	
10.19	-0.1599	1.5198	-1.5964	-0.1471	
10.2	-0.1675	1.3553	-1.9643	-0.436	
10.21	-0.2568	1.2935	-2.077	-0.6157	
