0.01	0.2948	0.6659	0.1966	0.1628	
0.02	0.6786	1.1725	0.3657	0.3556	
0.03	0.9913	0.9701	0.5382	0.4659	
0.04	1.1751	0.3283	0.8201	0.6185	
0.05	1.6482	-0.3292	0.9445	0.763	
0.06	1.696	-0.7671	0.9623	0.9103	
0.07	1.987	-0.6598	1.1674	1.0807	
0.08	2.0685	-0.0044	1.3512	1.0843	
0.09	2.5234	0.7787	1.2269	1.3858	
0.1	2.3232	1.2485	1.4877	1.3357	
0.11	2.6923	1.4686	1.2921	1.5471	
0.12	2.7344	0.9294	1.3477	1.6566	
0.13	2.8764	0.272	1.24	1.7342	
0.14	2.9939	-0.2674	1.2158	1.8444	
0.15	2.9802	-0.4341	1.0869	1.9408	
0.16	2.9166	0.0123	1.0263	1.7138	
0.17	2.9374	0.7609	0.8703	2.02	
0.18	2.904	1.4275	0.8078	1.9128	
0.19	2.5028	1.6241	0.6337	1.7484	
0.2	2.6096	1.3914	0.4652	1.8404	
0.21	2.3837	0.8713	0.3463	1.9241	
0.22	1.9594	0.2176	0.2603	1.7752	
0.23	1.9115	-0.1178	0.1438	1.7875	
0.24	1.4826	0.0693	0.0644	1.6685	
0.25	1.2423	0.7451	0.0046	1.6372	
0.26	0.9864	1.4603	-0.0388	1.5691	
0.27	0.683	2.0173	-0.0551	1.6122	
0.28	0.4353	1.953	-0.0412	1.4401	
0.29	0.1708	1.3329	0.002	1.3144	
0.3	-0.0796	0.6786	0.0632	1.379	
0.31	-0.356	0.2392	0.1643	1.1602	
0.32	-0.5912	0.1937	0.3017	1.0683	
0.33	-0.7737	0.644	0.3954	0.9617	
0.34	-1.0408	1.4605	0.531	0.9676	
0.35	-1.292	2.2248	0.7521	0.7798	
0.36	-1.3678	2.0372	0.8815	0.6635	
0.37	-1.5844	1.9565	1.1672	0.6114	
0.38	-1.5769	1.2577	1.3541	0.5602	
0.39	-1.9179	0.6557	1.4088	0.4721	
0.4	-2.0532	0.3617	1.5493	0.3466	
0.41	-2.0115	0.6253	1.7978	0.3053	
0.42	-2.0573	1.2883	2.0903	0.2418	
0.43	-2.0873	2.0446	2.0518	0.16	
0.44	-2.1494	2.2905	2.1728	0.1192	
0.45	-1.9126	2.4945	2.4907	0.0873	
0.46	-1.8827	1.7054	2.3524	0.0566	
0.47	-1.9558	1.0843	2.4411	0.0392	
0.48	-1.6559	0.559	2.3782	0.0289	
0.49	-1.6728	0.5588	2.5756	0.0284	
0.5	-1.5158	1.0343	2.1305	0.034	
0.51	-1.3942	2.0015	2.1174	0.0495	
0.52	-1.3176	2.1919	1.9302	0.0677	
0.53	-1.0914	2.8058	2.0768	0.0934	
0.54	-0.8929	2.081	1.7985	0.1326	
0.55	-0.75	1.595	1.7003	0.1914	
0.56	-0.6212	0.7929	1.5499	0.2297	
0.57	-0.4903	0.6728	1.3268	0.2695	
0.58	-0.3601	0.8602	1.2505	0.3162	
0.59	-0.2529	1.5224	1.1669	0.3649	
0.6	-0.0931	2.137	0.9722	0.408	
0.61	0.0245	2.8218	0.8168	0.4629	
0.62	0.1508	2.6434	0.8282	0.5605	
0.63	0.2464	1.7314	0.634	0.6766	
0.64	0.3487	1.2003	0.5981	0.7155	
0.65	0.4379	0.7107	0.5594	0.6732	
0.66	0.5343	0.8391	0.6059	0.7671	
0.67	0.512	1.2027	0.5869	0.7533	
0.68	0.5539	2.1373	0.7246	0.8512	
0.69	0.6623	2.7305	0.7751	0.8838	
0.7	0.6086	2.4014	0.9426	0.9097	
0.71	0.6657	1.9572	0.9009	0.923	
0.72	0.7562	1.4867	1.0422	0.9014	
0.73	0.6869	0.7798	1.3827	0.9518	
0.74	0.7305	0.6862	1.3664	0.9809	
0.75	0.7197	1.0325	1.508	0.8588	
0.76	0.7001	1.7301	1.655	0.8056	
0.77	0.6671	2.1946	2.021	0.7579	
0.78	0.6997	2.6388	1.9515	0.7606	
0.79	0.6283	2.4488	2.3053	0.6892	
0.8	0.6332	1.6759	2.1008	0.6699	
0.81	0.6495	0.9573	2.3598	0.6037	
0.82	0.5409	0.5762	2.6908	0.4977	
0.83	0.5918	0.768	2.3345	0.409	
0.84	0.5277	1.39	2.5328	0.3591	
0.85	0.557	2.1046	2.5661	0.252	
0.86	0.6009	2.2875	2.2135	0.1575	
0.87	0.5172	2.4151	2.6104	0.062	
0.88	0.6179	1.9561	2.1185	-0.0339	
0.89	0.5336	1.1759	2.1046	-0.1354	
0.9	0.6142	0.5971	2.1732	-0.2424	
0.91	0.6059	0.4646	1.9062	-0.3128	
0.92	0.6263	0.8177	1.7335	-0.4485	
0.93	0.5789	1.5071	1.3826	-0.5715	
0.94	0.6412	2.198	1.2623	-0.6477	
0.95	0.6825	2.2083	1.0877	-0.6854	
0.96	0.7036	2.2485	0.9147	-0.7389	
0.97	0.6728	1.4508	0.7749	-0.8161	
0.98	0.6836	0.6487	0.7053	-0.8428	
0.99	0.6523	0.2792	0.5626	-0.9135	
1.0	0.6803	0.4678	0.3717	-1.0207	
1.01	0.6043	1.0202	0.3403	-1.1171	
1.02	0.6136	1.7878	0.2639	-1.0145	
1.03	0.5551	2.2521	0.1988	-1.0656	
1.04	0.4463	2.1529	0.2019	-1.1322	
1.05	0.4441	1.4085	0.2229	-1.0886	
1.06	0.3834	0.748	0.2688	-1.0129	
1.07	0.2963	0.1952	0.3511	-0.8556	
1.08	0.1886	0.1183	0.4136	-0.8888	
1.09	0.0794	0.5366	0.5132	-0.8249	
1.1	-0.0239	1.1745	0.6098	-0.7396	
1.11	-0.1332	1.9519	0.7699	-0.6999	
1.12	-0.2717	1.7827	0.9362	-0.4807	
1.13	-0.3519	1.5083	1.1787	-0.4371	
1.14	-0.5278	0.8857	1.1664	-0.3247	
1.15	-0.6802	0.181	1.3488	-0.1579	
1.16	-0.7576	-0.133	1.6287	-0.0247	
1.17	-0.9481	0.0971	1.4565	0.1283	
1.18	-0.9264	0.7738	1.8279	0.2918	
1.19	-1.1783	1.2631	1.6867	0.4058	
1.2	-1.148	1.7414	1.8553	0.5644	
1.21	-1.2074	1.4429	1.8057	0.784	
1.22	-1.3982	0.9528	1.8443	0.9686	
1.23	-1.4418	0.2309	1.7345	1.0341	
1.24	-1.3521	-0.2721	1.8467	1.261	
1.25	-1.5125	-0.2794	1.6107	1.4766	
1.26	-1.4816	0.2248	1.4575	1.4767	
1.27	-1.3682	0.9265	1.4527	1.8053	
1.28	-1.4969	1.317	1.0695	1.6321	
1.29	-1.4064	1.6081	0.9283	1.9141	
1.3	-1.3911	1.1434	0.8175	2.2333	
1.31	-1.3397	0.3354	0.6321	2.3057	
1.32	-1.1829	-0.2977	0.4519	2.4791	
1.33	-1.1625	-0.5889	0.2271	2.3208	
1.34	-0.98	-0.2428	0.0654	2.396	
1.35	-0.853	0.4146	-0.1029	2.3766	
1.36	-0.6531	1.0701	-0.2603	2.646	
1.37	-0.5141	1.4	-0.3874	2.3672	
1.38	-0.309	1.1822	-0.5045	2.7237	
1.39	-0.1556	0.443	-0.5874	2.8838	
1.4	0.0161	-0.2223	-0.5968	2.687	
1.41	0.2085	-0.6458	-0.606	2.5581	
1.42	0.3945	-0.6319	-0.5572	2.3963	
1.43	0.5935	-0.0984	-0.5793	2.4241	
1.44	0.7425	0.6521	-0.5461	2.3932	
1.45	0.8143	1.1263	-0.4049	2.2413	
1.46	0.9781	1.1413	-0.3151	2.6086	
1.47	1.2008	0.6311	-0.224	2.3009	
1.48	1.4038	-0.1055	-0.0685	2.2494	
1.49	1.4971	-0.677	0.0801	2.2675	
1.5	1.5965	-0.8212	0.2435	1.9844	
1.51	1.4533	-0.518	0.3917	1.9807	
1.52	1.4811	0.1769	0.4882	1.7886	
1.53	1.546	0.7694	0.6033	1.8141	
1.54	1.5687	0.9878	0.8218	1.6544	
1.55	1.4826	0.7333	0.9634	1.5168	
1.56	1.5784	0.1063	1.0332	1.3609	
1.57	1.4006	-0.6204	1.137	1.5048	
1.58	1.4516	-1.0619	1.149	1.2982	
1.59	1.3512	-0.7919	1.0963	1.1969	
1.6	1.204	-0.2585	1.1313	1.2024	
1.61	1.1403	0.4242	1.0677	1.1145	
1.62	0.8865	0.9967	0.8989	0.92	
1.63	0.7252	0.9244	0.7929	0.8686	
1.64	0.6068	0.3698	0.7112	0.762	
1.65	0.3972	-0.4168	0.6502	0.822	
1.66	0.266	-0.9287	0.4338	0.6927	
1.67	0.0717	-1.0182	0.2977	0.6641	
1.68	-0.0965	-0.6777	0.1228	0.746	
1.69	-0.2953	0.0894	-0.0474	0.6286	
1.7	-0.4326	0.7623	-0.2069	0.6451	
1.71	-0.5479	0.8142	-0.3964	0.6203	
1.72	-0.6708	0.5472	-0.58	0.5953	
1.73	-0.8416	-0.1195	-0.6486	0.7046	
1.74	-0.9281	-0.7483	-0.813	0.7042	
1.75	-1.0396	-1.1378	-0.9453	0.686	
1.76	-1.0288	-0.8441	-0.899	0.8011	
1.77	-1.2883	-0.2689	-1.0463	0.739	
1.78	-1.1894	0.4952	-0.9352	0.9202	
1.79	-1.1599	0.8897	-1.0923	0.9694	
1.8	-1.1593	0.8308	-0.9395	0.8831	
1.81	-1.2184	0.235	-0.8252	0.925	
1.82	-1.0652	-0.5468	-0.7452	1.0003	
1.83	-1.1367	-0.9669	-0.6296	1.0322	
1.84	-1.0116	-1.0448	-0.5561	1.1584	
1.85	-0.9481	-0.5852	-0.407	1.1575	
1.86	-0.8432	0.1752	-0.2496	1.258	
1.87	-0.6119	0.8089	-0.0595	1.3089	
1.88	-0.5105	0.9494	0.1223	1.4181	
1.89	-0.3747	0.5167	0.3046	1.4953	
1.9	-0.2696	-0.1311	0.4883	1.3182	
1.91	-0.0947	-0.804	0.5836	1.4136	
1.92	0.0512	-1.0299	0.6876	1.5413	
1.93	0.1893	-0.8032	0.9272	1.285	
1.94	0.321	-0.0617	0.9945	1.4801	
1.95	0.4585	0.6112	0.9521	1.4425	
1.96	0.6365	1.0882	1.0197	1.4147	
1.97	0.7523	0.9258	1.0899	1.4582	
1.98	0.8039	0.2853	1.1604	1.2805	
1.99	0.9288	-0.4384	1.1171	1.306	
2.0	0.9575	-0.9031	1.0449	1.1967	
2.01	1.0111	-0.8709	0.8765	1.0893	
2.02	0.9531	-0.305	0.7845	1.0156	
2.03	1.0295	0.4203	0.702	0.9687	
2.04	0.9553	1.0524	0.5717	0.8135	
2.05	0.9994	1.1569	0.3543	0.8364	
2.06	0.8951	0.7209	0.2539	0.6401	
2.07	0.7838	-0.0222	0.0824	0.5339	
2.08	0.7208	-0.5851	-0.0675	0.4533	
2.09	0.5479	-0.7724	-0.209	0.3605	
2.1	0.4253	-0.4553	-0.3401	0.2628	
2.11	0.3419	0.2438	-0.3912	0.1212	
2.12	0.2057	1.0068	-0.5533	0.0238	
2.13	0.041	1.1734	-0.5539	-0.0903	
2.14	-0.1158	1.0779	-0.6616	-0.1855	
2.15	-0.2567	0.3914	-0.6695	-0.3134	
2.16	-0.4574	-0.2486	-0.589	-0.4024	
2.17	-0.5197	-0.6769	-0.58	-0.4229	
2.18	-0.7742	-0.5045	-0.4748	-0.5531	
2.19	-0.7994	0.0855	-0.3895	-0.6417	
2.2	-0.8902	0.8872	-0.2594	-0.736	
2.21	-0.974	1.45	-0.1381	-0.6631	
2.22	-1.0494	1.2936	0.0298	-0.8459	
2.23	-1.2121	0.9462	0.2162	-0.7384	
2.24	-1.1996	0.17	0.4154	-0.8647	
2.25	-1.3823	-0.3411	0.5576	-0.865	
2.26	-1.416	-0.5173	0.8088	-0.7398	
2.27	-1.3017	-0.0724	0.9653	-0.8422	
2.28	-1.1958	0.6224	1.0526	-0.7829	
2.29	-1.2379	1.2605	1.2328	-0.7872	
2.3	-1.2623	1.4774	1.524	-0.6143	
2.31	-1.0121	1.2878	1.498	-0.6021	
2.32	-0.9723	0.624	1.5525	-0.551	
2.33	-0.737	-0.0314	1.8444	-0.4087	
2.34	-0.7106	-0.3428	1.8293	-0.2881	
2.35	-0.5025	-0.1477	1.661	-0.2128	
2.36	-0.3193	0.4203	1.6602	-0.0775	
2.37	-0.1349	1.202	1.7887	0.0458	
2.38	0.0552	1.6917	1.5712	0.1802	
2.39	0.2262	1.6237	1.635	0.2979	
2.4	0.4311	1.0049	1.4187	0.4519	
2.41	0.6726	0.3703	1.2905	0.6289	
2.42	0.8114	-0.1563	1.2693	0.8472	
2.43	0.9865	-0.2082	1.0646	0.9828	
2.44	1.1434	0.2643	0.8196	0.9957	
2.45	1.412	1.0186	0.6797	1.2842	
2.46	1.5582	1.6168	0.5802	1.4181	
2.47	1.6306	1.6579	0.4864	1.4059	
2.48	1.6103	1.361	0.3146	1.6914	
2.49	1.6275	0.8115	0.238	1.9303	
2.5	1.8485	0.1334	0.1523	2.0579	
2.51	1.67	-0.1499	0.1043	1.8444	
2.52	1.9654	0.1143	0.0778	2.1232	
2.53	1.6957	0.8103	0.0713	2.3013	
2.54	1.8296	1.5134	0.1072	2.1291	
2.55	1.6517	1.7087	0.169	2.362	
2.56	1.6778	1.773	0.2343	2.5952	
2.57	1.4267	1.2385	0.3698	2.5732	
2.58	1.2724	0.4593	0.485	2.7866	
2.59	1.1387	-0.0284	0.6207	2.7193	
2.6	1.1494	-0.0154	0.7975	2.7876	
2.61	0.8864	0.4755	0.8969	2.5092	
2.62	0.6488	1.2795	1.0543	2.5088	
2.63	0.4886	1.8124	1.2672	2.6804	
2.64	0.2909	1.9992	1.3557	2.5803	
2.65	0.069	1.3845	1.7708	2.3554	
2.66	-0.1451	0.7816	1.8053	2.2623	
2.67	-0.3762	0.1475	2.0966	2.2537	
2.68	-0.5679	-0.0877	1.8621	2.3353	
2.69	-0.7797	0.2087	2.2888	2.3375	
2.7	-0.9246	0.8073	2.3949	2.1873	
2.71	-1.1062	1.6482	2.1303	1.872	
2.72	-1.3212	1.9758	2.3605	1.9582	
2.73	-1.3412	1.752	2.4091	1.8673	
2.74	-1.4687	1.0944	2.3855	1.5965	
2.75	-1.6508	0.3326	2.2713	1.5828	
2.76	-1.744	-0.0919	2.1657	1.4555	
2.77	-1.7148	-0.0181	1.8534	1.386	
2.78	-1.9843	0.4984	1.9299	1.3784	
2.79	-1.7184	1.2571	1.7178	1.1479	
2.8	-1.7899	1.9239	1.3227	1.1747	
2.81	-1.6863	1.683	1.3971	1.0795	
2.82	-1.6207	1.2857	1.055	0.9685	
2.83	-1.6807	0.5436	1.0252	0.7689	
2.84	-1.4855	-0.04	0.7362	0.801	
2.85	-1.582	-0.2054	0.6412	0.7121	
2.86	-1.2688	0.13	0.5254	0.5523	
2.87	-1.363	0.8926	0.4047	0.5668	
2.88	-1.0164	1.314	0.3465	0.518	
2.89	-0.9853	1.5588	0.2966	0.4424	
2.9	-0.8489	1.3153	0.225	0.4201	
2.91	-0.647	0.7866	0.2389	0.4518	
2.92	-0.5167	0.0414	0.2333	0.437	
2.93	-0.343	-0.3323	0.3134	0.3874	
2.94	-0.1414	-0.2127	0.3279	0.4427	
2.95	0.0041	0.3069	0.4706	0.4627	
2.96	0.1443	0.9897	0.5612	0.4235	
2.97	0.2906	1.3693	0.6416	0.4566	
2.98	0.4514	1.5013	0.8173	0.5596	
2.99	0.5551	0.9578	0.9742	0.514	
3.0	0.7209	0.1562	1.2278	0.5956	
3.01	0.7157	-0.4721	1.281	0.6841	
3.02	0.9123	-0.5241	1.4988	0.6751	
3.03	0.8916	-0.14	1.4973	0.6921	
3.04	0.944	0.5256	1.5888	0.8558	
3.05	1.1768	1.1631	1.8699	0.8778	
3.06	1.0935	1.3395	1.903	0.8346	
3.07	1.1096	1.0386	1.8029	0.8825	
3.08	1.1006	0.2575	2.0466	1.018	
3.09	1.0652	-0.4599	1.7895	0.939	
3.1	1.2284	-0.7389	1.9982	1.0832	
3.11	1.0189	-0.6676	1.7484	0.9877	
3.12	1.129	-0.0322	1.8334	1.1314	
3.13	1.0068	0.6576	1.7482	0.9469	
3.14	0.938	1.046	1.6522	0.944	
3.15	0.9325	0.9586	1.354	0.9928	
3.16	0.9589	0.3061	1.1064	0.9884	
3.17	0.8101	-0.456	0.9236	0.9361	
3.18	0.8397	-1.0097	0.765	0.9544	
3.19	0.7588	-1.0782	0.5538	0.8238	
3.2	0.6943	-0.5729	0.4296	0.8936	
3.21	0.625	0.0807	0.2303	0.8416	
3.22	0.5795	0.6175	0.0583	0.6437	
3.23	0.5853	0.6952	-0.1011	0.6043	
3.24	0.4824	0.3258	-0.2288	0.5281	
3.25	0.4907	-0.3755	-0.3446	0.4309	
3.26	0.4817	-1.1355	-0.521	0.301	
3.27	0.4628	-1.2724	-0.5435	0.2153	
3.28	0.4276	-1.0557	-0.5921	0.1081	
3.29	0.3463	-0.5202	-0.671	0.0007	
3.3	0.3591	0.1396	-0.6374	-0.1058	
3.31	0.3126	0.455	-0.6164	-0.2301	
3.32	0.2729	0.2441	-0.541	-0.3886	
3.33	0.2665	-0.3684	-0.4534	-0.5091	
3.34	0.2429	-1.06	-0.3116	-0.5348	
3.35	0.1824	-1.4833	-0.2105	-0.6871	
3.36	0.1442	-1.4606	-0.08	-0.8239	
3.37	0.1131	-1.1009	0.0471	-0.9026	
3.38	0.0659	-0.4571	0.1665	-0.9597	
3.39	0.0135	0.0804	0.2944	-1.1873	
3.4	-0.0454	0.1168	0.4207	-1.188	
3.41	-0.0975	-0.355	0.5302	-1.3689	
3.42	-0.1616	-1.1505	0.6638	-1.4034	
3.43	-0.233	-1.8329	0.6775	-1.3329	
3.44	-0.312	-1.9798	0.7492	-1.3298	
3.45	-0.4523	-1.7025	0.8212	-1.4843	
3.46	-0.5392	-1.0141	0.8275	-1.3257	
3.47	-0.6191	-0.3683	0.804	-1.375	
3.48	-0.6684	-0.1317	0.6286	-1.5515	
3.49	-0.8972	-0.4222	0.562	-1.4601	
3.5	-0.9884	-0.9499	0.4669	-1.3159	
3.51	-0.9808	-1.8444	0.329	-1.4301	
3.52	-1.1725	-2.1732	0.2093	-1.2708	
3.53	-1.2882	-2.0512	0.0183	-1.2055	
3.54	-1.4216	-1.5882	-0.1661	-1.1767	
3.55	-1.3802	-0.9164	-0.3361	-1.0628	
3.56	-1.4917	-0.4663	-0.5477	-0.9409	
3.57	-1.6698	-0.429	-0.7326	-0.7977	
3.58	-1.7178	-0.9587	-0.9896	-0.6875	
3.59	-1.7528	-1.6327	-1.0608	-0.5406	
3.6	-1.5207	-2.1655	-1.3541	-0.402	
3.61	-1.8179	-2.4537	-1.5103	-0.2673	
3.62	-1.7849	-2.193	-1.5318	-0.1386	
3.63	-1.716	-1.5191	-1.7351	-0.0038	
3.64	-1.7272	-0.8914	-1.9434	0.1502	
3.65	-1.4044	-0.6812	-1.776	0.2824	
3.66	-1.5046	-1.0213	-1.9156	0.4424	
3.67	-1.2832	-1.6837	-1.755	0.5895	
3.68	-1.2858	-2.1287	-1.8326	0.7481	
3.69	-1.0828	-2.4681	-1.7899	0.7877	
3.7	-0.8186	-2.6777	-1.9473	0.9521	
3.71	-0.7198	-2.088	-1.6097	0.9993	
3.72	-0.4744	-1.3259	-1.4598	1.2771	
3.73	-0.2943	-0.9147	-1.3794	1.245	
3.74	-0.0569	-0.8453	-1.3536	1.4259	
3.75	0.1728	-1.4908	-1.1322	1.5993	
3.76	0.4085	-2.3879	-1.0208	1.5291	
3.77	0.6326	-2.7345	-0.9208	1.706	
3.78	0.8821	-2.5916	-0.7509	1.8409	
3.79	1.2252	-2.1994	-0.6339	1.8376	
3.8	1.274	-1.8317	-0.6069	1.6351	
3.81	1.7462	-1.0315	-0.511	1.6827	
3.82	1.643	-0.9148	-0.4776	1.632	
3.83	2.1436	-1.2015	-0.4081	1.8907	
3.84	1.9788	-1.9986	-0.4869	1.8213	
3.85	2.1811	-2.6649	-0.4654	1.5453	
3.86	2.6617	-3.0768	-0.5243	1.5872	
3.87	2.5301	-2.9372	-0.598	1.5863	
3.88	2.7622	-2.0369	-0.6708	1.5309	
3.89	2.959	-1.4031	-0.927	1.5699	
3.9	2.5536	-0.9309	-1.0436	1.4384	
3.91	2.4607	-1.1389	-1.2081	1.2609	
3.92	2.5606	-1.8732	-1.43	1.23	
3.93	2.5071	-2.4422	-1.601	1.2193	
3.94	2.3822	-3.0763	-1.828	1.0183	
3.95	2.3191	-2.7705	-1.9236	0.8662	
3.96	2.1573	-2.2582	-2.1536	0.747	
3.97	2.0505	-1.8274	-2.1805	0.6515	
3.98	1.6662	-1.1626	-2.4858	0.5262	
3.99	1.5505	-0.9854	-2.3196	0.4948	
4.0	1.215	-1.3195	-2.4223	0.3817	
4.01	1.0201	-2.2613	-2.9198	0.2715	
4.02	0.7071	-2.8816	-2.7883	0.1801	
4.03	0.3953	-2.7067	-3.0444	0.0727	
4.04	0.0986	-2.5615	-3.0238	-0.0093	
4.05	-0.2188	-2.1263	-2.9245	-0.0831	
4.06	-0.5504	-1.2606	-2.5151	-0.1494	
4.07	-0.9087	-0.8691	-2.7531	-0.2174	
4.08	-1.16	-1.1517	-2.6031	-0.2891	
4.09	-1.4015	-1.6288	-2.3932	-0.3154	
4.1	-1.6766	-2.4043	-2.0483	-0.3886	
4.11	-2.1293	-2.8293	-2.0201	-0.4142	
4.12	-1.9943	-2.7317	-1.7058	-0.4337	
4.13	-2.4577	-2.2103	-1.5578	-0.3983	
4.14	-2.4509	-1.4014	-1.612	-0.4197	
4.15	-2.7443	-0.86	-1.3222	-0.3911	
4.16	-2.7792	-0.8314	-1.3346	-0.4557	
4.17	-3.1005	-1.2193	-1.1444	-0.4269	
4.18	-2.8207	-2.1191	-0.9441	-0.3752	
4.19	-3.1744	-2.5331	-0.9276	-0.333	
4.2	-3.1078	-2.8011	-0.9501	-0.312	
4.21	-2.9173	-2.4491	-0.8684	-0.2964	
4.22	-2.6299	-1.4675	-0.8209	-0.2516	
4.23	-2.5846	-0.9224	-0.8742	-0.1991	
4.24	-2.2983	-0.5974	-0.9492	-0.1427	
4.25	-2.1259	-0.7932	-0.9315	-0.1071	
4.26	-2.0548	-1.4124	-1.1101	-0.0614	
4.27	-2.0761	-2.2302	-1.1538	-0.0139	
4.28	-1.7664	-2.5703	-1.4013	0.0244	
4.29	-1.4604	-2.4124	-1.2892	0.0607	
4.3	-1.005	-1.8053	-1.4846	0.0888	
4.31	-0.8228	-0.9882	-1.7419	0.1225	
4.32	-0.5286	-0.4403	-1.9705	0.1323	
4.33	-0.2269	-0.4113	-2.0612	0.1563	
4.34	0.0504	-0.9748	-2.051	0.1644	
4.35	0.305	-1.6453	-2.0818	0.1445	
4.36	0.6347	-2.097	-2.2219	0.1461	
4.37	0.8926	-2.3217	-2.5942	0.1348	
4.38	1.0446	-1.8111	-2.7812	0.1022	
4.39	1.2759	-1.1036	-2.6329	0.0631	
4.4	1.5088	-0.3506	-2.635	0.0132	
4.41	1.8678	-0.1059	-2.3832	-0.0452	
4.42	1.8895	-0.3789	-2.6631	-0.1184	
4.43	2.0396	-0.939	-2.4011	-0.1694	
4.44	2.064	-1.5705	-2.5516	-0.2752	
4.45	2.1058	-2.0821	-2.0419	-0.3763	
4.46	2.4332	-1.5772	-1.9041	-0.4719	
4.47	2.4437	-1.0846	-1.9542	-0.5299	
4.48	2.3786	-0.3595	-1.5712	-0.6457	
4.49	2.1165	0.1237	-1.4163	-0.7829	
4.5	2.041	0.0796	-1.4629	-0.9072	
4.51	2.2319	-0.4112	-1.1526	-1.0986	
4.52	2.1742	-1.1189	-0.9621	-1.1085	
4.53	2.0506	-1.6296	-0.8512	-1.2496	
4.54	1.6247	-1.7549	-0.6777	-1.2956	
4.55	1.508	-1.0583	-0.5635	-1.3641	
4.56	1.5311	-0.3317	-0.3936	-1.7502	
4.57	1.1622	0.2582	-0.2971	-1.771	
4.58	1.0304	0.4874	-0.2442	-1.8618	
4.59	0.9277	0.1257	-0.1998	-1.8856	
4.6	0.6885	-0.5312	-0.1692	-1.8166	
4.61	0.4778	-1.2447	-0.1711	-1.888	
4.62	0.3031	-1.341	-0.2046	-2.2226	
4.63	0.1136	-1.104	-0.2991	-2.2853	
4.64	-0.0505	-0.3773	-0.4072	-2.2184	
4.65	-0.2056	0.3335	-0.4478	-2.1464	
4.66	-0.3821	0.7753	-0.6042	-2.3419	
4.67	-0.4982	0.6678	-0.7565	-2.3889	
4.68	-0.6668	0.0463	-0.9177	-2.3768	
4.69	-0.8106	-0.6447	-0.9836	-2.5078	
4.7	-0.7848	-1.1632	-1.2356	-2.4809	
4.71	-0.8458	-0.9473	-1.401	-2.3033	
4.72	-0.9853	-0.4338	-1.3911	-2.355	
4.73	-1.0178	0.2759	-1.4905	-2.0386	
4.74	-1.1082	0.8406	-1.6481	-2.2698	
4.75	-1.184	0.9621	-1.69	-2.125	
4.76	-1.0038	0.6082	-1.5681	-1.8256	
4.77	-0.9942	-0.0895	-1.5336	-2.0632	
4.78	-0.9823	-0.6732	-1.7504	-1.6822	
4.79	-1.0973	-0.8701	-1.6032	-1.7578	
4.8	-1.0191	-0.4526	-1.5443	-1.592	
4.81	-0.8351	0.1948	-1.3795	-1.5004	
4.82	-0.8763	0.9035	-1.3652	-1.3744	
4.83	-0.8194	1.2907	-1.2884	-1.2454	
4.84	-0.8027	1.0768	-1.1017	-1.0185	
4.85	-0.6107	0.4713	-0.9378	-0.7649	
4.86	-0.6166	-0.2145	-0.6886	-0.6371	
4.87	-0.5469	-0.6677	-0.5263	-0.5127	
4.88	-0.444	-0.5277	-0.3276	-0.4082	
4.89	-0.4559	0.0875	-0.122	-0.2487	
4.9	-0.406	0.8772	0.0603	-0.104	
4.91	-0.3452	1.3713	0.2333	0.0212	
4.92	-0.268	1.4991	0.3979	0.1425	
4.93	-0.2886	0.9218	0.4907	0.2653	
4.94	-0.2168	0.2561	0.5879	0.3657	
4.95	-0.1997	-0.3473	0.6692	0.4747	
4.96	-0.2232	-0.4086	0.783	0.5972	
4.97	-0.2079	-0.0344	0.8258	0.6484	
4.98	-0.1961	0.6299	0.8336	0.7	
4.99	-0.2179	1.4754	0.7856	0.8089	
5.0	-0.2087	1.663	0.7254	0.8712	
5.01	-0.2154	1.4287	0.5372	0.7849	
5.02	-0.2357	0.7162	0.4612	0.8191	
5.03	-0.2259	0.0222	0.355	0.969	
5.04	-0.237	-0.3166	0.242	0.8844	
5.05	-0.2636	-0.1419	0.0993	0.9447	
5.06	-0.2404	0.4304	-0.0619	0.7665	
5.07	-0.2643	1.0902	-0.1906	0.7631	
5.08	-0.2617	1.5391	-0.3694	0.742	
5.09	-0.2196	1.5144	-0.537	0.7355	
5.1	-0.1949	1.0601	-0.5667	0.6288	
5.11	-0.1921	0.3816	-0.7454	0.5921	
5.12	-0.1505	-0.1542	-0.8159	0.5045	
5.13	-0.1118	-0.2183	-0.8775	0.3821	
5.14	-0.0547	0.2192	-0.9842	0.2803	
5.15	0.0024	0.8659	-1.0194	0.22	
5.16	0.0616	1.7066	-0.9995	0.1186	
5.17	0.1376	1.7776	-0.8643	0.0062	
5.18	0.2039	1.4388	-0.8878	-0.0919	
5.19	0.2875	0.7732	-0.7347	-0.2047	
5.2	0.3602	0.0598	-0.5486	-0.3104	
5.21	0.4898	-0.2179	-0.5093	-0.3837	
5.22	0.5972	0.0008	-0.3162	-0.5327	
5.23	0.6662	0.6098	-0.1464	-0.6352	
5.24	0.7847	1.2606	0.0171	-0.6911	
5.25	0.7357	1.8029	0.1931	-0.6987	
5.26	0.9032	1.7812	0.3615	-0.8251	
5.27	1.0134	1.0718	0.561	-0.8641	
5.28	1.0978	0.3239	0.7346	-0.8922	
5.29	1.1773	-0.1806	0.8421	-1.0713	
5.3	1.0286	-0.1881	0.942	-1.1569	
5.31	1.183	0.2838	1.0091	-1.0581	
5.32	1.0442	0.984	1.0167	-1.2098	
5.33	1.2097	1.5752	1.2518	-1.2319	
5.34	1.1235	1.8134	1.078	-1.054	
5.35	1.0895	1.3988	1.1262	-1.1777	
5.36	1.0435	0.5665	1.1964	-1.1783	
5.37	1.0194	-0.0835	1.079	-1.04	
5.38	1.0284	-0.3229	0.8618	-1.0266	
5.39	0.9278	-0.042	0.8719	-1.1235	
5.4	0.7883	0.6337	0.6432	-1.0484	
5.41	0.7024	1.273	0.5968	-1.0576	
5.42	0.4749	1.6284	0.4239	-1.0229	
5.43	0.4014	1.349	0.222	-0.9964	
5.44	0.2308	0.8189	0.0443	-0.907	
5.45	0.1019	0.0729	-0.1379	-0.8201	
5.46	-0.0488	-0.3702	-0.3084	-0.7244	
5.47	-0.2213	-0.3344	-0.4531	-0.6662	
5.48	-0.3818	0.1807	-0.5611	-0.629	
5.49	-0.5251	0.853	-0.7296	-0.5717	
5.5	-0.6377	1.4676	-0.8507	-0.5919	
5.51	-0.7322	1.517	-0.8913	-0.583	
5.52	-0.8564	0.9078	-0.9153	-0.4828	
5.53	-0.9867	0.2625	-0.9736	-0.4504	
5.54	-1.2097	-0.3873	-0.876	-0.4847	
5.55	-1.241	-0.5756	-0.914	-0.4656	
5.56	-1.3384	-0.2199	-0.7826	-0.4719	
5.57	-1.2045	0.4591	-0.705	-0.4291	
5.58	-1.4651	1.1086	-0.5977	-0.4903	
5.59	-1.3121	1.3664	-0.563	-0.4724	
5.6	-1.2897	1.1711	-0.4435	-0.5569	
5.61	-1.4831	0.4683	-0.2786	-0.5599	
5.62	-1.2761	-0.2799	-0.1092	-0.5938	
5.63	-1.3689	-0.6751	0.0452	-0.6761	
5.64	-1.1358	-0.6138	0.1747	-0.6647	
5.65	-1.1803	0.0061	0.32	-0.7263	
5.66	-1.0186	0.6566	0.4479	-0.84	
5.67	-0.8542	1.1567	0.5791	-1.0273	
5.68	-0.7649	1.115	0.621	-1.0792	
5.69	-0.62	0.664	0.7282	-1.1203	
5.7	-0.4247	-0.1088	0.7892	-1.2944	
5.71	-0.3256	-0.6639	0.7589	-1.5182	
5.72	-0.1727	-0.8708	0.817	-1.4144	
5.73	-0.0095	-0.4354	0.6878	-1.7299	
5.74	0.1303	0.2756	0.6096	-1.8581	
5.75	0.2711	0.8566	0.5769	-1.6651	
5.76	0.4582	1.0729	0.469	-1.9553	
5.77	0.5547	0.77	0.3041	-1.9133	
5.78	0.7312	0.0816	0.1539	-1.9897	
5.79	0.8599	-0.6487	-0.0287	-2.362	
5.8	0.8374	-1.0084	-0.2316	-2.4699	
5.81	0.8882	-0.8248	-0.4339	-2.4698	
5.82	1.0827	-0.1797	-0.6132	-2.3218	
5.83	1.1598	0.5357	-0.75	-2.8335	
5.84	1.1474	0.9714	-0.9884	-2.6467	
5.85	1.1825	0.775	-1.1794	-2.5332	
5.86	1.0063	0.274	-1.2203	-3.0035	
5.87	1.0873	-0.4159	-1.3983	-2.8135	
5.88	0.9013	-1.0507	-1.4437	-2.8349	
5.89	0.9322	-1.0996	-1.3722	-2.8069	
5.9	0.8223	-0.5413	-1.4224	-2.7535	
5.91	0.8037	0.1353	-1.5963	-2.7127	
5.92	0.6494	0.722	-1.6323	-2.7088	
5.93	0.5425	0.8547	-1.52	-2.9965	
5.94	0.3752	0.4694	-1.4376	-2.8283	
5.95	0.2759	-0.1946	-1.3175	-2.506	
5.96	0.1236	-0.892	-1.3151	-2.735	
5.97	-0.0138	-1.0538	-0.9957	-2.4065	
5.98	-0.1437	-0.8794	-0.9688	-2.2861	
5.99	-0.275	-0.2302	-0.7434	-2.307	
6.0	-0.4255	0.4381	-0.6826	-2.1321	
6.01	-0.4855	0.7903	-0.5537	-2.0552	
6.02	-0.6667	0.6029	-0.3375	-1.757	
6.03	-0.7369	0.066	-0.2082	-1.829	
6.04	-0.7643	-0.6574	-0.0959	-1.5947	
6.05	-0.8572	-1.1552	-0.0007	-1.4884	
6.06	-0.869	-1.0519	0.0852	-1.3256	
6.07	-0.8155	-0.6379	0.1287	-1.1619	
6.08	-0.9777	0.1425	0.1574	-0.9875	
6.09	-0.9602	0.7197	0.1929	-0.7464	
6.1	-0.8573	0.7969	0.1402	-0.5955	
6.11	-0.7429	0.3612	0.0968	-0.4456	
6.12	-0.6552	-0.3384	0.0315	-0.3156	
6.13	-0.6426	-1.0525	-0.0705	-0.183	
6.14	-0.5047	-1.273	-0.1769	-0.0745	
6.15	-0.4494	-0.9142	-0.3069	0.0513	
6.16	-0.2648	-0.1639	-0.5195	0.1562	
6.17	-0.1346	0.5634	-0.6174	0.279	
6.18	-0.0039	0.7816	-0.9008	0.3906	
6.19	0.1311	0.5845	-1.0295	0.467	
6.2	0.2973	0.0173	-1.2752	0.4765	
6.21	0.4737	-0.6276	-1.4129	0.5262	
6.22	0.6321	-1.0363	-1.38	0.5889	
6.23	0.7871	-0.9213	-1.67	0.5982	
6.24	0.8349	-0.4269	-1.6711	0.6655	
6.25	0.8836	0.3289	-1.8713	0.6831	
6.26	1.1593	0.8951	-1.9876	0.6241	
6.27	1.1074	0.8346	-1.8872	0.6962	
6.28	1.1783	0.3711	-1.8519	0.6582	
6.29	1.3205	-0.2819	-1.9998	0.5649	
6.3	1.3914	-0.8818	-1.9971	0.5381	
6.31	1.4155	-0.9235	-1.8199	0.4577	
6.32	1.2499	-0.5767	-1.7745	0.445	
6.33	1.2828	0.1022	-1.5862	0.3724	
6.34	1.1191	0.7146	-1.4711	0.2902	
6.35	1.2609	0.9871	-1.3458	0.1933	
6.36	1.1464	0.7335	-1.1194	0.1133	
6.37	0.8893	0.1499	-0.9359	0.0347	
6.38	0.7828	-0.5556	-0.6842	-0.0562	
6.39	0.7187	-0.8439	-0.5969	-0.1549	
6.4	0.4704	-0.7226	-0.427	-0.2377	
6.41	0.2955	-0.0701	-0.2465	-0.3391	
6.42	0.1222	0.6092	-0.1251	-0.3938	
6.43	-0.0836	1.0669	-0.0094	-0.5679	
6.44	-0.2798	1.0665	0.0784	-0.6198	
6.45	-0.4456	0.6347	0.1562	-0.6307	
6.46	-0.64	-0.0681	0.2089	-0.8288	
6.47	-0.9658	-0.6453	0.193	-0.7536	
6.48	-1.0247	-0.6715	0.2064	-0.8671	
6.49	-1.3324	-0.1861	0.1729	-0.954	
6.5	-1.5252	0.5932	0.1055	-0.9406	
6.51	-1.611	1.2437	0.0121	-1.0287	
6.52	-1.5541	1.2729	-0.1011	-1.0026	
6.53	-1.6546	1.1135	-0.2009	-1.0919	
6.54	-1.9378	0.4523	-0.3769	-1.1778	
6.55	-1.9503	-0.2138	-0.4923	-1.1247	
6.56	-2.0034	-0.5001	-0.6609	-1.0674	
6.57	-2.1604	-0.2492	-0.8252	-1.0142	
6.58	-1.9149	0.39	-0.9793	-1.0813	
6.59	-1.9019	1.1003	-1.124	-0.9709	
6.6	-1.863	1.5024	-1.1207	-1.0518	
6.61	-1.6708	1.6296	-1.2841	-0.8791	
6.62	-1.7417	0.91	-1.4232	-0.8142	
6.63	-1.4222	0.2657	-1.3594	-0.8989	
6.64	-1.3515	-0.2034	-1.423	-0.8149	
6.65	-1.2447	-0.1929	-1.4352	-0.7592	
6.66	-0.965	0.3558	-1.2592	-0.7065	
6.67	-0.7818	1.0863	-1.2751	-0.5705	
6.68	-0.5368	1.849	-1.3298	-0.5277	
6.69	-0.29	1.9486	-1.0526	-0.4701	
6.7	-0.0526	1.3734	-0.9125	-0.4787	
6.71	0.1931	0.7642	-0.8421	-0.4043	
6.72	0.3822	0.1771	-0.6226	-0.3643	
6.73	0.6862	-0.0257	-0.4614	-0.2931	
6.74	0.8475	0.2753	-0.3136	-0.2819	
6.75	1.0631	0.8863	-0.087	-0.2625	
6.76	1.4217	1.6077	0.101	-0.2253	
6.77	1.4125	2.1099	0.2644	-0.2289	
6.78	1.7849	1.8502	0.4296	-0.2224	
6.79	1.9583	1.362	0.6023	-0.1972	
6.8	1.8715	0.5925	0.8111	-0.2437	
6.81	2.133	0.2145	0.9643	-0.2636	
6.82	1.9779	0.3059	1.1065	-0.257	
6.83	2.0339	0.8747	1.0132	-0.3308	
6.84	2.0431	1.5093	1.2304	-0.349	
6.85	2.382	2.1222	1.2453	-0.4246	
6.86	2.3437	2.11	1.052	-0.5079	
6.87	1.9492	1.9019	1.1397	-0.5609	
6.88	1.9664	1.1936	1.1236	-0.6848	
6.89	2.0566	0.5369	0.9767	-0.6814	
6.9	1.8101	0.4441	0.8955	-0.7795	
6.91	1.5054	0.727	0.8273	-0.9327	
6.92	1.4474	1.5331	0.6535	-1.1215	
6.93	1.2022	1.9726	0.5071	-1.0582	
6.94	1.1035	2.6902	0.3605	-1.2626	
6.95	0.9241	2.1348	0.2459	-1.4688	
6.96	0.7282	1.7793	0.1148	-1.5302	
6.97	0.5219	0.9772	0.0138	-1.5049	
6.98	0.3292	0.5743	-0.0789	-1.7179	
6.99	0.1262	0.697	-0.1451	-1.9399	
7.0	-0.0977	1.3816	-0.1932	-1.967	
7.01	-0.28	2.1342	-0.247	-2.1364	
7.02	-0.4421	2.58	-0.2558	-2.0148	
7.03	-0.6038	2.4173	-0.1978	-2.0036	
7.04	-0.8152	2.1724	-0.1511	-2.4382	
7.05	-1.0472	1.2737	-0.0767	-2.2128	
7.06	-1.1685	0.877	0.0312	-2.4837	
7.07	-1.3639	0.6977	0.1663	-2.6118	
7.08	-1.367	1.1746	0.3289	-2.5835	
7.09	-1.5716	2.004	0.4492	-2.2622	
7.1	-1.437	2.3944	0.6131	-2.5309	
7.11	-1.6592	2.8606	0.8278	-2.3641	
7.12	-1.4776	2.5801	1.0629	-2.3659	
7.13	-1.7098	1.6899	1.2371	-2.4082	
7.14	-1.4996	1.1134	1.3511	-2.4979	
7.15	-1.6277	0.7929	1.7603	-2.2301	
7.16	-1.6657	0.8826	1.793	-2.1541	
7.17	-1.3611	1.6347	1.7978	-1.9909	
7.18	-1.3847	2.279	2.1741	-1.9998	
7.19	-1.2805	2.6065	2.0972	-1.7646	
7.2	-1.1956	2.8295	2.333	-1.972	
7.21	-1.3058	2.1879	2.2311	-1.5844	
7.22	-1.0674	1.3301	2.5305	-1.4564	
7.23	-0.9487	0.8012	2.5017	-1.5149	
7.24	-0.9594	0.788	2.5744	-1.2437	
7.25	-0.8257	1.3197	2.3239	-1.0921	
7.26	-0.6927	2.0161	2.3866	-1.028	
7.27	-0.5583	2.5479	2.3368	-0.7299	
7.28	-0.4892	2.8242	1.9528	-0.6259	
7.29	-0.4283	2.2934	1.7239	-0.4748	
7.3	-0.3028	1.5006	1.9118	-0.2933	
7.31	-0.2397	0.896	1.6715	-0.1357	
7.32	-0.1397	0.6461	1.4503	0.0068	
7.33	-0.071	1.0163	1.3642	0.1426	
7.34	0.0031	1.5741	1.1997	0.3241	
7.35	0.0738	2.3404	1.0428	0.4033	
7.36	0.1215	2.5511	0.9896	0.5368	
7.37	0.2026	2.4939	0.8622	0.7361	
7.38	0.2461	1.9979	0.874	0.8408	
7.39	0.269	1.1904	0.7323	0.9446	
7.4	0.3137	0.6796	0.7179	0.9306	
7.41	0.3548	0.6109	0.8159	1.1288	
7.42	0.387	1.1469	0.9304	1.0744	
7.43	0.4487	1.976	1.0132	1.0891	
7.44	0.4371	2.1827	1.077	1.1312	
7.45	0.5599	2.6922	1.1571	1.1964	
7.46	0.5057	1.8608	1.3215	1.263	
7.47	0.5509	1.3225	1.3381	1.1746	
7.48	0.5911	0.7157	1.7824	1.3158	
7.49	0.6705	0.3902	1.9571	1.1838	
7.5	0.6645	0.6663	1.8964	1.2662	
7.51	0.7383	1.3952	2.2245	1.2155	
7.52	0.8376	2.1721	2.4313	1.124	
7.53	0.8341	2.2179	2.4138	1.2207	
7.54	0.8364	1.9583	2.6421	1.1121	
7.55	0.9191	1.3372	2.7714	0.8977	
7.56	1.1141	0.706	2.8315	0.9229	
7.57	1.1676	0.2521	3.1022	0.8791	
7.58	1.1465	0.297	2.6624	0.7781	
7.59	1.2264	0.8778	2.6917	0.6225	
7.6	1.1608	1.5866	2.9691	0.6219	
7.61	1.3082	2.1125	2.7173	0.5318	
7.62	1.225	2.1596	2.8955	0.4325	
7.63	1.3611	1.461	2.7909	0.3353	
7.64	1.2675	0.7452	2.4204	0.2287	
7.65	1.1925	0.1031	2.2657	0.1684	
7.66	1.3241	-0.0667	2.3603	0.0851	
7.67	1.1405	0.2452	2.085	0.0189	
7.68	1.2462	0.9659	1.9399	-0.0455	
7.69	1.0528	1.4735	2.0111	-0.1019	
7.7	1.0623	1.8985	1.6765	-0.1591	
7.71	0.8821	1.5594	1.5318	-0.1928	
7.72	0.9502	0.8036	1.3142	-0.2393	
7.73	0.7588	0.0416	1.1885	-0.2535	
7.74	0.6209	-0.3568	0.9855	-0.2463	
7.75	0.511	-0.2389	1.0654	-0.2641	
7.76	0.3407	0.2872	0.9467	-0.2986	
7.77	0.1456	0.9493	0.9017	-0.2845	
7.78	-0.0342	1.5485	0.9159	-0.2319	
7.79	-0.2053	1.3361	0.8203	-0.236	
7.8	-0.4167	0.7451	0.9271	-0.1831	
7.81	-0.6056	0.0226	0.8693	-0.1454	
7.82	-0.8958	-0.5874	0.9427	-0.1159	
7.83	-1.0701	-0.6858	1.195	-0.0763	
7.84	-1.1663	-0.315	1.1936	-0.0153	
7.85	-1.4719	0.3598	1.3446	0.0358	
7.86	-1.5758	0.957	1.6796	0.0969	
7.87	-1.7479	1.2138	1.6635	0.1546	
7.88	-1.8775	0.8154	1.6644	0.2224	
7.89	-1.965	0.0235	1.7833	0.2989	
7.9	-2.3355	-0.696	2.0234	0.3259	
7.91	-2.4524	-0.9532	2.3869	0.4103	
7.92	-2.2528	-0.8658	2.3167	0.492	
7.93	-2.2314	-0.2816	2.3094	0.4954	
7.94	-2.5826	0.3862	2.2283	0.5116	
7.95	-2.2702	0.7487	2.6853	0.5354	
7.96	-2.4281	0.6609	2.5845	0.6311	
7.97	-2.3513	0.0305	2.6241	0.6499	
7.98	-2.3522	-0.6905	2.3335	0.6506	
7.99	-2.3443	-1.3669	2.4453	0.7474	
8.0	-1.9769	-1.3391	2.2586	0.6503	
8.01	-1.9364	-0.8998	2.3019	0.6536	
8.02	-1.8331	-0.2016	1.86	0.7062	
8.03	-1.5079	0.3339	1.9389	0.5946	
8.04	-1.1242	0.4447	1.7444	0.6303	
8.05	-0.9115	0.0216	1.4949	0.525	
8.06	-0.7882	-0.6499	1.3371	0.4743	
8.07	-0.4503	-1.5082	0.9533	0.4128	
8.08	-0.1486	-1.7707	0.7779	0.3541	
8.09	0.1201	-1.3551	0.6689	0.2853	
8.1	0.4535	-0.8364	0.464	0.1945	
8.11	0.6868	-0.1333	0.3407	0.1119	
8.12	1.0818	0.176	0.1941	0.0136	
8.13	1.2622	-0.0219	0.1122	-0.0849	
8.14	1.5871	-0.6748	0.0291	-0.1848	
8.15	1.7688	-1.4787	-0.0203	-0.2747	
8.16	2.1813	-1.7469	-0.0382	-0.3914	
8.17	2.208	-1.9391	-0.0343	-0.5069	
8.18	2.6637	-1.3453	-0.0042	-0.7	
8.19	2.6026	-0.6253	0.0559	-0.7048	
8.2	2.8061	-0.1737	0.1324	-0.8214	
8.21	2.5536	-0.1156	0.2267	-0.8624	
8.22	3.058	-0.5738	0.3646	-0.9822	
8.23	2.8013	-1.3215	0.4375	-1.1283	
8.24	2.7612	-2.0907	0.627	-1.1129	
8.25	3.0675	-2.1956	0.7958	-1.2372	
8.26	2.7374	-1.9752	0.9098	-1.4426	
8.27	2.781	-1.0925	1.0967	-1.425	
8.28	2.5939	-0.5887	1.0951	-1.4708	
8.29	2.2022	-0.2989	1.2297	-1.3572	
8.3	2.3621	-0.5691	1.4092	-1.6584	
8.31	2.0551	-1.0785	1.4778	-1.3857	
8.32	1.6114	-1.7716	1.3134	-1.4904	
8.33	1.4548	-2.487	1.3638	-1.6125	
8.34	1.1567	-2.3584	1.5502	-1.4722	
8.35	0.9964	-1.7243	1.4983	-1.4872	
8.36	0.6222	-0.9365	1.2993	-1.3373	
8.37	0.3292	-0.4587	1.1681	-1.43	
8.38	0.0302	-0.4838	1.0972	-1.2936	
8.39	-0.2863	-1.1021	0.8816	-1.0593	
8.4	-0.6115	-1.814	0.7424	-1.1	
8.41	-0.7935	-2.1008	0.6041	-0.8817	
8.42	-1.1608	-2.5625	0.4228	-0.8865	
8.43	-1.3486	-2.1427	0.2236	-0.6239	
8.44	-1.4818	-1.376	0.0265	-0.5774	
8.45	-1.9015	-0.8091	-0.1643	-0.4085	
8.46	-1.94	-0.4763	-0.3264	-0.2487	
8.47	-1.9467	-0.8195	-0.549	-0.101	
8.48	-2.2173	-1.3615	-0.7136	0.0615	
8.49	-2.2971	-2.3796	-0.8225	0.2448	
8.5	-2.5793	-2.3671	-0.9754	0.4046	
8.51	-2.7207	-2.3991	-1.041	0.5214	
8.52	-2.3869	-1.8186	-1.0207	0.6979	
8.53	-2.3254	-1.0573	-1.1253	0.8787	
8.54	-2.1828	-0.5399	-1.0627	0.9763	
8.55	-2.291	-0.6837	-1.1425	1.2355	
8.56	-2.3607	-1.0998	-1.0024	1.409	
8.57	-2.3112	-1.9955	-0.9631	1.3933	
8.58	-2.0092	-2.3043	-0.8831	1.609	
8.59	-1.7813	-2.4801	-0.744	1.6834	
8.6	-1.673	-2.2144	-0.5235	1.7388	
8.61	-1.3124	-1.2422	-0.3723	1.719	
8.62	-1.2722	-0.7286	-0.2506	2.0327	
8.63	-0.901	-0.49	-0.1087	2.0383	
8.64	-0.758	-0.8857	0.0467	1.9971	
8.65	-0.4938	-1.7026	0.1685	2.1803	
8.66	-0.2876	-2.2234	0.3181	2.2827	
8.67	-0.0799	-2.6854	0.4378	2.2669	
8.68	0.1396	-2.1054	0.5269	2.3799	
8.69	0.3583	-1.4657	0.5338	2.1229	
8.7	0.5602	-0.8324	0.5721	2.1113	
8.71	0.6879	-0.4418	0.5813	2.3689	
8.72	0.8388	-0.5423	0.6216	2.2854	
8.73	0.9756	-1.1046	0.6225	2.0713	
8.74	1.0841	-1.8412	0.5024	1.8741	
8.75	1.3328	-2.1072	0.4449	2.0971	
8.76	1.3049	-2.247	0.3526	2.0127	
8.77	1.3093	-1.6567	0.2024	1.9077	
8.78	1.3276	-0.9746	0.0435	1.7539	
8.79	1.5597	-0.4192	-0.1122	1.5924	
8.8	1.5356	-0.3118	-0.263	1.5637	
8.81	1.3179	-0.6826	-0.4672	1.6093	
8.82	1.2337	-1.3056	-0.6114	1.5152	
8.83	1.2523	-1.8309	-0.8374	1.3757	
8.84	1.3368	-2.0571	-0.9593	1.3638	
8.85	1.1422	-1.7163	-1.1799	1.1154	
8.86	1.0252	-1.2277	-1.1538	1.1557	
8.87	0.9881	-0.5307	-1.364	1.0811	
8.88	0.9137	-0.1444	-1.2697	0.8509	
8.89	0.8495	-0.3462	-1.3234	0.8211	
8.9	0.6424	-0.9822	-1.4467	0.8038	
8.91	0.6062	-1.5559	-1.4493	0.7297	
8.92	0.4554	-2.2077	-1.4785	0.7333	
8.93	0.3772	-2.0896	-1.2694	0.7033	
8.94	0.2776	-1.2406	-1.2669	0.7024	
8.95	0.1713	-0.648	-1.1635	0.5747	
8.96	0.0888	-0.063	-0.9588	0.5824	
8.97	0.0081	-0.0066	-0.8047	0.5644	
8.98	-0.0574	-0.4532	-0.6074	0.6587	
8.99	-0.1135	-1.195	-0.4527	0.6747	
9.0	-0.1525	-1.6693	-0.3234	0.669	
9.01	-0.1928	-1.6701	-0.1415	0.6649	
9.02	-0.2194	-1.4265	0.0313	0.6631	
9.03	-0.2227	-0.7071	0.1965	0.7553	
9.04	-0.2252	-0.0566	0.3226	0.7576	
9.05	-0.203	0.2376	0.4966	0.8292	
9.06	-0.2028	-0.0041	0.5748	0.8493	
9.07	-0.1805	-0.6676	0.6891	0.9532	
9.08	-0.1526	-1.1784	0.6541	0.9571	
9.09	-0.124	-1.6571	0.7319	1.1013	
9.1	-0.0974	-1.5877	0.7432	1.1335	
9.11	-0.0608	-0.8701	0.6938	1.1364	
9.12	-0.03	-0.1363	0.6575	1.1235	
9.13	-0.0025	0.3411	0.5741	1.28	
9.14	0.0252	0.3796	0.4289	1.2012	
9.15	0.0443	-0.1283	0.3297	1.2665	
9.16	0.0625	-0.8458	0.1934	1.3609	
9.17	0.0724	-1.3382	0.0387	1.3804	
9.18	0.0828	-1.4224	-0.1264	1.529	
9.19	0.085	-1.0234	-0.2655	1.4619	
9.2	0.0663	-0.2338	-0.4388	1.4173	
9.21	0.0498	0.3672	-0.6062	1.5037	
9.22	0.0227	0.6539	-0.739	1.4421	
9.23	-0.0128	0.2917	-0.7828	1.587	
9.24	-0.0623	-0.3782	-0.8268	1.4083	
9.25	-0.0978	-1.0319	-0.9403	1.3828	
9.26	-0.1564	-1.4262	-1.0607	1.4605	
9.27	-0.2075	-1.1722	-1.1007	1.3809	
9.28	-0.2616	-0.457	-1.0853	1.3207	
9.29	-0.3408	0.3335	-0.9005	1.2059	
9.3	-0.4246	0.7452	-0.9764	1.0081	
9.31	-0.4896	0.6288	-0.7864	0.9474	
9.32	-0.5764	0.1344	-0.7049	0.8074	
9.33	-0.6595	-0.5906	-0.6027	0.8157	
9.34	-0.6312	-1.0062	-0.4089	0.7251	
9.35	-0.7239	-1.1564	-0.2359	0.5587	
9.36	-0.8681	-0.6009	-0.0473	0.4358	
9.37	-0.781	0.1385	0.135	0.3645	
9.38	-0.9436	0.7818	0.3107	0.227	
9.39	-0.9435	0.8983	0.464	0.0929	
9.4	-0.966	0.5502	0.7009	-0.0163	
9.41	-0.9407	-0.1523	0.7989	-0.1222	
9.42	-0.9161	-0.8499	0.972	-0.2204	
9.43	-0.7541	-1.0394	1.0298	-0.3296	
9.44	-0.8456	-0.778	1.1933	-0.4298	
9.45	-0.6508	-0.0921	1.2501	-0.569	
9.46	-0.6089	0.5676	1.2101	-0.5761	
9.47	-0.6074	1.0495	1.3957	-0.7579	
9.48	-0.5246	0.884	1.3851	-0.7875	
9.49	-0.4044	0.2306	1.2832	-0.89	
9.5	-0.2715	-0.4883	1.1676	-0.8733	
9.51	-0.1577	-0.9333	1.1868	-0.8585	
9.52	-0.0283	-0.8673	0.9447	-0.8446	
9.53	0.0952	-0.3324	0.8275	-0.8873	
9.54	0.2265	0.3858	0.7644	-0.8703	
9.55	0.3196	1.0154	0.5902	-0.8912	
9.56	0.4832	0.9079	0.3713	-0.8679	
9.57	0.5972	0.5615	0.2225	-0.8715	
9.58	0.6682	-0.1468	0.0866	-0.7188	
9.59	0.8113	-0.8249	-0.0557	-0.6758	
9.6	0.8176	-0.9271	-0.179	-0.645	
9.61	0.912	-0.6423	-0.3008	-0.5099	
9.62	1.0864	0.0666	-0.3401	-0.4134	
9.63	0.9831	0.6927	-0.4161	-0.3262	
9.64	1.0958	0.9991	-0.4532	-0.1905	
9.65	1.1414	0.7474	-0.464	-0.0759	
9.66	1.074	0.1565	-0.4585	0.0703	
9.67	1.075	-0.5162	-0.4017	0.1903	
9.68	1.1307	-0.9723	-0.3181	0.3591	
9.69	1.1789	-0.8126	-0.2369	0.4979	
9.7	0.9534	-0.2901	-0.1394	0.6686	
9.71	0.9259	0.4235	-0.0043	0.8618	
9.72	0.9428	0.8311	0.1415	1.0272	
9.73	0.8186	1.0072	0.309	1.0999	
9.74	0.7462	0.4161	0.5132	1.1515	
9.75	0.5446	-0.3026	0.647	1.3546	
9.76	0.4821	-0.923	0.808	1.5367	
9.77	0.3299	-1.0135	0.9087	1.6983	
9.78	0.1724	-0.6207	1.0707	1.9225	
9.79	0.054	0.0392	1.2573	2.036	
9.8	-0.0638	0.6951	1.44	1.8868	
9.81	-0.1844	0.9652	1.3609	2.3168	
9.82	-0.3129	0.6216	1.3685	2.0246	
9.83	-0.4689	-0.0824	1.5143	2.0944	
9.84	-0.5265	-0.8329	1.5235	2.6231	
9.85	-0.6828	-1.1206	1.6699	2.3228	
9.86	-0.7702	-1.0175	1.5636	2.3734	
9.87	-0.7543	-0.3925	1.3972	2.5729	
9.88	-0.8344	0.2896	1.4266	2.4903	
9.89	-0.9464	0.7148	1.0897	2.6044	
9.9	-0.8787	0.7168	1.1319	2.724	
9.91	-0.805	0.1171	0.8958	2.7217	
9.92	-0.878	-0.6799	0.6498	2.5487	
9.93	-0.8376	-1.0892	0.5873	2.6607	
9.94	-0.7944	-1.3253	0.3665	2.5227	
9.95	-0.7211	-0.7662	0.2008	2.5561	
9.96	-0.6436	-0.1218	0.0158	2.1662	
9.97	-0.5593	0.4589	-0.1526	2.1138	
9.98	-0.4764	0.5752	-0.2776	2.0662	
9.99	-0.4156	0.2493	-0.4154	1.9897	
10.0	-0.3014	-0.4304	-0.5116	2.1482	
10.01	-0.186	-1.0793	-0.5437	1.8939	
10.02	-0.0821	-1.3209	-0.6514	1.7418	
10.03	0.0339	-1.1385	-0.6701	1.6671	
10.04	0.1496	-0.5671	-0.6631	1.5215	
10.05	0.2608	0.0928	-0.5775	1.5235	
10.06	0.363	0.4449	-0.5209	1.4811	
10.07	0.4583	0.3555	-0.4828	1.2912	
10.08	0.5288	-0.249	-0.3888	1.3709	
10.09	0.6255	-1.0131	-0.2272	1.2486	
10.1	0.5947	-1.5123	-0.1055	1.0644	
10.11	0.661	-1.6206	0.0397	1.0519	
10.12	0.7305	-1.0641	0.1795	1.0693	
10.13	0.6973	-0.3698	0.3201	0.9148	
10.14	0.733	0.1868	0.5104	0.9505	
10.15	0.6803	0.2838	0.6005	0.8478	
10.16	0.6871	-0.125	0.7358	0.8833	
10.17	0.5388	-0.9178	0.7754	0.8237	
10.18	0.4559	-1.3764	0.8602	0.8496	
10.19	0.3788	-1.8847	0.9017	0.7622	
10.2	0.2852	-1.3748	1.0324	0.7689	
10.21	0.2209	-0.8688	0.9197	0.895	
10.22	0.0831	-0.1474	0.8454	0.8914	
10.23	-0.0419	0.1704	0.8956	0.8875	
10.24	-0.1906	-0.0301	0.8089	0.9222	
10.25	-0.311	-0.6712	0.7385	0.8925	
10.26	-0.4236	-1.5218	0.5665	0.9772	
10.27	-0.5426	-1.9801	0.3721	0.9273	
10.28	-0.7606	-1.669	0.207	1.1187	
10.29	-0.7905	-1.3074	0.0316	1.0944	
10.3	-0.9055	-0.5859	-0.1505	1.2823	
10.31	-1.0222	-0.0256	-0.3849	1.2255	
10.32	-1.1668	0.0079	-0.6108	1.3573	
10.33	-1.1547	-0.4321	-0.7452	1.3034	
10.34	-1.2523	-1.2444	-0.9948	1.3081	
10.35	-1.2009	-1.7857	-1.0823	1.4101	
10.36	-1.3072	-2.0949	-1.2318	1.318	
10.37	-1.1457	-1.5342	-1.28	1.5986	
10.38	-1.1778	-0.8799	-1.4904	1.6156	
10.39	-1.0655	-0.2711	-1.4524	1.4741	
10.4	-1.1094	-0.0252	-1.4513	1.6605	
10.41	-0.8782	-0.2942	-1.6323	1.6772	
10.42	-0.8757	-0.9437	-1.5265	1.6426	
10.43	-0.7101	-1.7435	-1.4519	1.5001	
10.44	-0.5133	-2.1248	-1.5795	1.4154	
10.45	-0.4286	-1.7308	-1.4719	1.3609	
10.46	-0.2021	-1.3012	-1.3203	1.3897	
10.47	-0.0276	-0.6062	-1.1581	1.3728	
10.48	0.153	-0.1242	-1.1281	1.4242	
10.49	0.3406	-0.1561	-0.9804	1.2264	
10.5	0.5302	-0.6832	-0.8962	1.0671	
10.51	0.7854	-1.3544	-0.663	1.1738	
10.52	1.0502	-1.7562	-0.5892	1.0441	
10.53	1.0685	-2.0686	-0.4651	0.922	
10.54	1.3534	-1.7323	-0.3704	0.766	
10.55	1.474	-0.9618	-0.2644	0.6974	
10.56	1.5055	-0.305	-0.2192	0.5574	
10.57	1.7351	-0.0642	-0.1899	0.3933	
10.58	1.967	-0.4078	-0.1828	0.2788	
10.59	1.8556	-1.0646	-0.1888	0.1388	
10.6	2.1608	-1.6638	-0.256	0.0248	
10.61	1.8811	-1.949	-0.3201	-0.091	
10.62	2.0225	-1.9352	-0.419	-0.2418	
10.63	1.925	-1.1028	-0.5371	-0.3332	
10.64	2.049	-0.4274	-0.7181	-0.4619	
10.65	1.9533	-0.0343	-0.882	-0.5228	
10.66	1.9614	-0.1037	-1.1071	-0.6502	
10.67	1.7061	-0.613	-1.25	-0.7611	
10.68	1.6489	-1.3586	-1.4473	-0.8876	
10.69	1.4737	-1.7363	-1.5717	-0.9929	
10.7	1.1636	-1.7056	-1.6297	-0.9061	
10.71	0.9732	-1.3323	-2.1127	-1.1138	
10.72	0.71	-0.7202	-2.0448	-1.1193	
10.73	0.5073	-0.053	-2.2702	-1.2158	
10.74	0.2453	0.1023	-2.4519	-1.1166	
10.75	-0.0232	-0.2544	-2.5519	-1.1395	
10.76	-0.2578	-0.9449	-2.7697	-1.1688	
10.77	-0.5715	-1.4347	-2.6891	-1.246	
10.78	-0.7899	-1.7854	-2.4585	-1.1862	
10.79	-1.109	-1.4676	-2.7465	-1.0675	
10.8	-1.3212	-0.8635	-2.4925	-1.0618	
10.81	-1.4008	-0.116	-2.6397	-0.9057	
10.82	-1.8201	0.2809	-2.6776	-0.8452	
10.83	-1.8184	0.1396	-2.4655	-0.797	
10.84	-1.8927	-0.3963	-2.1636	-0.6943	
10.85	-2.1491	-1.1022	-2.3074	-0.5648	
10.86	-2.2555	-1.5938	-1.9908	-0.4484	
10.87	-2.116	-1.5634	-1.7763	-0.3282	
10.88	-2.3174	-0.9836	-1.6809	-0.2026	
10.89	-2.2443	-0.2178	-1.558	-0.0464	
10.9	-2.2724	0.3849	-1.413	0.0947	
10.91	-2.4575	0.4432	-1.2257	0.2378	
10.92	-2.2049	0.0787	-1.0541	0.39	
10.93	-2.0532	-0.5803	-0.9852	0.4997	
10.94	-1.933	-1.0823	-1.0179	0.6404	
10.95	-1.9174	-1.255	-1.0504	0.8492	
10.96	-1.9101	-0.9694	-0.9131	0.9106	
10.97	-1.4975	-0.3064	-0.8978	1.1622	
10.98	-1.5453	0.4087	-1.0091	1.1511	
10.99	-1.3068	0.7043	-1.0253	1.3431	
11.0	-1.0874	0.6272	-1.1377	1.3402	
11.01	-0.7353	-0.0249	-1.3146	1.635	
11.02	-0.4698	-0.6385	-1.3881	1.701	
11.03	-0.2426	-1.1707	-1.5719	1.9205	
11.04	-0.016	-0.9195	-1.7819	1.7729	
11.05	0.2228	-0.3148	-1.7474	1.7131	
11.06	0.4903	0.4609	-1.8764	2.0951	
11.07	0.7389	0.9624	-1.9937	2.0043	
11.08	0.8877	1.0231	-2.5579	2.111	
11.09	1.144	0.5563	-2.5037	1.9939	
11.1	1.2196	-0.129	-2.4494	2.1574	
11.11	1.4568	-0.7335	-2.7544	2.0844	
11.12	1.6481	-0.726	-2.5758	1.9085	
11.13	1.6122	-0.308	-3.0712	1.8826	
11.14	1.9937	0.4019	-3.2358	1.9586	
11.15	1.878	1.1118	-3.158	1.8739	
11.16	1.9689	1.4079	-2.8443	1.7014	
11.17	1.8849	1.1704	-2.611	1.8457	
11.18	2.21	0.5152	-2.8144	1.8505	
11.19	2.1085	-0.1713	-2.7992	1.7684	
11.2	1.9441	-0.4434	-2.6385	1.5786	
11.21	2.0421	-0.2608	-2.5733	1.3974	
11.22	2.0228	0.3981	-2.436	1.4474	
11.23	1.8904	1.0312	-2.0883	1.3278	
11.24	1.5112	1.466	-1.7901	1.2977	
11.25	1.4908	1.4541	-1.7235	1.1168	
11.26	1.2966	1.045	-1.6957	0.9679	
11.27	1.1973	0.3912	-1.3831	0.9179	
11.28	1.0623	-0.0767	-1.2291	0.7543	
11.29	0.9221	-0.1066	-0.9995	0.76	
11.3	0.8496	0.3418	-0.9601	0.6608	
11.31	0.6948	1.2251	-0.7971	0.5508	
11.32	0.4899	1.6726	-0.7239	0.4569	
11.33	0.3983	2.0461	-0.7023	0.45	
11.34	0.2146	1.6719	-0.6485	0.3516	
11.35	0.0791	0.9467	-0.6676	0.3414	
11.36	-0.0525	0.3714	-0.6499	0.2678	
11.37	-0.185	0.1225	-0.8218	0.2145	
11.38	-0.2901	0.399	-0.778	0.2305	
11.39	-0.3991	1.156	-1.008	0.1906	
11.4	-0.551	1.8399	-0.9468	0.1672	
11.41	-0.617	2.2998	-1.1622	0.1779	
11.42	-0.7433	1.9837	-1.3747	0.1706	
11.43	-0.795	1.5484	-1.2973	0.1945	
11.44	-0.8569	0.8883	-1.5515	0.2403	
11.45	-0.8281	0.4528	-1.6393	0.2389	
11.46	-0.9464	0.5253	-2.0011	0.293	
11.47	-0.9726	0.9876	-1.98	0.3065	
11.48	-0.9551	1.902	-2.1656	0.33	
11.49	-1.038	2.5642	-2.2634	0.3925	
11.5	-1.0488	2.481	-2.1603	0.4013	
11.51	-0.9889	2.2241	-2.0661	0.5259	
11.52	-0.9997	1.4255	-2.0501	0.5213	
11.53	-0.8987	0.9126	-2.1263	0.6399	
11.54	-1.0465	0.6304	-1.9772	0.691	
11.55	-0.9599	1.0216	-1.9135	0.6156	
11.56	-0.8929	1.6959	-1.9287	0.7386	
11.57	-1.0316	2.3469	-1.8651	0.7709	
11.58	-1.0509	2.4431	-1.5429	0.7751	
11.59	-0.9496	2.7397	-1.6076	0.7602	
11.6	-0.8851	1.9665	-1.3067	0.8146	
11.61	-1.0254	1.2045	-1.0907	0.8743	
11.62	-0.9397	0.7621	-0.8649	0.8318	
11.63	-1.0178	0.8674	-0.7162	0.8445	
11.64	-0.943	1.4342	-0.5182	0.769	
11.65	-0.9588	2.2027	-0.3002	0.7914	
11.66	-0.8375	2.7596	-0.1431	0.7655	
11.67	-0.9578	2.9547	0.0199	0.6724	
11.68	-0.7831	2.3938	0.1496	0.5926	
11.69	-0.9003	1.6761	0.2692	0.5964	
11.7	-0.7795	1.1179	0.3212	0.5206	
11.71	-0.7608	0.9254	0.3807	0.426	
11.72	-0.7202	1.181	0.388	0.3413	
11.73	-0.6711	2.0483	0.4422	0.2422	
11.74	-0.5636	2.4174	0.4399	0.1217	
11.75	-0.5562	3.1296	0.3426	0.01	
11.76	-0.4745	2.615	0.2837	-0.1157	
11.77	-0.381	2.0991	0.1682	-0.2148	
11.78	-0.2636	1.3094	0.0661	-0.3406	
11.79	-0.1882	1.0215	-0.0583	-0.4772	
11.8	-0.0619	1.0293	-0.1871	-0.6817	
11.81	0.0577	1.7875	-0.311	-0.7043	
11.82	0.201	2.3301	-0.4816	-0.8522	
11.83	0.3302	2.8	-0.631	-1.0309	
11.84	0.4328	3.0891	-0.6991	-1.1717	
11.85	0.5972	2.6017	-0.816	-1.181	
11.86	0.796	1.7292	-0.8164	-1.3653	
11.87	0.9819	1.1259	-1.043	-1.4391	
11.88	1.1045	1.0131	-0.9377	-1.4711	
11.89	1.2832	1.3028	-1.0096	-1.7196	
11.9	1.2399	1.8974	-0.9485	-1.6262	
11.91	1.4863	2.4761	-0.9558	-1.9639	
11.92	1.7021	3.2061	-0.8495	-1.8263	
11.93	1.7661	2.8396	-0.8053	-2.0141	
11.94	1.7533	1.8911	-0.7137	-2.1688	
11.95	1.8382	1.1485	-0.4697	-1.866	
11.96	2.1796	0.9011	-0.3297	-2.1678	
11.97	2.1695	1.0507	-0.1732	-2.1273	
11.98	1.9811	1.5862	-0.0014	-2.0805	
11.99	2.1164	2.2412	0.1932	-1.8547	
12.0	2.2636	2.7244	0.3887	-1.8851	
12.01	2.1295	2.6163	0.5965	-1.9267	
12.02	1.8405	2.0841	0.6787	-2.0276	
12.03	1.8139	1.3284	0.8375	-1.8249	
12.04	1.6757	0.8732	0.9889	-1.7236	
12.05	1.7056	0.8703	1.2292	-1.5869	
12.06	1.5111	1.1632	1.3152	-1.5801	
12.07	1.4162	2.0085	1.3816	-1.4034	
12.08	1.1053	2.3575	1.3216	-1.3744	
12.09	0.9808	2.6618	1.6195	-1.1789	
12.1	0.6345	2.0352	1.4268	-0.9499	
12.11	0.4308	1.5863	1.5766	-0.9619	
12.12	0.1965	0.8584	1.418	-0.7734	
12.13	-0.0651	0.6014	1.2807	-0.5933	
12.14	-0.3184	0.7906	1.1299	-0.4363	
12.15	-0.589	1.4061	1.1606	-0.3146	
12.16	-0.8193	2.2464	1.0121	-0.1612	
12.17	-1.1043	2.5678	0.8897	-0.0322	
12.18	-1.3621	2.2584	0.6608	0.1046	
12.19	-1.5589	1.6736	0.5499	0.2336	
12.2	-1.678	0.8979	0.3291	0.3785	
12.21	-1.8883	0.4335	0.2174	0.4425	
12.22	-2.1908	0.441	0.0909	0.6257	
12.23	-2.1715	0.9428	-0.0278	0.7487	
12.24	-2.4615	1.5271	-0.1202	0.7022	
12.25	-2.7616	2.1931	-0.2019	0.7789	
12.26	-2.7362	2.3574	-0.2212	0.8429	
12.27	-2.726	1.7768	-0.2429	1.0206	
12.28	-2.5455	1.0374	-0.252	0.9983	
12.29	-2.7481	0.3474	-0.2077	0.9666	
12.3	-2.7376	0.0865	-0.1566	1.0083	
12.31	-2.5099	0.38	-0.0799	1.1463	
12.32	-2.6426	1.0552	0.0325	1.0462	
12.33	-2.3315	1.6014	0.1513	1.0983	
12.34	-2.2893	1.9938	0.3132	1.0332	
12.35	-2.1107	1.5561	0.4746	1.0503	
12.36	-1.7883	1.0881	0.6433	1.0251	
12.37	-1.5378	0.3	0.762	0.9893	
12.38	-1.1977	-0.1429	0.8818	0.884	
12.39	-1.1074	-0.09	1.1927	0.8043	
12.4	-0.7627	0.4413	1.3941	0.6793	
12.41	-0.4395	1.1001	1.4465	0.6588	
12.42	-0.1263	1.4636	1.3926	0.5807	
12.43	0.1671	1.7116	1.7316	0.475	
12.44	0.4701	1.0428	1.7096	0.3458	
12.45	0.6948	0.3476	1.6431	0.2839	
12.46	1.0661	-0.2797	1.8408	0.1878	
12.47	1.3393	-0.5046	1.7034	0.1021	
12.48	1.4943	-0.1094	1.5777	0.0016	
12.49	1.5856	0.5969	1.7932	-0.0854	
12.5	1.8507	1.0601	1.5843	-0.1754	
12.51	1.9854	1.4366	1.4765	-0.2551	
12.52	2.4862	1.0204	1.2793	-0.3348	
12.53	2.4152	0.3692	1.1478	-0.4353	
12.54	2.643	-0.3299	1.0163	-0.5005	
12.55	2.45	-0.6695	0.754	-0.506	
12.56	2.4482	-0.6148	0.6397	-0.5632	
12.57	2.6241	-0.023	0.4114	-0.64	
12.58	2.3712	0.6895	0.2828	-0.6181	
12.59	2.2362	1.0895	0.104	-0.7271	
12.6	2.5742	0.9313	-0.0324	-0.6924	
12.61	2.3508	0.4622	-0.1533	-0.7835	
12.62	2.0198	-0.2759	-0.254	-0.6931	
12.63	1.9283	-0.8848	-0.3714	-0.7185	
12.64	1.804	-0.9365	-0.4345	-0.6514	
12.65	1.6158	-0.5326	-0.4619	-0.6847	
12.66	1.3313	0.1409	-0.3894	-0.619	
12.67	1.167	0.7757	-0.441	-0.582	
12.68	0.8028	0.815	-0.3761	-0.6047	
12.69	0.5454	0.5752	-0.2895	-0.5481	
12.7	0.3823	-0.1816	-0.1798	-0.4781	
12.71	0.1195	-0.8524	-0.0595	-0.458	
12.72	-0.1238	-1.1696	0.0826	-0.4167	
12.73	-0.3778	-1.0962	0.2136	-0.3487	
12.74	-0.6066	-0.4252	0.3501	-0.2711	
12.75	-0.8092	0.2861	0.4669	-0.2361	
12.76	-1.0391	0.641	0.6741	-0.1796	
12.77	-1.1019	0.5031	0.8012	-0.1628	
12.78	-1.3658	-0.0437	0.8789	-0.1186	
12.79	-1.4618	-0.7956	0.9993	-0.0866	
12.8	-1.5901	-1.3481	1.1922	-0.0557	
12.81	-1.7238	-1.3395	1.1589	-0.037	
12.82	-1.6743	-0.8663	1.3522	-0.0199	
12.83	-1.7799	-0.1379	1.2702	-0.015	
12.84	-1.7503	0.3907	1.2707	-0.0166	
12.85	-1.5387	0.4994	1.2388	-0.0301	
12.86	-1.7508	0.1193	1.2616	-0.0493	
12.87	-1.7285	-0.6503	1.0898	-0.0845	
12.88	-1.4678	-1.2274	0.9792	-0.121	
12.89	-1.4755	-1.4632	0.7438	-0.1728	
12.9	-1.3551	-1.1772	0.7099	-0.2128	
12.91	-1.1075	-0.5784	0.5351	-0.29	
12.92	-1.0149	0.1012	0.2866	-0.3919	
12.93	-0.8482	0.4144	0.1194	-0.5103	
12.94	-0.8211	0.2422	-0.0615	-0.5382	
12.95	-0.6049	-0.3663	-0.2235	-0.5994	
12.96	-0.4953	-1.0337	-0.4289	-0.7181	
12.97	-0.3185	-1.6683	-0.5772	-0.8572	
12.98	-0.1979	-1.4809	-0.7207	-1.1078	
12.99	-0.0779	-0.8849	-0.8418	-1.1074	
13.0	0.0511	-0.2596	-0.9121	-1.3313	
13.01	0.1776	0.2922	-1.0757	-1.3312	
13.02	0.264	0.3616	-0.9347	-1.5839	
13.03	0.3713	-0.1073	-1.0858	-1.8017	
13.04	0.4522	-0.7914	-0.9354	-1.8291	
13.05	0.5365	-1.4265	-1.0512	-1.9258	
13.06	0.5555	-1.7101	-0.9362	-2.1521	
13.07	0.594	-1.195	-0.8323	-2.3108	
13.08	0.5676	-0.6052	-0.7173	-2.2674	
13.09	0.6329	0.1018	-0.6413	-2.3619	
13.1	0.5466	0.3956	-0.4037	-2.2418	
13.11	0.5794	0.1573	-0.3064	-2.5107	
13.12	0.5613	-0.4496	-0.1245	-2.5141	
13.13	0.5174	-1.2832	0.0176	-2.6418	
13.14	0.4252	-1.5103	0.1829	-2.9272	
13.15	0.3813	-1.5625	0.3043	-2.7477	
13.16	0.3331	-0.9509	0.4043	-2.8274	
13.17	0.272	-0.1421	0.5901	-2.6299	
13.18	0.1693	0.3713	0.644	-2.7495	
13.19	0.1232	0.3781	0.7438	-2.8407	
13.2	0.0617	-0.1304	0.8106	-2.7585	
13.21	-0.0013	-0.908	0.7181	-2.6628	
13.22	-0.0605	-1.5256	0.7299	-2.6733	
13.23	-0.1092	-1.6519	0.6903	-2.8643	
13.24	-0.1345	-1.1248	0.6765	-2.551	
13.25	-0.1861	-0.3372	0.5761	-2.7465	
13.26	-0.2155	0.2849	0.45	-2.183	
13.27	-0.1905	0.5501	0.3141	-2.2578	
13.28	-0.2178	0.2249	0.166	-2.129	
13.29	-0.2173	-0.4607	0.0028	-2.2164	
13.3	-0.1662	-1.0692	-0.1567	-1.8192	
13.31	-0.1554	-1.2925	-0.3097	-1.8588	
13.32	-0.1003	-1.2097	-0.5298	-1.5682	
13.33	-0.0596	-0.5423	-0.5963	-1.3737	
13.34	-0.0079	0.1177	-0.7578	-1.2983	
13.35	0.0516	0.5802	-0.9977	-1.1689	
13.36	0.1216	0.4929	-1.0231	-1.0861	
13.37	0.1759	-0.0132	-1.1361	-1.0004	
13.38	0.2807	-0.7242	-1.2126	-0.7586	
13.39	0.3636	-1.2492	-1.1599	-0.5858	
13.4	0.3794	-1.2867	-1.1523	-0.4819	
13.41	0.4288	-0.7242	-1.3101	-0.3713	
13.42	0.547	-0.0539	-1.1345	-0.2492	
13.43	0.6011	0.5293	-1.1058	-0.1156	
13.44	0.5899	0.6785	-0.94	-0.0105	
13.45	0.7456	0.3565	-0.8366	0.0891	
13.46	0.7256	-0.2925	-0.7534	0.163	
13.47	0.6998	-0.9607	-0.5169	0.2605	
13.48	0.8187	-1.1499	-0.3927	0.3333	
13.49	0.7083	-0.8453	-0.198	0.4193	
13.5	0.7864	-0.2557	-0.0358	0.4106	
13.51	0.7021	0.492	0.1555	0.4716	
13.52	0.6497	0.8587	0.32	0.4965	
13.53	0.5686	0.7255	0.5032	0.4599	
13.54	0.5434	0.1885	0.5684	0.5003	
13.55	0.4427	-0.5825	0.7297	0.486	
13.56	0.4034	-0.9429	0.7599	0.4804	
13.57	0.3111	-0.8923	0.8903	0.3829	
13.58	0.1878	-0.4691	0.8986	0.3992	
13.59	0.0988	0.3373	1.0504	0.3108	
13.6	-0.0124	0.945	1.0583	0.2495	
13.61	-0.1252	1.0952	0.9877	0.2159	
13.62	-0.2247	0.6339	0.9339	0.1375	
13.63	-0.3325	-0.1031	0.8264	0.0536	
13.64	-0.4148	-0.7336	0.6979	-0.0273	
13.65	-0.5217	-0.9059	0.6581	-0.1198	
13.66	-0.6537	-0.5997	0.425	-0.1818	
13.67	-0.7989	0.098	0.3503	-0.2953	
13.68	-0.7526	0.8666	0.1958	-0.4032	
13.69	-0.9318	1.2432	0.0356	-0.452	
13.7	-1.0243	0.9877	-0.1041	-0.5899	
13.71	-0.9976	0.3125	-0.2352	-0.5983	
13.72	-0.9686	-0.3889	-0.3265	-0.6857	
13.73	-1.0001	-0.8099	-0.4599	-0.8194	
13.74	-1.0533	-0.748	-0.5627	-0.8914	
13.75	-0.9111	-0.1087	-0.5935	-0.9787	
13.76	-1.0364	0.5621	-0.6002	-0.9838	
13.77	-0.9614	1.2132	-0.5733	-0.9204	
13.78	-0.8383	1.1444	-0.6013	-1.1021	
13.79	-0.8012	0.6776	-0.517	-0.996	
13.8	-0.7865	-0.0023	-0.4116	-1.0656	
13.81	-0.6102	-0.565	-0.3498	-1.1691	
13.82	-0.5758	-0.762	-0.1951	-1.0359	
13.83	-0.4566	-0.3683	-0.0578	-1.03	
13.84	-0.3411	0.3375	0.1138	-1.0027	
13.85	-0.1993	0.9374	0.3191	-1.056	
13.86	-0.1046	1.283	0.4755	-0.9341	
13.87	0.0137	1.1116	0.6352	-1.0638	
13.88	0.1148	0.3825	0.8571	-0.9737	
13.89	0.239	-0.327	1.1527	-0.9177	
13.9	0.3064	-0.6444	1.2497	-0.8872	
13.91	0.3733	-0.4968	1.4259	-0.8368	
13.92	0.5324	0.0592	1.5234	-0.7518	
13.93	0.5684	0.797	1.5497	-0.7278	
13.94	0.6346	1.3547	1.6382	-0.6833	
13.95	0.6287	1.1417	1.8845	-0.6182	
13.96	0.6748	0.6797	1.9136	-0.4969	
13.97	0.7358	-0.0547	2.0854	-0.4884	
13.98	0.7761	-0.6055	1.872	-0.4054	
13.99	0.7647	-0.7143	1.7038	-0.386	
14.0	0.7047	-0.2445	1.7299	-0.3115	
14.01	0.6554	0.4835	1.8041	-0.2942	
14.02	0.5721	0.9989	1.7153	-0.259	
14.03	0.5631	1.1415	1.3996	-0.2236	
14.04	0.4354	0.9605	1.3367	-0.211	
14.05	0.3914	0.228	1.1567	-0.2173	
14.06	0.2923	-0.4883	1.0852	-0.2253	
14.07	0.2193	-0.8024	0.9739	-0.2526	
14.08	0.1416	-0.5687	0.8075	-0.269	
14.09	0.0594	0.0514	0.683	-0.2858	
14.1	-0.0301	0.8244	0.6501	-0.3289	
14.11	-0.115	1.0514	0.5359	-0.3651	
14.12	-0.1961	1.0105	0.433	-0.4564	
14.13	-0.244	0.4373	0.4122	-0.524	
14.14	-0.328	-0.2946	0.3845	-0.5978	
14.15	-0.388	-0.734	0.4485	-0.699	
14.16	-0.3916	-0.7563	0.4332	-0.77	
14.17	-0.4101	-0.3417	0.5473	-0.8318	
14.18	-0.4763	0.3234	0.6024	-0.9758	
14.19	-0.4721	0.9891	0.771	-1.0721	
14.2	-0.4263	0.9835	0.8435	-1.2012	
14.21	-0.4285	0.5838	1.0856	-1.2349	
14.22	-0.4036	-0.1118	1.095	-1.3407	
14.23	-0.3325	-0.7504	1.4042	-1.4583	
14.24	-0.2468	-1.127	1.475	-1.5275	
14.25	-0.1941	-0.7515	1.9154	-1.9158	
14.26	-0.116	-0.1335	2.0054	-1.8505	
14.27	-0.0123	0.4825	2.0257	-2.1386	
14.28	0.0902	0.8545	2.1577	-2.3567	
14.29	0.1797	0.6179	2.425	-2.4048	
14.3	0.276	0.0418	2.6575	-2.4772	
14.31	0.4478	-0.647	2.5045	-2.6434	
14.32	0.486	-1.1094	2.9586	-2.6553	
14.33	0.6081	-1.1855	2.5131	-2.7842	
14.34	0.7565	-0.6857	2.791	-2.7884	
14.35	0.8631	0.0648	2.8938	-2.7842	
14.36	0.9263	0.5876	2.9467	-2.6288	
14.37	0.9	0.6199	2.5367	-2.6699	
14.38	1.083	0.1322	2.7735	-2.5791	
14.39	1.0998	-0.5923	2.4242	-3.0309	
14.4	0.9588	-1.2333	2.3866	-2.5616	
14.41	1.0099	-1.378	2.2161	-3.0677	
14.42	1.0107	-1.0776	2.0497	-2.7099	
14.43	1.0885	-0.4646	2.065	-2.7116	
14.44	0.9958	0.1807	1.7176	-2.7728	
14.45	0.9554	0.4763	1.6779	-2.4048	
14.46	0.8134	0.1802	1.3253	-2.7232	
14.47	0.7294	-0.5436	1.3217	-2.2619	
14.48	0.581	-1.1863	1.0769	-2.4885	
14.49	0.4199	-1.58	1.02	-2.3551	
14.5	0.2329	-1.6182	0.9289	-2.0792	
14.51	0.09	-0.9219	1.018	-1.8289	
14.52	-0.0987	-0.335	0.8752	-1.8745	
14.53	-0.2896	0.1381	0.8811	-1.5411	
14.54	-0.4828	0.103	0.9595	-1.4784	
14.55	-0.6668	-0.3884	0.8953	-1.3167	
14.56	-0.7637	-1.2459	1.0329	-1.0944	
14.57	-1.0506	-1.8342	1.1015	-1.0222	
14.58	-1.2095	-1.7685	1.2987	-0.904	
14.59	-1.2311	-1.3989	1.3061	-0.6622	
14.6	-1.4241	-0.9165	1.6202	-0.4845	
14.61	-1.7976	-0.2464	1.8128	-0.4037	
14.62	-1.6075	-0.0522	1.7351	-0.2327	
14.63	-1.7986	-0.3556	1.9362	-0.1171	
14.64	-1.7995	-0.9939	2.0721	0.0124	
14.65	-2.099	-1.8899	2.3008	0.1197	
14.66	-2.1743	-2.2777	2.5844	0.2355	
14.67	-2.126	-2.1984	2.7678	0.3306	
14.68	-1.9067	-1.4335	2.4387	0.3915	
14.69	-1.8381	-0.7696	2.4649	0.5149	
14.7	-1.7788	-0.318	2.6991	0.611	
14.71	-1.7274	-0.4118	2.8103	0.6915	
14.72	-1.6702	-1.011	2.7953	0.6502	
14.73	-1.5493	-1.8001	2.8696	0.7488	
14.74	-1.2259	-2.1885	2.3471	0.6766	
14.75	-1.1778	-2.3089	2.2488	0.7126	
14.76	-0.8577	-1.795	2.5327	0.7556	
14.77	-0.6235	-1.165	2.3853	0.6762	
14.78	-0.3691	-0.6412	2.0322	0.722	
14.79	-0.1149	-0.5423	1.8231	0.6077	
14.8	0.1524	-0.9449	1.5209	0.6504	
14.81	0.4237	-1.46	1.5827	0.5551	
14.82	0.6993	-2.3093	1.3972	0.5504	
14.83	1.009	-2.742	1.1833	0.4344	
14.84	1.2523	-2.2815	0.9664	0.4048	
14.85	1.5297	-1.7325	0.8043	0.3301	
14.86	1.5259	-0.9379	0.695	0.2366	
14.87	1.9151	-0.6987	0.4836	0.1614	
14.88	1.9263	-0.797	0.4819	0.1006	
14.89	2.1511	-1.3303	0.4076	0.0196	
14.9	2.5696	-1.9509	0.3158	-0.0547	
14.91	2.2663	-2.4291	0.3039	-0.1331	
14.92	2.589	-2.7493	0.3504	-0.1966	
14.93	2.6463	-2.1776	0.3445	-0.2588	
14.94	2.3694	-1.3374	0.4154	-0.3331	
14.95	2.4668	-0.8656	0.5253	-0.3733	
14.96	2.4657	-0.7648	0.6207	-0.4646	
14.97	2.4728	-1.284	0.6799	-0.5294	
14.98	2.5028	-1.8647	0.9664	-0.5024	
14.99	2.1987	-2.3607	1.0324	-0.518	
15.0	1.9284	-3.0506	1.2538	-0.5395	
15.01	1.9478	-2.5483	1.1715	-0.6179	
15.02	1.5805	-1.8863	1.2754	-0.5874	
15.03	1.5897	-1.2562	1.6592	-0.6298	
15.04	1.2875	-0.9251	1.5162	-0.5978	
15.05	0.9408	-1.059	1.5868	-0.6084	
15.06	0.6906	-1.6465	1.8623	-0.5578	
15.07	0.4561	-2.4227	1.8925	-0.5188	
15.08	0.1552	-2.8313	1.9183	-0.51	
15.09	-0.1405	-2.6181	1.6556	-0.4295	
15.1	-0.3694	-2.1127	1.6108	-0.4034	
15.11	-0.6471	-1.3178	1.4492	-0.3542	
15.12	-0.879	-0.8456	1.3215	-0.2738	
15.13	-1.2722	-0.8413	1.4242	-0.2041	
15.14	-1.303	-1.3989	1.1629	-0.1339	
15.15	-1.4925	-2.2279	1.0305	-0.0761	
15.16	-1.6609	-2.7546	0.865	-0.0144	
15.17	-2.0129	-3.0809	0.5638	0.0523	
15.18	-2.2989	-2.5486	0.406	0.1129	
15.19	-2.0767	-1.6865	0.2013	0.1806	
15.2	-2.301	-1.0639	0.0071	0.2069	
15.21	-2.5517	-0.7227	-0.1981	0.2615	
15.22	-2.2609	-1.039	-0.3472	0.3472	
15.23	-2.4623	-1.7371	-0.4839	0.3674	
15.24	-2.3836	-2.1467	-0.5877	0.3615	
15.25	-2.4601	-2.6232	-0.7925	0.4258	
15.26	-2.1528	-2.5459	-0.8168	0.4349	
15.27	-2.2542	-2.0222	-0.9418	0.3913	
15.28	-2.1893	-1.2092	-0.983	0.4405	
15.29	-1.9412	-0.6984	-0.969	0.3786	
15.3	-1.7277	-0.7109	-0.9785	0.3749	
15.31	-1.5399	-1.2044	-0.8419	0.3689	
15.32	-1.3347	-1.9251	-0.8279	0.2974	
15.33	-1.263	-2.2228	-0.6778	0.2671	
15.34	-1.0602	-2.7023	-0.5723	0.2071	
15.35	-0.8242	-2.1961	-0.4748	0.1355	
15.36	-0.6242	-1.3698	-0.3267	0.056	
15.37	-0.3978	-0.6817	-0.2013	-0.0351	
15.38	-0.1834	-0.4279	-0.0768	-0.1437	
15.39	0.0018	-0.7611	0.0561	-0.2535	
15.4	0.1723	-1.3062	0.1646	-0.3161	
15.41	0.3435	-1.9993	0.2899	-0.4634	
15.42	0.5765	-2.1905	0.3353	-0.6093	
15.43	0.7102	-2.2263	0.4585	-0.6654	
15.44	0.8517	-1.5112	0.5054	-0.857	
15.45	0.9537	-0.7287	0.462	-0.8936	
15.46	1.1485	-0.2624	0.5168	-0.9871	
15.47	1.1314	-0.334	0.4456	-1.1895	
15.48	1.1463	-0.8692	0.3455	-1.3497	
15.49	1.3873	-1.5899	0.2571	-1.438	
15.5	1.271	-1.8543	0.1737	-1.4897	
15.51	1.5051	-1.8875	0.0278	-1.6229	
15.52	1.2944	-1.5044	-0.1257	-1.7866	
15.53	1.4293	-0.7424	-0.3144	-1.7139	
15.54	1.4174	-0.143	-0.4668	-1.7746	
15.55	1.2852	0.0325	-0.6629	-2.038	
15.56	1.4591	-0.2878	-0.7967	-1.9949	
15.57	1.334	-0.8999	-1.1192	-1.893	
15.58	1.3501	-1.7294	-1.1811	-2.2366	
15.59	1.2434	-1.8149	-1.5209	-2.048	
15.6	1.293	-1.4075	-1.5163	-2.0725	
15.61	1.1915	-0.7833	-1.7734	-2.1312	
15.62	1.1255	-0.0688	-1.6182	-1.9758	
15.63	0.9851	0.3319	-1.7222	-2.1057	
15.64	0.8838	0.204	-1.7862	-1.9513	
15.65	0.8384	-0.344	-1.9098	-2.0619	
15.66	0.8267	-1.0267	-2.0412	-1.7579	
15.67	0.728	-1.4983	-2.0543	-1.6576	
15.68	0.6483	-1.4549	-1.6928	-1.7705	
15.69	0.6464	-0.8781	-1.7467	-1.6626	
15.7	0.6174	-0.0386	-1.6925	-1.53	
15.71	0.5234	0.5188	-1.4857	-1.2232	
15.72	0.4536	0.6724	-1.4756	-1.1775	
15.73	0.3977	0.2689	-1.1684	-1.0173	
15.74	0.3676	-0.3916	-1.0934	-0.9172	
15.75	0.2733	-1.0556	-1.0332	-0.752	
15.76	0.2623	-1.1444	-0.7399	-0.5363	
15.77	0.1728	-0.7103	-0.6189	-0.4207	
15.78	0.1231	-0.0449	-0.4693	-0.2372	
15.79	0.073	0.6625	-0.4307	-0.0682	
15.8	0.0177	1.0578	-0.3159	0.0767	
15.81	-0.0451	0.8244	-0.2257	0.219	
15.82	-0.1067	0.1947	-0.1757	0.3772	
15.83	-0.1827	-0.4568	-0.1394	0.5791	
15.84	-0.2688	-0.825	-0.1319	0.6557	
15.85	-0.3437	-0.6133	-0.1599	0.7455	
15.86	-0.4412	-0.0599	-0.234	0.9407	
15.87	-0.484	0.7296	-0.3217	1.0338	
15.88	-0.6297	1.3084	-0.4342	1.0562	
15.89	-0.7447	1.2248	-0.4735	1.1566	
15.9	-0.8504	0.7599	-0.6276	1.2645	
15.91	-0.8744	0.1386	-0.8369	1.401	
15.92	-1.0657	-0.3669	-1.0184	1.4254	
15.93	-1.1454	-0.5237	-1.1668	1.5239	
15.94	-1.1315	-0.0627	-1.2819	1.671	
15.95	-1.1392	0.6314	-1.4408	1.4888	
15.96	-1.3765	1.24	-1.5479	1.7436	
15.97	-1.3638	1.4997	-1.623	1.4798	
15.98	-1.3823	1.2412	-1.7301	1.5772	
15.99	-1.506	0.6988	-2.0942	1.4999	
16.0	-1.5711	0.0767	-2.1145	1.549	
16.01	-1.6654	-0.2555	-2.0709	1.5067	
16.02	-1.7509	-0.0324	-1.96	1.3881	
16.03	-1.6485	0.6572	-2.0526	1.4946	
16.04	-1.7077	1.2333	-2.077	1.3633	
16.05	-1.5564	1.6589	-2.0398	1.2686	
16.06	-1.4622	1.6935	-1.668	1.1276	
16.07	-1.4077	1.2561	-1.8642	1.1435	
16.08	-1.3473	0.6008	-1.7402	1.1247	
16.09	-1.2293	0.086	-1.4424	0.9769	
16.1	-1.2845	0.0503	-1.3516	0.8652	
16.11	-1.1005	0.5017	-1.184	0.8612	
16.12	-0.9345	1.1987	-0.8698	0.8747	
16.13	-0.78	1.7495	-0.678	0.7287	
16.14	-0.5908	2.1829	-0.5646	0.7085	
16.15	-0.37	1.8386	-0.419	0.5774	
16.16	-0.1982	1.0327	-0.2189	0.5303	
16.17	0.0297	0.486	-0.0984	0.4984	
16.18	0.2337	0.1796	0.0036	0.4663	
16.19	0.4493	0.4604	0.0827	0.4139	
16.2	0.7299	1.0619	0.1645	0.3497	
16.21	0.9659	1.7519	0.1977	0.3227	
16.22	1.2103	2.4391	0.1906	0.3592	
16.23	1.4875	2.0694	0.1765	0.3472	
16.24	1.5207	1.6726	0.125	0.3626	
16.25	1.6044	0.9093	0.0514	0.359	
16.26	1.8222	0.3774	-0.0439	0.382	
16.27	2.1717	0.403	-0.1684	0.4102	
16.28	2.4022	0.8393	-0.2968	0.3887	
16.29	2.4005	1.6522	-0.3908	0.4792	
16.3	2.6141	2.1412	-0.6077	0.4998	
16.31	2.3399	2.2546	-0.7841	0.5242	
16.32	2.4313	1.9244	-0.8563	0.6635	
16.33	2.4031	1.2624	-0.918	0.7192	
16.34	2.5962	0.6567	-1.1475	0.7888	
16.35	2.2808	0.3785	-1.221	0.8231	
16.36	2.3527	0.7074	-1.2924	0.9182	
16.37	2.4339	1.4532	-1.2764	0.8897	
16.38	2.1702	2.0476	-1.5856	1.0841	
16.39	2.0098	2.4649	-1.3415	0.9776	
16.4	1.8415	2.0991	-1.3163	1.1366	
16.41	1.6003	1.4712	-1.3836	1.232	
16.42	1.287	0.8638	-1.4774	1.202	
16.43	1.1032	0.5027	-1.2965	1.2504	
16.44	0.8117	0.5852	-1.1402	1.3825	
16.45	0.484	1.1866	-1.0807	1.3971	
16.46	0.2271	1.8365	-0.861	1.3841	
16.47	-0.0305	2.3616	-0.6868	1.3207	
16.48	-0.2976	2.191	-0.5403	1.3825	
16.49	-0.5967	1.8243	-0.3229	1.3684	
16.5	-0.9404	1.2286	-0.1598	1.4069	
16.51	-1.0872	0.5833	0.0362	1.3297	
16.52	-1.2474	0.3996	0.2137	1.257	
16.53	-1.4629	0.7352	0.399	1.2636	
16.54	-1.7849	1.5618	0.5464	1.3352	
16.55	-1.9007	2.2856	0.6408	1.1468	
16.56	-2.2193	2.2369	0.7083	1.1156	
16.57	-2.5046	2.1376	0.7541	1.1159	
16.58	-2.3504	1.3072	0.8711	0.896	
16.59	-2.3231	0.6941	0.823	0.8932	
16.6	-2.692	0.3466	0.8108	0.7143	
16.61	-2.5626	0.4271	0.8692	0.617	
16.62	-2.532	1.0835	0.6902	0.5405	
16.63	-2.3768	1.7766	0.7148	0.3994	
16.64	-2.3871	2.0996	0.5813	0.2586	
16.65	-2.4645	2.3548	0.4124	0.149	
16.66	-2.2257	1.4995	0.2777	0.0254	
16.67	-2.0848	0.8269	0.1276	-0.1001	
16.68	-1.7989	0.3232	-0.0352	-0.2127	
16.69	-1.5246	0.19	-0.178	-0.3407	
16.7	-1.4643	0.6552	-0.3459	-0.4775	
16.71	-1.202	1.215	-0.4965	-0.6103	
16.72	-0.9483	1.9941	-0.5773	-0.6921	
16.73	-0.7582	2.1857	-0.7973	-0.8225	
16.74	-0.4614	1.6958	-0.7517	-0.8923	
16.75	-0.2154	1.056	-0.9066	-0.9726	
16.76	0.0538	0.3856	-0.9062	-0.9314	
16.77	0.298	0.0164	-0.971	-1.1062	
16.78	0.5811	0.1875	-0.9782	-1.1336	
