0.01	0.2342	0.3335	0.172	0.2997	0.31	
0.02	0.486	0.6266	0.3007	0.5671	0.6051	
0.03	0.7831	0.9611	0.4552	0.911	0.9384	
0.04	0.9323	1.1757	0.5706	1.0721	1.1119	
0.05	1.155	1.663	0.7737	1.4818	1.2882	
0.06	1.3211	1.9371	0.8688	1.5073	1.5439	
0.07	1.6151	1.9631	0.9726	1.8024	1.53	
0.08	1.7365	1.9482	1.1208	1.678	1.6755	
0.09	1.7746	2.2207	1.2371	1.703	1.5447	
0.1	2.1845	2.5612	1.4761	1.7781	1.5027	
0.11	1.9262	2.5335	1.4394	1.8079	1.578	
0.12	2.3201	2.1747	1.4956	1.6293	1.4243	
0.13	2.3247	2.2124	1.5919	1.4592	1.3084	
0.14	2.3741	2.0035	1.6265	1.3196	1.1301	
0.15	2.0287	2.099	1.8848	1.1431	1.0048	
0.16	2.0591	1.8419	1.7027	0.9801	0.8222	
0.17	2.2957	1.7616	1.7607	0.7452	0.6817	
0.18	2.1607	1.3857	2.0862	0.6353	0.5912	
0.19	2.0921	1.1878	1.826	0.4188	0.4446	
0.2	2.0317	1.0535	1.9638	0.2886	0.4128	
0.21	1.7042	0.8212	2.1081	0.1721	0.4776	
0.22	1.6559	0.6368	1.8241	0.0528	0.5857	
0.23	1.3364	0.4011	1.8649	-0.019	0.6935	
0.24	1.1594	0.2212	1.8136	-0.0605	0.8815	
0.25	0.9951	0.0416	1.9522	-0.0734	1.023	
0.26	0.8049	-0.1038	1.6643	-0.038	1.3385	
0.27	0.6372	-0.2218	1.8784	0.0141	1.4854	
0.28	0.5011	-0.2662	1.608	0.0973	1.7729	
0.29	0.3375	-0.3542	1.7393	0.2072	2.0648	
0.3	0.1657	-0.3298	1.6586	0.2986	2.2961	
0.31	-0.0067	-0.363	1.4413	0.3932	2.2939	
0.32	-0.1703	-0.2866	1.3541	0.5276	2.5152	
0.33	-0.301	-0.2283	1.3444	0.6448	2.8265	
0.34	-0.46	-0.1265	1.3086	0.6889	2.7369	
0.35	-0.58	-0.0208	1.2314	0.848	3.1714	
0.36	-0.6688	0.1064	1.1711	0.8154	2.7195	
0.37	-0.6713	0.2635	1.0001	0.8889	3.1421	
0.38	-0.7791	0.3604	0.9258	0.7218	2.8932	
0.39	-0.8178	0.5653	0.9227	0.7061	2.7742	
0.4	-0.7772	0.7017	0.9261	0.5614	2.5811	
0.41	-0.7855	0.8553	0.8352	0.4503	2.3294	
0.42	-0.7839	0.8719	0.9411	0.2796	2.0285	
0.43	-0.6373	1.141	0.8546	0.1162	1.902	
0.44	-0.5941	1.0313	0.8912	-0.0945	1.6122	
0.45	-0.5768	1.2083	0.7588	-0.3441	1.3139	
0.46	-0.4307	1.3005	0.7955	-0.5396	1.2718	
0.47	-0.3454	1.1767	0.8629	-0.7456	1.0971	
0.48	-0.1903	1.2244	0.898	-0.9411	0.9198	
0.49	-0.0616	1.129	1.0261	-1.1682	0.769	
0.5	0.0702	1.2787	0.8951	-1.256	0.7321	
0.51	0.2097	1.0653	1.0536	-1.3041	0.833	
0.52	0.3939	0.9731	1.0006	-1.5239	0.8727	
0.53	0.5192	1.0711	1.2812	-1.6085	0.899	
0.54	0.6241	0.9065	1.2572	-1.4804	1.1493	
0.55	0.8593	0.7962	1.3371	-1.2597	1.3777	
0.56	0.9617	0.6761	1.5084	-1.3717	1.4116	
0.57	1.1182	0.6987	1.3928	-1.075	1.6206	
0.58	1.1307	0.5778	1.6225	-0.83	1.6787	
0.59	1.4229	0.5225	1.6483	-0.6502	1.9717	
0.6	1.369	0.4842	1.908	-0.3945	1.9695	
0.61	1.6238	0.4406	1.7042	-0.0825	2.0255	
0.62	1.6583	0.3533	2.1014	0.2224	2.1067	
0.63	1.8668	0.3767	1.861	0.5331	2.2695	
0.64	1.9363	0.3775	2.1662	0.7356	2.0725	
0.65	1.6682	0.4419	2.284	1.0636	2.063	
0.66	1.9891	0.4597	2.0478	1.4579	1.8929	
0.67	1.9983	0.5184	2.3902	1.6232	1.4508	
0.68	1.6657	0.5512	2.2564	1.7094	1.2896	
0.69	1.7744	0.5809	2.5465	1.894	1.0247	
0.7	1.839	0.6491	2.6536	1.9206	0.8556	
0.71	1.8257	0.7386	2.2526	2.0923	0.5004	
0.72	1.8547	0.7493	2.6608	2.0552	0.2224	
0.73	1.681	0.8442	2.742	2.1124	-0.0626	
0.74	1.7286	0.7701	2.5562	2.0217	-0.3142	
0.75	1.4611	0.8603	2.3022	1.9054	-0.5589	
0.76	1.5302	0.7476	2.6453	1.8006	-0.6642	
0.77	1.2866	0.7307	2.5465	1.5844	-0.8403	
0.78	1.2052	0.651	2.1208	1.4701	-0.8404	
0.79	1.1209	0.5373	2.1602	1.2963	-0.9924	
0.8	1.1241	0.4227	2.3598	1.1149	-0.8772	
0.81	1.1738	0.2239	2.127	0.9528	-0.8518	
0.82	0.947	0.0499	1.988	0.7706	-0.7751	
0.83	0.9305	-0.1438	1.9303	0.6996	-0.7166	
0.84	1.0213	-0.4042	1.8604	0.5964	-0.4898	
0.85	0.8617	-0.6216	1.7256	0.514	-0.3419	
0.86	0.8284	-0.7777	1.6373	0.5882	-0.2272	
0.87	0.8193	-1.1685	1.4891	0.5399	-0.1089	
0.88	0.8974	-1.2347	1.2555	0.65	0.0081	
0.89	0.8721	-1.6375	1.2282	0.7563	0.0904	
0.9	0.801	-1.7214	1.0697	0.8943	0.1195	
0.91	0.9099	-2.014	0.8502	0.931	0.1098	
0.92	0.8286	-2.2203	0.6876	0.9887	0.0553	
0.93	0.8609	-2.2153	0.5124	1.1358	-0.0492	
0.94	0.8778	-2.5843	0.3872	1.2631	-0.1848	
0.95	1.0073	-2.3829	0.2638	1.3367	-0.3849	
0.96	1.0168	-2.6291	0.1308	1.3423	-0.6436	
0.97	0.9131	-2.3252	-0.0136	1.4344	-0.8653	
0.98	1.0492	-2.2773	-0.1281	1.7104	-1.1846	
0.99	0.927	-2.2706	-0.2438	1.5437	-1.4381	
1.0	1.0257	-2.3277	-0.38	1.4462	-1.6126	
1.01	1.1065	-2.3026	-0.4627	1.4013	-1.862	
1.02	0.9479	-1.9407	-0.5404	1.1834	-1.954	
1.03	1.0127	-1.7204	-0.6574	1.0172	-2.4261	
1.04	1.0866	-1.4358	-0.796	0.9135	-2.3971	
1.05	1.0627	-1.1917	-0.8288	0.7438	-2.7224	
1.06	0.9976	-0.9119	-0.9213	0.4179	-2.8474	
1.07	1.0189	-0.5724	-0.8272	0.2018	-2.7943	
1.08	0.9796	-0.3491	-0.9217	-0.0645	-2.4344	
1.09	0.7904	-0.0694	-0.9613	-0.3235	-2.3751	
1.1	0.7487	0.1763	-1.0001	-0.5424	-2.4773	
1.11	0.6685	0.4397	-0.8507	-0.8045	-2.2975	
1.12	0.6032	0.6663	-0.8375	-0.8765	-1.9591	
1.13	0.5426	0.8615	-0.9867	-1.1216	-1.7577	
1.14	0.4308	0.9418	-0.9083	-1.0505	-1.4011	
1.15	0.3452	0.9457	-0.7796	-1.0957	-1.4854	
1.16	0.2935	1.0085	-0.7745	-1.2522	-1.0666	
1.17	0.1613	1.1606	-0.7984	-1.0276	-1.114	
1.18	0.0619	0.92	-0.7145	-1.0886	-0.8685	
1.19	-0.0342	0.8491	-0.6285	-0.8926	-0.8948	
1.2	-0.1332	0.8181	-0.522	-0.7158	-0.7603	
1.21	-0.2041	0.7071	-0.4639	-0.4147	-0.7853	
1.22	-0.2881	0.5003	-0.373	-0.203	-0.9231	
1.23	-0.3563	0.2652	-0.3714	0.0717	-0.9566	
1.24	-0.4328	0.0169	-0.2633	0.3869	-1.0456	
1.25	-0.48	-0.2281	-0.1945	0.5884	-1.2338	
1.26	-0.5361	-0.504	-0.1409	0.9435	-1.5631	
1.27	-0.5821	-0.7882	-0.0898	1.2356	-1.5381	
1.28	-0.5778	-0.9229	-0.0294	1.5551	-2.0473	
1.29	-0.5482	-1.2839	0.0183	1.682	-2.1232	
1.3	-0.6072	-1.5021	0.0553	1.8437	-2.0346	
1.31	-0.5805	-1.742	0.1031	1.9545	-2.2291	
1.32	-0.4812	-1.7676	0.1318	1.8664	-2.26	
1.33	-0.401	-1.7227	0.1479	2.2344	-2.5715	
1.34	-0.3484	-2.1196	0.1513	1.9187	-2.4264	
1.35	-0.2708	-2.1198	0.1444	2.2283	-2.4957	
1.36	-0.1503	-2.1169	0.1506	1.8892	-2.0926	
1.37	-0.0505	-1.7808	0.1304	2.0564	-2.2739	
1.38	0.0752	-1.9146	0.0846	1.596	-1.9975	
1.39	0.213	-1.8876	0.0548	1.6453	-1.4986	
1.4	0.3587	-1.5531	0.0067	1.5804	-1.4127	
1.41	0.4362	-1.5909	-0.0531	1.4177	-1.0034	
1.42	0.5761	-1.2195	-0.1046	1.2747	-0.9023	
1.43	0.7821	-0.9928	-0.1956	1.2119	-0.5364	
1.44	0.8007	-0.7623	-0.2394	1.119	-0.2897	
1.45	1.0829	-0.5728	-0.3585	0.9925	-0.0903	
1.46	1.213	-0.2903	-0.4096	1.0032	0.1078	
1.47	1.1901	-0.071	-0.5612	1.0037	0.2267	
1.48	1.2831	0.1574	-0.6407	0.9325	0.3708	
1.49	1.5469	0.3878	-0.7012	0.9438	0.388	
1.5	1.3808	0.5674	-0.8942	1.0868	0.4041	
1.51	1.6006	0.7602	-0.9167	1.3171	0.3653	
1.52	1.4895	0.9466	-0.9836	1.2013	0.2636	
1.53	1.4436	1.0604	-1.242	1.451	0.1308	
1.54	1.4418	1.2549	-1.2084	1.6018	-0.0009	
1.55	1.4373	1.2672	-1.4184	1.7456	-0.1424	
1.56	1.4872	1.2506	-1.4769	1.7722	-0.3016	
1.57	1.3195	1.2367	-1.6851	1.8713	-0.4955	
1.58	1.1829	1.4119	-1.5865	2.1163	-0.5602	
1.59	1.0252	1.2483	-1.8163	2.2509	-0.6394	
1.6	1.0522	1.3915	-1.9156	2.0366	-0.7406	
1.61	0.7644	1.3735	-1.6976	2.2799	-0.6855	
1.62	0.6861	1.153	-1.9874	2.0286	-0.775	
1.63	0.4569	1.2041	-1.94	1.7964	-0.611	
1.64	0.2212	1.0898	-1.7291	1.7634	-0.5242	
1.65	0.0159	1.0637	-2.0623	1.6501	-0.3541	
1.66	-0.1903	1.0562	-1.9319	1.4318	-0.1379	
1.67	-0.4421	0.9841	-2.0072	1.0385	0.1011	
1.68	-0.7195	0.9412	-1.8663	0.8597	0.3616	
1.69	-0.9282	0.8996	-2.0282	0.5438	0.6539	
1.7	-1.1158	0.9275	-1.6908	0.3269	0.9542	
1.71	-1.2859	0.9488	-1.5952	0.0437	1.3017	
1.72	-1.5224	0.9717	-1.798	-0.1954	1.3425	
1.73	-1.6662	0.9909	-1.6485	-0.4421	1.4981	
1.74	-1.8332	1.0153	-1.4575	-0.703	1.76	
1.75	-1.9839	1.1417	-1.5068	-0.8784	1.9571	
1.76	-2.3692	1.1896	-1.3297	-0.8353	1.9729	
1.77	-2.1825	1.1079	-1.1301	-1.0539	2.1663	
1.78	-2.4212	1.3403	-1.1754	-1.021	2.2	
1.79	-2.7619	1.2351	-1.0289	-1.0197	2.1664	
1.8	-2.7298	1.2616	-0.9068	-0.935	2.0096	
1.81	-2.386	1.356	-0.7802	-0.7827	1.8565	
1.82	-2.4778	1.4575	-0.6106	-0.6307	1.7328	
1.83	-2.7951	1.5561	-0.472	-0.4213	1.4581	
1.84	-2.791	1.3266	-0.3609	-0.1548	1.1965	
1.85	-2.2809	1.5198	-0.2716	0.0862	1.0333	
1.86	-2.3953	1.434	-0.1591	0.3349	0.8855	
1.87	-2.1133	1.281	-0.0406	0.5778	0.7128	
1.88	-1.9964	1.2603	0.0708	0.9066	0.5553	
1.89	-1.9282	1.1221	0.1609	1.0887	0.5553	
1.9	-1.7721	1.0085	0.2522	1.3464	0.4863	
1.91	-1.5226	0.7413	0.3468	1.5534	0.5089	
1.92	-1.2646	0.6125	0.4138	1.5784	0.5695	
1.93	-1.0618	0.4743	0.5114	1.6469	0.7342	
1.94	-0.9111	0.2505	0.5838	1.8338	0.801	
1.95	-0.7422	0.076	0.6628	1.965	1.0353	
1.96	-0.5143	-0.1018	0.7073	1.8049	1.3139	
1.97	-0.3023	-0.2831	0.6809	1.7727	1.5232	
1.98	-0.1186	-0.4252	0.6545	1.7228	1.6556	
1.99	0.0653	-0.5384	0.6527	1.8264	2.0101	
2.0	0.2391	-0.7286	0.7228	1.6083	2.03	
2.01	0.396	-0.7878	0.6825	1.3552	2.3482	
2.02	0.5018	-0.7524	0.6323	1.2703	2.4841	
2.03	0.6659	-0.8618	0.6629	1.2768	2.2649	
2.04	0.7169	-0.8869	0.6042	1.1029	2.2948	
2.05	0.9236	-0.7936	0.4865	1.1309	2.5737	
2.06	0.8204	-0.6491	0.4006	0.9286	2.1494	
2.07	0.9982	-0.5595	0.3658	0.8799	2.2805	
2.08	0.9746	-0.4614	0.3139	0.8895	1.8854	
2.09	0.8685	-0.249	0.2153	0.9432	1.7904	
2.1	0.8501	-0.0565	0.1255	1.012	1.6667	
2.11	0.8165	0.1541	0.0483	1.0472	1.4941	
2.12	0.6708	0.3456	-0.0408	1.3219	1.0894	
2.13	0.6737	0.5518	-0.1303	1.3733	0.9379	
2.14	0.5157	0.7338	-0.2387	1.5871	0.6179	
2.15	0.3257	1.0343	-0.3062	1.8033	0.4008	
2.16	0.2087	1.1824	-0.3842	1.8033	0.209	
2.17	0.0203	1.4192	-0.5205	2.2114	0.0768	
2.18	-0.1656	1.6003	-0.5581	2.2002	-0.0198	
2.19	-0.3631	1.5213	-0.6147	2.4084	-0.076	
2.2	-0.5244	1.7137	-0.6885	2.6131	-0.0866	
2.21	-0.7174	1.6166	-0.7065	2.4745	-0.0434	
2.22	-0.8638	1.8494	-0.8416	2.437	0.0383	
2.23	-1.0387	1.7304	-0.8803	2.398	0.1634	
2.24	-1.339	1.5536	-0.9082	2.3743	0.3233	
2.25	-1.4521	1.4653	-0.8719	2.0994	0.5109	
2.26	-1.7288	1.2001	-0.9715	2.0271	0.6568	
2.27	-1.956	0.9304	-0.9016	1.7091	0.8202	
2.28	-2.1296	0.7363	-0.8823	1.7718	0.9857	
2.29	-2.0848	0.4837	-0.9726	1.4334	1.0621	
2.3	-2.2195	0.1906	-0.973	1.0937	1.2603	
2.31	-2.1479	-0.1453	-0.9744	0.8729	1.3006	
2.32	-2.2742	-0.4795	-0.8525	0.56	1.278	
2.33	-2.5015	-0.7672	-0.8393	0.2169	1.1462	
2.34	-2.4575	-1.1666	-0.7604	-0.0486	1.073	
2.35	-2.389	-1.4119	-0.7198	-0.2998	0.8822	
2.36	-2.6044	-1.837	-0.5726	-0.548	0.8035	
2.37	-2.4926	-2.1334	-0.5866	-0.7398	0.5396	
2.38	-2.1964	-2.2196	-0.4484	-0.7681	0.3051	
2.39	-2.2967	-2.2656	-0.3531	-0.8728	0.0718	
2.4	-2.1251	-2.4137	-0.2961	-0.9218	-0.1875	
2.41	-2.089	-2.739	-0.1909	-1.0483	-0.4796	
2.42	-1.9166	-3.0099	-0.088	-0.9344	-0.7872	
2.43	-1.9616	-2.859	0.011	-0.81	-1.0319	
2.44	-1.7174	-2.6183	0.1077	-0.6578	-1.1903	
2.45	-1.5879	-2.6321	0.2043	-0.4423	-1.4228	
2.46	-1.3644	-2.4181	0.2702	-0.2977	-1.4402	
2.47	-1.2039	-2.338	0.3454	-0.0522	-1.3521	
2.48	-1.1512	-2.1215	0.4853	0.1743	-1.5952	
2.49	-0.9827	-2.0446	0.4722	0.3813	-1.3574	
2.5	-0.8043	-1.8106	0.5727	0.6262	-1.4143	
2.51	-0.7343	-1.7163	0.6185	0.8687	-1.2839	
2.52	-0.5706	-1.3822	0.7172	1.0328	-1.1883	
2.53	-0.5233	-1.2573	0.7676	1.1398	-0.9849	
2.54	-0.3943	-0.9291	0.8044	1.2441	-0.6974	
2.55	-0.3197	-0.6824	0.7745	1.3257	-0.5828	
2.56	-0.2296	-0.5104	0.7714	1.4448	-0.3801	
2.57	-0.1604	-0.2803	0.7235	1.3301	-0.2207	
2.58	-0.0891	-0.0899	0.8298	1.4711	-0.1131	
2.59	-0.0526	0.0524	0.7154	1.3079	-0.0243	
2.6	-0.0213	0.1579	0.7918	1.2698	0.023	
2.61	-0.0011	0.2296	0.6218	1.319	0.0255	
2.62	0.0072	0.3	0.5838	1.209	-0.0197	
2.63	0.0055	0.3336	0.5833	1.004	-0.1033	
2.64	-0.0047	0.3264	0.5072	0.9086	-0.2374	
2.65	-0.0234	0.3093	0.4099	0.7612	-0.4241	
2.66	-0.0486	0.2734	0.3488	0.7205	-0.5617	
2.67	-0.0843	0.1904	0.2083	0.6033	-0.8217	
2.68	-0.122	0.0947	0.1148	0.6632	-1.0896	
2.69	-0.1603	-0.0102	0.0163	0.5798	-1.1988	
2.7	-0.174	-0.1047	-0.0904	0.6755	-1.5104	
2.71	-0.2134	-0.2451	-0.2144	0.6841	-1.5867	
2.72	-0.2851	-0.3078	-0.2944	0.8073	-1.7213	
2.73	-0.297	-0.44	-0.4285	0.9871	-2.1923	
2.74	-0.3314	-0.501	-0.515	1.0256	-2.0747	
2.75	-0.3476	-0.6097	-0.6151	1.2211	-2.2022	
2.76	-0.3781	-0.604	-0.8175	1.4396	-2.2052	
2.77	-0.4024	-0.7471	-0.881	1.6522	-2.1875	
2.78	-0.3682	-0.6885	-0.9124	1.8777	-1.9147	
2.79	-0.3909	-0.7076	-1.0165	1.9792	-1.8727	
2.8	-0.3539	-0.6295	-1.1701	2.262	-1.4787	
2.81	-0.3296	-0.6101	-1.1919	2.141	-1.418	
2.82	-0.3014	-0.5432	-1.2988	2.3912	-0.9837	
2.83	-0.2646	-0.5571	-1.4942	2.3009	-0.7976	
2.84	-0.2536	-0.4285	-1.3988	2.4823	-0.6103	
2.85	-0.1993	-0.3274	-1.5398	2.3234	-0.3884	
2.86	-0.1403	-0.2193	-1.5009	2.3763	-0.2252	
2.87	-0.0939	-0.1354	-1.7104	2.4677	-0.0586	
2.88	-0.036	-0.0402	-1.5359	2.1633	0.0457	
2.89	0.0223	0.0469	-1.5561	2.026	0.115	
2.9	0.0784	0.1427	-1.6076	1.5708	0.127	
2.91	0.1318	0.1841	-1.4132	1.4026	0.0775	
2.92	0.199	0.2345	-1.6203	1.0681	0.0008	
2.93	0.2466	0.3072	-1.3451	0.7677	-0.1233	
2.94	0.2911	0.2949	-1.4943	0.5318	-0.2478	
2.95	0.3262	0.2844	-1.2598	0.2097	-0.468	
2.96	0.3915	0.2738	-1.3356	-0.0637	-0.6224	
2.97	0.3966	0.292	-1.1171	-0.3056	-0.8757	
2.98	0.3748	0.2179	-1.0754	-0.5088	-1.0755	
2.99	0.4388	0.1809	-1.0496	-0.7327	-1.152	
3.0	0.3999	0.0917	-0.8342	-0.9626	-1.195	
3.01	0.3804	0.0284	-0.7909	-0.9053	-1.3141	
3.02	0.3307	-0.0448	-0.6557	-1.0367	-1.5454	
3.03	0.3645	-0.1072	-0.5409	-0.9748	-1.5109	
3.04	0.3079	-0.1869	-0.4724	-1.1336	-1.3932	
3.05	0.2171	-0.225	-0.3316	-0.981	-1.3298	
3.06	0.161	-0.2424	-0.2503	-0.8279	-1.2018	
3.07	0.1076	-0.2741	-0.1283	-0.6625	-0.9009	
3.08	0.0392	-0.25	-0.0206	-0.4733	-0.8116	
3.09	-0.0352	-0.2498	0.0794	-0.342	-0.5129	
3.1	-0.1204	-0.1771	0.1826	-0.1343	-0.3084	
3.11	-0.1887	-0.1111	0.2619	0.0621	-0.0259	
3.12	-0.2699	0.0074	0.3895	0.248	0.2177	
3.13	-0.3307	0.1584	0.4585	0.4294	0.4627	
3.14	-0.4035	0.3195	0.5468	0.5613	0.6374	
3.15	-0.4627	0.538	0.609	0.6499	0.7767	
3.16	-0.5509	0.635	0.6491	0.856	1.0497	
3.17	-0.5842	0.853	0.6657	0.7842	0.9404	
3.18	-0.6479	1.1048	0.6978	0.7918	1.0716	
3.19	-0.6436	1.3629	0.7245	0.919	1.0128	
3.2	-0.6228	1.5334	0.748	0.7571	0.931	
3.21	-0.7034	1.7674	0.6629	0.7745	0.8205	
3.22	-0.6272	2.2509	0.7065	0.6818	0.6719	
3.23	-0.637	2.3226	0.6762	0.5416	0.5638	
3.24	-0.5624	2.3143	0.7369	0.4399	0.3996	
3.25	-0.5229	2.7117	0.7165	0.3066	0.1846	
3.26	-0.376	2.797	0.6503	0.2189	-0.0211	
3.27	-0.2863	2.5779	0.519	0.1308	-0.19	
3.28	-0.1701	2.8586	0.4869	0.0549	-0.3321	
3.29	-0.0362	2.5802	0.4918	0.0079	-0.4632	
3.3	0.11	2.4971	0.4135	-0.0087	-0.5779	
3.31	0.2655	2.5875	0.3253	0.0077	-0.534	
3.32	0.4753	2.3424	0.2497	0.0608	-0.5628	
3.33	0.6468	2.3686	0.1947	0.1562	-0.5181	
3.34	0.7336	1.9559	0.119	0.2762	-0.3939	
3.35	0.9008	1.6808	0.0515	0.4531	-0.2236	
3.36	1.1172	1.3808	-0.0102	0.5852	-0.0257	
3.37	1.3318	1.159	-0.0769	0.8588	0.1966	
3.38	1.6029	0.9103	-0.1389	1.1096	0.4301	
3.39	1.6451	0.651	-0.1686	1.3452	0.6001	
3.4	1.9966	0.2587	-0.2183	1.3711	0.9596	
3.41	2.1921	-0.0279	-0.2548	1.6486	1.1793	
3.42	2.2887	-0.3465	-0.3017	1.9833	1.2284	
3.43	2.182	-0.624	-0.3444	1.825	1.434	
3.44	2.4281	-0.8079	-0.3321	2.045	1.4276	
3.45	2.4728	-0.9531	-0.3697	2.2779	1.4826	
3.46	2.7524	-1.3027	-0.3417	2.2692	1.4608	
3.47	2.716	-1.394	-0.3731	2.2351	1.4897	
3.48	2.7087	-1.3828	-0.3126	2.1982	1.5392	
3.49	2.6365	-1.6234	-0.2801	2.237	1.2245	
3.5	2.7598	-1.5456	-0.258	2.0886	1.0759	
3.51	2.325	-1.4867	-0.1999	1.6009	0.9806	
3.52	2.2642	-1.35	-0.1135	1.5724	0.7079	
3.53	2.5283	-1.3311	-0.0474	1.2984	0.5297	
3.54	2.0901	-1.0996	0.0387	1.0531	0.2916	
3.55	2.2803	-0.9869	0.1294	0.6868	0.1055	
3.56	2.0648	-0.6963	0.2172	0.3907	-0.0975	
3.57	1.6817	-0.4679	0.3671	0.0676	-0.233	
3.58	1.7623	-0.2217	0.4469	-0.2201	-0.3483	
3.59	1.3312	-0.0079	0.5409	-0.4985	-0.4706	
3.6	1.3013	0.2218	0.7574	-0.7669	-0.4464	
3.61	0.9544	0.4383	0.858	-0.9308	-0.4589	
3.62	0.7793	0.7106	1.0584	-1.0418	-0.3232	
3.63	0.5815	0.9147	1.1425	-1.1457	-0.2591	
3.64	0.436	1.0544	1.1609	-1.1498	-0.0844	
3.65	0.2127	1.095	1.4561	-1.2649	0.0901	
3.66	0.0039	1.2913	1.4409	-1.1954	0.2779	
3.67	-0.182	1.1788	1.6131	-1.2569	0.5416	
3.68	-0.3545	1.2033	1.684	-1.0404	0.7114	
3.69	-0.5038	1.272	1.7279	-0.8935	0.9195	
3.7	-0.6849	1.198	1.9724	-0.8436	1.0076	
3.71	-0.7191	1.0062	2.1519	-0.7097	1.274	
3.72	-0.8898	0.9908	2.2161	-0.5305	1.158	
3.73	-1.0247	0.8026	2.4186	-0.3643	1.3106	
3.74	-0.9502	0.6347	2.4299	-0.1986	1.3547	
3.75	-1.0562	0.4043	2.415	-0.0508	1.2869	
3.76	-0.991	0.2432	2.6826	0.057	1.1175	
3.77	-1.0513	0.0151	2.597	0.1302	0.9807	
3.78	-0.9091	-0.2152	2.5437	0.1965	0.8317	
3.79	-0.8673	-0.4709	2.5615	0.2115	0.6507	
3.8	-0.7326	-0.688	2.512	0.2109	0.4542	
3.81	-0.6135	-0.8442	2.5526	0.1693	0.186	
3.82	-0.4658	-0.9925	2.6959	0.0965	-0.0427	
3.83	-0.3162	-1.08	2.6277	0.007	-0.2699	
3.84	-0.1167	-1.2713	2.6162	-0.0979	-0.5003	
3.85	0.0602	-1.4259	2.6945	-0.2415	-0.62	
3.86	0.2653	-1.4148	2.1844	-0.3189	-0.7956	
3.87	0.5026	-1.5848	2.4021	-0.4861	-0.9481	
3.88	0.6192	-1.7931	2.4597	-0.5398	-0.9243	
3.89	0.9107	-1.7785	1.9969	-0.6758	-0.8072	
3.9	1.1072	-1.7243	2.0354	-0.8088	-0.8568	
3.91	1.2336	-1.7206	2.1318	-0.8466	-0.7459	
3.92	1.4839	-1.5972	1.8892	-0.8557	-0.6445	
3.93	1.6078	-1.499	1.7604	-0.7844	-0.4495	
3.94	1.7823	-1.5704	1.5835	-0.7421	-0.2359	
3.95	1.9931	-1.4859	1.6764	-0.617	-0.0082	
3.96	2.0539	-1.357	1.4646	-0.4055	0.217	
3.97	2.5132	-1.2887	1.4296	-0.258	0.4271	
3.98	2.6387	-1.2465	1.2948	-0.0294	0.5884	
3.99	2.5123	-1.0087	1.206	0.2097	0.7564	
4.0	2.6574	-1.0808	1.0407	0.453	0.7559	
4.01	2.6579	-0.9195	0.9452	0.6272	0.8971	
4.02	2.5286	-0.9333	0.7456	0.9692	1.0014	
4.03	2.7979	-0.9902	0.7204	1.2596	0.8536	
4.04	2.4255	-0.9714	0.6224	1.338	0.8894	
4.05	2.6402	-1.0778	0.5854	1.5107	0.7623	
4.06	2.2009	-0.9449	0.533	1.6668	0.5329	
4.07	2.1943	-0.9843	0.4494	1.6413	0.3669	
4.08	2.2799	-1.0493	0.4039	1.7177	0.1505	
4.09	2.2168	-1.0984	0.3598	1.9326	-0.0798	
4.1	1.7972	-1.2654	0.2943	1.8608	-0.3098	
4.11	1.7559	-1.2831	0.2828	1.7609	-0.5223	
4.12	1.6724	-1.1632	0.2844	1.6392	-0.6959	
4.13	1.3367	-1.3544	0.2901	1.3428	-0.9233	
4.14	1.1859	-1.415	0.2861	1.2073	-1.0378	
4.15	1.0058	-1.3298	0.3301	1.0085	-1.0802	
4.16	0.7821	-1.2662	0.3208	0.7249	-1.0381	
4.17	0.5114	-1.1899	0.3603	0.387	-1.0542	
4.18	0.3672	-1.1104	0.4149	0.1112	-1.0949	
4.19	0.1489	-1.0667	0.4319	-0.1872	-0.9324	
4.2	-0.0216	-0.8585	0.5348	-0.4131	-0.795	
4.21	-0.193	-0.7224	0.5777	-0.7438	-0.609	
4.22	-0.3506	-0.595	0.6312	-0.8598	-0.3817	
4.23	-0.4838	-0.411	0.6587	-1.2193	-0.1484	
4.24	-0.6566	-0.2052	0.7509	-1.1775	0.0723	
4.25	-0.7372	0.0074	0.7048	-1.4469	0.3166	
4.26	-0.7635	0.2175	0.7724	-1.457	0.4621	
4.27	-0.8426	0.4242	0.9496	-1.4331	0.6312	
4.28	-0.9822	0.6167	0.9568	-1.4872	0.8521	
4.29	-0.9292	0.8818	1.0538	-1.5208	0.968	
4.3	-1.0223	1.0148	0.9452	-1.4287	0.8838	
4.31	-1.0349	1.2863	1.0539	-1.2431	0.8541	
4.32	-0.9291	1.2474	1.0048	-1.1809	0.8348	
4.33	-0.9333	1.4704	1.0908	-0.9781	0.7204	
4.34	-0.823	1.4292	1.0773	-0.7817	0.7004	
4.35	-0.7779	1.6126	1.1217	-0.7594	0.4407	
4.36	-0.7562	1.5906	1.1166	-0.6183	0.2733	
4.37	-0.6802	1.4877	1.0369	-0.5229	0.0661	
4.38	-0.5749	1.5182	1.084	-0.4232	-0.1458	
4.39	-0.5208	1.291	1.0309	-0.3915	-0.3458	
4.4	-0.3979	1.2851	0.9087	-0.3682	-0.5935	
4.41	-0.3142	1.0806	0.8093	-0.3696	-0.6523	
4.42	-0.2448	0.8107	0.7876	-0.4002	-0.8256	
4.43	-0.1288	0.67	0.6557	-0.4378	-0.8385	
4.44	-0.0519	0.4237	0.6454	-0.5451	-0.9411	
4.45	0.0246	0.1941	0.4949	-0.668	-0.8679	
4.46	0.0969	-0.0401	0.3499	-0.7535	-0.8318	
4.47	0.1486	-0.2478	0.2412	-0.935	-0.8501	
4.48	0.2365	-0.4827	0.1252	-1.127	-0.5944	
4.49	0.2815	-0.6614	-0.0002	-1.2951	-0.4801	
4.5	0.2765	-0.7652	-0.133	-1.3271	-0.2529	
4.51	0.321	-0.8904	-0.2915	-1.6111	-0.03	
4.52	0.3519	-1.1545	-0.4312	-1.5601	0.2027	
4.53	0.3357	-1.1264	-0.6113	-1.6344	0.3819	
4.54	0.3381	-1.0871	-0.7453	-1.4788	0.5677	
4.55	0.3296	-1.0795	-0.8279	-1.406	0.7377	
4.56	0.2634	-1.1914	-1.0361	-1.5612	0.9478	
4.57	0.2225	-1.0228	-1.2655	-1.4424	1.1279	
4.58	0.1784	-0.8446	-1.4776	-1.2306	1.1576	
4.59	0.1257	-0.65	-1.5928	-1.011	1.1819	
4.6	0.0796	-0.473	-1.5161	-0.6898	1.0763	
4.61	0.0185	-0.2179	-1.6036	-0.4851	0.9388	
4.62	-0.05	0.0699	-1.9685	-0.2271	0.798	
4.63	-0.1208	0.3846	-1.9125	0.0578	0.6702	
4.64	-0.1912	0.6338	-2.1173	0.303	0.3908	
4.65	-0.2565	0.9746	-2.3438	0.569	0.2046	
4.66	-0.2723	1.1801	-2.5093	0.8939	-0.0402	
4.67	-0.3487	1.4361	-2.3091	0.9884	-0.2762	
4.68	-0.4074	1.962	-2.5864	1.2138	-0.5013	
4.69	-0.483	2.2369	-2.471	1.2301	-0.707	
4.7	-0.4566	2.1874	-2.5476	1.5061	-0.7314	
4.71	-0.4861	2.4611	-2.4734	1.3827	-0.8763	
4.72	-0.4924	2.8762	-2.5859	1.3396	-1.0433	
4.73	-0.5592	2.9248	-2.4454	1.3219	-1.0509	
4.74	-0.6131	2.9573	-2.4052	1.2389	-0.8745	
4.75	-0.6039	2.7154	-2.4438	0.9808	-0.8449	
4.76	-0.5755	2.6855	-2.5624	0.9472	-0.8054	
4.77	-0.5968	2.6361	-2.4456	0.694	-0.6299	
4.78	-0.4977	2.838	-2.4998	0.4101	-0.4462	
4.79	-0.4878	2.3615	-2.2136	0.1252	-0.2045	
4.8	-0.4358	2.3063	-2.3588	-0.1457	0.0002	
4.81	-0.4894	1.9334	-2.3717	-0.4364	0.1984	
4.82	-0.4477	1.923	-2.1158	-0.6984	0.3591	
4.83	-0.4226	1.6262	-2.0259	-0.8643	0.5774	
4.84	-0.3577	1.247	-1.8559	-1.0411	0.6792	
4.85	-0.3471	1.0516	-2.1157	-1.2913	0.7789	
4.86	-0.2899	0.777	-1.8756	-1.5102	0.8804	
4.87	-0.3147	0.5844	-1.7172	-1.6277	0.8428	
4.88	-0.3006	0.3072	-1.5598	-1.4186	0.7702	
4.89	-0.3003	0.0821	-1.6315	-1.6402	0.7256	
4.9	-0.2653	-0.1191	-1.4767	-1.4786	0.5466	
4.91	-0.3104	-0.3042	-1.5279	-1.4176	0.3192	
4.92	-0.2998	-0.4776	-1.4748	-1.5709	0.133	
4.93	-0.3723	-0.5355	-1.1739	-1.3002	-0.1003	
4.94	-0.3869	-0.6198	-1.1128	-1.1419	-0.3105	
4.95	-0.4268	-0.6559	-1.1342	-1.0589	-0.541	
4.96	-0.5616	-0.7997	-1.0666	-0.9336	-0.7625	
4.97	-0.6411	-0.7407	-0.966	-0.9476	-1.0786	
4.98	-0.7104	-0.7373	-1.03	-0.7655	-1.1427	
4.99	-0.8632	-0.6457	-0.9444	-0.7289	-1.3476	
5.0	-0.8565	-0.6148	-0.8872	-0.7067	-1.3582	
5.01	-1.0303	-0.5772	-0.8951	-0.7253	-1.4948	
5.02	-1.2185	-0.4461	-0.847	-0.6552	-1.5055	
5.03	-1.3587	-0.409	-0.871	-0.6969	-1.3191	
5.04	-1.4815	-0.3155	-0.9104	-0.8757	-1.1836	
5.05	-1.4797	-0.1983	-0.9299	-0.9607	-1.0144	
5.06	-1.5168	-0.1356	-1.0419	-0.9921	-0.7904	
5.07	-1.597	-0.0908	-1.0401	-1.3073	-0.699	
5.08	-1.7728	-0.0463	-1.0834	-1.5382	-0.4869	
5.09	-2.1061	-0.0219	-1.2454	-1.6256	-0.23	
5.1	-1.9667	-0.0146	-1.1938	-1.8288	-0.0519	
5.11	-2.1477	-0.0274	-1.3057	-1.7696	0.1223	
5.12	-2.148	-0.0542	-1.386	-1.8573	0.2921	
5.13	-2.2132	-0.092	-1.5286	-2.2777	0.3774	
5.14	-2.2892	-0.1734	-1.5773	-2.2686	0.4835	
5.15	-2.3752	-0.2328	-1.5354	-2.3515	0.501	
5.16	-2.186	-0.3256	-1.6544	-2.4399	0.3875	
5.17	-2.337	-0.4322	-1.5952	-2.2183	0.3791	
5.18	-2.0977	-0.46	-1.6959	-1.9462	0.2269	
5.19	-2.3923	-0.5599	-1.7047	-1.8628	0.0597	
5.2	-2.0424	-0.6546	-1.9766	-1.7532	-0.1357	
5.21	-1.9954	-0.7244	-1.7255	-1.6206	-0.325	
5.22	-1.7803	-0.7787	-1.8567	-1.3842	-0.607	
5.23	-1.7549	-0.8418	-2.0125	-1.1296	-0.7298	
5.24	-1.52	-0.8871	-2.0147	-0.7538	-0.9779	
5.25	-1.3808	-0.8523	-2.1577	-0.4735	-1.0965	
5.26	-1.3953	-0.9419	-2.1893	-0.2163	-1.3728	
5.27	-1.1598	-0.9801	-2.1153	0.0573	-1.3163	
5.28	-1.081	-0.9471	-2.0857	0.3385	-1.433	
5.29	-0.8353	-0.8012	-1.9396	0.5017	-1.5613	
5.3	-0.5852	-0.715	-1.8828	0.6796	-1.5468	
5.31	-0.4434	-0.6559	-2.0455	0.9318	-1.2748	
5.32	-0.2529	-0.5512	-1.9406	0.8878	-1.2435	
5.33	-0.057	-0.4791	-1.594	1.093	-1.0794	
5.34	0.1081	-0.3681	-1.6912	1.0093	-0.8682	
5.35	0.251	-0.2457	-1.6186	1.0216	-0.7103	
5.36	0.4416	-0.1249	-1.4201	0.8761	-0.4736	
5.37	0.5921	-0.0515	-1.367	0.7718	-0.1961	
5.38	0.712	0.0203	-1.3196	0.6364	0.0299	
5.39	0.8034	0.0815	-1.2497	0.386	0.233	
5.4	0.9401	0.1102	-1.0294	0.1499	0.3837	
5.41	0.9178	0.1118	-0.7832	-0.0679	0.6188	
5.42	0.8972	0.0882	-0.6799	-0.3148	0.6334	
5.43	0.9432	0.0355	-0.546	-0.5851	0.656	
5.44	0.9903	-0.0409	-0.4287	-0.8213	0.7669	
5.45	0.9456	-0.1488	-0.2542	-0.8929	0.7129	
5.46	0.78	-0.3082	-0.1093	-1.2671	0.6179	
5.47	0.7597	-0.4554	0.0539	-1.2847	0.4862	
5.48	0.6839	-0.6096	0.1904	-1.5339	0.3106	
5.49	0.5801	-0.7453	0.3592	-1.4136	0.1611	
5.5	0.417	-0.9805	0.4553	-1.3884	-0.0332	
5.51	0.2284	-1.1872	0.657	-1.5846	-0.2203	
5.52	0.0607	-1.3207	0.7132	-1.5747	-0.3833	
5.53	-0.1249	-1.5647	0.8909	-1.5727	-0.5493	
5.54	-0.3257	-1.9108	1.0103	-1.3076	-0.7702	
5.55	-0.547	-2.1104	1.0836	-1.3593	-0.7254	
5.56	-0.7974	-2.3039	1.2969	-1.0669	-0.8209	
5.57	-1.0209	-2.5487	1.3759	-1.0999	-0.898	
5.58	-1.2135	-2.1922	1.5521	-0.9651	-0.7992	
5.59	-1.4335	-2.3498	1.6203	-0.8272	-0.7053	
5.6	-1.4664	-2.3548	1.4124	-0.7464	-0.5368	
5.61	-1.5833	-2.3125	1.5474	-0.7002	-0.3904	
5.62	-1.8208	-2.5305	1.6949	-0.6893	-0.1777	
5.63	-1.9061	-2.3025	1.6645	-0.7954	0.0643	
5.64	-2.2189	-2.2365	1.675	-0.8917	0.2916	
5.65	-2.3041	-1.9435	1.5823	-0.9065	0.5364	
5.66	-2.3852	-1.7525	1.8167	-1.0415	0.7962	
5.67	-2.191	-1.3702	1.7827	-1.1431	1.1161	
5.68	-2.4337	-1.1909	1.8022	-1.3486	1.2463	
5.69	-2.6805	-0.9483	1.5673	-1.4519	1.4152	
5.7	-2.6224	-0.5098	1.6563	-1.5735	1.6133	
5.71	-2.3635	-0.2375	1.4121	-1.9776	1.6726	
5.72	-2.2344	0.1163	1.5278	-1.9552	1.5381	
5.73	-2.0755	0.4317	1.3796	-2.1677	1.5355	
5.74	-1.9923	0.7997	1.4351	-2.3182	1.3908	
5.75	-2.0514	1.0926	1.2333	-2.4164	1.3785	
5.76	-1.9328	1.2886	1.2809	-2.8692	1.3053	
5.77	-1.6205	1.6677	1.1414	-2.47	1.1495	
5.78	-1.6277	1.8873	1.055	-2.7646	0.8572	
5.79	-1.3737	2.062	1.0022	-2.8589	0.6565	
5.8	-1.0856	2.226	0.8333	-2.5944	0.5486	
5.81	-0.8709	2.2476	0.803	-2.2873	0.3316	
5.82	-0.6442	1.9704	0.653	-2.101	0.185	
5.83	-0.3444	2.2559	0.5939	-2.078	0.0685	
5.84	-0.1147	2.1778	0.6254	-1.7481	-0.001	
5.85	0.1114	2.0341	0.5491	-1.5157	-0.0288	
5.86	0.3132	1.8743	0.4835	-1.2538	-0.0125	
5.87	0.5717	1.5541	0.4915	-0.8956	0.0521	
5.88	0.7468	1.5828	0.4211	-0.5691	0.1645	
5.89	0.954	1.296	0.4059	-0.3241	0.3325	
5.9	1.1007	0.946	0.4341	-0.045	0.4775	
5.91	1.2985	0.8079	0.3942	0.199	0.6859	
5.92	1.573	0.5078	0.3984	0.3706	0.8651	
5.93	1.5617	0.2991	0.4281	0.538	1.2391	
5.94	1.6157	0.1046	0.4816	0.6235	1.2559	
5.95	1.8934	-0.094	0.4423	0.7097	1.6275	
5.96	1.9152	-0.2889	0.5449	0.7143	1.6561	
5.97	1.8184	-0.3916	0.5752	0.8045	1.9794	
5.98	1.8146	-0.5164	0.6506	0.6321	1.8912	
5.99	1.8925	-0.6506	0.7203	0.5783	1.8587	
6.0	1.8198	-0.6422	0.7249	0.4135	2.0957	
6.01	1.6751	-0.6306	0.7635	0.2532	2.1532	
6.02	1.785	-0.6753	1.0009	0.0553	1.9008	
6.03	1.4776	-0.5906	1.0764	-0.1436	1.6694	
6.04	1.5695	-0.4534	1.1182	-0.3738	1.466	
6.05	1.2236	-0.3472	1.2031	-0.5076	1.3961	
6.06	1.2408	-0.2218	1.3618	-0.708	1.0165	
6.07	0.9895	-0.0787	1.3719	-0.8682	0.89	
6.08	0.949	0.1034	1.5386	-1.0562	0.6814	
6.09	0.7001	0.2986	1.6536	-1.1214	0.4111	
6.1	0.6469	0.4247	1.5348	-1.3143	0.2	
6.11	0.4589	0.6141	1.8427	-1.2632	0.0169	
6.12	0.3189	0.8519	1.8531	-1.3251	-0.1095	
6.13	0.1761	1.0401	1.9288	-1.3165	-0.2218	
6.14	0.0314	1.1385	1.8923	-1.3351	-0.222	
6.15	-0.0895	1.2163	2.0824	-1.1258	-0.2175	
6.16	-0.1839	1.3183	2.0025	-1.0615	-0.1799	
6.17	-0.2991	1.4272	2.0884	-0.9732	-0.0849	
6.18	-0.4031	1.6757	2.1357	-0.8529	0.0426	
6.19	-0.4711	1.5327	2.1107	-0.7282	0.1848	
6.2	-0.5119	1.5143	2.0911	-0.6103	0.3814	
6.21	-0.5297	1.6561	1.8924	-0.5308	0.5487	
6.22	-0.5579	1.4872	1.931	-0.4882	0.6564	
6.23	-0.5462	1.4697	2.1218	-0.4558	0.819	
6.24	-0.5217	1.4227	1.8657	-0.4963	1.0602	
6.25	-0.5127	1.3199	2.0511	-0.5881	1.0591	
6.26	-0.4109	1.153	1.7671	-0.6201	1.2122	
6.27	-0.4184	1.1264	1.597	-0.6719	1.2062	
6.28	-0.3223	1.1475	1.7084	-0.943	1.226	
6.29	-0.2429	1.0032	1.4904	-0.9643	0.995	
6.3	-0.1332	0.823	1.5795	-1.1355	0.9303	
6.31	-0.0513	0.813	1.2284	-1.3573	0.8386	
6.32	0.0628	0.7009	1.1196	-1.804	0.5123	
6.33	0.1526	0.7398	1.1577	-2.0089	0.3429	
6.34	0.2603	0.7041	1.0101	-2.2017	0.0648	
6.35	0.4065	0.559	0.7837	-2.1682	-0.2189	
6.36	0.4666	0.6639	0.7432	-2.623	-0.5324	
6.37	0.6317	0.6287	0.5517	-2.5557	-0.6886	
6.38	0.6439	0.6252	0.3863	-2.7239	-0.9362	
6.39	0.7997	0.6042	0.2883	-2.9597	-1.0798	
6.4	0.9621	0.7095	0.1629	-2.7534	-1.3382	
6.41	1.0361	0.7519	0.04	-2.6455	-1.6034	
6.42	0.9834	0.7952	-0.0821	-2.7507	-1.4623	
6.43	1.1459	0.737	-0.1873	-2.3655	-1.5127	
6.44	1.2326	0.8196	-0.3162	-2.5302	-1.5403	
6.45	1.2183	0.8525	-0.3803	-2.124	-1.4338	
6.46	1.359	0.8634	-0.4669	-1.8489	-1.2571	
6.47	1.307	0.8901	-0.5611	-1.545	-1.1035	
6.48	1.2834	0.7617	-0.6121	-1.4686	-1.0183	
6.49	1.3505	0.7693	-0.7552	-1.0322	-0.8473	
6.5	1.1922	0.5872	-0.7744	-0.8117	-0.7528	
6.51	1.2149	0.463	-0.801	-0.4476	-0.517	
6.52	1.2113	0.3626	-0.8488	-0.2121	-0.3785	
6.53	1.2371	0.2212	-0.873	0.0412	-0.28	
6.54	1.1428	0.0318	-0.878	0.2633	-0.174	
6.55	1.0817	-0.1719	-0.9068	0.4518	-0.1591	
6.56	1.181	-0.3751	-0.8818	0.4995	-0.1589	
6.57	1.1671	-0.5579	-0.8289	0.6545	-0.2352	
6.58	1.1554	-0.8357	-0.8274	0.6792	-0.2978	
6.59	1.1159	-1.0308	-0.7304	0.607	-0.4686	
6.6	0.9726	-1.1876	-0.6787	0.586	-0.7097	
6.61	0.9177	-1.3431	-0.669	0.4928	-0.8414	
6.62	0.9153	-1.5899	-0.5746	0.3778	-1.0694	
6.63	0.9162	-1.8806	-0.495	0.2781	-1.3876	
6.64	1.0074	-1.8175	-0.4694	0.1045	-1.6797	
6.65	1.0409	-2.2841	-0.3915	-0.07	-1.7037	
6.66	1.0772	-2.3052	-0.2902	-0.225	-1.8723	
6.67	1.0389	-2.4168	-0.1768	-0.3976	-2.2192	
6.68	0.9543	-2.4588	-0.0923	-0.5506	-2.3182	
6.69	1.1032	-2.1321	-0.011	-0.6835	-2.2635	
6.7	1.1342	-1.9693	0.0802	-0.7142	-2.4009	
6.71	1.0374	-2.1102	0.1504	-0.8829	-2.3855	
6.72	1.2215	-2.0162	0.2221	-0.9344	-2.3388	
6.73	1.1253	-1.5405	0.3078	-0.8616	-2.5029	
6.74	1.4159	-1.3535	0.3604	-0.8707	-2.3137	
6.75	1.2205	-1.2778	0.4768	-0.8737	-2.044	
6.76	1.4721	-1.0402	0.5067	-0.7351	-1.8669	
6.77	1.5587	-0.6928	0.6135	-0.691	-1.4179	
6.78	1.418	-0.4696	0.5582	-0.4964	-1.3165	
6.79	1.3952	-0.2648	0.7076	-0.4643	-1.0033	
6.8	1.6396	-0.0023	0.7188	-0.3121	-0.8885	
6.81	1.5234	0.2263	0.701	-0.2078	-0.6231	
6.82	1.5868	0.4785	0.7269	-0.1013	-0.5503	
6.83	1.4977	0.6132	0.7105	-0.0192	-0.3729	
6.84	1.5304	0.753	0.7511	0.0283	-0.3599	
6.85	1.7064	0.8963	0.6166	0.039	-0.3552	
6.86	1.6632	0.8654	0.6712	0.0237	-0.3533	
6.87	1.471	1.0182	0.6153	-0.035	-0.4296	
6.88	1.5734	1.0222	0.5406	-0.1292	-0.4941	
6.89	1.3591	0.8868	0.5208	-0.2664	-0.6325	
6.9	1.3673	0.901	0.4088	-0.4452	-0.8292	
6.91	1.3596	0.7293	0.3369	-0.6213	-0.9646	
6.92	1.0924	0.5559	0.2392	-0.8483	-1.1921	
6.93	1.0667	0.2873	0.1686	-1.0603	-1.4694	
6.94	0.8957	0.0725	0.0841	-1.4382	-1.5508	
6.95	0.8008	-0.1988	-0.0077	-1.4917	-1.7287	
6.96	0.7155	-0.4155	-0.1088	-1.7227	-1.9054	
6.97	0.5475	-0.6801	-0.1826	-2.1667	-1.9289	
6.98	0.3792	-0.9683	-0.3011	-2.0319	-1.698	
6.99	0.2392	-1.1558	-0.4212	-2.2775	-1.6637	
7.0	0.1061	-1.4479	-0.4956	-2.3024	-1.676	
7.01	-0.036	-1.7396	-0.5599	-2.4607	-1.4725	
7.02	-0.1633	-1.9648	-0.6372	-2.4677	-1.2998	
7.03	-0.3012	-2.0543	-0.7729	-2.5459	-0.9918	
7.04	-0.3926	-2.2614	-0.7441	-2.5463	-0.7802	
7.05	-0.4863	-2.5552	-0.882	-2.6605	-0.4064	
7.06	-0.6033	-2.1794	-0.9929	-2.2751	-0.1533	
7.07	-0.6588	-2.3963	-0.9379	-2.0351	0.1339	
7.08	-0.7886	-2.5437	-0.9345	-1.6941	0.4114	
7.09	-0.7936	-2.1713	-0.9566	-1.5597	0.5729	
7.1	-0.8724	-2.0115	-0.9625	-1.3682	0.8564	
7.11	-0.8924	-2.0176	-0.9977	-1.0323	1.0797	
7.12	-0.747	-1.7541	-0.9904	-0.677	1.1833	
7.13	-0.7713	-1.5485	-1.16	-0.4181	1.1185	
7.14	-0.7945	-1.5042	-1.0325	-0.1546	1.2736	
7.15	-0.611	-1.2454	-1.0754	0.0833	1.1627	
7.16	-0.5895	-0.836	-0.9764	0.3222	1.0457	
7.17	-0.4776	-0.5605	-0.8912	0.4957	1.015	
7.18	-0.3648	-0.3555	-0.817	0.6431	0.7829	
7.19	-0.1849	-0.085	-0.76	0.7099	0.6832	
7.2	-0.052	0.1698	-0.6327	0.7097	0.4778	
7.21	0.1047	0.3663	-0.5603	0.7451	0.3662	
7.22	0.2682	0.6617	-0.5664	0.6712	0.2211	
7.23	0.455	0.7193	-0.3893	0.6296	0.1058	
7.24	0.6472	1.0192	-0.3252	0.4845	0.0341	
7.25	0.8618	1.0209	-0.2072	0.3593	-0.0045	
7.26	1.0456	1.1526	-0.0883	0.2655	0.0024	
7.27	1.2234	1.2894	0.0178	0.1135	0.0615	
7.28	1.193	1.237	0.1319	-0.0207	0.16	
7.29	1.4569	1.2166	0.2234	-0.1632	0.3211	
7.3	1.4373	1.3673	0.3417	-0.2816	0.472	
7.31	1.696	1.3368	0.4692	-0.3846	0.6997	
7.32	1.7674	1.1146	0.5426	-0.431	0.986	
7.33	1.928	1.0953	0.6489	-0.4914	1.3144	
7.34	2.1167	1.1319	0.7019	-0.4089	1.4703	
7.35	2.1514	1.075	0.8736	-0.4541	1.7297	
7.36	2.1452	0.9771	0.9312	-0.3912	2.1498	
7.37	1.9199	0.9244	1.0707	-0.2705	2.0912	
7.38	1.9608	0.7513	1.0828	-0.1483	2.622	
7.39	1.8086	0.6916	1.0862	-0.0352	2.55	
7.4	1.8072	0.7552	1.0898	0.0965	2.4376	
7.41	1.739	0.6918	1.102	0.2329	2.7327	
7.42	1.6424	0.7043	1.164	0.399	2.8717	
7.43	1.4144	0.7068	1.2821	0.5529	2.4381	
7.44	1.1413	0.6124	1.0926	0.6803	2.5086	
7.45	1.055	0.701	1.0897	0.7547	2.1303	
7.46	0.8949	0.6882	1.1571	0.7761	2.3257	
7.47	0.6052	0.8557	1.0669	0.8039	2.0591	
7.48	0.3841	0.8346	1.1219	0.7586	1.753	
7.49	0.1448	0.9597	1.1065	0.6128	1.5711	
7.5	-0.0954	1.0315	0.8573	0.5838	1.2636	
7.51	-0.3506	1.1678	0.9452	0.3817	1.0384	
7.52	-0.5915	1.2193	0.7291	0.2162	1.0609	
7.53	-0.7633	1.1331	0.6962	0.0064	0.9312	
7.54	-1.025	1.1972	0.6046	-0.252	0.8459	
7.55	-1.1707	1.3141	0.5275	-0.4964	0.7948	
7.56	-1.5254	1.2171	0.3519	-0.7303	0.7617	
7.57	-1.757	1.1305	0.2593	-1.0093	0.9519	
7.58	-1.8061	1.2777	0.1701	-1.3713	1.0007	
7.59	-2.0689	1.1216	0.0422	-1.5678	1.2076	
7.6	-2.021	1.1509	-0.0722	-1.694	1.3867	
7.61	-2.3898	1.0467	-0.1727	-1.7614	1.4866	
7.62	-2.2217	0.9284	-0.3235	-1.9882	1.5866	
7.63	-2.3165	0.7524	-0.4277	-2.1463	1.9917	
7.64	-2.5758	0.6779	-0.4863	-2.2327	1.9868	
7.65	-2.2385	0.4863	-0.594	-2.3336	2.1096	
7.66	-2.5877	0.3069	-0.7628	-2.0226	2.4548	
7.67	-2.2377	0.198	-0.8037	-1.9559	2.1542	
7.68	-2.3089	0.0456	-0.7959	-1.8841	2.1869	
7.69	-2.0286	-0.0815	-1.0157	-1.5523	2.3309	
7.7	-2.306	-0.1774	-0.9254	-1.4592	2.112	
7.71	-2.0481	-0.2919	-0.9659	-1.1684	2.1411	
7.72	-1.9017	-0.3766	-1.1376	-0.9424	2.1	
7.73	-1.7533	-0.4303	-1.1627	-0.7052	1.8867	
7.74	-1.6262	-0.4325	-1.2156	-0.4496	1.3555	
7.75	-1.3163	-0.4283	-1.0581	-0.1878	1.168	
7.76	-1.1992	-0.3442	-1.1909	0.0603	0.995	
7.77	-0.9359	-0.2967	-1.1993	0.2738	0.6776	
7.78	-0.7469	-0.1548	-1.1442	0.4414	0.397	
7.79	-0.5826	-0.034	-1.0415	0.6211	0.1179	
7.8	-0.3986	0.1112	-0.969	0.7603	-0.1098	
7.81	-0.1903	0.2861	-1.0282	0.7842	-0.2588	
7.82	-0.0108	0.519	-0.9495	0.8792	-0.4008	
7.83	0.156	0.7243	-0.8781	0.7934	-0.5709	
7.84	0.2838	0.9116	-0.8538	0.7599	-0.5206	
7.85	0.3825	1.0111	-0.8343	0.7085	-0.6021	
7.86	0.5466	1.372	-0.6321	0.6685	-0.5742	
7.87	0.5936	1.5434	-0.5535	0.5957	-0.406	
7.88	0.7551	1.7757	-0.5891	0.4248	-0.353	
7.89	0.6724	1.8816	-0.4363	0.3553	-0.1963	
7.9	0.7395	1.9099	-0.4079	0.2572	-0.0548	
7.91	0.7697	2.0982	-0.3267	0.1344	0.0881	
7.92	0.7788	1.8344	-0.2356	0.0534	0.2384	
7.93	0.6744	2.0398	-0.1839	0.0043	0.3636	
7.94	0.6105	1.9774	-0.1061	-0.0208	0.3983	
7.95	0.6378	1.8321	-0.0623	-0.0152	0.4944	
7.96	0.504	1.748	-0.0084	0.0218	0.4551	
7.97	0.396	1.321	0.0318	0.0932	0.3884	
7.98	0.2839	1.2459	0.0732	0.1974	0.3047	
7.99	0.1351	0.9569	0.1008	0.3194	0.1757	
8.0	-0.0215	0.7274	0.119	0.4153	0.0084	
8.01	-0.1725	0.371	0.1185	0.6025	-0.2082	
8.02	-0.3547	0.0536	0.1088	0.7935	-0.4369	
8.03	-0.4659	-0.2917	0.0996	1.0237	-0.8049	
8.04	-0.6109	-0.5769	0.0781	1.1425	-1.1295	
8.05	-0.8957	-1.0163	0.044	1.2743	-1.2819	
8.06	-0.8989	-1.2469	0.0001	1.3105	-1.7193	
8.07	-1.179	-1.62	-0.0548	1.4238	-1.8571	
8.08	-1.1733	-1.6911	-0.1254	1.6104	-1.9837	
8.09	-1.2762	-1.8871	-0.1825	1.5137	-2.0419	
8.1	-1.6127	-2.4395	-0.2634	1.654	-2.2254	
8.11	-1.7214	-2.5502	-0.3606	1.4065	-2.6925	
8.12	-1.808	-2.402	-0.4738	1.2	-2.5108	
8.13	-1.7917	-2.4761	-0.5005	1.2491	-2.525	
8.14	-1.9245	-2.5752	-0.6527	0.9072	-2.4286	
8.15	-1.74	-2.8655	-0.8398	0.8135	-2.5245	
8.16	-1.7843	-2.6556	-0.9473	0.4689	-2.1371	
8.17	-2.1197	-2.5034	-0.9636	0.2018	-2.1628	
8.18	-1.8156	-2.5951	-1.1737	-0.0543	-1.9969	
8.19	-1.8313	-2.1566	-1.3302	-0.3576	-1.7299	
8.2	-1.9132	-1.9101	-1.3499	-0.5855	-1.5412	
8.21	-1.9945	-1.9017	-1.3632	-0.8044	-1.2377	
8.22	-2.0385	-1.6985	-1.5095	-1.1189	-1.241	
8.23	-1.8004	-1.4245	-1.624	-1.3467	-1.1016	
8.24	-1.8738	-1.0834	-1.7269	-1.3621	-0.9749	
8.25	-1.5554	-0.7444	-1.9229	-1.6792	-0.8947	
8.26	-1.5532	-0.5765	-2.0295	-1.8004	-0.9516	
8.27	-1.3831	-0.3456	-2.1295	-1.7572	-1.1183	
8.28	-1.5157	-0.1528	-2.2888	-1.6408	-1.0687	
8.29	-1.418	0.0286	-2.0712	-1.4496	-1.3033	
8.3	-1.3012	0.1808	-2.1268	-1.3323	-1.3914	
8.31	-1.0993	0.3089	-2.1018	-1.3699	-1.5368	
8.32	-1.0776	0.3493	-2.3486	-1.037	-1.7595	
8.33	-1.0682	0.4352	-2.5159	-0.7865	-1.9894	
8.34	-0.8448	0.4455	-2.3846	-0.5667	-2.5002	
8.35	-0.9335	0.4766	-2.3358	-0.3717	-2.4034	
8.36	-0.8151	0.3709	-2.4024	-0.1192	-2.5532	
8.37	-0.7062	0.3138	-2.2894	0.1299	-2.9489	
8.38	-0.7326	0.2203	-2.3102	0.3441	-2.6099	
8.39	-0.65	0.0972	-1.9779	0.5429	-2.9161	
8.4	-0.6747	-0.0278	-1.9583	0.6651	-3.0528	
8.41	-0.6123	-0.1676	-2.0778	0.922	-2.6125	
8.42	-0.6172	-0.3232	-1.8935	0.8826	-2.6861	
8.43	-0.605	-0.4678	-1.8679	1.0271	-2.5357	
8.44	-0.7023	-0.5816	-1.6914	0.9688	-2.1898	
8.45	-0.7084	-0.783	-1.5541	1.0861	-1.9309	
8.46	-0.6048	-0.839	-1.5217	0.9551	-1.58	
8.47	-0.6831	-0.877	-1.3853	0.9093	-1.3588	
8.48	-0.7609	-1.1125	-1.2138	0.7736	-1.1658	
8.49	-0.7155	-1.0708	-1.1057	0.7147	-0.8535	
8.5	-0.6832	-1.0346	-0.9699	0.6465	-0.5838	
8.51	-0.7739	-1.2057	-0.8397	0.485	-0.4019	
8.52	-0.8438	-1.23	-0.7918	0.4381	-0.2801	
8.53	-0.8447	-1.0872	-0.5778	0.348	-0.1532	
8.54	-0.8378	-1.0158	-0.5118	0.3242	-0.0813	
8.55	-0.7459	-0.9839	-0.3382	0.2627	-0.065	
8.56	-0.7875	-0.8753	-0.2379	0.3078	-0.0929	
8.57	-0.8138	-0.7211	-0.1398	0.3148	-0.1653	
8.58	-0.7969	-0.6651	-0.036	0.372	-0.2303	
8.59	-0.6981	-0.5725	0.0586	0.4605	-0.3967	
8.6	-0.6835	-0.4924	0.1363	0.6316	-0.4882	
8.61	-0.5665	-0.3941	0.2323	0.7279	-0.6912	
8.62	-0.5381	-0.2867	0.2728	1.037	-0.8025	
8.63	-0.4746	-0.1731	0.3693	1.072	-0.9771	
8.64	-0.4027	-0.1196	0.4238	1.5005	-0.9488	
8.65	-0.2871	-0.055	0.4035	1.523	-1.0548	
8.66	-0.234	-0.0186	0.4269	1.6027	-1.2282	
8.67	-0.1437	0.0042	0.4621	1.8023	-1.1413	
8.68	-0.0427	0.0112	0.4909	2.1484	-1.1166	
8.69	0.0488	0.0052	0.4759	2.102	-0.9817	
8.7	0.1436	-0.0133	0.4582	2.0754	-0.7612	
8.71	0.221	-0.0456	0.4677	2.1283	-0.5665	
8.72	0.2964	-0.0833	0.4862	2.4041	-0.2819	
8.73	0.4073	-0.1297	0.4165	1.9608	0.0042	
8.74	0.486	-0.1864	0.3713	1.9614	0.3217	
8.75	0.467	-0.196	0.3144	1.8636	0.5709	
8.76	0.552	-0.2249	0.2904	1.6228	0.9525	
8.77	0.5552	-0.275	0.2497	1.4562	1.2267	
8.78	0.6506	-0.2657	0.1941	1.0954	1.5364	
8.79	0.5788	-0.285	0.147	0.9144	1.7609	
8.8	0.6902	-0.2413	0.0809	0.5893	1.9808	
8.81	0.603	-0.1956	0.0301	0.3435	2.1034	
8.82	0.5897	-0.098	-0.0206	0.0516	2.1703	
8.83	0.514	-0.0047	-0.0706	-0.201	1.965	
8.84	0.519	0.117	-0.1035	-0.4803	1.9335	
8.85	0.4697	0.2868	-0.1466	-0.7277	1.9603	
8.86	0.3376	0.4255	-0.1805	-0.9209	1.9709	
8.87	0.2734	0.6373	-0.1979	-0.9512	1.5766	
8.88	0.1552	0.8233	-0.2452	-1.1411	1.5237	
8.89	0.0463	1.0166	-0.2605	-1.1147	1.2766	
8.9	-0.0782	1.3038	-0.2578	-1.1317	1.1991	
8.91	-0.2036	1.6029	-0.2552	-0.9877	1.101	
8.92	-0.3311	1.8437	-0.2384	-0.8327	0.8924	
8.93	-0.471	2.0754	-0.1919	-0.822	0.8035	
8.94	-0.5652	1.9727	-0.1499	-0.5466	0.8092	
8.95	-0.6349	2.2838	-0.1129	-0.4069	0.7143	
8.96	-0.7319	2.2676	-0.0513	-0.1942	0.8454	
8.97	-0.9336	2.6946	0.0162	0.0071	0.8072	
8.98	-1.0747	2.636	0.0883	0.2346	1.0127	
8.99	-1.1143	2.5971	0.1736	0.3988	1.1408	
9.0	-1.1612	2.4349	0.2719	0.5981	1.1973	
9.01	-1.3251	2.7692	0.4142	0.7374	1.466	
9.02	-1.1551	2.5077	0.4816	0.8632	1.8089	
9.03	-1.1559	2.4214	0.6386	1.0799	2.1708	
9.04	-1.1583	2.1653	0.7234	1.0704	2.1307	
9.05	-1.1864	1.8824	0.857	1.0487	2.4683	
9.06	-1.1678	1.7489	1.0262	1.1713	2.4063	
9.07	-1.2307	1.5212	1.1354	1.1563	2.6259	
9.08	-1.0524	1.1844	1.2812	0.9691	3.1284	
9.09	-0.9111	0.9845	1.375	0.8619	2.7944	
9.1	-0.8019	0.6959	1.4168	0.7695	2.7256	
9.11	-0.6689	0.3553	1.8605	0.7895	2.8008	
9.12	-0.537	0.0826	1.7575	0.6954	2.9274	
9.13	-0.2837	-0.1968	2.0789	0.5292	2.4552	
9.14	-0.1322	-0.4549	2.0306	0.4302	2.5647	
9.15	0.083	-0.6069	2.1171	0.3881	2.4412	
9.16	0.2853	-0.8651	2.4571	0.3851	1.9035	
9.17	0.4854	-0.9705	2.5459	0.3424	1.703	
9.18	0.7561	-1.0778	2.5085	0.4336	1.6184	
9.19	1.0201	-1.1829	2.686	0.4743	1.4427	
9.2	1.161	-1.3388	2.7125	0.5995	1.0942	
9.21	1.4043	-1.231	3.0139	0.7396	0.961	
9.22	1.6923	-1.2684	2.8618	0.8389	0.7011	
9.23	1.6244	-1.0003	2.8416	1.1775	0.6302	
9.24	1.8163	-0.9727	3.1067	1.2731	0.581	
9.25	2.3082	-0.7501	2.7787	1.4639	0.4967	
9.26	2.2367	-0.6029	2.818	1.6766	0.6057	
9.27	2.5514	-0.4121	2.8661	1.8661	0.5675	
9.28	2.4206	-0.1515	2.9971	2.0205	0.7886	
9.29	2.5625	0.1007	2.991	2.3831	0.8922	
9.3	2.8923	0.3182	3.1038	2.7075	0.9055	
9.31	2.9178	0.5624	2.9041	2.4337	1.0868	
9.32	2.7098	0.8056	2.9864	2.6645	1.3788	
9.33	2.8243	1.0625	2.541	2.7071	1.5778	
9.34	2.6395	1.2961	2.5096	2.4926	1.4274	
9.35	2.7988	1.3949	2.4743	2.6207	1.5162	
9.36	2.5913	1.5879	2.3969	2.729	1.6192	
9.37	2.4297	1.5079	2.2176	2.4601	1.7651	
9.38	2.1425	1.6186	2.1775	2.4085	1.8313	
9.39	2.0768	1.7574	2.0373	2.0087	1.5859	
9.4	2.0246	1.7044	1.9365	1.8532	1.4677	
9.41	1.8936	1.5107	1.8165	1.5835	1.334	
9.42	1.6909	1.4115	1.7791	1.1003	0.9657	
9.43	1.443	1.5199	1.6728	0.7935	0.7817	
9.44	1.0518	1.3165	1.5933	0.5856	0.5174	
9.45	0.985	1.0571	1.4398	0.2955	0.2221	
9.46	0.6394	0.749	1.3216	0.0748	-0.0693	
9.47	0.5329	0.5601	1.0657	-0.1444	-0.3664	
9.48	0.2577	0.3093	1.0903	-0.3034	-0.5827	
9.49	0.0838	0.0596	0.9744	-0.4865	-0.9011	
9.5	-0.1174	-0.1814	0.8338	-0.6005	-1.1779	
9.51	-0.2881	-0.4269	0.738	-0.6581	-1.2344	
9.52	-0.4837	-0.7531	0.7666	-0.5824	-1.2313	
9.53	-0.5466	-0.9154	0.6126	-0.5187	-1.4941	
9.54	-0.7248	-1.0712	0.6735	-0.4552	-1.4666	
9.55	-0.7955	-1.327	0.5981	-0.3861	-1.3222	
9.56	-0.9336	-1.4053	0.5654	-0.2375	-1.4266	
9.57	-0.8975	-1.6757	0.5507	-0.0714	-1.2452	
9.58	-0.9405	-1.5587	0.5074	0.1179	-1.1152	
9.59	-0.9689	-1.6807	0.5109	0.279	-0.851	
9.6	-0.8279	-1.7974	0.4734	0.4869	-0.7499	
9.61	-0.8236	-1.6792	0.5148	0.5869	-0.6204	
9.62	-0.8128	-1.819	0.5102	0.7871	-0.4643	
9.63	-0.6677	-1.7028	0.6077	0.9014	-0.3769	
9.64	-0.5284	-1.7606	0.6165	1.0884	-0.3097	
9.65	-0.4122	-1.728	0.6708	0.9957	-0.2633	
9.66	-0.3113	-1.5486	0.684	1.0012	-0.3088	
9.67	-0.1205	-1.5291	0.7641	1.2005	-0.3221	
9.68	0.045	-1.3018	0.8428	1.1395	-0.4479	
9.69	0.2195	-1.2861	0.9013	1.0987	-0.647	
9.7	0.4441	-1.1147	0.8876	0.8679	-0.7731	
9.71	0.6015	-0.9867	1.0231	0.7479	-0.9122	
9.72	0.8464	-1.028	1.033	0.7466	-1.3322	
9.73	1.0407	-0.9342	1.1015	0.6206	-1.5844	
9.74	1.1089	-0.8558	1.1662	0.5011	-1.8447	
9.75	1.2854	-0.8948	1.119	0.4065	-1.8754	
9.76	1.6191	-0.9565	1.1001	0.2918	-2.0896	
9.77	1.7913	-0.9343	1.2887	0.2469	-2.3028	
9.78	1.7557	-0.927	1.2117	0.2355	-2.7226	
9.79	1.8676	-0.8891	1.1403	0.2317	-2.7534	
9.8	2.1808	-1.0068	1.184	0.3007	-2.9299	
9.81	2.35	-0.9806	1.2216	0.3776	-3.0061	
9.82	2.3684	-1.0614	1.2395	0.4885	-2.6882	
9.83	2.283	-1.0899	1.1554	0.6208	-2.8676	
9.84	2.4738	-1.2875	1.2119	0.9046	-2.6562	
9.85	2.4408	-1.2766	1.1804	1.0226	-2.3696	
9.86	2.6189	-1.1351	1.0956	1.2182	-2.2686	
9.87	2.4826	-1.2011	1.0556	1.4568	-1.8894	
9.88	2.1717	-1.2429	0.9294	1.659	-1.6274	
9.89	2.2731	-1.1444	0.7754	1.9781	-1.577	
9.9	2.1689	-1.0907	0.7944	2.1901	-1.203	
9.91	2.1828	-0.9033	0.6478	2.6176	-1.0332	
9.92	1.8293	-0.8945	0.5033	2.5725	-1.0467	
9.93	1.7049	-0.8137	0.4077	2.9971	-0.7744	
9.94	1.8355	-0.5777	0.2486	2.6869	-0.7874	
9.95	1.4655	-0.5055	0.1221	2.9189	-0.6879	
9.96	1.4861	-0.2894	-0.0239	2.6926	-0.7206	
9.97	1.2758	-0.1073	-0.169	3.0438	-0.8382	
9.98	1.0511	0.061	-0.331	2.856	-0.8418	
9.99	1.0363	0.235	-0.4937	2.4173	-1.0283	
10.0	0.7472	0.4169	-0.597	2.4556	-1.1441	
10.01	0.7027	0.5213	-0.8068	2.1971	-1.3398	
10.02	0.5266	0.7691	-0.8756	2.1856	-1.56	
10.03	0.3639	0.7652	-1.1828	1.6072	-1.6311	
10.04	0.2536	0.8921	-1.1031	1.3645	-1.7626	
10.05	0.1248	0.9464	-1.3752	1.2579	-1.9286	
10.06	0.0282	1.1014	-1.6238	0.8817	-1.9468	
10.07	-0.062	0.9858	-1.7623	0.6205	-2.1094	
10.08	-0.1387	0.9673	-1.6871	0.3985	-2.1539	
10.09	-0.2069	1.0554	-2.0147	0.184	-1.9126	
10.1	-0.2491	0.8753	-1.8315	-0.0035	-2.0292	
10.11	-0.3045	0.7326	-2.1743	-0.1398	-1.955	
10.12	-0.3163	0.7016	-2.3464	-0.2293	-1.6977	
10.13	-0.297	0.4703	-2.2522	-0.28	-1.4234	
10.14	-0.3155	0.2823	-2.0567	-0.3105	-1.3227	
10.15	-0.3138	0.0768	-2.3889	-0.2519	-0.8599	
10.16	-0.3096	-0.1317	-2.3401	-0.2336	-0.6183	
10.17	-0.2319	-0.3289	-2.3505	-0.1186	-0.3651	
10.18	-0.2028	-0.5757	-2.4933	-0.0003	-0.0865	
10.19	-0.1786	-0.7167	-2.3323	0.1276	0.172	
10.2	-0.1164	-0.897	-2.4266	0.2581	0.3527	
10.21	-0.0757	-1.0699	-2.5581	0.4297	0.5714	
10.22	-0.0343	-1.1368	-2.4383	0.5935	0.634	
10.23	0.0141	-1.2697	-2.0958	0.6334	0.715	
10.24	0.0565	-1.2996	-2.2241	0.7318	0.8246	
10.25	0.0962	-1.3442	-2.3266	0.9435	0.7531	
10.26	0.1312	-1.2407	-2.2616	0.8513	0.6996	
10.27	0.162	-1.1106	-2.063	0.9099	0.6118	
10.28	0.2031	-1.1705	-1.9824	0.9861	0.5488	
10.29	0.2095	-1.043	-1.8433	0.9793	0.372	
10.3	0.2223	-0.7196	-1.7442	0.8685	0.2414	
10.31	0.2219	-0.4909	-1.8405	0.7708	0.0751	
10.32	0.2117	-0.2684	-1.5366	0.618	-0.0676	
10.33	0.1775	0.0065	-1.5614	0.4678	-0.194	
10.34	0.1606	0.3268	-1.4698	0.4083	-0.3004	
10.35	0.1334	0.6335	-1.3558	0.2596	-0.3246	
10.36	0.1068	0.8539	-1.2064	0.1173	-0.3149	
10.37	0.0622	1.169	-1.0586	0.0035	-0.3213	
10.38	0.0134	1.6671	-1.1481	-0.0831	-0.2218	
10.39	-0.033	1.9014	-0.9666	-0.1467	-0.0744	
10.4	-0.0849	2.1358	-0.9578	-0.161	0.1028	
10.41	-0.149	2.536	-0.8325	-0.1475	0.3055	
10.42	-0.2044	2.7975	-0.7382	-0.0878	0.5166	
10.43	-0.2467	2.8335	-0.7375	0.0027	0.7543	
10.44	-0.3019	2.958	-0.6422	0.1479	1.1245	
10.45	-0.36	2.7067	-0.6626	0.3406	1.3247	
10.46	-0.3576	2.9132	-0.7203	0.5464	1.5588	
10.47	-0.4629	2.9782	-0.6277	0.7633	1.8436	
10.48	-0.4786	2.8632	-0.712	0.9899	2.2046	
10.49	-0.5111	3.0021	-0.6763	1.3486	2.2603	
10.5	-0.5353	2.5176	-0.6192	1.6226	2.3167	
10.51	-0.4571	2.3041	-0.766	1.9776	2.5446	
10.52	-0.4492	2.1313	-0.6647	1.8726	2.3174	
10.53	-0.4563	2.0053	-0.7883	2.4889	2.2288	
10.54	-0.4839	1.7275	-0.782	2.3413	2.0666	
10.55	-0.397	1.515	-0.8894	2.8446	2.0201	
10.56	-0.3874	1.1438	-0.9339	2.9099	2.1249	
10.57	-0.3494	0.819	-0.9091	2.9671	1.8581	
10.58	-0.2973	0.6088	-1.069	2.6669	1.5629	
10.59	-0.2402	0.3589	-1.1713	2.6416	1.4521	
10.6	-0.1743	0.1473	-1.3075	2.6815	1.1022	
10.61	-0.0979	-0.0616	-1.2462	2.5141	1.0423	
10.62	-0.029	-0.2359	-1.3123	2.2494	0.7668	
10.63	0.04	-0.3675	-1.4448	2.4297	0.6112	
10.64	0.0968	-0.5038	-1.3789	1.954	0.6541	
10.65	0.1691	-0.6146	-1.4272	1.643	0.5319	
10.66	0.2266	-0.6892	-1.7456	1.5991	0.523	
10.67	0.2792	-0.7261	-1.8043	1.1286	0.6098	
10.68	0.2841	-0.6556	-1.603	0.8714	0.673	
10.69	0.3209	-0.6306	-1.7511	0.6645	0.8255	
10.7	0.3603	-0.5545	-1.6774	0.4642	0.9465	
10.71	0.3862	-0.5242	-1.7188	0.2493	1.214	
10.72	0.3832	-0.442	-1.6583	0.1015	1.502	
10.73	0.3578	-0.2923	-1.8202	-0.0378	1.8049	
10.74	0.3054	-0.1905	-1.6837	-0.1263	1.8274	
10.75	0.2494	-0.0827	-1.7001	-0.1885	2.0178	
10.76	0.1815	0.0255	-1.7243	-0.2011	2.1822	
10.77	0.0961	0.1301	-1.5915	-0.1593	2.0697	
10.78	0.0039	0.2193	-1.5892	-0.1243	2.1227	
10.79	-0.1178	0.297	-1.7926	-0.0367	2.2076	
10.8	-0.2397	0.3705	-1.613	0.0619	2.3693	
10.81	-0.3637	0.4387	-1.4293	0.1881	2.2691	
10.82	-0.5505	0.4567	-1.4582	0.2989	1.8411	
10.83	-0.6215	0.4179	-1.2817	0.409	1.6807	
10.84	-0.7629	0.3665	-1.2769	0.5574	1.6252	
10.85	-0.9998	0.3746	-1.0789	0.6213	1.2077	
10.86	-1.1385	0.306	-1.0507	0.7553	0.9771	
10.87	-1.3668	0.2457	-0.8454	0.7728	0.766	
10.88	-1.6347	0.1483	-0.7509	0.7951	0.5986	
10.89	-1.6991	0.0467	-0.6102	0.685	0.3182	
10.9	-1.9588	-0.0528	-0.4132	0.7436	0.0886	
10.91	-2.015	-0.1449	-0.306	0.6086	-0.098	
10.92	-2.2736	-0.2454	-0.1423	0.4877	-0.2592	
10.93	-2.0559	-0.3425	-0.001	0.3445	-0.3123	
10.94	-2.5227	-0.3977	0.1254	0.1876	-0.3655	
10.95	-2.26	-0.5084	0.2955	0.0476	-0.3778	
10.96	-2.3423	-0.6059	0.4174	-0.1317	-0.3398	
10.97	-2.4668	-0.557	0.5558	-0.3071	-0.2512	
10.98	-2.5225	-0.6342	0.6679	-0.4151	-0.1108	
10.99	-2.8111	-0.6648	0.7375	-0.6123	0.03	
11.0	-2.5969	-0.6255	0.9398	-0.6237	0.1789	
11.01	-2.6748	-0.6319	1.0255	-0.7345	0.3285	
11.02	-2.7653	-0.5767	1.1379	-0.8031	0.4678	
11.03	-2.5968	-0.4625	1.0867	-0.7662	0.7082	
11.04	-2.5634	-0.4375	1.2084	-0.644	0.7099	
11.05	-2.4283	-0.3835	1.1999	-0.5479	0.7984	
11.06	-2.2877	-0.3077	1.2054	-0.4211	0.8981	
11.07	-1.973	-0.2335	1.2169	-0.2601	0.89	
11.08	-1.6619	-0.1864	1.4228	-0.0464	0.7662	
11.09	-1.5365	-0.1324	1.4655	0.2102	0.6691	
11.1	-1.3127	-0.0845	1.4081	0.4792	0.5641	
11.11	-1.1709	-0.0604	1.2386	0.7006	0.4208	
11.12	-0.9652	-0.0711	1.3747	1.094	0.1647	
11.13	-0.7199	-0.0973	1.2974	1.3017	-0.0745	
11.14	-0.5514	-0.1423	1.1742	1.4821	-0.3435	
11.15	-0.3292	-0.2191	1.2344	1.8691	-0.5636	
11.16	-0.1112	-0.3335	1.0652	2.0646	-0.9092	
11.17	0.092	-0.4372	1.0648	2.3047	-1.1651	
11.18	0.2937	-0.6263	0.9201	2.3624	-1.418	
11.19	0.3942	-0.7944	0.9346	2.4017	-1.4424	
11.2	0.6425	-0.8448	0.8151	2.4455	-1.4924	
11.21	0.7464	-1.029	0.6858	2.6427	-1.7997	
11.22	0.7982	-1.3811	0.6003	2.1711	-1.822	
11.23	0.8243	-1.6446	0.5098	2.2949	-1.7012	
11.24	0.9273	-1.6637	0.4972	1.9747	-1.6764	
11.25	0.936	-1.9062	0.3618	2.0217	-1.6336	
11.26	0.9728	-2.2425	0.2622	1.6596	-1.4741	
11.27	0.9534	-2.0555	0.172	1.4722	-1.1948	
11.28	0.8974	-2.2826	0.1176	1.3621	-1.2223	
11.29	0.9462	-2.4781	0.0363	1.0646	-0.9462	
11.3	0.9016	-2.2844	-0.0385	0.8073	-0.7892	
11.31	0.7197	-2.7362	-0.0883	0.5687	-0.559	
11.32	0.6168	-2.7075	-0.1472	0.3097	-0.4239	
11.33	0.4437	-2.6917	-0.2055	0.1346	-0.2503	
11.34	0.2617	-2.6228	-0.2197	-0.0199	-0.1763	
11.35	0.0901	-2.2057	-0.2718	-0.1466	-0.1186	
11.36	-0.1035	-2.0851	-0.2591	-0.2293	-0.1423	
11.37	-0.3086	-1.7194	-0.2674	-0.2567	-0.1952	
11.38	-0.5299	-1.4697	-0.2723	-0.262	-0.3034	
11.39	-0.6527	-1.3043	-0.2731	-0.2417	-0.3979	
11.4	-0.9767	-0.9765	-0.273	-0.1596	-0.5897	
11.41	-1.2557	-0.7379	-0.2172	-0.1025	-0.7416	
11.42	-1.3922	-0.3915	-0.1854	-0.0042	-1.0572	
11.43	-1.5131	-0.1019	-0.1562	0.1036	-1.2271	
11.44	-1.588	0.2073	-0.0951	0.1829	-1.4818	
11.45	-1.9088	0.5708	-0.0378	0.304	-1.6093	
11.46	-1.8903	0.8527	0.035	0.3781	-1.8861	
11.47	-2.2826	1.0062	0.1025	0.4195	-2.0038	
11.48	-2.5255	1.38	0.1876	0.4476	-2.0352	
11.49	-2.3499	1.4738	0.2796	0.527	-1.9968	
11.5	-2.5862	1.7882	0.3685	0.4791	-2.1812	
11.51	-2.7097	1.6988	0.4296	0.4506	-2.0732	
11.52	-2.2876	1.9957	0.5202	0.3025	-1.9398	
11.53	-2.5807	2.0416	0.6026	0.2003	-1.7635	
11.54	-2.2748	1.6676	0.7774	0.0493	-1.6578	
11.55	-2.4649	1.6753	0.7348	-0.1154	-1.4889	
11.56	-2.2526	1.7547	0.9621	-0.3078	-1.1559	
11.57	-2.2153	1.6548	1.0461	-0.4944	-0.8572	
11.58	-2.168	1.4	1.0896	-0.7422	-0.6628	
11.59	-1.9981	1.1732	1.071	-0.8869	-0.4109	
11.6	-2.0337	0.8468	1.0851	-0.9625	-0.205	
11.61	-1.6883	0.6999	1.2952	-1.226	-0.0374	
11.62	-1.6087	0.4471	1.1584	-1.4242	0.1091	
11.63	-1.2194	0.213	1.3516	-1.2722	0.2083	
11.64	-1.0446	-0.0244	1.3402	-1.3603	0.2801	
11.65	-0.7933	-0.2532	1.2636	-1.5431	0.2852	
11.66	-0.6848	-0.4242	1.3768	-1.2922	0.2253	
11.67	-0.4752	-0.5851	1.2516	-1.3108	0.1283	
11.68	-0.2599	-0.811	1.4622	-1.1864	0.0082	
11.69	-0.0384	-0.8761	1.3149	-1.0752	-0.143	
11.7	0.1656	-0.9199	1.3625	-0.6956	-0.3456	
11.71	0.3735	-1.0628	1.2325	-0.5631	-0.5453	
11.72	0.4821	-0.9267	1.1558	-0.2679	-0.6718	
11.73	0.6455	-1.0229	1.1732	0.0398	-0.8506	
11.74	0.8547	-0.8432	1.0397	0.306	-1.0771	
11.75	1.0172	-0.8911	0.8879	0.6237	-1.1408	
11.76	0.9445	-0.6525	0.8055	0.8722	-1.2882	
11.77	1.1533	-0.5352	0.7395	1.2034	-1.2899	
11.78	1.1961	-0.3145	0.7116	1.2456	-1.2776	
11.79	1.2654	-0.1141	0.5139	1.5416	-1.0895	
11.8	1.273	0.1129	0.4279	1.7057	-1.1393	
11.81	1.3931	0.2968	0.3413	1.6613	-0.886	
11.82	1.3779	0.5378	0.2053	2.027	-0.7197	
11.83	1.2664	0.7256	0.0918	1.9259	-0.5121	
11.84	1.1657	0.9069	-0.0316	1.8907	-0.2472	
11.85	1.1771	1.1586	-0.1486	1.7762	0.0192	
11.86	1.1972	1.4508	-0.2356	1.5539	0.2586	
11.87	0.9845	1.4963	-0.3366	1.2887	0.5038	
11.88	0.9467	1.4879	-0.4442	1.2057	0.7059	
11.89	0.7888	1.7898	-0.5335	0.9448	0.9788	
11.9	0.6578	1.763	-0.6887	0.7436	1.1409	
11.91	0.5874	1.7	-0.6699	0.6389	1.2363	
11.92	0.5443	2.0264	-0.7533	0.4089	1.1881	
11.93	0.3896	1.8483	-0.908	0.1795	1.2671	
11.94	0.3262	1.8893	-0.816	-0.0066	1.3315	
11.95	0.2174	1.7398	-0.977	-0.1616	1.1441	
11.96	0.1082	1.5784	-0.9862	-0.2556	1.0886	
11.97	0.0264	1.5927	-1.0824	-0.4006	0.9105	
11.98	-0.0487	1.4322	-1.094	-0.4395	0.7349	
11.99	-0.1209	1.4944	-1.0422	-0.4524	0.5193	
12.0	-0.1656	1.2951	-0.9353	-0.4592	0.2768	
12.01	-0.1944	1.2469	-0.9983	-0.4199	0.098	
12.02	-0.2263	0.9689	-0.9468	-0.2893	-0.0669	
12.03	-0.2524	1.0797	-0.8357	-0.222	-0.208	
12.04	-0.2873	0.8238	-0.8765	-0.1288	-0.3493	
12.05	-0.2744	0.9143	-0.7915	-0.0419	-0.4014	
12.06	-0.2373	0.7461	-0.6674	0.0523	-0.4249	
12.07	-0.2378	0.7467	-0.5879	0.1319	-0.3774	
12.08	-0.193	0.7054	-0.472	0.1986	-0.2919	
12.09	-0.1454	0.77	-0.4019	0.2322	-0.1799	
12.1	-0.0854	0.6863	-0.268	0.2396	-0.032	
12.11	-0.0229	0.7654	-0.1901	0.2342	0.1665	
12.12	0.0449	0.7396	-0.0734	0.1834	0.3932	
12.13	0.1164	0.8469	0.0317	0.0957	0.5633	
12.14	0.1668	0.7382	0.1436	-0.0214	0.7403	
12.15	0.264	0.8749	0.2697	-0.1632	1.103	
12.16	0.3205	0.7631	0.3557	-0.3521	1.2045	
12.17	0.4328	0.8494	0.5	-0.5876	1.3077	
12.18	0.4461	0.8693	0.5491	-0.7566	1.4654	
12.19	0.5652	0.8425	0.6562	-0.9135	1.6439	
12.2	0.5536	0.7885	0.7521	-1.1767	1.5715	
12.21	0.6773	0.7162	0.7866	-1.4188	1.6777	
12.22	0.7183	0.6056	0.9746	-1.7825	1.7124	
12.23	0.7369	0.5343	1.0321	-1.7631	1.3863	
12.24	0.7343	0.4216	1.0685	-2.135	1.312	
12.25	0.802	0.2628	1.1593	-2.0758	1.2015	
12.26	0.7064	0.0853	1.1216	-2.018	0.9307	
12.27	0.7373	-0.0917	1.1349	-2.2429	0.7038	
12.28	0.7148	-0.2883	1.2086	-2.2191	0.4315	
12.29	0.7725	-0.4469	1.3151	-2.0069	0.2424	
12.3	0.7965	-0.6507	1.2011	-2.0124	0.0313	
12.31	0.718	-0.7955	1.1234	-1.849	-0.1667	
12.32	0.6627	-0.985	1.2838	-1.4167	-0.2788	
12.33	0.7211	-1.3385	1.2269	-1.1621	-0.3694	
12.34	0.6637	-1.286	1.1889	-0.9005	-0.461	
12.35	0.6337	-1.5552	1.0876	-0.722	-0.4405	
12.36	0.6073	-1.5581	1.0329	-0.3819	-0.4638	
12.37	0.5521	-1.6348	1.0127	-0.1198	-0.3399	
12.38	0.5082	-1.9144	0.8912	0.1661	-0.2274	
12.39	0.5686	-1.6631	0.8649	0.3882	-0.0895	
12.4	0.5168	-1.8824	0.7744	0.6032	0.0919	
12.41	0.5019	-1.6846	0.7414	0.8666	0.2843	
12.42	0.5234	-1.5634	0.6275	1.0051	0.4574	
12.43	0.5542	-1.6247	0.5967	1.1202	0.6688	
12.44	0.5735	-1.281	0.4885	1.1545	0.8554	
12.45	0.6423	-1.2272	0.3789	1.2033	0.9822	
12.46	0.6402	-1.0361	0.2835	1.2353	1.0548	
12.47	0.7118	-0.8053	0.2079	1.0851	1.1683	
12.48	0.7837	-0.5266	0.1502	0.9994	1.15	
12.49	0.829	-0.3398	0.0869	0.8629	1.1694	
12.5	0.8307	-0.1018	0.0154	0.6602	1.136	
12.51	1.004	0.125	-0.0433	0.4582	0.9714	
12.52	1.1633	0.3486	-0.1019	0.276	0.9486	
12.53	1.177	0.5007	-0.1544	0.103	0.6834	
12.54	1.1763	0.6916	-0.1655	-0.0778	0.5115	
12.55	1.4134	0.857	-0.2046	-0.2288	0.2639	
12.56	1.4545	0.9305	-0.2192	-0.3611	0.0267	
12.57	1.7511	0.9786	-0.2227	-0.4625	-0.1999	
12.58	1.6491	1.0447	-0.2044	-0.6367	-0.432	
12.59	1.8076	1.022	-0.2209	-0.6714	-0.6823	
12.6	1.7725	0.8068	-0.2019	-0.6012	-0.7478	
12.61	2.1264	0.7253	-0.1675	-0.6211	-0.9864	
12.62	2.0388	0.6231	-0.1112	-0.6275	-1.0352	
12.63	2.0044	0.405	-0.0581	-0.5987	-0.998	
12.64	2.1129	0.1996	0.003	-0.4751	-1.0244	
12.65	2.1393	-0.049	0.0762	-0.3494	-0.9814	
12.66	2.2306	-0.347	0.1381	-0.2718	-0.7311	
12.67	2.1266	-0.5926	0.2357	-0.1435	-0.5961	
12.68	2.1976	-0.9463	0.3259	-0.0486	-0.4312	
12.69	2.0663	-1.1313	0.4007	0.0283	-0.2525	
12.7	2.1548	-1.5423	0.4741	0.0842	-0.0238	
12.71	2.017	-1.5685	0.6449	0.1228	0.1739	
12.72	2.0548	-1.7714	0.7396	0.1307	0.3672	
12.73	1.8814	-1.9963	0.8444	0.0884	0.533	
12.74	1.5436	-2.1876	0.9847	0.0083	0.6278	
12.75	1.4551	-2.6268	1.0068	-0.106	0.7901	
12.76	1.2796	-2.497	1.1489	-0.2266	0.9295	
12.77	1.1256	-2.5275	1.3054	-0.3898	0.9027	
12.78	0.9317	-2.7868	1.3712	-0.611	0.7339	
12.79	0.8139	-2.6031	1.3398	-0.8129	0.7101	
12.8	0.6045	-2.7327	1.5892	-1.0381	0.5993	
12.81	0.4878	-2.3371	1.7097	-1.3718	0.398	
12.82	0.2921	-2.4153	1.5705	-1.66	0.2498	
12.83	0.1035	-2.0561	1.5837	-2.0324	0.0138	
12.84	-0.0626	-1.9392	1.6328	-1.9019	-0.1932	
12.85	-0.2137	-1.677	1.8593	-2.3408	-0.39	
12.86	-0.3744	-1.475	1.9432	-2.45	-0.6216	
12.87	-0.5271	-1.0464	1.7311	-2.5458	-0.8837	
12.88	-0.6788	-0.8324	1.7264	-2.4324	-0.914	
12.89	-0.7337	-0.546	1.72	-2.7617	-1.1004	
12.9	-0.8365	-0.3279	1.8396	-2.4867	-1.1653	
12.91	-0.9245	-0.0277	1.8957	-2.6939	-1.2652	
12.92	-1.0221	0.2413	1.828	-2.3574	-1.0919	
12.93	-1.0627	0.4748	1.6299	-2.2572	-1.0524	
12.94	-0.9307	0.6681	1.4562	-2.0636	-0.9014	
12.95	-1.0492	0.8931	1.3485	-1.9119	-0.7294	
12.96	-0.8643	0.9756	1.3169	-1.6215	-0.5648	
12.97	-0.9228	1.0258	1.3376	-1.3297	-0.3363	
12.98	-0.8564	1.123	1.1376	-0.9804	-0.0986	
12.99	-0.7334	1.3396	1.1391	-0.8086	0.1284	
13.0	-0.5737	1.351	0.9565	-0.4627	0.3607	
13.01	-0.4379	1.1234	0.7797	-0.2338	0.4996	
13.02	-0.2709	1.1381	0.7552	-0.0227	0.7002	
13.03	-0.0793	1.2002	0.5752	0.1505	0.7905	
13.04	0.1062	1.0704	0.4231	0.3006	0.9813	
13.05	0.2884	1.0202	0.2967	0.4357	0.8574	
13.06	0.509	0.8191	0.1702	0.4908	0.926	
13.07	0.679	0.7026	0.0333	0.4969	0.8774	
13.08	0.8432	0.7139	-0.1036	0.4475	0.7403	
13.09	0.988	0.57	-0.2147	0.4412	0.6288	
13.1	1.399	0.5176	-0.3215	0.3343	0.4267	
13.11	1.4879	0.4422	-0.4558	0.2241	0.2095	
13.12	1.7151	0.3593	-0.5258	0.0924	-0.0163	
13.13	1.9613	0.2867	-0.6625	-0.0646	-0.2154	
13.14	1.8548	0.2875	-0.7839	-0.2237	-0.4412	
13.15	2.2246	0.2952	-0.8765	-0.3356	-0.6108	
13.16	2.339	0.3135	-0.9664	-0.5517	-0.7232	
13.17	2.3457	0.3208	-1.0649	-0.7026	-0.9576	
13.18	2.338	0.3524	-1.1652	-0.752	-1.024	
13.19	2.1989	0.4545	-1.0349	-0.8365	-0.9111	
13.2	2.4223	0.5199	-1.2189	-0.8713	-1.0361	
13.21	2.4582	0.5546	-1.2533	-0.9347	-0.8683	
13.22	1.993	0.6761	-1.2696	-0.9214	-0.6971	
13.23	2.2672	0.7941	-1.1442	-0.8614	-0.5758	
13.24	2.2218	0.899	-1.3384	-0.7108	-0.4149	
13.25	1.8936	0.8455	-1.1587	-0.6464	-0.1861	
13.26	1.7179	1.0392	-1.291	-0.513	0.0172	
13.27	1.4317	0.9752	-1.2762	-0.4383	0.2606	
13.28	1.3782	1.1121	-1.1701	-0.2624	0.4697	
13.29	1.1636	1.1414	-1.0861	-0.1626	0.5908	
13.3	1.0299	0.9554	-1.0854	-0.0434	0.8353	
13.31	0.7452	0.9676	-0.9985	0.0519	1.0149	
13.32	0.4718	1.0311	-0.9924	0.1159	1.0463	
13.33	0.261	0.9951	-0.9334	0.1309	1.1355	
13.34	0.025	0.7911	-0.7643	0.1258	1.0079	
13.35	-0.2039	0.77	-0.781	0.0936	1.013	
13.36	-0.4164	0.5902	-0.6421	0.0094	0.7872	
13.37	-0.6821	0.5697	-0.625	-0.1119	0.7461	
13.38	-0.8342	0.4034	-0.5672	-0.2564	0.5207	
13.39	-1.086	0.2962	-0.5209	-0.4644	0.2667	
13.4	-1.3761	0.2265	-0.4947	-0.7763	0.0635	
13.41	-1.614	0.1295	-0.4507	-0.971	-0.1751	
13.42	-1.5649	0.0549	-0.3837	-1.2772	-0.3496	
13.43	-1.6341	0.0032	-0.3759	-1.4706	-0.5653	
13.44	-1.7645	-0.032	-0.3735	-1.7536	-0.8176	
13.45	-1.8927	-0.0449	-0.331	-2.1662	-0.8211	
13.46	-2.2201	-0.0257	-0.3225	-2.1359	-1.071	
13.47	-2.2658	0.0146	-0.3333	-2.724	-0.941	
13.48	-2.0897	0.084	-0.359	-2.929	-0.9592	
13.49	-1.9566	0.1667	-0.3953	-2.7742	-1.0939	
13.5	-2.151	0.3047	-0.4015	-3.1967	-0.8216	
13.51	-1.9663	0.4675	-0.4778	-2.8938	-0.7853	
13.52	-1.7773	0.565	-0.4683	-2.8643	-0.6375	
13.53	-1.8654	0.7546	-0.5271	-2.8154	-0.3736	
13.54	-1.5785	0.8843	-0.6366	-2.8471	-0.1871	
13.55	-1.6004	1.1838	-0.7136	-2.7737	0.0045	
13.56	-1.5334	1.2712	-0.8344	-2.4132	0.2183	
13.57	-1.4516	1.5142	-0.8678	-2.2013	0.3965	
13.58	-1.1453	1.6201	-0.97	-1.8372	0.5803	
13.59	-0.9238	1.7015	-1.0743	-1.5843	0.6821	
13.6	-0.8121	2.0025	-1.1685	-1.4205	0.8025	
13.61	-0.7478	2.1023	-1.4097	-1.2954	0.7161	
13.62	-0.5733	2.2384	-1.4081	-1.0186	0.768	
13.63	-0.3555	2.1786	-1.5791	-0.7567	0.6778	
13.64	-0.2214	2.1111	-1.7644	-0.4787	0.5249	
13.65	-0.0798	2.0681	-1.8416	-0.3152	0.4482	
13.66	0.0394	1.8452	-2.0794	-0.1714	0.2419	
13.67	0.176	1.9261	-2.1893	-0.0686	0.009	
13.68	0.2854	1.5168	-2.0281	-0.0072	-0.2037	
13.69	0.3276	1.4531	-2.0965	0.0162	-0.4147	
13.7	0.4337	1.1981	-2.2302	0.002	-0.7047	
13.71	0.4768	0.8736	-2.5545	-0.0435	-0.8477	
13.72	0.4728	0.5908	-2.4468	-0.1271	-0.9801	
13.73	0.5086	0.2564	-2.7915	-0.2307	-1.2944	
13.74	0.5114	-0.0653	-2.8085	-0.376	-1.3211	
13.75	0.4903	-0.4239	-2.5316	-0.4374	-1.3017	
13.76	0.5122	-0.7638	-2.8023	-0.5712	-1.364	
13.77	0.4041	-1.0128	-2.8235	-0.7349	-1.4774	
13.78	0.3301	-1.4449	-2.859	-0.7732	-1.2902	
13.79	0.2921	-1.7686	-2.6938	-0.864	-1.1591	
13.8	0.1944	-1.7943	-2.6582	-1.0628	-0.956	
13.81	0.0868	-2.1328	-3.0302	-0.9186	-0.8842	
13.82	-0.0223	-2.3066	-2.5779	-1.0281	-0.5521	
13.83	-0.1288	-2.1602	-2.5734	-1.0769	-0.3849	
13.84	-0.2765	-2.4364	-2.9215	-0.9733	-0.184	
13.85	-0.354	-2.4685	-2.692	-0.8337	0.0262	
13.86	-0.4742	-2.5411	-2.3881	-0.7842	0.1849	
13.87	-0.6156	-2.4015	-2.454	-0.6206	0.3372	
13.88	-0.6805	-2.3997	-2.4786	-0.4511	0.3959	
13.89	-0.8923	-2.4443	-2.2817	-0.2622	0.5348	
13.9	-0.9673	-2.0743	-2.0598	-0.1377	0.4637	
13.91	-1.067	-1.8069	-1.9063	0.0133	0.4988	
13.92	-1.0761	-1.4991	-1.9594	0.1514	0.3807	
