0.01	0.2072	0.3064	0.2185	0.8601	0.1767	
0.02	0.4326	0.6482	0.4718	-0.8169	0.3232	
0.03	0.5518	0.9992	0.6623	0.0724	0.5142	
0.04	0.8239	1.2294	0.8592	0.9675	0.7089	
0.05	0.9369	1.4519	1.066	-0.6744	0.795	
0.06	1.1512	1.7713	1.1703	0.1545	1.0009	
0.07	1.2937	1.7687	1.2981	1.0731	1.0909	
0.08	1.1881	1.7719	1.3728	-0.6752	1.3456	
0.09	1.274	2.0496	1.1828	0.2396	1.4289	
0.1	1.4106	2.1125	1.3788	1.1698	1.5175	
0.11	1.3975	1.8333	1.2985	-0.5505	1.478	
0.12	1.342	2.1275	1.1294	0.3245	1.6583	
0.13	1.3033	1.9003	1.2215	1.2247	1.5681	
0.14	1.3053	1.5495	1.0935	-0.4454	1.7012	
0.15	1.2365	1.4659	0.8115	0.3712	1.7263	
0.16	1.2463	1.4047	0.7336	1.3937	1.6854	
0.17	1.2112	1.0177	0.614	-0.3676	1.5111	
0.18	1.0075	0.9659	0.3773	0.4408	1.5017	
0.19	0.8182	0.621	0.2744	1.5369	1.5348	
0.2	0.7079	0.4476	0.1203	-0.285	1.4476	
0.21	0.6261	0.2541	0.0152	0.5497	1.182	
0.22	0.4781	0.053	-0.0695	1.5961	1.2015	
0.23	0.4526	-0.1056	-0.1514	-0.2041	1.0836	
0.24	0.3315	-0.2638	-0.1599	0.5634	0.9637	
0.25	0.2269	-0.3155	-0.1558	1.5096	0.8418	
0.26	0.2038	-0.3784	-0.1302	-0.1275	0.893	
0.27	0.1618	-0.4129	-0.0777	0.6298	0.7004	
0.28	0.1522	-0.4314	0.0289	1.7514	0.6305	
0.29	0.1684	-0.4025	0.1563	-0.0545	0.6447	
0.3	0.1912	-0.374	0.3268	0.6919	0.5662	
0.31	0.2768	-0.2412	0.5411	1.6891	0.4909	
0.32	0.342	-0.1458	0.7418	0.0198	0.4972	
0.33	0.4526	-0.0426	0.9206	0.886	0.4601	
0.34	0.6365	0.0871	1.1375	1.7502	0.439	
0.35	0.7174	0.1907	1.3173	0.0872	0.4951	
0.36	0.9251	0.3436	1.4631	0.9116	0.5075	
0.37	1.0942	0.4516	1.7865	2.011	0.5548	
0.38	1.3122	0.5831	1.8978	0.1674	0.6298	
0.39	1.3291	0.6289	1.8363	0.8875	0.6062	
0.4	1.5898	0.6067	2.2691	1.7473	0.7529	
0.41	1.793	0.6998	2.0911	0.2369	0.876	
0.42	1.9992	0.7632	2.4498	1.0998	0.942	
0.43	2.0896	0.6596	2.0789	2.1986	1.1004	
0.44	2.4739	0.6122	2.2844	0.3172	1.29	
0.45	2.3931	0.6381	2.1722	1.1374	1.5227	
0.46	2.5094	0.5597	1.9807	1.9663	1.4696	
0.47	2.4006	0.4568	2.1278	0.3402	1.6238	
0.48	2.4883	0.406	1.9078	1.1233	1.8107	
0.49	2.4208	0.3252	1.6171	2.2452	2.2068	
0.5	2.6604	0.2307	1.4025	0.4562	2.0198	
0.51	2.8495	0.171	1.3132	1.1428	2.462	
0.52	2.4712	0.1312	1.111	2.1505	2.5223	
0.53	2.5234	0.1217	1.0419	0.4885	2.5754	
0.54	2.2952	0.1117	0.9036	1.3155	2.4557	
0.55	2.3823	0.1582	0.7267	2.4531	2.7438	
0.56	2.3322	0.1841	0.5886	0.5299	2.7832	
0.57	1.9425	0.3056	0.5182	1.3222	3.129	
0.58	1.9647	0.3777	0.5025	2.4433	3.1741	
0.59	1.7907	0.5455	0.4292	0.5744	2.8622	
0.6	1.6701	0.6864	0.4607	1.3746	2.6564	
0.61	1.5694	1.0098	0.5847	2.4485	2.6395	
0.62	1.2746	1.1792	0.6123	0.6381	2.8957	
0.63	1.2899	1.2357	0.6881	1.3859	2.8971	
0.64	1.0209	1.5786	0.7921	2.2285	2.928	
0.65	0.9998	1.8777	1.1316	0.6553	2.5545	
0.66	0.9256	2.1423	1.2396	1.3922	2.6804	
0.67	0.9356	2.3567	1.5122	2.3305	2.4532	
0.68	0.8883	2.1775	1.726	0.6943	2.1504	
0.69	0.8146	2.3422	1.6539	1.2829	2.0972	
0.7	0.8773	2.5478	1.9132	2.4342	2.1044	
0.71	0.9472	2.6093	1.8836	0.6694	2.0279	
0.72	1.0789	2.8117	2.1375	1.4609	1.8858	
0.73	1.2292	2.7752	2.2794	2.3374	1.6357	
0.74	1.2165	2.4934	2.5797	0.7853	1.4605	
0.75	1.3916	2.6604	2.6367	1.4507	1.5147	
0.76	1.5154	2.1947	2.3274	2.3203	1.293	
0.77	1.5605	1.9661	2.6059	0.83	1.2743	
0.78	1.8185	1.8274	2.559	1.3961	1.0759	
0.79	2.0774	1.7074	2.1724	2.7746	1.0375	
0.8	2.0198	1.4974	2.0553	0.8424	0.942	
0.81	2.2756	1.1341	1.987	1.4987	0.8252	
0.82	2.5074	0.7555	1.9273	2.3939	0.8511	
0.83	2.5671	0.4777	1.8114	0.8059	0.8699	
0.84	2.5836	0.176	1.5107	1.5066	0.75	
0.85	2.5601	-0.0928	1.3124	2.7682	0.8241	
0.86	2.4712	-0.3222	1.021	0.8524	0.7636	
0.87	2.5252	-0.5663	0.918	1.4609	0.8536	
0.88	2.5611	-0.6945	0.7903	2.5506	0.9088	
0.89	2.8341	-0.8916	0.6329	0.9127	1.0482	
0.9	2.448	-0.9364	0.4732	1.4306	1.0487	
0.91	2.2827	-1.0079	0.3637	2.8063	1.0664	
0.92	2.5278	-0.8868	0.2992	0.8919	1.237	
0.93	2.065	-0.9053	0.305	1.3969	1.3938	
0.94	2.1711	-0.7601	0.3265	2.7868	1.6047	
0.95	1.759	-0.6522	0.3241	0.91	1.4455	
0.96	1.7205	-0.4101	0.4132	1.49	1.7531	
0.97	1.4121	-0.1758	0.4995	2.6574	1.5964	
0.98	1.3972	0.0455	0.6452	0.7803	1.9654	
0.99	1.0907	0.3156	0.8247	1.3933	1.8611	
1.0	1.0252	0.5598	0.9419	2.4465	1.9847	
1.01	0.8255	0.7503	1.0628	0.8441	2.1527	
1.02	0.7081	1.0015	1.3019	1.5293	1.9509	
1.03	0.5059	1.168	1.4273	2.7452	2.0768	
1.04	0.4462	1.4593	1.6948	0.8946	2.3013	
1.05	0.3667	1.7566	1.7518	1.3704	2.116	
1.06	0.256	1.9122	1.6847	2.7758	2.1458	
1.07	0.2023	1.7286	1.7977	0.7772	2.1554	
1.08	0.2056	1.9896	2.0571	1.4887	2.1857	
1.09	0.2209	2.0762	1.9864	2.2868	2.0342	
1.1	0.2564	1.8352	1.9407	0.8293	1.9568	
1.11	0.267	1.9779	1.9659	1.5119	1.9347	
1.12	0.3717	2.0022	1.7488	2.5283	1.8358	
1.13	0.4291	1.8031	1.6781	0.8435	1.4568	
1.14	0.5362	1.7919	1.5974	1.2239	1.5098	
1.15	0.7525	1.5089	1.5848	2.3673	1.3069	
1.16	0.8089	1.3119	1.3647	0.754	1.17	
1.17	0.9012	1.3108	1.1215	1.2206	0.8486	
1.18	1.0772	1.1471	0.7813	2.5113	0.7115	
1.19	1.0738	0.9665	0.6235	0.8198	0.5918	
1.2	1.337	0.9926	0.4193	1.1831	0.4041	
1.21	1.4122	0.8371	0.2379	2.2251	0.2526	
1.22	1.5511	0.7041	0.082	0.7427	0.0826	
1.23	1.4271	0.627	-0.0789	1.3356	-0.0703	
1.24	1.4548	0.6931	-0.1938	2.419	-0.2084	
1.25	1.7517	0.6726	-0.2941	0.6605	-0.388	
1.26	1.6438	0.659	-0.3567	1.1812	-0.5093	
1.27	1.427	0.7331	-0.4284	2.2953	-0.5917	
1.28	1.6344	0.6484	-0.3837	0.7196	-0.6555	
1.29	1.5075	0.7585	-0.3725	1.0854	-0.7108	
1.3	1.3082	0.9187	-0.2838	2.2786	-0.8013	
1.31	1.2723	0.9088	-0.1911	0.5928	-0.8589	
1.32	1.1315	1.0529	-0.0608	1.0248	-0.8724	
1.33	0.8708	1.0159	0.0815	2.3322	-0.8626	
1.34	0.7312	0.9612	0.2254	0.6152	-0.8882	
1.35	0.5484	1.1272	0.44	0.977	-0.767	
1.36	0.3318	1.0981	0.5138	2.2346	-0.8266	
1.37	0.1459	1.0242	0.662	0.5828	-0.6837	
1.38	-0.0539	1.0318	0.8475	1.0747	-0.63	
1.39	-0.2334	0.9088	1.0959	2.3451	-0.5641	
1.4	-0.424	0.7602	1.0156	0.4654	-0.4493	
1.41	-0.5969	0.5651	1.313	1.007	-0.3968	
1.42	-0.7789	0.4221	1.2087	2.3604	-0.3061	
1.43	-0.8495	0.2744	1.3747	0.4268	-0.2202	
1.44	-0.8534	0.0644	1.3516	0.8406	-0.1376	
1.45	-0.9943	-0.1395	1.2485	2.1914	-0.0453	
1.46	-0.9521	-0.3809	1.1542	0.3906	0.0376	
1.47	-1.132	-0.6139	1.1056	0.8711	0.1049	
1.48	-1.0417	-0.7944	0.8306	1.9565	0.1597	
1.49	-0.9912	-0.8778	0.7031	0.3841	0.2161	
1.5	-1.0051	-1.1269	0.5766	0.7909	0.2746	
1.51	-0.9566	-1.2147	0.3574	1.8831	0.2842	
1.52	-0.7796	-1.2777	0.1559	0.3406	0.2937	
1.53	-0.7005	-1.4485	-0.0371	0.8129	0.2394	
1.54	-0.5618	-1.3372	-0.2288	1.8919	0.2464	
1.55	-0.4571	-1.4303	-0.4459	0.2376	0.1891	
1.56	-0.2778	-1.3794	-0.5227	0.6456	0.1332	
1.57	-0.1433	-1.2677	-0.6914	2.0625	0.0518	
1.58	-0.0246	-1.0193	-0.7743	0.21	-0.0484	
1.59	0.089	-0.7991	-0.88	0.6015	-0.1437	
1.6	0.2224	-0.5546	-0.9693	1.9685	-0.2725	
1.61	0.3188	-0.3648	-0.9939	0.1538	-0.4177	
1.62	0.3859	-0.0628	-0.8859	0.6206	-0.5311	
1.63	0.4172	0.2345	-0.8021	1.9677	-0.7516	
1.64	0.4761	0.5316	-0.8228	0.1079	-0.838	
1.65	0.4739	0.7909	-0.6928	0.4771	-1.0272	
1.66	0.4759	1.0801	-0.536	1.6461	-1.1924	
1.67	0.4194	1.2129	-0.3812	0.0573	-1.4173	
1.68	0.2977	1.407	-0.189	0.443	-1.5064	
1.69	0.2292	1.6803	0.0025	1.775	-1.4901	
1.7	0.1039	1.7434	0.1822	0.0121	-1.7113	
1.71	-0.0224	1.7156	0.3804	0.3981	-1.9431	
1.72	-0.1593	2.0087	0.5606	1.6176	-1.8747	
1.73	-0.3644	1.7611	0.6497	-0.0363	-1.9408	
1.74	-0.4527	1.644	0.7626	0.3747	-2.3394	
1.75	-0.6556	1.6047	0.9666	1.4784	-2.2887	
1.76	-0.7741	1.6134	0.9251	-0.0941	-2.246	
1.77	-1.0448	1.359	0.933	0.2633	-2.2423	
1.78	-1.2484	1.0694	1.0412	1.53	-2.5337	
1.79	-1.3701	0.7726	0.9573	-0.1354	-2.6611	
1.8	-1.6081	0.5065	0.8964	0.2366	-2.2731	
1.81	-1.4497	0.2088	0.7701	1.6095	-2.2593	
1.82	-1.8041	-0.0981	0.7303	-0.1914	-2.2493	
1.83	-1.8706	-0.3928	0.5296	0.186	-2.1624	
1.84	-1.9079	-0.6396	0.3762	1.3097	-2.1213	
1.85	-1.7936	-0.8921	0.1888	-0.224	-2.1127	
1.86	-1.9884	-1.2496	0.0165	0.1173	-1.8556	
1.87	-1.7635	-1.425	-0.172	1.3063	-1.6972	
1.88	-1.7194	-1.4896	-0.3532	-0.2742	-1.607	
1.89	-1.7826	-1.7353	-0.4415	0.0701	-1.6096	
1.9	-1.6187	-1.7177	-0.5671	1.3994	-1.4273	
1.91	-1.338	-1.7253	-0.7116	-0.3356	-1.2441	
1.92	-1.1782	-1.9537	-0.8757	0.0161	-1.1948	
1.93	-1.1649	-1.7233	-0.8882	1.2645	-1.2349	
1.94	-1.0463	-1.8269	-0.8197	-0.3636	-1.0094	
1.95	-0.8132	-1.5871	-0.8987	-0.0321	-0.8797	
1.96	-0.6172	-1.4754	-0.8734	1.3074	-0.921	
1.97	-0.4894	-1.2921	-0.7474	-0.4052	-0.7808	
1.98	-0.4141	-1.2517	-0.6211	-0.0856	-0.6461	
1.99	-0.2479	-1.2278	-0.4654	1.2735	-0.7088	
2.0	-0.1311	-0.9624	-0.3207	-0.4125	-0.6198	
2.01	-0.0368	-0.9223	-0.1111	-0.1166	-0.6463	
2.02	0.0412	-0.7018	0.0903	1.073	-0.6338	
2.03	0.1036	-0.6855	0.3066	-0.4686	-0.6376	
2.04	0.1162	-0.5814	0.5134	-0.1764	-0.65	
2.05	0.1321	-0.5304	0.7297	1.1982	-0.656	
2.06	0.1022	-0.536	0.9452	-0.5327	-0.7995	
2.07	0.0531	-0.4794	1.0455	-0.2126	-0.7625	
2.08	-0.0126	-0.5203	1.1366	1.1674	-0.8422	
2.09	-0.1138	-0.5566	1.1889	-0.5512	-0.9424	
2.1	-0.2005	-0.6178	1.4678	-0.2664	-1.1668	
2.11	-0.3566	-0.7044	1.3268	1.1145	-1.2984	
2.12	-0.4352	-0.7813	1.4627	-0.5465	-1.4201	
2.13	-0.6212	-0.8759	1.2512	-0.2599	-1.3633	
2.14	-0.7917	-0.9875	1.2404	1.0709	-1.4779	
2.15	-0.9519	-1.106	1.1382	-0.625	-1.8556	
2.16	-1.099	-1.0889	1.1689	-0.3213	-1.8354	
2.17	-1.2472	-1.0515	0.9321	1.053	-2.0618	
2.18	-1.3252	-1.2759	0.9356	-0.5952	-2.2094	
2.19	-1.4953	-1.294	0.6896	-0.3385	-1.9906	
2.2	-1.4181	-1.158	0.5797	1.0906	-2.057	
2.21	-1.7178	-1.2171	0.3741	-0.5942	-2.083	
2.22	-1.7383	-1.0121	0.2183	-0.3587	-2.1311	
2.23	-1.5395	-0.9833	0.0774	1.0306	-2.2212	
2.24	-1.6861	-0.7643	-0.0352	-0.6643	-2.4387	
2.25	-1.8306	-0.6174	-0.1278	-0.4188	-2.492	
2.26	-1.7621	-0.4959	-0.1862	1.0132	-2.4255	
2.27	-1.5999	-0.3338	-0.2257	-0.6842	-2.3457	
2.28	-1.4104	-0.1623	-0.2268	-0.4314	-2.1421	
2.29	-1.2109	-0.0108	-0.1689	0.9693	-2.0967	
2.3	-1.0807	0.1521	-0.1212	-0.6219	-1.8716	
2.31	-1.0546	0.293	-0.0088	-0.4628	-1.9019	
2.32	-0.8494	0.4216	0.1334	0.9538	-1.74	
2.33	-0.7153	0.463	0.2982	-0.605	-1.604	
2.34	-0.4891	0.5263	0.4628	-0.4141	-1.5403	
2.35	-0.3168	0.5434	0.6154	0.8829	-1.232	
2.36	-0.1646	0.4812	0.9239	-0.6243	-1.173	
2.37	-0.017	0.408	1.0111	-0.4203	-0.9604	
2.38	0.1276	0.3097	1.3284	0.9829	-0.8806	
2.39	0.2824	0.1588	1.5583	-0.6722	-0.7165	
2.4	0.3633	-0.0458	1.6647	-0.4632	-0.4503	
2.41	0.4347	-0.275	1.8571	0.8506	-0.3287	
2.42	0.5427	-0.5174	2.0685	-0.6824	-0.2174	
2.43	0.5804	-0.8351	2.1705	-0.4936	-0.0958	
2.44	0.5964	-1.1944	1.9386	1.0213	0.0199	
2.45	0.5815	-1.3448	2.1739	-0.618	0.1111	
2.46	0.5267	-1.576	2.3897	-0.4707	0.2182	
2.47	0.4999	-2.0413	2.083	1.0024	0.2828	
2.48	0.4061	-2.1264	2.0567	-0.6605	0.3137	
2.49	0.2814	-2.3232	2.1498	-0.4934	0.3869	
2.5	0.1491	-2.4785	2.0462	0.8682	0.3894	
2.51	0.0189	-2.5318	1.593	-0.6095	0.3564	
2.52	-0.114	-2.6406	1.5248	-0.4832	0.3365	
2.53	-0.2678	-2.9161	1.5693	0.9168	0.3116	
2.54	-0.3794	-2.7217	1.3619	-0.6723	0.2924	
2.55	-0.5939	-2.9723	1.0315	-0.4565	0.189	
2.56	-0.7341	-2.7083	0.9092	0.9384	0.1481	
2.57	-0.8034	-2.8942	0.8224	-0.5963	0.0494	
2.58	-0.9296	-2.775	0.6636	-0.3977	-0.0377	
2.59	-1.0015	-2.5096	0.6042	1.0141	-0.1378	
2.6	-1.1571	-2.0876	0.5809	-0.5451	-0.2184	
2.61	-1.2246	-1.6752	0.5346	-0.4149	-0.3361	
2.62	-1.2269	-1.4781	0.5157	1.0422	-0.4276	
2.63	-1.0514	-1.353	0.5895	-0.5279	-0.5267	
2.64	-1.2218	-1.0032	0.632	-0.3795	-0.5842	
2.65	-1.1953	-0.7103	0.6478	0.9582	-0.6378	
2.66	-1.0754	-0.4069	0.8814	-0.4968	-0.7995	
2.67	-0.8775	-0.1342	1.0604	-0.4239	-0.8735	
2.68	-0.7557	0.0689	1.1165	0.9453	-0.8631	
2.69	-0.6542	0.2633	1.3043	-0.5049	-0.9985	
2.7	-0.4597	0.3756	1.6746	-0.4043	-0.8484	
2.71	-0.3217	0.4783	1.6509	1.0004	-0.9477	
2.72	-0.1605	0.5908	1.9384	-0.4881	-0.8536	
2.73	-0.0084	0.5721	1.9067	-0.3175	-0.802	
2.74	0.159	0.5996	2.3372	1.1909	-0.9185	
2.75	0.337	0.5461	2.2163	-0.4378	-0.783	
2.76	0.4495	0.48	2.7461	-0.3134	-0.707	
2.77	0.5855	0.3081	2.678	1.1841	-0.6019	
2.78	0.694	0.18	2.448	-0.4193	-0.4614	
2.79	0.7952	0.0319	2.7207	-0.3002	-0.3223	
2.8	0.937	-0.1269	2.4903	1.0617	-0.2256	
2.81	0.8737	-0.2712	2.5454	-0.3989	-0.0736	
2.82	1.0182	-0.4131	2.3652	-0.2846	0.0703	
2.83	0.9357	-0.6366	2.4036	1.2791	0.2408	
2.84	0.9463	-0.8055	2.4802	-0.3203	0.3805	
2.85	0.846	-0.8391	1.938	-0.2522	0.5116	
2.86	0.8004	-0.8781	1.736	1.1593	0.6869	
2.87	0.7892	-0.9179	1.9139	-0.3119	0.9112	
2.88	0.579	-0.9588	1.6433	-0.1986	0.9425	
2.89	0.4826	-1.0361	1.2968	1.3508	1.2234	
2.9	0.3265	-0.9833	1.2174	-0.2649	1.3447	
2.91	0.1618	-0.9628	1.0952	-0.1839	1.4024	
2.92	0.0137	-0.9587	0.8282	1.2157	1.5333	
2.93	-0.1369	-0.9055	0.767	-0.2234	1.5808	
2.94	-0.2917	-0.8541	0.7066	-0.1404	1.5073	
2.95	-0.4749	-0.7333	0.6047	1.2472	1.5194	
2.96	-0.6257	-0.6878	0.6216	-0.1504	1.537	
2.97	-0.7655	-0.5159	0.6597	-0.1147	1.6124	
2.98	-0.8643	-0.4348	0.6748	1.5116	1.6516	
2.99	-0.9025	-0.4398	0.7637	-0.1229	1.5492	
3.0	-0.9085	-0.389	0.9507	-0.0767	1.528	
3.01	-0.9664	-0.3313	0.9844	1.3035	1.4794	
3.02	-1.1127	-0.3901	1.0758	-0.0792	1.4935	
3.03	-1.1008	-0.4026	1.3652	-0.0368	1.5038	
3.04	-0.9934	-0.4139	1.6238	1.402	1.1759	
3.05	-0.9669	-0.5555	1.6628	-0.0283	1.1882	
3.06	-0.831	-0.6427	1.7665	0.0015	1.0527	
3.07	-0.7073	-0.6548	2.1883	1.5133	0.9077	
3.08	-0.5531	-0.832	2.1075	0.0181	0.848	
3.09	-0.4597	-1.0187	2.3734	0.0351	0.6877	
3.1	-0.3391	-1.2232	2.2156	1.4576	0.581	
3.11	-0.2039	-1.1528	2.1886	0.0576	0.483	
3.12	-0.0348	-1.4922	2.5433	0.0712	0.3863	
3.13	0.1224	-1.3667	2.5708	1.5998	0.2607	
3.14	0.2341	-1.4016	2.1638	0.1008	0.1764	
3.15	0.3998	-1.6963	2.1021	0.1008	0.1253	
3.16	0.4714	-1.4712	2.0969	1.4875	0.0581	
3.17	0.5582	-1.6195	2.0142	0.1513	0.0069	
3.18	0.7594	-1.6258	1.6995	0.1485	-0.0242	
3.19	0.7735	-1.3803	1.5021	1.5564	-0.0375	
3.2	0.8565	-1.1506	1.3176	0.2132	-0.0351	
3.21	0.7202	-1.0082	1.2804	0.1793	-0.0211	
3.22	0.8157	-0.8616	1.0343	1.8148	0.0144	
3.23	0.6895	-0.6817	0.8398	0.2193	0.0696	
3.24	0.7272	-0.3889	0.6498	0.2331	0.1204	
3.25	0.6345	-0.0907	0.4547	1.9056	0.2266	
3.26	0.4355	0.2114	0.2626	0.3015	0.3246	
3.27	0.3239	0.4877	0.1706	0.2362	0.4079	
3.28	0.1711	0.8421	0.0642	1.6428	0.4769	
3.29	0.0193	1.1721	-0.0	0.3341	0.69	
3.3	-0.1596	1.2409	-0.0303	0.2864	0.7038	
3.31	-0.3405	1.6764	-0.025	1.9627	0.82	
3.32	-0.4565	1.5928	0.0084	0.3868	1.0043	
3.33	-0.606	1.904	0.0778	0.2787	1.2058	
3.34	-0.8738	1.869	0.1644	1.8625	1.1951	
3.35	-1.0027	2.1248	0.2634	0.3672	1.4128	
3.36	-1.2308	1.8779	0.4089	0.3561	1.4774	
3.37	-1.12	1.8724	0.5152	1.9511	1.7275	
3.38	-1.259	1.769	0.6606	0.416	1.54	
3.39	-1.4857	1.705	0.9448	0.3374	1.6625	
3.4	-1.4184	1.5744	1.0268	1.9543	1.9289	
3.41	-1.3659	1.3368	1.0968	0.4417	1.7419	
3.42	-1.6101	1.1705	1.3665	0.419	1.8458	
3.43	-1.4677	0.8125	1.2185	1.7862	1.7978	
3.44	-1.3044	0.6513	1.486	0.4707	1.9487	
3.45	-1.3399	0.2946	1.3154	0.3764	1.6979	
3.46	-1.0951	0.0473	1.3072	2.1266	1.7249	
3.47	-1.0377	-0.2076	1.4086	0.5277	1.6658	
3.48	-0.9908	-0.4575	1.4226	0.4256	1.7421	
3.49	-0.7543	-0.7326	1.3206	2.1402	1.5492	
3.5	-0.7065	-0.8007	1.1479	0.5982	1.5071	
3.51	-0.5465	-1.063	0.8975	0.408	1.4515	
3.52	-0.4253	-1.1619	0.6763	2.0834	1.298	
3.53	-0.2235	-1.1796	0.5804	0.6063	1.051	
3.54	-0.1203	-1.2182	0.3194	0.4854	0.97	
3.55	0.0002	-1.0929	0.1176	2.1825	0.773	
3.56	0.0909	-1.2362	-0.1116	0.6132	0.6953	
3.57	0.1728	-0.9342	-0.3509	0.5042	0.538	
3.58	0.2294	-0.9745	-0.4813	2.1989	0.3477	
3.59	0.2447	-0.6846	-0.6445	0.5643	0.2469	
3.6	0.2728	-0.5032	-0.8793	0.48	0.1053	
3.61	0.2802	-0.3009	-0.9967	2.1834	-0.0147	
3.62	0.2125	-0.1252	-1.1575	0.5882	-0.1262	
3.63	0.1452	0.1061	-1.1794	0.4743	-0.2287	
3.64	0.0701	0.279	-1.1073	2.2374	-0.3054	
3.65	-0.0501	0.5237	-1.0628	0.6212	-0.3273	
3.66	-0.1707	0.7298	-1.0727	0.4877	-0.3687	
3.67	-0.3063	0.8262	-1.0676	2.1798	-0.4443	
3.68	-0.514	1.0687	-1.0036	0.6044	-0.38	
3.69	-0.6282	1.1318	-0.8658	0.51	-0.4189	
3.7	-0.7972	1.098	-0.6971	2.0065	-0.3542	
3.71	-1.0656	1.1659	-0.5042	0.5833	-0.3394	
3.72	-1.2277	1.2894	-0.3562	0.4466	-0.2845	
3.73	-1.2033	1.2782	-0.236	1.9821	-0.2288	
3.74	-1.5217	1.2478	-0.0914	0.598	-0.1171	
3.75	-1.4526	1.1139	0.0384	0.4541	-0.0326	
3.76	-1.5607	1.1032	0.1462	1.9266	0.062	
3.77	-1.7045	0.9791	0.2422	0.6805	0.1851	
3.78	-1.8401	1.0594	0.3216	0.4821	0.2776	
3.79	-1.7474	0.9256	0.351	1.9385	0.4475	
3.8	-1.8689	0.8874	0.3031	0.5755	0.4827	
3.81	-1.6863	0.807	0.3149	0.4694	0.6794	
3.82	-1.9423	0.7083	0.2006	2.0842	0.6996	
3.83	-1.6496	0.8155	0.1279	0.6735	0.7738	
3.84	-1.7155	0.7861	-0.0121	0.4259	0.9186	
3.85	-1.569	0.8153	-0.1682	2.0745	0.9296	
3.86	-1.2946	0.891	-0.3785	0.5708	1.0334	
3.87	-1.1466	0.9288	-0.507	0.4261	1.0715	
3.88	-1.1422	0.9563	-0.6805	2.0558	1.0659	
3.89	-0.8231	1.2041	-0.9861	0.6484	1.243	
3.9	-0.6839	1.2696	-1.0483	0.3402	1.2	
3.91	-0.5912	1.4103	-1.2842	2.1353	1.1798	
3.92	-0.4477	1.6746	-1.5465	0.6148	1.1633	
3.93	-0.2767	1.588	-1.7788	0.3614	1.0991	
3.94	-0.1414	1.9673	-1.7454	1.887	0.9576	
3.95	-0.0113	1.904	-2.1104	0.5138	0.8993	
3.96	0.0945	1.9815	-2.1825	0.2914	0.8492	
3.97	0.1576	1.904	-1.866	1.9073	0.742	
3.98	0.206	1.9498	-2.2604	0.5553	0.5893	
3.99	0.2309	2.2734	-2.1037	0.2358	0.5304	
4.0	0.2417	2.2151	-2.1093	1.9519	0.4133	
4.01	0.2238	1.9248	-1.9131	0.4861	0.2338	
4.02	0.1918	1.9408	-1.7949	0.2073	0.0912	
4.03	0.104	1.828	-1.5062	1.6463	-0.0483	
4.04	0.0236	1.3751	-1.3989	0.4234	-0.1794	
4.05	-0.0769	1.1446	-1.2744	0.1793	-0.3394	
4.06	-0.2141	0.978	-1.2125	1.7829	-0.4302	
4.07	-0.3117	0.7888	-0.8496	0.4493	-0.599	
4.08	-0.5005	0.5375	-0.7775	0.1285	-0.6634	
4.09	-0.6757	0.2592	-0.6117	1.6805	-0.8368	
4.1	-0.7228	0.0021	-0.4881	0.3693	-0.9767	
4.11	-0.9632	-0.2499	-0.3756	0.0728	-1.0582	
4.12	-0.9653	-0.4266	-0.3263	1.6348	-0.9599	
4.13	-1.1808	-0.5871	-0.2721	0.3288	-1.0005	
4.14	-1.2221	-0.7812	-0.2424	0.0182	-1.035	
4.15	-1.4254	-0.936	-0.2492	1.7145	-1.0512	
4.16	-1.4033	-0.8455	-0.2988	0.2999	-1.1069	
4.17	-1.4212	-0.9578	-0.3786	-0.0396	-1.0538	
4.18	-1.536	-0.8584	-0.4891	1.5392	-1.0232	
4.19	-1.3758	-0.7529	-0.7156	0.241	-0.9442	
4.2	-1.2401	-0.6713	-0.7908	-0.0996	-0.8213	
4.21	-1.3059	-0.5406	-0.9043	1.5291	-0.8578	
4.22	-1.202	-0.2608	-1.2108	0.1904	-0.7382	
4.23	-1.1752	-0.028	-1.3607	-0.1711	-0.5757	
4.24	-0.9246	0.232	-1.5875	1.3102	-0.4417	
4.25	-0.8289	0.5713	-1.5876	0.1219	-0.3372	
4.26	-0.6612	0.7809	-1.9172	-0.2367	-0.2129	
4.27	-0.4272	1.2492	-2.0381	1.504	-0.1112	
4.28	-0.2353	1.4177	-2.0775	0.06	0.0244	
4.29	-0.0513	1.6849	-2.3068	-0.3102	0.1385	
4.3	0.1278	1.9901	-2.331	1.4423	0.2692	
4.31	0.3466	2.1249	-2.2498	0.0026	0.3576	
4.32	0.4621	2.3671	-2.3508	-0.3464	0.4659	
4.33	0.6894	2.5184	-2.0508	1.3647	0.5082	
4.34	0.8501	2.6708	-1.928	-0.0619	0.6405	
4.35	0.9207	2.8181	-1.7451	-0.4398	0.7058	
4.36	1.0684	2.4394	-1.8213	1.16	0.7088	
4.37	0.9923	2.6078	-1.4812	-0.1225	0.7205	
4.38	1.0274	2.4789	-1.5295	-0.5061	0.7469	
4.39	1.0423	2.4189	-1.1547	1.0969	0.7894	
4.4	1.1522	2.2025	-0.9734	-0.1997	0.6775	
4.41	1.018	2.0643	-0.8583	-0.6306	0.663	
4.42	1.1254	1.8289	-0.6816	1.0846	0.6336	
4.43	1.0106	1.7391	-0.4723	-0.2452	0.5135	
4.44	0.9116	1.3998	-0.3763	-0.7383	0.4296	
4.45	0.8645	1.1082	-0.2103	0.9209	0.3531	
4.46	0.6132	0.9273	-0.149	-0.3595	0.2735	
4.47	0.5641	0.7764	-0.0699	-0.6865	0.1502	
4.48	0.4329	0.5325	-0.0554	0.881	0.0159	
4.49	0.2774	0.4091	-0.0528	-0.409	-0.109	
4.5	0.1622	0.2534	-0.0953	-0.8477	-0.2405	
4.51	0.0581	0.1284	-0.1568	0.862	-0.3876	
4.52	-0.036	0.0645	-0.2745	-0.5277	-0.4717	
4.53	-0.1263	0.0071	-0.378	-0.9012	-0.5778	
4.54	-0.178	-0.0142	-0.5059	0.734	-0.6803	
4.55	-0.2125	-0.0079	-0.765	-0.5242	-0.8649	
4.56	-0.2592	0.0204	-0.917	-1.0883	-0.8688	
4.57	-0.238	0.0743	-1.0062	0.632	-1.0873	
4.58	-0.2001	0.1453	-1.129	-0.6592	-1.0053	
4.59	-0.1743	0.2246	-1.2312	-1.0589	-1.0677	
4.6	-0.0882	0.3109	-1.3891	0.5205	-1.169	
4.61	0.0206	0.332	-1.6209	-0.735	-1.1239	
4.62	0.1497	0.4068	-1.6127	-1.0929	-1.2221	
4.63	0.2757	0.5283	-1.5722	0.4714	-1.1967	
4.64	0.4699	0.51	-1.6493	-0.7387	-1.0904	
4.65	0.6491	0.5567	-1.8623	-1.3017	-1.0899	
4.66	0.8293	0.5527	-1.7536	0.4015	-0.925	
4.67	1.0138	0.5118	-1.6823	-0.9326	-0.9468	
4.68	1.2497	0.4722	-1.6019	-1.2493	-0.7705	
4.69	1.3491	0.41	-1.375	0.3412	-0.758	
4.7	1.5474	0.306	-1.1054	-0.9008	-0.6391	
4.71	1.8493	0.245	-1.0444	-1.3051	-0.4901	
4.72	1.8159	0.1233	-0.7836	0.222	-0.3021	
4.73	1.9916	-0.0064	-0.6459	-1.0225	-0.1817	
4.74	2.0669	-0.1206	-0.4371	-1.5925	-0.0521	
4.75	2.3139	-0.2681	-0.1834	0.1618	0.0892	
4.76	2.1581	-0.3765	-0.0094	-1.0515	0.2191	
4.77	2.5399	-0.456	0.1726	-1.5025	0.3829	
4.78	2.362	-0.5957	0.3113	0.0729	0.4677	
4.79	2.3381	-0.5512	0.3948	-1.1538	0.624	
4.8	2.0956	-0.6808	0.5363	-1.6655	0.7515	
4.81	2.2259	-0.5811	0.6014	-0.0032	0.7779	
4.82	2.0264	-0.5895	0.5547	-1.3398	0.8822	
4.83	2.0863	-0.5487	0.561	-1.7478	0.8736	
4.84	1.8334	-0.3931	0.5629	-0.0837	1.0102	
4.85	1.9269	-0.251	0.4698	-1.3322	1.0327	
4.86	1.6474	-0.0943	0.3859	-1.9848	0.9225	
4.87	1.5098	0.1019	0.2671	-0.1649	1.0361	
4.88	1.3838	0.312	0.1054	-1.2318	0.8918	
4.89	1.3986	0.5129	-0.0587	-1.8673	0.8805	
4.9	1.0803	0.7445	-0.2497	-0.2316	0.8522	
4.91	1.115	0.9935	-0.3654	-1.3762	0.7484	
4.92	0.9859	1.1655	-0.5956	-2.0062	0.7125	
4.93	0.8711	1.4672	-0.6881	-0.3042	0.5801	
4.94	0.8185	1.6449	-0.8706	-1.4208	0.4471	
4.95	0.7617	1.6952	-1.0002	-2.2143	0.3211	
4.96	0.6955	1.8792	-1.0575	-0.3467	0.1943	
4.97	0.8016	2.0129	-1.0307	-1.5944	0.066	
4.98	0.804	1.7667	-1.188	-2.1058	-0.0631	
4.99	0.8851	1.9694	-1.0972	-0.4112	-0.1809	
5.0	0.9363	1.5858	-1.1426	-1.7658	-0.2938	
5.01	1.0455	1.6423	-0.8953	-2.1812	-0.4448	
5.02	1.1241	1.2993	-0.8939	-0.5302	-0.5103	
5.03	1.2752	1.0939	-0.7431	-1.8208	-0.6064	
5.04	1.5224	0.9331	-0.5976	-2.331	-0.7414	
5.05	1.6067	0.6726	-0.3477	-0.5344	-0.7804	
5.06	1.7133	0.3495	-0.211	-1.8247	-0.7694	
5.07	1.9818	0.0146	0.0003	-2.2111	-0.8304	
5.08	2.2949	-0.304	0.1972	-0.6143	-0.8651	
5.09	2.4616	-0.6774	0.3788	-1.88	-1.0059	
5.1	2.1863	-1.0288	0.5353	-2.4241	-0.877	
5.11	2.389	-1.3548	0.7683	-0.6983	-0.9154	
5.12	2.587	-1.4782	0.7769	-1.6665	-0.9086	
5.13	2.6475	-1.6137	0.9623	-2.3313	-0.7452	
5.14	2.76	-1.8483	0.9504	-0.7654	-0.7665	
5.15	2.6732	-1.9864	1.0925	-1.7589	-0.603	
5.16	2.5972	-2.2943	0.9893	-2.5194	-0.5188	
5.17	3.0008	-2.1623	0.9758	-0.8092	-0.4	
5.18	2.8863	-2.0612	0.989	-1.8543	-0.2797	
5.19	2.6776	-2.0072	0.8242	-2.3368	-0.1576	
5.2	2.6726	-2.1704	0.7558	-0.8245	-0.0454	
5.21	2.3638	-2.0992	0.5492	-1.8065	0.0878	
5.22	2.5879	-1.8307	0.3906	-2.7394	0.2052	
5.23	2.1976	-1.733	0.2598	-0.8698	0.3126	
5.24	2.0408	-1.3588	0.0532	-1.9821	0.4472	
5.25	2.0091	-1.2019	-0.1269	-2.7542	0.5806	
5.26	1.7797	-1.0221	-0.3302	-0.8285	0.6708	
5.27	1.5701	-0.8433	-0.5198	-1.8982	0.8313	
5.28	1.247	-0.6051	-0.5679	-2.6676	0.9508	
5.29	1.2406	-0.3532	-0.8101	-0.9519	0.8696	
5.3	0.95	-0.1595	-0.9207	-2.1284	0.9834	
5.31	0.93	-0.0195	-0.8428	-2.6766	1.0557	
5.32	0.8595	0.0992	-0.8581	-0.8627	1.0877	
5.33	0.6467	0.1905	-0.8832	-2.1557	1.1379	
5.34	0.6829	0.2468	-0.9286	-2.7405	0.9462	
5.35	0.5384	0.2976	-0.8424	-1.0048	0.9473	
5.36	0.5972	0.2856	-0.7597	-2.0269	0.9419	
5.37	0.5563	0.2308	-0.6887	-2.9405	0.84	
5.38	0.5643	0.1731	-0.4611	-1.0183	0.7033	
5.39	0.6915	0.0741	-0.3129	-2.0995	0.6314	
5.4	0.7472	-0.0343	-0.1681	-2.9972	0.5663	
5.41	0.7155	-0.1476	0.0145	-0.9316	0.4316	
5.42	0.9516	-0.2857	0.199	-1.9049	0.288	
5.43	1.1059	-0.3603	0.3341	-2.9691	0.1931	
5.44	1.0845	-0.5222	0.4916	-1.0749	0.044	
5.45	1.3583	-0.5973	0.654	-2.2303	-0.0915	
5.46	1.4559	-0.6969	0.7155	-2.7608	-0.2308	
5.47	1.4442	-0.8066	0.7898	-0.9945	-0.4093	
5.48	1.6326	-0.8007	0.8717	-2.0494	-0.5288	
5.49	1.7208	-0.7759	0.7893	-2.8111	-0.6965	
5.5	1.9119	-0.8305	0.9163	-0.9979	-0.7865	
5.51	2.0138	-0.769	0.8036	-2.2621	-0.9123	
5.52	1.7702	-0.8032	0.6759	-2.7197	-1.0224	
5.53	1.9375	-0.6865	0.5608	-1.026	-1.0361	
5.54	1.9484	-0.6259	0.435	-2.2599	-1.1403	
5.55	1.9292	-0.5701	0.2181	-2.7085	-1.2013	
5.56	2.007	-0.5268	0.0402	-1.064	-1.0932	
5.57	1.7308	-0.4052	-0.1535	-2.0706	-1.2074	
5.58	1.6232	-0.3671	-0.3921	-2.6318	-1.2745	
5.59	1.5037	-0.2909	-0.5532	-0.9868	-1.0306	
5.6	1.4847	-0.2173	-0.7193	-2.1117	-1.0437	
5.61	1.2947	-0.2003	-0.9623	-2.7985	-1.0083	
5.62	1.2023	-0.2257	-1.0333	-1.0848	-0.9574	
5.63	0.9701	-0.2326	-1.3018	-2.1332	-0.8509	
5.64	0.7173	-0.3219	-1.4478	-2.8591	-0.8413	
5.65	0.5343	-0.3702	-1.4696	-1.0196	-0.6264	
5.66	0.3178	-0.5571	-1.5657	-2.1296	-0.6245	
5.67	0.1286	-0.6225	-1.5389	-2.5834	-0.4195	
5.68	-0.0471	-0.8479	-1.4767	-1.0832	-0.3172	
5.69	-0.2369	-0.9583	-1.4007	-2.1043	-0.2385	
5.7	-0.3722	-1.2544	-1.3057	-2.5354	-0.1131	
5.71	-0.5008	-1.5521	-1.2544	-0.9431	0.006	
5.72	-0.6234	-1.7138	-1.1424	-2.094	0.1179	
5.73	-0.7058	-2.0243	-0.8464	-2.8202	0.2153	
5.74	-0.8205	-2.3588	-0.8279	-0.9235	0.2962	
5.75	-0.8076	-2.4982	-0.5617	-2.0093	0.3873	
5.76	-0.8911	-2.3815	-0.4289	-2.7343	0.4723	
5.77	-0.8631	-2.8505	-0.2985	-0.8979	0.4907	
5.78	-0.844	-2.4703	-0.1794	-2.0172	0.5489	
5.79	-0.7312	-2.5169	-0.0737	-2.7882	0.5222	
5.8	-0.644	-2.7751	0.0152	-0.9356	0.4953	
5.81	-0.6389	-2.466	0.0703	-1.9583	0.5384	
5.82	-0.525	-2.5079	0.1048	-2.5824	0.4477	
5.83	-0.3815	-2.4347	0.0982	-0.8268	0.3956	
5.84	-0.2432	-2.3458	0.0523	-1.861	0.3341	
5.85	-0.14	-2.2841	-0.0307	-2.6962	0.2609	
5.86	-0.0265	-1.9042	-0.1346	-0.8428	0.1689	
5.87	0.084	-1.6139	-0.2821	-1.5662	0.0646	
5.88	0.18	-1.1575	-0.3949	-2.2642	-0.0567	
5.89	0.2463	-1.0421	-0.574	-0.7233	-0.1838	
5.9	0.3498	-0.6359	-0.7601	-1.5546	-0.3037	
5.91	0.3458	-0.3344	-1.0156	-2.6137	-0.4568	
5.92	0.3478	-0.0529	-1.2459	-0.7252	-0.6	
5.93	0.3778	0.2374	-1.4387	-1.7751	-0.7621	
5.94	0.3179	0.4779	-1.5633	-2.4027	-0.9078	
5.95	0.2648	0.7123	-1.8278	-0.6316	-0.9511	
5.96	0.2314	0.8163	-1.9307	-1.6329	-1.075	
5.97	0.1133	0.8654	-2.0566	-2.1086	-1.1869	
5.98	-0.0193	1.0485	-2.3178	-0.5678	-1.2396	
5.99	-0.1842	0.9945	-2.3238	-1.4114	-1.4818	
6.0	-0.3219	0.9933	-2.2318	-2.4011	-1.5514	
6.01	-0.5149	0.86	-2.3876	-0.505	-1.589	
6.02	-0.7688	0.7778	-2.3489	-1.3131	-1.7906	
6.03	-0.8517	0.6437	-2.1352	-2.365	-1.6476	
6.04	-1.0884	0.3723	-1.9692	-0.4921	-1.562	
6.05	-1.3228	0.2088	-2.0253	-1.32	-1.8359	
6.06	-1.4447	-0.0433	-1.729	-2.2241	-1.5783	
6.07	-1.7828	-0.315	-1.7188	-0.3992	-1.6187	
6.08	-1.8104	-0.5115	-1.5032	-1.1782	-1.4567	
6.09	-2.0305	-0.8073	-1.401	-1.994	-1.5188	
6.1	-1.9857	-1.0447	-1.2773	-0.3686	-1.2914	
6.11	-2.0798	-1.3483	-1.1306	-1.1965	-1.2887	
6.12	-2.4632	-1.4958	-1.05	-2.2454	-1.2991	
6.13	-2.3008	-1.5153	-0.8039	-0.322	-1.0916	
6.14	-2.5225	-1.701	-0.7143	-1.0994	-0.8851	
6.15	-2.2654	-1.9127	-0.6722	-1.8374	-0.7639	
6.16	-2.28	-1.8312	-0.6115	-0.2239	-0.6568	
6.17	-2.3751	-2.0427	-0.7237	-1.1807	-0.5415	
6.18	-2.3403	-2.0258	-0.7563	-1.8145	-0.4709	
6.19	-2.2078	-1.8006	-0.7707	-0.1827	-0.3597	
6.2	-1.9949	-1.6871	-0.8722	-0.922	-0.2338	
6.21	-1.9279	-1.53	-1.0073	-2.0186	-0.1126	
6.22	-1.78	-1.533	-1.1566	-0.1002	-0.0168	
6.23	-1.6619	-1.2709	-1.2305	-0.963	0.0674	
6.24	-1.4997	-1.1366	-1.6172	-1.89	0.1405	
6.25	-1.4371	-0.9983	-1.6461	-0.041	0.1917	
6.26	-1.1816	-0.9913	-1.9173	-0.9012	0.2153	
6.27	-1.2059	-0.7938	-1.9602	-1.8429	0.2305	
6.28	-1.0773	-0.6529	-2.0579	0.031	0.2498	
6.29	-0.9352	-0.572	-2.2479	-0.8572	0.2242	
6.3	-0.9143	-0.5724	-2.7618	-1.7471	0.1995	
6.31	-0.8077	-0.5309	-2.7658	0.0886	0.1683	
6.32	-0.7566	-0.4584	-2.5168	-0.7863	0.1135	
6.33	-0.8384	-0.4432	-2.9588	-1.5578	0.0308	
6.34	-0.8152	-0.4891	-2.7396	0.1646	-0.0581	
6.35	-0.9409	-0.5636	-2.7793	-0.6629	-0.1494	
6.36	-0.8575	-0.5959	-2.8407	-1.4424	-0.2777	
6.37	-1.1447	-0.624	-2.6383	0.2335	-0.4043	
6.38	-1.1064	-0.7338	-2.697	-0.6066	-0.4831	
6.39	-1.3623	-0.8121	-2.1996	-1.4959	-0.5641	
6.4	-1.4865	-0.7699	-2.3017	0.3018	-0.734	
6.41	-1.487	-0.8609	-1.8559	-0.5372	-0.8637	
6.42	-1.5934	-0.8013	-1.9499	-1.4983	-1.0403	
6.43	-2.0304	-0.874	-1.6986	0.3704	-1.1405	
6.44	-2.2937	-0.8714	-1.573	-0.3841	-1.1252	
6.45	-2.1455	-0.9002	-1.2707	-1.2091	-1.17	
6.46	-2.6343	-0.7271	-1.1215	0.4217	-1.2221	
6.47	-2.3491	-0.6743	-1.0158	-0.385	-1.4992	
6.48	-2.8353	-0.5006	-0.9694	-1.2681	-1.3535	
6.49	-2.6483	-0.3824	-0.7727	0.5327	-1.5955	
6.5	-2.6902	-0.2089	-0.7463	-0.2845	-1.6283	
6.51	-2.5708	-0.0073	-0.8166	-1.0817	-1.3989	
6.52	-2.9162	0.1861	-0.8799	0.5704	-1.535	
6.53	-2.6584	0.4349	-0.8652	-0.2274	-1.4384	
6.54	-2.6332	0.5831	-1.0274	-1.1106	-1.4529	
6.55	-2.5542	0.8449	-1.1516	0.6717	-1.2117	
6.56	-2.758	1.1084	-1.2447	-0.132	-1.0895	
6.57	-2.6579	1.186	-1.2246	-1.0926	-0.994	
6.58	-2.28	1.4856	-1.6406	0.7115	-0.8998	
6.59	-2.1993	1.442	-1.7222	-0.0834	-0.8456	
6.6	-2.2579	1.6558	-1.8639	-1.0012	-0.6853	
6.61	-1.982	1.4807	-1.8857	0.7607	-0.5259	
6.62	-1.6786	1.59	-2.33	-0.0151	-0.4503	
6.63	-1.5872	1.4616	-2.4504	-0.9875	-0.2702	
6.64	-1.4623	1.3792	-2.4088	0.8238	-0.1051	
6.65	-1.1525	1.4212	-2.4864	0.0436	0.0518	
6.66	-1.1245	1.0637	-2.6019	-0.8225	0.1808	
6.67	-0.9491	0.9607	-2.3244	0.7777	0.3245	
6.68	-0.8224	0.7146	-2.7372	0.109	0.5037	
6.69	-0.7867	0.4826	-2.6338	-0.9326	0.5395	
6.7	-0.6205	0.1852	-2.4804	0.8243	0.6568	
6.71	-0.6297	-0.0989	-2.4609	0.1557	0.814	
6.72	-0.6376	-0.3544	-2.0154	-0.8595	0.9635	
6.73	-0.5822	-0.7095	-2.0842	0.8896	0.8611	
6.74	-0.597	-0.8975	-1.8075	0.2087	0.9546	
6.75	-0.6904	-1.1991	-1.5043	-0.7533	1.0521	
6.76	-0.6807	-1.3742	-1.2674	1.0198	0.9688	
6.77	-0.8872	-1.4614	-1.1709	0.2771	1.0892	
6.78	-0.8882	-1.6032	-0.9184	-0.7645	1.1266	
6.79	-0.9557	-1.7191	-0.6727	0.9969	1.0442	
6.8	-1.1153	-1.7642	-0.5591	0.32	0.9622	
6.81	-1.1739	-1.6603	-0.3816	-0.6782	0.9149	
6.82	-1.5297	-1.624	-0.2709	1.1517	0.738	
6.83	-1.507	-1.4068	-0.1598	0.3635	0.6659	
6.84	-1.5346	-1.2374	-0.1059	-0.6107	0.673	
6.85	-1.8076	-1.0973	-0.0838	1.1563	0.4855	
6.86	-2.0146	-0.7924	-0.0889	0.4153	0.3936	
6.87	-1.8027	-0.5328	-0.1341	-0.5856	0.299	
6.88	-1.8429	-0.2154	-0.1915	1.2373	0.227	
6.89	-2.2215	0.0809	-0.2975	0.4844	0.12	
6.9	-2.0754	0.3577	-0.4237	-0.6076	0.0154	
6.91	-2.1931	0.7101	-0.5071	1.2202	-0.0691	
6.92	-1.9436	1.0323	-0.6635	0.5141	-0.143	
6.93	-1.8443	1.2811	-0.8252	-0.5584	-0.1985	
6.94	-1.788	1.4193	-1.0713	1.0777	-0.2514	
6.95	-1.6205	1.5158	-1.1995	0.5564	-0.3209	
6.96	-1.508	1.874	-1.3854	-0.498	-0.3145	
6.97	-1.4726	1.7855	-1.3103	1.1222	-0.3483	
6.98	-1.1949	1.8188	-1.5359	0.5802	-0.3186	
6.99	-1.1016	2.0449	-1.5459	-0.4637	-0.3256	
7.0	-0.998	1.9865	-1.4329	1.2027	-0.2523	
7.01	-0.8082	1.9429	-1.6503	0.5475	-0.1981	
7.02	-0.5592	1.8834	-1.6208	-0.5103	-0.1344	
7.03	-0.3383	1.7643	-1.3205	1.3071	-0.0372	
7.04	-0.1809	1.75	-1.2404	0.6468	0.0692	
7.05	-0.0179	1.5417	-1.2297	-0.4529	0.207	
7.06	0.1316	1.4912	-1.0441	1.1892	0.3316	
7.07	0.264	1.2893	-0.8175	0.5875	0.471	
7.08	0.3788	1.1124	-0.5955	-0.435	0.5719	
7.09	0.4554	1.066	-0.4488	1.3048	0.8275	
7.1	0.4972	0.7861	-0.202	0.6089	0.8613	
7.11	0.6177	0.7546	0.0051	-0.475	0.9759	
7.12	0.6318	0.662	0.1989	1.2586	1.2039	
7.13	0.5471	0.6379	0.3988	0.6857	1.3147	
7.14	0.5173	0.645	0.6042	-0.4639	1.4548	
7.15	0.5149	0.592	0.7489	1.3268	1.6035	
7.16	0.4022	0.6415	0.8927	0.6824	1.9177	
7.17	0.3093	0.6732	0.8994	-0.4044	1.9866	
7.18	0.2063	0.8127	0.9326	1.3685	2.136	
7.19	0.1013	0.8896	0.9953	0.6524	2.2365	
7.2	-0.0285	0.9613	0.9392	-0.4332	1.9469	
7.21	-0.1688	1.0495	0.955	1.2161	2.3324	
7.22	-0.2677	1.0088	0.8811	0.6486	2.407	
7.23	-0.3756	1.1364	0.8721	-0.4067	2.1231	
7.24	-0.502	1.3437	0.6084	1.3271	2.0423	
7.25	-0.5965	1.2438	0.5462	0.644	2.4111	
7.26	-0.6465	1.388	0.3537	-0.457	2.1012	
7.27	-0.7931	1.2923	0.22	1.1953	1.9473	
7.28	-0.8	1.3449	0.075	0.6661	2.034	
7.29	-0.7311	1.2474	-0.0805	-0.477	1.8047	
7.3	-0.8392	1.1657	-0.2261	1.218	1.669	
7.31	-0.8321	1.057	-0.3312	0.7398	1.8886	
7.32	-0.6528	0.7691	-0.4354	-0.4396	1.548	
7.33	-0.5537	0.671	-0.4209	1.2391	1.6302	
7.34	-0.481	0.5585	-0.515	0.7297	1.52	
7.35	-0.3702	0.3401	-0.4773	-0.4564	1.3779	
7.36	-0.2105	0.1721	-0.4121	1.272	1.1406	
7.37	-0.0703	0.0115	-0.3595	0.6795	0.9629	
7.38	0.0998	-0.1267	-0.2963	-0.458	0.8607	
7.39	0.3085	-0.2789	-0.1467	1.1846	0.8106	
7.4	0.502	-0.3462	0.0171	0.675	0.7341	
7.41	0.7038	-0.447	0.2037	-0.5321	0.6912	
7.42	0.7733	-0.4767	0.4014	1.2237	0.5622	
7.43	1.0463	-0.5246	0.5863	0.5906	0.5618	
7.44	1.2033	-0.4544	0.767	-0.58	0.4825	
7.45	1.4081	-0.3441	0.9735	1.0966	0.4134	
7.46	1.3516	-0.2493	1.1188	0.6261	0.4489	
7.47	1.4345	-0.0685	1.4576	-0.5357	0.4453	
7.48	1.7163	0.1257	1.6365	1.1552	0.4487	
7.49	1.5335	0.396	1.5314	0.5738	0.5728	
7.5	1.839	0.6702	1.6152	-0.6111	0.5875	
7.51	1.6646	0.9239	1.9494	1.0958	0.6413	
7.52	1.5556	1.2562	2.0042	0.5495	0.7142	
7.53	1.5311	1.5579	1.8669	-0.6319	0.8805	
7.54	1.544	1.7069	1.974	1.0723	0.8981	
7.55	1.521	2.1613	1.5916	0.5314	1.1024	
7.56	1.2239	2.3163	1.7083	-0.6899	1.2675	
7.57	1.2462	2.524	1.5256	0.9661	1.3487	
7.58	0.9593	2.6895	1.3142	0.551	1.3998	
7.59	0.8983	3.0748	1.1641	-0.6135	1.5085	
7.6	0.7784	2.8778	1.0191	1.0146	1.6287	
7.61	0.539	2.9126	0.7948	0.5212	1.8934	
7.62	0.4601	2.8602	0.7307	-0.6836	1.7115	
7.63	0.2939	3.0748	0.4974	0.9497	1.8437	
7.64	0.1867	2.7826	0.4139	0.4764	1.992	
7.65	0.0872	2.7122	0.2718	-0.755	2.1007	
7.66	0.0146	2.6801	0.1662	0.9517	2.137	
7.67	-0.0459	2.3223	0.0814	0.412	2.1312	
7.68	-0.0863	1.7966	0.0351	-0.8207	2.3687	
7.69	-0.0914	1.8296	0.0235	0.8418	2.4135	
7.7	-0.0785	1.3389	0.0448	0.4025	2.297	
7.71	-0.0434	1.0303	0.0979	-0.8799	1.9674	
7.72	0.018	0.7409	0.1736	0.8177	2.2463	
7.73	0.0966	0.4437	0.3141	0.3651	1.9271	
7.74	0.1914	0.2199	0.4583	-0.7729	1.8437	
7.75	0.3259	-0.0246	0.5596	0.8872	1.8481	
7.76	0.4426	-0.233	0.8166	0.3199	1.7702	
7.77	0.6417	-0.3938	0.9254	-0.94	1.462	
7.78	0.7603	-0.556	1.1863	0.8342	1.3632	
7.79	0.9729	-0.7055	1.3439	0.3025	1.3449	
7.8	1.0627	-0.7452	1.5066	-0.851	1.2542	
7.81	1.1356	-0.6732	1.7444	0.7958	0.9198	
7.82	1.3052	-0.6203	1.7183	0.2762	0.8178	
7.83	1.3921	-0.6371	1.7865	-0.9315	0.7159	
7.84	1.6076	-0.5608	1.8352	0.6255	0.551	
7.85	1.7396	-0.4259	1.9779	0.233	0.4081	
7.86	1.9703	-0.2598	1.831	-0.9363	0.2279	
7.87	1.8218	-0.1125	2.0903	0.61	0.1093	
7.88	1.75	0.0479	1.7042	0.2297	-0.0207	
7.89	1.7091	0.2249	1.6454	-1.022	-0.1206	
7.9	1.973	0.3352	1.7346	0.5882	-0.2236	
7.91	1.8355	0.5221	1.6305	0.1932	-0.3192	
7.92	1.5906	0.6428	1.3228	-1.1311	-0.3796	
7.93	1.6495	0.7495	1.1346	0.551	-0.3983	
7.94	1.5253	0.849	1.0147	0.1594	-0.4484	
7.95	1.4045	0.8198	0.7654	-1.1474	-0.4525	
7.96	1.1855	0.8212	0.5619	0.4958	-0.4598	
7.97	1.1143	0.908	0.3612	0.1435	-0.4312	
7.98	0.9153	0.8746	0.214	-1.2302	-0.3819	
7.99	0.6277	0.9237	0.0618	0.5074	-0.3873	
8.0	0.5013	0.8346	-0.0556	0.1117	-0.3093	
8.01	0.3733	0.7618	-0.153	-1.0898	-0.2406	
8.02	0.2	0.657	-0.201	0.4462	-0.1606	
8.03	0.0705	0.5315	-0.2327	0.081	-0.0611	
8.04	-0.0499	0.4082	-0.2073	-1.1779	0.0332	
8.05	-0.1639	0.3284	-0.1641	0.4515	0.1126	
8.06	-0.2144	0.2904	-0.0918	0.0572	0.2067	
8.07	-0.3074	0.2361	0.0091	-1.2666	0.3297	
8.08	-0.2948	0.1822	0.1495	0.4242	0.4269	
8.09	-0.3303	0.1683	0.2547	0.0307	0.5017	
8.1	-0.2746	0.1838	0.4335	-1.2412	0.5547	
8.11	-0.2558	0.2106	0.593	0.3437	0.589	
8.12	-0.176	0.2669	0.7153	0.0137	0.628	
8.13	-0.1025	0.3735	1.0015	-1.2521	0.7262	
8.14	0.0119	0.4491	1.1454	0.31	0.7541	
8.15	0.123	0.5246	1.2645	-0.0064	0.6389	
8.16	0.2952	0.7422	1.3965	-1.3659	0.6562	
8.17	0.3912	0.8209	1.5072	0.2983	0.7211	
8.18	0.6061	0.9959	1.5996	-0.0226	0.5871	
8.19	0.7633	1.1526	1.6132	-1.4528	0.5027	
8.2	0.881	1.2311	1.5264	0.2953	0.4127	
8.21	1.0438	1.3401	1.4172	-0.0391	0.3234	
8.22	1.0618	1.2642	1.4061	-1.4002	0.2293	
8.23	1.3031	1.5076	1.197	0.2548	0.104	
8.24	1.3078	1.3299	1.0189	-0.0439	-0.0293	
8.25	1.2576	1.4224	0.9652	-1.2865	-0.1777	
8.26	1.3122	1.1795	0.7811	0.2782	-0.3109	
8.27	1.3589	1.2854	0.5492	-0.0595	-0.5152	
8.28	1.3028	1.0394	0.2965	-1.5088	-0.6102	
8.29	1.2308	0.7481	0.1058	0.232	-0.8009	
8.3	1.2406	0.6255	-0.08	-0.0616	-1.0318	
8.31	1.2129	0.3284	-0.2499	-1.4142	-1.2358	
8.32	1.1425	0.0867	-0.4272	0.2404	-1.2838	
8.33	0.9059	-0.1992	-0.5228	-0.0704	-1.3934	
8.34	0.8529	-0.4668	-0.7014	-1.4724	-1.6429	
8.35	0.6518	-0.8327	-0.7837	0.2099	-1.6333	
8.36	0.4447	-1.0614	-0.7701	-0.0731	-1.863	
8.37	0.2998	-1.2869	-0.8531	-1.4383	-2.0324	
8.38	0.1244	-1.5597	-0.8772	0.2052	-2.2097	
8.39	-0.0417	-1.7536	-0.7637	-0.0607	-2.2879	
8.4	-0.2176	-2.0838	-0.7041	-1.4941	-2.3408	
8.41	-0.3421	-1.9532	-0.6016	0.2087	-2.4185	
8.42	-0.541	-2.4116	-0.4929	-0.063	-2.3009	
8.43	-0.6238	-2.205	-0.3318	-1.4558	-2.4074	
8.44	-0.6909	-2.4779	-0.1619	0.2213	-2.0392	
8.45	-0.7473	-2.3892	0.0216	-0.0552	-2.2989	
8.46	-0.8199	-2.2068	0.2065	-1.374	-2.0966	
8.47	-0.8457	-1.8989	0.3875	0.2004	-2.1507	
8.48	-0.8276	-1.5745	0.4624	-0.0366	-2.0579	
8.49	-0.8718	-1.5107	0.6177	-1.4062	-1.9597	
8.5	-0.7929	-1.3319	0.7488	0.2021	-1.8396	
8.51	-0.6769	-1.0388	0.8857	-0.025	-1.8595	
8.52	-0.6534	-0.7411	0.9106	-1.4351	-1.5848	
8.53	-0.5384	-0.3918	0.9943	0.2225	-1.5483	
8.54	-0.3432	-0.1327	0.8328	-0.0051	-1.267	
8.55	-0.219	0.1253	0.8505	-1.2631	-1.3574	
8.56	-0.0811	0.3914	0.7991	0.2375	-1.2834	
8.57	0.0738	0.5333	0.6045	0.0168	-1.1899	
8.58	0.25	0.719	0.5534	-1.2605	-1.1004	
8.59	0.3506	0.8647	0.3705	0.2329	-0.9278	
8.6	0.5526	0.9575	0.1728	0.0377	-0.892	
8.61	0.661	1.0116	-0.0077	-1.2345	-0.9061	
8.62	0.7208	1.0952	-0.2087	0.2789	-0.8173	
8.63	0.8886	1.0141	-0.4211	0.0664	-0.7466	
8.64	0.9106	0.8614	-0.5264	-1.1899	-0.8486	
8.65	0.9237	0.8686	-0.6861	0.2812	-0.8038	
8.66	0.9754	0.6336	-0.8281	0.1059	-0.7623	
8.67	1.0007	0.5295	-0.9981	-1.2983	-0.9234	
8.68	1.0311	0.3246	-1.0064	0.2926	-1.0397	
8.69	0.9546	0.107	-1.1106	0.1409	-1.0199	
8.7	0.7657	-0.1159	-1.3055	-1.1876	-1.1885	
8.71	0.7524	-0.3066	-1.2911	0.3587	-1.331	
8.72	0.5876	-0.4826	-1.1027	0.1684	-1.4625	
8.73	0.4854	-0.7679	-1.0156	-1.1994	-1.6156	
8.74	0.3741	-0.9461	-0.9007	0.3857	-1.5484	
8.75	0.1993	-0.9801	-0.9134	0.226	-1.8505	
8.76	0.049	-1.2231	-0.7365	-1.2484	-1.6841	
8.77	-0.1115	-1.2007	-0.5152	0.3907	-2.0023	
8.78	-0.2548	-1.2249	-0.3334	0.2842	-2.2967	
8.79	-0.437	-1.4621	-0.1486	-1.2246	-2.2197	
8.8	-0.4975	-1.3564	0.0485	0.4292	-2.2914	
8.81	-0.6749	-1.4057	0.2065	0.2837	-2.3338	
8.82	-0.6982	-1.2733	0.4318	-1.145	-2.4479	
8.83	-0.772	-1.375	0.5529	0.4708	-2.8312	
8.84	-0.9914	-1.3146	0.6642	0.33	-2.857	
8.85	-1.0203	-1.2166	0.8341	-1.0353	-2.5807	
8.86	-0.9854	-1.1453	0.7945	0.536	-2.7207	
8.87	-0.9248	-0.962	0.8442	0.4288	-2.8346	
8.88	-0.8807	-0.8919	0.9032	-1.0973	-2.7719	
8.89	-0.8437	-0.8486	0.8775	0.6215	-2.6809	
8.9	-0.7429	-0.7859	0.8006	0.4667	-2.7036	
8.91	-0.6725	-0.785	0.612	-0.9379	-2.6764	
8.92	-0.4358	-0.9436	0.5605	0.563	-2.8609	
8.93	-0.3099	-0.8671	0.3947	0.5192	-2.6426	
8.94	-0.1582	-0.9483	0.2323	-0.9017	-2.2439	
8.95	-0.0026	-1.0898	0.0871	0.6885	-2.2431	
8.96	0.1826	-1.1448	-0.0923	0.5539	-2.1573	
8.97	0.3085	-1.1993	-0.2544	-0.8307	-2.1833	
8.98	0.4625	-1.3802	-0.3787	0.7855	-1.9868	
8.99	0.6497	-1.4873	-0.595	0.6058	-1.5969	
9.0	0.8215	-1.6656	-0.7032	-0.8326	-1.6268	
9.01	0.9533	-1.8929	-0.8468	0.7245	-1.3944	
9.02	0.9894	-1.7715	-0.802	0.7563	-1.3594	
9.03	1.1241	-1.8661	-0.8215	-0.7839	-1.187	
9.04	1.2595	-1.9517	-0.79	0.7783	-1.0642	
9.05	1.2386	-2.3084	-0.8174	0.7317	-0.8232	
9.06	1.2822	-2.2342	-0.7715	-0.715	-0.8074	
9.07	1.1506	-2.0839	-0.626	0.9155	-0.6357	
9.08	1.1281	-2.1106	-0.5513	0.8984	-0.526	
9.09	1.0373	-2.0075	-0.3539	-0.6239	-0.4487	
9.1	1.0377	-1.9342	-0.2261	0.9008	-0.4209	
9.11	0.8773	-1.7147	-0.0105	0.9239	-0.3112	
9.12	0.7473	-1.4493	0.1937	-0.5797	-0.3007	
9.13	0.6917	-1.2072	0.4351	0.995	-0.2878	
9.14	0.5078	-0.9701	0.5534	0.9467	-0.2609	
9.15	0.4094	-0.6812	0.7432	-0.4849	-0.2737	
9.16	0.2306	-0.4405	1.0136	0.9793	-0.2908	
9.17	0.1175	-0.1744	1.0658	0.9808	-0.3777	
9.18	-0.0264	0.087	1.3128	-0.3856	-0.3799	
9.19	-0.1454	0.299	1.4703	1.0486	-0.4654	
9.2	-0.2602	0.4772	1.409	1.0292	-0.5089	
9.21	-0.3638	0.7028	1.4798	-0.3777	-0.6736	
9.22	-0.4457	0.7955	1.5355	1.1047	-0.706	
9.23	-0.5205	0.8899	1.6491	1.0738	-0.9007	
9.24	-0.468	0.9725	1.4441	-0.2661	-0.9566	
9.25	-0.4772	0.9355	1.3894	1.3487	-1.0379	
9.26	-0.4717	0.9646	1.1946	1.3485	-1.0345	
9.27	-0.3853	0.741	1.0599	-0.1956	-1.0808	
9.28	-0.3677	0.6443	0.9087	1.187	-1.163	
9.29	-0.2363	0.4909	0.8546	1.2913	-1.3755	
9.3	-0.1157	0.2449	0.6567	-0.1462	-1.2377	
9.31	0.0202	-0.0012	0.4631	1.4337	-1.3343	
9.32	0.1753	-0.2697	0.3364	1.4088	-1.5025	
9.33	0.3166	-0.5681	0.2254	-0.0713	-1.449	
9.34	0.4816	-0.9369	0.1397	1.2994	-1.5223	
9.35	0.7377	-1.109	0.0481	1.3694	-1.3788	
9.36	0.8152	-1.4107	-0.0053	-0.0122	-1.4137	
9.37	0.9214	-1.5779	-0.0274	1.3587	-1.3191	
9.38	1.1872	-1.9186	-0.0097	1.4229	-1.1026	
9.39	1.221	-1.9655	0.0382	0.0577	-1.0995	
9.4	1.5746	-2.5256	0.1223	1.6889	-0.9107	
9.41	1.5131	-2.6009	0.2481	1.5164	-0.8896	
9.42	1.6966	-2.3772	0.3756	0.1126	-0.722	
9.43	1.7574	-2.4007	0.5805	1.6262	-0.4989	
9.44	1.7408	-2.4381	0.7231	1.7554	-0.3657	
9.45	1.8586	-2.5838	0.9311	0.1869	-0.207	
9.46	1.7869	-2.2521	1.231	1.5924	-0.0227	
9.47	1.5009	-2.0999	1.4861	1.7961	0.1685	
9.48	1.6745	-2.0422	1.5385	0.228	0.3597	
9.49	1.3566	-2.0196	1.8911	1.6023	0.5141	
9.5	1.5	-1.8444	2.1062	1.9583	0.6725	
9.51	1.2317	-1.4762	2.1607	0.3334	0.8972	
9.52	1.0526	-1.3342	2.1166	1.8535	1.0481	
9.53	0.9912	-1.0708	2.2102	1.8372	1.1698	
9.54	0.8409	-0.746	2.6107	0.3691	1.3397	
9.55	0.6425	-0.5919	2.6264	1.8487	1.3014	
9.56	0.498	-0.4049	2.3099	2.068	1.5044	
9.57	0.3652	-0.2219	2.4347	0.4508	1.6341	
9.58	0.2045	-0.0625	2.2596	1.9003	1.8117	
9.59	0.1002	0.0375	2.2003	2.178	1.609	
9.6	-0.0024	0.1046	2.2241	0.522	1.8001	
9.61	-0.0949	0.1559	2.1121	1.8347	1.9261	
9.62	-0.1413	0.1834	1.8984	1.9652	1.7877	
9.63	-0.1971	0.1736	1.5429	0.5789	1.674	
9.64	-0.2123	0.1327	1.4819	1.925	1.7776	
9.65	-0.1823	0.0803	1.3886	1.9177	1.6637	
9.66	-0.1589	0.0085	1.1967	0.6162	1.501	
9.67	-0.0799	-0.0607	0.973	2.1252	1.5738	
9.68	0.0025	-0.1533	0.8858	2.1984	1.3895	
9.69	0.1089	-0.2111	0.8817	0.6622	1.3577	
9.7	0.2394	-0.3028	0.8151	2.0622	1.3877	
9.71	0.3981	-0.319	0.8481	2.1766	1.1115	
9.72	0.5345	-0.3832	0.7759	0.625	1.1076	
9.73	0.6899	-0.3485	0.8779	2.1408	0.9801	
9.74	0.7664	-0.355	0.8602	2.2092	0.8328	
9.75	1.0016	-0.3427	0.963	0.7602	0.8857	
9.76	1.2196	-0.2885	1.1698	2.0341	0.8032	
9.77	1.2018	-0.2203	1.3683	2.4223	0.7171	
9.78	1.3484	-0.1262	1.445	0.7139	0.6652	
9.79	1.5435	-0.008	1.6155	2.2663	0.5486	
9.8	1.7045	0.1195	1.9196	2.2188	0.6	
9.81	1.75	0.2551	2.2171	0.8587	0.6151	
9.82	1.7404	0.3903	2.0627	2.1576	0.6213	
9.83	1.7651	0.5017	2.3565	2.6106	0.6278	
9.84	1.5282	0.553	2.6841	0.8685	0.6171	
9.85	1.4572	0.7102	2.812	2.2323	0.6816	
9.86	1.4697	0.7833	2.6227	2.198	0.7796	
9.87	1.4973	0.7783	3.1021	0.7922	0.9247	
9.88	1.297	0.7567	2.9053	2.3583	0.9657	
9.89	1.145	0.771	2.8495	2.6281	1.1778	
9.9	1.0162	0.7103	2.8908	0.9055	1.2018	
9.91	0.79	0.6423	2.9658	2.1416	1.3714	
9.92	0.6939	0.5114	2.8886	2.6912	1.5197	
9.93	0.4898	0.4441	2.5919	0.9249	1.494	
9.94	0.3155	0.2329	2.4508	2.366	1.7037	
9.95	0.1468	0.0329	2.1639	2.5398	2.0446	
9.96	-0.0184	-0.1957	1.9332	0.9848	2.2532	
9.97	-0.1702	-0.3748	1.8636	2.5304	2.1504	
9.98	-0.316	-0.6039	1.602	2.359	2.1497	
9.99	-0.4216	-0.7759	1.4384	1.0135	2.7151	
10.0	-0.5913	-0.9444	1.3005	2.2676	2.5203	
10.01	-0.5901	-1.2475	1.1468	2.2878	2.9422	
10.02	-0.669	-1.3642	1.0135	0.9522	2.8624	
10.03	-0.6891	-1.6211	0.9476	2.2122	2.7081	
10.04	-0.689	-1.6123	0.9831	2.7612	3.03	
10.05	-0.7845	-1.4997	0.8273	0.8632	2.9182	
10.06	-0.7322	-1.6244	0.8007	2.3151	2.7494	
10.07	-0.5974	-1.6026	0.8403	2.6787	2.7005	
10.08	-0.5443	-1.5704	0.9338	0.8518	2.7054	
10.09	-0.403	-1.4257	1.145	2.1881	3.0865	
10.1	-0.3513	-1.1432	1.1281	2.6801	3.08	
10.11	-0.2228	-0.9816	1.3379	0.9722	2.8835	
10.12	-0.07	-0.6763	1.4658	2.3233	2.5245	
10.13	0.0544	-0.3703	1.6722	2.6684	2.8327	
10.14	0.1905	-0.0354	1.962	0.9488	2.3419	
10.15	0.2935	0.2929	2.0816	2.0878	2.2197	
10.16	0.4152	0.5673	2.1332	2.7279	2.1671	
10.17	0.516	1.0107	2.1284	0.8543	2.3065	
10.18	0.5917	1.2794	2.2996	2.3346	1.9792	
10.19	0.6818	1.5937	2.2958	2.3748	1.8641	
10.2	0.7275	1.693	2.3517	0.8368	1.5901	
10.21	0.7578	1.9132	2.4309	2.1833	1.4837	
10.22	0.6985	2.2522	2.8603	2.3673	1.3366	
10.23	0.6899	2.3611	2.3961	0.9076	1.3561	
10.24	0.557	2.4435	2.44	2.1739	1.2245	
10.25	0.4967	2.3508	2.57	2.6277	1.0118	
10.26	0.3871	2.5753	2.0963	0.9005	1.0886	
10.27	0.2753	2.3928	2.2672	2.3769	0.826	
10.28	0.1238	2.2094	2.0042	2.2527	0.8529	
10.29	-0.0362	1.9138	1.7134	0.8654	0.742	
10.3	-0.238	1.8562	1.7406	1.9597	0.7184	
10.31	-0.4381	1.8978	1.4294	2.5301	0.8095	
10.32	-0.5574	1.4391	1.223	0.8537	0.8223	
10.33	-0.7803	1.2979	0.9715	2.1168	0.7819	
10.34	-1.0083	0.9832	0.7874	2.546	0.8836	
10.35	-1.0759	0.8049	0.5792	0.8405	0.9261	
10.36	-1.41	0.6193	0.4527	2.0945	0.9587	
10.37	-1.433	0.4062	0.3322	2.3718	0.9383	
10.38	-1.738	0.2828	0.2745	0.797	1.031	
10.39	-1.8333	0.1171	0.1873	2.2259	1.2564	
10.4	-1.8268	0.0076	0.1819	2.2877	1.2662	
10.41	-1.7739	-0.0717	0.1822	0.7031	1.2569	
10.42	-1.7962	-0.1193	0.2333	1.8829	1.601	
10.43	-1.9332	-0.1446	0.3105	2.2679	1.4368	
10.44	-1.8284	-0.1214	0.4129	0.5925	1.7189	
10.45	-1.8151	-0.0823	0.5652	1.938	1.6541	
10.46	-1.757	-0.0059	0.6207	2.1957	1.8115	
10.47	-1.8173	0.0836	0.7374	0.6327	2.0447	
10.48	-1.5512	0.1867	0.9224	1.9606	1.9727	
10.49	-1.5868	0.2827	1.2276	2.1321	2.1487	
10.5	-1.4159	0.4011	1.1982	0.5655	1.9925	
10.51	-1.3801	0.5468	1.2739	1.9379	2.1426	
10.52	-1.0706	0.7161	1.4637	2.1386	2.2093	
10.53	-1.0826	0.7889	1.6909	0.4508	2.0301	
10.54	-0.9478	0.7555	1.7759	1.6636	2.2159	
10.55	-0.7717	0.8004	1.8096	2.14	2.1537	
10.56	-0.6759	0.9646	1.6533	0.3821	2.0534	
10.57	-0.5586	0.8514	1.5898	1.6956	1.647	
10.58	-0.5325	0.9214	1.4044	2.1685	1.5748	
10.59	-0.4744	0.8226	1.4432	0.382	1.5962	
10.6	-0.4478	0.8217	1.2584	1.5328	1.3214	
10.61	-0.4648	0.792	1.1281	1.9235	1.3289	
10.62	-0.4826	0.6745	0.9506	0.2801	1.2052	
10.63	-0.4955	0.565	0.699	1.6486	0.9195	
10.64	-0.6585	0.5678	0.5113	2.0418	0.8506	
10.65	-0.7555	0.4389	0.2759	0.2214	0.653	
10.66	-0.8636	0.3692	0.0781	1.5132	0.4293	
10.67	-0.9447	0.3463	-0.1344	1.9337	0.2809	
10.68	-1.1748	0.252	-0.2983	0.1521	0.112	
10.69	-1.3598	0.2823	-0.4961	1.4895	-0.0457	
10.7	-1.4276	0.2513	-0.6065	1.7629	-0.2204	
10.71	-1.509	0.3119	-0.7981	0.0716	-0.341	
10.72	-1.9192	0.3556	-0.821	1.416	-0.5319	
10.73	-1.9216	0.5248	-0.8429	1.8022	-0.6447	
10.74	-2.3251	0.5573	-0.8609	0.0043	-0.7347	
10.75	-2.3867	0.8292	-0.9592	1.2905	-0.7638	
10.76	-2.4431	0.8765	-0.8423	1.6119	-0.8185	
10.77	-2.6425	1.1223	-0.6985	-0.0731	-0.9624	
10.78	-2.9063	1.4943	-0.6196	1.1959	-0.974	
10.79	-2.5769	1.6562	-0.501	1.5116	-0.9353	
10.8	-2.6905	1.72	-0.3551	-0.1515	-0.954	
10.81	-2.7431	1.869	-0.2206	1.1694	-1.0435	
10.82	-2.8474	2.423	-0.0682	1.3391	-0.9484	
10.83	-3.0033	2.5641	0.0827	-0.2046	-0.9619	
10.84	-2.8776	2.3291	0.2474	0.9967	-0.8948	
10.85	-2.7828	2.6236	0.3651	1.4005	-0.8041	
10.86	-2.4616	2.7422	0.5197	-0.2841	-0.7908	
10.87	-2.25	2.7943	0.5888	0.9533	-0.6468	
10.88	-2.2011	2.6691	0.654	1.2099	-0.6177	
10.89	-2.077	2.3977	0.5856	-0.3669	-0.5583	
10.9	-1.9255	2.4126	0.6681	0.8831	-0.3825	
10.91	-1.877	2.4213	0.611	1.317	-0.3346	
10.92	-1.5955	2.365	0.5396	-0.5087	-0.2673	
10.93	-1.3233	2.0951	0.3821	0.7701	-0.1577	
10.94	-1.34	1.5697	0.277	1.1923	-0.0846	
10.95	-1.1865	1.3953	0.1407	-0.5909	-0.0322	
10.96	-1.0894	1.018	-0.0485	0.6284	0.0203	
10.97	-0.9057	0.824	-0.2563	1.0655	0.0551	
10.98	-0.8642	0.4693	-0.4533	-0.6306	0.0783	
10.99	-0.8641	0.1628	-0.6956	0.5487	0.0899	
11.0	-0.7397	-0.1141	-0.811	0.9804	0.0701	
11.01	-0.7274	-0.3431	-0.9369	-0.6752	0.0517	
11.02	-0.7206	-0.6509	-1.2008	0.5008	0.0063	
11.03	-0.8151	-0.8282	-1.2289	0.8361	-0.056	
11.04	-0.8548	-1.0193	-1.4182	-0.7326	-0.1329	
11.05	-0.9621	-1.0955	-1.4661	0.4061	-0.2084	
11.06	-1.1171	-1.0696	-1.7013	0.8386	-0.3203	
11.07	-1.3211	-1.1005	-1.6829	-0.8646	-0.4532	
11.08	-1.2461	-1.1279	-1.6199	0.2897	-0.6056	
11.09	-1.4626	-0.9883	-1.4964	0.7822	-0.695	
11.1	-1.6511	-0.9031	-1.4519	-1.0075	-0.9014	
11.11	-1.7445	-0.6805	-1.3392	0.2017	-1.0809	
11.12	-1.7639	-0.4747	-1.3743	0.7257	-1.1179	
11.13	-2.0869	-0.222	-1.2094	-1.0741	-1.4621	
11.14	-2.1665	0.0102	-1.0158	0.1427	-1.6409	
11.15	-2.2701	0.2813	-0.8176	0.6353	-1.5011	
11.16	-2.2311	0.5323	-0.6783	-1.0513	-1.7153	
11.17	-2.3405	0.7771	-0.4373	0.0534	-2.0316	
11.18	-2.3612	1.001	-0.3074	0.548	-2.256	
11.19	-2.3276	1.1599	-0.1447	-1.1418	-2.3074	
11.2	-2.6005	1.2961	-0.0109	-0.0303	-2.4138	
11.21	-2.5084	1.4895	0.0953	0.5077	-2.1693	
11.22	-2.1361	1.5204	0.1698	-1.2096	-2.539	
11.23	-2.3988	1.5395	0.2005	-0.108	-2.3194	
11.24	-2.0623	1.6396	0.2079	0.4125	-2.6582	
11.25	-2.0017	1.7415	0.1766	-1.3666	-2.7282	
11.26	-1.8899	1.821	0.1429	-0.1984	-2.5589	
11.27	-1.5565	1.5892	0.0391	0.3703	-2.6248	
11.28	-1.2989	1.6259	-0.0801	-1.4737	-2.8037	
11.29	-1.1424	1.5333	-0.2313	-0.2741	-2.7085	
11.3	-0.9567	1.3614	-0.4002	0.2743	-2.34	
11.31	-0.8582	1.0757	-0.5467	-1.4266	-2.5138	
11.32	-0.6149	1.0474	-0.6702	-0.3428	-2.3428	
11.33	-0.4448	0.8934	-0.8202	0.2117	-2.1493	
11.34	-0.3073	0.7152	-1.1614	-1.5511	-1.8656	
11.35	-0.1481	0.6516	-1.1523	-0.4073	-1.7431	
11.36	-0.0102	0.5425	-1.3572	0.1599	-1.8887	
11.37	0.089	0.3976	-1.5708	-1.4186	-1.6046	
11.38	0.1855	0.3442	-1.5682	-0.4522	-1.6372	
11.39	0.2269	0.2961	-1.7831	0.1191	-1.2793	
11.4	0.2618	0.28	-1.8287	-1.6919	-1.3128	
11.41	0.2487	0.2843	-1.7745	-0.5066	-1.1456	
11.42	0.2498	0.3275	-1.7083	0.0497	-0.9799	
11.43	0.1883	0.3226	-1.7278	-1.6039	-1.019	
11.44	0.1472	0.3896	-1.4862	-0.6419	-0.9851	
11.45	0.0632	0.4889	-1.3361	0.0044	-0.8198	
11.46	-0.0348	0.4642	-1.1044	-1.7857	-0.7965	
11.47	-0.1393	0.5688	-1.0752	-0.6639	-0.726	
11.48	-0.2433	0.6578	-0.7989	-0.0425	-0.6506	
11.49	-0.3663	0.7004	-0.6408	-1.7184	-0.6631	
11.5	-0.5215	0.7346	-0.4232	-0.7112	-0.7308	
11.51	-0.6056	0.7401	-0.2305	-0.0925	-0.7591	
11.52	-0.7054	0.679	-0.0689	-1.6633	-0.7801	
11.53	-0.8346	0.6295	0.1009	-0.7919	-0.8569	
11.54	-0.9234	0.5223	0.2225	-0.1398	-0.8778	
11.55	-1.0	0.4574	0.3325	-1.9857	-0.9706	
11.56	-0.9267	0.2885	0.4372	-0.7387	-1.1073	
11.57	-0.936	0.1206	0.4761	-0.1685	-1.2202	
11.58	-0.8766	-0.0643	0.4735	-1.8235	-1.2365	
11.59	-0.9986	-0.2809	0.4808	-0.8689	-1.551	
11.6	-0.8758	-0.5128	0.4301	-0.2006	-1.6278	
11.61	-0.7252	-0.7044	0.3528	-1.8655	-1.6584	
11.62	-0.7184	-0.8896	0.2944	-0.8816	-1.6376	
11.63	-0.4952	-1.2001	0.1349	-0.2473	-2.0422	
11.64	-0.3345	-1.1978	-0.005	-1.7797	-2.005	
11.65	-0.1762	-1.3872	-0.1673	-0.8588	-2.021	
11.66	-0.001	-1.6776	-0.3583	-0.2781	-1.9788	
11.67	0.193	-1.7281	-0.4717	-2.1063	-2.3981	
11.68	0.4344	-1.7878	-0.6381	-0.875	-2.2857	
11.69	0.5595	-1.6441	-0.7648	-0.2831	-2.3795	
11.7	0.7507	-1.8743	-0.9055	-2.0484	-2.3596	
11.71	0.9538	-1.6277	-1.0044	-0.9505	-2.3551	
11.72	1.1516	-1.5473	-1.1987	-0.273	-2.3127	
11.73	1.3699	-1.6314	-1.1749	-1.9178	-2.3055	
11.74	1.4922	-1.2721	-1.1188	-0.9931	-2.3492	
11.75	1.7244	-1.1189	-1.2477	-0.3142	-2.1282	
11.76	1.6352	-0.9125	-1.2038	-2.2056	-2.2159	
11.77	1.7125	-0.6126	-1.0654	-0.927	-1.8195	
11.78	1.7806	-0.284	-0.8765	-0.3408	-1.7311	
11.79	2.0342	-0.0035	-0.7215	-1.8975	-1.7967	
11.8	1.9284	0.2554	-0.6164	-0.9874	-1.6854	
11.81	1.7091	0.571	-0.4334	-0.3344	-1.3232	
11.82	1.6988	0.7401	-0.229	-2.2633	-1.4232	
11.83	1.8066	1.0078	-0.0096	-1.1013	-1.1723	
11.84	1.805	1.1998	0.1921	-0.354	-0.9548	
11.85	1.5801	1.3229	0.3893	-1.9279	-0.8985	
11.86	1.3831	1.5496	0.5741	-0.9965	-0.7031	
11.87	1.3242	1.5129	0.6986	-0.3071	-0.4683	
11.88	1.1014	1.3746	0.7995	-2.2309	-0.3504	
11.89	0.9979	1.4967	0.9158	-1.0188	-0.1898	
11.9	0.9419	1.4004	0.9955	-0.3456	-0.0747	
11.91	0.913	1.1698	1.0827	-1.9839	0.0498	
11.92	0.7516	0.9564	1.2173	-0.9966	0.15	
11.93	0.7021	0.7646	1.1763	-0.3619	0.2345	
11.94	0.6033	0.5429	0.9774	-2.1455	0.2861	
11.95	0.4938	0.2178	1.0097	-1.0189	0.3655	
11.96	0.5078	-0.0554	0.8027	-0.2913	0.3953	
11.97	0.4831	-0.317	0.7366	-1.9267	0.4734	
11.98	0.5035	-0.5916	0.55	-0.9592	0.3983	
11.99	0.6132	-0.8867	0.4113	-0.2856	0.4414	
12.0	0.583	-1.2792	0.2156	-2.0515	0.3652	
12.01	0.727	-1.509	0.0409	-1.1341	0.3493	
12.02	0.8703	-1.5957	-0.137	-0.3106	0.2994	
12.03	0.9369	-1.7986	-0.2841	-2.0922	0.245	
12.04	1.101	-2.0472	-0.4204	-1.0475	0.1558	
12.05	1.3774	-1.9055	-0.5304	-0.2572	0.0747	
12.06	1.3841	-2.1243	-0.6598	-1.8532	-0.0198	
12.07	1.6997	-2.0916	-0.7131	-1.0956	-0.1267	
12.08	1.7981	-2.2802	-0.6095	-0.2434	-0.2194	
12.09	2.0618	-1.9138	-0.7109	-1.9206	-0.3309	
12.1	2.1835	-2.0932	-0.5655	-0.9321	-0.3691	
12.11	2.4009	-2.0139	-0.5383	-0.2456	-0.4749	
12.12	2.2883	-1.5943	-0.3988	-1.7641	-0.5443	
12.13	2.7453	-1.7051	-0.2704	-1.0778	-0.6014	
12.14	2.8174	-1.412	-0.1306	-0.1902	-0.6651	
12.15	2.6079	-1.387	0.0585	-1.9938	-0.7799	
12.16	3.0943	-1.2437	0.2259	-0.9488	-0.8215	
12.17	2.885	-1.0408	0.4432	-0.185	-0.7667	
12.18	2.8823	-1.0258	0.6202	-2.0002	-0.8361	
12.19	2.9827	-0.8975	0.7987	-0.8719	-0.8614	
12.2	2.7369	-0.783	0.8879	-0.1384	-0.6915	
12.21	2.9092	-0.7612	1.0499	-1.8065	-0.7182	
12.22	2.4462	-0.6639	1.223	-0.958	-0.5839	
12.23	2.5759	-0.727	1.4077	-0.1042	-0.5981	
12.24	2.5371	-0.7667	1.2852	-1.6862	-0.4699	
12.25	2.0076	-0.7589	1.4812	-0.9905	-0.3663	
12.26	2.2194	-0.8034	1.3374	-0.0624	-0.2214	
12.27	2.0147	-1.0385	1.2708	-1.8581	-0.0733	
12.28	1.6576	-1.0541	1.2651	-0.904	0.073	
12.29	1.5779	-1.1343	1.1307	-0.0292	0.2158	
12.3	1.4961	-1.3091	0.9405	-1.6378	0.3502	
12.31	1.2129	-1.1587	0.8287	-0.8531	0.4892	
12.32	1.2045	-1.3584	0.5989	0.0085	0.6543	
12.33	0.9802	-1.4493	0.415	-1.8365	0.9094	
12.34	1.018	-1.2558	0.2506	-0.7863	0.9681	
12.35	0.923	-1.2355	0.0797	0.0475	1.1156	
12.36	0.766	-1.2548	-0.1004	-1.5297	1.2871	
12.37	0.7793	-1.0894	-0.2749	-0.8461	1.5314	
12.38	0.7966	-0.9972	-0.4051	0.0844	1.6189	
12.39	0.8354	-0.9745	-0.5259	-1.5886	1.6592	
12.4	0.922	-0.7643	-0.6395	-0.6959	1.6268	
12.41	1.1191	-0.7016	-0.7616	0.1317	1.6474	
12.42	1.0955	-0.5089	-0.7757	-1.4664	1.8377	
12.43	1.1405	-0.3062	-0.7818	-0.6325	1.9839	
12.44	1.3151	-0.1457	-0.7006	0.164	1.9187	
12.45	1.4228	0.0247	-0.6335	-1.6703	1.8807	
12.46	1.5803	0.1774	-0.5055	-0.7198	1.6734	
12.47	1.8215	0.3263	-0.4386	0.2128	1.6826	
12.48	1.8335	0.4258	-0.3121	-1.3769	1.9255	
12.49	2.05	0.4387	-0.1282	-0.6028	1.8071	
12.5	2.322	0.4661	0.0222	0.2896	1.5163	
12.51	2.5233	0.4435	0.1887	-1.3501	1.6204	
12.52	2.5061	0.4201	0.3423	-0.5525	1.504	
12.53	2.5458	0.3579	0.4632	0.3114	1.2364	
12.54	2.6219	0.2173	0.6631	-1.5285	1.2375	
12.55	2.6395	0.0368	0.7864	-0.5833	1.0909	
12.56	2.4268	-0.1682	0.7981	0.3701	0.8996	
12.57	2.5019	-0.4393	0.8433	-1.4452	0.902	
12.58	2.6162	-0.7267	0.9713	-0.4892	0.7847	
12.59	2.3324	-0.994	0.8625	0.4269	0.5882	
12.6	2.2022	-1.2201	0.8997	-1.1945	0.4984	
12.61	2.132	-1.5117	0.8056	-0.5104	0.4536	
12.62	1.9549	-1.809	0.7259	0.4275	0.3467	
12.63	1.8666	-2.0917	0.6008	-1.2564	0.2661	
12.64	1.4501	-2.3678	0.425	-0.4633	0.2238	
12.65	1.4202	-2.5083	0.2166	0.5163	0.1787	
12.66	1.2113	-2.5255	0.022	-1.1402	0.1726	
12.67	0.911	-2.5146	-0.184	-0.396	0.1686	
12.68	0.7859	-2.6625	-0.4263	0.5645	0.1868	
12.69	0.5629	-2.8117	-0.6132	-1.2516	0.2154	
12.7	0.4607	-2.7009	-0.8843	-0.3504	0.282	
12.71	0.305	-2.9262	-0.9229	0.5341	0.3084	
12.72	0.1602	-2.4053	-1.0486	-1.1507	0.3734	
12.73	0.0732	-2.2879	-1.344	-0.3383	0.4786	
12.74	-0.0132	-2.3923	-1.4285	0.6623	0.6282	
12.75	-0.0729	-1.947	-1.3926	-1.0476	0.7533	
12.76	-0.1067	-1.8368	-1.392	-0.3298	0.7477	
12.77	-0.1156	-1.5873	-1.5359	0.6414	0.9902	
12.78	-0.0928	-1.056	-1.5889	-1.1412	0.9915	
12.79	-0.0495	-0.8635	-1.3941	-0.3066	1.1117	
12.8	0.0089	-0.5288	-1.3423	0.6899	1.3503	
12.81	0.0872	-0.2645	-1.1368	-1.1245	1.4777	
12.82	0.1841	-0.0128	-1.1495	-0.2372	1.5843	
12.83	0.288	0.2227	-1.0466	0.7852	1.558	
12.84	0.4525	0.4239	-0.7745	-1.0721	1.8572	
12.85	0.5876	0.597	-0.6868	-0.2387	2.032	
12.86	0.722	0.7944	-0.5187	0.6882	1.9853	
12.87	0.7241	0.7527	-0.3972	-0.9347	1.8315	
12.88	0.8418	0.8192	-0.2195	-0.1815	1.988	
12.89	0.9212	0.8913	-0.1436	0.7567	2.0897	
12.9	1.177	0.8892	-0.0668	-0.8522	1.9603	
12.91	1.0862	0.7321	-0.0141	-0.1852	1.9175	
12.92	1.1911	0.5923	-0.0014	0.7349	1.8839	
12.93	1.282	0.5635	-0.0216	-0.9232	1.9439	
12.94	1.3029	0.3981	-0.0729	-0.1451	1.7986	
12.95	1.1189	0.2215	-0.1519	0.9076	1.9883	
12.96	1.0919	0.0657	-0.2767	-0.8014	1.7185	
12.97	1.129	-0.0873	-0.3954	-0.1499	1.6174	
12.98	1.0	-0.2455	-0.6449	0.8016	1.4719	
12.99	0.8179	-0.4035	-0.7445	-0.8229	1.4514	
13.0	0.7743	-0.4821	-0.9107	-0.1157	1.1445	
13.01	0.5478	-0.6195	-1.0941	0.9207	1.1986	
13.02	0.3889	-0.6623	-1.5594	-0.7994	0.941	
13.03	0.2276	-0.6693	-1.7704	-0.1151	0.8506	
13.04	0.0481	-0.6793	-1.744	0.9741	0.6703	
13.05	-0.1323	-0.7152	-1.9478	-0.7548	0.5184	
13.06	-0.3682	-0.7563	-2.1891	-0.1143	0.3386	
13.07	-0.4845	-0.5868	-2.3578	1.0064	0.227	
13.08	-0.7628	-0.5845	-2.2327	-0.8438	0.1091	
13.09	-0.8115	-0.4946	-2.5105	-0.0899	0.0072	
13.1	-0.948	-0.3652	-2.6233	0.9424	-0.0868	
13.11	-1.1874	-0.3252	-2.4086	-0.8603	-0.1769	
13.12	-1.1077	-0.197	-2.5589	-0.0918	-0.233	
13.13	-1.3488	-0.1259	-2.5887	1.0321	-0.2915	
13.14	-1.3748	-0.0647	-2.3504	-0.7855	-0.3096	
13.15	-1.3847	-0.0104	-1.9519	-0.0859	-0.3465	
13.16	-1.3053	0.0197	-1.9807	0.932	-0.3236	
13.17	-1.2501	0.0256	-1.7844	-0.7787	-0.3346	
13.18	-1.2686	0.0091	-1.579	-0.0856	-0.2632	
13.19	-1.1301	-0.0307	-1.5849	1.0149	-0.2188	
13.2	-1.1744	-0.0983	-1.2897	-0.7457	-0.1709	
13.21	-1.0831	-0.1667	-1.2019	-0.1004	-0.0824	
13.22	-0.9484	-0.3177	-1.1022	0.8903	0.0097	
13.23	-0.7175	-0.4297	-0.8974	-0.8291	0.1001	
13.24	-0.6472	-0.5551	-0.9644	-0.1113	0.2297	
13.25	-0.5397	-0.7191	-0.8196	1.0463	0.3203	
13.26	-0.3649	-0.8082	-0.81	-0.7599	0.4615	
13.27	-0.2094	-0.8535	-0.787	-0.1201	0.5688	
13.28	-0.1057	-0.9841	-0.9508	0.935	0.614	
13.29	-0.0055	-1.0517	-1.0363	-0.8229	0.7094	
13.3	0.0754	-1.2666	-0.9909	-0.1457	0.8547	
13.31	0.1404	-1.2131	-1.1916	1.0242	1.0299	
13.32	0.1785	-1.2307	-1.4308	-0.8262	1.0502	
13.33	0.2008	-1.1303	-1.4708	-0.1638	1.064	
13.34	0.2129	-1.1358	-1.8018	0.8655	1.0643	
13.35	0.1763	-0.8273	-1.9792	-0.8431	1.2344	
13.36	0.1077	-0.684	-2.2467	-0.165	1.1747	
13.37	0.0392	-0.5825	-2.4136	0.8246	1.2821	
13.38	-0.0557	-0.3064	-2.4849	-0.7554	1.1282	
13.39	-0.1676	-0.0609	-2.7602	-0.1812	1.1748	
13.4	-0.3478	0.233	-3.0456	0.9605	1.1507	
13.41	-0.4809	0.544	-2.9994	-0.8579	1.0637	
13.42	-0.6495	0.7768	-2.912	-0.2378	0.9956	
13.43	-0.8434	1.1538	-3.0982	0.8538	0.8592	
13.44	-1.0625	1.3417	-2.7396	-0.8711	0.7271	
13.45	-1.0926	1.789	-2.8061	-0.2388	0.6087	
13.46	-1.407	1.8853	-3.1012	0.932	0.5015	
13.47	-1.3664	1.8874	-2.5918	-0.8479	0.3739	
13.48	-1.637	2.2616	-2.5034	-0.3018	0.2298	
13.49	-1.5529	2.4278	-2.3238	0.8543	0.0621	
13.5	-1.6594	2.6157	-2.3201	-0.9438	-0.0847	
13.51	-1.761	2.2477	-2.0529	-0.3165	-0.2148	
13.52	-1.9437	2.638	-2.0615	0.7622	-0.4082	
13.53	-2.0715	2.373	-1.6209	-0.96	-0.569	
13.54	-1.7832	2.1797	-1.7287	-0.3341	-0.7035	
13.55	-2.1014	2.0207	-1.4255	0.7588	-0.8286	
13.56	-2.0339	1.6883	-1.3679	-1.0139	-0.9228	
13.57	-1.9622	1.6086	-1.2221	-0.3724	-1.0275	
13.58	-1.6943	1.2334	-1.1389	0.6956	-1.0683	
13.59	-1.4988	0.99	-0.8874	-0.9228	-1.1297	
13.6	-1.384	0.7775	-0.9019	-0.4495	-1.2644	
13.61	-1.3058	0.5321	-0.8905	0.7451	-1.1495	
13.62	-1.1441	0.2343	-1.0025	-1.0767	-1.1976	
13.63	-1.0336	-0.0335	-0.9673	-0.4983	-1.2986	
13.64	-0.8157	-0.2534	-1.0185	0.6691	-1.1679	
13.65	-0.636	-0.4534	-1.2441	-1.1017	-1.249	
13.66	-0.4868	-0.6573	-1.3276	-0.4907	-1.0224	
13.67	-0.3122	-0.7687	-1.6388	0.5851	-1.0401	
13.68	-0.1971	-0.8879	-1.5204	-1.0253	-0.9978	
13.69	-0.1034	-0.8594	-1.7874	-0.5501	-0.9049	
13.7	-0.0164	-0.9299	-1.9319	0.5424	-0.7974	
13.71	0.0536	-0.7997	-2.1941	-1.0381	-0.7028	
13.72	0.0934	-0.7643	-2.3691	-0.671	-0.519	
13.73	0.1115	-0.6761	-2.3721	0.582	-0.3897	
13.74	0.113	-0.4751	-2.5844	-1.1793	-0.2562	
13.75	0.0661	-0.2925	-2.3921	-0.6721	-0.1505	
13.76	0.0148	-0.1128	-2.4131	0.4723	-0.0345	
13.77	-0.0612	0.1043	-2.4689	-1.2757	0.0822	
13.78	-0.1755	0.282	-2.4951	-0.7263	0.1809	
13.79	-0.2595	0.4876	-2.5546	0.4463	0.276	
13.8	-0.4135	0.7276	-2.5741	-1.2732	0.3512	
13.81	-0.5309	0.8245	-2.2703	-0.7821	0.3991	
13.82	-0.6721	1.1444	-2.3487	0.393	0.4572	
13.83	-0.9116	1.2031	-2.0192	-1.3064	0.4884	
13.84	-0.9028	1.4269	-1.9459	-0.8159	0.6007	
13.85	-1.1195	1.2899	-1.554	0.3549	0.5587	
13.86	-1.2749	1.5844	-1.4048	-1.3363	0.5288	
13.87	-1.2478	1.3946	-1.2259	-0.9774	0.5248	
13.88	-1.3607	1.489	-0.9481	0.3193	0.4981	
13.89	-1.6287	1.44	-0.873	-1.3142	0.4594	
13.9	-1.5448	1.5339	-0.5968	-0.916	0.3368	
13.91	-1.5605	1.3276	-0.4639	0.2436	0.2769	
13.92	-1.6982	1.197	-0.3873	-1.3596	0.1984	
13.93	-1.7568	1.2412	-0.287	-1.0438	0.067	
13.94	-1.4846	1.2053	-0.229	0.1733	-0.0437	
13.95	-1.5913	1.1418	-0.1962	-1.5016	-0.1784	
13.96	-1.3618	1.0353	-0.2172	-1.0117	-0.2886	
13.97	-1.3704	0.9327	-0.2854	0.1319	-0.4222	
13.98	-1.1843	0.8441	-0.3262	-1.4535	-0.5526	
13.99	-1.0588	0.9543	-0.4588	-1.1061	-0.7359	
14.0	-0.9179	0.9266	-0.5816	0.0908	-0.8304	
14.01	-0.6959	1.0641	-0.7276	-1.4432	-0.8935	
14.02	-0.5303	1.1089	-0.9109	-1.2818	-1.0788	
14.03	-0.33	1.0354	-1.1199	0.0412	-1.0253	
14.04	-0.1669	1.1444	-1.2994	-1.7546	-1.2419	
14.05	0.012	1.2807	-1.3908	-1.1551	-1.2077	
14.06	0.1576	1.4641	-1.4977	-0.0075	-1.4102	
14.07	0.2965	1.64	-1.432	-1.8019	-1.3485	
14.08	0.4155	1.713	-1.6014	-1.1864	-1.3974	
14.09	0.5278	1.789	-1.7017	-0.0612	-1.3669	
14.1	0.589	1.8591	-1.6258	-1.5935	-1.4062	
14.11	0.7007	2.1199	-1.7863	-1.2545	-1.3491	
14.12	0.7091	1.8928	-1.5289	-0.0986	-1.3303	
14.13	0.712	2.3335	-1.6689	-1.6331	-1.2468	
14.14	0.618	1.9737	-1.3728	-1.4396	-1.2349	
14.15	0.5226	2.2009	-1.3158	-0.1573	-1.089	
14.16	0.4522	1.8508	-1.2125	-1.8804	-0.961	
14.17	0.4002	1.8704	-0.895	-1.4592	-0.8753	
14.18	0.3026	1.6332	-0.8321	-0.1826	-0.6761	
14.19	0.1473	1.63	-0.5635	-1.891	-0.5783	
14.2	0.0198	1.2469	-0.341	-1.5884	-0.4211	
14.21	-0.1344	1.109	-0.126	-0.2569	-0.2791	
14.22	-0.2986	0.8059	0.0733	-2.077	-0.1513	
14.23	-0.4561	0.5546	0.2689	-1.3987	-0.0131	
14.24	-0.5854	0.3059	0.4231	-0.2555	0.1079	
14.25	-0.6704	0.0395	0.54	-2.0625	0.2507	
14.26	-0.7313	-0.2058	0.654	-1.7238	0.364	
14.27	-0.947	-0.4414	0.7149	-0.3113	0.4294	
14.28	-1.0204	-0.5977	0.7377	-1.8381	0.5126	
14.29	-1.0365	-0.7921	0.838	-1.7835	0.571	
14.3	-1.1562	-0.8574	0.8105	-0.3408	0.7001	
14.31	-1.1487	-0.9603	0.79	-2.1123	0.7431	
14.32	-1.1678	-0.9867	0.5861	-1.672	0.7759	
14.33	-0.9993	-0.9554	0.5578	-0.4175	0.7595	
14.34	-0.9095	-1.0373	0.3885	-2.0725	0.8257	
14.35	-0.8744	-0.9065	0.2433	-1.7294	0.6882	
14.36	-0.8138	-0.6969	0.098	-0.4292	0.6978	
14.37	-0.6059	-0.5022	-0.0695	-2.1612	0.6616	
14.38	-0.5516	-0.2523	-0.2427	-1.8026	0.5927	
14.39	-0.3488	-0.0061	-0.407	-0.4365	0.4335	
14.4	-0.1989	0.2917	-0.48	-1.9874	0.4064	
14.41	-0.0221	0.5905	-0.653	-1.7435	0.2755	
14.42	0.1328	0.9434	-0.7676	-0.4725	0.1559	
14.43	0.3238	1.1457	-0.7056	-2.2774	0.0393	
14.44	0.4987	1.4045	-0.7384	-1.6839	-0.0839	
14.45	0.5493	1.7135	-0.8152	-0.5491	-0.2292	
14.46	0.713	1.9774	-0.7603	-2.13	-0.3335	
14.47	0.7745	2.2608	-0.6551	-1.8451	-0.453	
14.48	0.9159	2.3089	-0.5386	-0.5716	-0.5452	
14.49	1.0374	2.2746	-0.4447	-1.9505	-0.7255	
14.5	0.9835	2.2611	-0.2486	-1.9297	-0.828	
14.51	1.086	2.265	-0.0864	-0.4992	-0.8931	
14.52	1.0039	2.4045	0.1157	-2.1087	-0.8977	
14.53	0.9887	2.4507	0.333	-1.9936	-1.0741	
14.54	0.8848	2.2526	0.5434	-0.5581	-0.9513	
14.55	0.7648	2.0492	0.6541	-2.0589	-0.9638	
14.56	0.6494	1.8783	0.8538	-1.8126	-0.9796	
14.57	0.5055	1.8502	1.015	-0.5355	-1.1516	
14.58	0.384	1.3959	1.2439	-2.3232	-1.0426	
14.59	0.2287	1.1972	1.2843	-1.7398	-0.9146	
14.6	0.072	1.0772	1.2948	-0.6279	-0.9736	
14.61	-0.0971	0.8023	1.3949	-2.3727	-0.7878	
14.62	-0.2336	0.516	1.4491	-2.0338	-0.7533	
14.63	-0.4502	0.2984	1.5936	-0.5745	-0.675	
14.64	-0.5265	0.1318	1.4008	-2.0345	-0.5826	
14.65	-0.7626	-0.016	1.2835	-2.0167	-0.3948	
14.66	-0.7578	-0.1513	1.2504	-0.5258	-0.3109	
14.67	-0.918	-0.2687	1.0654	-2.2347	-0.1654	
14.68	-0.9194	-0.2893	0.863	-1.9973	-0.0203	
14.69	-0.9746	-0.3192	0.7491	-0.5146	0.115	
14.7	-1.0096	-0.3577	0.5922	-2.3019	0.2412	
14.71	-1.0467	-0.3342	0.3914	-2.1021	0.4065	
14.72	-1.0527	-0.279	0.2215	-0.5333	0.5137	
14.73	-0.9779	-0.2425	0.0448	-2.1633	0.5656	
14.74	-0.9769	-0.1656	-0.0988	-2.0986	0.6507	
14.75	-0.8133	-0.1099	-0.2474	-0.5898	0.8075	
14.76	-0.6423	-0.0233	-0.3428	-2.0977	0.8988	
14.77	-0.6369	0.042	-0.4279	-2.0144	0.8698	
14.78	-0.4145	0.106	-0.4194	-0.5003	1.0311	
14.79	-0.3101	0.1427	-0.4662	-2.1227	0.9703	
14.8	-0.1396	0.1614	-0.4252	-1.8633	0.9152	
14.81	0.0042	0.1892	-0.385	-0.5278	1.0535	
14.82	0.1445	0.1813	-0.2776	-1.9554	1.0363	
14.83	0.2585	0.1203	-0.1696	-1.7471	0.8632	
14.84	0.4278	0.0606	-0.0189	-0.4427	0.8093	
14.85	0.4971	-0.0185	0.1286	-2.0081	0.7562	
14.86	0.6053	-0.1096	0.3184	-1.7284	0.6496	
14.87	0.6491	-0.2539	0.5148	-0.4233	0.5619	
14.88	0.772	-0.3212	0.6243	-2.0282	0.4611	
14.89	0.7283	-0.4585	0.7831	-1.7802	0.338	
14.9	0.6941	-0.5635	0.9067	-0.3927	0.2148	
14.91	0.6514	-0.6682	1.1522	-1.8193	0.0743	
14.92	0.6834	-0.898	1.3624	-1.9369	-0.0627	
14.93	0.5139	-0.9425	1.2535	-0.3983	-0.1904	
14.94	0.4642	-0.9017	1.3499	-2.1	-0.323	
14.95	0.3303	-1.118	1.3946	-1.639	-0.4529	
14.96	0.1868	-0.9341	1.5409	-0.3817	-0.6333	
14.97	0.014	-0.9846	1.3112	-2.0172	-0.7131	
14.98	-0.1591	-0.9056	1.3518	-1.778	-0.7906	
14.99	-0.3108	-0.8331	1.1651	-0.2885	-0.9357	
15.0	-0.4548	-0.7678	1.0875	-1.726	-1.0435	
15.01	-0.7193	-0.5294	0.867	-1.7879	-1.0529	
15.02	-0.7743	-0.3628	0.6608	-0.2646	-1.0611	
15.03	-1.0074	-0.1657	0.5365	-1.6957	-1.1377	
15.04	-1.2056	0.0437	0.3518	-1.7604	-1.0251	
15.05	-1.3337	0.2784	0.1207	-0.2285	-1.0917	
15.06	-1.3859	0.5378	-0.0644	-1.6617	-1.1276	
15.07	-1.4388	0.6918	-0.2361	-1.5724	-1.0899	
15.08	-1.4425	1.0015	-0.4468	-0.1694	-0.937	
15.09	-1.6406	1.1314	-0.5228	-1.5326	-0.939	
15.1	-1.5979	1.2342	-0.6505	-1.6997	-0.7353	
15.11	-1.486	1.3871	-0.7691	-0.1106	-0.662	
15.12	-1.4808	1.3923	-0.8301	-1.7584	-0.5874	
15.13	-1.4748	1.4564	-0.789	-1.4605	-0.507	
15.14	-1.3004	1.4278	-0.7472	-0.0424	-0.3848	
15.15	-1.2181	1.2288	-0.8061	-1.668	-0.2709	
15.16	-1.0759	1.1659	-0.6336	-1.5025	-0.1282	
15.17	-0.9083	1.1331	-0.5081	0.0218	-0.0018	
15.18	-0.7051	0.8274	-0.4369	-1.4769	0.1055	
15.19	-0.6466	0.6508	-0.3016	-1.4995	0.2368	
15.2	-0.4686	0.3322	-0.11	0.0796	0.3659	
15.21	-0.3558	0.0705	0.0464	-1.3023	0.4236	
15.22	-0.1846	-0.2645	0.2036	-1.2728	0.5553	
15.23	-0.069	-0.5615	0.3885	0.1503	0.5866	
15.24	0.0453	-0.8353	0.4881	-1.4527	0.6766	
15.25	0.1291	-1.3232	0.6405	-1.1316	0.6266	
15.26	0.2259	-1.4198	0.8124	0.2447	0.6384	
15.27	0.2524	-1.9505	0.832	-1.33	0.6406	
15.28	0.2772	-1.8434	0.8379	-1.2553	0.6717	
15.29	0.2897	-2.4344	0.8338	0.3013	0.7065	
15.3	0.2471	-2.4467	0.9044	-1.2049	0.6137	
15.31	0.197	-2.6374	0.8402	-1.2159	0.5022	
15.32	0.1079	-2.4399	0.7794	0.3981	0.4655	
15.33	0.0142	-2.627	0.5584	-1.1125	0.3792	
15.34	-0.1087	-2.5641	0.4443	-1.1308	0.2581	
15.35	-0.2394	-2.2957	0.2641	0.4242	0.1532	
15.36	-0.3893	-2.182	0.0905	-1.1199	0.0192	
15.37	-0.5505	-2.04	-0.1072	-0.9878	-0.106	
15.38	-0.7022	-2.1256	-0.2931	0.5191	-0.2719	
15.39	-0.9121	-1.6851	-0.5338	-0.9909	-0.3706	
15.4	-1.0179	-1.5114	-0.6906	-0.868	-0.5327	
15.41	-1.1779	-1.2526	-0.8856	0.5836	-0.6101	
15.42	-1.2112	-1.1999	-1.0448	-0.8828	-0.88	
15.43	-1.4261	-0.8575	-1.1587	-0.8007	-0.9801	
15.44	-1.4771	-0.6716	-1.3694	0.7344	-1.1191	
15.45	-1.6789	-0.4795	-1.3928	-0.811	-1.1585	
15.46	-1.7972	-0.3513	-1.3229	-0.7246	-1.2599	
15.47	-1.6996	-0.2094	-1.346	0.8086	-1.271	
15.48	-1.6931	-0.084	-1.3091	-0.6799	-1.5073	
15.49	-1.805	-0.0126	-1.1924	-0.6863	-1.5787	
15.5	-1.6039	0.0252	-1.1543	0.9215	-1.3679	
15.51	-1.5979	0.0339	-1.1619	-0.6516	-1.6111	
15.52	-1.385	0.0133	-0.8753	-0.5938	-1.4084	
15.53	-1.4206	-0.0404	-0.8091	0.9872	-1.3716	
15.54	-1.3125	-0.1236	-0.607	-0.4791	-1.5347	
15.55	-1.1919	-0.2051	-0.4877	-0.4729	-1.3503	
15.56	-1.003	-0.3308	-0.2802	0.9577	-1.3448	
15.57	-0.7776	-0.4558	-0.1176	-0.4511	-1.3127	
15.58	-0.6607	-0.5099	0.0337	-0.4299	-1.171	
15.59	-0.5115	-0.6998	0.1559	1.143	-0.9916	
15.6	-0.3091	-0.6838	0.3012	-0.3597	-0.9572	
15.61	-0.147	-0.853	0.3368	-0.3595	-0.847	
15.62	-0.0088	-0.8358	0.3747	1.1841	-0.6369	
15.63	0.1217	-1.0391	0.4103	-0.2663	-0.4967	
15.64	0.2494	-0.928	0.422	-0.2566	-0.422	
15.65	0.3312	-1.0678	0.3641	1.2609	-0.2489	
15.66	0.3762	-0.8835	0.2622	-0.1664	-0.1337	
15.67	0.4463	-0.9501	0.1489	-0.1633	-0.0178	
15.68	0.4327	-0.8761	0.0237	1.4419	0.0971	
15.69	0.415	-0.8702	-0.144	-0.085	0.1975	
15.7	0.4032	-0.6748	-0.3157	-0.0995	0.2494	
15.71	0.3323	-0.6398	-0.5232	1.35	0.3445	
15.72	0.3101	-0.5542	-0.6517	0.0041	0.4144	
15.73	0.194	-0.4713	-0.8566	-0.0229	0.4294	
15.74	0.0795	-0.3475	-0.9846	1.4315	0.4638	
15.75	-0.0465	-0.2976	-1.1462	0.0977	0.4995	
15.76	-0.1676	-0.2971	-1.4541	0.0539	0.4489	
15.77	-0.3269	-0.2581	-1.3808	1.6304	0.4073	
15.78	-0.4156	-0.2745	-1.4496	0.1619	0.3515	
15.79	-0.6395	-0.3296	-1.6541	0.1414	0.321	
15.8	-0.7745	-0.3685	-1.5273	1.7874	0.2252	
15.81	-0.8637	-0.5584	-1.6271	0.2721	0.1708	
15.82	-0.9371	-0.6409	-1.6356	0.2202	0.0669	
15.83	-1.0719	-0.7287	-1.3348	1.6756	-0.0493	
15.84	-1.0508	-0.9143	-1.3878	0.3226	-0.1699	
15.85	-1.0539	-1.3013	-1.085	0.2607	-0.2683	
15.86	-1.1366	-1.4613	-0.977	1.8086	-0.4048	
15.87	-1.0518	-1.6154	-0.7711	0.4426	-0.5086	
15.88	-1.1785	-1.694	-0.5937	0.3506	-0.709	
15.89	-0.9691	-1.8962	-0.439	1.8122	-0.7593	
15.9	-0.9983	-2.3545	-0.2119	0.478	-0.8462	
15.91	-0.8875	-2.6114	-0.0356	0.4029	-0.9936	
15.92	-0.7296	-2.512	0.1344	1.9533	-0.9916	
15.93	-0.4778	-2.8036	0.2964	0.5227	-1.0736	
15.94	-0.3347	-2.9088	0.4084	0.5036	-1.1292	
15.95	-0.1837	-2.5871	0.5505	2.1387	-1.3026	
15.96	0.0107	-2.4128	0.5211	0.6995	-1.2617	
15.97	0.2019	-2.3466	0.6604	0.5675	-1.3628	
15.98	0.3606	-2.6032	0.5885	2.0861	-1.3612	
15.99	0.5544	-2.1236	0.5459	0.7722	-1.3941	
16.0	0.7331	-2.0853	0.5405	0.5894	-1.3293	
16.01	0.9525	-1.9512	0.4179	2.0002	-1.2328	
16.02	1.0672	-1.4556	0.3005	0.7422	-1.2592	
16.03	1.147	-1.2024	0.166	0.6469	-1.1524	
16.04	1.2595	-0.8766	-0.0022	2.218	-0.8968	
16.05	1.3215	-0.618	-0.1731	0.8886	-0.8739	
16.06	1.5526	-0.3019	-0.3096	0.7145	-0.7668	
16.07	1.4129	0.0243	-0.5192	2.3757	-0.5955	
16.08	1.5483	0.3038	-0.617	0.9397	-0.4727	
16.09	1.3988	0.5766	-0.7252	0.8131	-0.3392	
16.1	1.4333	0.7891	-0.8117	2.1664	-0.1431	
16.11	1.4884	0.9065	-1.055	1.0274	-0.0075	
16.12	1.1558	1.0471	-1.1091	0.8127	0.1516	
16.13	1.1128	1.3046	-1.0043	2.226	0.3101	
16.14	1.1384	1.3084	-1.0402	1.032	0.47	
16.15	0.9151	1.2952	-1.0515	0.9044	0.5989	
16.16	0.834	1.1278	-0.8594	2.6499	0.6204	
16.17	0.7112	0.975	-0.8532	1.1033	0.7995	
16.18	0.544	0.8434	-0.6436	0.9095	0.9624	
16.19	0.4201	0.6891	-0.4629	2.3088	0.9599	
16.2	0.3131	0.5426	-0.28	1.0785	0.9752	
16.21	0.2307	0.3301	-0.0715	1.0153	1.1419	
16.22	0.1524	0.0648	0.1547	2.4451	1.0877	
16.23	0.0963	-0.2041	0.3379	1.0852	1.1518	
16.24	0.0691	-0.3928	0.5098	0.8668	1.2218	
16.25	0.051	-0.6025	0.696	2.3211	1.13	
16.26	0.0698	-0.8843	0.9916	1.2556	1.1061	
16.27	0.1061	-1.1116	1.1177	0.9506	0.9882	
16.28	0.1736	-1.3026	1.302	2.545	0.907	
16.29	0.2591	-1.5124	1.2359	1.1575	0.7984	
16.3	0.414	-1.5843	1.4133	0.9133	0.7629	
16.31	0.5105	-1.537	1.5621	2.7015	0.6596	
16.32	0.6134	-1.5667	1.5569	1.3523	0.5995	
16.33	0.8661	-1.6043	1.5297	0.966	0.4483	
16.34	1.0654	-1.667	1.5206	2.435	0.3393	
16.35	1.2498	-1.4712	1.2873	1.3233	0.2506	
16.36	1.4148	-1.4194	1.1369	1.1214	0.1534	
16.37	1.428	-1.2971	0.9582	2.7855	0.051	
16.38	1.8232	-1.1573	0.8301	1.2562	-0.0503	
16.39	2.079	-0.9022	0.8031	1.0599	-0.1227	
16.4	2.184	-0.7798	0.6149	2.6892	-0.2066	
16.41	2.2361	-0.6538	0.4363	1.2048	-0.2857	
16.42	2.3428	-0.474	0.3196	0.9686	-0.3281	
16.43	2.3791	-0.3949	0.1961	2.8624	-0.3101	
16.44	2.2656	-0.3055	0.0952	1.3062	-0.3562	
16.45	2.5281	-0.2203	0.0317	1.1389	-0.3379	
16.46	2.4116	-0.1389	-0.0094	2.5287	-0.3309	
16.47	2.6659	-0.0893	-0.0177	1.363	-0.2719	
16.48	2.7508	-0.0898	0.0075	1.0358	-0.26	
16.49	2.5679	-0.0919	0.0667	2.9047	-0.1893	
16.5	2.5293	-0.1189	0.1529	1.2273	-0.098	
16.51	2.0603	-0.16	0.2594	1.0442	0.01	
16.52	2.2539	-0.2263	0.4554	2.52	0.1345	
16.53	2.0755	-0.2658	0.613	1.2593	0.2333	
16.54	2.006	-0.3404	0.8581	1.0255	0.3695	
16.55	1.9054	-0.3999	0.9783	2.6479	0.4935	
16.56	1.6635	-0.436	1.2228	1.4762	0.7241	
16.57	1.3323	-0.4261	1.3794	1.1536	0.8904	
16.58	1.2353	-0.5107	1.5151	2.4476	0.8961	
16.59	1.1955	-0.4546	1.785	1.3954	1.1737	
16.6	0.9921	-0.4386	1.9485	1.0041	1.3723	
16.61	1.0395	-0.3863	2.2457	2.5938	1.5547	
16.62	0.8235	-0.3058	2.3329	1.232	1.56	
16.63	0.8414	-0.189	2.3423	0.9289	1.7813	
16.64	0.7852	-0.0261	2.2278	2.5445	1.8058	
16.65	0.849	0.1317	2.4039	1.3533	1.7593	
16.66	0.7608	0.3287	2.2451	0.9459	2.1171	
16.67	0.7965	0.5423	2.681	2.6098	1.8765	
16.68	0.9539	0.6873	2.5583	1.3672	2.0614	
16.69	0.9357	0.9436	2.1661	0.9701	2.2371	
16.7	1.2134	1.1875	2.078	2.4004	2.2593	
16.71	1.1656	1.3574	1.8846	1.2781	2.2145	
16.72	1.3952	1.4252	1.9479	0.8625	2.1606	
16.73	1.608	1.652	1.6697	2.5791	2.1691	
16.74	1.5132	1.7314	1.4769	1.1907	1.8838	
16.75	1.6707	2.0613	1.3542	0.9131	1.8415	
16.76	2.0379	2.1851	1.1864	2.4361	1.6647	
16.77	2.1973	1.9554	1.1707	1.3389	1.769	
16.78	2.4606	2.1516	0.9194	0.8107	1.7019	
16.79	2.5523	1.7996	0.9388	2.5873	1.4536	
16.8	2.3483	1.8019	0.9175	1.2266	1.254	
16.81	2.3798	1.6894	0.8689	0.7788	1.2382	
16.82	2.6589	1.5199	0.7774	2.7033	1.2142	
16.83	2.6082	1.2163	0.8955	1.0674	1.0321	
16.84	2.9037	0.9869	0.9448	0.8565	0.9414	
16.85	2.9079	0.6438	1.0219	2.6387	0.8498	
16.86	2.7701	0.3936	1.1512	1.1231	0.7241	
16.87	2.5693	0.0858	1.4546	0.8021	0.5417	
16.88	2.6172	-0.1759	1.4281	2.1939	0.4475	
16.89	2.529	-0.4398	1.5969	1.0373	0.4252	
16.9	2.0095	-0.7432	1.8908	0.6741	0.3514	
16.91	2.1216	-0.9609	2.3342	2.35	0.3294	
16.92	1.9801	-0.9995	2.3269	1.1109	0.3025	
16.93	1.7462	-1.2726	2.353	0.6181	0.2503	
16.94	1.6724	-1.3786	2.3994	2.4907	0.2539	
16.95	1.4577	-1.4224	2.5655	1.0239	0.3079	
16.96	1.242	-1.2831	2.8923	0.5997	0.3076	
16.97	1.0348	-1.2552	3.0074	2.3066	0.4302	
16.98	0.7523	-1.1776	2.8496	0.9434	0.4977	
16.99	0.6411	-0.9068	2.807	0.5345	0.5444	
17.0	0.5695	-0.7626	3.2173	1.9922	0.6203	
17.01	0.4106	-0.4991	2.9021	0.962	0.7688	
17.02	0.3694	-0.2624	2.6305	0.4884	0.7862	
17.03	0.255	0.0088	2.7206	2.155	0.9087	
17.04	0.2665	0.2732	2.5618	0.8796	1.123	
17.05	0.2255	0.592	2.5404	0.478	1.2322	
17.06	0.2307	0.9219	2.1761	2.2023	1.282	
17.07	0.268	1.0795	1.8812	0.8265	1.3265	
17.08	0.3314	1.4709	1.6524	0.369	1.6374	
17.09	0.4315	1.7534	1.6168	2.2167	1.6707	
17.1	0.5338	1.8928	1.3261	0.8783	1.8567	
17.11	0.6477	1.8743	1.1606	0.316	2.0335	
17.12	0.7265	1.9226	1.0488	1.9668	1.9843	
17.13	0.9073	2.0789	0.957	0.6963	1.8947	
17.14	0.8775	2.2427	0.9086	0.2544	2.0884	
17.15	1.101	2.2552	0.8496	2.0199	1.8993	
17.16	1.0873	2.2247	0.8699	0.6446	1.9614	
17.17	1.3703	2.2118	0.9278	0.2306	1.9542	
17.18	1.5031	2.0913	0.9564	1.8417	1.9409	
17.19	1.4549	2.0524	1.0084	0.6504	1.7824	
17.2	1.5703	1.8422	1.167	0.1588	1.9657	
17.21	1.56	1.5	1.3	1.6934	1.6968	
17.22	1.5131	1.6319	1.3984	0.6033	1.7849	
17.23	1.596	1.431	1.6812	0.0982	1.5372	
17.24	1.6327	1.0921	1.8094	1.8227	1.5744	
17.25	1.3165	1.0821	2.0128	0.5912	1.2236	
17.26	1.285	1.0425	2.1667	0.0338	1.1008	
17.27	1.1086	0.9008	2.5501	1.8057	1.0732	
17.28	1.0664	0.902	2.5435	0.5203	0.7852	
17.29	0.9379	0.8105	2.661	-0.0248	0.6628	
17.3	0.7888	0.7176	2.6157	1.5856	0.5046	
17.31	0.5068	0.8257	2.4709	0.4338	0.3307	
17.32	0.3692	0.8292	2.5792	-0.0805	0.1931	
17.33	0.1461	0.8074	2.5197	1.7291	0.0638	
17.34	-0.0604	0.8735	2.5283	0.4307	-0.0611	
17.35	-0.2626	0.9586	2.4164	-0.1333	-0.1724	
17.36	-0.4124	1.0238	2.4336	1.6402	-0.2809	
17.37	-0.6341	1.1443	1.9627	0.3298	-0.4146	
17.38	-0.7968	1.2473	1.964	-0.2134	-0.4402	
17.39	-0.9112	1.2743	1.8541	1.5391	-0.5264	
17.4	-0.9777	1.2328	1.5984	0.2886	-0.6453	
17.41	-1.2192	1.4509	1.3989	-0.2587	-0.6094	
17.42	-1.318	1.2857	1.2544	1.5003	-0.6846	
17.43	-1.2005	1.3744	0.9368	0.2484	-0.6849	
17.44	-1.3553	1.1916	0.7536	-0.3101	-0.6613	
17.45	-1.262	1.0992	0.6391	1.4146	-0.6384	
17.46	-1.2363	1.0367	0.4235	0.1867	-0.5732	
17.47	-1.176	0.8696	0.3472	-0.3772	-0.5148	
17.48	-1.2395	0.8174	0.2843	1.2557	-0.4041	
17.49	-1.1462	0.6356	0.2465	0.1641	-0.3024	
17.5	-1.0979	0.3977	0.2035	-0.4558	-0.2112	
17.51	-0.8653	0.2171	0.2403	1.3465	-0.1334	
17.52	-0.7601	0.0531	0.2711	0.1151	-0.0437	
17.53	-0.6989	-0.1136	0.4119	-0.4737	0.0529	
17.54	-0.5348	-0.2638	0.4404	1.2264	0.1464	
17.55	-0.4388	-0.3622	0.606	0.0753	0.2533	
17.56	-0.2948	-0.4624	0.7144	-0.5509	0.3343	
17.57	-0.2306	-0.5799	0.8821	1.2512	0.4039	
17.58	-0.1416	-0.535	0.9961	0.0396	0.445	
17.59	-0.1005	-0.5306	1.1081	-0.5936	0.5046	
17.6	-0.0571	-0.5154	1.3412	1.1581	0.5828	
17.61	-0.0478	-0.3793	1.5832	0.0028	0.5352	
17.62	-0.0655	-0.2114	1.4504	-0.6347	0.5615	
17.63	-0.1162	-0.0401	1.7386	0.9876	0.6002	
17.64	-0.1602	0.1693	1.6927	-0.0332	0.5134	
17.65	-0.2479	0.4345	1.7129	-0.5863	0.4982	
17.66	-0.3783	0.6754	1.6431	1.1394	0.4648	
17.67	-0.4738	0.9698	1.7747	-0.0562	0.3575	
17.68	-0.6516	1.3452	1.6302	-0.7164	0.2533	
17.69	-0.8556	1.3683	1.3541	0.9149	0.1513	
17.7	-1.0522	1.8684	1.3217	-0.0993	0.0275	
17.71	-1.1023	2.041	1.1849	-0.7689	-0.0997	
17.72	-1.4303	2.462	1.0567	0.9038	-0.2756	
17.73	-1.6459	2.2313	0.8126	-0.1115	-0.4003	
17.74	-1.6693	2.5976	0.5577	-0.7156	-0.5903	
17.75	-2.1029	2.8676	0.3439	0.8846	-0.7234	
17.76	-2.2626	2.9375	0.1591	-0.1498	-0.9273	
17.77	-2.1307	2.8578	-0.047	-0.8582	-1.0126	
17.78	-2.2836	2.7813	-0.221	1.0067	-1.2087	
17.79	-2.7254	2.5856	-0.3828	-0.1588	-1.4367	
17.8	-2.6818	2.2311	-0.5076	-0.8848	-1.4527	
17.81	-2.381	2.1172	-0.6861	0.8092	-1.5828	
17.82	-2.6827	2.0238	-0.6667	-0.1682	-1.7954	
17.83	-2.8382	1.6498	-0.7785	-0.7845	-1.8721	
17.84	-2.3824	1.5959	-0.7317	0.8599	-1.8877	
17.85	-2.4108	1.1464	-0.6905	-0.1877	-2.3211	
17.86	-2.6235	0.8405	-0.6965	-0.9385	-2.2142	
17.87	-2.2413	0.6139	-0.561	0.9044	-2.2722	
17.88	-2.3298	0.2937	-0.4192	-0.2074	-2.4816	
17.89	-2.358	0.0349	-0.3094	-0.8999	-2.3509	
17.9	-2.0438	-0.2252	-0.1493	0.9233	-2.4813	
17.91	-2.0351	-0.4366	0.0165	-0.2264	-2.3719	
17.92	-1.8344	-0.6548	0.1712	-0.822	-2.0789	
17.93	-1.7058	-0.8536	0.3454	0.8005	-2.134	
17.94	-1.4013	-0.9476	0.4531	-0.2203	-2.2846	
17.95	-1.2274	-1.0739	0.5633	-0.8202	-1.8417	
17.96	-1.1181	-1.0159	0.715	0.8168	-2.0945	
17.97	-1.0966	-0.9613	0.813	-0.2223	-1.8649	
17.98	-1.0428	-1.0588	0.8558	-0.9978	-1.8398	
17.99	-0.9158	-0.894	0.854	0.7879	-1.7004	
18.0	-0.9482	-0.8258	0.9083	-0.2109	-1.5119	
18.01	-0.9263	-0.6384	0.8024	-0.9665	-1.338	
18.02	-0.9435	-0.5553	0.8024	0.8221	-1.175	
18.03	-0.96	-0.3219	0.6749	-0.2013	-1.0964	
18.04	-0.9787	-0.2074	0.5335	-0.8598	-1.1408	
18.05	-1.1058	-0.0446	0.3623	0.7606	-0.9759	
18.06	-1.1722	0.1117	0.1976	-0.201	-1.0125	
18.07	-1.3102	0.2549	0.0082	-0.8437	-0.8675	
18.08	-1.4508	0.3614	-0.1747	0.8444	-0.8745	
18.09	-1.4944	0.4559	-0.3984	-0.1964	-0.7697	
18.1	-1.7932	0.4524	-0.6043	-0.8753	-0.8058	
18.11	-1.8287	0.5819	-0.7569	0.761	-0.7111	
18.12	-2.0724	0.5297	-0.8756	-0.1838	-0.7827	
18.13	-2.0193	0.5675	-1.1527	-0.9159	-0.7669	
18.14	-2.1353	0.5162	-1.1623	0.8903	-0.7837	
18.15	-2.632	0.4312	-1.1747	-0.1662	-0.8169	
18.16	-2.72	0.349	-1.2399	-0.8978	-0.9474	
18.17	-2.4943	0.2422	-1.3208	0.8076	-1.0588	
18.18	-2.8137	0.1796	-1.2761	-0.155	-1.076	
18.19	-2.635	0.0783	-1.2043	-0.9614	-1.1479	
18.2	-2.5659	-0.0176	-1.137	0.8799	-1.3301	
18.21	-2.9112	-0.0854	-1.0032	-0.1304	-1.3783	
18.22	-2.659	-0.1437	-0.7983	-0.9235	-1.7799	
18.23	-2.6113	-0.2047	-0.7275	0.8227	-1.7229	
18.24	-2.5708	-0.2277	-0.5077	-0.1002	-1.9393	
18.25	-2.2826	-0.2304	-0.3556	-0.7935	-2.1411	
18.26	-2.217	-0.1847	-0.1727	0.823	-2.0977	
18.27	-2.4281	-0.1523	0.011	-0.0765	-2.2261	
18.28	-2.0198	-0.0749	0.1835	-0.9034	-2.4643	
18.29	-1.9109	0.0124	0.3555	0.9099	-2.2256	
18.3	-1.6557	0.12	0.4136	-0.0439	-2.602	
18.31	-1.5824	0.2648	0.5652	-0.8229	-2.606	
18.32	-1.3946	0.3755	0.5917	0.9737	-2.7977	
18.33	-1.1699	0.5341	0.7335	-0.0086	-2.5201	
18.34	-0.9575	0.5792	0.6966	-0.8626	-2.6422	
18.35	-0.7596	0.7401	0.6007	0.8992	-2.4601	
18.36	-0.6364	0.9353	0.6474	0.0265	-2.6603	
18.37	-0.5765	0.9093	0.4608	-0.7353	-2.7431	
18.38	-0.5171	1.0165	0.3535	0.9481	-2.8343	
18.39	-0.4251	0.9551	0.2445	0.0624	-2.2716	
18.4	-0.3537	0.9413	0.0774	-0.6913	-2.6308	
18.41	-0.3733	0.9019	-0.0932	0.9238	-2.1693	
18.42	-0.3435	0.7548	-0.2638	0.0908	-2.3062	
18.43	-0.3738	0.7188	-0.4032	-0.7238	-2.1867	
18.44	-0.4174	0.4814	-0.6113	1.1063	-1.9845	
18.45	-0.5066	0.2673	-0.7838	0.1318	-1.6269	
18.46	-0.6188	0.0419	-0.926	-0.6043	-1.5159	
18.47	-0.6438	-0.2119	-1.0253	1.0042	-1.4468	
18.48	-0.8815	-0.5184	-1.1624	0.1909	-1.383	
18.49	-0.954	-0.8539	-1.0935	-0.5754	-1.1295	
18.5	-1.0573	-1.1461	-1.0668	1.0465	-1.0071	
18.51	-1.227	-1.4856	-1.2426	0.2154	-0.8818	
18.52	-1.3888	-1.5964	-1.0726	-0.5829	-0.7472	
18.53	-1.3613	-2.0324	-0.9943	1.1863	-0.6253	
18.54	-1.6145	-2.0893	-0.9382	0.2853	-0.461	
18.55	-1.5707	-2.3396	-0.6972	-0.538	-0.3681	
18.56	-1.8575	-2.2189	-0.6053	1.2683	-0.2692	
18.57	-1.9042	-2.7081	-0.3925	0.3207	-0.2357	
18.58	-1.6848	-2.4572	-0.2188	-0.5717	-0.1802	
18.59	-1.6395	-2.3703	-0.0144	1.3215	-0.1217	
18.6	-1.8611	-2.653	0.1857	0.3492	-0.1135	
18.61	-1.6254	-2.4124	0.3926	-0.4779	-0.094	
18.62	-1.7137	-2.5499	0.5865	1.3193	-0.1091	
18.63	-1.5886	-2.0087	0.7158	0.3847	-0.1434	
18.64	-1.2912	-2.1015	0.9178	-0.4905	-0.1908	
18.65	-1.2658	-1.7615	1.0215	1.3843	-0.2259	
18.66	-0.9493	-1.394	1.0587	0.4644	-0.2819	
18.67	-0.7969	-1.2079	1.2051	-0.4106	-0.3948	
18.68	-0.7107	-0.8527	1.0141	1.2941	-0.4166	
18.69	-0.463	-0.6027	1.082	0.4742	-0.5376	
18.7	-0.2665	-0.2956	1.0768	-0.3945	-0.6546	
18.71	-0.0779	-0.0221	1.0341	1.4817	-0.6754	
18.72	0.1044	0.2205	0.8644	0.555	-0.7728	
18.73	0.3043	0.391	0.7742	-0.3403	-0.9607	
18.74	0.4459	0.5607	0.5234	1.4614	-0.8842	
18.75	0.5758	0.6823	0.3949	0.6032	-1.0173	
18.76	0.6851	0.8196	0.2405	-0.3022	-1.1982	
18.77	0.8729	0.8348	0.0734	1.4139	-1.1385	
18.78	0.9001	0.7456	-0.0787	0.5637	-1.2745	
18.79	1.022	0.7561	-0.2227	-0.262	-1.1593	
18.8	0.9644	0.6647	-0.3377	1.3513	-1.1323	
18.81	0.9261	0.465	-0.4577	0.7095	-1.2173	
18.82	1.0123	0.3481	-0.5568	-0.2189	-1.0903	
18.83	0.8028	0.1463	-0.603	1.4435	-1.0763	
18.84	0.7752	-0.0507	-0.5757	0.6659	-1.1018	
18.85	0.66	-0.2838	-0.5514	-0.2101	-0.9616	
18.86	0.6406	-0.4988	-0.5289	1.5474	-0.9601	
18.87	0.5244	-0.6936	-0.3861	0.7683	-0.7241	
18.88	0.3436	-0.7752	-0.2578	-0.1943	-0.6621	
18.89	0.2291	-0.9932	-0.129	1.6396	-0.5215	
18.9	0.1226	-1.0984	0.053	0.7212	-0.3843	
18.91	-0.0128	-1.3292	0.2322	-0.1446	-0.1968	
18.92	-0.1257	-1.3371	0.406	1.5947	-0.0456	
18.93	-0.2328	-1.5219	0.6871	0.8591	0.1273	
18.94	-0.3181	-1.4483	0.9142	-0.1268	0.3298	
18.95	-0.4236	-1.6042	0.924	1.6211	0.5116	
18.96	-0.4096	-1.5086	1.133	0.8066	0.6066	
18.97	-0.4577	-1.4258	1.4918	-0.0815	0.7485	
18.98	-0.4528	-1.4426	1.5681	1.7951	1.0121	
18.99	-0.4444	-1.464	1.5759	0.9121	1.1593	
19.0	-0.4168	-1.2104	1.6855	-0.0705	1.358	
19.01	-0.3258	-1.2421	1.6677	1.5188	1.4892	
19.02	-0.2239	-1.1735	1.5412	0.9832	1.6815	
19.03	-0.1336	-0.9819	1.5446	-0.0425	1.8153	
19.04	0.0092	-0.9718	1.6769	1.533	1.8341	
19.05	0.1653	-0.8935	1.5003	0.8655	1.9818	
19.06	0.3301	-0.8409	1.3097	-0.0204	2.0101	
19.07	0.5209	-0.9323	1.2947	1.7098	2.0685	
19.08	0.6451	-0.9984	1.0261	0.8754	2.0567	
19.09	0.7739	-1.0325	0.9022	-0.0031	1.9437	
19.1	1.1083	-1.0753	0.6676	1.8962	1.9521	
19.11	1.1673	-1.1317	0.527	0.9363	1.8037	
19.12	1.2573	-1.2849	0.3578	0.0113	1.9838	
19.13	1.4122	-1.4902	0.2289	1.7509	1.8192	
19.14	1.7582	-1.6226	0.0923	1.0121	1.7307	
19.15	1.5776	-1.7593	-0.02	0.0236	1.649	
19.16	1.8729	-1.8333	-0.1093	1.6935	1.5025	
19.17	1.8126	-1.9183	-0.1563	1.0121	1.3022	
19.18	1.8784	-1.8896	-0.1542	0.0333	1.2294	
19.19	1.851	-1.9243	-0.1336	1.8188	1.1265	
19.2	1.9159	-2.0774	-0.0877	1.0966	1.1241	
19.21	1.6628	-2.0465	-0.009	0.0408	0.9824	
19.22	1.7042	-2.2549	0.1023	1.8935	0.9438	
19.23	1.6817	-1.8036	0.2425	1.1408	0.8092	
19.24	1.4348	-1.8726	0.3923	0.0484	0.7514	
19.25	1.3878	-1.9399	0.5662	1.7424	0.7455	
19.26	1.2357	-1.743	0.7324	1.0322	0.7374	
19.27	1.2123	-1.3339	0.9746	0.0406	0.7411	
19.28	1.038	-1.1447	1.2246	1.6668	0.6659	
19.29	0.724	-0.9809	1.1746	1.1473	0.6964	
19.3	0.6712	-0.6342	1.4129	0.0385	0.7327	
19.31	0.5264	-0.4053	1.5976	1.8497	0.7776	
19.32	0.3822	-0.1348	1.6714	1.1566	0.7987	
19.33	0.2747	0.1313	1.8189	0.0339	0.8978	
19.34	0.1492	0.3422	1.6205	1.873	0.9225	
19.35	0.0898	0.5674	1.7932	1.092	1.0667	
19.36	0.0379	0.7902	1.624	0.0261	1.1204	
19.37	0.0074	0.9593	1.6772	1.614	1.2153	
19.38	0.0055	1.1098	1.7132	0.9945	1.4684	
19.39	0.0267	1.219	1.4078	0.0104	1.3954	
19.4	0.0764	1.0914	1.427	1.7357	1.7947	
19.41	0.1447	1.1884	1.1062	0.9939	1.8297	
19.42	0.2155	0.9777	0.9283	-0.0053	2.0152	
19.43	0.3798	0.9612	0.7292	1.7006	1.9986	
19.44	0.5054	0.6828	0.591	1.131	2.2153	
19.45	0.6041	0.5716	0.3743	-0.029	2.4406	
19.46	0.7329	0.3142	0.1844	1.5423	2.2705	
19.47	0.8426	0.0501	0.0226	1.0471	2.5246	
19.48	1.0302	-0.2529	-0.1328	-0.0537	2.5452	
19.49	1.331	-0.5051	-0.2284	1.8067	2.7158	
19.5	1.3394	-0.8498	-0.3517	1.0168	2.7062	
19.51	1.5914	-1.1777	-0.3713	-0.0772	2.8513	
19.52	1.546	-1.2676	-0.4453	1.7732	3.1148	
19.53	1.7559	-1.7133	-0.3996	0.9087	3.1894	
19.54	1.7317	-1.6617	-0.4273	-0.1182	2.9479	
19.55	1.8644	-2.1577	-0.3707	1.5586	3.1925	
19.56	1.8729	-1.9381	-0.2392	0.9577	2.9983	
19.57	1.973	-2.4136	-0.1302	-0.1356	2.696	
19.58	1.9625	-2.3112	0.0151	1.4286	2.945	
19.59	1.9554	-2.2961	0.1817	1.0048	2.6923	
19.6	1.638	-2.2018	0.343	-0.1933	2.7505	
19.61	1.4833	-2.2889	0.5231	1.4595	2.3461	
19.62	1.395	-2.015	0.6088	0.807	2.5671	
19.63	1.2555	-1.7811	0.7138	-0.2236	2.21	
