0.01	-1.041	0.3357	0.2434	0.649	0.2302	
0.02	0.3244	0.6623	0.5506	1.1598	0.4028	
0.03	1.0981	0.8641	0.7146	1.685	0.6742	
0.04	-0.4139	1.2581	1.0428	1.7661	0.7464	
0.05	-0.594	1.4504	1.2568	1.9576	1.0689	
0.06	0.9922	1.3886	1.3252	2.0677	1.0935	
0.07	0.7956	1.7583	1.4571	1.6902	1.1948	
0.08	-0.6332	1.8434	1.6055	1.0933	1.5102	
0.09	-0.0674	1.8006	1.8577	0.6274	1.4343	
0.1	1.2555	1.5307	1.8038	0.1054	1.5747	
0.11	0.4379	1.651	2.0651	-0.466	1.7237	
0.12	-0.6393	1.6005	2.2589	-0.9754	1.8851	
0.13	0.5585	1.4136	2.0272	-1.1532	1.7539	
0.14	1.2649	1.0564	2.1749	-1.4814	1.7795	
0.15	0.0264	1.0541	2.0279	-1.523	1.876	
0.16	-0.3617	0.8562	2.0342	-1.4417	1.8592	
0.17	1.0909	0.6704	1.6515	-1.0635	1.5881	
0.18	1.1072	0.5297	1.7815	-0.7539	1.5336	
0.19	-0.2606	0.4479	1.5977	-0.2348	1.4348	
0.2	0.1812	0.3887	1.1585	0.1777	1.503	
0.21	1.6799	0.3579	1.1145	0.6307	1.4839	
0.22	0.8356	0.3391	0.8331	0.9143	1.1538	
0.23	-0.2802	0.4481	0.6551	1.1524	1.0817	
0.24	0.8558	0.5307	0.4494	1.3037	1.0149	
0.25	1.7695	0.7262	0.1711	1.3772	0.9842	
0.26	0.451	0.9296	-0.0463	1.1637	0.8753	
0.27	-0.0868	1.0726	-0.2902	0.9469	0.7487	
0.28	1.4476	1.3151	-0.4976	0.7098	0.7309	
0.29	1.6409	1.4227	-0.676	0.5007	0.6167	
0.3	0.0829	1.5689	-0.9359	0.2941	0.6684	
0.31	0.401	1.6899	-1.0804	0.1301	0.627	
0.32	1.8616	1.8399	-1.0552	0.0257	0.5322	
0.33	1.2368	2.0517	-1.3687	-0.0037	0.5686	
0.34	-0.0252	2.0082	-1.35	0.0266	0.6472	
0.35	0.9328	2.0408	-1.519	0.1063	0.722	
0.36	2.1786	1.7703	-1.5952	0.1886	0.7487	
0.37	0.7729	1.5991	-1.5407	0.2741	0.7823	
0.38	0.1384	1.407	-1.5671	0.38	0.9378	
0.39	1.7097	1.3037	-1.5061	0.378	0.9845	
0.4	1.7855	0.989	-1.2987	0.3992	1.2113	
0.41	0.4133	0.6897	-1.1129	0.3089	1.141	
0.42	0.5899	0.4902	-1.1873	0.1745	1.3605	
0.43	1.8938	0.1698	-0.9928	0.0519	1.4795	
0.44	1.5795	-0.0924	-0.7436	-0.075	1.5597	
0.45	0.2274	-0.3279	-0.6475	-0.1799	1.8227	
0.46	1.0998	-0.5901	-0.4256	-0.2286	1.6924	
0.47	2.3278	-0.7937	-0.2128	-0.1597	1.8962	
0.48	1.1345	-0.9718	-0.0022	-0.0445	2.0537	
0.49	0.3133	-0.8753	0.2068	0.1677	2.3174	
0.5	1.5461	-1.0202	0.4331	0.493	2.1275	
0.51	2.204	-0.9161	0.618	0.7773	2.3047	
0.52	0.5959	-0.8605	0.7461	1.1116	2.4105	
0.53	0.7114	-0.7991	0.926	1.3494	2.4721	
0.54	2.2318	-0.5665	1.0527	1.8187	2.3484	
0.55	1.7642	-0.432	1.3592	1.6468	2.294	
0.56	0.428	-0.1928	1.5685	1.9597	2.3394	
0.57	1.1886	0.017	1.4105	1.8135	2.1063	
0.58	2.3042	0.2122	1.5958	1.2999	2.0257	
0.59	1.2399	0.4416	1.7229	1.13	2.008	
0.6	0.4223	0.6539	1.5892	0.5847	1.8596	
0.61	1.8902	0.6782	1.8432	0.0688	1.4874	
0.62	2.4768	0.8428	1.6539	-0.3869	1.5122	
0.63	0.7643	0.9524	1.696	-0.7846	1.2214	
0.64	0.6943	0.9669	1.7604	-1.1375	1.0979	
0.65	2.178	0.9628	1.6457	-1.2559	0.8537	
0.66	1.9617	0.9156	1.4891	-1.1078	0.6988	
0.67	0.5508	0.7351	1.5117	-1.0144	0.5193	
0.68	1.2506	0.5728	1.3726	-0.552	0.3815	
0.69	2.321	0.462	1.2508	0.0045	0.2301	
0.7	1.5812	0.3358	1.1179	0.6173	0.0496	
0.71	0.4794	0.1701	1.0615	1.2907	-0.1066	
0.72	1.6003	0.031	0.8617	1.7074	-0.2553	
0.73	2.2698	-0.0801	0.8057	2.1752	-0.3457	
0.74	0.9786	-0.1714	0.6021	2.3835	-0.469	
0.75	0.6256	-0.213	0.5328	2.5828	-0.5788	
0.76	2.2099	-0.2381	0.4246	2.397	-0.5323	
0.77	1.8636	-0.1922	0.2749	2.4131	-0.5584	
0.78	0.5771	-0.0818	0.2175	1.6942	-0.6318	
0.79	1.1874	0.0642	0.1035	1.3508	-0.612	
0.8	2.2951	0.2654	0.034	0.7245	-0.6117	
0.81	1.5362	0.4847	-0.0297	0.1181	-0.5742	
0.82	0.4223	0.8037	-0.0783	-0.3965	-0.5207	
0.83	1.486	1.1431	-0.1086	-0.8612	-0.3768	
0.84	2.5012	1.2639	-0.1352	-1.0643	-0.2904	
0.85	0.9178	1.526	-0.1455	-1.1841	-0.1794	
0.86	0.6088	1.9531	-0.133	-0.9517	-0.0765	
0.87	2.2571	2.2422	-0.1076	-0.7368	0.0367	
0.88	2.2163	2.2846	-0.0773	-0.2789	0.1508	
0.89	0.6127	2.7839	-0.0302	0.1943	0.2898	
0.9	1.0064	2.738	0.0206	0.7626	0.403	
0.91	2.3681	2.6856	0.0873	1.1672	0.5613	
0.92	1.6744	2.8871	0.1465	1.5655	0.5896	
0.93	0.3364	2.9378	0.2265	1.8883	0.7885	
0.94	1.4293	2.9957	0.3258	2.362	0.7485	
0.95	2.4542	2.7549	0.3652	2.0036	0.8028	
0.96	1.0698	2.4321	0.4893	2.018	0.9663	
0.97	0.4425	2.2698	0.5154	1.7017	0.9076	
0.98	1.7325	2.1403	0.5644	1.6552	0.9281	
0.99	2.0618	1.9411	0.6104	1.1916	1.0337	
1.0	0.4785	1.7459	0.7852	0.7654	0.8652	
1.01	0.6947	1.4011	0.7396	0.531	0.9051	
1.02	2.0489	1.3147	0.7592	0.2881	0.8691	
1.03	1.549	1.0717	0.806	0.1591	0.7895	
1.04	0.2301	0.8591	0.8069	0.1323	0.6606	
1.05	1.2392	0.9014	0.8448	0.1717	0.545	
1.06	2.1468	0.763	0.9823	0.2836	0.4548	
1.07	0.9041	0.8242	0.8393	0.4601	0.3655	
1.08	0.2386	0.8677	0.9712	0.57	0.2094	
1.09	1.6863	0.8695	0.8779	0.8067	0.1025	
1.1	1.7809	1.0301	0.9599	0.8667	-0.0149	
1.11	0.4195	1.1606	0.9076	0.9951	-0.1276	
1.12	0.5309	1.4815	0.7957	0.86	-0.229	
1.13	2.1355	1.4731	0.7588	0.8836	-0.3723	
1.14	1.48	1.5747	0.8388	0.9002	-0.4561	
1.15	0.0685	1.6549	0.7189	0.7248	-0.489	
1.16	0.9657	1.9921	0.8354	0.7215	-0.5265	
1.17	1.9976	2.0029	0.7462	0.6941	-0.6208	
1.18	0.7908	1.8794	0.7331	0.7172	-0.6028	
1.19	0.0251	1.6789	0.7312	0.7506	-0.6624	
1.2	1.2916	1.8868	0.7412	0.8291	-0.5393	
1.21	1.6464	1.5194	0.8027	1.0474	-0.5945	
1.22	0.2584	1.4886	0.7106	1.4104	-0.43	
1.23	0.2683	1.2526	0.7826	1.6234	-0.3868	
1.24	1.7982	0.8434	0.7356	1.6167	-0.282	
1.25	1.3646	0.6793	0.8365	1.8311	-0.1561	
1.26	-0.1119	0.3577	0.9044	2.0412	-0.0278	
1.27	0.6267	0.0536	0.8616	1.672	0.1246	
1.28	1.7551	-0.2502	0.9382	1.4975	0.2646	
1.29	0.6549	-0.458	0.9566	1.2593	0.4254	
1.3	-0.1923	-0.7561	1.2172	0.8899	0.6267	
1.31	1.1302	-0.8283	1.082	0.6084	0.7728	
1.32	1.5103	-1.0878	1.1188	0.1516	0.9093	
1.33	0.0977	-1.1504	1.3018	-0.223	1.2243	
1.34	-0.0335	-1.1835	1.3599	-0.4722	1.37	
1.35	1.4087	-1.228	1.2649	-0.5645	1.5245	
1.36	1.1921	-1.1343	1.5691	-0.579	1.638	
1.37	-0.293	-1.0246	1.4795	-0.4007	1.7275	
1.38	0.3287	-0.8388	1.3594	-0.0683	1.8363	
1.39	1.6745	-0.586	1.5292	0.3837	1.9137	
1.4	0.5686	-0.3307	1.5217	1.0204	2.1603	
1.41	-0.4308	-0.1226	1.4259	1.4708	1.9912	
1.42	0.8725	0.1111	1.419	2.2389	1.9017	
1.43	1.3947	0.316	1.3733	2.3973	2.2552	
1.44	-0.0373	0.5416	1.4154	2.6626	2.1977	
1.45	-0.3071	0.6345	1.3658	3.2059	1.9067	
1.46	1.178	0.8485	1.1684	2.6279	1.9591	
1.47	0.9525	0.9059	1.1	2.5455	1.8776	
1.48	-0.4535	0.8557	1.0499	2.3023	1.8378	
1.49	0.048	0.9542	0.9877	1.7263	1.8536	
1.5	1.4727	0.8225	0.8973	0.938	1.7166	
1.51	0.4167	0.8102	0.7205	0.4222	1.3212	
1.52	-0.6391	0.6676	0.7097	-0.148	1.2272	
1.53	0.472	0.5394	0.5745	-0.5883	1.0462	
1.54	1.1855	0.3885	0.4086	-0.8719	0.9531	
1.55	-0.1432	0.1917	0.3063	-1.0241	0.8057	
1.56	-0.5481	0.0518	0.1708	-0.8254	0.6882	
1.57	0.9492	-0.0864	0.0862	-0.5673	0.5837	
1.58	0.9326	-0.2123	-0.0102	-0.1769	0.4301	
1.59	-0.5694	-0.2906	-0.0954	0.3807	0.3423	
1.6	-0.2225	-0.2679	-0.1687	0.93	0.2087	
1.61	1.1115	-0.2565	-0.1941	1.4952	0.1298	
1.62	0.3198	-0.2019	-0.2154	2.0079	0.068	
1.63	-0.8476	-0.113	-0.2356	2.3176	0.0162	
1.64	0.2408	0.0469	-0.2419	2.7399	-0.0184	
1.65	1.0318	0.2559	-0.221	2.7012	-0.0302	
1.66	-0.2385	0.4465	-0.1784	2.5664	-0.0317	
1.67	-0.7411	0.7181	-0.0877	2.19	-0.0081	
1.68	0.7412	0.9853	-0.0065	1.7912	0.0289	
1.69	0.8111	1.3417	0.093	1.6302	0.0839	
1.7	-0.705	1.577	0.2261	1.1069	0.1328	
1.71	-0.4641	1.7975	0.3721	0.6036	0.218	
1.72	1.0464	2.0404	0.488	0.2838	0.3163	
1.73	0.2886	2.073	0.711	0.0246	0.3994	
1.74	-0.9577	1.9535	0.9327	-0.1043	0.4611	
1.75	0.0463	2.1219	0.9543	-0.0921	0.5286	
1.76	1.0349	2.0803	1.2999	0.0135	0.6757	
1.77	-0.2612	2.1389	1.5668	0.2196	0.7503	
1.78	-0.8269	1.8945	1.4822	0.455	0.8497	
1.79	0.5289	1.662	1.7474	0.7075	0.91	
1.8	0.7232	1.7275	2.1567	0.9328	0.864	
1.81	-0.7278	1.2792	2.1674	1.1375	1.0043	
1.82	-0.6297	1.214	2.1097	1.2071	0.9376	
1.83	0.8808	0.9114	2.4288	1.3434	0.9779	
1.84	0.2973	0.6368	2.5579	1.3379	0.8958	
1.85	-0.9517	0.3129	2.3609	1.2116	0.8426	
1.86	-0.1024	0.0887	2.851	1.2669	0.9058	
1.87	1.0667	-0.1221	2.6793	1.1069	0.7245	
1.88	-0.2208	-0.2769	2.446	1.0388	0.6219	
1.89	-0.9055	-0.411	2.7573	0.9682	0.5091	
1.9	0.3891	-0.5658	2.7369	0.8687	0.3816	
1.91	0.8016	-0.5695	2.3843	0.9806	0.1904	
1.92	-0.7286	-0.5817	2.2708	1.1034	0.017	
1.93	-0.6084	-0.5045	2.2619	1.3027	-0.1691	
1.94	0.8674	-0.4589	2.0991	1.2421	-0.3767	
1.95	0.3604	-0.3204	1.8018	1.4574	-0.5957	
1.96	-0.909	-0.2074	1.7126	1.4937	-0.8151	
1.97	-0.1896	-0.0703	1.4551	1.564	-0.9504	
1.98	1.0693	0.049	1.3787	1.3365	-1.0933	
1.99	-0.1126	0.1529	1.0204	1.1641	-1.2699	
2.0	-1.0691	0.2582	0.9818	0.9843	-1.4551	
2.01	0.3796	0.3129	0.6819	0.6302	-1.8523	
2.02	0.796	0.2904	0.4545	0.316	-2.0997	
2.03	-0.6479	0.2901	0.1999	0.0488	-1.9085	
2.04	-0.6266	0.1946	0.0021	-0.199	-2.0071	
2.05	0.8117	0.0553	-0.1766	-0.339	-2.4775	
2.06	0.5688	-0.1198	-0.3693	-0.3344	-2.481	
2.07	-0.9526	-0.338	-0.5545	-0.2147	-2.6541	
2.08	-0.202	-0.5921	-0.7175	0.0245	-2.6083	
2.09	0.9807	-0.8466	-0.7862	0.4065	-2.4239	
2.1	0.0487	-1.1302	-0.8034	0.846	-2.4298	
2.11	-0.8865	-1.3303	-0.9444	1.3558	-2.5344	
2.12	0.3793	-1.5209	-1.0055	1.7053	-2.3386	
2.13	0.9132	-1.8483	-0.9638	2.3457	-2.402	
2.14	-0.3997	-2.0668	-0.8738	2.6224	-2.38	
2.15	-0.65	-2.1529	-0.7507	2.4346	-2.3464	
2.16	0.7874	-2.1845	-0.795	2.8341	-2.2116	
2.17	0.7189	-2.4313	-0.6532	2.2022	-2.1465	
2.18	-0.6711	-2.2533	-0.4464	2.1215	-1.8335	
2.19	-0.1441	-2.37	-0.2825	1.5273	-1.5781	
2.2	1.1327	-2.3986	-0.0696	0.9688	-1.7564	
2.21	0.2681	-2.0222	0.1291	0.3197	-1.518	
2.22	-0.8277	-2.1127	0.3344	-0.2754	-1.4436	
2.23	0.4012	-1.6233	0.6374	-0.7284	-1.3181	
2.24	1.1072	-1.4583	0.7706	-1.0931	-1.0527	
2.25	-0.1702	-1.1526	1.028	-1.0829	-1.0149	
2.26	-0.511	-0.9637	1.4277	-1.1196	-0.9907	
2.27	0.9227	-0.8314	1.5926	-0.7912	-0.925	
2.28	0.8893	-0.5192	1.9008	-0.4274	-0.9238	
2.29	-0.5335	-0.3428	1.8805	0.1052	-0.9736	
2.3	-0.0538	-0.2001	2.0877	0.6888	-0.9449	
2.31	1.4549	-0.0737	2.3536	1.4035	-0.9746	
2.32	0.5529	-0.0014	2.6499	1.7677	-0.9376	
2.33	-0.6042	0.0186	2.8052	2.1451	-1.01	
2.34	0.5233	-0.0041	2.9092	2.5622	-0.9879	
2.35	1.3907	-0.0673	2.6438	2.8279	-1.196	
2.36	0.1114	-0.1849	2.9301	2.7148	-1.2439	
2.37	-0.3891	-0.3094	3.117	2.3676	-1.1938	
2.38	1.1088	-0.4883	3.1393	1.8933	-1.5372	
2.39	1.1639	-0.6159	3.0353	1.284	-1.383	
2.4	-0.248	-0.8042	2.9683	0.8525	-1.6807	
2.41	0.082	-0.9863	2.4168	0.2588	-1.8019	
2.42	1.383	-1.071	2.3658	-0.1821	-1.7083	
2.43	0.7991	-1.2123	2.4357	-0.563	-1.9879	
2.44	-0.3101	-1.2246	2.1154	-0.7031	-2.0111	
2.45	0.7089	-1.1725	1.9398	-0.7558	-2.3021	
2.46	1.7063	-1.0949	1.6513	-0.5863	-2.2498	
2.47	0.4059	-1.0542	1.6148	-0.4158	-2.208	
2.48	-0.1716	-0.9078	1.262	-0.1157	-2.1155	
2.49	1.1841	-0.7455	1.1276	0.2549	-2.3899	
2.5	1.4025	-0.4944	0.7334	0.6667	-2.3132	
2.51	0.0657	-0.2949	0.5456	0.9045	-2.1099	
2.52	0.2873	-0.0873	0.3114	1.2843	-2.0157	
2.53	1.6694	0.1672	0.0872	1.3933	-1.8553	
2.54	1.1903	0.3452	-0.116	1.4665	-1.8398	
2.55	-0.0779	0.642	-0.3426	1.3176	-1.7774	
2.56	0.8333	0.7811	-0.5289	1.3387	-1.5077	
2.57	2.0498	0.9615	-0.6601	1.0486	-1.3764	
2.58	0.7199	1.0549	-0.8032	1.0092	-1.2273	
2.59	0.0503	1.0672	-0.8056	0.712	-1.1536	
2.6	1.5264	0.9816	-0.977	0.6492	-1.0001	
2.61	1.8527	0.9746	-0.9794	0.5171	-0.7774	
2.62	0.4112	0.7592	-1.0107	0.431	-0.5559	
2.63	0.4523	0.6323	-0.9267	0.4599	-0.3482	
2.64	1.9311	0.4372	-0.862	0.5272	-0.1594	
2.65	1.4701	0.162	-0.7059	0.6305	0.0169	
2.66	0.1913	-0.1118	-0.6134	0.62	0.1977	
2.67	1.0845	-0.3791	-0.5231	0.6581	0.3212	
2.68	2.1137	-0.6657	-0.3666	0.7561	0.486	
2.69	1.0446	-0.9852	-0.2224	0.6375	0.6494	
2.7	0.2939	-1.1193	-0.0486	0.5718	0.7774	
2.71	1.7236	-1.3948	0.1339	0.3749	0.7485	
2.72	2.2378	-1.7691	0.332	0.1416	0.9371	
2.73	0.7107	-1.6321	0.5392	-0.0683	0.9874	
2.74	0.6525	-2.0037	0.7875	-0.2726	1.0123	
2.75	2.2546	-1.8785	0.9035	-0.3851	0.923	
2.76	1.7109	-1.8666	1.2468	-0.4224	0.869	
2.77	0.489	-2.0376	1.4389	-0.3791	0.9033	
2.78	1.2309	-1.8742	1.5423	-0.2382	0.7976	
2.79	2.465	-1.782	1.5676	0.0253	0.8082	
2.8	1.5062	-1.596	1.6672	0.3917	0.6447	
2.81	0.4829	-1.4894	1.7902	0.7626	0.5587	
2.82	1.5997	-1.1613	1.9333	1.2179	0.4064	
2.83	2.5168	-1.0638	1.9705	1.5863	0.2807	
2.84	0.9756	-1.0009	2.0305	1.769	0.1647	
2.85	0.6939	-0.9254	2.3739	2.0259	0.0533	
2.86	2.3289	-0.8751	2.3085	1.81	-0.0803	
2.87	2.0267	-0.7744	2.0657	1.6072	-0.2084	
2.88	0.7383	-0.8157	2.3434	1.3166	-0.3016	
2.89	1.1531	-0.9463	2.2153	1.0292	-0.4196	
2.9	2.4737	-1.0449	1.9912	0.4122	-0.4741	
2.91	1.7899	-1.1402	2.0209	-0.1485	-0.598	
2.92	0.6912	-1.4687	1.6636	-0.6887	-0.5819	
2.93	1.9515	-1.6515	1.768	-1.1307	-0.708	
2.94	2.5357	-1.6672	1.5835	-1.3906	-0.7259	
2.95	1.1217	-2.0774	1.5004	-1.6918	-0.7138	
2.96	0.8347	-2.4039	1.2597	-1.5292	-0.6701	
2.97	2.1739	-2.3693	0.9671	-1.2691	-0.7095	
2.98	2.3578	-2.5053	0.9162	-0.9287	-0.6538	
2.99	0.8124	-2.464	0.7525	-0.4964	-0.5536	
3.0	1.4255	-3.0296	0.6083	0.1415	-0.4711	
3.01	2.4767	-2.6476	0.4196	0.7533	-0.3654	
3.02	1.9901	-2.6487	0.3078	1.36	-0.2521	
3.03	0.6937	-2.6082	0.1962	1.8181	-0.1596	
3.04	1.691	-2.3891	0.0708	2.2269	-0.0478	
3.05	2.8058	-2.5346	-0.0214	2.2375	0.0784	
3.06	1.4894	-2.0141	-0.1121	2.0918	0.1977	
3.07	0.9079	-1.8095	-0.1758	1.864	0.2959	
3.08	2.213	-1.4855	-0.1981	1.2809	0.455	
3.09	2.4722	-1.4262	-0.2731	0.829	0.5699	
3.1	0.9573	-0.9419	-0.2462	0.2133	0.6135	
3.11	1.2041	-0.7421	-0.2499	-0.3939	0.6308	
3.12	2.4937	-0.4818	-0.2788	-0.9562	0.74	
3.13	2.1519	-0.2335	-0.2106	-1.2481	0.7412	
3.14	0.8125	-0.0126	-0.1827	-1.4821	0.7733	
3.15	1.7966	0.1318	-0.145	-1.6006	0.761	
3.16	2.5535	0.2565	-0.0791	-1.6259	0.7991	
3.17	1.4907	0.3317	-0.0057	-1.3772	0.8055	
3.18	0.8466	0.344	0.0721	-0.8862	0.7374	
3.19	2.5202	0.2698	0.1559	-0.4701	0.6103	
3.2	2.6299	0.2113	0.2306	-0.0292	0.5121	
3.21	1.0537	0.0843	0.3117	0.3879	0.4646	
3.22	1.244	-0.0435	0.3702	0.8409	0.3434	
3.23	2.8085	-0.1869	0.4692	0.9225	0.1774	
3.24	2.2198	-0.3337	0.5414	1.1093	0.035	
3.25	0.8286	-0.4719	0.5591	1.0728	-0.1217	
3.26	1.7003	-0.6311	0.6294	1.0689	-0.309	
3.27	2.5006	-0.663	0.7472	0.8899	-0.4868	
3.28	1.4827	-0.7323	0.6966	0.5407	-0.6237	
3.29	0.8023	-0.7983	0.8134	0.2643	-0.8521	
3.3	2.1893	-0.7756	0.7119	-0.0123	-0.9043	
3.31	2.3755	-0.7074	0.788	-0.2606	-1.0979	
3.32	1.0326	-0.5469	0.8456	-0.4589	-1.361	
3.33	1.0346	-0.4075	0.7542	-0.5599	-1.3249	
3.34	2.3819	-0.2592	0.7458	-0.5036	-1.3964	
3.35	2.1056	-0.0521	0.8105	-0.5536	-1.6741	
3.36	0.6687	0.1678	0.6514	-0.4178	-1.7517	
3.37	1.5419	0.4299	0.6289	-0.3199	-1.7202	
3.38	2.8838	0.5609	0.7029	-0.2417	-1.8043	
3.39	1.4888	0.8885	0.6033	-0.177	-1.5212	
3.4	0.6801	0.8971	0.5658	-0.1406	-1.6375	
3.41	2.1417	1.0932	0.4748	-0.1807	-1.4652	
3.42	2.7172	1.2639	0.5096	-0.2668	-1.5485	
3.43	0.9296	1.2865	0.4748	-0.3805	-1.459	
3.44	0.8966	1.2484	0.3918	-0.5454	-1.4752	
3.45	2.5803	1.2357	0.3623	-0.6757	-1.2783	
3.46	1.9705	1.0442	0.3481	-0.7359	-1.1853	
3.47	0.6266	0.8891	0.343	-0.6366	-0.8775	
3.48	1.2861	0.6452	0.3963	-0.5813	-0.7691	
3.49	2.5944	0.3931	0.3736	-0.5315	-0.6944	
3.5	1.294	0.1348	0.3973	-0.2684	-0.5219	
3.51	0.4807	-0.1548	0.4177	-0.0296	-0.3461	
3.52	1.8817	-0.4406	0.4324	0.2412	-0.1613	
3.53	2.1629	-0.6606	0.4297	0.5507	-0.0123	
3.54	0.7696	-0.8831	0.4815	0.7907	0.1325	
3.55	0.5709	-1.1095	0.5419	0.8865	0.2762	
3.56	2.1495	-1.2345	0.4916	0.8832	0.3937	
3.57	1.7432	-1.4219	0.5544	0.7387	0.4392	
3.58	0.4299	-1.6125	0.5921	0.5122	0.5244	
3.59	1.0211	-1.7238	0.6762	0.1897	0.6248	
3.6	2.1681	-1.6429	0.6784	-0.2338	0.7497	
3.61	1.1868	-1.6436	0.6556	-0.7812	0.65	
3.62	0.1912	-1.3634	0.6671	-1.1238	0.7144	
3.63	1.4372	-1.3562	0.6924	-1.5057	0.6547	
3.64	2.1894	-1.118	0.7511	-1.8778	0.7278	
3.65	0.6747	-0.943	0.7134	-2.0072	0.64	
3.66	0.2945	-0.7806	0.7166	-2.0163	0.5483	
3.67	1.8817	-0.5438	0.675	-2.1013	0.5585	
3.68	1.6404	-0.3841	0.7131	-1.5904	0.5081	
3.69	0.1639	-0.2763	0.5933	-1.0698	0.3734	
3.7	0.5637	-0.1421	0.568	-0.4889	0.3245	
3.71	1.7533	-0.083	0.48	0.0526	0.2192	
3.72	1.0981	-0.0476	0.3522	0.6526	0.1388	
3.73	-0.1131	-0.07	0.2718	1.1356	0.0432	
3.74	1.0223	-0.1248	0.1939	1.4382	-0.0261	
3.75	1.8072	-0.2365	0.0779	1.4619	-0.0986	
3.76	0.3957	-0.3752	-0.0264	1.3732	-0.1448	
3.77	-0.0849	-0.51	-0.1446	1.299	-0.2013	
3.78	1.4089	-0.7194	-0.2498	0.8368	-0.2187	
3.79	1.3219	-0.7827	-0.3763	0.2212	-0.2104	
3.8	-0.114	-0.946	-0.4884	-0.3595	-0.181	
3.81	0.1911	-1.1015	-0.6109	-1.0837	-0.1787	
3.82	1.5893	-1.2041	-0.7007	-1.5465	-0.1073	
3.83	0.8601	-1.5159	-0.7054	-1.8786	-0.0392	
3.84	-0.3865	-1.3135	-0.779	-2.4326	0.0517	
3.85	0.6176	-1.5905	-0.9079	-2.619	0.1634	
3.86	1.5339	-1.4998	-0.9615	-2.3524	0.2746	
3.87	0.1915	-1.1997	-1.0934	-2.3029	0.4497	
3.88	-0.4996	-1.0421	-0.9924	-1.7936	0.5656	
3.89	0.912	-0.8529	-0.9987	-1.2079	0.81	
3.9	1.1224	-0.7005	-0.9565	-0.7332	0.9925	
3.91	-0.3722	-0.3716	-0.9544	-0.1832	1.1832	
3.92	-0.2564	-0.1042	-0.9229	0.2803	1.2603	
3.93	1.2893	0.2278	-0.8855	0.6121	1.5056	
3.94	0.5876	0.5554	-0.7553	0.799	1.8982	
3.95	-0.7111	0.9086	-0.5537	0.9102	1.8282	
3.96	0.157	1.2411	-0.5191	0.7595	2.1199	
3.97	1.2225	1.4294	-0.3629	0.5675	2.0822	
3.98	-0.068	1.5625	-0.1952	0.1844	2.4576	
3.99	-0.9043	1.8733	-0.0395	-0.1887	2.3919	
4.0	0.5593	1.9718	0.1363	-0.6353	2.5095	
4.01	0.9227	2.0989	0.2879	-0.9479	2.6772	
4.02	-0.6402	1.8421	0.4964	-1.3498	3.0843	
4.03	-0.5928	2.0321	0.6799	-1.3906	2.9067	
4.04	0.7509	1.7785	0.8427	-1.4937	2.8446	
4.05	0.3503	1.707	0.9319	-1.5908	2.8628	
4.06	-1.0778	1.5848	1.0048	-1.3298	2.7866	
4.07	-0.2677	1.461	1.0904	-1.3001	3.0436	
4.08	0.8408	1.2363	1.3279	-1.1878	2.8184	
4.09	-0.3198	1.0417	1.4043	-0.844	2.6657	
4.1	-1.1392	0.8643	1.4095	-0.7828	2.3672	
4.11	0.1545	0.7957	1.4918	-0.6532	2.2353	
4.12	0.6267	0.6338	1.3694	-0.5379	2.3058	
4.13	-0.9178	0.641	1.4029	-0.6029	2.3036	
4.14	-1.0916	0.5662	1.29	-0.7089	2.1631	
4.15	0.513	0.6312	1.4062	-0.6833	2.0883	
4.16	0.1265	0.6562	1.364	-0.8141	1.7547	
4.17	-1.289	0.8285	1.0687	-0.8273	1.7456	
4.18	-0.5798	0.9239	0.9033	-0.9173	1.5659	
4.19	0.6074	1.0515	0.8676	-0.9731	1.253	
4.2	-0.4635	1.2235	0.5968	-0.8273	1.2127	
4.21	-1.5609	1.4126	0.4096	-0.6365	1.1789	
4.22	-0.1839	1.5503	0.2181	-0.5325	0.9596	
4.23	0.3507	1.948	0.0207	-0.3269	0.87	
4.24	-1.1392	1.8395	-0.2209	-0.1655	0.9249	
4.25	-1.2426	2.2725	-0.4203	-0.06	0.7386	
4.26	0.1666	2.067	-0.6678	-0.0116	0.7634	
4.27	-0.0516	2.0805	-0.8456	-0.0613	0.7363	
4.28	-1.5191	2.016	-1.0828	-0.1903	0.7463	
4.29	-1.0062	2.0521	-1.2287	-0.4195	0.7431	
4.3	0.3347	1.9567	-1.6254	-0.8002	0.7993	
4.31	-0.6821	1.6263	-1.8505	-1.2612	0.9361	
4.32	-1.597	1.4721	-1.7848	-1.4739	1.013	
4.33	-0.5268	1.3302	-1.8455	-1.8448	0.9681	
4.34	0.2081	0.9442	-1.9854	-2.1336	1.1907	
4.35	-1.1162	0.6889	-2.0498	-2.3242	1.1018	
4.36	-1.5209	0.3964	-2.3576	-2.287	1.3108	
4.37	-0.105	0.1552	-2.1913	-2.0835	1.2935	
4.38	-0.1709	-0.1125	-2.0637	-1.7745	1.4042	
4.39	-1.8258	-0.319	-2.1145	-1.6423	1.4457	
4.4	-1.2401	-0.515	-2.1875	-0.9316	1.6869	
4.41	0.1107	-0.6542	-2.0767	-0.5214	1.6079	
4.42	-0.6907	-0.7906	-1.6786	0.0355	1.675	
4.43	-1.9413	-0.7694	-1.6881	0.4992	1.5766	
4.44	-0.786	-0.7535	-1.6239	0.769	1.8224	
4.45	0.0652	-0.6964	-1.384	0.9687	1.9029	
4.46	-1.2099	-0.6144	-1.0784	0.9171	1.7456	
4.47	-1.7847	-0.4176	-0.9028	0.7526	1.7509	
4.48	-0.345	-0.2919	-0.6356	0.3355	1.4476	
4.49	-0.2498	-0.0704	-0.3613	-0.2094	1.5153	
4.5	-1.6405	0.1356	-0.1664	-0.8594	1.422	
4.51	-1.3048	0.3373	0.0833	-1.4778	1.3516	
4.52	-0.0324	0.4879	0.3197	-1.9221	1.2231	
4.53	-0.7413	0.7321	0.5171	-2.6216	0.9779	
4.54	-1.9147	0.9028	0.7841	-2.5524	0.8222	
4.55	-0.9023	0.8883	0.9206	-3.1844	0.6409	
4.56	-0.0016	1.0209	1.0453	-2.7446	0.4416	
4.57	-1.3451	1.1186	1.2648	-2.5156	0.2462	
4.58	-1.9304	1.0803	1.2174	-2.2505	0.0382	
4.59	-0.4254	0.9349	1.5599	-1.6614	-0.155	
4.6	-0.2281	0.7668	1.4432	-1.1984	-0.3712	
4.61	-1.7955	0.7023	1.4849	-0.4654	-0.5176	
4.62	-1.4573	0.5172	1.3888	0.0149	-0.6764	
4.63	-0.1072	0.3626	1.371	0.4416	-0.9392	
4.64	-0.6619	0.2354	1.4155	0.642	-1.0474	
4.65	-2.0507	0.074	1.2427	0.8194	-1.0766	
4.66	-1.1362	-0.0596	1.0501	0.7356	-1.2396	
4.67	-0.0061	-0.1415	1.0854	0.4757	-1.308	
4.68	-1.1251	-0.2115	0.8392	0.075	-1.5106	
4.69	-2.0635	-0.2015	0.622	-0.3952	-1.4786	
4.7	-0.516	-0.1655	0.3977	-0.8351	-1.4115	
4.71	-0.1686	-0.0847	0.1715	-1.3846	-1.3546	
4.72	-1.751	0.0516	-0.0952	-1.7677	-1.351	
4.73	-1.6027	0.2232	-0.3501	-1.953	-1.5304	
4.74	-0.1324	0.4586	-0.5887	-2.4122	-1.4793	
4.75	-0.5549	0.6551	-0.7752	-2.0348	-1.3477	
4.76	-1.8213	0.9779	-1.0498	-2.1331	-1.2289	
4.77	-1.1262	1.4077	-1.4594	-1.7425	-1.1949	
4.78	0.0478	1.6321	-1.4923	-1.6434	-1.0069	
4.79	-1.0122	1.9191	-1.6607	-1.3019	-0.878	
4.8	-1.8288	1.9657	-1.834	-1.0456	-0.7223	
4.81	-0.5576	2.5846	-1.9851	-0.7725	-0.5817	
4.82	-0.0617	2.5032	-2.4385	-0.6433	-0.4187	
4.83	-1.6014	2.6428	-2.1697	-0.4614	-0.3114	
4.84	-1.5606	2.5604	-2.4972	-0.4677	-0.1727	
4.85	-0.0807	2.8826	-2.651	-0.5442	-0.0648	
4.86	-0.374	2.8402	-2.6204	-0.6067	0.0325	
4.87	-1.8277	2.8556	-2.3342	-0.6818	0.1299	
4.88	-1.0922	2.8195	-2.4257	-0.8584	0.2018	
4.89	0.1527	2.5131	-2.6357	-1.0293	0.2338	
4.9	-0.8371	2.0302	-2.2528	-1.0241	0.2784	
4.91	-1.8198	2.012	-2.0099	-1.099	0.2962	
4.92	-0.521	1.8262	-2.0478	-0.8793	0.3142	
4.93	0.1124	1.6543	-2.0746	-0.9036	0.2962	
4.94	-1.2685	1.2336	-1.6115	-0.7905	0.2668	
4.95	-1.5113	1.2413	-1.5408	-0.6684	0.1951	
4.96	0.0038	0.9634	-1.222	-0.5506	0.1316	
4.97	-0.1768	0.9245	-1.0713	-0.5825	0.0582	
4.98	-1.5105	0.8465	-0.8638	-0.6226	-0.0342	
4.99	-1.0442	0.7294	-0.6679	-0.7629	-0.1524	
5.0	0.3101	0.7487	-0.4556	-1.0193	-0.2264	
5.01	-0.6524	0.8292	-0.2773	-1.178	-0.3344	
5.02	-1.532	0.7858	-0.1009	-1.3325	-0.4549	
5.03	-0.4292	0.9309	0.0855	-1.6644	-0.5768	
5.04	0.3349	1.214	0.2256	-2.054	-0.7713	
5.05	-1.006	1.2781	0.4112	-2.2612	-0.7311	
5.06	-1.3174	1.389	0.4846	-2.0268	-0.8752	
5.07	0.1138	1.4978	0.5802	-2.1083	-1.044	
5.08	0.0726	1.7857	0.7249	-1.8215	-1.1403	
5.09	-1.4178	1.5663	0.7235	-1.5901	-1.1712	
5.1	-0.9142	1.6344	0.7569	-1.0528	-1.1735	
5.11	0.4895	1.9322	0.718	-0.5873	-1.1231	
5.12	-0.3336	1.66	0.7062	-0.1639	-1.1855	
5.13	-1.4203	1.5134	0.6449	0.2253	-1.1605	
5.14	-0.3284	1.4994	0.6325	0.5873	-1.0471	
5.15	0.49	1.2881	0.5496	0.682	-0.9392	
5.16	-0.8122	1.0832	0.4307	0.7221	-0.9439	
5.17	-1.211	0.7683	0.2875	0.5627	-0.7772	
5.18	0.2506	0.5392	0.1239	0.2115	-0.6614	
5.19	0.3602	0.2012	-0.0312	-0.2227	-0.5734	
5.2	-1.2464	-0.0798	-0.1901	-0.845	-0.407	
5.21	-0.7827	-0.3459	-0.3962	-1.3138	-0.2771	
5.22	0.6173	-0.6789	-0.5507	-1.8858	-0.092	
5.23	-0.0612	-0.8203	-0.6825	-2.531	0.0683	
5.24	-1.2167	-0.9895	-0.8898	-2.8214	0.2337	
5.25	-0.2165	-1.3278	-1.0003	-2.6788	0.352	
5.26	0.798	-1.2396	-1.1333	-2.9123	0.5146	
5.27	-0.5394	-1.3971	-1.4411	-2.826	0.6689	
5.28	-1.1531	-1.4653	-1.5986	-2.1209	0.772	
5.29	0.3378	-1.259	-1.5261	-1.5675	0.8872	
5.3	0.5565	-1.2461	-1.6164	-1.1004	0.9687	
5.31	-0.96	-1.0719	-1.8759	-0.4478	1.0921	
5.32	-0.6216	-0.8774	-1.6704	0.1301	1.2698	
5.33	0.717	-0.5954	-1.7901	0.6327	1.2296	
5.34	0.2312	-0.4152	-1.8716	0.88	1.1785	
5.35	-1.1219	-0.1525	-2.0705	1.1136	1.2706	
5.36	-0.1091	0.0473	-1.7424	1.0583	1.2814	
5.37	1.0007	0.2559	-1.7795	0.6738	1.2783	
5.38	-0.2594	0.41	-1.8778	0.3064	1.0497	
5.39	-0.9378	0.5613	-1.8184	-0.1518	1.1369	
5.4	0.512	0.5702	-1.702	-0.771	0.8601	
5.41	0.7706	0.6269	-1.7132	-1.3157	0.8823	
5.42	-0.651	0.6959	-1.4628	-1.8728	0.7175	
5.43	-0.5802	0.5449	-1.3701	-2.0129	0.4887	
5.44	0.9709	0.5161	-1.4704	-2.2653	0.391	
5.45	0.4587	0.406	-1.3293	-2.5931	0.199	
5.46	-0.8086	0.2493	-1.2062	-2.1305	0.0345	
5.47	-0.0408	0.0687	-1.1071	-2.0826	-0.1333	
5.48	1.0474	-0.0938	-1.0074	-1.8875	-0.2726	
5.49	-0.0173	-0.2506	-0.9056	-1.2594	-0.4166	
5.5	-0.8948	-0.4049	-0.7726	-0.8474	-0.6461	
5.51	0.5281	-0.5464	-0.7767	-0.5254	-0.822	
5.52	0.9501	-0.5667	-0.6796	-0.2248	-0.8305	
5.53	-0.424	-0.6497	-0.6016	0.0074	-0.9077	
5.54	-0.5028	-0.599	-0.6331	0.1308	-1.0694	
5.55	1.0471	-0.526	-0.5446	0.1406	-1.1946	
5.56	0.6807	-0.4133	-0.4922	0.0483	-1.236	
5.57	-0.7367	-0.2788	-0.5073	-0.1085	-1.1998	
5.58	-0.0161	-0.0951	-0.4768	-0.3095	-1.2143	
5.59	1.2409	0.1356	-0.559	-0.5204	-1.1588	
5.6	0.1683	0.3986	-0.5348	-0.7061	-1.1933	
5.61	-0.7881	0.595	-0.6183	-0.8974	-1.1784	
5.62	0.5211	0.9011	-0.5936	-0.9999	-1.1992	
5.63	1.1173	1.0965	-0.606	-1.0555	-1.1506	
5.64	-0.3286	1.3376	-0.7415	-0.9621	-1.0253	
5.65	-0.4773	1.6649	-0.7637	-0.7822	-1.0114	
5.66	0.9066	1.8963	-0.7543	-0.7553	-0.8481	
5.67	0.7397	1.9405	-0.7368	-0.6948	-0.7185	
5.68	-0.5966	1.7175	-0.8252	-0.6709	-0.7177	
5.69	-0.0434	1.826	-0.9106	-0.635	-0.5601	
5.7	1.3666	1.982	-0.9693	-0.654	-0.4835	
5.71	0.2924	1.6731	-1.0162	-0.7289	-0.4124	
5.72	-0.6629	1.5138	-1.0004	-0.9649	-0.3736	
5.73	0.5342	1.4639	-0.8901	-1.0295	-0.3515	
5.74	1.183	1.1666	-1.0378	-1.306	-0.2903	
5.75	-0.1927	0.8922	-0.9331	-1.3528	-0.2815	
5.76	-0.5506	0.6391	-1.0715	-1.2885	-0.2571	
5.77	0.9324	0.3582	-0.9703	-1.4044	-0.2531	
5.78	0.8405	0.0764	-1.0394	-1.2015	-0.2919	
5.79	-0.6362	-0.1498	-0.8967	-0.9668	-0.3333	
5.8	-0.1429	-0.3966	-0.8883	-0.7605	-0.4344	
5.81	1.2489	-0.5937	-0.845	-0.392	-0.5494	
5.82	0.3732	-0.6818	-0.7969	0.011	-0.5768	
5.83	-0.7583	-0.7331	-0.8672	0.3823	-0.7936	
5.84	0.3606	-0.7904	-0.7389	0.5855	-0.8377	
5.85	1.3016	-0.8623	-0.7608	0.753	-1.132	
5.86	-0.1871	-0.6934	-0.7033	0.8339	-1.1599	
5.87	-0.6767	-0.7356	-0.6942	0.674	-1.4229	
5.88	0.9043	-0.5142	-0.6383	0.4558	-1.4459	
5.89	0.8304	-0.4306	-0.6689	0.0803	-1.6249	
5.9	-0.5763	-0.333	-0.637	-0.4194	-1.7116	
5.91	-0.2978	-0.174	-0.6066	-0.8291	-2.2027	
5.92	1.1894	-0.0849	-0.6964	-1.4112	-2.069	
5.93	0.4131	0.0016	-0.6653	-1.7803	-2.1315	
5.94	-0.8747	0.0566	-0.7764	-2.1386	-2.4381	
5.95	0.1732	0.0715	-0.7491	-2.5583	-2.8221	
5.96	1.0745	0.0374	-0.767	-2.339	-2.6955	
5.97	-0.2138	-0.0414	-0.8437	-1.9814	-2.7009	
5.98	-0.8156	-0.156	-0.8838	-1.8244	-3.0481	
5.99	0.6814	-0.3538	-1.0547	-1.3561	-2.9486	
6.0	0.7601	-0.5827	-1.0536	-0.6133	-2.9756	
6.01	-0.6672	-0.8274	-1.1527	-0.0151	-2.8015	
6.02	-0.4782	-1.035	-1.1794	0.5712	-2.8769	
6.03	0.8494	-1.3686	-1.4089	1.0388	-2.7526	
6.04	0.3191	-1.4506	-1.4312	1.3905	-2.9265	
6.05	-1.0071	-1.9278	-1.548	1.5256	-2.7944	
6.06	-0.0639	-2.2628	-1.5025	1.4827	-2.5727	
6.07	0.8935	-2.5347	-1.8379	1.2661	-2.1848	
6.08	-0.2883	-2.2957	-1.9117	0.9892	-2.2274	
6.09	-0.9808	-2.3623	-1.695	0.3976	-2.1593	
6.1	0.4102	-2.8932	-1.9407	-0.1948	-1.9405	
6.11	0.6775	-2.712	-1.9353	-0.7036	-1.731	
6.12	-0.8482	-2.7225	-1.9102	-1.2105	-1.5278	
6.13	-0.7114	-2.512	-1.7966	-1.7144	-1.4631	
6.14	0.6878	-2.4026	-1.8791	-2.2065	-1.2513	
6.15	0.1807	-2.0255	-1.8112	-2.0082	-1.042	
6.16	-1.1038	-2.1217	-1.8737	-2.1659	-0.9261	
6.17	-0.3529	-1.8961	-1.703	-1.6449	-0.7943	
6.18	0.7207	-1.4004	-1.569	-1.4767	-0.6134	
6.19	-0.4134	-1.16	-1.6414	-0.9355	-0.484	
6.2	-1.1732	-0.976	-1.5873	-0.4055	-0.3836	
6.21	0.0646	-0.7464	-1.2391	0.0591	-0.3168	
6.22	0.4964	-0.5671	-1.1668	0.4997	-0.2764	
6.23	-0.9897	-0.3981	-1.1607	0.8594	-0.2162	
6.24	-1.0755	-0.3128	-0.9257	0.9139	-0.2116	
6.25	0.3662	-0.2284	-0.7962	0.9979	-0.2067	
6.26	0.019	-0.193	-0.6081	1.0406	-0.2154	
6.27	-1.3653	-0.2202	-0.4008	0.8631	-0.2432	
6.28	-0.6663	-0.2951	-0.2724	0.5147	-0.279	
6.29	0.5069	-0.394	-0.1305	0.2317	-0.3517	
6.3	-0.5846	-0.4715	0.0203	-0.0831	-0.4157	
6.31	-1.5605	-0.6424	0.1586	-0.3861	-0.5121	
6.32	-0.2851	-0.7638	0.2629	-0.6073	-0.5984	
6.33	0.2877	-0.9822	0.3702	-0.743	-0.691	
6.34	-1.2871	-0.9891	0.4363	-0.7787	-0.731	
6.35	-1.5583	-1.2241	0.5375	-0.7398	-0.7114	
6.36	0.0594	-1.3781	0.5242	-0.6368	-0.9173	
6.37	-0.1848	-1.2214	0.5023	-0.5229	-0.9234	
6.38	-1.6537	-1.3947	0.558	-0.3091	-0.965	
6.39	-1.1697	-1.3349	0.5132	-0.2038	-0.8781	
6.4	0.1921	-1.1033	0.4448	-0.0992	-0.9415	
6.41	-0.8221	-1.1118	0.3574	-0.0532	-0.9877	
6.42	-2.0358	-0.8201	0.219	-0.0615	-0.9385	
6.43	-0.6983	-0.699	0.0962	-0.1211	-0.8933	
6.44	0.0222	-0.4461	-0.0548	-0.1808	-0.8299	
6.45	-1.4896	-0.2072	-0.2391	-0.2665	-0.7925	
6.46	-1.8328	0.0283	-0.4113	-0.309	-0.6959	
6.47	-0.2811	0.2809	-0.5383	-0.3543	-0.5674	
6.48	-0.4123	0.495	-0.8422	-0.3609	-0.4368	
6.49	-1.9773	0.6206	-1.0634	-0.2041	-0.2757	
6.5	-1.4588	0.795	-1.1173	-0.0567	-0.1115	
6.51	-0.1377	0.908	-1.5343	0.16	0.0691	
6.52	-0.8952	0.9413	-1.4757	0.4306	0.2517	
6.53	-2.1375	0.9566	-2.0043	0.6864	0.4905	
6.54	-1.0702	0.8463	-1.9816	0.8983	0.6523	
6.55	-0.2315	0.8193	-2.0828	1.0013	0.9127	
6.56	-1.56	0.5883	-2.3381	1.0278	0.9279	
6.57	-2.019	0.3745	-2.2757	1.1572	1.0872	
6.58	-0.6191	0.1563	-2.7092	0.9454	1.4077	
6.59	-0.6661	-0.1023	-2.5	0.5759	1.588	
6.6	-2.1907	-0.388	-2.7749	0.2242	1.726	
6.61	-1.9635	-0.6826	-2.872	-0.195	1.7685	
6.62	-0.4482	-0.9495	-2.5076	-0.5775	1.7991	
6.63	-1.1498	-1.0825	-2.6692	-0.9688	1.9528	
6.64	-2.3388	-1.3131	-2.6322	-1.3796	1.8669	
6.65	-1.362	-1.5258	-2.415	-1.5127	2.2538	
6.66	-0.467	-1.8111	-2.2399	-1.4211	2.2211	
6.67	-1.835	-1.7907	-2.1172	-1.248	2.338	
6.68	-2.6172	-1.8207	-1.887	-1.0632	2.1053	
6.69	-1.0294	-1.7079	-1.8802	-0.5078	2.0516	
6.7	-0.8443	-1.7992	-1.7609	0.0113	1.8181	
6.71	-2.2836	-1.706	-1.3454	0.5643	2.0799	
6.72	-2.228	-1.6112	-1.1789	1.1521	1.7445	
6.73	-0.7571	-1.4914	-0.8869	1.6828	1.6438	
6.74	-1.3033	-1.2773	-0.6721	1.9776	1.4327	
6.75	-2.7771	-1.2427	-0.4263	2.2115	1.2789	
6.76	-1.622	-1.0034	-0.1982	2.0042	1.224	
6.77	-0.7185	-0.9421	0.054	2.0067	1.0174	
6.78	-1.825	-0.756	0.2682	1.5059	1.0395	
6.79	-2.5137	-0.7777	0.4406	1.1159	0.7483	
6.8	-1.2578	-0.7695	0.6415	0.4976	0.6613	
6.81	-1.0096	-0.7074	0.779	-0.0973	0.5547	
6.82	-2.3978	-0.8302	0.9226	-0.625	0.4495	
6.83	-2.349	-0.8416	1.1074	-1.1904	0.3417	
6.84	-0.841	-1.1582	1.1764	-1.6059	0.23	
6.85	-1.3656	-1.3355	1.2679	-1.7415	0.1609	
6.86	-2.8131	-1.5488	1.181	-1.5665	0.0894	
6.87	-1.7943	-1.7802	1.1674	-1.4094	0.0619	
6.88	-0.8447	-1.9399	1.1279	-0.9822	0.035	
6.89	-2.0779	-1.9224	1.2005	-0.4008	0.0365	
6.9	-2.9125	-2.5172	0.9326	0.2066	0.0596	
6.91	-1.4782	-2.5977	0.8644	0.7894	0.0898	
6.92	-1.0341	-2.5639	0.7719	1.2305	0.1424	
6.93	-2.3112	-2.687	0.5539	1.7814	0.2104	
6.94	-2.6568	-2.6215	0.32	2.0786	0.2879	
6.95	-1.1332	-2.5974	0.1252	2.1633	0.4177	
6.96	-1.4834	-2.771	-0.1	1.9306	0.5256	
6.97	-2.6153	-2.3431	-0.3138	1.8756	0.5773	
6.98	-2.1443	-2.482	-0.5756	1.3852	0.6676	
6.99	-0.976	-1.9733	-0.7613	1.018	0.7938	
7.0	-2.0256	-1.7478	-0.9911	0.6752	0.9011	
7.01	-3.1104	-1.6316	-1.3741	0.2412	1.1027	
7.02	-1.812	-1.0934	-1.4598	-0.0985	1.105	
7.03	-1.0519	-0.9849	-1.8678	-0.3232	1.1228	
7.04	-2.4412	-0.6304	-1.7742	-0.5158	1.3259	
7.05	-2.9497	-0.3023	-2.0676	-0.4682	1.3309	
7.06	-1.1691	-0.0937	-2.0325	-0.4101	1.3889	
7.07	-1.4268	0.1197	-2.1276	-0.1909	1.4523	
7.08	-2.9258	0.2587	-2.5895	0.0154	1.3841	
7.09	-2.1733	0.3569	-2.6993	0.2723	1.3779	
7.1	-0.9573	0.468	-2.5411	0.4559	1.1868	
7.11	-1.8257	0.5204	-2.2825	0.7178	1.1044	
7.12	-3.0383	0.4399	-2.4022	0.8138	1.1679	
7.13	-1.9101	0.3788	-2.6566	0.8177	1.0518	
7.14	-1.0513	0.2593	-2.4933	0.8809	0.9141	
7.15	-2.4909	0.149	-2.4255	0.8833	0.7997	
7.16	-2.5223	0.0052	-1.8735	0.8007	0.6822	
7.17	-1.1613	-0.1359	-1.8106	0.706	0.5505	
7.18	-1.3447	-0.271	-1.6345	0.6587	0.3673	
7.19	-3.0929	-0.4278	-1.5095	0.53	0.187	
7.2	-2.4475	-0.483	-1.2826	0.6382	0.0408	
7.21	-1.0172	-0.5611	-1.0066	0.7604	-0.1131	
7.22	-1.9744	-0.5624	-0.8532	0.8435	-0.2789	
7.23	-3.0977	-0.5412	-0.5645	1.0825	-0.3946	
7.24	-1.8788	-0.4549	-0.3416	1.2106	-0.5312	
7.25	-0.9896	-0.3359	-0.15	1.3174	-0.6626	
7.26	-2.3135	-0.216	0.0653	1.454	-0.8015	
7.27	-2.7631	-0.0251	0.2672	1.3891	-0.898	
7.28	-1.1836	0.1989	0.4572	1.1729	-0.9306	
7.29	-1.295	0.4064	0.618	0.9935	-0.9659	
7.3	-2.768	0.6725	0.8688	0.7829	-0.961	
7.31	-2.3924	0.9046	0.8642	0.5387	-1.0456	
7.32	-0.9335	1.0452	0.9603	0.1822	-1.0541	
7.33	-1.4691	1.2844	1.1905	-0.1452	-0.9446	
7.34	-2.5609	1.5133	1.1263	-0.386	-0.9271	
7.35	-1.5804	1.5535	1.2403	-0.5913	-0.832	
7.36	-0.7951	1.4517	1.1646	-0.6618	-0.7013	
7.37	-1.9258	1.5642	1.119	-0.5395	-0.6365	
7.38	-2.8743	1.4006	1.0524	-0.2448	-0.4691	
7.39	-1.1103	1.4251	1.0882	0.113	-0.2982	
7.4	-0.9374	1.2734	0.9571	0.613	-0.147	
7.41	-2.4097	1.0156	0.8619	1.1924	0.026	
7.42	-2.3866	0.7457	0.6754	1.5344	0.1803	
7.43	-0.7806	0.447	0.5194	2.1504	0.3392	
7.44	-1.2842	0.1851	0.426	2.498	0.5061	
7.45	-2.3787	-0.092	0.2411	2.7143	0.7436	
7.46	-1.573	-0.354	0.055	2.4413	0.9026	
7.47	-0.6061	-0.6141	-0.1233	2.5128	0.9938	
7.48	-1.689	-0.8036	-0.3089	2.2472	1.0268	
7.49	-2.6212	-1.132	-0.4752	1.6855	1.2366	
7.5	-0.9779	-1.2338	-0.6588	1.0972	1.3102	
7.51	-0.6343	-1.2682	-0.7497	0.4487	1.4969	
7.52	-2.1461	-1.3798	-0.8528	-0.136	1.3813	
7.53	-2.1827	-1.3718	-1.1439	-0.6028	1.6553	
7.54	-0.5449	-1.1184	-1.0528	-0.9181	1.6519	
7.55	-1.0306	-1.2091	-1.2835	-1.1829	1.5876	
7.56	-2.2034	-1.02	-1.2179	-1.0364	1.4581	
7.57	-1.3242	-0.7934	-1.3364	-0.8712	1.4649	
7.58	-0.2574	-0.6884	-1.4087	-0.4824	1.3863	
7.59	-1.4769	-0.4879	-1.4647	0.049	1.4584	
7.6	-2.1703	-0.2842	-1.4489	0.7065	1.3157	
7.61	-0.8601	-0.1073	-1.4065	1.3004	1.2878	
7.62	-0.3029	0.0408	-1.4263	1.9435	1.0564	
7.63	-1.9172	0.1527	-1.2428	2.4289	1.1068	
7.64	-1.9533	0.2105	-1.1156	2.4769	0.8914	
7.65	-0.2994	0.2536	-1.1591	2.6347	0.9002	
7.66	-0.6745	0.2333	-0.9887	2.7533	0.7212	
7.67	-1.8418	0.1644	-0.9617	2.3572	0.5962	
7.68	-1.3117	0.0696	-0.8491	2.0295	0.5927	
7.69	0.0072	-0.0514	-0.732	1.6685	0.5237	
7.7	-1.0969	-0.2069	-0.5446	1.1267	0.4472	
7.71	-2.0686	-0.3951	-0.4529	0.5842	0.4199	
7.72	-0.5964	-0.5491	-0.317	0.1695	0.3899	
7.73	0.0144	-0.7412	-0.1988	-0.1484	0.3589	
7.74	-1.3457	-0.9771	-0.0697	-0.3529	0.3302	
7.75	-1.5712	-1.0713	0.0328	-0.4051	0.3791	
7.76	-0.0269	-1.1054	0.1252	-0.368	0.4078	
7.77	-0.2399	-1.2162	0.221	-0.1527	0.555	
7.78	-1.7241	-1.2248	0.2994	0.1317	0.577	
7.79	-0.9692	-1.1697	0.3569	0.5161	0.7594	
7.8	0.3134	-1.115	0.4417	0.8507	0.7299	
7.81	-0.5853	-0.987	0.4222	1.0911	0.9104	
7.82	-1.656	-0.648	0.4912	1.3708	1.0756	
7.83	-0.3807	-0.4359	0.5216	1.6575	1.1344	
7.84	0.3696	-0.1835	0.4543	1.566	1.4062	
7.85	-1.106	0.1075	0.4931	1.7699	1.6182	
7.86	-1.2023	0.4096	0.5128	1.6134	1.6804	
7.87	0.2138	0.6721	0.4167	1.4592	1.9033	
7.88	0.1607	1.1192	0.3892	1.3495	1.9082	
7.89	-1.4081	1.4124	0.4035	1.0163	2.0403	
7.9	-0.7324	1.5869	0.3174	0.9933	2.2634	
7.91	0.5664	1.8701	0.2743	0.9256	2.1782	
7.92	-0.2411	2.0796	0.2361	0.9006	2.3226	
7.93	-1.3631	2.2356	0.2017	0.9263	2.2325	
7.94	-0.1337	2.1448	0.1619	1.0417	2.3183	
7.95	0.6228	2.031	0.1391	1.1959	2.4027	
7.96	-0.6628	2.3126	0.0948	1.3271	2.7203	
7.97	-1.0266	1.967	0.068	1.3006	2.7007	
7.98	0.4866	2.0891	0.0424	1.25	2.6026	
7.99	0.5305	1.688	0.0286	1.3116	2.1983	
8.0	-0.8798	1.4948	0.0213	0.9625	2.38	
8.01	-0.5349	1.568	0.022	0.8784	2.084	
8.02	0.8223	1.3626	0.0304	0.6166	1.8913	
8.03	0.1376	1.072	0.0422	0.3887	2.0377	
8.04	-1.0192	1.0721	0.0566	0.2207	1.5857	
8.05	0.0501	0.8792	0.0898	0.0645	1.6449	
8.06	1.0099	0.8323	0.1197	0.0007	1.3523	
8.07	-0.2794	0.7454	0.1523	0.0431	1.1414	
8.08	-0.8424	0.7432	0.1735	0.1889	0.9477	
8.09	0.6362	0.7981	0.2022	0.5102	0.7315	
8.1	0.7971	0.9665	0.2669	0.7623	0.6011	
8.11	-0.6717	1.1289	0.2746	1.2043	0.3474	
8.12	-0.3768	1.2623	0.3356	1.7673	0.1938	
8.13	1.012	1.4393	0.3555	2.2159	0.0516	
8.14	0.4675	1.5427	0.3657	2.5024	-0.1065	
8.15	-0.84	1.7494	0.3824	2.3114	-0.2501	
8.16	0.1868	1.8705	0.3946	2.5665	-0.3401	
8.17	1.1488	2.2392	0.4458	2.4781	-0.4703	
8.18	0.003	2.4583	0.4353	2.3746	-0.5452	
8.19	-0.7049	2.3666	0.4193	1.6853	-0.5354	
8.2	0.7518	2.4313	0.3591	1.2838	-0.5525	
8.21	1.1744	2.1863	0.3134	0.6297	-0.5899	
8.22	-0.4278	2.0373	0.2722	0.1056	-0.6154	
8.23	-0.2654	2.1774	0.2657	-0.3446	-0.6125	
8.24	1.2322	1.8402	0.1796	-0.6753	-0.5268	
8.25	0.6897	1.8933	0.1382	-0.9239	-0.54	
8.26	-0.5436	1.5609	0.0659	-0.9738	-0.4498	
8.27	0.262	1.232	-0.0056	-0.7674	-0.4073	
8.28	1.476	0.8335	-0.0822	-0.3853	-0.3092	
8.29	0.2319	0.6645	-0.1465	0.1277	-0.2731	
8.3	-0.5482	0.3287	-0.2305	0.7061	-0.206	
8.31	0.8214	0.047	-0.2883	1.294	-0.1063	
8.32	1.403	-0.1909	-0.3444	1.7423	-0.0428	
8.33	-0.1748	-0.4258	-0.3882	2.5729	0.0134	
8.34	-0.1944	-0.5802	-0.3841	2.9416	0.0696	
8.35	1.213	-0.6276	-0.4281	3.1577	0.11	
8.36	0.8663	-0.6231	-0.5002	3.0155	0.1144	
8.37	-0.4977	-0.6784	-0.4984	2.9173	0.1431	
8.38	0.3172	-0.6641	-0.4831	2.3069	0.1199	
8.39	1.5262	-0.5581	-0.4581	1.8102	0.098	
8.4	0.4817	-0.3886	-0.4246	1.2317	0.0416	
8.41	-0.4461	-0.1966	-0.3347	0.6154	-0.0239	
8.42	0.7743	-0.0178	-0.2664	0.0918	-0.1144	
8.43	1.4703	0.1855	-0.2001	-0.3446	-0.2311	
8.44	-0.0383	0.3567	-0.11	-0.583	-0.3413	
8.45	-0.1897	0.5377	0.0118	-0.7049	-0.4309	
8.46	1.2611	0.7744	0.1316	-0.6049	-0.6451	
8.47	0.997	0.7857	0.2766	-0.4784	-0.7515	
8.48	-0.3556	0.8715	0.3831	-0.1127	-0.976	
8.49	0.2588	0.9577	0.6071	0.3143	-1.0769	
8.5	1.523	1.1246	0.7675	0.7086	-1.2707	
8.51	0.5769	0.9148	0.8349	1.0728	-1.5011	
8.52	-0.4188	0.8387	1.0569	1.6272	-1.6138	
8.53	0.8627	0.8307	1.2562	1.9735	-1.6484	
8.54	1.4469	0.7141	1.3322	1.8958	-2.159	
8.55	0.0379	0.5652	1.5698	2.0026	-1.9768	
8.56	-0.278	0.3841	1.5488	2.0177	-2.4331	
8.57	1.3139	0.1846	1.5731	1.861	-2.4762	
8.58	1.1868	0.0293	1.8942	1.3472	-2.4131	
8.59	-0.3781	-0.1045	1.7362	1.1917	-2.6896	
8.6	0.1527	-0.1884	1.7689	0.9019	-2.8564	
8.61	1.362	-0.259	1.7742	0.7534	-2.5897	
8.62	0.6384	-0.3137	1.9237	0.6002	-2.8523	
8.63	-0.4602	-0.2847	1.7974	0.539	-2.6878	
8.64	0.6943	-0.1686	1.9417	0.5172	-2.6586	
8.65	1.5541	-0.0583	1.8568	0.5509	-2.5168	
8.66	0.0532	0.1198	1.7679	0.6538	-2.2143	
8.67	-0.3626	0.3095	1.5522	0.7387	-2.563	
8.68	1.0394	0.6274	1.3202	0.8533	-2.4444	
8.69	1.0205	0.8128	1.3383	0.8126	-2.1889	
8.7	-0.3467	1.1927	1.1318	0.8279	-2.0901	
8.71	-0.0202	1.5222	0.9387	0.7402	-1.9226	
8.72	1.4538	1.6491	0.7396	0.6402	-1.6842	
8.73	0.5824	2.0369	0.5497	0.5785	-1.3486	
8.74	-0.6549	2.146	0.3683	0.4696	-1.3601	
8.75	0.4739	2.413	0.2183	0.3187	-1.1273	
8.76	1.2439	2.5415	0.0091	0.2144	-0.9091	
8.77	0.0246	2.4999	-0.1881	0.2072	-0.8487	
8.78	-0.5745	2.5813	-0.3759	0.3015	-0.647	
8.79	0.8409	2.592	-0.5238	0.4506	-0.5717	
8.8	1.1004	2.4414	-0.7395	0.6254	-0.4465	
8.81	-0.4772	2.5241	-0.8076	0.9496	-0.3583	
8.82	-0.212	2.4128	-0.9631	1.3798	-0.2497	
8.83	1.172	2.0262	-0.9182	1.5411	-0.2324	
8.84	0.5931	1.917	-1.0134	1.7761	-0.1852	
8.85	-0.7477	1.7838	-1.0131	2.095	-0.1521	
8.86	0.2046	1.4176	-1.2163	1.9455	-0.1598	
8.87	1.1854	1.1691	-1.0341	1.7938	-0.1533	
8.88	-0.0469	0.9577	-0.9803	1.82	-0.1972	
8.89	-0.7107	0.9011	-0.8952	1.4394	-0.2602	
8.9	0.7278	0.7715	-0.7895	0.8459	-0.3019	
8.91	1.0004	0.64	-0.7446	0.4377	-0.4008	
8.92	-0.5169	0.6412	-0.5043	-0.0707	-0.5062	
8.93	-0.4887	0.635	-0.3516	-0.4694	-0.5371	
8.94	0.9725	0.5658	-0.1914	-0.8497	-0.6406	
8.95	0.4446	0.6417	0.034	-1.1547	-0.7895	
8.96	-0.9121	0.8428	0.2756	-1.2	-0.8223	
8.97	-0.0435	0.8571	0.4743	-0.9114	-1.0271	
8.98	1.1187	1.0066	0.82	-0.5871	-1.0448	
8.99	-0.1359	1.3004	0.9429	-0.1624	-1.1554	
9.0	-1.0304	1.4349	1.2292	0.3755	-1.1461	
9.01	0.3767	1.321	1.4206	1.0636	-1.2041	
9.02	0.7659	1.6301	1.6636	1.6287	-1.2888	
9.03	-0.648	1.7358	1.8268	2.0639	-1.4129	
9.04	-0.6703	1.5916	2.0057	2.4192	-1.3372	
9.05	0.6741	1.413	2.4837	2.7909	-1.1844	
9.06	0.3607	1.3304	2.6197	2.545	-1.3146	
9.07	-1.028	1.3376	2.6009	2.4806	-1.1914	
9.08	-0.327	1.1642	2.725	2.1235	-1.031	
9.09	0.8891	0.9115	2.6223	1.496	-1.0475	
9.1	-0.2549	0.6154	2.7668	0.8529	-0.9363	
9.11	-1.2383	0.3221	2.8645	0.2137	-0.7685	
9.12	0.1435	0.0364	2.5702	-0.3781	-0.6961	
9.13	0.7332	-0.2792	2.9009	-0.7503	-0.5427	
9.14	-0.8017	-0.551	2.3748	-1.0574	-0.4048	
9.15	-0.904	-0.9167	2.3733	-1.2783	-0.2259	
9.16	0.5478	-0.9775	2.2089	-1.3965	-0.0492	
9.17	0.2159	-1.1894	2.3742	-1.1599	0.1014	
9.18	-1.0991	-1.477	1.8633	-0.7585	0.2598	
9.19	-0.5754	-1.6354	1.7774	-0.2715	0.383	
9.2	0.6614	-1.5756	1.5431	0.2291	0.5473	
9.21	-0.3652	-1.5422	1.4383	0.7663	0.6203	
9.22	-1.4087	-1.3952	1.0511	1.2595	0.813	
9.23	-0.119	-1.5481	0.79	1.7315	0.8339	
9.24	0.4965	-1.1872	0.5592	1.7929	0.9213	
9.25	-0.9641	-1.1594	0.3377	1.7749	1.0442	
9.26	-1.2482	-0.9439	0.1021	1.8828	0.969	
9.27	0.2919	-0.7332	-0.1001	1.5231	1.0438	
9.28	0.1338	-0.4226	-0.315	1.3155	1.083	
9.29	-1.3641	-0.2452	-0.5408	0.9676	1.0179	
9.3	-0.8162	-0.0703	-0.6043	0.526	0.9839	
9.31	0.5125	0.093	-0.7178	0.2252	0.8925	
9.32	-0.3827	0.2334	-0.8661	-0.0684	0.6945	
9.33	-1.6596	0.3182	-1.071	-0.2528	0.6541	
9.34	-0.3794	0.3031	-1.0783	-0.4071	0.4772	
9.35	0.4081	0.3543	-0.9578	-0.3727	0.366	
9.36	-1.0615	0.2677	-1.0639	-0.305	0.2091	
9.37	-1.3324	0.1807	-0.9808	-0.1918	0.0309	
9.38	0.0864	0.0659	-0.9619	-0.0283	-0.1457	
9.39	0.0819	-0.0784	-0.7801	0.1329	-0.3106	
9.4	-1.5201	-0.2608	-0.6854	0.27	-0.448	
9.41	-1.1316	-0.3722	-0.5195	0.3338	-0.6958	
9.42	0.3365	-0.5231	-0.3907	0.3597	-0.7694	
9.43	-0.4434	-0.635	-0.1637	0.3615	-0.8574	
9.44	-1.6704	-0.7384	0.0421	0.2982	-0.9831	
9.45	-0.5054	-0.9358	0.2863	0.2123	-1.2274	
9.46	0.364	-0.9267	0.5296	0.1213	-1.2277	
9.47	-1.0745	-0.8757	0.792	0.0534	-1.3912	
9.48	-1.577	-0.9425	0.9232	0.0249	-1.4736	
9.49	-0.067	-0.7961	1.3165	0.0528	-1.4839	
9.5	0.0718	-0.6227	1.5022	0.1419	-1.4593	
9.51	-1.518	-0.4009	1.8033	0.2891	-1.4923	
9.52	-1.1026	-0.2219	1.6828	0.5444	-1.3769	
9.53	0.2353	0.0369	1.8481	0.7078	-1.569	
9.54	-0.3693	0.2764	2.1264	0.8238	-1.3977	
9.55	-1.5659	0.5817	2.3625	0.9792	-1.4397	
9.56	-0.6548	0.8824	2.5044	1.0287	-1.3051	
9.57	0.3506	0.9816	2.3627	0.9714	-1.2303	
9.58	-0.9526	1.3255	2.6913	0.8931	-1.0002	
9.59	-1.6295	1.2847	2.5229	0.6382	-0.8886	
9.6	-0.156	1.5275	2.6618	0.334	-0.8911	
9.61	0.1314	1.7143	2.6763	-0.0853	-0.8028	
9.62	-1.4471	1.5166	2.7751	-0.469	-0.6672	
9.63	-1.1336	1.5598	2.3695	-0.8157	-0.5145	
9.64	0.2049	1.427	2.6368	-1.2097	-0.4094	
9.65	-0.2655	1.2643	2.4309	-1.3631	-0.3329	
9.66	-1.5671	1.0899	2.3014	-1.6136	-0.2425	
9.67	-0.7294	0.9706	2.0766	-1.2565	-0.2084	
9.68	0.3651	0.6856	2.0327	-1.0662	-0.136	
9.69	-0.8703	0.3398	1.6404	-0.6826	-0.1126	
9.7	-1.5634	0.1041	1.5918	-0.2463	-0.1044	
9.71	-0.2073	-0.1606	1.2559	0.3343	-0.1193	
9.72	0.2071	-0.3927	1.2502	0.8226	-0.145	
9.73	-1.3426	-0.6312	0.9919	1.3979	-0.1932	
9.74	-1.3568	-0.8002	0.829	1.5843	-0.2222	
9.75	0.2198	-0.8933	0.6077	1.8487	-0.2931	
9.76	-0.146	-1.0248	0.4267	2.0515	-0.3862	
9.77	-1.4526	-1.0344	0.2649	1.6745	-0.5646	
9.78	-0.7893	-0.9346	0.1246	1.4147	-0.6225	
9.79	0.4273	-1.0631	0.0114	0.8301	-0.7008	
9.8	-0.607	-0.9516	-0.0911	0.2253	-0.8932	
9.81	-1.6016	-0.7359	-0.1742	-0.3613	-0.9882	
9.82	-0.1585	-0.7079	-0.2349	-1.0872	-1.1288	
9.83	0.385	-0.5028	-0.2398	-1.4732	-1.2381	
9.84	-1.1277	-0.4108	-0.2865	-1.8742	-1.2856	
9.85	-1.2909	-0.2787	-0.2488	-1.8795	-1.5155	
9.86	0.3384	-0.2176	-0.2659	-2.0878	-1.7158	
9.87	0.0914	-0.1335	-0.1995	-1.7014	-1.7911	
9.88	-1.3851	-0.111	-0.1267	-1.5134	-1.7759	
9.89	-0.6292	-0.1417	-0.0584	-0.9298	-2.0018	
9.9	0.5686	-0.2319	0.0332	-0.431	-1.9488	
9.91	-0.3354	-0.3683	0.1471	0.1243	-2.0422	
9.92	-1.2719	-0.4917	0.2791	0.6989	-1.9851	
9.93	-0.0569	-0.6852	0.4043	1.1464	-1.9735	
9.94	0.6752	-0.9724	0.4678	1.2498	-1.7086	
9.95	-0.79	-1.1307	0.7036	1.5979	-1.81	
9.96	-1.025	-1.3581	0.7168	1.3021	-1.6772	
9.97	0.4503	-1.7614	0.9883	1.1913	-1.5423	
9.98	0.3726	-1.8498	0.9801	0.8383	-1.4178	
9.99	-1.0581	-2.2051	1.046	0.4201	-1.1479	
10.0	-0.5039	-2.4746	1.3743	-0.0267	-1.0301	
10.01	0.7716	-2.7322	1.3148	-0.4842	-0.7256	
10.02	-0.0323	-2.6243	1.3517	-0.8913	-0.5862	
10.03	-1.1526	-2.7685	1.5155	-1.0881	-0.4353	
10.04	0.0954	-2.6499	1.4984	-1.3809	-0.214	
10.05	0.9103	-3.1097	1.7969	-1.3515	-0.0086	
10.06	-0.4149	-2.8325	1.5099	-1.5021	0.1736	
10.07	-0.8699	-2.7118	1.8005	-1.1953	0.4005	
10.08	0.7299	-2.3196	1.7584	-1.0809	0.5401	
10.09	0.7211	-2.1505	1.7005	-0.7277	0.6853	
10.1	-0.8235	-1.8384	1.7602	-0.4491	0.961	
10.11	-0.3462	-1.8581	1.5969	-0.2254	1.0098	
10.12	1.0314	-1.5281	1.7616	-0.0714	1.1721	
10.13	0.3066	-1.233	1.4017	0.0174	1.1931	
10.14	-0.8803	-0.9492	1.382	0.0391	1.2614	
10.15	0.3104	-0.7164	1.412	-0.0017	1.3591	
10.16	1.1678	-0.6141	1.358	-0.0923	1.4366	
10.17	-0.0873	-0.4907	1.1899	-0.198	1.5355	
10.18	-0.5556	-0.3609	1.282	-0.2833	1.5659	
10.19	0.8226	-0.367	1.0693	-0.3765	1.5992	
10.2	1.0266	-0.3419	1.0637	-0.4682	1.3122	
10.21	-0.4148	-0.4061	1.1198	-0.4217	1.402	
10.22	-0.1243	-0.4523	0.9493	-0.3442	1.4228	
10.23	1.3087	-0.6429	1.0336	-0.288	1.2384	
10.24	0.771	-0.6785	0.8874	-0.1746	1.2277	
10.25	-0.5382	-0.9074	0.8461	-0.0537	1.1403	
10.26	0.4932	-1.0312	0.929	0.0135	0.9584	
10.27	1.5387	-1.2005	0.8922	0.0274	0.862	
10.28	0.3168	-1.4055	0.9074	-0.034	0.8199	
10.29	-0.3435	-1.3491	0.7831	-0.1898	0.7287	
10.3	1.0383	-1.421	0.7749	-0.3689	0.6598	
10.31	1.5331	-1.3842	0.9169	-0.7103	0.622	
10.32	-0.0365	-1.4558	0.8962	-1.0698	0.5636	
10.33	0.1297	-1.2066	0.8755	-1.3613	0.5436	
10.34	1.4752	-1.1794	0.8857	-1.4795	0.5723	
10.35	1.2166	-1.0001	0.9563	-1.7966	0.6044	
10.36	-0.1877	-0.762	0.9574	-1.9354	0.6405	
10.37	0.7618	-0.4678	1.0384	-1.7341	0.674	
10.38	1.8523	-0.2847	1.0246	-1.5501	0.6775	
10.39	0.6696	-0.0135	0.963	-1.3341	0.8039	
10.4	-0.0403	0.2259	1.0933	-0.8316	0.9566	
10.41	1.4675	0.4875	1.1342	-0.3686	0.9294	
10.42	1.9284	0.6223	0.9623	0.1025	1.241	
10.43	0.3317	0.8277	0.9591	0.5548	1.322	
10.44	0.4035	0.9801	1.0496	0.813	1.4503	
10.45	1.9648	1.0633	1.0581	1.0838	1.4374	
10.46	1.6723	0.9999	0.937	1.1894	1.8167	
10.47	0.1627	0.8617	0.8903	0.9045	1.9887	
10.48	0.9835	0.881	0.8188	0.6481	2.1371	
10.49	2.2591	0.7263	0.8973	0.1948	2.3695	
10.5	1.0025	0.4453	0.7627	-0.3785	2.4066	
10.51	0.262	0.2516	0.6611	-0.9691	2.4054	
10.52	1.5941	0.0009	0.6347	-1.688	2.4474	
10.53	2.1148	-0.2931	0.6262	-2.2346	2.7803	
10.54	0.6852	-0.5736	0.5717	-2.6673	2.7409	
10.55	0.5548	-0.89	0.4489	-2.9397	3.0333	
10.56	2.2077	-1.0135	0.3877	-2.9497	2.936	
10.57	2.0041	-1.2888	0.3297	-2.7449	2.9519	
10.58	0.4704	-1.4173	0.2981	-2.3001	2.7999	
10.59	1.0985	-1.5775	0.2323	-1.5129	2.5972	
10.6	2.3229	-1.543	0.186	-1.1366	2.5273	
10.61	1.3235	-1.6169	0.1597	-0.4729	2.4302	
10.62	0.5139	-1.6586	0.1577	0.1285	2.3844	
10.63	1.786	-1.5998	0.1592	0.5712	2.3266	
10.64	2.2864	-1.6461	0.1596	0.8759	2.1477	
10.65	1.0058	-1.4895	0.2136	1.0641	2.323	
10.66	0.8536	-1.2283	0.2424	1.0371	2.0111	
10.67	2.149	-1.135	0.3165	0.8723	1.9331	
10.68	2.2383	-1.0539	0.3633	0.5159	1.6869	
10.69	0.741	-0.8259	0.4306	0.0248	1.4869	
10.7	1.3686	-0.7474	0.5623	-0.5442	1.4216	
10.71	2.4197	-0.6902	0.5818	-1.0823	1.0545	
10.72	1.8707	-0.5231	0.7589	-1.7047	1.014	
10.73	0.6564	-0.4915	0.8854	-1.9456	0.7534	
10.74	1.7605	-0.5482	0.9819	-2.3475	0.5729	
10.75	2.7673	-0.6794	1.1333	-2.3668	0.4585	
10.76	1.3934	-0.7061	1.3318	-2.481	0.3157	
10.77	0.9207	-0.8689	1.2973	-2.1034	0.1994	
10.78	2.501	-1.1246	1.3954	-1.8805	0.1079	
10.79	2.4396	-1.2226	1.6827	-1.3462	0.0339	
10.8	0.9697	-1.4193	1.8028	-0.9706	-0.0246	
10.81	1.2938	-1.8361	1.6185	-0.705	-0.0659	
10.82	2.9801	-1.7519	1.7577	-0.4361	-0.0868	
10.83	1.8687	-2.0014	1.7685	-0.1883	-0.0932	
10.84	0.832	-2.1539	1.8403	-0.0698	-0.069	
10.85	2.0506	-2.2138	1.9061	-0.0648	-0.0294	
10.86	2.784	-2.7216	1.8206	-0.1438	0.0178	
10.87	1.6642	-2.7439	2.0797	-0.2907	0.0885	
10.88	0.9614	-2.6581	1.9851	-0.4474	0.158	
10.89	2.407	-2.2446	1.9136	-0.652	0.2632	
10.9	2.7178	-2.1773	1.7873	-0.7813	0.3585	
10.91	1.0836	-2.0895	1.5698	-0.9826	0.4434	
10.92	1.4808	-1.9985	1.4621	-1.0475	0.4721	
10.93	2.5685	-1.7712	1.5137	-1.085	0.6604	
10.94	2.0299	-1.4067	1.2846	-1.0132	0.6545	
10.95	0.9025	-1.1249	1.2217	-0.9021	0.7903	
10.96	1.7594	-0.7155	0.9274	-0.7892	0.8749	
10.97	2.9448	-0.4615	0.7777	-0.7794	0.8804	
10.98	1.6248	-0.144	0.5322	-0.8419	0.8717	
10.99	1.0561	0.0941	0.3534	-0.8047	1.0267	
11.0	2.2498	0.2759	0.1738	-0.9163	0.9542	
11.01	2.6501	0.5179	-0.0156	-1.0952	1.0119	
11.02	1.3196	0.5845	-0.2166	-1.1635	0.91	
11.03	1.4264	0.6966	-0.4035	-1.4919	0.9139	
11.04	2.7893	0.7561	-0.5626	-1.691	0.8074	
11.05	2.481	0.6015	-0.7435	-1.8551	0.7211	
11.06	0.9645	0.6397	-0.8046	-1.6633	0.6898	
11.07	1.9884	0.5232	-0.9556	-1.8001	0.4824	
11.08	2.7483	0.3697	-0.9337	-1.5877	0.3762	
11.09	1.9145	0.2662	-1.0512	-1.4444	0.2709	
11.1	0.9167	0.1143	-1.1123	-1.2814	0.1035	
11.11	2.4078	-0.0282	-1.0369	-0.8628	-0.0484	
11.12	2.7108	-0.1477	-1.1092	-0.4361	-0.1948	
11.13	1.3506	-0.2518	-1.145	-0.0475	-0.364	
11.14	1.3062	-0.314	-0.9548	0.2739	-0.4981	
11.15	2.7322	-0.3297	-0.8685	0.4699	-0.6937	
11.16	2.4001	-0.2562	-0.7464	0.4705	-0.867	
11.17	0.8728	-0.1978	-0.6352	0.3999	-0.8488	
11.18	1.5728	-0.1016	-0.4029	0.1923	-0.9791	
11.19	3.0485	0.0494	-0.2494	-0.2143	-1.098	
11.2	1.7973	0.2593	-0.0351	-0.743	-1.2554	
11.21	0.8241	0.4467	0.1827	-1.2344	-1.3627	
11.22	2.3489	0.6448	0.3966	-1.683	-1.3649	
11.23	2.7252	0.9005	0.6226	-2.2783	-1.208	
11.24	1.2252	1.0234	0.886	-2.6745	-1.3205	
11.25	0.9751	1.397	1.1199	-2.7639	-1.3626	
11.26	2.7906	1.5164	1.2506	-3.1117	-1.2182	
11.27	2.4674	1.6353	1.3656	-2.8507	-1.1507	
11.28	0.7706	1.7819	1.6191	-2.2106	-1.1213	
11.29	1.4155	1.7169	1.7442	-1.8506	-0.9378	
11.3	2.7441	1.9226	1.983	-1.2507	-0.7399	
11.31	1.6876	1.7102	2.322	-0.7374	-0.624	
11.32	0.7374	1.525	2.3444	-0.1277	-0.4398	
11.33	2.0856	1.4967	2.217	0.359	-0.3067	
11.34	2.312	1.3424	2.5023	0.7379	-0.139	
11.35	1.094	1.1488	2.4357	0.9456	0.0204	
11.36	0.8649	0.7665	2.4215	1.0387	0.177	
11.37	2.4939	0.5309	2.0953	0.8513	0.3786	
11.38	1.9409	0.2745	2.3552	0.3761	0.5117	
11.39	0.6124	-0.0195	2.1127	-0.0876	0.6465	
11.4	1.2283	-0.2579	1.8685	-0.5927	0.7881	
11.41	2.5088	-0.5305	1.793	-1.1901	0.9736	
11.42	1.6058	-0.6805	1.7622	-1.9113	1.0832	
11.43	0.4798	-0.7621	1.5442	-2.2544	1.1414	
11.44	1.702	-0.9593	1.2048	-2.4045	1.2315	
11.45	2.3937	-0.9921	0.937	-2.8732	1.2027	
11.46	0.9311	-0.9377	0.6604	-2.5824	1.1737	
11.47	0.5318	-0.9756	0.4388	-2.7514	1.3383	
11.48	1.8895	-0.7365	0.1891	-2.2283	1.3049	
11.49	2.0516	-0.6806	-0.0765	-1.7639	1.179	
11.5	0.4432	-0.4847	-0.3487	-1.3275	1.253	
11.51	0.8788	-0.3622	-0.5321	-0.8157	1.1643	
11.52	2.2787	-0.1656	-0.7613	-0.3927	1.0819	
11.53	1.3712	0.0203	-1.0303	-0.0472	0.8653	
11.54	0.2205	0.1971	-1.1904	0.1604	0.7308	
11.55	1.402	0.2973	-1.3948	0.205	0.6358	
11.56	2.1064	0.3947	-1.5633	0.1789	0.5905	
11.57	0.8426	0.5413	-1.7606	0.0068	0.4103	
11.58	0.244	0.5658	-1.5615	-0.2444	0.3426	
11.59	1.702	0.4716	-1.7667	-0.4979	0.2172	
11.6	1.8893	0.4586	-1.842	-0.8234	0.088	
11.61	0.268	0.3299	-1.6269	-1.1166	-0.0157	
11.62	0.5209	0.2259	-1.7467	-1.1921	-0.1133	
11.63	1.832	0.0546	-1.7199	-1.3624	-0.1763	
11.64	1.2195	-0.1196	-1.5419	-1.5552	-0.2639	
11.65	-0.0599	-0.2777	-1.4596	-1.5468	-0.2975	
11.66	0.9176	-0.5036	-1.1468	-1.3832	-0.3139	
11.67	1.7825	-0.6665	-0.9479	-1.3406	-0.3094	
11.68	0.5525	-0.7955	-0.8784	-1.096	-0.3094	
11.69	-0.0885	-0.936	-0.6043	-0.9552	-0.2843	
11.7	1.3898	-1.0381	-0.3689	-0.8925	-0.246	
11.71	1.4671	-0.9605	-0.1868	-0.8746	-0.2257	
11.72	0.0316	-1.0065	0.0585	-0.8919	-0.135	
