0.01	0.1683	0.1849	0.2202	0.3402	0.2682	
0.02	0.3319	0.3462	0.4365	0.7177	0.4607	
0.03	0.5093	0.5568	0.6564	0.8691	0.6903	
0.04	0.7064	0.6926	0.83	1.156	1.0522	
0.05	0.7349	0.9213	0.9538	1.4622	1.1634	
0.06	0.8768	1.0663	1.0585	1.3633	1.3267	
0.07	1.0433	1.0552	1.3	1.4071	1.7563	
0.08	1.315	1.3081	1.4641	1.5074	1.6692	
0.09	1.2836	1.2055	1.6097	1.3216	1.9204	
0.1	1.5465	1.3046	1.8963	1.2367	1.9975	
0.11	1.4585	1.213	1.9512	1.1545	2.1476	
0.12	1.5032	1.4189	2.1055	0.9762	2.0306	
0.13	1.6336	1.2945	2.0904	0.6543	2.5223	
0.14	1.5408	1.3877	1.8536	0.4959	2.1553	
0.15	1.6833	1.3257	2.2386	0.322	2.2277	
0.16	1.8643	1.1515	1.9979	0.2259	2.1375	
0.17	1.7695	1.095	2.0086	0.1609	2.0706	
0.18	1.6803	0.9212	2.1992	0.1684	2.0436	
0.19	1.7292	0.8249	2.1249	0.2393	2.2515	
0.2	1.7891	0.6463	1.9673	0.3552	2.0705	
0.21	1.7892	0.5358	2.1066	0.5536	1.9232	
0.22	1.6159	0.4583	1.8002	0.7655	1.7205	
0.23	1.6865	0.2928	1.6686	0.9719	1.7305	
0.24	1.6177	0.1929	1.797	1.2092	1.7589	
0.25	1.3724	0.0979	1.4606	1.5253	1.3852	
0.26	1.3631	0.025	1.4256	1.7014	1.2819	
0.27	1.1584	-0.0341	1.4203	1.9603	1.2437	
0.28	1.0992	-0.0817	1.299	1.8579	1.1288	
0.29	1.0746	-0.0941	1.1407	2.1346	1.0784	
0.3	1.1136	-0.0867	1.2204	1.9862	0.9308	
0.31	0.9934	-0.0674	0.9604	2.0882	0.7292	
0.32	0.9003	-0.0218	0.9603	1.9406	0.6839	
0.33	0.7735	0.0486	0.9042	1.7295	0.66	
0.34	0.7676	0.1363	0.874	1.3287	0.5296	
0.35	0.7728	0.2578	0.7934	1.1279	0.5079	
0.36	0.7596	0.3921	0.7265	0.8557	0.5127	
0.37	0.7108	0.5408	0.7362	0.4608	0.4605	
0.38	0.59	0.7007	0.6701	0.1792	0.4274	
0.39	0.6001	0.8239	0.6876	-0.096	0.4992	
0.4	0.6177	0.9942	0.7663	-0.3037	0.4857	
0.41	0.7336	1.2159	0.827	-0.4662	0.5425	
0.42	0.7364	1.3371	0.7401	-0.6117	0.5686	
0.43	0.7605	1.6882	0.8241	-0.606	0.6605	
0.44	0.7805	1.7151	0.9506	-0.5153	0.6289	
0.45	0.9253	1.8348	1.0068	-0.4115	0.76	
0.46	0.9823	2.1361	1.0974	-0.3149	0.7568	
0.47	1.047	2.2247	1.2145	-0.1231	0.8934	
0.48	1.1291	2.2704	1.1748	0.0726	0.928	
0.49	1.1961	2.1282	1.2827	0.2655	0.9247	
0.5	1.3044	2.3573	1.4308	0.477	0.9806	
0.51	1.4369	2.4639	1.414	0.6344	0.9497	
0.52	1.6382	2.4179	1.4587	0.7684	0.9369	
0.53	1.6339	2.3384	1.5756	0.7123	1.0897	
0.54	1.8326	2.1238	1.8346	0.6857	0.9738	
0.55	1.9995	2.2842	1.6708	0.6378	1.0078	
0.56	1.92	2.139	1.6411	0.5459	0.8307	
0.57	2.1751	1.8839	1.8057	0.3215	0.7873	
0.58	2.0657	1.9247	1.8626	0.1029	0.7382	
0.59	2.4275	1.5987	1.6761	-0.1588	0.6703	
0.6	2.2544	1.6108	1.7577	-0.4294	0.649	
0.61	2.6582	1.6178	1.7864	-0.6947	0.5133	
0.62	2.5122	1.4597	1.658	-0.9099	0.3693	
0.63	2.8211	1.1589	1.7806	-1.018	0.1966	
0.64	2.7675	1.0943	1.7101	-1.2726	0.0682	
0.65	2.9126	1.0004	1.4696	-1.2697	-0.0747	
0.66	2.9618	0.7704	1.4873	-1.3653	-0.2194	
0.67	2.8616	0.7497	1.3132	-1.2591	-0.4084	
0.68	2.5468	0.6953	1.1946	-1.1231	-0.573	
0.69	2.6228	0.6058	1.0471	-1.0224	-0.6706	
0.7	2.5657	0.5491	1.0482	-0.7158	-0.8857	
0.71	2.6594	0.5658	0.79	-0.4208	-0.9077	
0.72	2.7187	0.6285	0.6147	-0.0799	-1.0558	
0.73	2.348	0.5644	0.4648	0.2307	-1.2163	
0.74	2.454	0.6649	0.3144	0.5147	-1.2355	
0.75	2.283	0.6801	0.1374	0.7668	-1.4265	
0.76	2.2901	0.9036	-0.0329	0.9097	-1.5159	
0.77	1.8724	0.9534	-0.1895	1.11	-1.3807	
0.78	1.8609	1.1935	-0.3462	1.1888	-1.4497	
0.79	1.7741	1.2337	-0.5387	1.3349	-1.4161	
0.8	1.6747	1.4221	-0.6095	1.2889	-1.2758	
0.81	1.3833	1.3962	-0.7554	1.1835	-1.255	
0.82	1.3305	1.8037	-0.9766	0.9781	-1.3607	
0.83	1.1339	1.7576	-1.1017	0.9474	-1.0875	
0.84	0.924	2.0367	-1.1013	0.665	-1.0458	
0.85	0.9473	2.0926	-1.2273	0.47	-1.0311	
0.86	0.7481	2.4401	-1.2004	0.3893	-0.83	
0.87	0.5432	2.5208	-1.3216	0.2316	-0.6859	
0.88	0.4458	2.2935	-1.2078	0.1571	-0.4853	
0.89	0.3504	2.6628	-1.2932	0.1633	-0.3479	
0.9	0.2352	2.6761	-1.3036	0.2319	-0.1569	
0.91	0.1708	2.5232	-1.1746	0.3197	0.0105	
0.92	0.0897	2.3373	-1.283	0.4748	0.1612	
0.93	0.0137	2.5425	-1.142	0.6939	0.3559	
0.94	-0.0443	2.3339	-1.0226	0.9965	0.4782	
0.95	-0.0801	2.4518	-0.876	1.3553	0.6794	
0.96	-0.1102	2.3319	-0.8168	1.5759	0.8043	
0.97	-0.1464	1.9887	-0.7532	1.9451	0.8477	
0.98	-0.146	2.1751	-0.6252	2.3928	1.0041	
0.99	-0.1429	1.98	-0.4197	2.2414	1.0633	
1.0	-0.1079	1.8629	-0.3101	2.5335	1.0792	
1.01	-0.0756	1.6834	-0.1815	2.7451	1.0362	
1.02	-0.0384	1.4938	-0.0424	3.084	1.2142	
1.03	0.0077	1.2336	0.0841	3.0157	1.1586	
1.04	0.0681	1.0874	0.2248	2.9049	1.1023	
1.05	0.1379	0.8557	0.3605	2.4409	0.9445	
1.06	0.2042	0.7393	0.4581	2.5647	0.8736	
1.07	0.2966	0.6065	0.5967	2.1397	0.8121	
1.08	0.3864	0.4858	0.6632	1.7771	0.6569	
1.09	0.4021	0.4249	0.7483	1.6353	0.6051	
1.1	0.493	0.3872	0.7996	1.381	0.4711	
1.11	0.5631	0.3264	0.8526	1.0249	0.2969	
1.12	0.721	0.3016	0.9226	0.9442	0.1048	
1.13	0.7158	0.3207	0.982	0.7143	-0.0879	
1.14	0.7237	0.322	0.9941	0.7219	-0.2724	
1.15	0.8334	0.3805	0.9209	0.7396	-0.4679	
1.16	0.9737	0.3927	0.9509	0.7924	-0.6394	
1.17	1.0006	0.53	0.9836	0.9124	-0.8997	
1.18	0.9437	0.6718	0.9323	1.1103	-0.9511	
1.19	0.9815	0.7291	0.8826	1.1738	-1.2054	
1.2	1.0416	0.9252	0.8202	1.4588	-1.395	
1.21	1.0415	1.0601	0.7246	1.6215	-1.4213	
1.22	0.8615	1.0915	0.6021	1.7013	-1.4499	
1.23	0.8742	1.3145	0.538	1.7983	-1.541	
1.24	0.9081	1.3097	0.3859	2.1537	-1.6774	
1.25	0.7369	1.4366	0.2934	1.915	-1.684	
1.26	0.7549	1.6344	0.1762	2.1629	-1.7053	
1.27	0.6896	1.8018	0.0826	1.8756	-2.0167	
1.28	0.5175	1.8695	-0.0146	1.6195	-1.8098	
1.29	0.4924	1.7416	-0.1232	1.5647	-1.841	
1.3	0.3433	1.9912	-0.2216	1.0566	-1.8471	
1.31	0.2345	1.9693	-0.2797	0.916	-1.8279	
1.32	0.1179	1.9394	-0.3793	0.5255	-1.728	
1.33	-0.0142	1.7934	-0.4402	0.1921	-1.6675	
1.34	-0.1433	1.7568	-0.528	-0.1017	-1.7234	
1.35	-0.2557	1.7177	-0.4861	-0.3677	-1.4633	
1.36	-0.4567	1.8505	-0.5263	-0.6171	-1.2585	
1.37	-0.5612	1.6968	-0.5542	-0.7144	-1.1584	
1.38	-0.6525	1.5368	-0.5627	-0.7919	-1.1644	
1.39	-0.7527	1.404	-0.5841	-0.7575	-0.9623	
1.4	-0.9826	1.1503	-0.518	-0.7213	-0.8381	
1.41	-1.084	1.029	-0.5123	-0.5292	-0.7891	
1.42	-1.1839	0.7798	-0.4505	-0.3411	-0.6506	
1.43	-1.2024	0.6684	-0.3722	-0.1301	-0.6605	
1.44	-1.3553	0.4425	-0.3326	0.1088	-0.5485	
1.45	-1.451	0.2855	-0.248	0.3668	-0.453	
1.46	-1.4942	0.1277	-0.1508	0.6187	-0.4071	
1.47	-1.4529	-0.0213	-0.0845	0.7058	-0.323	
1.48	-1.5333	-0.1553	0.0151	0.8425	-0.3358	
1.49	-1.5587	-0.2359	0.1071	0.9251	-0.2912	
1.5	-1.6075	-0.36	0.2191	0.9131	-0.3149	
1.51	-1.5022	-0.4522	0.2992	0.927	-0.3056	
1.52	-1.5665	-0.4445	0.4194	0.8299	-0.3055	
1.53	-1.6255	-0.4326	0.4571	0.7392	-0.3311	
1.54	-1.3055	-0.5089	0.4988	0.5335	-0.3966	
1.55	-1.3725	-0.444	0.6299	0.3676	-0.3642	
1.56	-1.3198	-0.4105	0.7322	0.1174	-0.416	
1.57	-1.3041	-0.3172	0.6643	-0.0917	-0.5213	
1.58	-1.1693	-0.2247	0.7018	-0.2889	-0.4961	
1.59	-0.9266	-0.1197	0.8028	-0.3822	-0.5863	
1.6	-0.8507	-0.0103	0.7826	-0.5257	-0.6878	
1.61	-0.7741	0.1232	0.7093	-0.4757	-0.6907	
1.62	-0.6248	0.2727	0.7696	-0.4608	-0.724	
1.63	-0.5437	0.37	0.6962	-0.3579	-0.6444	
1.64	-0.4448	0.5329	0.6431	-0.1684	-0.7422	
1.65	-0.297	0.6918	0.5495	0.0783	-0.7465	
1.66	-0.189	0.7889	0.385	0.3641	-0.65	
1.67	-0.0643	0.8989	0.3153	0.6764	-0.6811	
1.68	0.0461	0.9704	0.1671	1.0675	-0.5732	
1.69	0.1504	1.0611	0.0187	1.3746	-0.5241	
1.7	0.2594	1.0504	-0.1296	1.696	-0.3957	
1.71	0.322	1.1047	-0.2762	1.9759	-0.2549	
1.72	0.3695	1.2895	-0.4947	1.9806	-0.1434	
1.73	0.425	1.3012	-0.6496	2.4493	0.0113	
1.74	0.5261	1.1812	-0.7642	2.4139	0.1666	
1.75	0.5616	1.1428	-1.0511	2.5308	0.3576	
1.76	0.5634	1.1064	-1.1488	2.3968	0.4981	
1.77	0.5447	0.8724	-1.3182	2.004	0.7267	
1.78	0.5417	0.7767	-1.5542	1.9187	0.889	
1.79	0.5556	0.6752	-1.8411	1.9084	1.263	
1.8	0.5193	0.5982	-1.9635	1.6611	1.459	
1.81	0.56	0.4119	-1.9884	1.3463	1.5641	
1.82	0.4962	0.2347	-1.961	1.1946	1.863	
1.83	0.4128	0.0768	-2.4309	1.0775	1.7713	
1.84	0.3896	-0.0795	-2.2602	0.9722	2.1906	
1.85	0.2823	-0.2155	-2.2905	0.9805	2.3203	
1.86	0.1881	-0.3526	-2.4205	0.9226	2.2893	
1.87	0.0995	-0.5522	-2.7515	0.9098	2.4393	
1.88	0.0124	-0.6193	-2.5083	1.1871	2.6488	
1.89	-0.0842	-0.7848	-2.8713	1.3264	2.8728	
1.9	-0.1906	-0.8428	-2.6011	1.6433	2.8109	
1.91	-0.3044	-0.9412	-2.6563	1.874	2.741	
1.92	-0.3566	-1.0551	-2.7962	2.1126	2.9903	
1.93	-0.4842	-1.0309	-2.3493	2.31	3.0055	
1.94	-0.5352	-0.9495	-2.2668	2.522	3.1064	
1.95	-0.6534	-0.9845	-2.29	2.6649	3.0765	
1.96	-0.6742	-0.9096	-2.3751	2.4983	2.7247	
1.97	-0.8768	-0.8129	-2.125	2.7934	2.4345	
1.98	-0.8674	-0.7826	-2.2855	2.829	2.8117	
1.99	-0.9675	-0.5764	-1.8476	2.424	2.2068	
2.0	-0.8639	-0.545	-1.7204	2.549	2.0993	
2.01	-0.9683	-0.3396	-1.7201	2.3687	2.122	
2.02	-1.0948	-0.2202	-1.5173	1.8018	1.8175	
2.03	-0.9133	-0.0656	-1.4464	1.466	1.757	
2.04	-1.07	0.0882	-1.2557	1.2128	1.5218	
2.05	-1.0044	0.251	-1.1722	0.8418	1.1493	
2.06	-0.8386	0.4011	-1.1218	0.6716	0.9494	
2.07	-0.8836	0.4897	-0.8631	0.3688	0.7971	
2.08	-0.8942	0.7169	-0.9012	0.123	0.5742	
2.09	-0.7873	0.8225	-0.7732	-0.0223	0.3492	
2.1	-0.6514	0.8401	-0.7011	-0.1016	0.1754	
2.11	-0.5475	0.9961	-0.5438	-0.119	-0.0073	
2.12	-0.446	0.9711	-0.468	-0.081	-0.1738	
2.13	-0.3796	1.0581	-0.4871	0.0174	-0.3274	
2.14	-0.2623	1.0105	-0.4214	0.1542	-0.4705	
2.15	-0.1377	0.9168	-0.4449	0.3526	-0.5992	
2.16	-0.0231	0.8762	-0.3903	0.4823	-0.7448	
2.17	0.0986	0.9081	-0.3591	0.7164	-0.7397	
2.18	0.2144	0.7813	-0.4415	0.9118	-0.8009	
2.19	0.3515	0.7042	-0.4616	0.9466	-0.906	
2.2	0.4904	0.6555	-0.461	0.9802	-0.8087	
2.21	0.5705	0.4928	-0.4954	1.1228	-0.8899	
2.22	0.5997	0.3635	-0.5205	0.9349	-0.8901	
2.23	0.7546	0.1786	-0.5813	0.8734	-0.8031	
2.24	0.9003	0.0522	-0.5927	0.7085	-0.7551	
2.25	0.8793	-0.0999	-0.719	0.4488	-0.8137	
2.26	1.0177	-0.2077	-0.7661	0.1995	-0.6575	
2.27	0.9749	-0.3831	-0.7297	-0.0608	-0.6378	
2.28	1.1283	-0.4555	-0.7581	-0.3313	-0.4991	
2.29	1.0189	-0.574	-0.8645	-0.595	-0.4602	
2.3	1.0746	-0.6243	-0.8587	-0.8339	-0.4233	
2.31	1.2093	-0.6938	-0.9089	-1.0166	-0.3379	
2.32	1.0604	-0.7547	-0.8896	-1.1279	-0.2736	
2.33	1.0074	-0.7672	-0.9246	-1.3358	-0.2146	
2.34	1.0466	-0.735	-0.967	-1.3854	-0.1487	
2.35	0.8689	-0.8194	-0.8561	-1.1589	-0.0992	
2.36	0.9688	-0.726	-0.7494	-1.0685	-0.0834	
2.37	0.7385	-0.6321	-0.8281	-0.8466	-0.0661	
2.38	0.7574	-0.5599	-0.6383	-0.6505	-0.0582	
2.39	0.5778	-0.4457	-0.5567	-0.3418	-0.0808	
2.4	0.4758	-0.2654	-0.5058	-0.0773	-0.1075	
2.41	0.3782	-0.1237	-0.4109	0.2218	-0.1449	
2.42	0.2338	0.0205	-0.2658	0.4875	-0.214	
2.43	0.1335	0.1975	-0.092	0.6961	-0.276	
2.44	-0.0027	0.392	0.0534	0.8296	-0.331	
2.45	-0.1275	0.5481	0.2274	0.9338	-0.3969	
2.46	-0.2865	0.7296	0.4073	1.1383	-0.5148	
2.47	-0.4373	0.7784	0.6045	1.0432	-0.6334	
2.48	-0.5449	1.0379	0.7225	0.9274	-0.7133	
2.49	-0.6274	1.1965	0.8913	0.8185	-0.8037	
2.5	-0.7274	1.2319	1.095	0.6467	-0.9501	
2.51	-0.9399	1.2477	1.3204	0.517	-0.9697	
2.52	-0.9542	1.366	1.6171	0.3031	-1.1387	
2.53	-1.1081	1.4487	1.678	0.1496	-1.2272	
2.54	-1.1623	1.4208	1.814	-0.0248	-1.1634	
2.55	-1.2324	1.5203	1.843	-0.1553	-1.4423	
2.56	-1.1611	1.5033	2.2375	-0.2313	-1.2313	
2.57	-1.3912	1.5437	2.3788	-0.2381	-1.2772	
2.58	-1.4879	1.3456	2.3421	-0.1704	-1.3585	
2.59	-1.3431	1.4866	2.4285	-0.0279	-1.347	
2.6	-1.4183	1.2813	2.4644	0.1557	-1.2503	
2.61	-1.2449	1.0471	2.6983	0.3856	-1.4481	
2.62	-1.3874	0.9946	2.7566	0.6865	-1.2382	
2.63	-1.2445	0.8704	2.7789	1.0451	-1.1439	
2.64	-1.2924	0.7081	2.8705	1.1722	-1.0431	
2.65	-1.1588	0.622	2.7143	1.4343	-1.1163	
2.66	-1.1114	0.4699	2.8107	1.9293	-0.9512	
2.67	-1.0271	0.3475	2.4819	1.9983	-0.7285	
2.68	-1.0611	0.2676	2.4351	2.3266	-0.6565	
2.69	-0.8965	0.1371	2.3168	2.1055	-0.489	
2.7	-0.8986	0.0531	2.3458	2.4462	-0.3071	
2.71	-0.7134	-0.0128	2.3828	2.0453	-0.1753	
2.72	-0.742	-0.0693	2.0092	2.2623	-0.0344	
2.73	-0.6122	-0.0965	2.0833	1.9853	0.1125	
2.74	-0.5523	-0.1086	1.6427	1.7911	0.2402	
2.75	-0.4423	-0.0938	1.6437	1.4341	0.3799	
2.76	-0.3637	-0.0467	1.5043	1.1241	0.5144	
2.77	-0.265	0.0179	1.266	0.8656	0.6646	
2.78	-0.2316	0.1043	1.1404	0.5628	0.6832	
2.79	-0.1763	0.1964	1.1355	0.423	0.8344	
2.8	-0.1291	0.3519	0.965	0.2149	0.8677	
2.81	-0.0984	0.4357	0.7332	0.1178	0.9174	
2.82	-0.0771	0.5876	0.6404	0.0675	0.8532	
2.83	-0.064	0.8404	0.4783	0.0919	0.8666	
2.84	-0.0688	1.04	0.4254	0.1616	0.8571	
2.85	-0.0818	1.1327	0.3437	0.2866	0.7868	
2.86	-0.1199	1.3737	0.2688	0.4545	0.75	
2.87	-0.1497	1.5726	0.1664	0.5935	0.6777	
2.88	-0.2028	1.5343	0.1326	0.7799	0.4883	
2.89	-0.2466	1.6562	0.099	0.9103	0.3533	
2.9	-0.3722	1.9134	0.0674	1.1753	0.2552	
2.91	-0.4154	2.1119	0.0601	1.2599	0.091	
2.92	-0.5477	1.8672	0.0619	1.2416	-0.0804	
2.93	-0.6122	2.1829	0.0875	1.1939	-0.2518	
2.94	-0.7564	2.2768	0.1132	1.1774	-0.4768	
2.95	-0.9241	2.2749	0.168	1.0975	-0.6042	
2.96	-0.9158	2.3029	0.1936	0.7631	-0.8014	
2.97	-1.1162	2.2144	0.2583	0.5821	-0.898	
2.98	-1.3319	2.1194	0.3297	0.2358	-1.251	
2.99	-1.4665	1.9869	0.3801	-0.1235	-1.3076	
3.0	-1.3961	2.1427	0.5084	-0.4391	-1.3846	
3.01	-1.7428	1.7342	0.5954	-0.7502	-1.4853	
3.02	-1.7443	1.8892	0.6557	-1.072	-1.8028	
3.03	-1.8804	1.5527	0.7442	-1.4551	-1.9248	
3.04	-1.9167	1.5671	0.7627	-1.645	-1.9679	
3.05	-1.9006	1.3523	0.9023	-1.7686	-2.027	
3.06	-2.2453	1.1857	0.8844	-1.7378	-2.0128	
3.07	-2.3104	1.0706	0.9755	-1.7471	-1.8592	
3.08	-2.4147	0.9145	1.0051	-1.5499	-1.9925	
3.09	-2.3209	0.7456	1.0125	-1.4584	-1.8295	
3.1	-2.4152	0.621	1.0525	-1.3935	-1.8061	
3.11	-2.5184	0.4937	0.9456	-1.1419	-1.7341	
3.12	-2.2733	0.4324	0.9592	-0.8168	-1.5624	
3.13	-2.5941	0.3875	1.0413	-0.695	-1.56	
3.14	-2.5562	0.3592	0.8965	-0.4138	-1.2446	
3.15	-2.2987	0.3412	0.8406	-0.2724	-1.2492	
3.16	-2.4383	0.3694	0.7534	-0.1864	-0.9653	
3.17	-2.1422	0.4175	0.7465	-0.13	-0.8594	
3.18	-2.2647	0.4463	0.6807	-0.1294	-0.7499	
3.19	-1.9393	0.5284	0.5733	-0.1904	-0.4874	
3.2	-2.1053	0.5753	0.4657	-0.3065	-0.348	
3.21	-1.9372	0.7196	0.3266	-0.507	-0.1444	
3.22	-1.9042	0.8188	0.1849	-0.6771	0.0431	
3.23	-1.5287	1.0265	0.0641	-0.8751	0.23	
3.24	-1.5935	1.1762	-0.0688	-1.0874	0.4106	
3.25	-1.533	1.2579	-0.2042	-1.3294	0.5955	
3.26	-1.2416	1.4736	-0.353	-1.5331	0.6388	
3.27	-1.1623	1.5989	-0.4456	-1.6381	0.8804	
3.28	-0.9232	1.7978	-0.5382	-1.8314	0.902	
3.29	-0.8516	1.7262	-0.7336	-1.8709	1.1152	
3.3	-0.7621	1.8884	-0.805	-1.7633	1.1174	
3.31	-0.5854	1.9493	-0.9186	-1.7524	1.1483	
3.32	-0.5081	2.2817	-0.8967	-1.4682	1.1566	
3.33	-0.3708	2.0773	-1.1174	-1.147	1.14	
3.34	-0.3127	2.4838	-1.0566	-0.8768	1.2026	
3.35	-0.192	2.2393	-1.0413	-0.5263	1.1717	
3.36	-0.132	2.4692	-1.1637	-0.229	1.3568	
3.37	-0.0584	2.1507	-1.2286	0.0725	1.2023	
3.38	0.0002	2.3787	-1.0983	0.3668	1.1064	
3.39	0.0488	2.064	-1.1095	0.5486	1.1884	
3.4	0.0852	2.1012	-1.0701	0.7402	1.0933	
3.41	0.1024	1.7871	-1.0091	0.8713	0.9831	
3.42	0.1174	1.7459	-0.9629	0.8831	1.0163	
3.43	0.115	1.553	-0.833	0.8856	0.92	
3.44	0.0965	1.5137	-0.6591	0.8997	0.9638	
3.45	0.0696	1.3715	-0.5686	0.6524	0.8047	
3.46	0.0388	1.1098	-0.4035	0.5961	0.8703	
3.47	-0.0078	0.9783	-0.3306	0.3103	0.7328	
3.48	-0.0553	0.7375	-0.1493	0.1306	0.7649	
3.49	-0.1241	0.6293	-0.0089	-0.0987	0.7634	
3.5	-0.1913	0.4737	0.1329	-0.2484	0.858	
3.51	-0.2457	0.3193	0.3068	-0.4048	0.8592	
3.52	-0.2894	0.2562	0.423	-0.5322	0.8461	
3.53	-0.3823	0.1244	0.6055	-0.6013	0.86	
3.54	-0.5001	0.0613	0.7423	-0.5035	0.9578	
3.55	-0.5165	0.0105	0.7974	-0.4203	1.0367	
3.56	-0.615	-0.0188	1.0737	-0.2543	1.234	
3.57	-0.5833	-0.0225	1.1209	-0.093	1.2058	
3.58	-0.7315	-0.0063	1.1308	0.1499	1.3684	
3.59	-0.7517	0.0353	1.3997	0.3783	1.3713	
3.6	-0.8423	0.0894	1.457	0.6161	1.5785	
3.61	-0.8054	0.17	1.363	0.9044	1.6436	
3.62	-0.8806	0.2573	1.551	1.025	1.8431	
3.63	-0.86	0.3807	1.5698	1.1373	1.9655	
3.64	-0.8658	0.4771	1.6294	1.1702	2.1082	
3.65	-0.8529	0.5981	1.3594	1.3257	1.8432	
3.66	-0.7119	0.8185	1.3816	1.2854	2.316	
3.67	-0.6731	0.8453	1.3031	1.0416	2.236	
3.68	-0.6998	0.905	1.4428	0.9969	2.0936	
3.69	-0.5974	1.1872	1.2023	0.6633	2.1662	
3.7	-0.4799	1.165	1.135	0.3494	2.1802	
3.71	-0.371	1.3996	1.0419	0.0318	2.0115	
3.72	-0.2744	1.5039	0.8704	-0.3264	2.1817	
3.73	-0.1518	1.3468	0.7271	-0.6578	2.0277	
3.74	-0.0242	1.4733	0.7026	-0.8615	2.1413	
3.75	0.1231	1.3872	0.5848	-1.1873	1.8262	
3.76	0.2527	1.366	0.3619	-1.3303	1.7543	
3.77	0.4296	1.5824	0.2355	-1.6107	1.5513	
3.78	0.5353	1.265	0.1153	-1.565	1.3464	
3.79	0.697	1.2845	-0.0292	-1.5264	1.3094	
3.8	0.9268	1.1604	-0.1561	-1.458	1.0799	
3.81	1.104	1.1874	-0.2683	-1.2693	0.9402	
3.82	1.1647	0.9521	-0.4273	-1.1232	0.6513	
3.83	1.3617	0.787	-0.5266	-1.0126	0.3709	
3.84	1.4062	0.6014	-0.5956	-0.8378	0.1665	
3.85	1.5791	0.4199	-0.7481	-0.6703	-0.0836	
3.86	1.7015	0.2564	-0.8507	-0.5506	-0.3332	
3.87	1.755	0.0695	-0.91	-0.4146	-0.6136	
3.88	1.9534	-0.1043	-0.8651	-0.383	-0.7799	
3.89	1.9552	-0.3102	-0.8796	-0.4465	-0.9679	
3.9	2.1719	-0.4642	-0.9049	-0.456	-1.1417	
3.91	2.4351	-0.6202	-0.9235	-0.698	-1.5493	
3.92	2.4685	-0.7688	-1.0523	-0.7915	-1.7597	
3.93	2.5707	-0.8692	-0.9801	-1.073	-1.6895	
3.94	2.4159	-0.9088	-0.9502	-1.3619	-2.1231	
3.95	2.4304	-1.0628	-0.8649	-1.6152	-2.1517	
3.96	2.6506	-1.1575	-0.7707	-2.1122	-2.3072	
3.97	2.6505	-1.241	-0.7558	-2.2471	-2.3177	
3.98	2.4046	-1.1135	-0.6809	-2.3669	-2.3079	
3.99	2.2931	-1.1928	-0.6597	-2.7355	-2.1641	
4.0	2.243	-1.1554	-0.5927	-3.0391	-2.4921	
4.01	2.2352	-1.0827	-0.5782	-2.6692	-2.3995	
4.02	2.4641	-0.9378	-0.4282	-2.8589	-2.1848	
4.03	2.474	-0.8081	-0.3875	-2.5097	-2.3129	
4.04	2.3835	-0.7576	-0.3276	-2.5867	-2.0414	
4.05	1.9538	-0.6805	-0.3162	-2.2011	-1.9902	
4.06	1.8194	-0.5405	-0.2467	-2.152	-1.8719	
4.07	1.8353	-0.3915	-0.2115	-1.8471	-1.773	
4.08	1.8753	-0.3181	-0.1983	-1.5844	-1.664	
4.09	1.537	-0.1811	-0.1885	-1.329	-1.5017	
4.1	1.7186	-0.0769	-0.2252	-1.0101	-1.3746	
4.11	1.6365	0.0259	-0.2464	-0.8054	-1.0242	
4.12	1.4663	0.102	-0.2451	-0.5827	-0.9762	
4.13	1.2652	0.1891	-0.3195	-0.5301	-0.8767	
4.14	1.2721	0.2083	-0.3519	-0.4229	-0.7275	
4.15	1.1121	0.2411	-0.4445	-0.4741	-0.5597	
4.16	1.0874	0.2642	-0.4949	-0.6007	-0.45	
4.17	1.1362	0.235	-0.6353	-0.6602	-0.341	
4.18	0.9591	0.168	-0.8055	-0.8032	-0.2338	
4.19	1.1095	0.1065	-0.9157	-0.9613	-0.1624	
4.2	0.9694	0.0279	-0.8971	-1.2811	-0.1007	
4.21	1.0144	-0.0782	-1.0785	-1.5144	-0.0494	
4.22	1.061	-0.2317	-1.2118	-1.5436	-0.028	
4.23	1.0584	-0.3537	-1.5104	-1.7882	-0.0159	
4.24	0.9911	-0.5662	-1.6333	-1.6971	-0.0259	
4.25	1.0943	-0.6414	-1.8003	-1.6354	-0.0494	
4.26	1.1043	-0.8142	-1.7686	-1.7434	-0.0738	
4.27	1.1584	-0.9854	-1.8828	-1.5702	-0.1209	
4.28	1.1601	-1.307	-1.9793	-1.2797	-0.1956	
4.29	1.3194	-1.4021	-2.0666	-1.0458	-0.2569	
4.3	1.542	-1.4231	-2.6018	-0.6224	-0.336	
4.31	1.4571	-1.6371	-2.3054	-0.3732	-0.4145	
4.32	1.7425	-2.0395	-2.8211	-0.0465	-0.5165	
4.33	1.6404	-1.8858	-2.4556	0.263	-0.5559	
4.34	1.6538	-1.9961	-2.9135	0.5198	-0.6035	
4.35	1.7271	-2.1065	-3.0066	0.657	-0.6752	
4.36	1.8484	-2.0577	-3.035	0.8816	-0.7673	
4.37	1.9234	-2.3383	-2.6251	1.0174	-0.7356	
4.38	2.0674	-2.2023	-2.7772	0.9073	-0.7784	
4.39	2.1191	-2.0942	-2.9758	0.8746	-0.8561	
4.4	2.3782	-2.3021	-2.5207	0.7873	-0.9284	
4.41	2.5083	-2.3477	-2.8762	0.4965	-0.9523	
4.42	2.6493	-1.9575	-2.5756	0.3099	-0.8988	
4.43	2.6169	-1.9672	-2.6898	0.0554	-0.9098	
4.44	2.4989	-1.9512	-2.5533	-0.2286	-0.7409	
4.45	2.282	-1.6518	-2.0839	-0.4622	-0.779	
4.46	2.4623	-1.734	-1.9313	-0.7593	-0.724	
4.47	2.4334	-1.5349	-1.8834	-0.9582	-0.6126	
4.48	2.6075	-1.4642	-1.7893	-0.9578	-0.4972	
4.49	2.419	-1.3262	-1.6372	-1.0011	-0.3977	
4.5	2.4115	-1.0985	-1.3246	-1.1093	-0.2721	
4.51	2.0703	-0.9593	-1.2697	-1.1195	-0.147	
4.52	2.259	-0.9278	-0.9518	-0.8809	-0.0289	
4.53	2.0614	-0.8176	-0.8926	-0.8311	0.0979	
4.54	2.178	-0.7208	-0.6343	-0.6856	0.2129	
4.55	2.0371	-0.6396	-0.4421	-0.4035	0.3087	
4.56	1.8309	-0.6023	-0.3047	-0.2132	0.3964	
4.57	1.6571	-0.6878	-0.1412	-0.0547	0.4922	
4.58	1.5748	-0.6637	0.0178	0.0946	0.6026	
4.59	1.3458	-0.7048	0.1662	0.2097	0.6567	
4.6	1.1581	-0.7897	0.3162	0.21	0.7371	
4.61	1.1045	-0.7663	0.4045	0.1878	0.7586	
4.62	0.8559	-0.8396	0.5126	0.0982	0.7876	
4.63	0.6747	-0.941	0.5382	-0.0644	0.8472	
4.64	0.5724	-1.1713	0.7247	-0.2673	0.8709	
4.65	0.3968	-1.3914	0.7029	-0.5517	0.8598	
4.66	0.2376	-1.34	0.7773	-0.8612	0.8255	
4.67	0.0815	-1.5165	0.7748	-1.2314	0.738	
4.68	-0.051	-1.8234	0.7636	-1.4003	0.6491	
4.69	-0.1639	-2.0602	0.7952	-1.7212	0.5563	
4.7	-0.3112	-2.1625	0.7743	-2.2993	0.4344	
4.71	-0.3804	-2.3763	0.783	-2.1848	0.3162	
4.72	-0.4805	-2.4697	0.699	-2.5452	0.1647	
4.73	-0.6105	-2.3508	0.7535	-2.4786	0.0337	
4.74	-0.5901	-2.4397	0.6847	-2.749	-0.1256	
4.75	-0.6559	-2.3995	0.5363	-2.6282	-0.2473	
4.76	-0.7431	-2.8693	0.4891	-2.2982	-0.445	
4.77	-0.8484	-2.9904	0.4828	-2.3266	-0.5645	
4.78	-0.7501	-2.8887	0.4395	-2.2606	-0.7061	
4.79	-0.7792	-2.552	0.3808	-1.8331	-0.8501	
4.8	-0.7796	-2.5704	0.3654	-1.7855	-0.9891	
4.81	-0.8186	-2.7361	0.332	-1.4237	-1.1645	
4.82	-0.7653	-2.6801	0.2789	-1.3129	-1.0607	
4.83	-0.6466	-2.31	0.2353	-1.1025	-1.104	
4.84	-0.6862	-2.2459	0.2526	-1.0891	-1.3777	
4.85	-0.5616	-2.3596	0.2351	-0.8678	-1.4192	
4.86	-0.4686	-1.9586	0.2722	-1.0592	-1.3733	
4.87	-0.3932	-1.7909	0.2836	-1.137	-1.2065	
4.88	-0.3977	-1.6592	0.3161	-1.2221	-1.3319	
4.89	-0.2826	-1.4529	0.3429	-1.3568	-1.089	
4.9	-0.2286	-1.3023	0.428	-1.7323	-1.1771	
4.91	-0.1458	-1.2039	0.4736	-1.8034	-1.007	
4.92	-0.0677	-1.2135	0.6005	-2.1721	-0.9698	
4.93	0.0065	-1.0562	0.6458	-2.4457	-0.7094	
4.94	0.0642	-0.8119	0.8126	-2.2765	-0.6032	
4.95	0.1221	-0.7459	0.963	-2.3511	-0.3948	
4.96	0.1802	-0.7246	1.1094	-2.6557	-0.1917	
4.97	0.227	-0.6247	1.2097	-2.3264	-0.0059	
4.98	0.2653	-0.6615	1.2912	-2.4634	0.1838	
4.99	0.2744	-0.6299	1.5155	-2.1272	0.4147	
5.0	0.2546	-0.6645	1.4616	-1.856	0.6277	
5.01	0.2937	-0.7192	1.5753	-1.8008	0.8746	
5.02	0.2569	-0.8146	1.6187	-1.5554	1.0086	
5.03	0.2233	-0.9056	1.7883	-1.1012	1.298	
5.04	0.1947	-0.9089	2.1827	-0.7039	1.3996	
5.05	0.132	-0.947	2.2696	-0.4257	1.5039	
5.06	0.0622	-1.2051	2.2709	-0.1754	1.9239	
5.07	-0.0099	-1.38	2.45	0.0754	1.8297	
5.08	-0.0989	-1.3632	2.4445	0.2597	1.8511	
5.09	-0.1868	-1.4804	2.4958	0.3442	2.0422	
5.1	-0.3208	-1.7523	2.3934	0.4526	2.4343	
5.11	-0.4147	-1.9784	2.4113	0.4053	2.2509	
5.12	-0.5233	-1.9651	2.3209	0.2915	2.5674	
5.13	-0.5913	-1.8557	2.4941	0.1884	2.2032	
5.14	-0.7578	-2.2708	2.3609	0.0018	2.4458	
5.15	-0.9382	-2.3724	2.3626	-0.1791	2.2118	
5.16	-1.0074	-2.156	2.1275	-0.4227	2.096	
5.17	-1.1498	-2.1037	2.0926	-0.5766	2.4394	
5.18	-1.2129	-2.3962	1.9697	-0.7033	2.1751	
5.19	-1.3415	-2.0687	1.78	-0.8406	1.9018	
5.2	-1.4797	-2.3514	1.7755	-0.9421	1.8486	
5.21	-1.6251	-2.0631	1.7669	-0.8516	1.917	
5.22	-1.8653	-2.2715	1.5455	-0.809	1.6499	
5.23	-1.9737	-2.1296	1.3895	-0.6999	1.4087	
5.24	-1.7928	-1.7095	1.0842	-0.5348	1.3276	
5.25	-2.0189	-1.6554	1.0497	-0.267	1.3244	
5.26	-1.9427	-1.5337	0.8132	-0.0212	1.2512	
5.27	-1.9557	-1.428	0.6051	0.2346	0.9881	
5.28	-2.1136	-1.2077	0.4725	0.5386	0.9243	
5.29	-2.1257	-0.952	0.2844	0.7888	0.8193	
5.3	-2.1329	-0.8391	0.1365	1.0067	0.632	
5.31	-2.1067	-0.7704	-0.0243	1.0502	0.602	
5.32	-2.2221	-0.5498	-0.1624	1.2371	0.5075	
5.33	-1.8463	-0.3545	-0.3118	1.2649	0.4167	
5.34	-1.7685	-0.2619	-0.4311	1.1062	0.4028	
5.35	-2.0544	-0.1216	-0.463	1.0731	0.3264	
5.36	-1.768	-0.0367	-0.6322	0.7664	0.2893	
5.37	-1.8396	0.0422	-0.6125	0.5019	0.2869	
5.38	-1.6669	0.1065	-0.7188	0.2642	0.2889	
5.39	-1.3545	0.1313	-0.736	-0.0553	0.2572	
5.4	-1.4771	0.1522	-0.7649	-0.3583	0.3194	
5.41	-1.3127	0.1326	-0.7885	-0.6932	0.3368	
5.42	-1.1375	0.0766	-0.6894	-0.8433	0.3306	
5.43	-1.023	0.0233	-0.6896	-1.1076	0.369	
5.44	-0.886	-0.0493	-0.6069	-1.3711	0.4092	
5.45	-0.7027	-0.1505	-0.6258	-1.487	0.3851	
5.46	-0.6175	-0.2725	-0.5813	-1.3882	0.4493	
5.47	-0.5315	-0.384	-0.4428	-1.5079	0.4346	
5.48	-0.3581	-0.5255	-0.3831	-1.3177	0.5137	
5.49	-0.2555	-0.6756	-0.2731	-1.1368	0.4972	
5.5	-0.1499	-0.812	-0.1625	-1.0267	0.5037	
5.51	-0.0595	-0.8448	-0.0538	-0.7579	0.4885	
5.52	0.0223	-1.0438	0.0553	-0.5592	0.4362	
5.53	0.098	-1.2072	0.1708	-0.3961	0.3756	
5.54	0.1658	-1.3257	0.269	-0.2517	0.2761	
5.55	0.2175	-1.3166	0.3643	-0.1659	0.1955	
5.56	0.2227	-1.4778	0.4218	-0.1156	0.1066	
5.57	0.295	-1.4968	0.5708	-0.1466	-0.0084	
5.58	0.3083	-1.4038	0.6058	-0.2127	-0.1516	
5.59	0.2968	-1.5267	0.6977	-0.3495	-0.2803	
5.6	0.2459	-1.5542	0.7157	-0.6195	-0.4004	
5.61	0.259	-1.3791	0.7544	-0.8253	-0.6649	
5.62	0.2013	-1.3638	0.869	-1.1818	-0.8085	
5.63	0.1425	-1.1814	0.9033	-1.2466	-0.9278	
5.64	0.082	-1.1514	0.8656	-1.6861	-1.2446	
5.65	0.0221	-0.8934	0.7672	-1.9012	-1.4467	
5.66	-0.0506	-0.8582	0.7738	-1.9373	-1.5689	
5.67	-0.135	-0.6737	0.8117	-2.0928	-1.5816	
5.68	-0.2111	-0.4671	0.6902	-2.256	-2.0636	
5.69	-0.3128	-0.3138	0.6497	-2.3514	-1.9211	
5.7	-0.4271	-0.153	0.5594	-2.4623	-2.1215	
5.71	-0.4951	0.0196	0.5159	-2.4007	-2.5853	
5.72	-0.5417	0.1982	0.4328	-2.1113	-2.5094	
5.73	-0.6408	0.345	0.3367	-1.873	-2.4494	
5.74	-0.8434	0.4467	0.2801	-1.5988	-2.9172	
5.75	-0.8499	0.5994	0.1472	-1.3101	-2.5849	
5.76	-0.8866	0.715	0.0633	-0.9993	-2.6281	
5.77	-1.0562	0.8373	-0.0379	-0.6341	-2.9878	
5.78	-0.9618	0.9197	-0.1309	-0.398	-2.8038	
5.79	-1.0469	0.9653	-0.2346	-0.1736	-2.6841	
5.8	-1.1661	0.9027	-0.3299	-0.0186	-2.8591	
5.81	-1.279	0.8183	-0.4076	0.0795	-2.3541	
5.82	-1.2864	0.9303	-0.4262	0.1119	-2.4517	
5.83	-1.2384	0.8876	-0.5278	0.068	-2.4599	
5.84	-1.2589	0.7108	-0.5072	-0.0204	-2.2455	
5.85	-1.101	0.6489	-0.5431	-0.1588	-2.1505	
5.86	-1.0965	0.5565	-0.613	-0.3129	-1.7938	
5.87	-1.1343	0.3687	-0.5465	-0.51	-1.583	
5.88	-1.0626	0.2865	-0.5619	-0.6843	-1.5619	
5.89	-0.9086	0.1078	-0.5065	-0.8868	-1.1635	
5.9	-0.9143	-0.0279	-0.5132	-0.9521	-1.0595	
5.91	-0.8043	-0.1688	-0.4619	-1.0256	-0.7655	
5.92	-0.6676	-0.317	-0.3278	-1.1152	-0.5183	
5.93	-0.5958	-0.4632	-0.2585	-0.9981	-0.3863	
5.94	-0.4405	-0.6172	-0.1922	-0.8284	-0.1571	
5.95	-0.2921	-0.7341	-0.0653	-0.6855	0.0424	
5.96	-0.2152	-0.7174	0.0472	-0.4321	0.2172	
5.97	-0.0774	-0.849	0.1589	-0.1253	0.3525	
5.98	0.0402	-0.9514	0.2615	0.2102	0.5687	
5.99	0.1684	-0.9421	0.4553	0.5449	0.6572	
6.0	0.2671	-0.9813	0.5503	0.8598	0.7988	
6.01	0.3625	-0.8317	0.6584	1.1989	0.7838	
6.02	0.4817	-0.8126	0.8786	1.532	0.8725	
6.03	0.5912	-0.8069	1.0038	1.5345	0.9084	
6.04	0.7222	-0.6536	0.9488	1.7379	1.0802	
6.05	0.7819	-0.5854	1.1046	1.6951	0.9956	
6.06	0.9124	-0.5	1.2528	1.8424	0.916	
6.07	0.8824	-0.3497	1.2909	1.6452	0.9673	
6.08	0.9794	-0.24	1.2767	1.5448	0.9336	
6.09	0.9653	-0.0834	1.4308	1.5321	0.7688	
6.1	1.0177	0.069	1.4585	1.3258	0.8263	
6.11	0.9459	0.2055	1.5943	0.9975	0.7367	
6.12	1.0675	0.4097	1.4825	0.7409	0.548	
6.13	0.9344	0.5273	1.4307	0.4438	0.4684	
6.14	1.0125	0.6326	1.407	0.2937	0.3553	
6.15	0.819	0.6921	1.372	0.1374	0.2621	
6.16	0.849	0.8641	1.4115	0.0234	0.1606	
6.17	0.6766	0.8669	1.2866	-0.0162	0.042	
6.18	0.5962	1.0026	1.1352	0.0046	-0.0472	
6.19	0.5171	1.0888	0.893	0.0849	-0.1312	
6.2	0.4313	0.9595	0.8042	0.2031	-0.1943	
6.21	0.3049	1.1091	0.6596	0.4231	-0.252	
6.22	0.2039	0.9656	0.5484	0.6526	-0.3338	
6.23	0.0765	0.9228	0.4248	0.8231	-0.3486	
6.24	-0.0527	0.8607	0.2075	1.0782	-0.3541	
6.25	-0.1747	0.7077	0.0401	1.2395	-0.3506	
6.26	-0.3092	0.6033	-0.1293	1.2613	-0.3564	
6.27	-0.4051	0.5338	-0.3106	1.5577	-0.3117	
6.28	-0.5832	0.3345	-0.465	1.5177	-0.2865	
6.29	-0.7241	0.2008	-0.626	1.4131	-0.231	
6.3	-0.8676	0.0329	-0.7907	1.3117	-0.1897	
6.31	-0.8552	-0.1342	-0.9441	1.2498	-0.0902	
6.32	-0.9526	-0.3227	-1.1179	0.956	-0.0108	
6.33	-1.1281	-0.4212	-1.2082	0.6053	0.084	
6.34	-1.2184	-0.6482	-1.4162	0.346	0.1804	
6.35	-1.1289	-0.7661	-1.4732	0.0024	0.31	
6.36	-1.2129	-0.838	-1.8027	-0.2864	0.3645	
6.37	-1.3832	-0.8684	-1.8711	-0.663	0.4924	
6.38	-1.3808	-1.0007	-1.7774	-0.8897	0.6263	
6.39	-1.3587	-1.0088	-1.7555	-1.1343	0.6807	
6.4	-1.3261	-1.1312	-1.871	-1.2327	0.7873	
6.41	-1.4212	-1.0664	-1.8483	-1.225	0.7894	
6.42	-1.4057	-1.2031	-1.8269	-1.2234	0.8737	
6.43	-1.3452	-1.1058	-1.9863	-1.2568	0.9162	
6.44	-1.3302	-1.0424	-2.0675	-0.9843	0.9778	
6.45	-1.1125	-0.9707	-1.7675	-0.956	1.0081	
6.46	-1.046	-0.8669	-1.906	-0.7207	0.9621	
6.47	-1.0761	-0.7395	-1.7673	-0.4794	0.989	
6.48	-0.9859	-0.6251	-1.8665	-0.2369	0.8463	
6.49	-0.8767	-0.5923	-1.7237	-0.0052	0.8846	
6.5	-0.8057	-0.4428	-1.5002	0.1809	0.7389	
6.51	-0.6512	-0.2877	-1.5346	0.2968	0.7676	
6.52	-0.6304	-0.1409	-1.3581	0.3942	0.5741	
6.53	-0.5462	-0.001	-1.295	0.3919	0.5502	
6.54	-0.3799	0.1163	-1.2807	0.3614	0.3904	
6.55	-0.3382	0.2531	-1.1699	0.2793	0.3245	
6.56	-0.2121	0.329	-1.1031	0.139	0.2172	
6.57	-0.1555	0.4132	-1.1605	-0.058	0.0857	
6.58	-0.0638	0.4813	-1.1191	-0.2805	-0.0248	
6.59	-0.0042	0.4665	-0.9977	-0.4682	-0.1415	
6.6	0.0536	0.5758	-0.9641	-0.7276	-0.2382	
6.61	0.0984	0.5244	-0.9602	-0.9856	-0.317	
6.62	0.1432	0.4604	-0.981	-0.9622	-0.3644	
6.63	0.1421	0.4087	-0.9623	-1.1494	-0.4254	
6.64	0.1736	0.3731	-0.8432	-1.0701	-0.5308	
6.65	0.155	0.2599	-1.0023	-1.0378	-0.5866	
6.66	0.1423	0.1605	-1.0382	-0.9692	-0.5196	
6.67	0.1299	0.0185	-1.0568	-0.7776	-0.578	
6.68	0.0824	-0.1327	-1.079	-0.6017	-0.5834	
6.69	0.0389	-0.2724	-1.1489	-0.2421	-0.4717	
6.7	-0.0266	-0.4359	-1.2337	0.065	-0.4246	
6.71	-0.1056	-0.6802	-1.3999	0.3873	-0.3565	
6.72	-0.1788	-0.8309	-1.5233	0.7729	-0.2122	
6.73	-0.2559	-0.9274	-1.5797	1.1024	-0.1166	
6.74	-0.3783	-1.0475	-1.487	1.4513	0.026	
6.75	-0.4825	-1.1623	-1.7607	1.6861	0.1845	
6.76	-0.5646	-1.481	-1.7047	1.7648	0.3601	
6.77	-0.7696	-1.3954	-1.6643	1.8265	0.5456	
6.78	-0.7698	-1.5191	-2.0032	1.8204	0.7414	
6.79	-0.9525	-1.595	-1.8766	1.7062	0.8651	
6.8	-1.1409	-1.7571	-2.0734	1.8083	1.0213	
6.81	-1.2293	-1.7256	-2.1613	1.6847	1.2439	
6.82	-1.249	-1.8791	-2.12	1.3715	1.3598	
6.83	-1.3799	-1.9338	-2.3906	1.1249	1.7004	
6.84	-1.4309	-1.7226	-2.3013	1.0555	1.6745	
6.85	-1.4356	-1.6864	-2.2986	0.8695	2.0751	
6.86	-1.4793	-1.4913	-2.2949	0.634	2.1608	
6.87	-1.6461	-1.5675	-2.1751	0.645	1.9977	
6.88	-1.7241	-1.4101	-1.9265	0.5805	2.2899	
6.89	-1.9167	-1.2182	-2.0348	0.6694	2.2976	
6.9	-1.8585	-1.2031	-1.9539	0.6536	2.4469	
6.91	-2.0065	-1.0436	-1.6946	0.8304	2.3019	
6.92	-1.6827	-0.859	-1.7126	1.1537	2.2443	
6.93	-1.9052	-0.7694	-1.5338	1.2986	2.3644	
6.94	-1.7605	-0.5354	-1.4134	1.5081	2.3863	
6.95	-1.7394	-0.4073	-1.2044	1.7469	1.9848	
6.96	-1.6603	-0.3526	-1.1221	2.3127	2.2154	
6.97	-1.7903	-0.2479	-0.8421	2.2066	2.0164	
6.98	-1.5414	-0.161	-0.7171	2.7228	1.7208	
6.99	-1.5349	-0.0886	-0.5105	2.4103	1.7691	
7.0	-1.3138	-0.0576	-0.2658	2.9398	1.5756	
7.01	-1.234	-0.036	-0.0573	2.8013	1.2507	
7.02	-1.2153	-0.0495	0.1563	2.8161	0.9947	
7.03	-1.0521	-0.0739	0.3248	2.3171	0.7872	
7.04	-0.8485	-0.1348	0.5444	2.0716	0.6418	
7.05	-0.7223	-0.1978	0.7179	2.1298	0.4591	
7.06	-0.6171	-0.2964	0.9297	1.6311	0.2049	
7.07	-0.3975	-0.4384	1.1069	1.2831	0.0104	
7.08	-0.272	-0.5158	1.3211	1.0907	-0.18	
7.09	-0.1415	-0.7412	1.4667	0.7569	-0.3894	
7.1	-0.0144	-0.8775	1.4488	0.5339	-0.5727	
7.11	0.1077	-1.0575	1.4876	0.3802	-0.7152	
7.12	0.2221	-1.1322	1.8488	0.2016	-0.9111	
7.13	0.374	-1.3974	1.9486	0.1441	-0.9976	
7.14	0.5181	-1.4236	1.707	0.1292	-1.2576	
7.15	0.5488	-1.6215	1.73	0.1799	-1.2916	
7.16	0.6723	-1.5507	2.0716	0.2916	-1.505	
7.17	0.7353	-1.9079	2.1004	0.4663	-1.3788	
7.18	0.8388	-2.057	1.8228	0.6302	-1.3536	
7.19	0.7902	-1.9227	1.8934	0.8238	-1.4191	
7.2	0.9301	-1.8826	1.6836	1.0418	-1.4568	
7.21	0.8669	-2.2457	1.6957	1.2455	-1.4011	
7.22	0.9421	-2.0889	1.7983	1.36	-1.3886	
7.23	0.994	-2.1661	1.4781	1.4305	-1.5021	
7.24	0.9167	-1.8511	1.5463	1.4167	-1.4162	
7.25	0.8689	-1.8555	1.5759	1.2379	-1.29	
7.26	0.857	-1.7411	1.41	1.1061	-1.4129	
7.27	0.8975	-1.6369	1.2274	1.0593	-1.1826	
7.28	0.8758	-1.6373	1.145	0.8744	-1.2694	
7.29	0.6957	-1.5449	1.1295	0.5753	-1.1995	
7.3	0.7093	-1.5328	0.8889	0.2907	-1.0951	
7.31	0.5938	-1.1455	0.8331	-0.0284	-1.1197	
7.32	0.5566	-1.1655	0.756	-0.343	-1.1298	
7.33	0.4252	-0.9219	0.6581	-0.5773	-0.9942	
7.34	0.4194	-0.712	0.6007	-0.7279	-1.033	
7.35	0.3317	-0.5969	0.6142	-0.8605	-0.9297	
7.36	0.2341	-0.4943	0.5135	-0.9175	-0.9836	
7.37	0.2071	-0.3346	0.5242	-1.085	-1.0097	
7.38	0.1395	-0.2168	0.5388	-0.896	-0.9154	
7.39	0.0773	-0.114	0.4747	-0.8452	-1.0777	
7.4	0.0453	-0.0516	0.4537	-0.6689	-1.0624	
7.41	0.0083	0.0065	0.5393	-0.3781	-1.0283	
7.42	-0.0159	0.0367	0.4956	-0.1286	-1.12	
7.43	-0.0297	0.0402	0.6312	0.153	-1.2031	
7.44	-0.0315	0.0307	0.6507	0.4737	-1.3222	
7.45	-0.0179	-0.0098	0.7614	0.6479	-1.5673	
7.46	0.0056	-0.0705	0.7368	0.9965	-1.4352	
7.47	0.0454	-0.1506	0.8292	1.2123	-1.5753	
7.48	0.0863	-0.2379	0.924	1.3049	-1.5777	
7.49	0.1479	-0.3771	0.928	1.3775	-1.8423	
7.5	0.2096	-0.4928	1.0634	1.2486	-1.8441	
7.51	0.3278	-0.5787	1.2511	1.143	-1.7122	
7.52	0.3808	-0.6718	1.2844	1.1791	-1.9009	
7.53	0.5069	-0.8318	1.4665	1.0015	-1.8741	
7.54	0.6158	-1.0518	1.5478	0.7346	-1.945	
7.55	0.6902	-1.1973	1.5625	0.661	-1.8107	
7.56	0.9448	-1.1474	1.5496	0.408	-2.0468	
7.57	1.0214	-1.3645	1.6298	0.2704	-2.0276	
7.58	1.1332	-1.3894	1.5826	0.1569	-1.7427	
7.59	1.4538	-1.6402	1.579	0.1074	-1.9803	
7.6	1.5315	-1.6556	1.5134	0.1103	-1.5937	
7.61	1.5127	-1.536	1.7398	0.1582	-1.4794	
7.62	1.891	-1.6026	1.4997	0.2945	-1.5287	
7.63	2.0891	-1.6661	1.7332	0.5441	-1.4261	
7.64	1.841	-1.3857	1.4592	0.7077	-1.2175	
7.65	2.2256	-1.4827	1.6655	0.9902	-1.0164	
7.66	2.2655	-1.3446	1.3268	1.2944	-0.7578	
7.67	2.3064	-1.2058	1.2589	1.7182	-0.6003	
7.68	2.4112	-1.1108	1.2882	2.0305	-0.3613	
7.69	2.7784	-0.8859	1.1478	2.471	-0.1003	
7.7	2.4926	-0.8	1.0129	2.2977	0.1327	
7.71	2.9997	-0.634	0.9237	2.684	0.3841	
7.72	2.9294	-0.4513	0.6883	3.0387	0.538	
7.73	2.887	-0.293	0.5269	2.6581	0.7604	
7.74	2.9011	-0.111	0.4008	3.0677	1.068	
7.75	3.0851	0.069	0.2539	2.5383	1.2561	
7.76	3.0165	0.2442	0.091	2.5099	1.423	
7.77	2.7397	0.3763	-0.0674	2.2275	1.6383	
7.78	2.7855	0.4946	-0.2332	1.9925	1.8297	
7.79	3.0163	0.6813	-0.3622	1.6961	1.9122	
7.8	2.6687	0.7948	-0.4526	1.4835	2.0602	
7.81	2.4129	0.8193	-0.5944	1.3641	2.1992	
7.82	2.6776	0.8364	-0.8042	1.1573	1.9222	
7.83	2.5549	0.906	-0.8892	1.0365	2.0476	
7.84	2.3725	1.0561	-0.9951	0.9773	1.9697	
7.85	2.1885	0.9177	-1.0471	0.9034	1.9089	
7.86	1.9916	0.9956	-1.1525	0.9162	1.8785	
7.87	1.9043	0.9089	-1.1106	1.0055	2.1426	
7.88	1.8177	0.7812	-1.0532	1.2241	1.761	
7.89	1.6335	0.667	-1.138	1.3261	1.6095	
7.9	1.5918	0.6011	-1.1283	1.6685	1.8241	
7.91	1.4168	0.5615	-1.1221	1.5957	1.6721	
7.92	1.5467	0.4175	-0.9299	2.0814	1.3239	
7.93	1.3075	0.2997	-0.8594	2.0409	1.1121	
7.94	1.1611	0.1409	-0.9318	2.37	0.9618	
7.95	1.1113	0.0284	-0.7429	2.2622	0.8781	
7.96	0.9773	-0.082	-0.609	2.0987	0.7858	
7.97	0.8668	-0.1969	-0.5485	2.3978	0.5501	
7.98	0.9478	-0.2765	-0.4147	2.0668	0.3785	
7.99	0.901	-0.331	-0.2412	1.8259	0.2714	
8.0	0.8102	-0.3782	-0.123	1.5869	0.1077	
8.01	0.7756	-0.4345	0.0276	1.2266	-0.0188	
8.02	0.6962	-0.486	0.1676	0.9283	-0.1293	
8.03	0.7112	-0.4624	0.3001	0.6526	-0.214	
8.04	0.7777	-0.3775	0.4786	0.3154	-0.2897	
8.05	0.7513	-0.3082	0.5999	-0.0083	-0.3893	
8.06	0.8326	-0.2757	0.6905	-0.281	-0.4521	
8.07	0.7514	-0.1402	0.8968	-0.4242	-0.4034	
8.08	0.928	-0.0242	0.9539	-0.6444	-0.4366	
8.09	0.9616	0.1251	1.117	-0.6482	-0.4288	
8.1	0.9193	0.2498	1.2129	-0.7065	-0.3919	
8.11	1.0688	0.4105	1.3038	-0.6343	-0.3755	
8.12	1.2078	0.61	1.3672	-0.4634	-0.308	
8.13	1.125	0.772	1.4147	-0.2782	-0.2273	
8.14	1.3897	0.9855	1.4059	-0.0857	-0.1332	
8.15	1.4676	1.1911	1.4498	0.1199	-0.0363	
8.16	1.5391	1.232	1.2392	0.3329	0.0637	
8.17	1.4907	1.5547	1.3048	0.582	0.1624	
8.18	1.5393	1.7085	1.4358	0.6936	0.2766	
8.19	1.4786	1.6723	1.2772	0.7721	0.4157	
8.2	1.717	2.0939	1.3192	0.8946	0.543	
8.21	1.793	1.9947	1.0988	0.849	0.6157	
8.22	1.8305	2.166	0.9549	0.7409	0.7306	
8.23	1.7107	2.1409	0.9512	0.6177	0.8301	
8.24	1.7128	2.0273	0.8129	0.4122	0.8886	
8.25	1.7074	2.0578	0.6938	0.1934	0.9218	
8.26	1.682	2.0594	0.6399	-0.0471	0.8817	
8.27	1.8692	1.9726	0.5767	-0.2868	0.943	
8.28	1.7708	1.8648	0.4688	-0.5003	0.9779	
8.29	1.8466	2.0353	0.3299	-0.67	0.9828	
8.3	1.6106	1.8913	0.2016	-0.789	1.0871	
8.31	1.4144	1.6328	0.1188	-1.0329	0.8855	
8.32	1.4953	1.7403	0.0336	-1.0532	0.8901	
8.33	1.3539	1.6099	-0.0473	-0.8771	0.8133	
8.34	1.2132	1.2911	-0.125	-0.7868	0.8223	
8.35	1.196	1.2637	-0.1917	-0.6506	0.7325	
8.36	0.9978	1.0625	-0.2134	-0.3677	0.6183	
8.37	0.7666	0.9531	-0.2413	-0.0837	0.5125	
8.38	0.7362	0.8362	-0.2998	0.2545	0.4756	
8.39	0.4878	0.7353	-0.2931	0.5065	0.3194	
8.4	0.3429	0.7515	-0.3099	0.8428	0.2626	
8.41	0.2216	0.642	-0.2808	1.2139	0.1345	
8.42	0.0385	0.6809	-0.2303	1.4813	0.0541	
8.43	-0.1232	0.6072	-0.1883	1.7599	-0.0266	
8.44	-0.2966	0.663	-0.139	1.5931	-0.1007	
8.45	-0.4886	0.6841	-0.098	1.636	-0.1493	
8.46	-0.6167	0.7107	-0.0223	1.8475	-0.2289	
8.47	-0.7103	0.7724	0.0529	1.8592	-0.226	
8.48	-0.9575	0.9258	0.1366	1.4511	-0.2755	
8.49	-1.0074	1.0308	0.2016	1.464	-0.2433	
8.5	-1.0603	1.2289	0.2734	1.2543	-0.2658	
8.51	-1.1428	1.3766	0.3756	0.9746	-0.2378	
8.52	-1.3775	1.3915	0.4839	0.7348	-0.1892	
8.53	-1.3158	1.439	0.5788	0.6804	-0.1156	
8.54	-1.4003	1.7373	0.5862	0.5363	-0.0515	
8.55	-1.4709	2.1166	0.6264	0.3841	0.0359	
8.56	-1.5904	2.0738	0.6778	0.4108	0.1427	
8.57	-1.8065	2.3787	0.7456	0.419	0.2453	
8.58	-1.5334	2.4979	0.8629	0.4938	0.3708	
8.59	-1.822	2.362	0.7674	0.6706	0.4427	
8.6	-1.7042	2.7331	0.827	0.8187	0.6051	
8.61	-1.6384	2.797	0.7158	1.1701	0.6561	
8.62	-1.7463	2.5696	0.7155	1.3884	0.8403	
8.63	-1.6466	2.7996	0.6876	1.8124	0.8924	
8.64	-1.3993	2.712	0.6532	1.8309	1.0846	
8.65	-1.4178	2.8046	0.5757	2.0155	1.0589	
8.66	-1.4049	3.1265	0.4913	2.384	1.2545	
8.67	-1.239	2.739	0.3747	2.5549	1.4118	
8.68	-1.1204	2.5168	0.2166	2.2523	1.3028	
8.69	-1.148	2.4188	0.0799	2.3148	1.3267	
8.7	-1.0516	2.595	-0.0687	2.3797	1.3935	
8.71	-1.0147	2.5168	-0.2204	2.1019	1.3885	
8.72	-0.9413	2.4601	-0.4189	1.8677	1.3131	
8.73	-0.8806	2.0479	-0.6091	1.6457	1.224	
8.74	-0.7476	2.0881	-0.7196	1.2995	1.1964	
8.75	-0.7017	1.8716	-0.8749	0.8281	1.033	
8.76	-0.6563	1.5938	-1.242	0.6127	0.9872	
8.77	-0.5405	1.481	-1.2832	0.3121	0.787	
8.78	-0.5597	1.4958	-1.4649	0.0592	0.6559	
8.79	-0.541	1.17	-1.6948	-0.1409	0.5068	
8.8	-0.5094	1.1418	-1.8741	-0.266	0.2876	
8.81	-0.4766	1.1226	-1.9551	-0.3159	0.0767	
8.82	-0.463	0.982	-1.9907	-0.3207	-0.1475	
8.83	-0.5188	0.8741	-2.5279	-0.2971	-0.3508	
8.84	-0.5562	0.9472	-2.4175	-0.1727	-0.5813	
8.85	-0.5203	0.8975	-2.6856	-0.0188	-0.9048	
8.86	-0.5371	0.8411	-2.4094	0.1641	-1.0539	
8.87	-0.662	0.8639	-2.7175	0.3208	-1.3336	
8.88	-0.7236	0.9468	-2.6533	0.477	-1.4247	
8.89	-0.859	0.973	-2.7427	0.6181	-1.6077	
8.9	-0.8179	1.1892	-2.7901	0.762	-1.7855	
8.91	-1.053	1.285	-2.5171	0.8314	-2.0655	
8.92	-1.1896	1.3042	-2.5311	0.7275	-2.1973	
8.93	-1.1732	1.6218	-2.8757	0.5942	-2.1786	
8.94	-1.2453	1.8015	-2.8033	0.4869	-2.4979	
8.95	-1.3395	1.7696	-2.677	0.326	-2.7731	
8.96	-1.5481	2.0732	-2.7073	0.0424	-2.3985	
8.97	-1.6328	1.9649	-2.4702	-0.2313	-2.6875	
8.98	-1.6623	2.2346	-2.278	-0.616	-2.958	
8.99	-1.8926	2.5085	-2.3018	-0.8282	-2.6435	
9.0	-2.1618	2.4192	-2.0251	-1.1844	-2.8632	
9.01	-2.0764	2.5045	-1.7814	-1.4648	-2.4801	
9.02	-2.3046	2.8054	-1.6774	-1.5945	-2.3939	
9.03	-2.0518	2.406	-1.7136	-1.7797	-2.2786	
9.04	-2.2551	2.4418	-1.6433	-1.8065	-2.2522	
9.05	-2.1625	2.3776	-1.4186	-1.8974	-2.4297	
9.06	-2.2915	2.4021	-1.1575	-1.8477	-2.1076	
9.07	-2.4208	2.738	-1.0622	-1.7522	-1.854	
9.08	-2.3157	2.2327	-0.9829	-1.4254	-1.9361	
9.09	-2.208	2.359	-0.8547	-1.1991	-1.7283	
9.1	-2.4472	2.2824	-0.8309	-0.9314	-1.5394	
9.11	-2.3092	2.0899	-0.8124	-0.7084	-1.4048	
9.12	-2.3729	1.8183	-0.6966	-0.4734	-1.0792	
9.13	-2.5322	1.9688	-0.6382	-0.2195	-1.1086	
9.14	-2.2351	1.748	-0.5712	-0.0013	-0.9006	
9.15	-1.9628	1.3622	-0.523	0.1361	-0.7354	
9.16	-1.911	1.3013	-0.5236	0.2252	-0.6566	
9.17	-1.8112	1.159	-0.4651	0.2571	-0.4999	
9.18	-1.7068	0.99	-0.4803	0.2107	-0.4172	
9.19	-1.8948	0.7276	-0.5516	0.1176	-0.3409	
9.2	-1.4905	0.6649	-0.5252	-0.0176	-0.2423	
9.21	-1.5721	0.4996	-0.5983	-0.2055	-0.1906	
9.22	-1.2069	0.4138	-0.6596	-0.3714	-0.1481	
9.23	-1.215	0.3519	-0.5909	-0.5385	-0.1279	
9.24	-1.0378	0.2355	-0.7325	-0.8496	-0.0972	
9.25	-0.9281	0.2084	-0.6875	-1.006	-0.098	
9.26	-0.7518	0.2169	-0.7467	-1.0802	-0.1092	
9.27	-0.6726	0.196	-0.879	-1.1087	-0.1243	
9.28	-0.5342	0.2295	-0.9478	-1.1911	-0.134	
9.29	-0.3641	0.2588	-1.023	-1.1021	-0.1454	
9.3	-0.2648	0.3782	-1.0465	-0.8359	-0.1651	
9.31	-0.1382	0.4738	-0.997	-0.6742	-0.2236	
9.32	-0.0365	0.5372	-0.9995	-0.3903	-0.2401	
9.33	0.051	0.719	-1.0065	-0.087	-0.2444	
9.34	0.1187	0.8156	-1.0418	0.1999	-0.2473	
9.35	0.1807	0.9065	-0.9493	0.5417	-0.271	
9.36	0.258	0.9515	-1.0017	0.7489	-0.2671	
9.37	0.2829	1.2141	-0.9609	0.9965	-0.2329	
9.38	0.2766	1.4038	-0.9359	1.222	-0.2087	
9.39	0.3334	1.5004	-0.7559	1.472	-0.1651	
9.4	0.3029	1.482	-0.7033	1.6331	-0.0964	
9.41	0.2772	1.6822	-0.6407	1.6068	-0.0284	
9.42	0.256	1.5998	-0.4922	1.5503	0.0653	
9.43	0.2282	1.752	-0.3432	1.3188	0.158	
9.44	0.1876	1.7702	-0.2078	1.1943	0.2861	
9.45	0.127	1.6322	-0.0574	1.0324	0.4305	
9.46	0.0463	1.6896	0.1117	0.6875	0.5934	
9.47	-0.0237	1.7219	0.2717	0.4529	0.7506	
9.48	-0.107	1.6209	0.4184	0.2003	0.7723	
9.49	-0.2	1.5149	0.654	-0.0119	1.0705	
9.5	-0.2961	1.4783	0.7508	-0.2022	1.2478	
9.51	-0.3803	1.1768	0.9362	-0.3133	1.3716	
9.52	-0.4483	1.0786	1.2004	-0.4247	1.5126	
9.53	-0.549	1.0057	1.3875	-0.3816	1.7884	
9.54	-0.6411	0.7165	1.5373	-0.3374	1.9402	
9.55	-0.7339	0.5863	1.6696	-0.2781	1.7466	
9.56	-0.7008	0.4499	1.7907	-0.1138	2.0912	
9.57	-0.8584	0.2893	2.0135	0.0798	2.2301	
9.58	-0.8548	0.0871	2.1787	0.2625	2.1367	
9.59	-0.853	-0.0639	2.1709	0.4566	2.5463	
9.6	-0.956	-0.222	2.1715	0.7195	2.4837	
9.61	-1.0066	-0.3255	2.3297	0.806	2.4893	
9.62	-1.0824	-0.5186	2.5314	0.8245	2.5707	
9.63	-1.0545	-0.6186	2.6213	0.9618	2.5862	
9.64	-0.9125	-0.7164	2.532	0.8931	2.4032	
9.65	-1.0394	-0.7359	2.6233	0.7361	2.1562	
9.66	-1.0142	-0.7869	2.3516	0.6116	2.2648	
9.67	-0.8145	-0.7303	2.5111	0.3735	2.1418	
9.68	-0.8364	-0.7668	2.1567	0.1395	1.8619	
9.69	-0.7601	-0.649	2.1526	-0.2071	1.7812	
9.7	-0.6312	-0.5998	2.0241	-0.4913	1.7231	
9.71	-0.5715	-0.5782	2.0719	-0.8041	1.3837	
9.72	-0.4647	-0.4821	1.8914	-1.1849	1.3844	
9.73	-0.374	-0.3564	1.9028	-1.5335	1.105	
9.74	-0.2243	-0.2292	1.6131	-1.775	0.9337	
9.75	-0.1102	-0.076	1.4548	-1.924	0.7998	
9.76	0.0024	0.0554	1.4332	-1.985	0.5313	
9.77	0.1233	0.1922	1.2296	-2.3063	0.3079	
9.78	0.2614	0.3506	1.1131	-1.9061	0.1118	
9.79	0.3686	0.4097	0.9663	-2.072	-0.0659	
9.8	0.5191	0.5541	0.7496	-1.7684	-0.2608	
9.81	0.5649	0.7013	0.5628	-1.5495	-0.3825	
9.82	0.6759	0.7974	0.4765	-1.6016	-0.5423	
9.83	0.8464	0.8432	0.365	-1.2194	-0.6935	
9.84	0.8328	0.8117	0.2347	-1.0482	-0.801	
9.85	0.9974	0.9742	0.1611	-0.9574	-0.9183	
9.86	1.1407	0.9157	0.0625	-0.7252	-0.9911	
9.87	1.1324	0.9474	-0.008	-0.6861	-1.1	
9.88	1.0926	0.8495	-0.0659	-0.6673	-1.146	
9.89	1.1576	0.8837	-0.1138	-0.7428	-0.9857	
9.9	1.3014	0.7775	-0.1234	-0.8484	-1.1031	
9.91	1.137	0.6493	-0.1471	-0.9662	-1.0216	
9.92	1.3128	0.5223	-0.1358	-1.1207	-0.9421	
9.93	1.2666	0.3664	-0.1379	-1.3116	-0.9122	
9.94	1.2403	0.2133	-0.1079	-1.6943	-0.766	
9.95	1.1765	0.0538	-0.0547	-1.8138	-0.6379	
9.96	1.0829	-0.0943	-0.004	-1.9724	-0.5452	
9.97	1.0107	-0.2614	0.0644	-2.1971	-0.3716	
9.98	0.8466	-0.4062	0.1263	-2.414	-0.2616	
9.99	0.765	-0.5517	0.2258	-2.3151	-0.1407	
10.0	0.7138	-0.6788	0.2694	-2.5931	0.0049	
10.01	0.6616	-0.8928	0.3756	-2.4771	0.1383	
10.02	0.516	-0.9003	0.454	-2.3892	0.3054	
10.03	0.3953	-1.1394	0.5503	-2.2952	0.416	
10.04	0.2647	-1.1997	0.6581	-1.9655	0.5571	
10.05	0.119	-1.1045	0.712	-1.4608	0.6132	
10.06	0.0002	-1.1555	0.7685	-1.3432	0.7355	
10.07	-0.1368	-1.247	0.8452	-0.8475	0.8511	
10.08	-0.2447	-1.2635	0.9334	-0.6368	0.7871	
10.09	-0.3632	-1.2003	0.9358	-0.3094	0.944	
10.1	-0.5027	-1.0327	0.9671	-0.1098	1.0156	
10.11	-0.6411	-0.996	1.0632	0.0805	0.9817	
10.12	-0.695	-0.907	1.0583	0.173	0.8791	
10.13	-0.7183	-0.7527	0.9908	0.2358	0.9319	
10.14	-0.7929	-0.6323	0.9863	0.1826	0.9238	
10.15	-0.9075	-0.5321	0.9238	0.1	0.7984	
10.16	-1.0141	-0.3618	0.9273	-0.0319	0.6738	
10.17	-1.0704	-0.177	0.9486	-0.1985	0.61	
10.18	-1.0304	-0.0346	0.8102	-0.4162	0.6172	
10.19	-1.0604	0.1169	0.7472	-0.6063	0.4341	
10.2	-1.1326	0.2641	0.6725	-0.8624	0.3232	
10.21	-1.0417	0.4341	0.5235	-1.0215	0.2308	
10.22	-1.0206	0.4846	0.3951	-1.0351	0.1257	
10.23	-0.9664	0.6131	0.3157	-1.0932	0.0042	
10.24	-0.9149	0.7051	0.2241	-1.1217	-0.1129	
10.25	-0.8636	0.7946	0.0886	-0.9675	-0.2013	
10.26	-0.779	0.8657	-0.0265	-0.9044	-0.3022	
10.27	-0.79	0.833	-0.1365	-0.7404	-0.3777	
10.28	-0.6885	0.8281	-0.2321	-0.5145	-0.4705	
10.29	-0.5339	0.8305	-0.3632	-0.2491	-0.532	
10.3	-0.4348	0.7881	-0.4556	0.036	-0.6192	
10.31	-0.3735	0.6936	-0.5644	0.2894	-0.6311	
10.32	-0.2544	0.5944	-0.6468	0.5297	-0.6986	
10.33	-0.1507	0.5122	-0.6337	0.7708	-0.6794	
10.34	-0.0436	0.3219	-0.7147	0.9869	-0.6327	
10.35	0.0603	0.2199	-0.7754	0.9953	-0.6663	
10.36	0.16	0.0763	-0.7456	1.1088	-0.6596	
10.37	0.2391	-0.0606	-0.8737	1.054	-0.5341	
10.38	0.3063	-0.217	-0.8152	0.7762	-0.5524	
10.39	0.4026	-0.3108	-0.8084	0.5876	-0.4969	
10.4	0.4322	-0.4591	-0.7537	0.4088	-0.4119	
10.41	0.5473	-0.5752	-0.6944	0.1267	-0.2921	
10.42	0.5896	-0.7612	-0.5509	-0.1724	-0.2303	
10.43	0.5809	-0.8479	-0.5321	-0.5028	-0.1551	
10.44	0.5871	-0.846	-0.4334	-0.8659	-0.0834	
10.45	0.5886	-0.9938	-0.297	-1.1282	-0.0056	
10.46	0.6481	-0.9079	-0.1715	-1.3269	0.0551	
10.47	0.622	-0.8742	-0.0226	-1.5788	0.115	
10.48	0.5498	-0.8988	0.1273	-1.5127	0.1515	
10.49	0.5216	-0.9419	0.2694	-1.6015	0.1761	
10.5	0.4884	-0.8593	0.383	-1.4452	0.2071	
10.51	0.3754	-0.773	0.5776	-1.4864	0.2195	
10.52	0.3421	-0.6993	0.7959	-1.4186	0.1747	
10.53	0.2467	-0.4841	0.8479	-1.1671	0.1568	
10.54	0.139	-0.3506	0.987	-0.9555	0.0956	
10.55	0.0543	-0.2334	1.193	-0.8486	0.0288	
10.56	-0.0461	-0.0568	1.3166	-0.5936	-0.0535	
10.57	-0.1642	0.1028	1.4632	-0.4803	-0.1593	
10.58	-0.2754	0.2838	1.3835	-0.4074	-0.283	
10.59	-0.4056	0.4875	1.5432	-0.4436	-0.378	
10.6	-0.5119	0.6214	1.8206	-0.4706	-0.5367	
10.61	-0.5787	0.6967	1.7536	-0.5537	-0.7757	
10.62	-0.7581	0.949	1.8376	-0.7379	-0.8795	
10.63	-0.7793	0.9535	1.8975	-0.9736	-1.0415	
10.64	-0.9624	1.1824	1.8779	-1.1708	-1.3388	
10.65	-0.9452	1.2556	1.9314	-1.5253	-1.2892	
10.66	-1.0516	1.2562	1.944	-1.6542	-1.6081	
10.67	-1.1786	1.3066	1.7372	-2.2095	-1.868	
10.68	-1.0879	1.4075	1.6023	-2.5895	-1.8867	
10.69	-1.1055	1.4443	1.7021	-2.8514	-1.8764	
10.7	-1.194	1.2753	1.6166	-2.6291	-2.0216	
10.71	-1.1587	1.1683	1.2902	-2.972	-2.4986	
10.72	-1.2104	1.192	1.4067	-3.1046	-2.3788	
10.73	-1.2067	1.1761	1.0718	-2.7665	-2.6509	
10.74	-1.1139	1.0176	0.9937	-2.6622	-2.5467	
10.75	-1.1755	0.9048	0.8674	-2.8005	-2.6803	
10.76	-1.0025	0.7951	0.7789	-2.313	-2.623	
10.77	-1.1051	0.6084	0.561	-2.1201	-2.5754	
10.78	-0.9152	0.4554	0.4761	-1.9704	-2.7815	
10.79	-0.8559	0.3396	0.3065	-1.5371	-2.3026	
10.8	-0.7474	0.2039	0.1576	-1.3742	-2.4957	
10.81	-0.682	0.0787	0.001	-1.1317	-2.2902	
10.82	-0.4947	-0.0392	-0.1482	-0.9874	-2.2968	
10.83	-0.3913	-0.1422	-0.2783	-0.8563	-1.8465	
10.84	-0.2836	-0.2064	-0.3921	-0.7279	-1.7427	
10.85	-0.1212	-0.3025	-0.5221	-0.7064	-1.6317	
10.86	0.0229	-0.319	-0.612	-0.8242	-1.2523	
10.87	0.1586	-0.3487	-0.6332	-0.89	-1.0636	
10.88	0.2982	-0.3537	-0.7657	-0.9949	-0.9275	
10.89	0.4897	-0.3136	-0.8096	-1.3301	-0.6785	
10.9	0.5899	-0.3041	-0.8644	-1.5231	-0.4349	
10.91	0.7269	-0.2181	-0.8654	-1.6569	-0.2093	
10.92	0.9083	-0.1236	-0.8128	-1.8002	0.0235	
10.93	0.9776	-0.0106	-0.9204	-1.7429	0.2686	
10.94	1.168	0.1078	-0.9649	-2.1477	0.4585	
10.95	1.1021	0.2315	-0.8485	-2.0321	0.6493	
10.96	1.2378	0.4332	-0.8094	-1.8481	0.8953	
10.97	1.391	0.519	-0.8119	-1.8586	1.0733	
10.98	1.3627	0.6959	-0.7591	-1.5909	1.2059	
10.99	1.3932	0.9447	-0.666	-1.298	1.3702	
11.0	1.6203	0.9558	-0.5989	-1.217	1.3765	
11.01	1.4561	1.1211	-0.6314	-0.8679	1.6115	
11.02	1.6548	1.2682	-0.5656	-0.5017	1.7064	
11.03	1.5052	1.3372	-0.4794	-0.1412	1.5505	
11.04	1.3928	1.7356	-0.389	0.1381	1.9174	
11.05	1.6439	1.8008	-0.3558	0.4413	1.7695	
11.06	1.4003	1.6571	-0.3563	0.6117	1.687	
11.07	1.4593	1.7014	-0.2838	0.7374	1.7611	
11.08	1.4556	1.8856	-0.3019	0.8968	1.576	
11.09	1.2633	1.8379	-0.2972	0.837	1.7023	
11.1	1.2654	1.8681	-0.2561	0.7646	1.5944	
11.11	1.0569	1.7872	-0.2719	0.7481	1.6079	
11.12	1.1277	1.7967	-0.3338	0.4739	1.6214	
11.13	0.9282	1.4827	-0.3695	0.2934	1.4598	
11.14	0.998	1.5543	-0.3915	0.0531	1.2837	
11.15	0.7687	1.3213	-0.4625	-0.1979	1.1931	
11.16	0.7324	1.1565	-0.5903	-0.4342	1.1733	
11.17	0.6935	1.1205	-0.6636	-0.5781	1.2097	
11.18	0.5872	0.9443	-0.8202	-0.6963	0.9872	
11.19	0.5191	0.775	-0.9273	-0.8368	0.9862	
11.2	0.4885	0.5906	-1.0921	-0.9164	0.9374	
11.21	0.4298	0.486	-1.0254	-0.9248	0.8564	
11.22	0.4237	0.3068	-1.1867	-0.7524	0.9275	
11.23	0.3686	0.2127	-1.3048	-0.5714	0.8922	
11.24	0.331	0.1018	-1.6378	-0.4333	0.8959	
11.25	0.3286	-0.0016	-1.5818	-0.2334	0.9897	
11.26	0.3227	-0.0832	-1.8509	-0.0027	0.9886	
11.27	0.3514	-0.1243	-1.8804	0.2251	1.02	
11.28	0.3712	-0.1751	-2.1065	0.3825	0.938	
11.29	0.4286	-0.1584	-2.4969	0.609	1.0628	
11.3	0.464	-0.1631	-2.6437	0.6121	1.1638	
11.31	0.5186	-0.1294	-2.7406	0.6873	1.1528	
11.32	0.6721	-0.0662	-2.6409	0.6822	1.3444	
11.33	0.7639	0.0194	-2.8504	0.5323	1.4358	
11.34	0.7579	0.1087	-2.6857	0.3482	1.3283	
11.35	0.9524	0.2137	-2.5753	0.1342	1.4872	
11.36	1.032	0.3615	-2.7828	-0.1286	1.5488	
11.37	1.2137	0.4559	-2.8332	-0.4085	1.7275	
11.38	1.3644	0.5835	-3.0066	-0.7288	1.599	
11.39	1.4353	0.714	-2.9387	-1.0514	1.698	
11.4	1.5442	0.9208	-3.0392	-1.3729	1.6182	
11.41	1.6437	1.0867	-2.7741	-1.698	1.8289	
11.42	1.6606	1.1866	-2.9996	-2.0696	1.5285	
11.43	2.072	1.2208	-2.7966	-2.1213	1.4912	
11.44	1.9185	1.2641	-2.3526	-2.2402	1.5819	
11.45	2.1684	1.5073	-2.1945	-2.1757	1.5716	
11.46	2.2881	1.4398	-2.0955	-2.1295	1.458	
11.47	2.3297	1.5666	-2.2579	-1.9707	1.3448	
11.48	2.3686	1.6703	-2.1374	-1.9077	1.1056	
11.49	2.4659	1.4794	-1.9268	-1.4512	1.1073	
11.5	2.6255	1.5189	-1.5922	-1.4942	0.8685	
11.51	2.5368	1.4939	-1.285	-1.1463	0.6621	
11.52	2.7371	1.4403	-1.3348	-1.0461	0.5102	
11.53	2.5374	1.3452	-1.1025	-0.8356	0.2915	
11.54	2.6654	1.2285	-0.9309	-0.6788	0.1191	
11.55	2.8881	1.2055	-0.7417	-0.636	-0.0812	
11.56	2.61	0.9977	-0.494	-0.6006	-0.2689	
11.57	2.4859	0.846	-0.3406	-0.6988	-0.5078	
11.58	2.4849	0.669	-0.1939	-0.7798	-0.6081	
11.59	2.4183	0.4489	-0.0325	-0.8978	-0.8844	
11.6	2.4631	0.2794	0.1007	-1.0494	-0.9541	
11.61	2.2572	0.1074	0.2513	-1.2236	-1.0753	
11.62	2.4391	-0.0647	0.3258	-1.5556	-1.3472	
11.63	2.0264	-0.2169	0.394	-1.986	-1.4715	
11.64	1.957	-0.3528	0.4894	-2.1825	-1.4641	
11.65	1.9174	-0.4698	0.5747	-2.3931	-1.5005	
11.66	1.7975	-0.6381	0.6799	-2.146	-1.7384	
11.67	1.5648	-0.6858	0.6765	-2.1754	-1.8852	
11.68	1.4749	-0.7683	0.6967	-2.1576	-1.8398	
11.69	1.2412	-0.8381	0.7335	-2.3753	-1.7993	
11.7	1.1605	-0.7875	0.6499	-1.9391	-1.6802	
11.71	1.0595	-0.8319	0.71	-1.9608	-1.5709	
11.72	0.8769	-0.77	0.5837	-1.5646	-1.56	
11.73	0.8204	-0.7712	0.5458	-1.28	-1.628	
11.74	0.6385	-0.6153	0.5342	-0.8441	-1.3698	
11.75	0.5109	-0.6265	0.5057	-0.5174	-1.1818	
11.76	0.4626	-0.4888	0.442	-0.2156	-1.0015	
11.77	0.341	-0.3887	0.3868	0.0753	-0.9027	
11.78	0.2571	-0.2348	0.3188	0.2961	-0.7067	
11.79	0.1836	-0.127	0.2908	0.4686	-0.6584	
11.8	0.1294	-0.0073	0.2235	0.5592	-0.4433	
11.81	0.0995	0.1281	0.18	0.633	-0.2505	
11.82	0.0492	0.2221	0.1185	0.5446	-0.0833	
11.83	0.0264	0.314	0.0952	0.4919	0.0687	
11.84	0.0165	0.471	0.0677	0.3289	0.2361	
11.85	0.0169	0.534	0.0507	0.201	0.4073	
11.86	0.0238	0.5687	0.0412	0.0058	0.5369	
11.87	0.0461	0.6574	0.0497	-0.1655	0.6313	
11.88	0.0779	0.6703	0.0737	-0.3575	0.6677	
11.89	0.1296	0.6967	0.1198	-0.4614	0.7559	
11.9	0.1804	0.6107	0.1551	-0.5504	0.8783	
11.91	0.1979	0.591	0.2335	-0.6119	0.9185	
11.92	0.285	0.5363	0.3089	-0.4949	0.9175	
11.93	0.3349	0.4379	0.352	-0.3884	0.8332	
11.94	0.4191	0.2679	0.4995	-0.2357	0.9103	
11.95	0.4386	0.1542	0.5825	-0.0199	0.8518	
11.96	0.5242	0.0052	0.6668	0.2471	0.7043	
11.97	0.6578	-0.1555	0.7152	0.5093	0.714	
11.98	0.6452	-0.3256	0.8952	0.8433	0.523	
11.99	0.768	-0.4774	1.0032	1.0058	0.4248	
12.0	0.7272	-0.6908	1.0683	1.3505	0.3052	
12.01	0.8801	-0.8196	1.2316	1.5657	0.1713	
12.02	0.7688	-0.9855	1.3286	1.7931	0.0422	
12.03	0.8233	-1.2271	1.4981	1.8903	-0.0983	
12.04	0.8519	-1.4233	1.546	1.9017	-0.257	
12.05	0.9119	-1.4277	1.7616	1.712	-0.389	
12.06	0.9334	-1.8044	2.0071	1.7562	-0.4822	
12.07	0.8049	-1.6504	1.8598	1.3475	-0.7046	
12.08	0.8287	-1.8369	2.1863	1.1145	-0.8744	
12.09	0.7036	-1.8732	1.9441	0.8472	-0.9069	
12.1	0.6755	-1.9103	2.2862	0.6104	-0.984	
12.11	0.6198	-1.8684	2.317	0.3205	-1.0329	
12.12	0.4802	-2.0244	2.3286	0.0554	-1.0861	
12.13	0.4329	-1.9193	2.2895	-0.1844	-1.1573	
12.14	0.3233	-1.987	2.1952	-0.3424	-1.2488	
12.15	0.1773	-1.9528	2.0445	-0.5471	-1.442	
12.16	0.0461	-1.6359	2.0989	-0.5499	-1.3158	
12.17	-0.0936	-1.4692	1.9491	-0.5963	-1.3954	
12.18	-0.2549	-1.5443	1.6836	-0.496	-1.2737	
12.19	-0.3619	-1.3828	1.7536	-0.433	-1.1625	
12.2	-0.5637	-1.3022	1.6778	-0.2617	-1.2155	
12.21	-0.6706	-1.1192	1.4814	-0.0624	-1.2299	
12.22	-0.9387	-1.0366	1.3872	0.1312	-1.0115	
12.23	-1.0566	-0.8978	1.247	0.3397	-1.0024	
12.24	-1.1987	-0.827	1.0792	0.4746	-0.9952	
12.25	-1.4557	-0.7288	0.8635	0.6685	-0.8242	
12.26	-1.4041	-0.594	0.6831	0.6741	-0.6758	
12.27	-1.5094	-0.537	0.5551	0.7815	-0.5968	
12.28	-1.7941	-0.466	0.3861	0.6294	-0.5457	
12.29	-1.8303	-0.4888	0.2078	0.5439	-0.4725	
12.3	-2.0742	-0.5223	0.0525	0.4103	-0.4444	
12.31	-1.9795	-0.5169	-0.0908	0.165	-0.332	
12.32	-2.2242	-0.5296	-0.246	-0.1117	-0.3115	
12.33	-2.365	-0.6183	-0.3514	-0.4298	-0.3031	
12.34	-2.3681	-0.7371	-0.5036	-0.7308	-0.2816	
12.35	-2.6081	-0.7991	-0.5758	-1.0112	-0.2577	
12.36	-2.6388	-0.934	-0.7192	-1.1706	-0.2281	
12.37	-2.4124	-1.2224	-0.6835	-1.3637	-0.2488	
12.38	-2.4001	-1.2008	-0.8433	-1.7451	-0.2797	
12.39	-2.4365	-1.4357	-0.7557	-1.6495	-0.3264	
12.4	-2.2848	-1.6121	-0.8524	-1.5995	-0.4351	
12.41	-2.3697	-1.6298	-0.8768	-1.8708	-0.4682	
12.42	-2.4586	-2.0185	-0.7402	-1.4632	-0.5404	
12.43	-2.2571	-2.2239	-0.8396	-1.3105	-0.6155	
12.44	-2.1898	-2.4694	-0.7393	-1.1387	-0.7639	
12.45	-2.3697	-2.6135	-0.6285	-0.9704	-0.8645	
12.46	-2.2387	-2.666	-0.6415	-0.6036	-0.8223	
12.47	-1.897	-2.5923	-0.5084	-0.3308	-1.0364	
12.48	-1.9841	-2.7503	-0.4083	-0.0758	-1.0616	
12.49	-1.7173	-2.9253	-0.2877	0.1494	-1.1753	
12.5	-1.6612	-2.7211	-0.1645	0.3355	-1.2211	
12.51	-1.6105	-3.1141	-0.0579	0.4352	-1.3967	
12.52	-1.3977	-2.9418	0.0588	0.5619	-1.3437	
12.53	-1.3878	-2.7977	0.1794	0.5366	-1.4519	
12.54	-1.304	-2.7495	0.2885	0.4345	-1.4162	
12.55	-1.1995	-2.797	0.4039	0.3512	-1.3201	
12.56	-1.2758	-2.5563	0.5872	0.1913	-1.2073	
12.57	-1.1121	-2.3763	0.6165	-0.0021	-1.2568	
12.58	-0.9349	-2.5669	0.6821	-0.1995	-1.0994	
12.59	-1.019	-2.1176	0.8145	-0.3938	-1.1982	
12.6	-0.8971	-2.2327	0.9637	-0.552	-0.9337	
12.61	-0.9257	-1.875	0.8983	-0.6467	-0.9123	
12.62	-0.8771	-1.6033	1.0401	-0.6763	-0.7122	
12.63	-0.802	-1.6428	1.0436	-0.6829	-0.5688	
12.64	-0.8016	-1.5479	1.1377	-0.6029	-0.3323	
12.65	-0.8746	-1.3105	1.1334	-0.426	-0.146	
12.66	-0.8854	-1.239	1.071	-0.2596	0.0705	
12.67	-0.9897	-1.0996	1.1462	0.0153	0.2916	
12.68	-0.9395	-1.1191	1.0837	0.3178	0.5447	
12.69	-1.0535	-1.089	0.9369	0.7076	0.7127	
12.7	-1.1541	-0.9163	1.0465	0.9935	0.9076	
12.71	-1.333	-0.9174	0.8441	1.3679	1.2023	
12.72	-1.2106	-0.9002	0.8129	1.7324	1.551	
12.73	-1.2709	-1.1094	0.77	2.0693	1.5341	
12.74	-1.4958	-1.0456	0.6739	1.9263	1.7298	
12.75	-1.4574	-1.2692	0.5457	2.0323	2.2006	
12.76	-1.5425	-1.2869	0.5064	2.3964	2.267	
12.77	-1.6987	-1.3765	0.3626	2.2061	2.2131	
12.78	-1.9153	-1.5774	0.3084	2.3856	2.5718	
12.79	-2.0115	-1.6033	0.2217	1.9353	2.4847	
12.8	-1.8967	-1.9264	0.1251	1.9614	2.5702	
12.81	-1.9773	-1.9354	0.0559	1.6226	2.7724	
12.82	-2.2273	-2.0104	-0.0128	1.3542	3.0762	
12.83	-2.4219	-2.2504	-0.0759	1.2669	3.1601	
12.84	-2.4394	-2.2819	-0.1204	1.0795	2.9889	
12.85	-2.4255	-2.6979	-0.1468	0.7609	2.7308	
12.86	-2.2287	-2.6756	-0.1836	0.6446	2.7109	
12.87	-2.1595	-2.7891	-0.1915	0.6095	2.4836	
12.88	-2.2247	-2.549	-0.1834	0.68	2.7473	
12.89	-2.4447	-2.6518	-0.1816	0.6588	2.6566	
12.9	-2.3082	-2.6784	-0.1265	0.7557	2.2716	
12.91	-2.1341	-2.7816	-0.1012	0.9664	2.0688	
12.92	-2.2285	-2.7981	-0.0332	1.194	1.9553	
12.93	-2.1104	-2.5738	0.0339	1.2845	2.0181	
12.94	-2.038	-2.7753	0.1082	1.7431	1.7517	
12.95	-2.1137	-2.8499	0.2244	1.9252	1.6124	
12.96	-1.8293	-2.7635	0.3382	2.1135	1.3976	
12.97	-1.6058	-2.4516	0.3979	2.0248	1.2525	
12.98	-1.7359	-2.2701	0.4941	2.3451	0.9634	
12.99	-1.6402	-2.1777	0.7098	2.365	0.7233	
13.0	-1.3424	-2.0606	0.8323	2.2113	0.5748	
13.01	-1.1746	-1.9511	0.8935	1.8817	0.5285	
13.02	-1.0814	-1.4531	0.966	1.9914	0.377	
13.03	-0.9706	-1.3969	1.1103	1.6802	0.2342	
13.04	-0.693	-1.3774	1.3562	1.412	0.1362	
13.05	-0.6527	-1.1306	1.3931	0.963	0.0492	
13.06	-0.4766	-0.9595	1.5839	0.7652	-0.0259	
13.07	-0.325	-0.8603	1.4941	0.3658	-0.0843	
13.08	-0.1442	-0.7563	1.7407	0.087	-0.12	
13.09	-0.0219	-0.7045	1.7535	-0.1473	-0.1361	
13.1	0.0987	-0.5417	1.6209	-0.3825	-0.1437	
13.11	0.2293	-0.4939	1.7078	-0.4896	-0.1607	
13.12	0.3083	-0.5148	1.7958	-0.5139	-0.1537	
13.13	0.4419	-0.5119	1.5427	-0.522	-0.1315	
13.14	0.5154	-0.5454	1.6483	-0.5173	-0.0884	
13.15	0.6187	-0.5639	1.5167	-0.3517	-0.0548	
13.16	0.7046	-0.5906	1.6317	-0.1979	-0.0221	
13.17	0.7218	-0.721	1.3694	0.0192	0.0151	
13.18	0.6914	-0.7613	1.297	0.2247	0.0518	
13.19	0.7703	-0.9149	1.3223	0.4582	0.0783	
13.2	0.7865	-0.9358	1.1797	0.6807	0.1009	
13.21	0.7254	-1.1266	0.9338	0.7365	0.1325	
13.22	0.741	-1.2973	0.7449	0.9345	0.1312	
13.23	0.7599	-1.3052	0.6403	0.8498	0.1511	
13.24	0.6792	-1.4536	0.481	0.8241	0.1188	
13.25	0.6504	-1.6679	0.2726	0.9085	0.109	
13.26	0.5958	-1.8044	0.0687	0.752	0.0581	
13.27	0.4608	-1.9213	-0.1243	0.5033	0.0075	
13.28	0.4217	-1.9251	-0.2956	0.2659	-0.0556	
13.29	0.3649	-1.7922	-0.5211	0.0317	-0.1488	
13.3	0.2732	-1.953	-0.646	-0.2047	-0.2476	
13.31	0.1703	-2.0816	-0.909	-0.4867	-0.3109	
13.32	0.1072	-1.9099	-0.9656	-0.6089	-0.4345	
13.33	0.0154	-2.0493	-1.2689	-0.7969	-0.5196	
13.34	-0.062	-1.7358	-1.3406	-0.9075	-0.654	
13.35	-0.1549	-1.7974	-1.3491	-0.8534	-0.8738	
13.36	-0.2243	-1.7734	-1.6049	-0.932	-1.0427	
13.37	-0.2525	-1.6356	-1.6752	-0.7772	-1.0164	
13.38	-0.3234	-1.3064	-1.9724	-0.6216	-1.3268	
13.39	-0.3685	-1.2773	-1.7502	-0.3014	-1.2543	
13.4	-0.3929	-1.0846	-2.0246	-0.0442	-1.3696	
13.41	-0.4807	-0.9788	-1.8866	0.2611	-1.6786	
13.42	-0.4117	-0.8157	-1.9083	0.6386	-1.7899	
13.43	-0.4306	-0.5832	-2.1726	0.9369	-1.7026	
13.44	-0.4292	-0.4232	-1.9797	1.1867	-1.7311	
13.45	-0.422	-0.2329	-1.9154	1.5069	-1.7874	
13.46	-0.3906	-0.074	-2.0715	1.8227	-1.9404	
13.47	-0.3442	0.0651	-1.8408	1.788	-2.0168	
13.48	-0.3072	0.2002	-1.7844	1.929	-1.9039	
13.49	-0.2249	0.3282	-1.8706	1.708	-1.8237	
13.5	-0.1363	0.415	-1.6436	1.7574	-1.7822	
13.51	-0.0574	0.4839	-1.7449	1.7513	-1.8256	
13.52	0.047	0.5153	-1.5516	1.5039	-1.6945	
13.53	0.1467	0.4897	-1.379	1.2797	-1.722	
13.54	0.2687	0.4998	-1.3214	1.2773	-1.5088	
13.55	0.4135	0.4704	-1.3366	1.0499	-1.3482	
13.56	0.4571	0.4478	-1.2058	0.9101	-1.1819	
13.57	0.6496	0.4057	-1.2626	0.7843	-0.9701	
13.58	0.8022	0.2835	-1.2008	0.7512	-0.7957	
13.59	0.8426	0.1931	-1.0838	0.7325	-0.662	
13.6	0.9455	0.0856	-1.0586	0.812	-0.4622	
13.61	0.9911	-0.0279	-0.9481	0.8153	-0.2525	
13.62	1.1674	-0.1672	-0.9833	1.0365	-0.0924	
13.63	1.2199	-0.3055	-0.9288	1.3897	0.0863	
13.64	1.4612	-0.4452	-1.074	1.582	0.2578	
13.65	1.6158	-0.5007	-1.0733	1.7032	0.3979	
13.66	1.6471	-0.6499	-0.9267	2.1488	0.5979	
13.67	1.519	-0.7269	-1.0399	2.5872	0.7528	
13.68	1.6219	-0.8421	-1.1773	2.4609	0.7702	
13.69	1.5556	-0.8894	-1.1423	2.87	0.9036	
13.7	1.8129	-1.0545	-1.347	3.0033	0.9176	
13.71	1.6522	-0.9181	-1.4122	2.8784	1.0396	
13.72	1.6218	-1.0087	-1.4214	3.0952	1.0103	
13.73	1.6532	-0.9109	-1.4221	3.1076	1.0138	
13.74	1.7236	-0.8969	-1.7015	2.9748	1.1041	
13.75	1.5156	-0.8354	-1.8056	2.7639	1.0589	
13.76	1.4946	-0.8252	-1.9002	2.4344	0.9898	
13.77	1.5316	-0.7609	-1.9915	2.1394	0.8174	
13.78	1.2486	-0.6215	-1.7664	1.5402	0.707	
13.79	1.4135	-0.4067	-1.8425	1.4546	0.6169	
13.8	1.2683	-0.2888	-2.1145	1.1323	0.4847	
13.81	1.0751	-0.1468	-2.1571	0.8098	0.2783	
13.82	0.9764	0.0361	-2.0936	0.6533	0.1447	
13.83	0.8379	0.1968	-2.1768	0.5305	-0.0168	
13.84	0.7091	0.3629	-2.3144	0.4811	-0.1965	
13.85	0.5327	0.5263	-2.4226	0.5197	-0.3423	
13.86	0.4188	0.7394	-2.1067	0.5395	-0.4984	
13.87	0.3105	0.8057	-2.0221	0.7291	-0.6648	
13.88	0.1647	1.0434	-2.3721	0.9198	-0.9184	
13.89	0.0547	0.9908	-2.186	0.9789	-0.9944	
13.9	-0.0604	1.1614	-2.2166	1.3061	-1.1654	
13.91	-0.1696	1.2821	-2.0533	1.2704	-1.1702	
13.92	-0.263	1.2192	-1.8155	1.5774	-1.399	
13.93	-0.3274	1.4001	-1.6904	1.5822	-1.5294	
13.94	-0.4813	1.3364	-1.5418	1.6442	-1.3293	
13.95	-0.5428	1.2868	-1.3915	1.8457	-1.5947	
13.96	-0.6087	1.2281	-1.1352	1.6814	-1.4722	
13.97	-0.6076	1.0645	-0.9849	1.4921	-1.4543	
13.98	-0.5979	1.07	-0.8329	1.1392	-1.5451	
13.99	-0.6378	0.9422	-0.6998	1.0552	-1.4938	
14.0	-0.617	0.8557	-0.4757	0.6872	-1.3963	
14.01	-0.6862	0.7819	-0.3158	0.3568	-1.3247	
14.02	-0.6808	0.6069	-0.1123	0.0556	-1.3583	
14.03	-0.6201	0.4255	0.0808	-0.2537	-1.2631	
14.04	-0.5934	0.2897	0.2922	-0.5044	-1.0906	
14.05	-0.5475	0.13	0.429	-0.7858	-0.9275	
14.06	-0.4676	-0.0105	0.6857	-0.8936	-0.8355	
14.07	-0.3923	-0.1314	0.8197	-0.9773	-0.6326	
14.08	-0.3035	-0.2598	0.8889	-1.0953	-0.5565	
14.09	-0.2097	-0.3973	1.2259	-0.9221	-0.3769	
14.1	-0.1122	-0.472	1.2722	-0.7521	-0.2299	
14.11	-0.0074	-0.5057	1.4516	-0.656	-0.1058	
14.12	0.1011	-0.549	1.4136	-0.3876	0.0294	
14.13	0.2067	-0.6156	1.6484	-0.1818	0.1494	
14.14	0.2826	-0.5193	1.5945	0.0998	0.2706	
14.15	0.4049	-0.5457	1.7963	0.355	0.3254	
14.16	0.5223	-0.5029	1.6056	0.5905	0.4073	
14.17	0.595	-0.44	1.5747	0.7273	0.4904	
14.18	0.6481	-0.3225	1.7607	0.8962	0.5545	
14.19	0.7567	-0.2065	1.7031	0.9424	0.6279	
14.2	0.8656	-0.1004	1.6922	0.9482	0.6388	
14.21	0.9124	0.0433	1.5852	1.0254	0.562	
14.22	0.9535	0.1888	1.5654	0.8151	0.6266	
14.23	0.8918	0.3218	1.4507	0.7301	0.6346	
14.24	1.0034	0.4767	1.3283	0.5822	0.5356	
14.25	0.9704	0.6665	1.4198	0.3317	0.5736	
14.26	1.0193	0.7076	1.1372	0.166	0.451	
14.27	0.8938	0.9012	1.0845	-0.0303	0.4315	
14.28	0.9447	1.0452	1.0154	-0.1772	0.4314	
14.29	0.8338	1.1215	0.8543	-0.2886	0.3654	
14.3	0.8257	1.3009	0.802	-0.3428	0.2719	
14.31	0.7566	1.2114	0.689	-0.3072	0.278	
14.32	0.7611	1.3107	0.5956	-0.2711	0.2246	
14.33	0.6149	1.3744	0.4922	-0.1039	0.1836	
14.34	0.4862	1.2579	0.4554	0.1061	0.1707	
14.35	0.4461	1.2452	0.3708	0.3963	0.1438	
14.36	0.3147	1.3183	0.2736	0.685	0.1618	
14.37	0.215	1.0745	0.2447	1.0576	0.1783	
14.38	0.1224	1.1697	0.2195	1.2553	0.2224	
14.39	0.0005	0.9578	0.2121	1.7811	0.2887	
14.4	-0.1122	0.919	0.1727	2.0634	0.3222	
14.41	-0.2101	0.7659	0.1879	2.0976	0.4366	
14.42	-0.2964	0.5368	0.2231	2.3586	0.4693	
14.43	-0.428	0.3598	0.235	2.6509	0.5554	
14.44	-0.5191	0.2315	0.2841	2.2224	0.8106	
14.45	-0.6425	0.0517	0.3401	2.1692	0.7981	
14.46	-0.6446	-0.1079	0.3876	2.1128	1.0294	
14.47	-0.696	-0.2615	0.4991	2.033	1.1323	
14.48	-0.8384	-0.4238	0.5914	2.0656	1.3455	
14.49	-0.775	-0.5115	0.6004	1.5856	1.6231	
14.5	-0.9017	-0.6402	0.6891	1.5607	1.6944	
14.51	-0.9449	-0.7166	0.8116	1.2865	1.8423	
14.52	-0.8549	-0.8272	0.9004	1.0333	2.1024	
14.53	-0.9379	-0.8023	1.0879	0.8961	2.0396	
14.54	-0.9133	-0.8465	0.9944	0.6918	2.1503	
14.55	-0.8477	-0.8659	1.1042	0.6721	2.2596	
14.56	-0.8664	-0.9088	1.129	0.6343	2.3113	
14.57	-0.7433	-0.8486	1.3448	0.7721	2.4463	
14.58	-0.7053	-0.7421	1.4811	0.8807	2.5699	
14.59	-0.5639	-0.6522	1.3944	0.9732	2.8778	
14.6	-0.4805	-0.554	1.3366	1.2964	2.5194	
14.61	-0.3243	-0.4943	1.5291	1.5639	2.7212	
14.62	-0.2207	-0.3259	1.3123	1.7886	2.3923	
14.63	-0.1202	-0.2085	1.4004	1.988	2.384	
14.64	0.0141	-0.0616	1.4978	2.169	2.7307	
14.65	0.144	0.078	1.5042	2.1674	2.4866	
14.66	0.3001	0.201	1.262	1.998	2.0684	
14.67	0.4542	0.3085	1.2146	2.1795	2.2473	
14.68	0.6076	0.4866	1.11	2.1771	2.0314	
14.69	0.6762	0.5865	1.1501	1.761	1.7151	
14.7	0.9124	0.5927	0.9613	1.8306	1.6136	
14.71	0.9613	0.7569	0.8589	1.3568	1.2688	
14.72	1.1576	0.7635	0.6413	0.9835	1.0204	
14.73	1.1192	0.7345	0.5141	0.7829	0.8984	
14.74	1.333	0.7669	0.4557	0.3965	0.6741	
14.75	1.5073	0.8498	0.2725	0.0649	0.3669	
14.76	1.4693	0.7311	0.1313	-0.2541	0.1282	
14.77	1.4777	0.627	0.0019	-0.4642	-0.1142	
14.78	1.6413	0.5857	-0.1469	-0.7465	-0.3806	
14.79	1.7596	0.5417	-0.2566	-0.801	-0.597	
14.8	1.6938	0.3897	-0.4378	-0.8441	-0.8499	
14.81	1.7484	0.2418	-0.5676	-0.933	-1.057	
14.82	1.6865	0.0818	-0.6816	-0.8125	-1.1448	
14.83	1.7958	-0.0849	-0.7832	-0.7144	-1.4163	
14.84	1.7276	-0.2492	-0.8662	-0.543	-1.6036	
14.85	1.7279	-0.4124	-0.83	-0.3055	-1.6205	
14.86	1.5155	-0.6375	-0.9745	-0.1167	-1.6987	
14.87	1.6073	-0.7272	-0.9534	0.0713	-1.7706	
14.88	1.5063	-0.9162	-1.0132	0.2435	-2.0154	
14.89	1.5456	-1.0351	-1.047	0.335	-1.7069	
14.9	1.2285	-1.2186	-0.9709	0.4077	-1.8244	
14.91	1.3525	-1.3803	-0.9341	0.4599	-1.9875	
14.92	1.0476	-1.2609	-0.922	0.3828	-1.7997	
14.93	1.0706	-1.5403	-0.7396	0.2618	-1.8827	
14.94	1.0668	-1.4571	-0.6805	0.0658	-1.8346	
14.95	0.9167	-1.4413	-0.6302	-0.1423	-1.5358	
14.96	0.7205	-1.3548	-0.5195	-0.3853	-1.714	
14.97	0.7126	-1.5522	-0.3506	-0.6121	-1.4507	
14.98	0.6612	-1.3568	-0.2385	-0.9665	-1.3588	
14.99	0.4872	-1.2414	-0.1141	-1.08	-1.3442	
15.0	0.4798	-1.2376	0.0399	-1.3765	-1.157	
15.01	0.4121	-1.001	0.1924	-1.574	-1.1191	
15.02	0.3682	-1.0348	0.3646	-1.7952	-1.0176	
15.03	0.2801	-0.7838	0.5429	-1.6558	-0.8371	
15.04	0.2491	-0.6978	0.6265	-1.7008	-0.8352	
15.05	0.2394	-0.4815	0.8279	-1.3876	-0.7659	
15.06	0.2129	-0.396	0.9818	-1.4164	-0.7433	
15.07	0.229	-0.219	1.0324	-1.1084	-0.6934	
15.08	0.2228	-0.0926	1.2683	-0.7142	-0.6192	
15.09	0.2601	0.0265	1.2694	-0.4449	-0.5684	
15.1	0.2957	0.1449	1.3498	-0.15	-0.6221	
15.11	0.3153	0.2292	1.6524	0.1503	-0.6068	
15.12	0.386	0.3367	1.4929	0.4217	-0.6354	
15.13	0.4541	0.3429	1.6602	0.6272	-0.5882	
15.14	0.5197	0.3615	1.826	0.8615	-0.6715	
15.15	0.6732	0.4113	1.7609	0.9432	-0.7212	
15.16	0.8014	0.4288	1.8892	0.9171	-0.7055	
15.17	0.8304	0.3654	1.6569	0.971	-0.7863	
15.18	0.9096	0.2921	1.8031	0.7815	-0.9736	
15.19	1.0917	0.2246	1.7986	0.7397	-1.0285	
15.2	1.2398	0.1136	1.7269	0.523	-0.9693	
15.21	1.2029	0.0021	1.4113	0.2957	-1.0859	
15.22	1.4578	-0.1233	1.5196	0.1359	-1.2735	
15.23	1.5307	-0.2703	1.2782	-0.0516	-1.2024	
15.24	1.6341	-0.4099	1.3738	-0.2251	-1.1758	
15.25	1.7223	-0.5988	1.2095	-0.3024	-1.3585	
15.26	1.7858	-0.6523	1.1992	-0.3958	-1.3016	
15.27	2.0519	-0.9122	1.034	-0.3941	-1.2211	
15.28	2.0546	-0.9965	0.9267	-0.2928	-1.3449	
15.29	1.8272	-1.1968	0.7129	-0.1681	-1.3763	
15.3	2.138	-1.2985	0.6477	0.0224	-1.3056	
15.31	2.0372	-1.4156	0.5488	0.2559	-1.2729	
15.32	2.0931	-1.4175	0.4158	0.5402	-1.1676	
15.33	2.1649	-1.5593	0.3316	0.8127	-0.9542	
15.34	1.9426	-1.4006	0.2638	1.184	-0.8739	
15.35	2.2427	-1.6583	0.1876	1.4723	-0.8699	
15.36	2.1855	-1.6677	0.1209	1.5129	-0.6744	
15.37	1.8351	-1.4171	0.0687	1.8574	-0.4769	
15.38	1.9793	-1.3068	0.0273	1.658	-0.3567	
15.39	2.0268	-1.2486	0.0021	1.9711	-0.2123	
15.4	1.8725	-1.1438	-0.0121	1.8184	-0.0498	
15.41	1.5614	-1.1637	-0.015	1.6784	0.1146	
15.42	1.5315	-1.0068	-0.0039	1.4323	0.2951	
15.43	1.3738	-0.8381	0.0201	1.1922	0.4785	
15.44	1.3796	-0.7441	0.0535	0.9252	0.55	
15.45	1.0881	-0.5192	0.1001	0.755	0.7712	
15.46	1.0218	-0.3373	0.1589	0.4237	0.8601	
15.47	0.9346	-0.2016	0.2255	0.1098	1.0276	
15.48	0.6875	-0.0255	0.2491	-0.1688	1.1937	
15.49	0.6183	0.1142	0.3598	-0.4059	1.2511	
15.5	0.4316	0.2794	0.4328	-0.5716	1.2446	
15.51	0.3058	0.3772	0.5011	-0.7215	1.2868	
15.52	0.1418	0.4722	0.5982	-0.6539	1.1856	
15.53	-0.0053	0.6357	0.6923	-0.6936	1.189	
15.54	-0.1427	0.6391	0.7429	-0.5693	1.2867	
15.55	-0.2372	0.7443	0.8068	-0.4402	1.2976	
15.56	-0.4016	0.7819	0.7615	-0.2954	1.2604	
15.57	-0.4651	0.7778	0.7837	-0.1534	1.1798	
15.58	-0.6102	0.7603	0.9135	0.034	1.0136	
15.59	-0.6683	0.6397	0.9145	0.2036	0.8796	
15.6	-0.716	0.5647	0.9593	0.309	0.7704	
15.61	-0.7789	0.4859	0.9211	0.4049	0.5389	
15.62	-0.8575	0.4262	0.9138	0.4529	0.4725	
15.63	-0.9335	0.3053	0.8793	0.3861	0.2782	
15.64	-0.8094	0.1564	0.8145	0.2334	0.1113	
15.65	-0.9146	0.0414	0.6565	0.0877	-0.0674	
15.66	-0.9363	-0.0893	0.6241	-0.1634	-0.2167	
15.67	-0.8188	-0.2218	0.4404	-0.4518	-0.3733	
15.68	-0.9154	-0.3445	0.3577	-0.7612	-0.5632	
15.69	-0.7839	-0.4269	0.216	-0.9899	-0.6455	
15.7	-0.8185	-0.5297	0.0506	-1.3541	-0.884	
15.71	-0.767	-0.6893	-0.1118	-1.7785	-0.9659	
15.72	-0.6495	-0.8117	-0.2925	-2.1228	-1.0031	
15.73	-0.5673	-0.7575	-0.4803	-2.012	-1.0998	
15.74	-0.5722	-0.9122	-0.605	-2.4619	-1.2788	
15.75	-0.5175	-0.7704	-0.8803	-2.2693	-1.2969	
15.76	-0.3714	-0.784	-0.9628	-2.179	-1.3544	
15.77	-0.3094	-0.8636	-1.2539	-2.3052	-1.2303	
15.78	-0.2553	-0.7969	-1.3247	-2.0355	-1.3325	
15.79	-0.2189	-0.6659	-1.6481	-1.8441	-1.2237	
15.8	-0.1785	-0.5024	-1.6037	-1.8708	-1.1896	
15.81	-0.1231	-0.443	-2.069	-1.4485	-1.0699	
15.82	-0.0743	-0.2858	-2.258	-1.2226	-0.8883	
15.83	-0.0475	-0.125	-2.078	-1.1113	-0.8505	
15.84	-0.0285	0.0437	-2.2517	-0.8779	-0.6433	
15.85	-0.0184	0.2047	-2.4197	-0.6268	-0.5348	
15.86	-0.0242	0.3816	-2.6112	-0.5778	-0.3223	
15.87	-0.0354	0.5607	-2.6593	-0.497	-0.1586	
15.88	-0.064	0.8105	-2.887	-0.4508	0.0131	
15.89	-0.1182	0.8396	-2.8122	-0.591	0.1981	
15.9	-0.149	1.0354	-2.8943	-0.6415	0.3946	
15.91	-0.2183	1.1242	-3.1027	-0.9014	0.6139	
15.92	-0.2966	1.3873	-2.8339	-0.9948	0.8044	
15.93	-0.4097	1.6156	-3.0345	-1.2145	0.8387	
15.94	-0.472	1.4717	-2.8682	-1.3849	1.1549	
15.95	-0.592	1.5276	-2.9197	-1.7242	1.2563	
15.96	-0.6674	1.8557	-2.4013	-1.7574	1.3995	
15.97	-0.9289	1.8639	-2.7067	-1.958	1.5618	
15.98	-0.9227	1.8672	-2.3324	-2.0668	1.4404	
15.99	-1.159	1.6813	-2.2575	-1.9695	1.6992	
16.0	-1.2055	1.5214	-2.0763	-1.8588	1.7502	
16.01	-1.4554	1.5818	-2.2004	-1.7134	1.6042	
16.02	-1.6375	1.6508	-2.1337	-1.4781	1.6197	
16.03	-1.707	1.4663	-1.893	-1.1878	1.6241	
16.04	-1.9085	1.3216	-1.6832	-0.8417	1.8565	
16.05	-1.9878	1.1194	-1.6856	-0.4638	1.8381	
16.06	-1.9852	1.1393	-1.3143	-0.1726	1.8172	
16.07	-2.1523	0.9874	-1.3107	0.1389	1.5797	
16.08	-2.371	0.7841	-1.2424	0.4367	1.4742	
16.09	-2.4501	0.7369	-1.07	0.6037	1.433	
16.1	-2.4978	0.5351	-0.9182	0.7504	1.3042	
16.11	-2.6112	0.5285	-0.8475	0.9185	1.1545	
16.12	-2.8403	0.4021	-0.8303	0.9171	1.2286	
16.13	-2.6418	0.3249	-0.7301	0.7854	1.1318	
16.14	-2.7671	0.2985	-0.5967	0.6535	1.0113	
16.15	-2.8017	0.2482	-0.5791	0.4877	0.8628	
16.16	-2.9843	0.2408	-0.6106	0.2808	0.9081	
16.17	-3.2236	0.3069	-0.5922	0.0734	0.8126	
16.18	-3.2042	0.3042	-0.5324	-0.1546	0.7127	
16.19	-2.9684	0.3557	-0.5295	-0.3968	0.6201	
16.2	-2.6878	0.4686	-0.5714	-0.5698	0.5729	
16.21	-2.8847	0.5322	-0.6413	-0.6803	0.5773	
16.22	-2.943	0.6801	-0.5589	-0.8869	0.5802	
16.23	-2.8256	0.8357	-0.688	-0.8933	0.587	
16.24	-2.3935	0.9897	-0.72	-0.756	0.6665	
16.25	-2.553	1.1174	-0.7091	-0.7518	0.6881	
16.26	-2.1873	1.2366	-0.8556	-0.5336	0.708	
16.27	-2.3151	1.549	-0.8466	-0.3895	0.678	
16.28	-2.3318	1.6872	-0.9749	-0.1998	0.8381	
16.29	-2.0569	1.8503	-1.0499	0.0428	0.762	
16.3	-1.8227	1.9203	-0.928	0.285	0.8563	
16.31	-1.9801	2.2638	-1.0714	0.4521	0.9726	
16.32	-1.7079	2.1193	-1.1867	0.6333	0.936	
16.33	-1.6505	2.4085	-1.1923	0.6842	1.1376	
16.34	-1.3327	2.7269	-1.1174	0.7327	1.236	
16.35	-1.3454	2.8359	-1.1377	0.6535	1.12	
16.36	-1.1543	2.5625	-1.1195	0.5936	1.1791	
16.37	-1.0617	2.661	-1.1444	0.454	1.2219	
16.38	-1.0914	2.6762	-1.1189	0.1813	1.3342	
16.39	-1.0484	2.8775	-0.948	-0.0774	1.2373	
16.4	-0.8426	2.9211	-0.855	-0.4419	1.2818	
16.41	-0.8224	2.6994	-0.8489	-0.7821	1.1116	
16.42	-0.7997	2.602	-0.7459	-1.1239	1.2477	
16.43	-0.8316	2.4015	-0.5377	-1.3463	0.9645	
16.44	-0.7138	2.2052	-0.4187	-1.5958	0.9515	
16.45	-0.7018	2.0406	-0.3001	-1.8372	0.9136	
16.46	-0.8366	2.234	-0.1687	-2.2178	0.7149	
16.47	-0.7071	2.0208	-0.0156	-2.0729	0.5632	
16.48	-0.8641	1.6285	0.1422	-2.2105	0.3716	
16.49	-0.7791	1.6418	0.3271	-2.1916	0.1915	
16.5	-0.9179	1.4223	0.4872	-2.2144	0.0054	
16.51	-0.8955	1.2729	0.6597	-1.9879	-0.1916	
16.52	-1.0599	1.2455	0.7465	-1.7516	-0.4487	
16.53	-0.9724	1.2568	1.0181	-1.6902	-0.659	
16.54	-1.1069	1.1625	1.0894	-1.2605	-0.9072	
16.55	-1.2197	0.9789	1.3319	-1.1498	-1.0212	
16.56	-1.3122	1.0542	1.5652	-0.9473	-1.2646	
16.57	-1.3542	1.0033	1.5521	-0.9392	-1.5581	
16.58	-1.5186	0.8812	1.6657	-0.7992	-1.7667	
16.59	-1.6149	1.0608	1.9942	-0.9046	-1.8657	
16.6	-1.4295	1.1337	2.0163	-1.0329	-2.0844	
16.61	-1.7728	1.179	1.8144	-1.1776	-2.3129	
16.62	-1.5996	1.2537	2.1122	-1.3766	-2.7158	
16.63	-1.9089	1.2201	2.0333	-1.5832	-2.5766	
16.64	-1.6795	1.3781	2.1649	-1.6725	-2.6297	
16.65	-1.8693	1.5468	1.9566	-1.855	-2.8758	
16.66	-1.8075	1.8359	2.1307	-2.1785	-2.8303	
16.67	-1.8707	1.7807	1.9534	-2.6734	-2.7576	
16.68	-1.8353	2.2298	2.098	-2.7184	-2.9611	
16.69	-1.6607	2.2211	1.9796	-3.0979	-2.9553	
16.7	-1.7751	2.5048	1.924	-3.0189	-2.8167	
16.71	-1.8742	2.6908	1.9051	-2.6113	-2.6436	
16.72	-1.4959	2.7358	1.6077	-2.8605	-2.4853	
16.73	-1.5325	2.9466	1.5934	-2.6368	-2.5985	
16.74	-1.4177	2.7843	1.3213	-2.6916	-2.4429	
16.75	-1.4777	3.0288	1.3824	-2.1085	-2.46	
16.76	-1.2882	3.0821	1.1584	-2.057	-2.3073	
16.77	-1.1456	2.8695	1.041	-1.4439	-1.9796	
16.78	-0.9138	2.9598	0.848	-1.3699	-1.8693	
16.79	-0.9142	2.8207	0.7406	-0.9006	-1.6862	
16.8	-0.6923	2.6708	0.5581	-0.7082	-1.3701	
16.81	-0.5061	2.7658	0.3576	-0.4458	-1.2535	
16.82	-0.3736	2.9065	0.2516	-0.3366	-0.9135	
16.83	-0.2295	2.8657	0.1401	-0.2302	-0.7568	
16.84	-0.0614	2.5594	0.0144	-0.1951	-0.6109	
16.85	0.1014	2.4667	-0.0892	-0.2276	-0.458	
16.86	0.2822	2.1656	-0.1731	-0.3528	-0.2928	
16.87	0.4175	2.1288	-0.2768	-0.4538	-0.1099	
16.88	0.5385	1.7916	-0.2978	-0.6513	0.0094	
16.89	0.7576	1.6872	-0.3586	-0.8697	0.1321	
16.9	0.809	1.6612	-0.3645	-1.0412	0.1973	
16.91	1.0249	1.4588	-0.4485	-1.2597	0.3142	
16.92	1.1231	1.1282	-0.4394	-1.2292	0.3789	
16.93	1.1522	1.1518	-0.3777	-1.3911	0.3665	
16.94	1.2023	1.0583	-0.3597	-1.4709	0.4233	
16.95	1.3715	0.8301	-0.3664	-1.4868	0.4048	
16.96	1.5717	0.7857	-0.2687	-1.2121	0.3767	
16.97	1.6021	0.8076	-0.215	-1.1945	0.367	
16.98	1.5725	0.7647	-0.1417	-0.9502	0.322	
16.99	1.4428	0.7801	-0.0606	-0.6116	0.3361	
17.0	1.6317	0.7681	0.0306	-0.3072	0.2398	
17.01	1.6312	0.8291	0.1152	-0.0191	0.1834	
17.02	1.4506	0.7979	0.2173	0.2778	0.1286	
17.03	1.6464	0.8246	0.3301	0.5652	0.0655	
17.04	1.4287	0.9723	0.4279	0.7045	0.0098	
17.05	1.4255	1.2173	0.4961	0.878	-0.0539	
17.06	1.3523	1.3514	0.6311	1.0466	-0.1014	
17.07	1.2849	1.2871	0.6438	1.0031	-0.1514	
17.08	1.2971	1.3479	0.7099	1.0752	-0.1697	
17.09	1.0672	1.5282	0.8365	0.8737	-0.2011	
17.1	1.0055	1.9069	0.8524	0.6434	-0.2122	
17.11	1.0414	1.8847	0.9574	0.5059	-0.224	
17.12	0.8079	1.8583	0.9269	0.19	-0.2174	
17.13	0.7223	1.9944	1.0816	-0.089	-0.1965	
17.14	0.6791	2.046	1.0246	-0.4031	-0.1379	
17.15	0.6233	2.1461	1.0772	-0.6974	-0.0741	
17.16	0.5238	2.1567	1.0577	-0.9576	-0.0145	
17.17	0.465	2.1891	0.9144	-1.0674	0.0712	
17.18	0.4047	2.4833	0.9524	-1.2051	0.1625	
17.19	0.3354	2.2357	0.8233	-1.1941	0.2449	
17.2	0.2853	2.0358	0.7591	-1.2948	0.3975	
17.21	0.2624	2.258	0.7398	-1.2404	0.4853	
17.22	0.2078	1.9527	0.6459	-1.172	0.6113	
17.23	0.2013	1.947	0.4875	-0.9492	0.6988	
17.24	0.2204	1.9361	0.3873	-0.7511	0.7857	
17.25	0.2445	1.649	0.3359	-0.6259	0.8837	
17.26	0.2264	1.5182	0.2183	-0.3994	0.9744	
17.27	0.2604	1.2623	0.1052	-0.231	1.2171	
17.28	0.3078	1.0783	0.0107	-0.0892	1.3305	
17.29	0.4187	0.9788	-0.0947	-0.016	1.347	
17.3	0.4231	0.6899	-0.1876	-0.0019	1.4315	
17.31	0.5696	0.55	-0.2392	-0.0563	1.347	
17.32	0.6336	0.3898	-0.3406	-0.1755	1.337	
17.33	0.6499	0.2299	-0.4234	-0.3471	1.4902	
17.34	0.7634	0.0955	-0.4555	-0.6277	1.3398	
17.35	0.9671	-0.0164	-0.4427	-0.9516	1.4751	
17.36	0.9729	-0.1138	-0.4632	-1.2883	1.3188	
17.37	1.1308	-0.2168	-0.522	-1.5723	1.1682	
17.38	1.2713	-0.2484	-0.529	-1.7621	1.2304	
17.39	1.4766	-0.2774	-0.4949	-2.1827	1.1455	
17.4	1.5872	-0.2978	-0.4439	-2.3839	0.8715	
17.41	1.6117	-0.2825	-0.4359	-2.4686	0.8902	
17.42	1.6673	-0.2598	-0.3431	-2.6295	0.7198	
17.43	1.761	-0.1874	-0.2471	-2.7519	0.4966	
17.44	1.745	-0.1129	-0.149	-2.5811	0.4015	
17.45	1.9991	-0.0259	-0.0311	-2.6482	0.219	
17.46	1.9179	0.0748	0.0885	-2.265	0.0703	
17.47	1.9374	0.2083	0.2092	-2.1749	-0.0899	
17.48	1.9002	0.3156	0.3694	-1.9859	-0.2505	
17.49	2.1552	0.4306	0.4925	-1.7409	-0.3651	
17.5	1.9733	0.5536	0.6114	-1.2886	-0.4558	
17.51	2.1824	0.659	0.789	-1.1724	-0.6021	
17.52	1.9068	0.7973	0.9908	-0.9887	-0.7157	
17.53	2.2521	0.919	1.0333	-0.7621	-0.8584	
17.54	1.9346	0.956	1.1793	-0.7107	-0.7806	
17.55	2.1068	1.1568	1.3496	-0.6441	-0.9507	
17.56	1.9265	1.0552	1.6576	-0.6579	-0.865	
17.57	1.8842	1.094	1.7387	-0.7523	-0.9758	
17.58	1.7054	1.2789	1.7344	-0.8498	-0.8186	
17.59	1.6235	1.1168	1.8332	-0.9882	-0.8572	
17.6	1.5481	1.1162	1.9508	-1.2064	-0.8496	
17.61	1.5144	1.1578	1.9524	-1.518	-0.6552	
17.62	1.2881	1.0696	2.2674	-1.7293	-0.5495	
17.63	1.2185	0.9151	1.9824	-1.7027	-0.4873	
17.64	0.9758	0.7855	2.0705	-1.8618	-0.3214	
17.65	0.919	0.6023	2.2657	-1.7621	-0.1668	
17.66	0.662	0.4854	2.2816	-1.7309	0.0075	
17.67	0.6169	0.292	1.9744	-2.0371	0.1909	
17.68	0.4747	0.1132	2.1118	-1.6392	0.3962	
17.69	0.3053	-0.0579	1.8749	-1.3756	0.5613	
17.7	0.1751	-0.2105	1.9822	-1.3174	0.6772	
17.71	0.0671	-0.4365	1.9149	-0.987	0.8972	
17.72	-0.047	-0.5923	1.6118	-0.5836	1.2238	
17.73	-0.1582	-0.7388	1.4572	-0.2536	1.219	
17.74	-0.2622	-0.8336	1.3842	0.0642	1.5149	
17.75	-0.337	-0.9337	1.3112	0.3659	1.6649	
17.76	-0.3899	-1.0353	1.1531	0.606	1.5684	
17.77	-0.4224	-1.2813	1.0086	0.8665	1.9446	
17.78	-0.5081	-1.3277	0.8569	0.941	2.0329	
17.79	-0.5254	-1.2791	0.6953	1.0904	1.9289	
17.8	-0.5114	-1.2224	0.4339	1.0057	2.0229	
17.81	-0.5257	-1.4333	0.2868	1.134	1.977	
17.82	-0.4824	-1.3895	0.1488	0.9115	2.1004	
17.83	-0.5336	-1.2203	0.0213	0.7528	2.1873	
17.84	-0.4954	-1.1718	-0.1125	0.5399	2.213	
17.85	-0.443	-1.0234	-0.2414	0.3674	1.8409	
17.86	-0.3162	-0.9074	-0.3481	0.1303	1.8542	
17.87	-0.2687	-0.8554	-0.4159	-0.0711	1.6617	
17.88	-0.1907	-0.7557	-0.5254	-0.2218	1.5296	
17.89	-0.1285	-0.573	-0.6619	-0.3656	1.6294	
17.9	-0.032	-0.3867	-0.7098	-0.3858	1.2859	
17.91	0.0569	-0.2787	-0.7119	-0.3575	1.3322	
17.92	0.1549	-0.1403	-0.7125	-0.3181	1.0746	
17.93	0.2585	-0.0135	-0.8021	-0.1952	0.8429	
17.94	0.3142	0.095	-0.8781	-0.0081	0.7775	
17.95	0.4425	0.1967	-0.8107	0.2229	0.5457	
17.96	0.5499	0.278	-0.717	0.4209	0.4042	
17.97	0.6305	0.3342	-0.7208	0.6865	0.2395	
17.98	0.6457	0.4194	-0.708	0.9345	0.0667	
17.99	0.7768	0.4372	-0.678	1.1832	-0.081	
18.0	0.8171	0.3697	-0.6048	1.2114	-0.211	
18.01	0.9843	0.3446	-0.6444	1.504	-0.3298	
18.02	0.8671	0.3375	-0.5378	1.4789	-0.4441	
18.03	1.0442	0.2727	-0.5235	1.3627	-0.5609	
18.04	1.0494	0.1506	-0.4161	1.1454	-0.607	
18.05	1.036	0.0607	-0.3948	1.1619	-0.6182	
18.06	0.906	-0.0686	-0.3486	0.9353	-0.7381	
18.07	0.9086	-0.1972	-0.3101	0.5509	-0.6922	
18.08	0.8641	-0.3374	-0.3185	0.2781	-0.7309	
18.09	0.9094	-0.4799	-0.2935	-0.0648	-0.8162	
18.1	0.817	-0.7268	-0.267	-0.3779	-0.7613	
18.11	0.8008	-0.7875	-0.3044	-0.6077	-0.7795	
18.12	0.6897	-0.9001	-0.3134	-0.8596	-0.7487	
18.13	0.7105	-1.1308	-0.3477	-1.1401	-0.6961	
18.14	0.558	-1.2126	-0.3948	-1.1509	-0.6155	
18.15	0.4265	-1.4822	-0.4221	-1.2076	-0.5817	
18.16	0.3313	-1.4728	-0.4693	-1.2046	-0.6126	
18.17	0.2357	-1.4396	-0.5942	-1.1955	-0.5889	
18.18	0.1448	-1.4732	-0.6631	-1.1483	-0.5424	
18.19	0.0205	-1.6011	-0.7674	-1.0296	-0.4523	
18.2	-0.0876	-1.7587	-0.9657	-0.8418	-0.4606	
18.21	-0.2198	-1.7073	-0.9791	-0.5326	-0.4544	
18.22	-0.3204	-1.6781	-1.1169	-0.3552	-0.4785	
18.23	-0.4414	-1.4413	-1.3327	-0.1813	-0.4814	
18.24	-0.4784	-1.3751	-1.5331	-0.0273	-0.5011	
18.25	-0.6138	-1.3932	-1.7978	0.0706	-0.6595	
18.26	-0.6876	-1.3513	-1.7011	0.1004	-0.649	
18.27	-0.7243	-1.0726	-2.0539	0.0911	-0.7847	
18.28	-0.8503	-0.8949	-2.186	-0.0035	-0.9059	
18.29	-0.8108	-0.8514	-2.2393	-0.1496	-1.0054	
18.3	-0.8296	-0.7004	-2.5127	-0.3335	-0.9552	
18.31	-0.9469	-0.4696	-2.6298	-0.5254	-1.1294	
18.32	-0.9204	-0.3516	-2.3729	-0.8948	-1.2749	
18.33	-0.916	-0.1841	-2.502	-1.0579	-1.3438	
18.34	-0.9652	-0.0447	-2.9285	-1.3426	-1.5994	
18.35	-0.9599	0.0798	-3.0487	-1.5902	-1.7248	
18.36	-0.8605	0.2121	-3.1483	-1.595	-1.7928	
18.37	-0.7522	0.3075	-2.7011	-1.7549	-2.0463	
18.38	-0.7449	0.4036	-2.6611	-1.8486	-2.2297	
18.39	-0.6375	0.3933	-3.0083	-1.7984	-2.0598	
18.4	-0.5206	0.5003	-2.8914	-1.6199	-2.2904	
18.41	-0.437	0.4195	-3.1494	-1.5595	-2.5399	
18.42	-0.3659	0.4177	-3.0047	-1.2851	-2.4278	
18.43	-0.2306	0.3704	-2.8797	-1.0907	-2.3357	
18.44	-0.1173	0.3153	-2.6326	-0.6981	-2.6127	
18.45	0.0187	0.2579	-2.388	-0.3534	-2.5078	
18.46	0.1449	0.1761	-2.2467	-0.0579	-2.6767	
18.47	0.2889	0.0558	-2.43	0.2187	-2.6755	
18.48	0.4371	-0.0587	-2.2583	0.5173	-2.3528	
18.49	0.5085	-0.1855	-1.7752	0.7452	-2.3374	
18.5	0.701	-0.3573	-1.8509	0.8461	-2.3749	
18.51	0.7759	-0.5134	-1.4246	0.8543	-2.0079	
18.52	0.8473	-0.5832	-1.4811	0.936	-2.0244	
18.53	0.9864	-0.8218	-1.2326	0.9128	-1.863	
18.54	1.0396	-0.9012	-0.9723	0.8363	-1.7388	
18.55	1.3151	-0.9975	-0.7637	0.6584	-1.4508	
18.56	1.2098	-1.0485	-0.7295	0.517	-1.3153	
18.57	1.2756	-1.2685	-0.449	0.3247	-1.0401	
18.58	1.2746	-1.1202	-0.3557	0.1417	-0.8192	
18.59	1.4096	-1.3425	-0.1781	-0.0055	-0.5236	
18.6	1.3435	-1.2994	-0.0322	-0.1146	-0.263	
18.61	1.5995	-1.384	0.0926	-0.1735	-0.0346	
18.62	1.4695	-1.3382	0.2129	-0.1571	0.2243	
18.63	1.5085	-1.1619	0.3428	-0.0765	0.4488	
18.64	1.5284	-1.1912	0.431	0.0644	0.666	
18.65	1.3119	-1.0758	0.4719	0.2399	0.9201	
18.66	1.4499	-0.84	0.4926	0.5182	0.9845	
18.67	1.2395	-0.8249	0.5666	0.8083	1.1598	
18.68	1.1821	-0.6156	0.6158	1.0064	1.4992	
18.69	1.2208	-0.458	0.6601	1.3356	1.5895	
18.7	1.1199	-0.2826	0.5432	1.7029	1.8091	
18.71	1.0196	-0.1158	0.5277	2.0637	1.6525	
18.72	0.9064	0.0603	0.5516	1.9886	1.9596	
18.73	0.7794	0.2079	0.5183	2.1774	1.7181	
18.74	0.7274	0.4181	0.4529	2.22	1.7347	
