0.01	0.1576	0.7047	0.3254	0.2247	0.2363	0.124	
0.02	0.2928	1.1534	0.6123	0.4368	0.5357	0.2577	
0.03	0.4435	1.1123	0.9546	0.6549	0.6833	0.4182	
0.04	0.6104	0.5118	1.0588	0.9334	0.9976	0.4845	
0.05	0.7605	-0.0686	1.2666	1.0629	1.1321	0.7166	
0.06	0.941	-0.5203	1.2161	1.2751	1.3456	0.7657	
0.07	0.9567	-0.6451	1.388	1.318	1.2732	0.8207	
0.08	1.0703	-0.3177	1.1476	1.4492	1.4848	0.9142	
0.09	1.1651	0.3264	1.1367	1.5251	1.5543	1.011	
0.1	1.3343	0.9981	0.7735	1.5886	1.456	1.2008	
0.11	1.5051	1.4116	0.6463	1.4433	1.4533	1.1843	
0.12	1.4464	1.3409	0.3644	1.6262	1.42	1.3834	
0.13	1.5227	1.119	0.1995	1.4134	1.3266	1.4073	
0.14	1.7571	0.4258	0.0038	1.3463	1.1106	1.5494	
0.15	1.8651	-0.1194	-0.1204	1.4477	0.9562	1.4356	
0.16	1.6436	-0.2819	-0.1868	1.2499	0.7444	1.6568	
0.17	1.7013	-0.026	-0.1947	1.1887	0.6129	1.5841	
0.18	1.7413	0.5643	-0.1235	0.9706	0.5428	1.5149	
0.19	1.7976	1.1787	0.0376	0.8502	0.3451	1.7298	
0.2	1.6523	1.6335	0.2728	0.8036	0.2527	1.4891	
0.21	1.553	1.8793	0.5621	0.6574	0.1925	1.538	
0.22	1.6036	1.36	0.83	0.4977	0.1719	1.6752	
0.23	1.7018	0.9319	1.1051	0.4547	0.17	1.3903	
0.24	1.5839	0.2868	1.4514	0.4195	0.1851	1.4787	
0.25	1.4019	0.0709	1.6107	0.3314	0.2891	1.3989	
0.26	1.5465	0.2937	1.815	0.3885	0.3891	1.4963	
0.27	1.2054	0.8273	2.2617	0.3804	0.5203	1.1905	
0.28	1.1958	1.4883	2.1136	0.4154	0.7018	1.333	
0.29	1.0659	2.2832	2.2616	0.4746	0.9193	1.1503	
0.3	1.0453	2.0222	1.9948	0.5653	1.1963	1.0031	
0.31	0.9621	1.9331	1.9655	0.6965	1.234	1.0771	
0.32	0.9841	1.3318	1.8277	0.938	1.5403	0.946	
0.33	0.8546	0.6523	1.6338	1.1867	1.8234	0.8705	
0.34	0.7698	0.3634	1.2801	1.2037	1.9045	0.888	
0.35	0.719	0.5635	1.1057	1.4738	2.2173	0.7936	
0.36	0.6531	1.0068	0.7957	1.72	2.5069	0.734	
0.37	0.4829	1.5991	0.6215	1.7472	2.1757	0.611	
0.38	0.4625	2.3574	0.488	2.1848	2.5895	0.6095	
0.39	0.4374	2.4438	0.4259	2.1311	2.5902	0.513	
0.4	0.4042	2.0311	0.496	2.6022	2.276	0.4253	
0.41	0.3696	1.6941	0.4956	2.5787	2.4064	0.391	
0.42	0.3292	1.0033	0.7142	2.8126	2.5364	0.4161	
0.43	0.2944	0.5887	0.8639	2.5017	2.0301	0.3784	
0.44	0.2886	0.7482	1.1455	2.7314	2.0307	0.3665	
0.45	0.3079	1.0833	1.4286	2.8676	1.9161	0.3643	
0.46	0.346	2.0367	1.6891	2.8364	1.6092	0.4205	
0.47	0.3851	2.3605	1.8028	2.5117	1.5084	0.4284	
0.48	0.4259	2.8978	2.2032	2.9701	1.2956	0.4317	
0.49	0.4819	2.6374	2.2849	2.4197	1.0057	0.5078	
0.5	0.5303	1.7707	2.4537	2.5221	0.7597	0.4808	
0.51	0.5101	1.3046	2.5491	2.1424	0.6753	0.522	
0.52	0.6559	0.8384	2.371	2.1135	0.5142	0.6793	
0.53	0.6784	0.7697	2.5259	2.2009	0.4147	0.7697	
0.54	0.833	1.1284	2.0132	1.8883	0.3614	0.787	
0.55	0.826	1.8392	1.7297	1.5877	0.2946	0.8131	
0.56	0.9917	2.3179	1.7028	1.5352	0.307	1.0536	
0.57	1.0039	3.0122	1.2229	1.2907	0.3953	1.1181	
0.58	1.0009	2.5536	1.0562	1.1555	0.422	1.1117	
0.59	1.235	1.9564	0.8592	1.0996	0.5151	1.2418	
0.6	1.2545	1.5809	0.5211	0.9086	0.6641	1.4606	
0.61	1.3945	0.9737	0.4529	0.8762	0.7928	1.4632	
0.62	1.3192	0.8355	0.344	0.6778	1.042	1.6058	
0.63	1.6029	1.3052	0.33	0.7637	1.2169	1.5992	
0.64	1.4883	1.7423	0.369	0.7539	1.3085	1.7886	
0.65	1.5872	2.2816	0.4831	0.7414	1.4736	1.8645	
0.66	1.6789	2.8655	0.6826	0.7313	1.5651	1.9353	
0.67	1.6851	2.5248	0.9128	0.8889	1.6551	2.0166	
0.68	1.6839	2.4475	1.2915	0.9543	1.779	2.166	
0.69	1.8169	1.637	1.5053	1.1535	1.9329	2.5084	
0.7	1.7083	1.0746	1.8195	1.0795	1.9586	2.3051	
0.71	1.8236	0.9059	1.9757	1.2622	1.747	2.2729	
0.72	1.796	1.1881	1.9204	1.4755	1.6334	2.4956	
0.73	1.7239	1.8531	1.8809	1.5894	1.6445	2.8386	
0.74	1.5188	2.487	2.0481	1.9086	1.4332	2.8085	
0.75	1.6197	2.6277	2.0128	2.0202	1.1061	2.827	
0.76	1.3547	2.8145	1.6782	1.8731	1.0598	2.5259	
0.77	1.3801	2.1739	1.3964	2.1722	0.7428	2.506	
0.78	1.1473	1.5634	1.1733	2.0878	0.487	2.9525	
0.79	1.2114	1.0836	1.0371	2.333	0.3229	2.6999	
0.8	0.9849	0.7273	0.6762	2.0612	0.0789	2.8569	
0.81	0.9667	0.9282	0.3941	2.2321	-0.1395	2.5871	
0.82	0.8631	1.3847	0.111	2.2283	-0.3116	2.8055	
0.83	0.6653	2.0693	-0.1038	1.8994	-0.4392	2.4316	
0.84	0.4949	2.3543	-0.2439	1.725	-0.6133	2.5238	
0.85	0.3841	2.5619	-0.3378	1.7226	-0.6294	2.4991	
0.86	0.2753	2.173	-0.2759	1.66	-0.7171	2.5286	
0.87	0.1108	1.4727	-0.2423	1.2896	-0.68	2.424	
0.88	-0.0222	0.8685	-0.0836	1.3054	-0.7061	2.4352	
0.89	-0.1563	0.5901	0.1204	1.0393	-0.5793	2.3504	
0.9	-0.2867	0.7693	0.3838	0.8061	-0.5365	2.0686	
0.91	-0.3847	1.2456	0.6311	0.5777	-0.3319	2.0393	
0.92	-0.519	1.8804	0.8743	0.3452	-0.2198	1.7081	
0.93	-0.6364	2.3932	1.0527	0.1447	-0.0285	1.7082	
0.94	-0.7419	2.5638	1.2452	-0.0297	0.1516	1.7059	
0.95	-0.9285	2.1725	1.4417	-0.212	0.3366	1.3771	
0.96	-1.0198	1.2961	1.3949	-0.3168	0.5226	1.3982	
0.97	-1.076	0.6907	1.4218	-0.4931	0.605	1.2491	
0.98	-1.1419	0.3962	1.0894	-0.5199	0.8589	1.1679	
0.99	-1.1496	0.4876	0.9335	-0.6334	0.8934	1.1209	
1.0	-1.0394	0.8325	0.7958	-0.6143	0.9145	0.9401	
1.01	-1.0767	1.5131	0.5518	-0.6013	1.0397	0.9964	
1.02	-1.0683	2.2803	0.2006	-0.6067	1.0648	0.8162	
1.03	-1.2467	2.267	-0.0834	-0.5698	0.8551	0.7577	
1.04	-1.1449	2.0118	-0.3671	-0.4696	0.8755	0.7345	
1.05	-1.1259	1.1263	-0.5732	-0.4177	0.6855	0.6739	
1.06	-0.9925	0.595	-0.8307	-0.2894	0.5512	0.5667	
1.07	-1.0719	0.1219	-0.8675	-0.1621	0.4638	0.5028	
1.08	-1.0292	0.1375	-0.9025	-0.0199	0.2414	0.5153	
1.09	-0.9167	0.5306	-0.8543	0.1186	0.0517	0.4901	
1.1	-0.7443	1.1718	-0.7346	0.2643	-0.1473	0.485	
1.11	-0.6444	1.7403	-0.603	0.3628	-0.3025	0.5159	
1.12	-0.6326	1.9214	-0.3183	0.4349	-0.4549	0.4815	
1.13	-0.5211	1.6292	-0.0665	0.5592	-0.6371	0.5159	
1.14	-0.3665	0.9747	0.198	0.6933	-0.6737	0.5348	
1.15	-0.2721	0.333	0.496	0.7339	-0.8105	0.6003	
1.16	-0.1608	-0.1537	0.7234	0.6918	-0.8587	0.581	
1.17	-0.0323	-0.2275	0.9146	0.6847	-0.9216	0.7124	
1.18	0.0993	0.1533	0.9416	0.6551	-0.8383	0.6557	
1.19	0.2118	0.7231	0.9012	0.5427	-0.8039	0.7046	
1.2	0.3377	1.3795	0.8654	0.4253	-0.6748	0.8777	
1.21	0.4813	1.5599	0.9207	0.3509	-0.4616	1.0014	
1.22	0.5927	1.4871	0.607	0.2001	-0.2767	1.0114	
1.23	0.6587	0.8225	0.4502	0.0296	-0.0765	1.0658	
1.24	0.7471	0.1148	0.1879	-0.1602	0.1367	1.1095	
1.25	0.7931	-0.3874	-0.0988	-0.3634	0.3869	1.2108	
1.26	0.9777	-0.4995	-0.3551	-0.5339	0.5645	1.2737	
1.27	1.0128	-0.2538	-0.62	-0.6643	0.8731	1.3154	
1.28	1.0837	0.3832	-0.7528	-0.8947	1.0534	1.5282	
1.29	1.183	0.9231	-0.9605	-1.1566	1.2815	1.5195	
1.3	1.2003	1.3149	-0.9631	-1.1479	1.5253	1.489	
1.31	1.1623	1.2152	-0.9474	-1.5274	1.6023	1.5591	
1.32	1.2136	0.5936	-0.8525	-1.591	1.4353	1.7096	
1.33	1.2405	-0.0956	-0.7032	-1.6116	1.5817	1.9344	
1.34	1.2113	-0.6405	-0.4258	-1.8139	1.5063	1.6571	
1.35	1.3133	-0.8588	-0.1332	-1.676	1.6542	1.8054	
1.36	1.1889	-0.6298	0.1357	-1.6762	1.5155	1.8088	
1.37	1.2887	-0.0308	0.4469	-1.5214	1.4475	1.6981	
1.38	1.0473	0.6061	0.7007	-1.5858	1.2248	1.8928	
1.39	1.0302	0.9229	1.0318	-1.6018	1.0696	2.0267	
1.4	1.1519	0.8015	1.059	-1.3691	0.9731	1.7099	
1.41	1.0691	0.3758	1.1794	-1.3892	0.9281	1.914	
1.42	0.9958	-0.3292	1.2629	-1.213	0.7099	1.7845	
1.43	0.8193	-0.8256	1.2431	-0.9311	0.5874	1.8841	
1.44	0.8087	-1.2054	1.0521	-0.8389	0.4042	1.6034	
1.45	0.7049	-0.8739	1.062	-0.669	0.2999	1.5894	
1.46	0.6543	-0.4219	0.8132	-0.5022	0.2453	1.4669	
1.47	0.5826	0.2241	0.5034	-0.3165	0.2367	1.5409	
1.48	0.6068	0.7085	0.2583	-0.1534	0.2394	1.3311	
1.49	0.503	0.6746	0.0393	-0.0175	0.2624	1.2795	
1.5	0.4722	0.2285	-0.1442	0.083	0.4074	1.2342	
1.51	0.4276	-0.4562	-0.2876	0.1651	0.5155	1.1408	
1.52	0.3854	-1.0634	-0.3982	0.2241	0.7006	0.9574	
1.53	0.3831	-1.4209	-0.3674	0.258	0.7808	0.7366	
1.54	0.3341	-1.2712	-0.3201	0.2461	1.0687	0.7201	
1.55	0.3371	-0.7803	-0.1513	0.2215	1.1533	0.551	
1.56	0.3245	-0.1004	0.0483	0.1567	1.3702	0.4356	
1.57	0.3433	0.4038	0.3021	0.0898	1.8689	0.3037	
1.58	0.3294	0.4411	0.6646	-0.0217	1.8322	0.1924	
1.59	0.3761	0.0766	0.9829	-0.1455	2.306	0.0755	
1.6	0.4534	-0.5589	1.1159	-0.3033	2.5196	-0.04	
1.61	0.5131	-1.2493	1.3515	-0.4613	2.6131	-0.1555	
1.62	0.5331	-1.6922	1.7268	-0.6058	2.6545	-0.2605	
1.63	0.6612	-1.5884	1.8372	-0.7934	2.4619	-0.3546	
1.64	0.7533	-1.0176	1.9984	-0.9553	2.4899	-0.422	
1.65	0.884	-0.3759	1.8379	-1.1436	2.6465	-0.5406	
1.66	0.8453	0.1652	1.819	-1.16	2.484	-0.5817	
1.67	1.1176	0.3197	1.8312	-1.4071	2.4538	-0.7109	
1.68	1.1268	-0.0103	1.7441	-1.3893	2.5618	-0.6657	
1.69	1.297	-0.6431	1.3708	-1.5508	2.085	-0.8483	
1.7	1.4445	-1.4212	1.1962	-1.4409	1.9938	-0.7353	
1.71	1.504	-1.6152	1.0087	-1.4313	1.8204	-0.8686	
1.72	1.6783	-1.8183	0.7897	-1.3476	1.6343	-0.8992	
1.73	1.8662	-1.1573	0.5243	-1.3853	1.4277	-0.9194	
1.74	1.8359	-0.582	0.4659	-1.3135	1.1595	-0.8306	
1.75	1.8501	-0.0222	0.4018	-1.0992	1.0287	-0.8883	
1.76	2.3686	0.1849	0.3565	-0.966	0.8919	-0.7859	
1.77	2.3318	-0.0532	0.5044	-0.9697	0.8678	-0.7242	
1.78	2.4163	-0.6066	0.6746	-0.6668	0.6577	-0.6712	
1.79	2.3915	-1.3696	0.9235	-0.5829	0.6766	-0.6507	
1.8	2.7466	-1.9233	1.1788	-0.3469	0.6457	-0.6288	
1.81	2.8819	-1.697	1.3301	-0.1781	0.6267	-0.6045	
1.82	2.7837	-1.4018	1.6594	0.0249	0.7016	-0.5465	
1.83	2.7955	-0.7908	2.1491	0.2013	0.9091	-0.3836	
1.84	3.1815	-0.1597	2.4171	0.3369	0.9957	-0.3335	
1.85	2.8805	0.1321	2.5223	0.502	1.13	-0.2446	
1.86	3.1244	-0.0377	2.79	0.6028	1.2481	-0.1598	
1.87	3.0481	-0.5977	2.3797	0.6954	1.3761	-0.0854	
1.88	3.0592	-1.1576	2.8279	0.8071	1.4521	0.0037	
1.89	2.8277	-1.7056	2.4101	0.8642	1.582	0.0987	
1.9	3.1192	-1.8934	2.295	0.8501	1.9228	0.1905	
1.91	2.849	-1.6383	2.1909	0.808	2.1243	0.2398	
1.92	2.8249	-0.9147	1.942	0.7634	1.9479	0.341	
1.93	2.9475	-0.2053	1.6241	0.6495	1.9528	0.3883	
1.94	2.6291	0.1148	1.4571	0.56	2.025	0.4337	
1.95	2.6762	0.0161	1.2115	0.4321	2.3502	0.4982	
1.96	2.7461	-0.5064	0.9526	0.2957	2.1358	0.62	
1.97	2.6555	-1.0527	0.7619	0.1607	2.0746	0.6281	
1.98	2.5235	-1.7655	0.7725	-0.0083	1.9164	0.6171	
1.99	2.2827	-1.7453	0.7274	-0.1813	1.6223	0.7044	
2.0	2.1261	-1.5435	0.8541	-0.3404	1.5106	0.7955	
2.01	1.869	-0.9919	0.9251	-0.5004	1.1787	0.7885	
2.02	1.8492	-0.2349	1.0728	-0.5918	1.0313	0.8026	
2.03	1.5908	0.1466	1.4072	-0.7879	0.6681	0.7263	
2.04	1.4688	0.1209	1.7033	-0.9185	0.4794	0.7125	
2.05	1.3119	-0.3493	1.8448	-0.8348	0.244	0.6985	
2.06	1.3119	-1.0865	2.0199	-1.0045	0.0113	0.6375	
2.07	1.1875	-1.4836	2.5221	-1.0217	-0.2004	0.6228	
2.08	0.9776	-1.6397	2.4242	-1.0598	-0.3349	0.5693	
2.09	0.9478	-1.409	2.5845	-0.9728	-0.5523	0.4963	
2.1	0.7315	-0.9702	2.5622	-0.8933	-0.5603	0.4031	
2.11	0.6287	-0.2385	2.306	-0.8063	-0.7275	0.3391	
2.12	0.5323	0.2228	2.4342	-0.702	-0.6584	0.2437	
2.13	0.4882	0.2365	2.337	-0.55	-0.6934	0.1984	
2.14	0.3831	-0.1414	1.769	-0.3477	-0.6602	0.087	
2.15	0.2972	-0.7417	1.4493	-0.2252	-0.5703	-0.0071	
2.16	0.2526	-1.4967	1.2037	-0.0404	-0.4462	-0.1025	
2.17	0.2115	-1.5571	1.0023	0.1139	-0.3519	-0.2097	
2.18	0.1708	-1.3527	0.684	0.2809	-0.1631	-0.3263	
2.19	0.1402	-0.913	0.5671	0.4687	-0.0327	-0.4277	
2.2	0.1456	-0.2383	0.4074	0.5554	0.1032	-0.4934	
2.21	0.1416	0.2641	0.3268	0.7364	0.2595	-0.6534	
2.22	0.1344	0.3841	0.2953	0.839	0.3641	-0.6609	
2.23	0.1416	0.0548	0.4052	0.813	0.4513	-0.7115	
2.24	0.1873	-0.6099	0.4896	0.8957	0.4593	-0.807	
2.25	0.2234	-1.272	0.6559	0.9718	0.4854	-0.9101	
2.26	0.24	-1.5569	0.9284	0.9775	0.4818	-0.9721	
2.27	0.2893	-1.5144	1.2118	0.8809	0.4679	-1.064	
2.28	0.3618	-0.801	1.4751	0.7709	0.3407	-1.0434	
2.29	0.4327	-0.1654	1.6352	0.6955	0.2167	-1.0986	
2.3	0.5081	0.36	1.8809	0.5021	0.0536	-1.1413	
2.31	0.5494	0.5554	1.6687	0.3611	-0.1441	-1.3201	
2.32	0.5736	0.2414	1.9501	0.1862	-0.3924	-1.3243	
2.33	0.7369	-0.3064	1.8876	0.0118	-0.6421	-1.33	
2.34	0.7983	-0.8844	1.5187	-0.163	-0.7543	-1.2426	
2.35	0.7702	-1.3939	1.5404	-0.336	-0.9903	-1.2856	
2.36	0.9278	-1.1841	1.1712	-0.5433	-1.2814	-1.2044	
2.37	1.0008	-0.7946	0.8715	-0.7025	-1.4343	-1.2113	
2.38	0.8921	-0.1536	0.5327	-0.8248	-1.646	-1.0682	
2.39	0.9921	0.4145	0.2521	-1.0135	-1.7881	-1.159	
2.4	1.0651	0.652	-0.0435	-1.0753	-2.0518	-0.9906	
2.41	1.0896	0.4265	-0.3314	-1.2893	-2.1032	-0.9815	
2.42	1.119	-0.1077	-0.5548	-1.4168	-1.9972	-0.8761	
2.43	1.2156	-0.7155	-0.6785	-1.5053	-2.1717	-0.701	
2.44	1.0224	-1.2161	-0.7801	-1.4211	-2.088	-0.6499	
2.45	1.1342	-1.113	-0.7624	-1.5171	-2.0449	-0.505	
2.46	1.0861	-0.8551	-0.6037	-1.4325	-1.7214	-0.4808	
2.47	0.9927	-0.1051	-0.4685	-1.3817	-1.5474	-0.3525	
2.48	0.9717	0.4747	-0.2919	-1.317	-1.4714	-0.2442	
2.49	1.0328	0.7842	-0.0518	-1.1804	-1.2177	-0.1128	
2.5	0.8987	0.697	0.1673	-0.9483	-1.2078	-0.0057	
2.51	0.8683	0.1124	0.3627	-0.8791	-0.9457	0.1028	
2.52	0.7681	-0.5882	0.6091	-0.6136	-0.7627	0.2054	
2.53	0.6786	-0.9405	0.6917	-0.5044	-0.5496	0.2942	
2.54	0.6203	-1.1967	0.7648	-0.3571	-0.4347	0.4234	
2.55	0.4371	-0.8001	0.7744	-0.25	-0.2971	0.5403	
2.56	0.3647	-0.1062	0.7232	-0.1012	-0.2077	0.5683	
2.57	0.2794	0.4964	0.4853	-0.0015	-0.1837	0.7098	
2.58	0.1536	0.9093	0.2975	0.0905	-0.1582	0.7055	
2.59	0.0309	0.7135	0.0129	0.1555	-0.2158	0.8132	
2.6	-0.0847	0.2876	-0.2773	0.1756	-0.2677	0.9484	
2.61	-0.1951	-0.3891	-0.582	0.172	-0.3721	1.0095	
2.62	-0.2756	-0.9209	-1.0026	0.1659	-0.5459	0.9565	
2.63	-0.44	-1.0288	-1.1829	0.1049	-0.6537	1.0232	
2.64	-0.4579	-0.6929	-1.5109	0.0182	-0.8226	1.0483	
2.65	-0.6476	-0.1229	-1.6292	-0.1001	-0.912	1.1507	
2.66	-0.6276	0.4843	-1.7647	-0.2081	-1.1639	1.0895	
2.67	-0.7981	0.872	-1.7231	-0.3579	-1.374	1.1777	
2.68	-0.8741	0.8777	-1.7351	-0.5699	-1.5068	1.0067	
2.69	-0.8194	0.4513	-1.681	-0.7275	-1.6005	1.1243	
2.7	-0.9065	-0.2148	-1.2714	-0.9957	-1.8012	1.0364	
2.71	-0.9693	-0.7455	-1.2628	-1.0671	-1.6979	0.8957	
2.72	-1.0397	-1.0666	-0.9079	-1.2232	-1.6924	0.8324	
2.73	-1.086	-0.7608	-0.6152	-1.5784	-1.8117	0.7645	
2.74	-1.0789	-0.1763	-0.3987	-1.7577	-1.7841	0.7253	
2.75	-0.9543	0.5252	-0.2317	-1.6573	-1.5938	0.7678	
2.76	-0.9522	0.983	-0.1189	-1.8451	-1.5449	0.6663	
2.77	-0.8758	0.9444	-0.065	-1.9477	-1.3454	0.5624	
2.78	-0.8686	0.5896	-0.0749	-2.1642	-1.3704	0.486	
2.79	-0.7539	-0.1186	-0.1487	-2.1839	-0.9787	0.3787	
2.8	-0.732	-0.731	-0.2916	-1.8809	-0.8759	0.2681	
2.81	-0.6577	-1.0134	-0.4858	-1.8991	-0.5254	0.183	
2.82	-0.5524	-0.8298	-0.7038	-1.9811	-0.3269	0.0955	
2.83	-0.4466	-0.2587	-1.1152	-1.9658	-0.1162	0.012	
2.84	-0.3137	0.3686	-1.4225	-1.7749	0.0887	-0.074	
2.85	-0.2323	0.8212	-1.729	-1.6042	0.2588	-0.1403	
2.86	-0.0865	0.887	-1.7135	-1.382	0.4095	-0.232	
2.87	0.0565	0.563	-1.9571	-1.1822	0.5791	-0.2854	
2.88	0.1933	-0.045	-2.323	-1.118	0.6867	-0.3825	
2.89	0.3031	-0.7361	-2.169	-0.9529	0.6825	-0.4432	
2.9	0.4536	-0.952	-2.3516	-0.7562	0.7164	-0.4868	
2.91	0.66	-0.9808	-2.0606	-0.5362	0.6111	-0.5616	
2.92	0.7211	-0.4334	-1.8668	-0.3739	0.544	-0.537	
2.93	0.9092	0.251	-1.8049	-0.2881	0.4514	-0.5525	
2.94	1.0008	0.7895	-1.3314	-0.1582	0.3231	-0.6014	
2.95	1.192	0.9936	-1.0561	-0.0494	0.167	-0.564	
2.96	1.2327	0.6613	-0.8248	0.0239	-0.0168	-0.5382	
2.97	1.4908	-0.0096	-0.6011	0.0727	-0.2033	-0.5228	
2.98	1.3787	-0.6215	-0.3987	0.0751	-0.3779	-0.5212	
2.99	1.5942	-1.0667	-0.2336	0.0611	-0.4841	-0.4802	
3.0	1.7753	-1.0532	-0.1832	0.0268	-0.724	-0.5272	
3.01	1.9254	-0.566	-0.1666	-0.0454	-0.7168	-0.4551	
3.02	1.9088	0.0598	-0.2346	-0.1302	-0.8635	-0.3814	
3.03	2.0181	0.6764	-0.3777	-0.2587	-1.0249	-0.3024	
3.04	1.9891	0.8713	-0.5337	-0.3838	-0.8582	-0.2352	
3.05	1.9677	0.567	-0.8879	-0.4736	-0.9133	-0.1295	
3.06	1.9932	-0.0131	-1.0788	-0.6048	-0.8208	-0.0532	
3.07	1.8669	-0.6623	-1.2974	-0.7835	-0.7232	0.0345	
3.08	2.0367	-1.1159	-1.6005	-1.0185	-0.6869	0.1436	
3.09	1.7533	-1.16	-1.752	-1.0721	-0.5052	0.2406	
3.1	1.7504	-0.7942	-1.8322	-1.0744	-0.279	0.3041	
3.11	1.7518	-0.1314	-2.0157	-1.1608	-0.1122	0.4614	
3.12	1.8297	0.4181	-2.0741	-1.3098	0.1051	0.5094	
3.13	1.5831	0.7448	-1.7498	-1.2825	0.3248	0.6982	
3.14	1.8116	0.5325	-1.6121	-1.2857	0.5294	0.7919	
3.15	1.7422	-0.0392	-1.4304	-1.3468	0.7126	0.8106	
3.16	1.6731	-0.7251	-1.2084	-1.2289	0.836	0.99	
3.17	1.3215	-1.2099	-0.8927	-1.1767	0.8674	0.9422	
3.18	1.4264	-1.3747	-0.6196	-1.2838	1.0772	0.9982	
3.19	1.2336	-0.9453	-0.3033	-1.0272	1.0351	1.2758	
3.2	1.298	-0.3957	-0.0644	-0.9206	1.0045	1.1438	
3.21	1.0974	0.2483	0.1469	-0.6311	1.0814	1.3013	
3.22	1.0352	0.5619	0.2809	-0.5402	0.893	1.4115	
3.23	1.0064	0.4171	0.3328	-0.2683	0.8098	1.3417	
3.24	0.7848	-0.0805	0.3175	-0.0705	0.7561	1.2795	
3.25	0.7935	-0.8215	0.2741	0.1328	0.4849	1.3971	
3.26	0.7118	-1.2521	0.1138	0.3947	0.3031	1.3593	
3.27	0.6081	-1.5474	-0.09	0.5324	0.0992	1.3855	
3.28	0.5883	-1.1564	-0.3017	0.7718	-0.1335	1.366	
3.29	0.5107	-0.6493	-0.6247	1.0293	-0.3732	1.4534	
3.3	0.5269	0.0249	-0.8048	1.1721	-0.5799	1.3038	
3.31	0.4909	0.396	-0.9952	1.1998	-0.78	1.3127	
3.32	0.4245	0.3148	-1.2766	1.3277	-0.8694	1.2639	
3.33	0.3969	-0.141	-1.2773	1.4349	-1.0794	1.1085	
3.34	0.4576	-0.8453	-1.3853	1.3875	-1.2365	1.1775	
3.35	0.4659	-1.4498	-1.4056	1.5794	-1.3096	0.9593	
3.36	0.4315	-1.4751	-1.0902	1.5279	-1.3091	0.9536	
3.37	0.4509	-1.3871	-0.9536	1.3097	-1.2292	0.9253	
3.38	0.5426	-0.8382	-0.7152	1.3949	-1.4135	0.7343	
3.39	0.5321	-0.189	-0.4578	1.3684	-1.1038	0.7402	
3.4	0.6711	0.2551	-0.168	1.2079	-1.0658	0.6234	
3.41	0.7495	0.253	0.1216	1.0459	-0.9118	0.4464	
3.42	0.7665	-0.1594	0.394	0.8461	-0.7755	0.3527	
3.43	0.8821	-0.8239	0.6725	0.7929	-0.7448	0.24	
3.44	0.9704	-1.5605	0.7583	0.7053	-0.4836	0.1123	
3.45	0.9892	-1.8822	0.9923	0.5525	-0.3525	0.0084	
3.46	1.117	-1.7286	1.0358	0.4221	-0.2491	-0.0953	
3.47	1.0436	-1.058	0.9424	0.3706	-0.1084	-0.2046	
3.48	1.2728	-0.3861	0.7521	0.3095	-0.0273	-0.2899	
3.49	1.4103	0.106	0.6276	0.2564	0.029	-0.4277	
3.5	1.3699	0.167	0.3543	0.2782	0.0527	-0.4691	
3.51	1.4386	-0.1753	0.1257	0.2672	0.0335	-0.5919	
3.52	1.4103	-0.8035	-0.1481	0.3354	-0.0256	-0.6681	
3.53	1.3925	-1.3773	-0.3897	0.3752	-0.1238	-0.8018	
3.54	1.4928	-1.6921	-0.5872	0.4697	-0.2792	-0.7626	
3.55	1.6298	-1.7876	-0.7924	0.6723	-0.4714	-0.8137	
3.56	1.617	-1.2679	-0.8524	0.7932	-0.6923	-0.988	
3.57	1.6788	-0.5218	-0.9599	0.8606	-0.8979	-0.8838	
3.58	1.8313	-0.0115	-0.9287	1.1	-1.1779	-0.9937	
3.59	1.6637	0.1465	-0.6898	1.446	-1.3368	-1.0714	
3.6	1.702	-0.1567	-0.5082	1.5918	-1.5049	-1.0727	
3.61	1.5804	-0.7993	-0.3292	1.7346	-1.9171	-0.9391	
3.62	1.5666	-1.5303	-0.0737	2.101	-2.1785	-1.0307	
3.63	1.64	-1.8262	0.189	2.308	-2.3145	-0.8543	
3.64	1.4343	-1.8339	0.4363	2.1853	-2.2036	-0.8281	
3.65	1.3649	-1.2747	0.7195	2.6448	-2.6949	-0.8491	
3.66	1.4186	-0.7073	0.9049	2.5988	-2.3808	-0.7522	
3.67	1.2996	-0.0886	1.0999	2.6572	-2.4213	-0.8053	
3.68	1.0264	0.1243	1.0672	2.9416	-2.6737	-0.7499	
3.69	1.0062	-0.1155	1.0733	2.913	-2.7711	-0.6781	
3.7	0.7943	-0.7197	1.0061	3.0162	-2.5457	-0.5198	
3.71	0.7049	-1.471	0.7457	3.0709	-2.5745	-0.4665	
3.72	0.5741	-1.8402	0.6054	2.8397	-2.1694	-0.4548	
3.73	0.4087	-1.9226	0.3097	2.9253	-2.102	-0.3737	
3.74	0.2445	-1.3182	0.0087	2.4695	-1.7353	-0.272	
3.75	0.0849	-0.7773	-0.3027	2.4827	-1.7541	-0.1794	
3.76	-0.0759	-0.1166	-0.5976	2.1645	-1.5896	-0.12	
3.77	-0.2529	0.1748	-0.7345	2.3763	-1.424	-0.0536	
3.78	-0.4116	-0.0027	-0.9542	2.0572	-1.1147	0.0167	
3.79	-0.5387	-0.5366	-1.1498	1.7806	-1.047	0.0867	
3.8	-0.6437	-1.2561	-1.1639	1.7953	-1.0612	0.1424	
3.81	-0.8129	-1.5782	-1.1501	1.5751	-0.9734	0.2025	
3.82	-0.9108	-1.717	-1.0438	1.4811	-0.8699	0.2571	
3.83	-1.0786	-1.4928	-0.7271	1.2899	-0.9654	0.2494	
3.84	-1.3325	-0.8003	-0.5328	1.091	-1.037	0.3311	
3.85	-1.4076	-0.105	-0.3225	1.0447	-1.0464	0.304	
3.86	-1.3366	0.2461	-0.0949	0.9798	-1.0811	0.3151	
3.87	-1.5168	0.1619	0.145	1.0021	-1.3853	0.3307	
3.88	-1.6552	-0.3222	0.3196	0.8601	-1.488	0.3561	
3.89	-1.618	-1.002	0.4924	0.9588	-1.5334	0.293	
3.9	-1.7973	-1.4045	0.5727	0.9925	-1.8943	0.2804	
3.91	-1.7852	-1.5274	0.6007	1.0645	-1.9007	0.2586	
3.92	-1.8933	-1.2811	0.4682	1.1638	-2.374	0.1992	
3.93	-1.7686	-0.7624	0.3203	1.2887	-2.4968	0.1461	
3.94	-1.8889	-0.0269	0.1363	1.4566	-2.2639	0.0594	
3.95	-1.7051	0.3957	-0.1443	1.5633	-2.7508	-0.012	
3.96	-1.9277	0.3445	-0.4506	1.7183	-2.94	-0.0956	
3.97	-1.7191	-0.0755	-0.6789	1.9395	-2.4544	-0.21	
3.98	-1.8695	-0.6862	-1.1427	1.9405	-2.4307	-0.2797	
3.99	-1.5483	-1.2467	-1.4012	1.9414	-2.7719	-0.4183	
4.0	-1.69	-1.3549	-1.4512	2.1813	-2.5164	-0.5114	
4.01	-1.5049	-1.2847	-1.6152	2.2666	-2.4999	-0.6066	
4.02	-1.5178	-0.5672	-1.7114	2.5904	-2.3577	-0.8104	
4.03	-1.3643	0.0894	-1.789	2.3539	-2.2465	-0.8271	
4.04	-1.3187	0.5286	-1.7133	2.5192	-1.6962	-0.9187	
4.05	-1.1611	0.6078	-1.8581	2.3399	-1.529	-1.1627	
4.06	-1.055	0.2381	-1.4106	2.4652	-1.4163	-1.2417	
4.07	-1.0639	-0.421	-1.1853	2.2645	-1.0917	-1.4296	
4.08	-0.8291	-0.9	-1.092	2.231	-0.8493	-1.6122	
4.09	-0.7374	-1.2454	-0.844	2.2658	-0.627	-1.4818	
4.1	-0.7115	-1.0501	-0.6542	1.7597	-0.5138	-1.6181	
4.11	-0.6426	-0.4075	-0.4528	1.6362	-0.2993	-1.9791	
4.12	-0.4742	0.2386	-0.3409	1.5164	-0.196	-1.7466	
4.13	-0.4148	0.7566	-0.2715	1.3473	-0.0877	-1.828	
4.14	-0.3637	0.8575	-0.326	1.1765	-0.0356	-2.0204	
4.15	-0.3153	0.584	-0.4109	0.9215	-0.0216	-2.0141	
4.16	-0.2787	-0.0374	-0.57	0.6845	-0.0444	-2.3896	
4.17	-0.1931	-0.5853	-0.8257	0.4478	-0.1032	-2.255	
4.18	-0.1833	-0.9266	-1.0596	0.2392	-0.2019	-2.2489	
4.19	-0.1547	-0.8089	-1.2405	0.0426	-0.3096	-2.5109	
4.2	-0.1335	-0.2529	-1.7587	-0.1187	-0.4207	-2.5332	
4.21	-0.1366	0.4958	-1.9607	-0.2489	-0.5406	-2.3192	
4.22	-0.1404	1.1135	-2.2993	-0.3729	-0.741	-2.6717	
4.23	-0.141	1.2519	-2.4391	-0.4417	-0.8613	-2.6477	
4.24	-0.161	0.9376	-2.4018	-0.4958	-1.061	-2.6032	
4.25	-0.2309	0.3602	-2.657	-0.5963	-1.2084	-2.4111	
4.26	-0.2567	-0.2339	-2.82	-0.5236	-1.2962	-2.2087	
4.27	-0.3162	-0.5628	-2.3744	-0.5631	-1.2128	-2.3242	
4.28	-0.3471	-0.5769	-2.3032	-0.4939	-1.1851	-2.2482	
4.29	-0.3963	-0.0287	-2.1026	-0.3519	-1.2823	-2.426	
4.3	-0.4946	0.7366	-1.7977	-0.3087	-1.16	-2.2288	
4.31	-0.6208	1.2718	-1.7182	-0.1962	-1.0307	-2.1614	
4.32	-0.6705	1.6497	-1.3023	-0.0689	-0.9359	-2.1803	
4.33	-0.6969	1.4408	-1.2359	0.0422	-0.7684	-2.0935	
4.34	-0.8082	0.7367	-0.9385	0.1444	-0.4812	-1.8514	
4.35	-0.9032	0.1482	-0.842	0.243	-0.2689	-1.8793	
4.36	-1.039	-0.2773	-0.9268	0.365	-0.0438	-1.643	
4.37	-1.1202	-0.2291	-0.8273	0.426	0.2197	-1.7532	
4.38	-1.1857	0.2185	-0.9396	0.4901	0.4431	-1.4839	
4.39	-1.1279	0.9469	-1.1027	0.5197	0.6778	-1.3792	
4.4	-1.2526	1.4215	-1.4893	0.5302	0.8843	-1.3245	
4.41	-1.1536	1.9862	-1.6451	0.527	0.9915	-1.32	
4.42	-1.3271	1.5686	-1.9508	0.465	1.3594	-1.1295	
4.43	-1.3996	1.2878	-2.1648	0.3619	1.5277	-1.1092	
4.44	-1.4437	0.5122	-2.18	0.2431	1.5342	-1.1158	
4.45	-1.2945	0.0916	-2.5548	0.133	1.5153	-1.0806	
4.46	-1.2811	0.0374	-3.0473	-0.0398	1.6045	-0.9698	
4.47	-1.2972	0.4014	-2.7161	-0.2315	1.5503	-0.8421	
4.48	-1.3954	1.0489	-3.1471	-0.4218	1.4323	-0.9427	
4.49	-1.4007	1.7163	-3.0656	-0.6217	1.2759	-0.8827	
4.5	-1.4008	2.242	-2.6521	-0.8268	1.202	-0.7754	
4.51	-1.1624	1.8707	-2.291	-1.1184	1.0714	-0.7895	
4.52	-1.077	1.6524	-2.0764	-1.195	0.8128	-0.8867	
4.53	-1.1124	0.8406	-1.7272	-1.4311	0.6985	-0.7859	
4.54	-1.0475	0.3982	-1.6033	-1.6999	0.5091	-0.9312	
4.55	-0.8267	0.2814	-1.2712	-1.8829	0.3256	-0.8928	
4.56	-0.7326	0.65	-1.1892	-1.9519	0.1867	-0.8696	
4.57	-0.6503	1.3897	-0.8495	-2.021	0.0536	-0.998	
4.58	-0.5897	1.9161	-0.7637	-2.0961	-0.0486	-1.1461	
4.59	-0.4498	2.179	-0.6657	-2.443	-0.1141	-1.1285	
4.6	-0.3388	2.4179	-0.7196	-2.2583	-0.1302	-1.1499	
4.61	-0.1875	1.7775	-0.7726	-2.4274	-0.1317	-1.2018	
4.62	-0.049	1.1562	-1.0222	-2.4706	-0.0796	-1.4603	
4.63	0.0773	0.6765	-1.1448	-2.0323	0.0132	-1.4451	
4.64	0.2087	0.5769	-1.3348	-2.1798	0.1432	-1.4334	
4.65	0.3547	0.8733	-1.7409	-1.8706	0.2806	-1.6659	
4.66	0.5201	1.3017	-1.8462	-2.0151	0.4279	-1.8926	
4.67	0.6328	2.0797	-1.9242	-1.9401	0.6934	-1.9486	
4.68	0.6582	2.3136	-2.4235	-1.6749	0.7512	-1.9463	
4.69	0.8959	2.4913	-2.1242	-1.4222	0.9875	-2.1554	
4.7	0.9771	2.063	-2.5296	-1.4198	1.1546	-2.0216	
4.71	1.063	1.4652	-2.374	-1.0735	1.4174	-2.1705	
4.72	1.189	0.903	-2.2279	-0.9952	1.4237	-2.1748	
4.73	1.1451	0.7216	-1.8227	-0.8441	1.79	-2.1966	
4.74	1.1122	0.9133	-1.5955	-0.8775	1.6963	-2.1965	
4.75	1.288	1.5174	-1.3671	-0.7587	1.7711	-2.5015	
4.76	1.3488	1.957	-1.1595	-0.6761	1.8315	-2.3757	
4.77	1.2992	2.9057	-0.8151	-0.6404	1.6671	-2.61	
4.78	1.3879	2.6987	-0.505	-0.705	1.7422	-2.5846	
4.79	1.392	2.3365	-0.2207	-0.6825	1.5144	-2.4636	
4.8	1.2119	1.6827	-0.0243	-0.7378	1.3168	-2.6209	
4.81	1.1432	1.1222	0.0977	-0.8504	1.0732	-2.7149	
4.82	1.1398	0.8858	0.1774	-0.8728	0.9745	-2.8154	
4.83	1.2265	1.0403	0.1425	-1.0022	0.769	-2.6034	
4.84	1.1419	1.3926	0.0666	-1.2427	0.5645	-2.4492	
4.85	1.0477	1.9903	-0.0821	-1.3494	0.2966	-2.5524	
4.86	0.8686	2.5364	-0.2671	-1.6455	0.0731	-2.3116	
4.87	0.8371	2.5845	-0.5424	-1.6825	-0.1324	-2.3662	
4.88	0.6346	2.6435	-0.74	-1.8896	-0.2827	-2.5419	
4.89	0.515	1.8365	-0.9786	-2.2064	-0.4514	-2.3159	
4.9	0.3997	1.3233	-1.1753	-2.2939	-0.6303	-2.0742	
4.91	0.3003	0.8267	-1.2608	-2.479	-0.6503	-2.1611	
4.92	0.1702	0.9218	-1.3758	-2.5613	-0.7504	-1.8835	
4.93	0.0539	1.2782	-1.4228	-2.3653	-0.6649	-2.0899	
4.94	-0.0707	2.2087	-1.2239	-2.6929	-0.6173	-2.0047	
4.95	-0.1859	2.7835	-1.0521	-2.2731	-0.587	-1.5446	
4.96	-0.34	2.901	-0.765	-2.2728	-0.488	-1.5573	
4.97	-0.4836	2.4054	-0.5343	-2.5196	-0.3087	-1.3332	
4.98	-0.5421	2.0363	-0.229	-2.337	-0.1579	-1.4151	
4.99	-0.7056	1.2545	0.0666	-2.4341	0.0111	-1.2994	
5.0	-0.7297	0.7971	0.387	-2.0443	0.1674	-1.1992	
5.01	-0.9181	0.8887	0.6383	-1.924	0.3717	-1.0056	
5.02	-1.0098	1.3172	0.9529	-1.666	0.4692	-0.8304	
5.03	-1.1698	2.0544	1.0895	-1.6989	0.6278	-0.7607	
5.04	-1.122	2.4284	1.2591	-1.3583	0.7257	-0.5643	
5.05	-1.2315	2.8582	1.3024	-1.2093	0.892	-0.4672	
5.06	-1.3129	2.4422	1.1419	-0.8907	0.8815	-0.4416	
5.07	-1.2047	1.8299	1.0491	-0.7203	0.8349	-0.2798	
5.08	-1.2903	1.2456	0.9481	-0.5994	0.7724	-0.2213	
5.09	-1.4842	0.7276	0.6061	-0.4274	0.7806	-0.1422	
5.1	-1.2564	0.7294	0.4331	-0.2757	0.667	-0.0653	
5.11	-1.2573	1.1185	0.1733	-0.1541	0.4922	-0.0053	
5.12	-1.3338	1.6637	-0.0349	-0.0629	0.3036	0.0504	
5.13	-1.4485	2.1477	-0.2114	0.006	0.1362	0.0888	
5.14	-1.3809	2.6959	-0.3227	0.044	-0.0615	0.1262	
5.15	-1.2491	2.5906	-0.3714	0.0587	-0.2625	0.1354	
5.16	-1.2111	1.751	-0.3889	0.0309	-0.4865	0.1552	
5.17	-1.2533	1.2849	-0.3004	-0.0139	-0.7412	0.1566	
5.18	-1.1283	0.5592	-0.1183	-0.0834	-0.9157	0.1672	
5.19	-1.0739	0.4589	0.0934	-0.1947	-0.9796	0.161	
5.2	-1.0284	0.7269	0.3655	-0.2625	-1.2111	0.1185	
5.21	-0.9928	1.236	0.6731	-0.3939	-1.2959	0.0869	
5.22	-0.8172	1.9022	0.9206	-0.5404	-1.1851	0.0546	
5.23	-0.8814	2.4061	1.246	-0.6841	-1.2059	0.0109	
5.24	-0.8007	2.0376	1.3557	-0.8637	-1.327	-0.0384	
5.25	-0.6834	1.5388	1.6966	-0.9457	-1.1806	-0.0913	
5.26	-0.601	0.9366	1.7186	-0.9527	-1.0547	-0.1626	
5.27	-0.6126	0.3605	1.8957	-1.2474	-0.9274	-0.2338	
5.28	-0.5505	0.1437	1.827	-1.2684	-0.7522	-0.3019	
5.29	-0.5614	0.3517	1.6767	-1.346	-0.555	-0.3694	
5.3	-0.4755	0.8575	1.5717	-1.1877	-0.3919	-0.4415	
5.31	-0.5433	1.6366	1.415	-1.262	-0.1825	-0.4745	
5.32	-0.5247	1.9107	1.0802	-1.3323	0.0368	-0.5921	
5.33	-0.4907	1.8964	0.8651	-1.2234	0.2548	-0.5805	
5.34	-0.5404	1.5411	0.4995	-1.157	0.3946	-0.5981	
5.35	-0.5415	0.8309	0.2898	-1.0269	0.6456	-0.6471	
5.36	-0.5985	0.1178	0.117	-0.9105	0.7356	-0.8277	
5.37	-0.5849	-0.1812	-0.0294	-0.7583	0.8693	-0.8429	
5.38	-0.7264	-0.0533	-0.0836	-0.5135	0.9504	-0.7658	
5.39	-0.7911	0.4776	-0.0748	-0.3149	1.0046	-0.8521	
5.4	-0.7425	1.1443	0.0012	-0.1203	0.8677	-0.8184	
5.41	-0.919	1.6266	0.1638	0.089	0.8991	-0.8475	
5.42	-1.0039	1.6327	0.3293	0.2717	0.8333	-0.9314	
5.43	-1.047	1.0861	0.6402	0.4876	0.6138	-0.9108	
5.44	-1.2606	0.4321	0.8692	0.7048	0.5537	-0.809	
5.45	-1.3184	-0.2098	1.2276	0.8916	0.3686	-0.8142	
5.46	-1.3973	-0.556	1.2594	0.9991	0.2103	-0.8112	
5.47	-1.6011	-0.5379	1.524	1.0795	0.0567	-0.6733	
5.48	-1.6652	-0.031	1.7454	1.156	-0.1027	-0.617	
5.49	-1.8351	0.6455	1.8798	1.3025	-0.2189	-0.6286	
5.5	-1.7926	0.9985	1.7552	1.3084	-0.3722	-0.5269	
5.51	-1.8693	1.2718	1.7712	1.3581	-0.4446	-0.4289	
5.52	-2.2981	0.7914	1.4454	1.3176	-0.5081	-0.3229	
5.53	-2.1126	0.1775	1.3076	1.1143	-0.4612	-0.2412	
5.54	-2.2843	-0.5427	1.1156	0.9596	-0.5218	-0.129	
5.55	-2.2874	-0.8698	0.7213	0.9805	-0.4229	-0.0153	
5.56	-2.6018	-1.0348	0.4524	0.8032	-0.3095	0.1021	
5.57	-2.7278	-0.526	0.1703	0.6994	-0.1659	0.2355	
5.58	-2.6424	0.1087	-0.0643	0.4982	0.0197	0.3652	
5.59	-2.5664	0.5751	-0.2747	0.3504	0.2088	0.4547	
5.6	-3.1288	0.7237	-0.4146	0.1772	0.4813	0.6457	
5.61	-3.1684	0.4519	-0.4582	0.0369	0.6485	0.8068	
5.62	-2.8736	-0.1286	-0.4471	-0.0982	0.8598	0.9352	
5.63	-3.1774	-0.8078	-0.3805	-0.2235	1.2457	0.9107	
5.64	-2.6715	-1.292	-0.2192	-0.3126	1.5446	1.1103	
5.65	-3.0766	-1.4745	-0.0159	-0.405	1.4978	1.3077	
5.66	-3.0692	-0.9463	0.2389	-0.522	1.9976	1.2683	
5.67	-2.9955	-0.3888	0.4576	-0.4853	1.8341	1.3541	
5.68	-2.8279	0.1555	0.7326	-0.5546	2.33	1.4803	
5.69	-2.8084	0.3551	0.8879	-0.4519	2.417	1.6382	
5.7	-2.7872	0.1691	0.9824	-0.4026	2.0722	1.9385	
5.71	-2.6361	-0.4144	1.1117	-0.3656	2.4129	1.7743	
5.72	-2.4274	-1.1266	1.2144	-0.2164	2.185	1.8813	
5.73	-2.4167	-1.6958	1.26	-0.0996	1.9822	2.1291	
5.74	-2.4374	-1.8966	1.0827	0.034	2.2319	2.0613	
5.75	-2.131	-1.4092	0.8251	0.2135	1.9634	2.0183	
5.76	-1.9649	-0.9148	0.5978	0.3372	1.8312	1.9829	
5.77	-1.7829	-0.2723	0.4046	0.5344	1.5876	2.2901	
5.78	-1.7697	0.0103	0.0646	0.7068	1.4593	1.9466	
5.79	-1.4355	-0.1513	-0.2373	0.9155	1.2337	1.9897	
5.8	-1.5668	-0.7396	-0.5526	0.9467	1.2475	2.3232	
5.81	-1.3465	-1.385	-0.7018	1.1221	1.1006	2.1333	
5.82	-1.2673	-2.0182	-0.976	1.1159	0.9475	1.9645	
5.83	-0.9932	-2.0853	-1.0788	1.3291	0.813	1.8646	
5.84	-0.901	-1.8935	-0.9965	1.4476	0.801	2.1561	
5.85	-0.7767	-1.2958	-1.0671	1.2645	0.9056	1.9257	
5.86	-0.6954	-0.6415	-0.8528	1.3881	0.8222	2.0019	
5.87	-0.4823	-0.299	-0.7366	1.406	0.8875	1.7274	
5.88	-0.4367	-0.375	-0.4675	1.2045	1.013	1.6052	
5.89	-0.331	-0.9561	-0.2567	1.1649	1.1026	1.7392	
5.9	-0.2133	-1.5915	0.0007	1.112	1.4454	1.5087	
5.91	-0.1372	-2.1979	0.2483	0.8755	1.6967	1.4416	
5.92	-0.0765	-2.4334	0.4363	0.7489	1.6079	1.4271	
5.93	-0.0264	-2.0552	0.5891	0.5982	2.1068	1.3692	
5.94	0.0153	-1.8076	0.7827	0.442	2.1018	1.1955	
5.95	0.0479	-1.1258	0.7722	0.2091	2.2208	1.0236	
5.96	0.0685	-0.5758	0.6542	0.0293	2.5284	0.9965	
5.97	0.0745	-0.6446	0.587	-0.1696	2.5684	0.9077	
5.98	0.0682	-0.962	0.4051	-0.2932	2.9753	0.887	
5.99	0.0618	-1.8102	0.1435	-0.5083	3.1027	0.7689	
6.0	0.0313	-2.1863	-0.1078	-0.6658	2.6975	0.726	
6.01	0.0008	-2.6116	-0.3769	-0.6651	2.9574	0.7492	
6.02	-0.0423	-2.2709	-0.6437	-0.8049	3.0386	0.6214	
6.03	-0.09	-1.989	-0.9059	-0.9228	2.9682	0.6344	
6.04	-0.1358	-1.2214	-1.0066	-0.7931	2.5487	0.5454	
6.05	-0.187	-0.8602	-1.2182	-0.9181	2.7781	0.6162	
6.06	-0.2892	-0.812	-1.3619	-0.8295	2.5459	0.575	
6.07	-0.3193	-1.2505	-1.3873	-0.8266	2.2439	0.5831	
6.08	-0.4413	-1.6922	-1.1095	-0.7202	1.9029	0.5815	
6.09	-0.515	-2.4927	-1.1048	-0.5902	1.8323	0.5607	
6.1	-0.6011	-2.6505	-0.8104	-0.4306	1.5068	0.6117	
6.11	-0.6729	-2.621	-0.4855	-0.2627	1.4365	0.6632	
6.12	-0.6613	-2.2916	-0.2686	-0.1213	1.0586	0.6727	
6.13	-0.755	-1.365	0.0394	0.0432	0.9182	0.7939	
6.14	-0.8241	-1.0515	0.3091	0.2117	0.8697	0.8787	
6.15	-0.7874	-0.8175	0.5501	0.3568	0.6776	0.9043	
6.16	-0.8362	-1.0511	0.6382	0.5434	0.651	0.9598	
6.17	-1.0169	-1.6854	0.7845	0.6371	0.605	1.1364	
6.18	-1.0584	-2.2381	0.9163	0.6813	0.533	1.2423	
6.19	-1.0478	-2.7183	0.7777	0.8254	0.6261	1.2333	
6.2	-0.9795	-2.8173	0.6334	0.8212	0.767	1.403	
6.21	-0.9841	-2.3771	0.5539	0.9313	0.8731	1.3366	
6.22	-1.0536	-1.6669	0.3246	0.8664	1.0049	1.6467	
6.23	-0.9037	-1.1343	0.0469	0.9	1.0133	1.7747	
6.24	-0.9222	-0.9068	-0.1787	0.7663	1.2801	1.5508	
6.25	-0.9976	-1.1745	-0.4377	0.7222	1.5139	1.7401	
6.26	-0.9421	-1.6279	-0.6774	0.5749	1.6409	1.7694	
6.27	-0.8143	-2.5591	-0.7581	0.4884	1.8171	2.0259	
6.28	-0.7708	-2.6065	-0.8901	0.3576	1.7499	1.9414	
6.29	-0.6209	-2.9898	-0.831	0.1573	1.7194	2.2673	
6.3	-0.6051	-2.4682	-0.8136	-0.01	1.9439	2.2906	
6.31	-0.475	-1.7592	-0.6018	-0.1994	1.7936	2.4595	
6.32	-0.455	-1.0115	-0.4325	-0.3485	1.8727	2.3332	
6.33	-0.355	-0.741	-0.1807	-0.558	1.8185	2.5909	
6.34	-0.23	-0.9063	0.1237	-0.6929	1.7451	2.5244	
6.35	-0.1272	-1.444	0.4053	-0.7796	1.6293	2.5941	
6.36	-0.0262	-2.0502	0.8266	-0.8359	1.2539	2.2495	
6.37	0.0766	-2.3861	1.1041	-0.9261	1.0438	2.2974	
6.38	0.1883	-2.6597	1.2736	-1.1169	0.8636	2.6329	
6.39	0.2737	-2.0665	1.3187	-1.0505	0.7301	2.4275	
6.4	0.3463	-1.7959	1.6331	-1.0218	0.4256	2.526	
6.41	0.4902	-1.0233	1.4317	-0.9943	0.1665	2.578	
6.42	0.4933	-0.6122	1.6174	-1.0161	-0.0707	2.3579	
6.43	0.552	-0.8146	1.3212	-0.9011	-0.2731	2.1923	
6.44	0.6357	-1.2568	1.3089	-0.8567	-0.5139	2.3137	
6.45	0.7739	-1.7608	1.0171	-0.6837	-0.6624	2.1074	
6.46	0.8378	-2.1853	0.7659	-0.507	-0.7238	2.148	
6.47	0.7617	-2.4508	0.5162	-0.3446	-0.9259	1.8838	
6.48	0.8849	-2.0173	0.3197	-0.1434	-0.8824	2.0727	
6.49	0.7809	-1.502	0.1861	0.0537	-0.8791	1.8383	
6.5	0.8566	-0.8797	0.0707	0.2293	-0.8693	1.6273	
6.51	0.7344	-0.4547	0.0256	0.4583	-0.8484	1.46	
6.52	0.8508	-0.4532	0.0537	0.6408	-0.8063	1.4697	
6.53	0.7386	-0.8829	0.1502	0.7934	-0.6621	1.2208	
6.54	0.7459	-1.6045	0.3682	0.8648	-0.4577	1.1035	
6.55	0.5636	-2.2146	0.5486	1.0135	-0.2993	1.1147	
6.56	0.486	-2.1622	0.849	1.0887	-0.1392	0.9048	
6.57	0.433	-1.8159	1.0956	1.0874	0.0243	0.9139	
6.58	0.369	-1.4889	1.3624	1.0936	0.1764	0.7321	
6.59	0.2559	-0.7505	1.6539	1.1528	0.3243	0.6836	
6.6	0.1309	-0.2074	2.1976	1.1679	0.4549	0.5584	
6.61	-0.0054	-0.1645	2.2667	1.0415	0.4947	0.4013	
6.62	-0.1366	-0.5372	2.4475	0.9336	0.5402	0.3129	
6.63	-0.2763	-1.3039	2.3397	1.0135	0.5366	0.2403	
6.64	-0.4462	-1.8127	2.3278	0.7906	0.5419	0.1943	
6.65	-0.6008	-1.9216	2.5094	0.6019	0.4797	0.1135	
6.66	-0.7471	-1.8473	2.2903	0.4726	0.3851	0.0538	
6.67	-0.8918	-1.2825	2.0481	0.3577	0.2127	0.0086	
6.68	-0.96	-0.5296	1.7839	0.2402	0.0469	-0.0289	
6.69	-1.0766	0.0398	1.5156	0.1005	-0.1457	-0.0558	
6.7	-1.2608	0.1539	1.2792	-0.0335	-0.3494	-0.0789	
6.71	-1.4357	-0.1693	1.0491	-0.1379	-0.5683	-0.0978	
6.72	-1.4884	-0.827	0.9904	-0.2249	-0.6774	-0.0993	
6.73	-1.6953	-1.4587	0.8534	-0.3005	-0.9998	-0.074	
6.74	-1.7102	-1.65	0.7306	-0.3607	-1.182	-0.0667	
6.75	-1.8156	-1.4677	0.7644	-0.3401	-1.2844	-0.0341	
6.76	-2.0419	-0.8758	0.9884	-0.3184	-1.3645	0.0038	
6.77	-2.2006	-0.2514	1.1757	-0.2782	-1.608	0.0451	
6.78	-2.0156	0.3306	1.4485	-0.2012	-1.5495	0.0956	
6.79	-2.3475	0.4413	1.5772	-0.0809	-1.5956	0.1625	
6.8	-1.9951	0.2003	1.78	0.0438	-1.5754	0.2046	
6.81	-2.278	-0.3996	2.3519	0.1954	-1.4709	0.2791	
6.82	-2.063	-0.9268	2.6572	0.3881	-1.4131	0.3683	
6.83	-2.2901	-1.3292	2.8719	0.6069	-1.169	0.4819	
6.84	-2.2897	-1.2384	2.6968	0.7088	-0.9366	0.5451	
6.85	-2.2289	-0.8109	2.948	0.9609	-0.8541	0.6185	
6.86	-2.0146	-0.0379	2.6803	1.0691	-0.5505	0.7068	
6.87	-2.2046	0.5691	3.1251	1.4686	-0.353	0.7807	
6.88	-2.1664	0.8008	3.0321	1.5073	-0.1584	0.8035	
6.89	-1.8746	0.6094	2.7743	1.8458	0.0603	0.935	
6.9	-1.8377	0.0259	2.2721	1.9973	0.2659	0.9379	
6.91	-1.8076	-0.6146	2.0172	2.0176	0.3943	0.9488	
6.92	-1.6878	-0.9678	1.7934	1.9834	0.5855	1.1842	
6.93	-1.8473	-0.9554	1.481	2.1838	0.6834	1.1071	
6.94	-1.7295	-0.4858	1.1721	2.3253	0.7646	1.2421	
6.95	-1.4782	0.1537	1.1101	1.9387	0.7095	1.2751	
6.96	-1.2753	0.7596	1.0246	2.0933	0.7765	1.1914	
6.97	-1.19	1.1261	0.9656	2.0767	0.6616	1.1756	
6.98	-1.1384	0.9751	0.9929	2.0179	0.6515	1.2221	
6.99	-1.0745	0.3899	1.0171	1.7355	0.4617	1.416	
7.0	-1.0377	-0.2205	1.2464	1.8149	0.3439	1.2077	
7.01	-0.9786	-0.7021	1.2928	1.6986	0.1941	1.2289	
7.02	-0.8622	-0.6667	1.8341	1.4922	0.0246	1.1834	
7.03	-0.8057	-0.3315	2.0529	1.2977	-0.1512	1.1827	
7.04	-0.7512	0.3213	2.0038	1.1911	-0.3259	1.0816	
7.05	-0.592	0.9863	2.3343	0.8764	-0.4116	1.1489	
7.06	-0.6097	1.4348	2.8039	0.7711	-0.5493	0.9793	
7.07	-0.5952	1.1873	2.4865	0.6767	-0.6393	0.9703	
7.08	-0.5562	0.6917	2.5035	0.5468	-0.7604	0.9542	
7.09	-0.5294	0.095	2.8052	0.488	-0.8453	0.8802	
7.1	-0.4507	-0.4298	2.3506	0.3818	-0.8476	0.6797	
7.11	-0.4689	-0.5485	2.1298	0.3413	-0.7081	0.639	
7.12	-0.508	-0.1701	1.9992	0.3591	-0.702	0.5467	
7.13	-0.4738	0.4347	1.8456	0.346	-0.5206	0.4074	
7.14	-0.548	1.0774	1.6353	0.3599	-0.3624	0.294	
7.15	-0.5397	1.5557	1.1596	0.4818	-0.1962	0.1674	
7.16	-0.5741	1.4597	0.8555	0.5618	0.0123	0.0558	
7.17	-0.5949	1.0014	0.6099	0.6457	0.214	-0.0489	
7.18	-0.7411	0.3792	0.449	0.8754	0.4889	-0.1587	
7.19	-0.7586	-0.1527	0.3394	1.0458	0.612	-0.2941	
7.2	-0.8669	-0.3685	0.2929	1.0318	0.885	-0.414	
7.21	-0.8872	-0.0772	0.3156	1.2986	0.9982	-0.4428	
7.22	-0.9041	0.4867	0.4034	1.4607	1.1879	-0.5856	
7.23	-0.972	1.3016	0.5197	1.5953	1.3151	-0.6898	
7.24	-1.2041	1.6186	0.7715	1.7797	1.3772	-0.7089	
7.25	-1.1508	1.7354	0.9437	1.7454	1.434	-0.7626	
7.26	-1.3347	1.33	1.2449	1.7781	1.4585	-0.9731	
7.27	-1.2374	0.5732	1.5491	2.081	1.5711	-1.0187	
7.28	-1.4806	0.0433	1.5786	2.2894	1.5713	-1.0992	
7.29	-1.405	-0.2287	1.8292	2.2544	1.4868	-0.9475	
7.3	-1.5248	-0.0168	1.7796	1.9701	1.2302	-1.0731	
7.31	-1.4883	0.5676	1.7298	2.1357	1.122	-1.1876	
7.32	-1.5264	1.2323	1.5561	2.1492	0.8245	-1.0839	
7.33	-1.5916	1.7957	1.6175	1.7291	0.6516	-1.08	
7.34	-1.7083	1.6365	1.221	1.6219	0.5402	-1.1217	
7.35	-1.4427	1.4972	0.9889	1.6521	0.2747	-1.0116	
7.36	-1.6279	0.8168	0.7038	1.379	0.0989	-0.9455	
7.37	-1.4288	0.1861	0.4356	1.1564	-0.0784	-1.0887	
7.38	-1.4602	-0.1419	0.1199	0.9724	-0.227	-1.0166	
7.39	-1.2854	-0.0071	-0.1732	0.7735	-0.3728	-0.8154	
7.4	-1.4646	0.5509	-0.4534	0.6193	-0.429	-0.8811	
7.41	-1.383	1.0701	-0.638	0.3281	-0.4665	-0.6823	
7.42	-1.0863	1.6781	-0.7337	0.1734	-0.4352	-0.6699	
7.43	-1.1852	1.7414	-0.7717	-0.0194	-0.4173	-0.5738	
7.44	-1.0086	1.6019	-0.7357	-0.1674	-0.3885	-0.5107	
7.45	-0.8799	0.9282	-0.5988	-0.2971	-0.2702	-0.4136	
7.46	-0.7777	0.2536	-0.425	-0.4121	-0.1754	-0.3091	
7.47	-0.6455	-0.0913	-0.1859	-0.5575	-0.0167	-0.1979	
7.48	-0.439	-0.0467	0.0525	-0.6203	0.1612	-0.0898	
7.49	-0.3017	0.4151	0.3044	-0.6413	0.2884	0.0181	
7.5	-0.1571	1.1241	0.47	-0.6476	0.4996	0.1133	
7.51	-0.017	1.7827	0.6143	-0.6112	0.6004	0.1955	
7.52	0.152	1.9219	0.7824	-0.5393	0.8371	0.2932	
7.53	0.2958	1.6834	0.8242	-0.4545	0.9549	0.4275	
7.54	0.412	1.0336	0.8196	-0.3737	1.0724	0.4345	
7.55	0.6205	0.3492	0.6964	-0.2456	1.0295	0.5085	
7.56	0.7797	-0.1162	0.5305	-0.1188	1.1094	0.6917	
7.57	0.9604	-0.1357	0.3397	-0.0065	1.1084	0.7241	
7.58	0.9236	0.2823	0.0582	0.112	1.0329	0.7709	
7.59	1.1071	0.9644	-0.2192	0.2076	0.9204	0.8677	
7.6	1.1723	1.5399	-0.5732	0.3005	0.7565	0.7983	
7.61	1.3436	1.8601	-0.8532	0.4577	0.5487	0.7917	
7.62	1.5481	1.4785	-1.0679	0.485	0.3191	0.8506	
7.63	1.5093	0.9985	-1.2791	0.5506	0.1029	0.9476	
7.64	1.6207	0.3049	-1.4521	0.5512	-0.1591	0.8774	
7.65	1.743	-0.1589	-1.5297	0.5623	-0.3669	0.8266	
7.66	1.6333	-0.233	-1.4832	0.5379	-0.6854	0.7958	
7.67	1.7261	0.1143	-1.3687	0.4084	-0.8531	0.8823	
7.68	1.9679	0.7462	-1.1441	0.3076	-1.0971	0.7251	
7.69	1.8545	1.3096	-0.957	0.2046	-1.227	0.7425	
7.7	1.7324	1.8105	-0.7144	0.0326	-1.3307	0.6743	
7.71	1.7258	1.6867	-0.426	-0.1355	-1.5835	0.6105	
7.72	1.9387	0.9909	-0.2051	-0.3192	-1.6359	0.6213	
7.73	1.8057	0.2908	0.0226	-0.5716	-1.639	0.53	
7.74	1.6165	-0.2091	0.2157	-0.7506	-1.6618	0.3799	
7.75	1.6366	-0.4096	0.3093	-0.9923	-1.6627	0.311	
7.76	1.717	-0.0777	0.3858	-1.1111	-1.7849	0.2506	
7.77	1.3881	0.5742	0.4059	-1.4972	-1.4749	0.1393	
7.78	1.5028	1.1488	0.2817	-1.4887	-1.4813	0.0681	
7.79	1.3133	1.4669	0.1392	-1.8309	-1.4479	-0.0271	
7.8	1.3007	1.5279	-0.0857	-2.1546	-1.1637	-0.1072	
7.81	1.0945	1.0366	-0.3346	-2.0811	-1.087	-0.2095	
7.82	1.0601	0.2569	-0.5718	-2.1802	-0.8092	-0.2812	
7.83	0.8876	-0.2893	-0.9456	-2.2918	-0.6938	-0.3929	
7.84	0.8599	-0.5299	-1.1624	-2.2189	-0.6971	-0.402	
7.85	0.7455	-0.2773	-1.3488	-2.5592	-0.519	-0.4704	
7.86	0.5444	0.3188	-1.4766	-2.4775	-0.5254	-0.5454	
7.87	0.5246	0.8808	-1.4427	-2.4465	-0.4354	-0.5998	
7.88	0.3915	1.4882	-1.4342	-2.5238	-0.5061	-0.6547	
7.89	0.3389	1.4759	-1.5605	-2.0609	-0.5201	-0.6862	
7.9	0.2259	0.9964	-1.2835	-2.1713	-0.6606	-0.6865	
7.91	0.168	0.247	-1.1427	-1.912	-0.7672	-0.7611	
7.92	0.092	-0.3772	-0.8813	-1.7556	-0.9784	-0.7437	
7.93	0.0349	-0.652	-0.6165	-1.7158	-1.2242	-0.8519	
7.94	-0.0091	-0.4467	-0.2652	-1.6979	-1.3323	-0.8308	
7.95	-0.0497	0.0712	0.0016	-1.3458	-1.5287	-0.8239	
7.96	-0.0766	0.767	0.225	-1.2051	-1.6405	-0.7087	
7.97	-0.0891	1.1471	0.4033	-1.2871	-2.1793	-0.7468	
7.98	-0.093	1.2959	0.6284	-0.9792	-2.391	-0.7113	
7.99	-0.0838	0.8733	0.6569	-1.0895	-2.3537	-0.6248	
8.0	-0.0787	0.2128	0.6623	-0.9656	-2.8243	-0.4803	
8.01	-0.0553	-0.4274	0.4802	-0.9493	-2.7053	-0.475	
8.02	-0.0186	-0.8122	0.4107	-0.8631	-2.7862	-0.3794	
8.03	0.022	-0.633	0.1755	-0.9198	-2.6426	-0.3015	
8.04	0.0664	-0.1371	-0.0702	-1.0058	-3.0481	-0.1713	
8.05	0.136	0.4704	-0.2956	-1.1336	-2.9341	-0.0923	
8.06	0.177	1.0588	-0.608	-1.333	-2.6163	0.0178	
8.07	0.2556	1.1283	-0.7021	-1.265	-2.5144	0.136	
8.08	0.3536	0.7726	-0.9729	-1.5316	-2.4892	0.2224	
8.09	0.4182	0.1896	-0.9479	-1.4994	-2.4139	0.327	
8.1	0.4555	-0.4244	-1.1829	-1.7199	-2.3733	0.4666	
8.11	0.5693	-0.8108	-0.9539	-2.2092	-1.9625	0.5429	
8.12	0.6626	-0.8508	-0.9716	-1.9716	-1.7758	0.6275	
8.13	0.7272	-0.3553	-0.7929	-2.4252	-1.683	0.7262	
8.14	0.7621	0.3003	-0.4895	-2.6359	-1.5665	0.924	
8.15	0.8667	0.7987	-0.212	-2.6183	-1.4451	1.0512	
8.16	0.8686	1.1416	0.076	-2.8291	-1.1471	1.1751	
8.17	1.0284	0.746	0.3837	-3.0456	-1.0156	1.1339	
8.18	0.9587	0.218	0.6794	-3.1353	-0.9459	1.2141	
8.19	1.0328	-0.4291	0.9782	-2.9807	-0.8333	1.4479	
8.2	0.9991	-0.9358	1.1592	-3.1892	-0.8816	1.2605	
8.21	1.0535	-0.9526	1.1691	-2.9194	-0.9334	1.5024	
8.22	0.971	-0.5324	1.3384	-3.1047	-1.0261	1.4899	
8.23	1.0005	0.1582	1.2922	-2.9553	-0.9997	1.6714	
8.24	1.1007	0.7524	1.0832	-2.4909	-1.2371	1.6393	
8.25	1.0869	0.9552	0.8515	-2.2609	-1.2969	1.5242	
8.26	0.933	0.8544	0.6261	-2.4672	-1.5141	1.6208	
8.27	1.0272	0.2664	0.4268	-2.0407	-1.6686	1.6438	
8.28	0.8201	-0.3999	0.1834	-2.0248	-1.95	1.4773	
8.29	0.7757	-0.8409	-0.0668	-1.5373	-1.7938	1.5968	
8.3	0.7941	-1.0663	-0.2953	-1.5846	-2.1911	1.4498	
8.31	0.6917	-0.6461	-0.4662	-1.3258	-2.3876	1.3563	
8.32	0.5459	0.0372	-0.5628	-1.0444	-2.1637	1.4635	
8.33	0.425	0.6056	-0.5584	-0.8811	-2.1554	1.352	
8.34	0.379	0.9336	-0.5333	-0.7291	-2.4848	1.3335	
8.35	0.243	0.924	-0.3453	-0.5908	-2.4708	1.2027	
8.36	0.116	0.3601	-0.1591	-0.5097	-2.2338	1.1754	
8.37	-0.0119	-0.297	0.0595	-0.4499	-2.4186	0.9604	
8.38	-0.1416	-0.9008	0.3577	-0.3444	-1.938	0.9837	
8.39	-0.2865	-1.0476	0.5921	-0.3297	-1.7365	0.7516	
8.4	-0.4203	-0.6183	0.8269	-0.3491	-1.6921	0.795	
8.41	-0.4918	-0.0412	1.0742	-0.3652	-1.4564	0.6262	
8.42	-0.6635	0.5604	1.3985	-0.4733	-1.2485	0.4988	
8.43	-0.8154	0.9696	1.5471	-0.5338	-0.9198	0.4084	
8.44	-0.9154	0.9623	1.5067	-0.6333	-0.6436	0.343	
8.45	-0.9073	0.4435	1.687	-0.7382	-0.4937	0.2395	
8.46	-1.1465	-0.1717	1.4879	-0.8323	-0.2317	0.1623	
8.47	-1.0822	-0.7047	1.4092	-0.8623	-0.0547	0.0735	
8.48	-1.1227	-0.8791	1.1167	-1.0435	0.0994	-0.0056	
8.49	-1.2127	-0.73	0.8805	-1.1153	0.2285	-0.0728	
8.5	-1.391	-0.0724	0.556	-1.2149	0.3542	-0.1398	
8.51	-1.4741	0.644	0.2761	-1.5171	0.389	-0.1937	
8.52	-1.3182	1.0211	-0.0024	-1.5269	0.3872	-0.2341	
8.53	-1.2666	1.083	-0.2389	-1.6461	0.3424	-0.3142	
8.54	-1.5397	0.589	-0.3658	-1.3702	0.2903	-0.3422	
8.55	-1.3336	-0.0153	-0.5321	-1.4609	0.1781	-0.3304	
8.56	-1.2281	-0.575	-0.5013	-1.4489	0.0558	-0.32	
8.57	-1.445	-0.8288	-0.4645	-1.4183	-0.0845	-0.3429	
8.58	-1.1895	-0.63	-0.3708	-1.1872	-0.2338	-0.3392	
8.59	-1.1034	-0.078	-0.1699	-1.2397	-0.3589	-0.3296	
8.6	-1.1754	0.5426	0.0482	-0.9726	-0.5164	-0.2999	
8.61	-0.9567	1.1554	0.324	-0.8806	-0.7131	-0.2476	
8.62	-1.0202	1.1286	0.5601	-0.6159	-0.8166	-0.2273	
8.63	-0.8351	0.8819	0.8014	-0.3853	-0.9674	-0.1782	
8.64	-0.6875	0.1847	0.9489	-0.2122	-0.999	-0.1149	
8.65	-0.6016	-0.4196	1.1471	0.0294	-1.0959	-0.0403	
8.66	-0.5033	-0.7426	1.298	0.2332	-0.9549	0.0316	
8.67	-0.3195	-0.5323	1.3304	0.5082	-1.0118	0.103	
8.68	-0.1867	-0.0639	1.1109	0.7403	-0.7922	0.1733	
8.69	-0.0526	0.6137	1.0913	0.9019	-0.7987	0.2954	
8.7	0.0829	1.252	0.7823	1.0468	-0.6051	0.3413	
8.71	0.2074	1.3767	0.5996	1.1697	-0.3955	0.4888	
8.72	0.3756	0.9873	0.2536	1.2439	-0.2087	0.5746	
8.73	0.4925	0.4156	-0.0575	1.5569	-0.0041	0.6168	
8.74	0.6337	-0.226	-0.3318	1.3481	0.2276	0.7123	
8.75	0.6965	-0.6071	-0.6338	1.4626	0.4188	0.7247	
8.76	0.8993	-0.4846	-0.8433	1.3803	0.6471	0.9605	
8.77	1.0752	-0.0144	-0.9661	1.409	0.8657	0.9593	
8.78	1.1363	0.699	-1.0784	1.3498	1.0448	0.9542	
8.79	1.2545	1.1932	-1.1747	1.4118	1.2216	1.1137	
8.8	1.3733	1.4086	-1.1811	1.2739	1.2052	1.1271	
8.81	1.4356	1.1444	-0.9928	1.2064	1.2056	1.2127	
8.82	1.4249	0.5974	-0.7698	0.9345	1.4036	1.1825	
8.83	1.5822	0.0032	-0.5856	0.8137	1.1575	1.3441	
8.84	1.3686	-0.3763	-0.4207	0.8034	1.1727	1.2893	
8.85	1.4231	-0.3632	-0.1824	0.673	1.0441	1.2646	
8.86	1.5255	0.0398	0.0403	0.5318	0.982	1.3639	
8.87	1.5369	0.675	0.2043	0.3997	0.7534	1.1817	
8.88	1.5915	1.4315	0.3142	0.2897	0.5468	1.1475	
8.89	1.5431	1.6199	0.3458	0.2406	0.421	1.3039	
8.9	1.5114	1.4269	0.3471	0.2109	0.1888	1.1553	
8.91	1.4116	0.9399	0.2299	0.191	-0.0248	1.2222	
8.92	1.553	0.2181	0.0328	0.213	-0.2373	1.1342	
8.93	1.3391	-0.2204	-0.2224	0.2343	-0.4358	1.0249	
8.94	1.4601	-0.3189	-0.527	0.3248	-0.5614	0.8533	
8.95	1.2873	0.0775	-0.8583	0.4102	-0.6442	0.8284	
8.96	1.1883	0.7193	-1.1641	0.4948	-0.7555	0.7442	
8.97	1.221	1.4163	-1.3825	0.7264	-0.8247	0.6868	
8.98	1.1799	1.7385	-1.5555	0.8599	-0.8535	0.4865	
8.99	1.1265	1.6985	-2.0611	1.0572	-0.7423	0.3886	
9.0	0.9461	1.1021	-1.8846	1.2062	-0.6998	0.3017	
9.01	0.8374	0.443	-2.1856	1.4571	-0.6113	0.1736	
9.02	0.8314	-0.0956	-2.282	1.5052	-0.5669	0.0453	
9.03	0.758	-0.2007	-2.0768	1.7821	-0.3742	-0.0812	
9.04	0.7551	0.1084	-1.7988	1.7575	-0.26	-0.223	
9.05	0.6488	0.7143	-1.6494	2.1974	-0.0662	-0.3239	
9.06	0.7021	1.3261	-1.5271	2.1458	0.1095	-0.4877	
9.07	0.6857	1.6634	-1.2508	2.2831	0.2503	-0.5344	
9.08	0.6616	1.5742	-1.1002	2.3545	0.4001	-0.7287	
9.09	0.6475	1.2516	-0.9266	2.6388	0.5731	-0.762	
9.1	0.6802	0.6075	-0.6829	2.4149	0.6019	-0.9136	
9.11	0.6578	0.0426	-0.5808	2.55	0.7721	-1.0413	
9.12	0.6792	-0.1479	-0.5805	2.3261	0.7446	-1.0889	
9.13	0.6694	0.1179	-0.5995	2.3758	0.7189	-1.0871	
9.14	0.6882	0.7126	-0.758	2.0176	0.6235	-1.1665	
9.15	0.8164	1.2988	-0.9561	2.094	0.519	-1.3791	
9.16	0.9449	1.6642	-1.1392	1.7742	0.4431	-1.3185	
9.17	0.9685	1.7878	-1.5124	1.8929	0.2538	-1.5729	
9.18	1.0665	1.2587	-1.6164	1.654	0.0905	-1.4249	
9.19	1.2209	0.723	-2.0935	1.5268	-0.1383	-1.3715	
9.2	1.323	0.1267	-2.3033	1.143	-0.3801	-1.5395	
9.21	1.2408	-0.1108	-2.4315	0.9837	-0.5788	-1.4533	
9.22	1.5423	0.0745	-2.7958	0.9594	-0.7357	-1.4796	
9.23	1.4353	0.6752	-3.1145	0.6737	-1.0564	-1.4931	
9.24	1.792	1.3419	-2.875	0.6074	-1.2876	-1.5767	
9.25	1.6432	1.9285	-2.6963	0.4627	-1.2858	-1.3371	
9.26	1.9325	1.9806	-2.5684	0.3701	-1.4981	-1.4854	
9.27	1.8495	1.5935	-2.3796	0.2823	-1.7505	-1.3403	
9.28	1.9798	0.8321	-2.4921	0.2578	-1.7443	-1.4437	
9.29	2.3389	0.2008	-2.0914	0.272	-1.772	-1.3855	
9.3	2.5003	-0.1306	-1.6538	0.2921	-1.7462	-1.1327	
9.31	2.4494	-0.0168	-1.6529	0.3253	-1.7546	-1.1808	
9.32	2.4469	0.5333	-1.3549	0.3605	-1.5096	-0.9929	
9.33	2.3572	1.2134	-1.1822	0.4769	-1.5512	-1.0618	
9.34	2.5847	1.6255	-1.0631	0.558	-1.2415	-0.8791	
9.35	2.865	1.9572	-0.9918	0.671	-1.1618	-0.8679	
9.36	2.9776	1.5559	-1.0539	0.8767	-0.9125	-0.8329	
9.37	3.0585	0.7663	-1.1139	0.996	-0.7627	-0.7298	
9.38	2.5857	0.2032	-1.2214	1.1654	-0.5914	-0.6316	
9.39	2.6244	-0.2128	-1.6496	1.4	-0.4214	-0.568	
9.4	3.0323	-0.1545	-1.6924	1.5059	-0.2167	-0.5401	
9.41	2.9854	0.2819	-2.1507	1.6783	-0.1103	-0.5103	
9.42	2.7794	0.8794	-2.1738	1.6158	-0.0028	-0.4463	
9.43	2.7286	1.5622	-2.698	1.697	0.0572	-0.3857	
9.44	2.4333	1.5902	-2.8503	1.6811	0.0933	-0.3592	
9.45	2.7178	1.3153	-2.7348	1.9101	0.0831	-0.3298	
9.46	2.3615	0.7992	-2.667	1.6082	0.0337	-0.3283	
9.47	2.4924	0.1292	-2.6976	1.8505	-0.0531	-0.3218	
9.48	2.5581	-0.3004	-2.8172	1.6254	-0.1822	-0.3023	
9.49	2.3354	-0.3092	-2.4945	1.6161	-0.3042	-0.2841	
9.5	1.9391	0.0665	-2.3704	1.3456	-0.4878	-0.3429	
9.51	2.012	0.7775	-2.0891	1.3244	-0.6083	-0.3899	
9.52	1.7165	1.3258	-1.6436	1.0184	-0.8968	-0.3854	
9.53	1.6785	1.4452	-1.4129	0.8378	-1.0273	-0.4662	
9.54	1.7084	1.1989	-1.2871	0.6731	-1.2836	-0.5017	
9.55	1.406	0.7218	-0.9791	0.4557	-1.3747	-0.5889	
9.56	1.3438	0.026	-0.811	0.3129	-1.5628	-0.7078	
9.57	1.1369	-0.4441	-0.6917	0.0934	-1.6303	-0.74	
9.58	1.0327	-0.6073	-0.6102	-0.1091	-1.5235	-0.8715	
9.59	0.9141	-0.2442	-0.6861	-0.2893	-1.6855	-1.0254	
9.6	0.7439	0.3558	-0.7359	-0.4472	-1.5916	-1.1314	
9.61	0.6138	1.0681	-0.8382	-0.5256	-1.687	-1.1122	
9.62	0.4918	1.2515	-1.0163	-0.6319	-1.3211	-1.1754	
9.63	0.348	1.2151	-1.3109	-0.8177	-1.2321	-1.5166	
9.64	0.2487	0.5687	-1.6162	-0.7607	-1.0425	-1.5299	
9.65	0.1155	-0.1341	-1.9178	-0.8099	-0.9516	-1.4928	
9.66	0.0344	-0.6862	-2.1467	-0.7994	-0.6796	-1.6519	
9.67	-0.0428	-0.7827	-2.0965	-0.7324	-0.4679	-2.026	
9.68	-0.1123	-0.5194	-2.0811	-0.6831	-0.2242	-2.1467	
9.69	-0.1825	0.0332	-2.0672	-0.6328	0.0191	-2.2105	
9.7	-0.2215	0.5949	-2.0236	-0.4369	0.2539	-2.2971	
9.71	-0.2414	0.9222	-1.7951	-0.3025	0.4626	-2.2207	
9.72	-0.2674	0.9109	-1.6919	-0.1655	0.6659	-2.4245	
9.73	-0.2751	0.3723	-1.35	-0.029	0.8141	-2.4476	
9.74	-0.2539	-0.301	-1.1412	0.1324	0.9767	-2.6503	
9.75	-0.2831	-0.9649	-0.8559	0.262	0.9956	-2.6479	
9.76	-0.2525	-1.173	-0.4966	0.4428	1.1014	-2.693	
9.77	-0.1945	-0.9912	-0.2464	0.5463	1.1723	-2.5712	
9.78	-0.1766	-0.3607	0.0019	0.6086	0.9927	-2.8458	
9.79	-0.1202	0.2786	0.1863	0.76	1.0729	-3.0476	
9.8	-0.0501	0.6389	0.2584	0.842	0.8403	-2.6738	
9.81	0.0108	0.695	0.2849	0.7994	0.7633	-2.6651	
9.82	0.0736	0.1661	0.2814	0.8295	0.6883	-2.8763	
9.83	0.1507	-0.4724	0.143	0.8709	0.5569	-3.027	
9.84	0.2314	-1.059	-0.0237	0.6983	0.3267	-2.9989	
9.85	0.3032	-1.4508	-0.2512	0.7382	0.2136	-2.8679	
9.86	0.3947	-1.4145	-0.4927	0.5878	0.1018	-2.8003	
9.87	0.4298	-0.7848	-0.6382	0.4533	-0.0029	-2.6734	
9.88	0.5621	-0.1351	-0.9345	0.2924	-0.0707	-2.4616	
9.89	0.5696	0.2942	-1.0472	0.1491	-0.1262	-2.5089	
9.9	0.7122	0.3798	-1.1489	-0.0293	-0.1191	-2.4005	
9.91	0.7059	-0.0606	-1.1692	-0.2139	-0.099	-2.622	
9.92	0.8464	-0.7509	-1.3154	-0.3869	-0.0159	-2.2366	
9.93	0.93	-1.3638	-1.1654	-0.5821	0.0899	-2.3413	
9.94	0.9203	-1.7835	-0.8904	-0.7309	0.2432	-2.3073	
9.95	0.9809	-1.7248	-0.6571	-0.798	0.4411	-2.2052	
9.96	1.0168	-1.1172	-0.4282	-1.039	0.6812	-1.9344	
9.97	0.9751	-0.4993	-0.1345	-1.131	0.9026	-2.0424	
9.98	1.0531	-0.0457	0.1629	-1.1762	1.1096	-1.757	
9.99	0.9897	0.0482	0.4511	-1.2891	1.4174	-1.7659	
10.0	1.0543	-0.284	0.7658	-1.1771	1.6894	-1.714	
10.01	1.0174	-0.8847	0.9404	-1.1559	1.7494	-1.4057	
10.02	0.9144	-1.6871	1.0393	-1.2123	2.0391	-1.3609	
10.03	0.9141	-1.9376	1.0482	-0.9995	2.075	-1.1846	
10.04	0.7742	-1.8386	1.0996	-0.9844	2.1541	-1.3257	
10.05	0.688	-1.483	1.0152	-0.9274	2.2983	-1.2383	
10.06	0.6344	-0.865	0.8849	-0.6564	2.6543	-1.0674	
10.07	0.6274	-0.418	0.66	-0.551	2.7513	-1.0133	
10.08	0.4819	-0.2318	0.4264	-0.3407	2.3733	-1.0183	
10.09	0.4058	-0.5518	0.1454	-0.181	2.742	-0.8766	
10.1	0.3554	-1.2244	-0.1123	-0.0036	2.7297	-0.937	
10.11	0.2809	-1.8734	-0.3376	0.1669	2.1615	-0.8078	
10.12	0.1754	-2.0916	-0.5503	0.3434	2.0324	-0.8939	
10.13	0.0821	-2.4485	-0.6902	0.4743	2.0668	-0.8837	
10.14	-0.017	-2.0812	-0.664	0.5913	2.0414	-0.865	
10.15	-0.1023	-1.298	-0.6745	0.7258	1.8131	-0.8766	
10.16	-0.1805	-0.6814	-0.5287	0.7785	1.3871	-0.8699	
10.17	-0.2461	-0.4668	-0.4424	0.9639	1.4629	-0.8854	
10.18	-0.3627	-0.6933	-0.1828	0.9253	1.1681	-0.8505	
10.19	-0.4084	-1.193	0.0776	0.9331	1.0272	-1.0042	
10.2	-0.4646	-1.884	0.3793	1.0274	1.0084	-0.9958	
10.21	-0.5327	-2.6221	0.6647	0.8726	0.8587	-1.0667	
10.22	-0.5939	-2.3339	0.8939	0.789	0.9258	-1.0546	
10.23	-0.5798	-2.1873	1.1189	0.7193	0.9306	-1.1839	
10.24	-0.5494	-1.4446	1.2245	0.6117	1.0066	-1.3932	
10.25	-0.6364	-1.0186	1.3932	0.4452	1.137	-1.46	
10.26	-0.6307	-0.7422	1.1981	0.2725	1.1159	-1.4657	
10.27	-0.5907	-0.8166	1.2027	0.1354	1.1844	-1.5971	
10.28	-0.5104	-1.2819	1.1365	-0.0351	1.4691	-1.6544	
10.29	-0.5128	-2.256	0.9403	-0.1926	1.7794	-1.7466	
10.3	-0.4933	-2.7839	0.5903	-0.3326	1.6539	-1.7365	
10.31	-0.36	-2.7058	0.3375	-0.4835	1.94	-1.8094	
10.32	-0.2923	-2.6635	0.0835	-0.5339	2.0713	-2.0011	
10.33	-0.2256	-1.9055	-0.183	-0.695	2.195	-1.9868	
10.34	-0.1215	-1.2276	-0.4531	-0.6992	2.5457	-1.9047	
10.35	-0.0171	-0.8663	-0.6566	-0.7702	2.4383	-2.2941	
10.36	0.1012	-0.9075	-0.79	-0.763	2.8	-1.9934	
10.37	0.2241	-1.4617	-0.8303	-0.8044	2.5486	-2.1581	
10.38	0.3763	-2.1373	-0.8352	-0.7222	2.5635	-2.3807	
10.39	0.4779	-2.9011	-0.6291	-0.5949	2.5185	-2.3482	
10.4	0.652	-2.6805	-0.536	-0.5663	2.3547	-2.0616	
10.41	0.77	-2.4262	-0.3243	-0.3969	2.5085	-2.4228	
10.42	0.9686	-2.1899	-0.0915	-0.2509	2.1385	-2.146	
10.43	1.1238	-1.4555	0.1656	-0.0818	1.9919	-2.119	
10.44	1.1064	-0.8652	0.4175	0.0908	1.6297	-2.1116	
10.45	1.4179	-1.0076	0.6763	0.3045	1.5442	-2.0066	
10.46	1.5221	-1.3214	0.7969	0.4458	1.199	-2.1299	
10.47	1.49	-2.0703	0.958	0.6327	0.9905	-2.0584	
10.48	1.618	-2.4037	0.8526	0.8691	0.7588	-1.9811	
10.49	1.8968	-2.954	0.9848	1.0179	0.6108	-1.6909	
10.5	2.0571	-2.7922	0.7909	1.1425	0.4683	-1.7154	
10.51	2.0238	-1.9427	0.5983	1.0833	0.2823	-1.5173	
10.52	2.2053	-1.2858	0.3745	1.377	0.1669	-1.4412	
10.53	2.3774	-1.0171	0.0751	1.4503	0.0898	-1.4804	
10.54	2.1484	-0.8665	-0.2048	1.2232	0.0617	-1.3344	
10.55	2.4789	-1.1989	-0.5147	1.3687	0.0527	-1.1743	
10.56	2.3487	-1.8007	-0.8543	1.42	0.0929	-1.1304	
10.57	2.2695	-2.4621	-1.07	1.2026	0.1569	-0.8481	
10.58	2.603	-2.9946	-1.1782	1.1533	0.2428	-0.8738	
10.59	2.4209	-2.7175	-1.3035	0.9797	0.4221	-0.6779	
10.6	2.5813	-2.2905	-1.3184	0.8157	0.4909	-0.5595	
10.61	2.3145	-1.521	-1.4178	0.7754	0.6974	-0.4226	
10.62	2.567	-0.8224	-1.2762	0.568	0.8476	-0.2655	
10.63	2.1427	-0.7622	-1.104	0.3189	0.906	-0.1534	
10.64	2.406	-0.9152	-0.7888	0.177	1.1162	-0.0208	
10.65	2.0424	-1.5582	-0.5528	-0.0114	1.3253	0.1034	
10.66	2.0306	-2.3224	-0.3572	-0.1968	1.4588	0.1946	
10.67	2.19	-2.7459	-0.1214	-0.3298	1.4767	0.3319	
10.68	2.04	-2.3583	0.083	-0.4685	1.4739	0.3873	
10.69	1.9659	-2.0729	0.2287	-0.6042	1.4931	0.5196	
10.7	1.7387	-1.3766	0.309	-0.6795	1.4772	0.6077	
10.71	1.5618	-0.7448	0.3596	-0.7686	1.216	0.6592	
10.72	1.6517	-0.4809	0.2903	-0.8153	1.0529	0.6685	
10.73	1.5787	-0.679	0.144	-0.7971	0.9824	0.706	
10.74	1.3037	-1.3583	-0.0438	-0.7761	0.693	0.8761	
10.75	1.1796	-1.9659	-0.2875	-0.8235	0.5049	0.8555	
10.76	1.1408	-2.374	-0.6147	-0.6472	0.3199	0.8346	
10.77	1.1492	-2.4772	-0.9337	-0.5655	0.0985	0.9418	
10.78	1.0055	-1.675	-1.2224	-0.4432	-0.1203	0.8863	
10.79	0.7939	-1.1881	-1.307	-0.3195	-0.3671	0.9092	
10.8	0.762	-0.4699	-1.5972	-0.2176	-0.5136	0.8186	
10.81	0.7592	-0.2372	-1.8175	-0.0556	-0.7061	0.8759	
10.82	0.6934	-0.4078	-1.8397	0.0925	-0.8528	0.7023	
10.83	0.6194	-0.8711	-1.91	0.2447	-0.9078	0.7107	
10.84	0.5256	-1.56	-1.6299	0.3555	-1.0984	0.6712	
10.85	0.477	-1.9501	-1.5015	0.4744	-1.0984	0.6223	
10.86	0.4709	-2.1676	-1.4703	0.5585	-1.0661	0.5785	
10.87	0.4683	-1.4542	-1.1863	0.7024	-0.8613	0.4928	
10.88	0.4891	-0.8766	-0.7963	0.711	-0.8515	0.4376	
10.89	0.5051	-0.2408	-0.5943	0.6983	-0.7395	0.3991	
10.9	0.462	0.1063	-0.3238	0.7907	-0.528	0.3218	
10.91	0.5632	0.0031	-0.1091	0.6685	-0.3998	0.2329	
10.92	0.5702	-0.5188	0.0591	0.6022	-0.1955	0.1585	
10.93	0.6107	-1.174	0.1579	0.5413	0.0085	0.0921	
10.94	0.6599	-1.4556	0.1693	0.3878	0.2186	0.0399	
10.95	0.6542	-1.8275	0.1112	0.2215	0.4092	-0.0216	
10.96	0.701	-1.3646	-0.0176	0.0639	0.6114	-0.0682	
10.97	0.7999	-0.5848	-0.1874	-0.1119	0.6908	-0.1222	
10.98	0.888	0.0409	-0.4472	-0.2958	0.8285	-0.1789	
10.99	0.8494	0.4594	-0.7256	-0.5207	0.8506	-0.2081	
11.0	0.9569	0.4529	-0.9793	-0.6932	1.0051	-0.2157	
11.01	1.0408	-0.0064	-1.2037	-0.8728	0.8509	-0.2379	
11.02	1.1315	-0.6768	-1.4354	-1.2345	0.9762	-0.2452	
11.03	1.2584	-1.1534	-1.6248	-1.44	0.8037	-0.2639	
11.04	1.2587	-1.3468	-1.5433	-1.3582	0.6563	-0.2709	
11.05	1.1976	-1.0221	-1.6035	-1.5234	0.5363	-0.2166	
11.06	1.3481	-0.3309	-1.5481	-1.6402	0.4032	-0.2083	
11.07	1.3331	0.3559	-1.5106	-1.7555	0.2739	-0.1705	
11.08	1.3983	0.8655	-1.1582	-1.9123	0.0815	-0.1108	
11.09	1.4675	0.949	-1.0172	-2.0972	-0.0941	-0.0574	
11.1	1.4452	0.5124	-0.7547	-2.0588	-0.2637	0.0082	
11.11	1.3888	-0.1334	-0.3988	-2.0311	-0.436	0.0794	
11.12	1.3916	-0.7177	-0.0874	-1.7321	-0.5068	0.1581	
11.13	1.5024	-0.9259	0.1668	-1.5677	-0.6504	0.2705	
11.14	1.4542	-0.6413	0.4365	-1.7722	-0.7611	0.3256	
11.15	1.4078	-0.0412	0.5222	-1.6103	-0.7515	0.4801	
11.16	1.3179	0.6488	0.702	-1.3763	-0.7618	0.5324	
11.17	1.2318	1.3043	0.7078	-1.1538	-0.6894	0.7204	
11.18	1.1815	1.289	0.6628	-1.005	-0.5892	0.8335	
11.19	1.0625	1.0242	0.5356	-0.989	-0.3847	0.8632	
11.2	0.8197	0.3766	0.3454	-0.8075	-0.2544	0.9378	
11.21	0.7892	-0.2073	0.1317	-0.6519	-0.0465	1.1188	
11.22	0.6232	-0.441	-0.0912	-0.543	0.1595	1.1779	
11.23	0.4989	-0.2944	-0.2945	-0.5193	0.4182	1.4414	
11.24	0.4255	0.2761	-0.5484	-0.3936	0.6694	1.362	
11.25	0.2327	1.0147	-0.7019	-0.3979	0.8136	1.5582	
11.26	0.1086	1.5188	-0.8162	-0.3778	1.0625	1.8821	
11.27	-0.0389	1.7038	-0.7682	-0.4461	1.272	1.8774	
11.28	-0.1847	1.4134	-0.7822	-0.4599	1.5806	2.0472	
11.29	-0.3228	0.8141	-0.6591	-0.5806	1.6293	1.9334	
11.3	-0.5296	0.2384	-0.4879	-0.7384	1.5635	1.8824	
11.31	-0.5966	-0.0813	-0.2568	-0.8465	1.7029	2.1907	
11.32	-0.8133	0.0217	0.0169	-1.05	1.6685	2.0696	
11.33	-0.8802	0.516	0.3384	-1.2236	1.934	2.3703	
11.34	-1.1077	1.334	0.669	-1.2069	1.7474	2.4232	
11.35	-1.168	1.7674	0.9805	-1.5002	1.7204	2.1753	
11.36	-1.3342	2.1627	1.2781	-1.5266	1.4348	2.39	
11.37	-1.5026	1.7959	1.4245	-1.8213	1.5089	2.5216	
11.38	-1.3863	1.3239	1.5863	-2.0751	1.1604	2.2726	
11.39	-1.5467	0.6057	1.8064	-2.3192	1.1287	2.2659	
11.4	-1.626	0.263	1.8651	-2.3006	0.9221	2.5261	
11.41	-1.656	0.2927	1.7167	-2.5762	0.6543	2.0639	
11.42	-1.6339	0.736	1.5496	-2.5645	0.6202	2.3757	
11.43	-1.6425	1.4467	1.4425	-2.6679	0.3897	2.3878	
11.44	-1.8929	2.1596	1.1567	-2.4804	0.3045	2.259	
11.45	-1.7859	2.1622	0.8489	-2.4531	0.2257	2.01	
11.46	-1.7993	2.2565	0.6206	-2.6437	0.1707	2.0095	
11.47	-1.8519	1.5669	0.5143	-2.5073	0.179	2.0718	
11.48	-1.6756	1.0446	0.29	-2.4696	0.2286	1.9819	
11.49	-1.8045	0.5879	0.2382	-2.311	0.3035	1.6855	
11.5	-1.5896	0.5362	0.2192	-2.2242	0.3999	1.4926	
11.51	-1.5971	1.0047	0.2892	-2.0346	0.5184	1.5215	
11.52	-1.4218	1.5153	0.4307	-1.5861	0.6541	1.4649	
11.53	-1.4677	2.3151	0.6312	-1.377	0.8118	1.3804	
11.54	-1.2096	2.5117	0.9045	-1.2603	1.1468	1.3391	
11.55	-1.2542	2.3273	1.0591	-1.1023	1.2968	1.0356	
11.56	-1.2016	2.037	1.5605	-0.9191	1.4744	1.1469	
11.57	-0.976	1.2578	1.6456	-0.7952	1.7419	0.9841	
11.58	-0.8804	0.8604	2.138	-0.6291	1.7378	0.8825	
11.59	-0.7968	0.6811	2.3876	-0.4463	1.8989	0.7824	
11.6	-0.6247	1.0616	2.5127	-0.3617	2.2	0.6395	
11.61	-0.5303	1.6927	2.6438	-0.3036	2.3073	0.692	
11.62	-0.4386	2.1864	2.4524	-0.2278	2.2083	0.5272	
11.63	-0.3408	2.9695	2.6566	-0.2086	1.9538	0.5641	
11.64	-0.2254	2.7247	2.7301	-0.226	2.088	0.4436	
11.65	-0.1513	2.057	2.2924	-0.2671	1.8845	0.393	
11.66	-0.0561	1.4097	2.1499	-0.2752	1.9996	0.4363	
11.67	0.0344	1.0164	1.692	-0.3935	1.6363	0.4018	
11.68	0.112	0.8466	1.6525	-0.4745	1.3584	0.3947	
11.69	0.181	1.1539	1.391	-0.6189	1.1762	0.3538	
11.7	0.2254	1.6978	1.0981	-0.6795	1.13	0.3522	
11.71	0.3035	2.4089	0.9983	-0.8038	0.7543	0.4206	
11.72	0.3033	3.0072	0.9504	-1.0342	0.6328	0.4022	
11.73	0.3554	3.025	0.8538	-1.0119	0.3798	0.5004	
11.74	0.3803	2.5945	0.9884	-1.0963	0.1627	0.5732	
11.75	0.3645	1.5906	1.0655	-1.4287	0.0004	0.5624	
11.76	0.3379	1.1699	1.3493	-1.2993	-0.1595	0.6818	
11.77	0.3667	0.8114	1.5301	-1.5896	-0.252	0.7322	
11.78	0.3056	1.0402	1.6586	-1.3429	-0.3309	0.8522	
11.79	0.2937	1.5466	2.0319	-1.5635	-0.3714	0.7802	
11.8	0.216	2.3536	2.1834	-1.4542	-0.3493	0.9512	
11.81	0.1966	2.5022	2.7096	-1.3042	-0.344	1.031	
11.82	0.1229	2.9077	2.5189	-1.4431	-0.248	1.2123	
11.83	0.0726	2.1974	2.7559	-1.0946	-0.1594	1.2984	
11.84	0.0014	1.8085	2.8421	-0.9588	-0.0285	1.2994	
11.85	-0.0754	1.0492	2.979	-0.932	0.1072	1.4515	
11.86	-0.1329	0.8841	2.7208	-0.719	0.2801	1.3612	
11.87	-0.2159	0.8737	2.3665	-0.4759	0.3813	1.651	
11.88	-0.2667	1.3638	2.3202	-0.2897	0.5258	1.6515	
11.89	-0.3759	1.9129	2.0869	-0.0478	0.6103	1.6581	
11.9	-0.4298	2.4544	2.0018	0.1776	0.7441	1.7138	
11.91	-0.4715	2.9505	1.6574	0.3885	0.7854	1.8482	
11.92	-0.6059	2.384	1.351	0.5678	0.9435	1.8414	
11.93	-0.5757	1.7685	1.1602	0.7718	0.9008	2.0224	
11.94	-0.6601	1.1916	0.8178	1.021	0.7949	1.8597	
11.95	-0.7097	0.7308	0.8246	1.1988	0.7716	2.029	
11.96	-0.7571	0.8048	0.7038	1.2974	0.5827	1.9702	
11.97	-0.8254	1.165	0.8468	1.4116	0.4776	2.0905	
11.98	-0.7139	1.8201	0.8666	1.4326	0.2708	2.0875	
11.99	-0.7626	2.5045	1.0418	1.5219	0.0463	2.0749	
12.0	-0.8423	2.5681	1.1697	1.5311	-0.1852	1.9919	
12.01	-0.7994	2.1867	1.3785	1.602	-0.4073	1.915	
12.02	-0.6758	1.5206	1.5985	1.4773	-0.6752	1.756	
12.03	-0.6374	0.9572	1.8746	1.5586	-0.9267	1.9247	
12.04	-0.6903	0.5352	2.2074	1.4148	-1.3109	1.5637	
12.05	-0.5902	0.5042	2.3454	1.2736	-1.2917	1.5086	
12.06	-0.5593	0.8889	2.1873	1.3077	-1.6024	1.4171	
12.07	-0.4721	1.7001	2.4205	1.0765	-1.7316	1.5062	
12.08	-0.3838	2.015	2.281	0.8541	-2.03	1.4327	
12.09	-0.2508	2.5386	2.0461	0.8014	-1.9332	1.1514	
12.1	-0.1428	2.2832	1.9802	0.7507	-2.1293	1.0504	
12.11	-0.0534	1.4318	1.7189	0.5864	-1.9492	1.1037	
12.12	0.0591	0.8393	1.5085	0.503	-2.0344	0.9112	
12.13	0.1823	0.3409	1.1195	0.4695	-1.8865	0.8158	
12.14	0.3117	0.2349	0.7488	0.4038	-2.0226	0.7197	
12.15	0.4006	0.5693	0.5301	0.4117	-1.8661	0.563	
12.16	0.543	1.1953	0.3051	0.459	-1.6244	0.4568	
12.17	0.5953	1.9404	0.1297	0.5035	-1.311	0.3354	
12.18	0.8228	2.0457	0.0173	0.5726	-1.2379	0.2095	
12.19	0.8931	1.7521	-0.0066	0.6954	-1.0371	0.1116	
12.2	1.0561	1.4185	0.0473	0.7708	-0.9851	0.0052	
12.21	1.0588	0.5762	0.1559	0.968	-0.8631	-0.0877	
12.22	1.0773	0.0767	0.3368	1.05	-0.7194	-0.2008	
12.23	1.2123	-0.0931	0.5158	1.328	-0.6783	-0.2515	
12.24	1.3608	0.1882	0.7412	1.4472	-0.6436	-0.3433	
12.25	1.2817	0.7205	1.0218	1.77	-0.5746	-0.4324	
12.26	1.2656	1.5085	1.3112	1.9318	-0.5765	-0.4566	
12.27	1.3424	1.6196	1.5386	1.9174	-0.7342	-0.557	
12.28	1.5269	1.7598	1.3928	2.092	-0.845	-0.5401	
12.29	1.5599	1.1047	1.5565	2.3841	-0.9958	-0.6448	
12.3	1.5281	0.4372	1.6413	2.3284	-1.0357	-0.618	
12.31	1.4913	-0.168	1.4659	2.629	-1.3926	-0.6857	
12.32	1.3297	-0.4434	1.2744	2.6128	-1.3857	-0.6534	
12.33	1.2636	-0.1933	0.9581	2.973	-1.7142	-0.6779	
12.34	1.2411	0.4082	0.7984	3.1774	-1.8256	-0.5773	
12.35	1.1427	1.0643	0.4381	2.8954	-1.9699	-0.6022	
12.36	1.1622	1.2643	0.1597	3.1815	-2.3144	-0.5078	
12.37	0.962	1.2782	-0.1349	2.6484	-2.6613	-0.4491	
12.38	0.8578	0.8617	-0.3829	2.7542	-2.3324	-0.4548	
12.39	0.8008	0.1732	-0.5956	2.5467	-2.8376	-0.361	
12.4	0.7304	-0.4593	-0.6761	2.3334	-2.8365	-0.3003	
12.41	0.6086	-0.6887	-0.7908	2.3593	-2.6653	-0.2374	
12.42	0.409	-0.5542	-0.8677	2.4499	-2.4148	-0.1651	
12.43	0.3256	-0.0235	-0.6724	2.0756	-2.7082	-0.0626	
12.44	0.1737	0.5674	-0.6148	1.929	-2.5734	0.018	
12.45	0.0194	1.1185	-0.3335	1.8055	-2.2379	0.1083	
12.46	-0.1244	0.9877	-0.1105	1.5413	-1.8936	0.2127	
12.47	-0.2539	0.6637	0.1234	1.2511	-1.7418	0.26	
12.48	-0.3914	-0.0151	0.4031	1.1656	-1.6982	0.3997	
12.49	-0.5153	-0.6795	0.5558	1.0693	-1.3649	0.4395	
12.5	-0.6386	-0.9231	0.8053	1.0878	-1.3129	0.5406	
12.51	-0.7542	-0.8689	0.8574	0.8449	-0.9169	0.6137	
12.52	-0.8641	-0.4025	0.9658	0.8472	-0.7897	0.7003	
12.53	-1.1822	0.2348	0.9627	0.9153	-0.6025	0.794	
12.54	-1.0778	0.7795	0.7817	0.8707	-0.5367	0.7915	
12.55	-1.2818	0.7896	0.5767	0.9725	-0.3585	0.9032	
12.56	-1.472	0.4531	0.394	1.0069	-0.3095	0.8612	
12.57	-1.527	-0.1767	0.1606	1.0997	-0.2793	0.9828	
12.58	-1.474	-0.8807	-0.1389	1.1064	-0.3229	0.9706	
12.59	-1.4626	-1.3406	-0.3786	1.2462	-0.3416	1.002	
12.6	-1.7281	-1.2191	-0.7322	1.2997	-0.4516	1.0579	
12.61	-1.5898	-0.752	-0.9646	1.6647	-0.5184	1.0582	
12.62	-1.822	-0.1028	-0.9391	1.8532	-0.7055	0.989	
12.63	-1.6094	0.4266	-1.1377	1.7596	-0.8247	1.0205	
12.64	-1.7558	0.5812	-1.1207	1.9683	-0.9523	0.9499	
12.65	-1.8433	0.3042	-0.9725	2.1884	-1.2171	0.8092	
12.66	-1.5325	-0.363	-0.9277	2.1354	-1.3117	0.7564	
12.67	-1.8083	-0.9759	-0.7934	2.4249	-1.3589	0.8302	
12.68	-1.4594	-1.4128	-0.4341	2.42	-1.6984	0.7351	
12.69	-1.6811	-1.4721	-0.2175	2.3822	-1.516	0.5827	
12.7	-1.374	-1.1397	0.0844	2.2754	-1.7578	0.6065	
12.71	-1.5878	-0.4171	0.3575	2.3511	-1.6087	0.5136	
12.72	-1.4908	0.1614	0.5577	2.3082	-1.6565	0.4053	
12.73	-1.3984	0.4029	0.7551	2.2224	-1.6362	0.3185	
12.74	-1.2415	0.1531	0.9765	1.8508	-1.6404	0.2182	
12.75	-1.0988	-0.4204	0.9319	1.7498	-1.2693	0.0907	
12.76	-1.2269	-1.1283	0.8876	1.4646	-1.3232	-0.0008	
12.77	-0.9926	-1.4983	0.7872	1.3433	-1.0687	-0.092	
12.78	-0.9488	-1.6337	0.6738	1.0961	-0.8516	-0.2007	
12.79	-0.8883	-1.3191	0.4148	0.8912	-0.6274	-0.29	
12.8	-0.8416	-0.6536	0.2271	0.8359	-0.3658	-0.3874	
12.81	-0.872	-0.058	-0.041	0.4936	-0.1181	-0.5056	
12.82	-0.8488	0.2127	-0.2892	0.3057	0.096	-0.6097	
12.83	-0.7813	0.0908	-0.4971	0.1348	0.2932	-0.5898	
12.84	-0.7738	-0.473	-0.7343	-0.0608	0.5164	-0.6816	
12.85	-0.7366	-1.1988	-0.8257	-0.2329	0.603	-0.7743	
12.86	-0.6656	-1.5095	-0.8891	-0.3813	0.716	-0.7695	
12.87	-0.6676	-1.7138	-0.8527	-0.4779	0.7467	-0.8537	
12.88	-0.8141	-1.5461	-0.6563	-0.5021	0.7447	-0.9356	
12.89	-0.8313	-0.8996	-0.4788	-0.6582	0.7529	-1.0101	
12.9	-0.7494	-0.2355	-0.2427	-0.6129	0.8203	-0.9203	
12.91	-0.771	0.1237	0.0347	-0.6265	0.6684	-0.917	
12.92	-0.9019	0.0509	0.3519	-0.5365	0.5429	-0.9987	
12.93	-0.9564	-0.409	0.6587	-0.5148	0.3583	-1.0261	
12.94	-0.9915	-1.1292	0.9189	-0.3956	0.1884	-0.8965	
12.95	-1.0934	-1.6889	1.0495	-0.3293	0.0208	-1.014	
12.96	-1.2286	-2.0418	1.4211	-0.2211	-0.1716	-0.9326	
12.97	-1.2088	-1.5725	1.4204	-0.1011	-0.3804	-0.9303	
12.98	-1.3596	-1.0176	1.6022	0.0278	-0.5395	-0.8701	
12.99	-1.6167	-0.3629	1.3913	0.1533	-0.7297	-0.7054	
13.0	-1.5097	0.0795	1.4162	0.2666	-0.8264	-0.6429	
13.01	-1.613	0.0691	1.2013	0.3697	-0.8627	-0.6075	
13.02	-1.7105	-0.362	1.0708	0.4213	-0.9806	-0.4414	
13.03	-2.0427	-1.0698	0.7404	0.5588	-1.0638	-0.3568	
13.04	-2.075	-1.53	0.5133	0.5832	-0.922	-0.2486	
13.05	-2.2975	-1.9541	0.2727	0.5564	-0.9072	-0.1608	
13.06	-2.0481	-1.5986	0.0524	0.6108	-0.809	-0.0575	
13.07	-2.3002	-1.0783	-0.0887	0.5453	-0.6582	0.0596	
13.08	-2.4338	-0.3997	-0.1625	0.4523	-0.5549	0.1595	
