0.01	0.209	0.762	0.7097	0.2299	
0.02	0.4356	-0.7659	1.2728	0.4508	
0.03	0.6826	1.1085	1.6892	0.7105	
0.04	0.7999	0.1392	1.579	0.8555	
0.05	0.9356	0.1139	1.5399	1.0353	
0.06	1.0987	1.4663	1.3279	1.3033	
0.07	1.4462	-0.23	0.8615	1.3267	
0.08	1.3952	1.3014	0.6157	1.4387	
0.09	1.6147	0.9079	0.6444	1.4872	
0.1	1.8227	0.1976	0.7875	1.6151	
0.11	1.6906	2.1698	1.1352	1.6102	
0.12	1.9096	0.2528	1.8756	1.4127	
0.13	1.9159	1.1959	2.3091	1.5519	
0.14	1.8762	1.4776	2.4709	1.4599	
0.15	2.1304	0.1599	2.8871	1.2459	
0.16	1.9571	2.1669	2.5472	1.2193	
0.17	1.7933	0.683	2.4231	0.9915	
0.18	1.8043	0.9114	1.7514	0.9166	
0.19	1.8535	1.9145	1.1133	0.7439	
0.2	1.6201	0.0219	0.5641	0.6214	
0.21	1.5781	1.774	0.2388	0.5133	
0.22	1.5506	0.8344	0.1607	0.4096	
0.23	1.5197	0.2313	0.2859	0.3524	
0.24	1.4113	1.7866	0.6199	0.3526	
0.25	1.0869	-0.1708	1.0615	0.37	
0.26	1.1221	0.9876	1.1879	0.3436	
0.27	0.8498	0.8413	1.3271	0.3918	
0.28	0.8503	-0.4054	1.0277	0.5091	
0.29	0.6685	1.4082	0.6577	0.66	
0.3	0.5483	-0.3393	0.0909	0.7602	
0.31	0.476	0.0683	-0.5917	0.8924	
0.32	0.4303	0.7622	-1.16	1.0832	
0.33	0.3655	-1.0151	-1.483	1.2946	
0.34	0.2672	0.6059	-1.4681	1.5159	
0.35	0.2421	-0.4194	-1.2232	1.6513	
0.36	0.193	-0.7577	-0.7944	2.0224	
0.37	0.1567	0.5873	-0.3852	2.3049	
0.38	0.1652	-1.4375	0.0729	2.523	
0.39	0.1832	-0.0254	0.3309	2.4237	
0.4	0.196	-0.3494	0.3204	2.8217	
0.41	0.2481	-1.5142	0.1227	2.7581	
0.42	0.2699	0.3258	-0.2954	2.9408	
0.43	0.3377	-1.3085	-0.7519	2.7715	
0.44	0.3937	-0.5657	-1.1609	2.7278	
0.45	0.448	-0.105	-1.2033	2.544	
0.46	0.5721	-1.6581	-1.1996	2.4839	
0.47	0.5917	0.2422	-0.9119	2.7578	
0.48	0.6514	-1.0075	-0.5245	2.5325	
0.49	0.7718	-0.8962	0.0787	2.1255	
0.5	0.8745	0.3188	0.6257	2.2925	
0.51	0.8416	-1.4705	0.933	2.1036	
0.52	1.027	0.1962	0.9527	1.8488	
0.53	1.0198	-0.3252	0.8812	1.6301	
0.54	1.0691	-0.9792	0.3945	1.4684	
0.55	1.1934	0.7617	-0.0853	1.2155	
0.56	1.1209	-0.8793	-0.5361	1.1557	
0.57	1.1381	0.2828	-0.9454	0.9099	
0.58	1.1743	0.6064	-1.0593	0.8444	
0.59	1.0352	-0.7507	-0.8047	0.8161	
0.6	0.9485	1.361	-0.4831	0.7134	
0.61	0.966	-0.0851	-0.0534	0.6906	
0.62	0.871	0.4092	0.3338	0.7088	
0.63	0.8898	1.521	0.5706	0.7706	
0.64	0.7281	-0.2377	0.5569	0.8994	
0.65	0.6158	1.7345	0.2573	0.8981	
0.66	0.5136	0.8687	-0.2397	1.0324	
0.67	0.376	0.4711	-0.8387	1.0842	
0.68	0.2754	1.9339	-1.47	1.4115	
0.69	0.138	0.3404	-1.8308	1.602	
0.7	0.0016	1.8481	-1.9116	1.5241	
0.71	-0.1166	1.6953	-1.8463	1.8196	
0.72	-0.2674	0.5902	-1.6406	1.9418	
0.73	-0.3602	2.4276	-1.1927	2.161	
0.74	-0.4721	0.8171	-0.7682	1.974	
0.75	-0.582	1.3807	-0.4145	2.1713	
0.76	-0.6248	1.9983	-0.2932	2.241	
0.77	-0.6623	0.4799	-0.4188	2.2178	
0.78	-0.8034	2.4451	-0.772	2.2437	
0.79	-0.7961	1.2509	-1.1269	2.1242	
0.8	-0.905	1.0345	-1.5233	2.0945	
0.81	-0.9123	2.4755	-1.7713	1.6878	
0.82	-0.7664	0.3561	-1.8506	1.5625	
0.83	-0.745	1.8304	-1.535	1.606	
0.84	-0.719	1.3292	-1.0721	1.2313	
0.85	-0.6422	0.3783	-0.5401	1.1516	
0.86	-0.5644	2.1179	0.1888	0.9609	
0.87	-0.403	0.2152	0.7973	0.6136	
0.88	-0.2647	1.1585	0.9958	0.492	
0.89	-0.1457	1.3725	1.2386	0.219	
0.9	0.032	-0.2456	1.1571	0.0386	
0.91	0.1881	1.5271	0.8193	-0.1331	
0.92	0.3949	0.0577	0.4665	-0.2958	
0.93	0.57	0.148	0.2728	-0.3853	
0.94	0.7753	1.1453	0.2557	-0.5178	
0.95	1.0778	-0.7717	0.5292	-0.6009	
0.96	1.239	0.8102	1.0443	-0.5703	
0.97	1.5028	0.0027	1.679	-0.5465	
0.98	1.5127	-0.6027	2.0608	-0.5684	
0.99	1.9294	0.8781	2.9083	-0.487	
1.0	2.0357	-1.0639	3.1509	-0.3642	
1.01	1.897	0.1384	3.0311	-0.2912	
1.02	2.2278	0.1141	2.5559	-0.1578	
1.03	2.5757	-1.1947	2.1981	-0.018	
1.04	2.4615	0.6444	1.7395	0.1126	
1.05	2.3561	-0.8554	1.0177	0.2537	
1.06	2.4218	-0.4398	0.8619	0.4112	
1.07	2.4381	0.4246	0.728	0.5608	
1.08	2.5853	-1.3405	0.9116	0.5659	
1.09	2.9222	0.561	1.3478	0.7128	
1.1	2.7124	-0.4489	1.6698	0.8168	
1.11	2.4733	-0.6044	1.911	0.7158	
1.12	2.6909	0.771	2.0585	0.8083	
1.13	2.7931	-1.0225	1.5237	0.7715	
1.14	2.4833	0.5086	1.2278	0.7082	
1.15	2.1857	0.3272	0.5969	0.556	
1.16	2.1273	-0.5841	-0.161	0.4642	
1.17	2.3639	1.2796	-0.7729	0.2615	
1.18	1.9516	-0.3636	-1.3481	0.1225	
1.19	1.997	0.5975	-1.3625	-0.0737	
1.2	1.8458	1.1331	-1.3666	-0.3024	
1.21	1.7208	-0.273	-0.9889	-0.4333	
1.22	1.3925	1.5666	-0.6467	-0.6683	
1.23	1.4602	0.5581	-0.3677	-0.8506	
1.24	1.2493	0.6599	-0.1824	-1.1017	
1.25	1.217	1.7967	-0.2269	-1.2589	
1.26	1.0797	0.2446	-0.5732	-1.3822	
1.27	0.9234	2.1373	-0.9562	-1.5758	
1.28	0.8817	1.3832	-1.3894	-1.6331	
1.29	0.82	0.7598	-1.8912	-1.4984	
1.3	0.6359	2.4261	-2.4048	-1.5361	
1.31	0.634	0.7768	-2.322	-1.5466	
1.32	0.6033	1.9337	-1.8893	-1.5267	
1.33	0.6264	2.1765	-1.6634	-1.4908	
1.34	0.5745	0.8315	-1.0084	-1.4536	
1.35	0.5844	2.7575	-0.3667	-1.2308	
1.36	0.6736	1.3214	0.0273	-1.1303	
1.37	0.6927	1.8013	0.1872	-0.8579	
1.38	0.6324	2.6182	0.1024	-0.7458	
1.39	0.7399	0.7652	-0.2069	-0.4941	
1.4	0.8351	2.3979	-0.6095	-0.3052	
1.41	0.8059	1.6072	-0.9135	-0.1794	
1.42	0.851	1.0992	-1.1682	-0.0203	
1.43	1.0445	2.5561	-1.1392	0.1055	
1.44	1.0845	0.6924	-0.8868	0.2082	
1.45	1.0833	2.0461	-0.4745	0.3095	
1.46	1.0418	1.5598	0.0952	0.3233	
1.47	1.0829	0.4567	0.5683	0.3946	
1.48	1.2627	2.1351	0.991	0.3699	
1.49	1.1467	0.4469	1.0825	0.2917	
1.5	1.2123	1.0293	0.9639	0.2303	
1.51	1.2592	1.5932	0.5991	0.1404	
1.52	1.3148	-0.1386	0.0302	0.0159	
1.53	1.1363	1.6617	-0.528	-0.1377	
1.54	1.1349	0.3312	-0.8445	-0.2856	
1.55	1.0547	0.1652	-1.0112	-0.4139	
1.56	1.0077	1.3314	-1.0588	-0.6019	
1.57	0.8171	-0.582	-0.7403	-0.8414	
1.58	0.8615	0.8223	-0.2294	-0.9706	
1.59	0.6928	0.3406	0.1832	-1.0207	
1.6	0.5681	-0.5754	0.5007	-1.2584	
1.61	0.3948	1.0007	0.5358	-1.3227	
1.62	0.2747	-0.684	0.3685	-1.434	
1.63	0.132	0.1584	-0.0062	-1.4062	
1.64	-0.0232	0.5094	-0.4794	-1.2963	
1.65	-0.1845	-0.941	-1.0141	-1.4097	
1.66	-0.3209	0.8305	-1.4986	-1.2272	
1.67	-0.4603	-0.5595	-1.7336	-1.0941	
1.68	-0.6116	-0.3309	-1.4178	-1.0043	
1.69	-0.7612	0.8084	-1.0205	-0.8755	
1.7	-0.7736	-1.0509	-0.5802	-0.7005	
1.71	-0.9329	0.7479	0.0078	-0.5662	
1.72	-1.0009	0.0117	0.523	-0.3513	
1.73	-1.0179	-0.4663	0.8165	-0.1717	
1.74	-1.2578	1.0938	0.7331	0.0264	
1.75	-1.184	-0.5946	0.6541	0.2237	
1.76	-1.1725	0.6616	0.2418	0.4103	
1.77	-1.1964	0.76	-0.0914	0.5353	
1.78	-1.0893	-0.3529	-0.3539	0.6454	
1.79	-1.2296	1.4935	-0.3985	0.7418	
1.8	-0.9964	0.1311	-0.1964	0.8428	
1.81	-1.068	0.7494	0.275	0.8804	
1.82	-0.7956	1.5694	0.9351	0.9163	
1.83	-0.7979	0.0471	1.5176	0.8721	
1.84	-0.6443	2.1432	2.031	0.9196	
1.85	-0.4826	0.9459	2.6471	0.8365	
1.86	-0.31	0.9009	2.494	0.7051	
1.87	-0.1441	2.2001	2.2166	0.4944	
1.88	0.0432	0.5475	2.0537	0.3376	
1.89	0.2275	2.1106	1.5169	0.2064	
1.9	0.4349	1.9485	0.9892	0.0309	
1.91	0.5433	1.0753	0.7715	-0.143	
1.92	0.7809	3.0044	0.7838	-0.2869	
1.93	0.8638	1.0689	1.1056	-0.4668	
1.94	1.0204	2.1209	1.4202	-0.6365	
1.95	1.3638	2.5796	1.728	-0.7459	
1.96	1.3255	0.9276	2.0517	-0.7404	
1.97	1.6617	2.7448	2.202	-0.807	
1.98	1.7703	1.5492	2.3233	-0.8578	
1.99	1.7389	1.6967	1.7446	-0.9693	
2.0	1.7444	3.0727	1.1289	-0.8975	
2.01	1.791	0.8912	0.392	-0.8664	
2.02	2.0968	2.4849	-0.2279	-0.7967	
2.03	1.9766	1.8264	-0.7234	-0.6553	
2.04	1.9643	1.0587	-0.9162	-0.4677	
2.05	1.7933	2.4162	-0.9716	-0.3623	
2.06	1.776	0.7556	-0.6503	-0.1851	
2.07	1.8109	1.7179	-0.4096	-0.0141	
2.08	1.7626	1.7857	-0.1497	0.1568	
2.09	1.6122	0.3894	-0.0549	0.32	
2.1	1.5421	2.3973	-0.1783	0.5316	
2.11	1.2603	0.6646	-0.5832	0.6584	
2.12	1.1471	0.8426	-1.1829	0.7402	
2.13	1.0309	1.8536	-1.9007	0.9187	
2.14	0.925	-0.171	-2.4482	0.8534	
2.15	0.8887	1.5768	-2.9421	0.9799	
2.16	0.6955	0.5507	-2.5871	0.9798	
2.17	0.5187	0.0083	-2.44	0.8315	
2.18	0.4061	1.5595	-2.2291	0.8679	
2.19	0.2691	-0.5879	-1.7962	0.7477	
2.2	0.1268	0.7703	-1.151	0.5491	
2.21	0.0071	0.4675	-0.7276	0.4295	
2.22	-0.0944	-0.6859	-0.6543	0.2925	
2.23	-0.1848	1.0529	-0.6607	0.086	
2.24	-0.289	-0.5763	-0.9858	-0.1079	
2.25	-0.3399	0.0556	-1.4043	-0.2982	
2.26	-0.3776	0.6696	-1.5423	-0.5462	
2.27	-0.4338	-0.9961	-1.874	-0.6555	
2.28	-0.4489	0.8951	-1.9528	-0.8134	
2.29	-0.4454	-0.3145	-1.4881	-1.0617	
2.3	-0.5359	-0.3796	-0.8872	-1.1263	
2.31	-0.4795	0.9031	-0.2985	-1.3557	
2.32	-0.4586	-0.9315	0.351	-1.4963	
2.33	-0.4038	0.7287	0.8863	-1.3782	
2.34	-0.4064	0.2922	1.147	-1.5233	
2.35	-0.3694	-0.4214	1.0706	-1.5611	
2.36	-0.2958	1.2147	0.7846	-1.4906	
2.37	-0.2244	-0.3777	0.4469	-1.325	
2.38	-0.1966	0.703	0.026	-1.2941	
2.39	-0.1231	1.1696	-0.2577	-1.2207	
2.4	-0.0806	-0.2298	-0.3471	-1.0663	
2.41	-0.0435	1.6272	-0.2009	-0.7876	
2.42	-0.0121	0.4039	0.1453	-0.6331	
2.43	0.0136	0.8222	0.618	-0.49	
2.44	0.0273	1.9317	1.0549	-0.3816	
2.45	0.024	0.1974	1.5133	-0.2293	
2.46	0.0153	2.1912	1.5255	-0.116	
2.47	-0.0123	1.2859	1.5138	-0.0358	
2.48	-0.054	0.9083	1.0458	0.0351	
2.49	-0.1166	2.3137	0.5044	0.0756	
2.5	-0.1615	0.8104	-0.0506	0.0756	
2.51	-0.2521	2.0019	-0.542	0.0598	
2.52	-0.3205	1.9964	-0.8129	-0.0035	
2.53	-0.5101	1.0148	-0.6937	-0.0988	
2.54	-0.6325	2.7098	-0.507	-0.2193	
2.55	-0.7251	1.3551	-0.0609	-0.3851	
2.56	-0.9232	1.7121	0.4124	-0.5103	
2.57	-1.028	2.6823	0.8342	-0.6838	
2.58	-1.2211	0.9562	0.8681	-0.868	
2.59	-1.3591	2.8148	0.824	-1.179	
2.6	-1.3788	1.8215	0.5265	-1.1919	
2.61	-1.5512	1.3264	0.1115	-1.5695	
2.62	-1.7345	2.6677	-0.3772	-1.7722	
2.63	-2.0243	0.9533	-0.6936	-1.837	
2.64	-2.208	2.1939	-0.8836	-1.8668	
2.65	-2.0451	1.8323	-0.7686	-2.0845	
2.66	-2.3989	0.9317	-0.459	-2.273	
2.67	-2.2466	2.7582	0.1	-2.4194	
2.68	-2.4416	0.7432	0.6567	-2.217	
2.69	-2.2206	1.5173	1.1845	-2.1872	
2.7	-2.438	1.7467	1.6251	-2.2623	
2.71	-2.6532	0.1915	1.772	-2.2126	
2.72	-2.3614	2.1582	1.3748	-2.1084	
2.73	-2.5192	0.6347	1.0528	-1.7969	
2.74	-2.4703	0.5856	0.6666	-1.6543	
2.75	-2.5309	1.72	0.3788	-1.628	
2.76	-2.3403	-0.3265	0.1744	-1.3709	
2.77	-1.9857	1.2819	0.224	-1.1309	
2.78	-2.1224	0.466	0.5533	-0.8949	
2.79	-2.0234	-0.286	0.9085	-0.761	
2.8	-1.8178	1.2388	1.3677	-0.5969	
2.81	-1.4962	-0.5948	2.0568	-0.4864	
2.82	-1.2251	0.3855	2.0687	-0.3887	
2.83	-1.2089	0.4642	2.201	-0.262	
2.84	-1.0406	-0.929	1.8487	-0.2288	
2.85	-0.8368	0.9062	1.322	-0.1778	
2.86	-0.6089	-0.6124	0.7303	-0.1981	
2.87	-0.4234	-0.2252	0.1138	-0.223	
2.88	-0.2252	0.6687	-0.3006	-0.2591	
2.89	-0.0709	-1.083	-0.4886	-0.3761	
2.9	0.0971	0.6236	-0.523	-0.4872	
2.91	0.2492	-0.1932	-0.2565	-0.6007	
2.92	0.3367	-0.5579	0.0735	-0.7583	
2.93	0.4767	1.0308	0.3508	-0.8237	
2.94	0.5858	-0.8665	0.4608	-0.9709	
2.95	0.7261	0.5649	0.3396	-1.118	
2.96	0.7909	0.4066	-0.0662	-1.268	
2.97	0.7044	-0.5484	-0.6443	-1.5574	
2.98	0.8603	1.3366	-1.4099	-1.6143	
2.99	0.834	-0.2422	-2.006	-1.539	
3.0	0.7987	0.5356	-2.389	-1.7133	
3.01	0.7352	1.19	-2.8235	-1.6391	
3.02	0.7075	-0.2654	-2.4262	-1.8579	
3.03	0.5658	1.7037	-2.2173	-1.5387	
3.04	0.578	0.58	-1.9438	-1.4284	
3.05	0.467	0.6166	-1.3001	-1.3624	
3.06	0.3101	2.0903	-1.2042	-1.3691	
3.07	0.2098	0.2171	-0.9576	-1.0658	
3.08	0.0632	1.7501	-1.2216	-0.9136	
3.09	-0.0652	1.4271	-1.4166	-0.71	
3.1	-0.2157	0.7797	-1.7525	-0.4806	
3.11	-0.3429	2.4958	-2.3369	-0.2678	
3.12	-0.465	0.878	-2.315	-0.0577	
3.13	-0.6406	1.7306	-2.6017	0.1744	
3.14	-0.7424	2.1363	-1.9444	0.348	
3.15	-0.9047	0.8526	-1.5343	0.5448	
3.16	-1.0057	2.5302	-0.9019	0.7957	
3.17	-1.1353	1.3926	-0.2445	0.9465	
3.18	-1.0695	1.4769	0.317	1.0445	
3.19	-1.1129	2.4056	0.6642	1.0129	
3.2	-1.1458	0.8101	0.68	1.1293	
3.21	-1.2508	2.5509	0.5609	1.1016	
3.22	-1.3929	1.7701	0.3085	1.076	
3.23	-1.3448	1.0471	-0.0263	1.156	
3.24	-1.1977	2.3728	-0.2187	0.9967	
3.25	-1.3816	0.6471	-0.2308	1.0237	
3.26	-1.362	1.6663	0.0111	0.9644	
3.27	-1.2917	1.862	0.4579	0.716	
3.28	-1.2127	0.4888	0.9703	0.6025	
3.29	-1.0402	2.2995	1.7433	0.5467	
3.3	-1.1665	0.5662	2.0273	0.3705	
3.31	-0.9312	0.8868	2.4039	0.267	
3.32	-0.9953	1.7738	2.397	0.1796	
3.33	-0.8538	-0.1636	2.0409	0.1092	
3.34	-0.773	1.5431	1.5356	0.058	
3.35	-0.7258	0.3496	0.9116	0.0313	
3.36	-0.6854	0.036	0.5301	0.0351	
3.37	-0.6694	1.2179	0.2105	0.07	
3.38	-0.5701	-0.666	0.2224	0.1301	
3.39	-0.5944	0.7334	0.4392	0.2549	
3.4	-0.6045	0.2802	0.7576	0.3639	
3.41	-0.5749	-0.7406	1.1862	0.5482	
3.42	-0.5565	1.0001	1.3642	0.7545	
3.43	-0.6424	-0.9318	1.7468	0.9086	
3.44	-0.6492	-0.0847	1.4579	1.0438	
3.45	-0.6224	0.3245	1.0265	1.4091	
3.46	-0.7329	-1.373	0.5204	1.7119	
3.47	-0.7833	0.5601	-0.0973	1.6284	
3.48	-0.9707	-0.7323	-0.6003	1.8676	
3.49	-1.1134	-0.6541	-0.9971	2.0725	
3.5	-1.2269	0.5104	-1.0501	2.3062	
3.51	-1.3374	-1.4445	-0.6779	2.4167	
3.52	-1.3802	0.2841	-0.3094	2.7632	
3.53	-1.4861	-0.2666	0.1557	2.6085	
3.54	-1.7093	-0.897	0.5839	2.6484	
3.55	-1.6886	0.822	0.8872	3.0178	
3.56	-1.9763	-1.0344	0.897	3.0302	
3.57	-2.252	0.179	0.6073	2.9411	
3.58	-2.3838	0.4453	0.2237	2.4878	
3.59	-2.5201	-0.8085	-0.2261	2.5004	
3.6	-2.5911	1.0304	-0.6312	2.154	
3.61	-2.4821	-0.277	-0.758	2.4093	
3.62	-2.3165	0.1813	-0.8663	2.1741	
3.63	-2.7037	1.2399	-0.4646	1.9179	
3.64	-2.4214	-0.4961	0.0018	1.8042	
3.65	-2.8419	1.3592	0.522	1.6748	
3.66	-2.8623	0.5787	1.0902	1.3634	
3.67	-2.5933	0.2781	1.533	1.3525	
3.68	-2.3338	1.7736	1.6414	1.2616	
3.69	-2.5143	0.0962	1.4047	1.1706	
3.7	-2.5996	1.6322	0.8817	0.9802	
3.71	-2.504	1.381	0.4278	0.9541	
3.72	-1.9809	0.4026	-0.0861	0.9665	
3.73	-2.1061	2.0689	-0.3929	0.9293	
3.74	-1.8132	0.7084	-0.5677	1.0456	
3.75	-1.6496	1.4646	-0.4024	1.0673	
3.76	-1.4575	2.0172	-0.0617	1.3044	
3.77	-1.2036	0.4998	0.3676	1.363	
3.78	-1.1179	2.1724	0.7868	1.6024	
3.79	-0.8947	1.2739	0.9502	1.7624	
3.8	-0.6164	1.1468	0.8309	1.7131	
3.81	-0.5069	2.5577	0.5098	2.058	
3.82	-0.2729	0.4152	0.0169	2.3831	
3.83	-0.0728	1.818	-0.6527	2.4709	
3.84	0.1188	1.5139	-1.195	2.3524	
3.85	0.277	0.543	-1.7961	2.585	
3.86	0.4849	2.2619	-2.1498	2.3844	
3.87	0.6216	0.3729	-2.1074	2.6313	
3.88	0.8013	1.1911	-1.6347	2.8887	
3.89	0.8964	1.5941	-1.2728	2.7996	
3.9	1.0472	-0.0729	-0.8966	2.6366	
3.91	1.0056	1.7755	-0.7179	2.3989	
3.92	1.0129	0.1961	-0.726	2.5532	
3.93	1.018	0.3165	-0.9422	2.3878	
3.94	1.1802	1.1833	-1.3078	1.8774	
3.95	1.1485	-0.6643	-1.9105	1.8242	
3.96	1.1392	1.0063	-2.4618	1.7148	
3.97	0.9871	0.0478	-2.619	1.5106	
3.98	0.9421	-0.6134	-2.4527	1.1225	
3.99	1.0482	0.8244	-2.4144	0.9586	
4.0	0.9315	-1.1681	-1.8385	0.7351	
4.01	0.7243	0.07	-1.4271	0.559	
4.02	0.6501	-0.0201	-0.7573	0.3715	
4.03	0.5874	-1.2232	-0.2198	0.1949	
4.04	0.4529	0.5089	0.1351	0.077	
4.05	0.3374	-1.2746	0.2296	-0.0262	
4.06	0.2171	-0.6207	0.1035	-0.0904	
4.07	0.1029	0.0269	-0.1715	-0.1158	
4.08	-0.0146	-1.7901	-0.4266	-0.141	
4.09	-0.1285	0.0902	-0.6083	-0.0989	
4.1	-0.1992	-1.0014	-0.5489	-0.0468	
4.11	-0.2802	-1.1978	-0.3362	0.0283	
4.12	-0.38	0.2168	0.1928	0.1181	
4.13	-0.4031	-1.5071	0.8013	0.2337	
4.14	-0.5075	-0.162	1.5435	0.3251	
4.15	-0.564	-0.4046	2.0093	0.4699	
4.16	-0.5874	-1.3607	2.3546	0.6135	
4.17	-0.5917	0.5073	2.5554	0.674	
4.18	-0.5022	-1.0935	2.1662	0.8425	
4.19	-0.4882	-0.2489	1.9488	0.9503	
4.2	-0.5278	0.2611	1.4768	0.9193	
4.21	-0.4201	-1.1634	1.1335	1.0718	
4.22	-0.3677	0.8451	0.8211	1.0742	
4.23	-0.331	-0.386	0.9045	0.9228	
4.24	-0.2494	-0.2042	1.0547	0.858	
4.25	-0.1967	0.9585	1.5356	0.7964	
4.26	-0.1034	-0.7424	2.0485	0.6995	
4.27	-0.0224	1.0149	2.1907	0.566	
4.28	0.055	0.4279	2.1941	0.3432	
4.29	0.1293	-0.1253	2.0555	0.1532	
4.3	0.1871	1.6882	2.0372	-0.0656	
4.31	0.2824	-0.1264	1.3574	-0.2769	
4.32	0.3273	1.0818	0.5983	-0.5656	
4.33	0.3698	1.1641	-0.0222	-0.6923	
4.34	0.3958	0.0017	-0.4695	-1.0621	
4.35	0.4718	1.9404	-0.6512	-1.1615	
4.36	0.4742	0.494	-0.4638	-1.3337	
4.37	0.4746	0.9412	-0.2317	-1.636	
4.38	0.4293	1.7412	0.1517	-1.6567	
4.39	0.3682	0.0649	0.4608	-1.6769	
4.4	0.3706	1.8031	0.6079	-1.9623	
4.41	0.2911	0.9702	0.5039	-1.8373	
4.42	0.1982	0.53	0.2067	-1.8897	
4.43	0.1303	2.0631	-0.2686	-1.8135	
4.44	0.0247	0.0463	-0.9309	-1.7464	
4.45	-0.0901	1.3998	-1.3341	-1.7645	
4.46	-0.1973	1.1113	-1.6804	-1.6253	
4.47	-0.3408	-0.054	-1.6466	-1.391	
4.48	-0.4472	1.8339	-1.5504	-1.3383	
4.49	-0.5253	-0.0643	-0.9937	-1.1767	
4.5	-0.7024	0.5977	-0.4866	-1.1242	
4.51	-0.7965	1.0925	0.0046	-0.881	
4.52	-0.9171	-0.6521	0.3841	-0.8028	
4.53	-0.9826	0.9709	0.4905	-0.667	
4.54	-1.2569	-0.2282	0.3757	-0.4655	
4.55	-1.3706	-0.3655	0.0228	-0.4325	
4.56	-1.2471	0.7538	-0.3928	-0.3892	
4.57	-1.2742	-1.0824	-0.7936	-0.3423	
4.58	-1.4208	0.2354	-1.0441	-0.3525	
4.59	-1.3154	-0.3148	-1.0354	-0.3659	
4.6	-1.4753	-1.3038	-0.8883	-0.4171	
4.61	-1.345	0.385	-0.4579	-0.5215	
4.62	-1.4673	-1.5347	0.0948	-0.7181	
4.63	-1.4423	-0.6487	0.5922	-0.7485	
4.64	-1.3055	-0.3588	0.9288	-0.904	
4.65	-1.2712	-1.7497	1.0418	-1.1579	
4.66	-1.0842	-0.08	0.8056	-1.2665	
4.67	-0.8831	-1.6251	0.4019	-1.5474	
4.68	-0.7952	-1.3319	-0.1014	-1.7859	
4.69	-0.5916	-0.3238	-0.6233	-1.723	
4.7	-0.443	-2.2552	-0.991	-1.9473	
4.71	-0.2369	-0.4667	-1.3944	-2.2959	
4.72	-0.041	-1.2738	-1.2066	-2.2805	
4.73	0.1751	-1.6498	-0.9997	-2.0754	
4.74	0.3403	-0.1211	-0.551	-2.1315	
4.75	0.586	-1.9561	-0.1565	-2.1877	
4.76	0.7318	-0.6257	0.1201	-2.3516	
4.77	0.9085	-0.6647	0.1694	-2.2357	
4.78	1.2709	-1.8654	-0.0412	-1.9799	
4.79	1.3726	0.1383	-0.4997	-2.0636	
4.8	1.6614	-1.4233	-1.0117	-2.0572	
4.81	1.7221	-0.8075	-1.511	-1.8621	
4.82	1.7546	0.0985	-1.8571	-1.5294	
4.83	2.0161	-1.4028	-2.2964	-1.3358	
4.84	2.0531	0.407	-1.9158	-1.2036	
4.85	2.3503	-0.5656	-1.8532	-0.9374	
4.86	2.2863	-0.6063	-1.2811	-0.7308	
4.87	2.2523	0.8309	-0.7427	-0.5402	
4.88	2.486	-0.9393	-0.2396	-0.384	
4.89	2.6105	0.5167	0.0073	-0.2397	
4.9	2.1979	0.3235	0.0337	-0.1162	
4.91	2.1472	-0.5579	-0.1493	-0.032	
4.92	2.2929	1.3474	-0.5454	0.0231	
4.93	2.0616	-0.3725	-0.8294	0.0502	
4.94	2.2186	0.5181	-1.1457	0.0359	
4.95	1.9356	0.9884	-1.1682	-0.0026	
4.96	1.8749	-0.3944	-0.785	-0.0741	
4.97	1.9898	1.4902	-0.3486	-0.1552	
4.98	1.8711	0.2442	0.2905	-0.2945	
4.99	1.6704	0.3547	0.9995	-0.4306	
5.0	1.4919	1.6417	1.7585	-0.505	
5.01	1.5089	-0.3164	2.1148	-0.6781	
5.02	1.3352	1.1665	1.9749	-0.9333	
5.03	1.2937	0.5955	1.98	-0.9636	
5.04	1.0868	-0.0835	1.7542	-1.2427	
5.05	0.9919	1.5639	1.4356	-1.3479	
5.06	0.9294	-0.3689	1.1162	-1.3481	
5.07	0.7538	0.6803	0.9317	-1.2906	
5.08	0.7049	0.7952	1.0469	-1.5158	
5.09	0.6736	-0.5922	1.3587	-1.3413	
5.1	0.6264	1.2427	1.7259	-1.4468	
5.11	0.5659	-0.461	2.2611	-1.2736	
5.12	0.6198	-0.1381	2.7745	-1.2673	
5.13	0.6246	0.6908	2.7277	-1.0596	
5.14	0.6059	-1.2871	3.03	-1.0341	
5.15	0.6637	0.4518	2.5519	-0.8877	
5.16	0.6883	-0.6543	1.9042	-0.7191	
5.17	0.7739	-1.116	1.2486	-0.4702	
5.18	0.8774	0.3072	0.6466	-0.2688	
5.19	0.8867	-1.6828	0.1951	-0.0484	
5.2	0.841	-0.4257	-0.0071	0.1545	
5.21	1.0262	-0.7611	0.0317	0.3452	
5.22	1.0686	-1.7441	0.2549	0.5468	
5.23	1.0978	-0.1514	0.5419	0.7021	
5.24	1.2454	-2.0203	0.816	0.7772	
5.25	1.3596	-1.1802	0.9238	0.9252	
5.26	1.1958	-0.7055	0.7064	0.9169	
5.27	1.3981	-2.5831	0.3464	0.9011	
5.28	1.3739	-0.625	-0.2626	0.9141	
5.29	1.4853	-1.8422	-0.8533	0.9324	
5.3	1.5828	-2.0773	-1.5305	0.8739	
5.31	1.3507	-0.6205	-1.8844	0.7888	
5.32	1.3006	-2.4899	-1.9607	0.6935	
5.33	1.5026	-0.8752	-2.1023	0.4714	
5.34	1.4297	-1.2875	-1.7867	0.361	
5.35	1.1644	-2.0943	-1.2492	0.1893	
5.36	1.1363	-0.4674	-0.8417	0.0167	
5.37	1.1299	-1.9768	-0.4969	-0.143	
5.38	0.9845	-1.1765	-0.4521	-0.3023	
5.39	0.9757	-0.8504	-0.5855	-0.4941	
5.4	0.8215	-2.1916	-0.8935	-0.5759	
5.41	0.692	-0.2055	-1.3941	-0.7021	
5.42	0.5294	-1.4754	-1.7456	-0.7846	
5.43	0.3717	-1.1481	-1.8179	-0.7657	
5.44	0.1927	-0.0593	-2.1457	-0.9008	
5.45	0.0689	-1.8828	-1.8487	-0.8633	
5.46	-0.0785	0.046	-1.3154	-0.8607	
5.47	-0.225	-0.6656	-0.6738	-0.6934	
5.48	-0.3612	-0.9626	-0.0342	-0.614	
5.49	-0.4508	0.6051	0.4598	-0.5243	
5.5	-0.564	-1.2083	0.6864	-0.3634	
5.51	-0.5974	0.1834	0.562	-0.1862	
5.52	-0.6598	0.2342	0.3182	-0.0368	
5.53	-0.7819	-0.8816	-0.0644	0.1358	
5.54	-0.873	0.9557	-0.4768	0.3388	
5.55	-0.8781	-0.5104	-0.8247	0.5213	
5.56	-0.7509	0.1068	-0.9311	0.565	
5.57	-0.7764	0.8626	-0.8058	0.7385	
5.58	-0.8388	-0.7766	-0.3999	0.7958	
5.59	-0.7327	1.1499	0.1129	1.0142	
5.6	-0.6334	0.0471	0.5428	0.9928	
5.61	-0.4799	-0.1522	1.0419	0.929	
5.62	-0.3829	1.2399	1.1551	1.0176	
5.63	-0.2655	-0.71	1.0176	0.9235	
5.64	-0.1124	0.7448	0.5077	0.8224	
5.65	0.0503	0.3753	0.0152	0.7511	
5.66	0.2504	-0.5464	-0.5249	0.6301	
5.67	0.4019	1.2143	-1.0168	0.4684	
5.68	0.5692	-0.7102	-1.1492	0.268	
5.69	0.7247	0.0968	-1.3072	0.0956	
5.7	0.9585	0.4143	-0.995	-0.1009	
5.71	1.0628	-1.2132	-0.4877	-0.3217	
5.72	1.3919	0.6088	-0.0733	-0.4936	
5.73	1.4501	-0.8593	0.2789	-0.6215	
5.74	1.7716	-0.7681	0.4905	-0.9	
5.75	1.7854	0.2813	0.3855	-0.9	
5.76	2.1944	-1.7228	0.1193	-1.0181	
5.77	2.2507	-0.1541	-0.3395	-1.2168	
5.78	2.0549	-0.9192	-0.8258	-1.3066	
5.79	2.2049	-1.6237	-1.2007	-1.2613	
5.8	2.2765	-0.1301	-1.2969	-1.2806	
5.81	2.4133	-2.0031	-1.2005	-1.2333	
5.82	2.4507	-1.0116	-0.8264	-1.2069	
5.83	2.637	-1.055	-0.2254	-0.9927	
5.84	2.7648	-2.4436	0.3826	-0.9368	
5.85	2.3022	-0.62	0.8915	-0.8707	
5.86	2.5588	-1.9969	1.3836	-0.5804	
5.87	2.2709	-1.8211	1.4274	-0.478	
5.88	2.2622	-1.0418	1.234	-0.327	
5.89	2.1068	-2.6472	1.1292	-0.1269	
5.9	2.2493	-1.1086	0.7344	0.0166	
5.91	1.8295	-1.9034	0.3914	0.1572	
5.92	1.7301	-2.1346	0.2709	0.2671	
5.93	1.7231	-0.9648	0.4287	0.4	
5.94	1.5961	-2.8012	0.7724	0.4761	
5.95	1.3249	-1.2544	1.3867	0.5208	
5.96	1.344	-1.6489	1.8423	0.5077	
5.97	1.1279	-2.678	2.3407	0.4431	
5.98	1.0939	-0.7075	2.8631	0.452	
5.99	1.0192	-2.2523	2.6934	0.3451	
6.0	0.8313	-1.6231	2.2515	0.2092	
6.01	0.7244	-0.7696	2.121	0.0782	
6.02	0.6536	-2.5576	1.415	-0.0677	
6.03	0.5552	-0.4649	0.856	-0.2183	
6.04	0.4317	-1.6134	0.5495	-0.3935	
6.05	0.455	-1.5605	0.3339	-0.6148	
6.06	0.3851	-0.1104	0.4717	-0.7173	
6.07	0.3193	-1.7543	0.6482	-0.9218	
6.08	0.3417	-0.2126	1.0766	-1.0423	
6.09	0.3453	-0.5897	1.2978	-1.2428	
6.1	0.3826	-1.2816	1.2945	-1.2285	
6.11	0.3748	0.523	1.2489	-1.5336	
6.12	0.4163	-1.1421	0.8976	-1.4258	
6.13	0.4689	-0.1276	0.2433	-1.401	
6.14	0.4942	0.227	-0.4444	-1.4658	
6.15	0.5073	-1.1419	-1.1821	-1.2859	
6.16	0.6051	0.8736	-1.7587	-1.4087	
6.17	0.5899	-0.5206	-1.8916	-1.2943	
6.18	0.7061	-0.2231	-2.1476	-1.0511	
6.19	0.71	0.8161	-1.6807	-0.8212	
6.2	0.8588	-0.8794	-1.4847	-0.727	
6.21	0.8251	0.7028	-1.0849	-0.5557	
6.22	0.8434	-0.0181	-0.8285	-0.2812	
6.23	0.9631	-0.5046	-0.75	-0.1173	
6.24	0.9456	0.9284	-1.0155	0.0889	
6.25	0.8844	-0.8212	-1.5168	0.2683	
6.26	0.7979	0.3303	-1.7839	0.4845	
6.27	0.8115	0.2873	-2.4119	0.629	
6.28	0.7574	-0.9132	-2.5578	0.7551	
6.29	0.695	0.8387	-2.723	0.7876	
6.3	0.5579	-0.9483	-2.6698	0.9078	
6.31	0.5531	-0.4017	-1.8854	0.9154	
6.32	0.3757	0.2829	-1.4225	0.8302	
6.33	0.3049	-1.4869	-0.9142	0.8585	
6.34	0.1547	0.2026	-0.3755	0.822	
6.35	0.0165	-0.8703	-0.0546	0.6615	
6.36	-0.1319	-1.2506	-0.0105	0.6622	
6.37	-0.283	0.0048	-0.2082	0.4781	
6.38	-0.4605	-1.92	-0.5223	0.3946	
6.39	-0.635	-0.6091	-0.8514	0.2147	
6.4	-0.7889	-1.0414	-0.9734	0.0819	
6.41	-0.9276	-2.0291	-1.0369	-0.0542	
6.42	-1.0557	-0.3887	-0.8786	-0.1731	
6.43	-1.1208	-2.1696	-0.341	-0.3197	
6.44	-1.4295	-1.4325	0.275	-0.3512	
6.45	-1.3782	-1.0921	0.8424	-0.4402	
6.46	-1.7088	-2.7456	1.3521	-0.4526	
6.47	-1.729	-0.8332	1.643	-0.4364	
6.48	-1.7647	-2.3913	1.4585	-0.4132	
6.49	-1.6521	-2.0926	1.3227	-0.3884	
6.5	-1.7176	-1.1939	0.9102	-0.2805	
6.51	-1.7133	-2.9577	0.4144	-0.1756	
6.52	-1.772	-1.4102	-0.0179	-0.0156	
6.53	-1.7311	-2.0652	-0.227	0.1543	
6.54	-1.6403	-2.4915	-0.2011	0.372	
6.55	-1.6972	-1.0692	0.0488	0.542	
6.56	-1.3852	-2.9729	0.4515	0.7423	
6.57	-1.3772	-1.6512	0.8782	0.9877	
6.58	-1.1646	-1.3492	1.249	1.1642	
6.59	-1.1853	-2.906	1.3829	1.4429	
6.6	-0.9892	-0.7164	1.2889	1.792	
6.61	-0.8463	-2.4033	0.8473	1.6408	
6.62	-0.6213	-1.537	0.4026	1.9978	
6.63	-0.4342	-0.705	-0.1558	2.141	
6.64	-0.2893	-2.2968	-0.6195	1.9573	
6.65	-0.1145	-0.5437	-0.8808	2.2951	
6.66	0.0753	-1.2433	-0.8764	2.2425	
6.67	0.229	-1.5116	-0.6326	2.2607	
6.68	0.4519	-0.0315	-0.2854	2.3666	
6.69	0.5435	-1.9484	0.2475	2.0734	
6.7	0.7401	-0.3376	0.6672	1.998	
6.71	0.9169	-0.4324	0.9324	1.788	
6.72	0.9563	-1.4628	1.0648	1.6637	
6.73	0.9913	0.5161	0.8807	1.5846	
6.74	1.1698	-0.9849	0.4746	1.3198	
6.75	1.3534	-0.3002	0.0026	1.3256	
6.76	1.3966	0.3897	-0.386	1.1717	
6.77	1.318	-1.1129	-0.603	1.1122	
6.78	1.4083	0.7369	-0.4599	0.8554	
6.79	1.2687	-0.3832	-0.1376	0.838	
6.8	1.3602	-0.4129	0.3874	0.7438	
6.81	1.1912	0.8378	0.9094	0.6209	
6.82	1.1058	-0.998	1.4538	0.6681	
6.83	1.0785	0.5894	1.9402	0.7098	
6.84	1.0384	0.0751	2.1076	0.7167	
6.85	0.8738	-0.6733	1.7905	0.8087	
6.86	0.7725	0.8845	1.3754	0.9833	
6.87	0.5533	-0.8107	0.9848	1.1453	
6.88	0.4924	0.092	0.5287	1.3068	
6.89	0.3335	0.2701	0.2547	1.4327	
6.9	0.2041	-1.2907	0.1572	1.7123	
6.91	0.0532	0.5749	0.3374	1.7009	
6.92	-0.0871	-0.9399	0.622	1.7581	
6.93	-0.2002	-0.6176	1.0178	2.2533	
6.94	-0.3592	0.2015	1.511	2.2595	
6.95	-0.4271	-1.8268	1.7019	2.2963	
6.96	-0.5146	-0.0412	1.4996	2.5089	
6.97	-0.6803	-0.9155	1.3529	2.567	
6.98	-0.7619	-1.4702	0.7357	2.4956	
6.99	-0.8304	-0.1023	0.064	2.7981	
7.0	-0.8153	-2.1402	-0.6265	2.6929	
7.01	-0.8238	-0.978	-1.1038	2.8562	
7.02	-0.8356	-1.0587	-1.4037	2.3442	
7.03	-0.9604	-2.5117	-1.5476	2.5001	
7.04	-0.8455	-0.5857	-1.3543	2.4413	
7.05	-0.8837	-2.2886	-1.0365	2.1934	
7.06	-0.8047	-1.8746	-0.6584	1.9458	
7.07	-0.8287	-1.0657	-0.4199	1.6048	
7.08	-0.8034	-2.583	-0.4754	1.7032	
7.09	-0.7796	-1.0975	-0.7181	1.3694	
7.1	-0.6383	-1.9722	-1.2533	1.0277	
7.11	-0.6766	-2.5703	-1.7749	1.01	
7.12	-0.5636	-1.0117	-2.4844	0.7208	
7.13	-0.505	-2.6942	-2.8422	0.627	
7.14	-0.4724	-1.4135	-2.9064	0.4391	
7.15	-0.3705	-1.7356	-2.9568	0.3378	
7.16	-0.3849	-2.479	-2.5558	0.2608	
7.17	-0.3589	-0.8939	-1.9388	0.2037	
7.18	-0.3385	-2.8266	-1.2659	0.1701	
7.19	-0.3318	-1.7155	-0.8551	0.1642	
7.2	-0.2992	-1.1058	-0.6986	0.2198	
7.21	-0.3606	-2.6201	-0.6227	0.2623	
7.22	-0.3813	-0.7015	-0.7099	0.3816	
7.23	-0.4048	-1.8014	-1.0885	0.5032	
7.24	-0.4784	-1.7782	-1.4003	0.5872	
7.25	-0.5118	-0.4476	-1.6076	0.7323	
7.26	-0.6184	-2.0105	-1.5758	0.7951	
7.27	-0.7203	-0.4635	-1.186	1.0325	
7.28	-0.9584	-0.9119	-0.7989	1.0993	
7.29	-0.9835	-1.5051	-0.1149	1.1523	
7.3	-1.249	0.2289	0.6298	1.3057	
7.31	-1.2961	-1.5871	1.2735	1.3099	
7.32	-1.5185	-0.2738	1.6927	1.2912	
7.33	-1.5012	-0.0743	1.5963	1.3544	
7.34	-1.7778	-1.2249	1.6726	1.3194	
7.35	-2.0362	0.6563	1.1497	1.1317	
7.36	-2.2327	-0.7516	0.8107	1.2121	
7.37	-2.2848	-0.2654	0.5001	0.9565	
7.38	-2.3194	0.6627	0.3961	0.928	
7.39	-2.5205	-1.0803	0.4997	0.5981	
7.4	-2.7592	0.763	0.7743	0.4667	
7.41	-2.496	-0.0984	1.3081	0.2438	
7.42	-2.8538	-0.3867	1.9236	-0.0106	
7.43	-3.0291	1.1154	2.0303	-0.2419	
7.44	-2.6172	-0.8137	2.3475	-0.5061	
7.45	-2.9773	0.5449	2.4876	-0.7595	
7.46	-2.7351	0.343	2.0217	-0.8827	
7.47	-2.7599	-0.7433	1.4241	-1.1659	
7.48	-2.6353	1.041	0.863	-1.352	
7.49	-2.5377	-0.6805	0.249	-1.3948	
7.5	-2.606	-0.0163	-0.1354	-1.4559	
7.51	-2.538	0.4862	-0.2322	-1.7969	
7.52	-2.4312	-1.0639	-0.1133	-1.6488	
7.53	-2.4238	0.6089	0.2293	-1.6286	
7.54	-2.1541	-0.6453	0.625	-1.906	
7.55	-1.9273	-0.8872	0.9061	-1.814	
7.56	-1.6555	0.3476	1.2012	-1.7175	
7.57	-1.4161	-1.5178	1.0766	-1.6745	
7.58	-1.3747	-0.1306	0.76	-1.3008	
7.59	-1.2297	-0.8085	0.2611	-1.3552	
7.6	-0.9008	-1.5985	-0.3156	-1.1018	
7.61	-0.6657	-0.0378	-0.7489	-1.037	
7.62	-0.5045	-2.1114	-1.0098	-0.9911	
7.63	-0.335	-0.9709	-1.0598	-0.8343	
7.64	-0.199	-0.8746	-0.9417	-0.6378	
7.65	-0.0248	-2.3186	-0.535	-0.5737	
7.66	0.114	-0.5156	0.0213	-0.5092	
7.67	0.2672	-2.1424	0.5107	-0.5026	
7.68	0.3997	-1.6854	0.8728	-0.5118	
7.69	0.5148	-0.8555	1.0083	-0.5556	
7.7	0.6049	-2.719	0.9006	-0.582	
7.71	0.5518	-0.9736	0.4828	-0.6212	
7.72	0.5983	-2.0157	0.0735	-0.8149	
7.73	0.6595	-2.4887	-0.3148	-0.9781	
7.74	0.6423	-0.7943	-0.6461	-0.9966	
7.75	0.6958	-2.5895	-0.6383	-1.3663	
7.76	0.6391	-1.4594	-0.4259	-1.3748	
7.77	0.5461	-1.4889	0.0144	-1.6047	
7.78	0.4826	-2.721	0.5092	-1.9408	
7.79	0.3795	-0.5869	0.9995	-1.9595	
7.8	0.2978	-1.9984	1.4999	-2.3319	
7.81	0.202	-1.4571	1.3223	-2.4734	
7.82	0.0953	-0.7328	1.3154	-2.711	
7.83	-0.0215	-2.47	0.8554	-2.5809	
7.84	-0.1357	-0.4102	0.2612	-2.7312	
7.85	-0.2553	-1.5129	-0.3115	-2.9395	
7.86	-0.3941	-1.3438	-0.7492	-3.01	
7.87	-0.4856	-0.0196	-1.0042	-2.8171	
7.88	-0.5975	-1.7113	-0.9155	-2.8962	
7.89	-0.6527	-0.1926	-0.7419	-2.604	
7.9	-0.8455	-0.4972	-0.3246	-2.4862	
7.91	-0.9617	-1.2587	-0.0008	-2.3604	
7.92	-1.0004	0.6429	0.2157	-2.4771	
7.93	-0.9504	-1.0114	0.2105	-2.2979	
7.94	-1.1562	-0.0555	-0.0435	-2.0846	
7.95	-1.0031	0.4797	-0.5339	-1.8259	
7.96	-1.1862	-0.9288	-1.1739	-1.7118	
7.97	-1.1414	0.8834	-1.7562	-1.4966	
7.98	-1.0446	-0.2838	-2.1198	-1.207	
7.99	-0.9788	-0.0708	-2.7015	-1.0503	
8.0	-1.0192	1.0464	-2.4339	-0.8601	
8.01	-0.9534	-0.6295	-2.3697	-0.7567	
8.02	-0.8646	0.923	-1.9472	-0.7216	
8.03	-0.9543	0.3359	-1.228	-0.704	
8.04	-0.8765	-0.2671	-0.8883	-0.7495	
8.05	-0.7905	1.3136	-0.6222	-0.7691	
8.06	-0.7145	-0.4301	-0.7435	-0.6804	
8.07	-0.5981	0.6031	-0.8987	-0.8531	
8.08	-0.5567	0.7721	-1.3014	-0.9797	
8.09	-0.4189	-0.643	-1.8462	-0.9314	
8.1	-0.3604	1.118	-1.9154	-1.1166	
8.11	-0.3459	-0.3453	-1.9073	-1.3783	
8.12	-0.2511	0.0254	-1.7057	-1.5377	
8.13	-0.2204	0.7404	-1.2464	-1.5694	
8.14	-0.1964	-0.9167	-0.6736	-1.6734	
8.15	-0.1977	0.6817	0.0473	-1.6745	
8.16	-0.2273	-0.3463	0.7066	-1.8259	
8.17	-0.2456	-0.717	1.0737	-1.8791	
8.18	-0.2722	0.6235	1.3779	-2.088	
8.19	-0.2947	-1.4908	1.3145	-2.0238	
8.2	-0.348	-0.1	0.8821	-2.1839	
8.21	-0.4348	-0.4295	0.6171	-2.0071	
8.22	-0.5256	-1.5685	0.3684	-1.9888	
8.23	-0.6621	0.1582	0.3473	-1.8255	
8.24	-0.7714	-1.7825	0.5079	-1.8707	
8.25	-0.8633	-1.0449	0.9824	-1.744	
8.26	-0.9197	-0.5008	1.4883	-1.3318	
8.27	-1.0503	-2.0256	1.9969	-1.227	
8.28	-1.2119	-0.3425	2.3618	-0.9307	
8.29	-1.4629	-1.6014	3.0376	-0.6913	
8.3	-1.5374	-1.767	2.6904	-0.529	
8.31	-1.5807	-0.4564	2.6202	-0.3203	
8.32	-1.8817	-2.1573	1.9936	-0.0974	
8.33	-1.7916	-0.8818	1.7073	0.0982	
8.34	-2.0504	-1.4091	0.9656	0.3074	
8.35	-2.1997	-2.3408	0.6171	0.4322	
8.36	-2.1383	-0.4186	0.5103	0.6052	
8.37	-2.2969	-2.1118	0.6526	0.6111	
8.38	-2.0552	-1.1963	0.89	0.6719	
8.39	-2.2093	-0.7899	1.2543	0.7044	
8.4	-2.1696	-2.281	1.4892	0.718	
8.41	-2.2176	-0.2392	1.742	0.6392	
8.42	-2.0669	-1.7178	1.6462	0.5979	
8.43	-1.9698	-1.2549	1.2262	0.5057	
8.44	-2.1337	-0.183	0.6477	0.4063	
8.45	-2.0085	-1.7321	-0.0657	0.2872	
8.46	-1.7531	-0.0378	-0.6743	0.128	
8.47	-1.6693	-0.7113	-1.0358	-0.0085	
8.48	-1.4269	-1.1231	-1.3482	-0.161	
8.49	-1.3228	0.5775	-1.376	-0.2745	
8.5	-1.2382	-1.2029	-0.9274	-0.3559	
8.51	-1.025	0.1634	-0.542	-0.4543	
8.52	-0.8421	0.1794	-0.1185	-0.5864	
8.53	-0.5433	-0.8716	0.1303	-0.6264	
8.54	-0.3753	1.048	0.1861	-0.6221	
8.55	-0.1359	-0.4743	-0.0037	-0.6197	
8.56	0.0568	0.259	-0.3948	-0.6041	
8.57	0.2625	1.0465	-0.7972	-0.4833	
8.58	0.4611	-0.549	-1.2305	-0.4188	
8.59	0.5886	1.4581	-1.6614	-0.2553	
8.6	0.8699	0.2975	-1.5961	-0.1188	
8.61	0.9473	0.1967	-1.4188	0.0704	
8.62	1.0379	1.7609	-1.0031	0.2685	
8.63	1.1918	-0.211	-0.4414	0.4998	
8.64	1.4934	1.3048	0.1128	0.7044	
8.65	1.4695	0.9472	0.5117	0.881	
8.66	1.6633	0.0085	0.6828	1.0135	
8.67	1.5867	1.6485	0.6189	1.1288	
8.68	1.6786	-0.0132	0.3904	1.2533	
8.69	1.5188	0.849	-0.0773	1.5857	
8.7	1.4841	1.2264	-0.5129	1.4675	
8.71	1.6084	-0.3284	-0.801	1.8268	
8.72	1.6547	1.5882	-1.0772	1.711	
8.73	1.3942	0.0895	-0.9095	1.7578	
8.74	1.4133	0.1599	-0.4673	1.6867	
8.75	1.2254	1.1217	-0.0437	1.6768	
8.76	1.1373	-0.6804	0.4462	1.6791	
8.77	1.1182	0.8178	0.68	1.5382	
8.78	1.0544	0.0742	0.909	1.3798	
8.79	0.8265	-0.6216	0.6394	1.2416	
8.8	0.7898	0.9246	0.2585	1.0206	
8.81	0.6569	-1.1198	-0.2609	0.8439	
8.82	0.5948	0.0171	-0.8676	0.6058	
8.83	0.4522	0.0046	-1.393	0.4593	
8.84	0.3612	-1.3754	-1.501	0.2951	
8.85	0.2995	0.409	-1.7983	0.1281	
8.86	0.2316	-1.1196	-1.5182	-0.0069	
8.87	0.1852	-0.8779	-0.9352	-0.1086	
8.88	0.1311	-0.0569	-0.5607	-0.1943	
8.89	0.0963	-1.8263	-0.2498	-0.2295	
8.9	0.0735	-0.1196	-0.0922	-0.2355	
8.91	0.0637	-1.2428	-0.1763	-0.2365	
8.92	0.0664	-1.3932	-0.4869	-0.2029	
8.93	0.0991	-0.0653	-1.0328	-0.1155	
8.94	0.1173	-1.774	-1.3771	-0.0068	
8.95	0.1725	-0.5103	-1.8385	0.1294	
8.96	0.2358	-0.7291	-2.1831	0.244	
8.97	0.2608	-1.781	-1.8245	0.4036	
8.98	0.3918	0.0214	-1.4872	0.5312	
8.99	0.4487	-1.5281	-0.878	0.6869	
9.0	0.5265	-0.7953	-0.3206	0.8278	
9.01	0.6208	-0.2405	0.2665	1.0196	
9.02	0.654	-1.893	0.6858	1.19	
9.03	0.7627	0.1827	0.8069	1.3256	
9.04	0.8149	-0.887	0.7259	1.3045	
9.05	0.9395	-0.8298	0.457	1.5091	
9.06	0.874	0.4488	0.1266	1.3419	
9.07	0.9346	-1.3735	-0.1303	1.5968	
9.08	0.9799	0.3645	-0.1952	1.4504	
9.09	1.1056	-0.0409	-0.0078	1.3235	
9.1	1.1516	-0.6568	0.4433	1.3466	
9.11	1.0213	1.159	0.9909	1.0786	
9.12	1.0723	-0.5645	1.7972	0.9508	
9.13	0.9101	0.51	2.3823	0.7505	
9.14	0.8718	0.8324	2.8129	0.6624	
9.15	0.9056	-0.3524	2.8474	0.4255	
9.16	0.8088	1.6752	2.5632	0.2388	
9.17	0.6802	0.2527	2.1709	0.0226	
9.18	0.6642	0.6137	1.7102	-0.1695	
9.19	0.5031	1.6754	1.2163	-0.3204	
9.2	0.3506	-0.0291	1.0299	-0.4993	
9.21	0.2503	1.9245	0.8611	-0.6605	
9.22	0.1025	0.9362	1.0876	-0.7423	
9.23	-0.0282	0.5151	1.34	-0.8114	
9.24	-0.1719	2.0973	1.9381	-0.8359	
9.25	-0.293	0.2806	1.9932	-0.9254	
9.26	-0.4174	1.5365	2.3968	-0.8535	
9.27	-0.5661	1.4269	2.4025	-0.7801	
9.28	-0.6121	0.3343	1.6651	-0.7352	
9.29	-0.76	1.955	1.323	-0.58	
9.3	-0.8251	0.4592	0.4839	-0.4533	
9.31	-0.9314	1.1124	-0.1589	-0.3023	
9.32	-1.0476	1.8038	-0.7111	-0.1118	
9.33	-0.9825	-0.0182	-0.9954	0.0606	
9.34	-0.9938	1.7956	-1.0121	0.2171	
9.35	-0.9698	0.5385	-0.8553	0.3942	
9.36	-1.1344	0.2986	-0.5476	0.5645	
9.37	-0.9537	1.6074	-0.1729	0.6369	
9.38	-0.9695	-0.3775	-0.0143	0.851	
9.39	-0.8323	0.9818	-0.0577	0.8277	
9.4	-0.829	0.5766	-0.3069	1.0192	
9.41	-0.6269	-0.4545	-0.8502	1.0698	
9.42	-0.4669	1.1407	-1.3856	0.9587	
9.43	-0.3212	-0.663	-2.0333	0.9423	
9.44	-0.1738	0.1634	-2.298	0.8039	
9.45	0.0046	0.4248	-2.6641	0.7716	
9.46	0.2129	-1.0859	-2.4865	0.6013	
9.47	0.3667	0.7275	-1.8748	0.4751	
9.48	0.582	-0.7593	-1.4822	0.3532	
9.49	0.7662	-0.6695	-0.915	0.213	
9.5	1.0153	0.3938	-0.4567	0.0215	
9.51	1.1822	-1.3583	-0.1994	-0.164	
9.52	1.3881	0.1354	-0.2155	-0.3028	
9.53	1.6358	-0.5421	-0.4447	-0.5128	
9.54	1.8995	-1.2981	-0.8401	-0.6152	
9.55	1.85	0.3616	-1.314	-0.6834	
9.56	2.1424	-1.3337	-1.4706	-0.8536	
9.57	2.3116	-0.2987	-1.5716	-0.8282	
9.58	2.1704	-0.1808	-1.3059	-0.9798	
9.59	2.649	-1.4209	-0.8507	-0.8255	
9.6	2.7228	0.4782	-0.2881	-0.8542	
9.61	2.5318	-1.0667	0.3439	-0.8311	
9.62	2.4216	-0.4882	0.8635	-0.7094	
9.63	2.8553	0.381	0.9547	-0.6119	
9.64	2.3801	-1.2796	1.0636	-0.4284	
9.65	2.8246	0.6227	0.7327	-0.2234	
9.66	2.5435	-0.2967	0.323	-0.0422	
9.67	2.3523	-0.5052	-0.1743	0.1712	
9.68	2.2899	1.0845	-0.535	0.3785	
9.69	2.5126	-0.7619	-0.7832	0.5628	
9.7	2.3099	0.8088	-0.7858	0.7623	
9.71	2.203	0.6132	-0.5173	0.8464	
9.72	2.0575	-0.2313	-0.0589	1.0132	
9.73	1.8187	1.715	0.3637	1.2329	
9.74	1.633	0.0618	0.7312	1.2334	
9.75	1.7188	0.878	0.9324	1.4926	
9.76	1.4696	1.4348	0.7429	1.4036	
9.77	1.5024	0.082	0.5174	1.3598	
9.78	1.3479	1.964	-0.0469	1.496	
9.79	1.3107	0.9114	-0.5903	1.3181	
9.8	1.1193	0.964	-1.1575	1.3827	
9.81	0.9766	2.2747	-1.419	1.2893	
9.82	0.9984	0.4339	-1.3171	1.1616	
9.83	0.8081	2.0474	-1.0116	0.9696	
9.84	0.8396	1.487	-0.6162	0.7178	
9.85	0.8747	0.9277	-0.1433	0.5812	
9.86	0.7577	2.5019	0.3019	0.4144	
9.87	0.7379	0.6904	0.624	0.3294	
9.88	0.8061	1.7777	0.7284	0.1617	
9.89	0.8838	2.0752	0.451	0.0585	
9.9	0.8587	0.6212	0.1489	-0.028	
9.91	0.7994	2.6546	-0.2675	-0.1	
9.92	0.9902	0.9145	-0.5801	-0.1427	
9.93	1.0663	1.1323	-0.8031	-0.1233	
9.94	1.0414	1.9988	-0.5899	-0.1026	
9.95	1.1023	0.2614	-0.2984	-0.0446	
9.96	1.1796	2.0009	0.2901	0.0448	
9.97	1.3472	0.9525	0.8546	0.1572	
9.98	1.2286	0.4627	1.6375	0.2872	
9.99	1.4463	1.8558	1.7777	0.4917	
10.0	1.5179	-0.0666	2.1458	0.5941	
10.01	1.5811	1.1986	1.9057	0.8724	
10.02	1.5018	0.8613	1.78	1.0561	
10.03	1.5452	-0.3084	1.264	1.2452	
10.04	1.5962	1.5109	0.9128	1.4368	
10.05	1.5833	-0.2748	0.6897	1.5123	
10.06	1.4148	0.2231	0.6262	1.8614	
10.07	1.448	0.8515	0.8093	1.8415	
10.08	1.4175	-0.881	1.3433	2.0783	
10.09	1.4146	0.9029	1.7147	2.1366	
10.1	1.2129	-0.3301	2.4267	2.029	
10.11	1.0987	-0.5529	2.3131	2.1876	
10.12	0.9549	0.8047	2.5227	2.2732	
10.13	0.9113	-1.1129	2.0559	2.1436	
10.14	0.6944	0.2815	1.6773	1.8172	
10.15	0.6046	-0.1088	0.9498	1.9654	
10.16	0.478	-1.0586	0.3402	1.5507	
10.17	0.3078	0.7645	-0.1694	1.4313	
10.18	0.1361	-0.9182	-0.4538	1.2977	
10.19	-0.0327	-0.0738	-0.497	1.2529	
10.2	-0.1908	0.3138	-0.3716	0.9734	
10.21	-0.3329	-1.1376	-0.0627	0.8301	
10.22	-0.4318	0.7582	0.2203	0.6148	
10.23	-0.6231	-0.4423	0.3333	0.4588	
10.24	-0.7992	-0.2396	0.2512	0.3408	
10.25	-0.8221	0.9242	-0.0729	0.2291	
10.26	-0.9498	-0.8117	-0.6714	0.1076	
10.27	-0.9405	1.019	-1.3296	0.0582	
10.28	-1.0986	0.3641	-1.8969	0.0242	
10.29	-1.0299	-0.1469	-2.217	0.0254	
10.3	-1.0506	1.5221	-2.9338	0.0581	
10.31	-1.0665	-0.18	-2.4292	0.1234	
10.32	-0.9979	1.1391	-2.3848	0.2131	
10.33	-1.0194	1.1517	-1.7535	0.3513	
10.34	-0.9494	0.1047	-1.4827	0.4821	
10.35	-0.9622	2.1721	-1.1409	0.6245	
10.36	-0.7357	0.6592	-0.9557	0.7838	
10.37	-0.6402	1.2454	-0.9493	0.8572	
10.38	-0.5197	2.2669	-1.2416	0.9497	
10.39	-0.3652	0.4958	-1.4579	1.1005	
10.4	-0.2116	2.5645	-1.9513	1.3445	
10.41	-0.0463	1.4382	-2.0321	1.3937	
10.42	0.1348	1.09	-2.3607	1.5771	
10.43	0.3158	2.8106	-2.1546	1.4389	
10.44	0.4864	0.8349	-1.6187	1.654	
10.45	0.6867	2.1309	-0.9254	1.4834	
10.46	0.884	1.9812	-0.2194	1.4952	
10.47	1.0276	1.0762	0.3307	1.4573	
10.48	1.1711	2.9072	0.7852	1.3234	
10.49	1.4904	1.0399	0.7435	1.0685	
10.5	1.5045	1.7894	0.6625	0.9159	
10.51	1.5904	2.5525	0.3547	0.7533	
10.52	1.8222	0.7485	-0.0076	0.4837	
10.53	1.9098	2.544	-0.3073	0.2749	
10.54	2.027	1.2475	-0.4051	0.0642	
10.55	1.8897	1.1823	-0.2993	-0.1786	
10.56	2.0763	2.3345	0.0754	-0.3477	
10.57	1.9869	0.4914	0.648	-0.5499	
10.58	1.9856	2.1349	1.1668	-0.834	
10.59	1.8499	1.433	1.5163	-0.9463	
10.6	1.9081	0.4774	1.7172	-1.0875	
10.61	1.9778	2.0412	1.6693	-1.1972	
10.62	1.8359	0.1378	1.3751	-1.3747	
10.63	1.7225	1.0447	0.9842	-1.2793	
10.64	1.7661	1.1785	0.4948	-1.404	
10.65	1.4062	-0.2727	-0.0268	-1.3472	
10.66	1.5429	1.5418	-0.3396	-1.3618	
10.67	1.2353	-0.0417	-0.4558	-1.1399	
10.68	1.0893	0.2062	-0.2641	-1.1604	
10.69	1.0923	1.0492	0.1125	-1.0895	
10.7	0.9528	-0.7571	0.6045	-0.9589	
10.71	0.6968	0.8099	1.0175	-0.7832	
10.72	0.5812	-0.0135	1.0751	-0.7187	
10.73	0.4991	-0.5567	1.0013	-0.5597	
10.74	0.4154	1.0375	0.8234	-0.3833	
10.75	0.2757	-0.9531	0.3274	-0.317	
10.76	0.2025	0.3392	-0.194	-0.2636	
10.77	0.1139	0.2281	-0.692	-0.1778	
10.78	0.0401	-0.8498	-0.9461	-0.1782	
10.79	-0.0147	1.0263	-0.9136	-0.1597	
10.8	-0.0537	-0.6155	-0.7609	-0.2235	
10.81	-0.0856	0.0057	-0.3097	-0.2696	
10.82	-0.1005	0.7006	0.2769	-0.4246	
10.83	-0.108	-0.8228	0.8119	-0.4814	
10.84	-0.098	1.0442	1.2045	-0.6605	
10.85	-0.0788	-0.0421	1.4216	-0.8996	
10.86	-0.0453	-0.0987	1.2207	-1.0812	
10.87	-0.0033	1.2643	0.8867	-1.3771	
10.88	0.0398	-0.5113	0.5061	-1.6177	
10.89	0.0978	1.1355	0.0817	-1.7443	
10.9	0.1434	0.887	-0.1704	-1.7967	
10.91	0.1954	0.0386	-0.1713	-2.2505	
10.92	0.244	1.9614	0.0854	-2.3845	
10.93	0.3142	0.2257	0.525	-2.5521	
10.94	0.3193	1.3593	1.1471	-2.4031	
10.95	0.3584	1.8502	1.567	-2.9274	
10.96	0.417	0.3588	1.8637	-3.0314	
10.97	0.4297	2.3411	2.2147	-3.0016	
10.98	0.4019	1.0796	2.0292	-2.9504	
10.99	0.396	1.3193	1.5026	-2.7136	
11.0	0.4103	2.6103	1.0512	-2.8427	
11.01	0.3853	0.74	0.4287	-2.7029	
11.02	0.2893	2.3284	-0.035	-2.5133	
11.03	0.2526	1.9962	-0.2655	-2.3254	
11.04	0.1755	1.3745	-0.2477	-2.2776	
11.05	0.0733	2.7258	-0.0134	-2.0355	
11.06	-0.0442	1.1322	0.3138	-1.9117	
11.07	-0.1791	2.4549	0.6235	-1.8072	
11.08	-0.2905	2.5802	0.8445	-1.5892	
11.09	-0.4396	1.0391	0.794	-1.2665	
11.1	-0.5619	2.9558	0.5258	-1.3545	
11.11	-0.7979	1.3517	-0.0254	-1.1303	
11.12	-0.9986	1.8208	-0.7525	-1.1376	
11.13	-1.0932	2.6505	-1.4268	-1.0289	
11.14	-1.2896	0.8766	-1.7756	-0.9229	
11.15	-1.277	2.6914	-2.2736	-0.9849	
11.16	-1.5157	1.5258	-2.546	-0.9588	
11.17	-1.6672	1.1188	-2.3409	-1.1601	
11.18	-1.8209	2.4386	-1.7546	-1.2062	
11.19	-2.0637	0.5247	-1.4986	-1.2324	
11.2	-2.0168	1.6436	-1.0089	-1.4927	
11.21	-2.0995	1.4455	-0.8929	-1.6184	
11.22	-2.1456	0.3193	-1.0222	-1.8339	
11.23	-2.368	1.8506	-1.267	-2.01	
11.24	-2.3503	0.1921	-1.8911	-1.8125	
11.25	-2.4745	0.8428	-2.182	-2.0444	
11.26	-2.4705	1.4301	-2.6031	-2.2692	
11.27	-2.3227	-0.3393	-2.9028	-2.6009	
11.28	-2.3692	1.2699	-2.7454	-2.2809	
11.29	-2.465	0.0738	-2.2117	-2.4195	
11.3	-2.3053	0.0159	-1.5156	-2.3848	
11.31	-2.0663	1.1923	-0.805	-2.6788	
11.32	-1.741	-0.7293	-0.2993	-2.3364	
11.33	-1.7438	0.7088	0.1445	-2.6759	
11.34	-1.7336	0.1402	0.3079	-2.4206	
11.35	-1.3356	-0.5872	0.2267	-2.3176	
11.36	-1.2215	0.9585	-0.0337	-1.8609	
11.37	-1.124	-0.8238	-0.3293	-1.8818	
11.38	-0.8983	0.2544	-0.5629	-1.7688	
11.39	-0.7047	0.4673	-0.5665	-1.5665	
11.4	-0.5154	-0.8646	-0.3658	-1.1972	
11.41	-0.3547	0.9039	0.0613	-0.943	
11.42	-0.2058	-0.424	0.6388	-0.8344	
11.43	-0.0426	-0.0695	1.3883	-0.5427	
11.44	0.1139	0.9327	1.7756	-0.3617	
11.45	0.2498	-0.7676	2.2013	-0.1657	
11.46	0.3598	1.0627	2.3561	-0.0126	
11.47	0.4788	0.2534	2.3193	0.1103	
11.48	0.6063	-0.121	1.8568	0.2258	
11.49	0.6779	1.5496	1.324	0.2986	
11.5	0.7879	-0.2752	0.8388	0.2982	
11.51	0.7643	1.1809	0.5734	0.3095	
11.52	0.8483	1.1536	0.5328	0.2917	
11.53	0.8011	0.0809	0.645	0.2349	
11.54	0.8364	2.1561	0.9938	0.1532	
11.55	0.8096	0.5208	1.563	0.0478	
11.56	0.6819	1.1193	1.9539	-0.0715	
11.57	0.5727	1.9042	1.9251	-0.1966	
11.58	0.5227	0.4249	1.8779	-0.307	
11.59	0.4791	2.5029	1.555	-0.4073	
11.6	0.3246	1.3242	0.9523	-0.5883	
11.61	0.2246	1.2019	0.4195	-0.6723	
11.62	0.1078	2.5598	-0.1689	-0.7315	
11.63	-0.025	0.7606	-0.6179	-0.7057	
11.64	-0.144	2.6324	-0.7556	-0.7553	
11.65	-0.2579	1.8748	-0.6751	-0.8129	
11.66	-0.3688	1.2194	-0.3574	-0.8297	
11.67	-0.5101	2.7522	0.0594	-0.6684	
11.68	-0.5937	1.1542	0.5057	-0.6458	
11.69	-0.755	2.139	0.6661	-0.4539	
11.7	-0.8086	2.6437	0.7155	-0.3301	
11.71	-0.9267	0.9061	0.5329	-0.1185	
11.72	-0.8989	2.5745	0.1958	0.0861	
11.73	-1.1484	1.2882	-0.3048	0.321	
11.74	-1.0879	1.6721	-0.7437	0.5286	
11.75	-1.1328	2.4851	-1.0107	0.817	
11.76	-1.207	0.6529	-1.1288	1.0558	
11.77	-1.0551	2.2158	-0.8999	1.2338	
11.78	-1.0553	1.5374	-0.5575	1.273	
11.79	-1.0144	0.7833	0.035	1.709	
11.8	-1.1387	2.3086	0.627	1.7336	
11.81	-0.9993	0.3562	0.9909	1.8036	
11.82	-1.0317	1.387	1.2074	1.908	
11.83	-0.8363	1.5061	1.0409	2.1396	
11.84	-0.7926	0.0132	0.7447	2.2285	
11.85	-0.7341	1.6233	0.302	1.8898	
11.86	-0.7266	0.111	-0.1178	2.0655	
11.87	-0.6973	0.5369	-0.488	1.9807	
11.88	-0.5522	1.1684	-0.6418	1.7633	
11.89	-0.5205	-0.6059	-0.4999	1.8429	
11.9	-0.4613	1.0377	-0.179	1.6426	
11.91	-0.4585	0.0151	0.3065	1.4449	
11.92	-0.4475	-0.3236	0.761	1.4045	
11.93	-0.4107	1.0426	1.0415	1.2105	
11.94	-0.4249	-1.0107	1.0369	0.997	
11.95	-0.3762	0.41	0.9389	0.8556	
11.96	-0.4721	0.129	0.5209	0.7077	
11.97	-0.4555	-0.9905	-0.0952	0.6096	
11.98	-0.5225	0.8488	-0.7476	0.5457	
11.99	-0.6652	-0.8867	-1.2207	0.4614	
12.0	-0.7094	-0.0566	-1.5342	0.4402	
12.01	-0.7177	0.5041	-1.6942	0.4697	
12.02	-0.8956	-1.1653	-1.3418	0.5609	
12.03	-1.0951	0.8753	-1.1448	0.5571	
12.04	-1.2391	-0.3868	-0.7387	0.6585	
12.05	-1.2136	-0.332	-0.4382	0.8218	
12.06	-1.3289	0.968	-0.3141	1.0006	
12.07	-1.5272	-0.8155	-0.5224	1.1633	
12.08	-1.8318	0.8231	-0.8472	1.1704	
12.09	-2.0067	0.3226	-1.352	1.4079	
12.1	-2.1065	-0.2779	-1.8055	1.5134	
12.11	-2.25	1.5524	-2.584	1.697	
12.12	-2.4478	-0.2228	-2.7784	2.0376	
12.13	-2.3645	0.8595	-2.5557	2.1037	
12.14	-2.3148	1.1291	-2.0309	2.2502	
12.15	-2.8758	-0.0417	-1.7993	2.1254	
12.16	-2.8405	1.9794	-1.1294	2.6065	
12.17	-2.6075	0.6074	-0.5665	2.2137	
12.18	-2.6503	0.9301	-0.2519	2.6058	
12.19	-2.5917	2.1016	-0.1032	2.3815	
12.2	-3.0908	0.3702	-0.2328	2.419	
12.21	-2.6227	2.3273	-0.4879	2.2886	
12.22	-2.7361	1.2619	-0.7986	2.1002	
12.23	-2.5311	1.011	-1.1094	2.0373	
12.24	-2.7394	2.6511	-1.0805	1.8282	
12.25	-2.371	0.8025	-0.9606	1.4853	
12.26	-2.5928	2.0622	-0.4316	1.4442	
12.27	-2.366	2.1145	0.2452	1.1098	
12.28	-2.0033	0.8898	0.9271	0.9065	
12.29	-1.8917	2.8166	1.4973	0.7108	
12.3	-1.8932	0.9794	2.1281	0.5377	
12.31	-1.6593	1.6509	2.2527	0.4063	
12.32	-1.3561	2.1399	1.9705	0.2226	
12.33	-1.2251	0.6796	2.0327	0.1286	
12.34	-0.9134	2.2485	1.4702	0.0382	
12.35	-0.7413	1.2927	1.1195	-0.0165	
12.36	-0.5856	1.1644	0.8941	-0.0399	
12.37	-0.3477	2.2877	0.894	-0.0257	
12.38	-0.1763	0.3519	1.0848	0.0168	
12.39	0.0088	1.8669	1.6767	0.0869	
12.4	0.1842	1.211	1.854	0.1662	
12.41	0.3098	0.3346	2.687	0.291	
12.42	0.4416	1.8116	2.7524	0.3978	
12.43	0.6003	0.0719	2.4747	0.5848	
12.44	0.6082	0.8805	2.2189	0.7183	
12.45	0.761	1.1117	1.7514	0.7989	
12.46	0.8147	-0.4702	1.1311	1.0992	
12.47	0.7792	1.3734	0.565	1.0347	
12.48	0.9073	-0.1312	0.0859	1.3464	
12.49	0.811	-0.0448	-0.1891	1.3983	
12.5	0.8763	0.916	-0.1571	1.3055	
12.51	0.7626	-0.9086	0.0438	1.5011	
12.52	0.7571	0.5943	0.3893	1.2963	
12.53	0.6175	-0.1883	0.6421	1.4723	
12.54	0.6394	-0.806	0.882	1.4484	
12.55	0.4562	0.7099	0.7389	1.3344	
12.56	0.4206	-1.1985	0.5217	1.1448	
12.57	0.2708	-0.0313	-0.0051	1.0272	
12.58	0.1917	-0.024	-0.6074	0.6982	
12.59	0.0856	-1.2028	-1.1475	0.5505	
12.6	-0.0254	0.5942	-1.6794	0.3997	
12.61	-0.1426	-1.0035	-1.744	0.1816	
12.62	-0.2434	-0.5051	-1.7825	-0.0376	
12.63	-0.3394	0.3211	-1.4177	-0.238	
12.64	-0.4275	-1.2402	-0.8274	-0.447	
12.65	-0.5302	0.4491	-0.4172	-0.6485	
12.66	-0.5881	-0.4687	-0.0276	-0.81	
12.67	-0.5462	-0.6941	0.1607	-0.8888	
12.68	-0.6775	0.8093	0.0787	-0.9073	
12.69	-0.6894	-1.028	-0.2186	-1.0857	
12.7	-0.7047	0.542	-0.6458	-1.1527	
12.71	-0.5991	0.3509	-0.9965	-1.1336	
12.72	-0.6082	-0.5884	-1.234	-1.031	
12.73	-0.6465	1.3292	-1.5286	-0.8703	
12.74	-0.5759	-0.3341	-1.1529	-0.9182	
12.75	-0.5486	0.6207	-0.8675	-0.7625	
12.76	-0.4723	1.1599	-0.28	-0.5402	
12.77	-0.3769	-0.2968	0.2578	-0.3852	
12.78	-0.3102	1.6214	0.6797	-0.2427	
12.79	-0.2315	0.4742	0.9393	-0.0712	
12.8	-0.1435	0.6528	0.9398	0.1018	
12.81	-0.0718	1.9914	0.637	0.2549	
12.82	0.0123	0.1291	0.1323	0.4242	
12.83	0.0877	1.9698	-0.4139	0.5714	
12.84	0.1728	1.3909	-0.7806	0.5971	
12.85	0.207	0.5559	-1.0072	0.7376	
12.86	0.2747	2.1313	-0.9659	0.7152	
12.87	0.3438	0.5564	-0.827	0.8189	
12.88	0.3724	1.486	-0.3327	0.7858	
12.89	0.3685	1.7535	0.0749	0.7469	
12.9	0.3695	0.4781	0.3889	0.6842	
12.91	0.3813	2.1311	0.5863	0.5325	
12.92	0.2975	0.7671	0.4176	0.3879	
12.93	0.2573	1.1364	0.0469	0.2413	
12.94	0.2	2.2071	-0.472	0.0886	
12.95	0.1519	0.2537	-1.0936	-0.083	
12.96	0.0565	1.8322	-1.5591	-0.2686	
12.97	-0.05	1.0418	-2.0286	-0.455	
12.98	-0.1458	0.5008	-1.9485	-0.5708	
12.99	-0.2972	1.7516	-1.585	-0.7339	
13.0	-0.4321	-0.0514	-1.3246	-0.9058	
13.01	-0.5362	1.2292	-0.8035	-1.004	
13.02	-0.7445	0.8624	-0.3372	-1.0821	
13.03	-0.9001	-0.2815	-0.0483	-1.0802	
13.04	-0.8847	1.4852	-0.0038	-1.1684	
13.05	-1.0474	-0.3021	-0.2119	-1.0476	
13.06	-1.2164	0.2236	-0.5377	-1.055	
13.07	-1.2139	0.7619	-0.9982	-0.9737	
13.08	-1.5562	-0.956	-1.3971	-0.8411	
13.09	-1.5103	0.7287	-1.5629	-0.7278	
13.1	-1.6193	-0.5214	-1.2578	-0.5312	
13.11	-1.7533	-0.7266	-0.8565	-0.3749	
13.12	-1.8902	0.4687	-0.3387	-0.1465	
13.13	-1.7319	-1.4951	0.3831	0.0387	
13.14	-1.7291	0.017	1.0657	0.2385	
13.15	-1.6367	-0.4945	1.4866	0.4398	
13.16	-1.7628	-1.4459	1.6481	0.6107	
13.17	-1.8261	0.2972	1.6319	0.7577	
13.18	-1.7523	-1.45	1.4655	0.8804	
13.19	-1.6341	-0.5644	0.995	1.0537	
13.2	-1.5249	-0.2836	0.8354	1.1598	
13.21	-1.2877	-1.889	0.6085	1.0947	
13.22	-1.1871	0.1248	0.6736	1.1991	
13.23	-0.8801	-1.2649	0.9058	1.1899	
13.24	-0.8146	-1.0055	1.3719	1.0121	
13.25	-0.5771	0.0866	2.1536	1.0462	
13.26	-0.4037	-1.7099	2.34	0.9904	
13.27	-0.1859	0.0639	2.7603	0.8389	
13.28	0.0418	-0.6645	2.8056	0.5926	
13.29	0.2456	-1.1742	2.5663	0.5407	
13.3	0.4416	0.5123	2.091	0.3595	
13.31	0.7205	-1.2325	1.6712	0.1558	
13.32	0.801	0.0741	1.2263	-0.0048	
13.33	1.0868	0.1929	0.6538	-0.1586	
13.34	1.3258	-0.9557	0.3956	-0.2954	
13.35	1.367	1.0054	0.3971	-0.4074	
13.36	1.4602	-0.5122	0.606	-0.4756	
13.37	1.8342	0.1463	0.9246	-0.5222	
13.38	1.9214	1.0078	1.2705	-0.5718	
13.39	1.8975	-0.6501	1.3447	-0.6568	
13.4	1.8688	1.1673	1.1603	-0.5609	
13.41	2.1132	0.3654	0.938	-0.5689	
13.42	1.9751	0.1688	0.3134	-0.4539	
13.43	2.1663	1.7511	-0.3719	-0.322	
13.44	2.183	-0.1455	-1.1255	-0.1921	
13.45	1.9526	1.4178	-1.5265	-0.0232	
13.46	2.0134	1.1467	-1.7674	0.1332	
13.47	1.9096	0.1316	-1.7742	0.3387	
13.48	2.0509	2.0524	-1.6273	0.5349	
13.49	1.7567	0.2681	-1.3601	0.6725	
13.5	1.6282	1.159	-0.8581	0.781	
13.51	1.6853	1.4561	-0.628	1.068	
13.52	1.6868	-0.0021	-0.4977	1.1561	
13.53	1.4293	1.6919	-0.6835	1.1475	
13.54	1.4132	0.5405	-0.953	1.3982	
13.55	1.2041	0.5242	-1.5955	1.4197	
13.56	1.155	1.7065	-2.0263	1.3285	
13.57	1.0749	-0.2513	-2.3158	1.4452	
13.58	0.915	1.2204	-2.6192	1.3621	
13.59	0.8958	0.655	-2.0421	1.1288	
13.6	0.7356	-0.178	-1.6387	1.156	
13.61	0.7348	1.3249	-1.248	0.9257	
13.62	0.726	-0.4808	-0.5465	0.7812	
13.63	0.5998	0.4448	-0.0704	0.5871	
13.64	0.6235	0.5638	0.2685	0.3849	
13.65	0.5538	-0.9175	0.3225	0.1643	
13.66	0.5377	0.8539	0.1483	-0.0496	
13.67	0.6401	-0.8056	-0.1846	-0.2521	
13.68	0.6217	-0.4694	-0.5577	-0.3902	
13.69	0.6203	0.3026	-0.9106	-0.6043	
13.7	0.7051	-1.4409	-0.9663	-0.7337	
13.71	0.7824	0.1019	-0.9439	-0.8633	
13.72	0.8148	-0.8547	-0.5774	-0.9754	
13.73	0.9255	-1.2767	-0.0177	-0.9346	
13.74	0.97	0.0507	0.5264	-1.1102	
13.75	0.9836	-1.7469	1.0184	-1.0524	
13.76	1.215	-0.6421	1.2206	-1.0306	
13.77	1.3398	-0.8764	1.3014	-0.9662	
13.78	1.2811	-2.118	0.9301	-0.9044	
13.79	1.3176	-0.211	0.5063	-0.6468	
13.8	1.5624	-1.8259	-0.059	-0.5812	
13.81	1.478	-1.2449	-0.5206	-0.4148	
13.82	1.3605	-0.5779	-0.7948	-0.272	
13.83	1.436	-2.0756	-0.9702	-0.1381	
13.84	1.4615	-0.3519	-0.6499	-0.0145	
13.85	1.4369	-1.5706	-0.3519	0.1027	
13.86	1.5239	-1.5326	0.1117	0.236	
13.87	1.3188	-0.1902	0.5023	0.2929	
13.88	1.3619	-1.8919	0.7839	0.3393	
13.89	1.3001	-0.4176	0.7364	0.4287	
13.9	1.2297	-0.7135	0.4623	0.4253	
13.91	1.1474	-1.6038	-0.0213	0.3401	
13.92	1.0225	0.277	-0.4971	0.2765	
13.93	0.9486	-1.2968	-1.101	0.1979	
13.94	0.7181	-0.3988	-1.1736	0.0765	
13.95	0.6376	0.0417	-1.1733	-0.0874	
13.96	0.501	-1.406	-0.9807	-0.2634	
13.97	0.3015	0.7225	-0.5467	-0.4537	
13.98	0.1662	-0.667	0.0182	-0.6022	
13.99	0.0355	-0.3414	0.6269	-0.9432	
14.0	-0.114	0.7611	0.9681	-1.1002	
14.01	-0.2435	-0.9516	1.0688	-1.4383	
14.02	-0.3527	0.7904	1.0631	-1.5545	
14.03	-0.4791	0.1887	0.7377	-1.7462	
14.04	-0.61	-0.2855	0.3818	-1.9227	
14.05	-0.675	1.4522	0.0665	-2.1933	
14.06	-0.7854	-0.4083	-0.1048	-2.271	
14.07	-0.8112	0.7701	-0.0665	-2.3976	
14.08	-0.9503	0.9594	0.2534	-2.2635	
14.09	-0.8718	-0.2953	0.6798	-2.0453	
14.1	-0.8368	1.5374	1.3388	-2.1403	
14.11	-0.9685	-0.0216	1.8313	-2.3857	
14.12	-0.8833	0.5398	2.2269	-2.1298	
14.13	-0.7872	1.2926	2.3083	-2.1228	
14.14	-0.7192	-0.4632	2.39	-1.973	
14.15	-0.6087	1.3438	2.2039	-1.8061	
14.16	-0.4562	0.2273	1.4736	-1.536	
14.17	-0.3195	-0.0904	1.0796	-1.3982	
14.18	-0.157	1.3606	0.6349	-1.298	
14.19	-0.0085	-0.6272	0.4732	-1.215	
14.2	0.1687	0.6913	0.6166	-0.9852	
14.21	0.3789	0.2632	0.8968	-0.7984	
14.22	0.5373	-0.8811	1.2171	-0.6942	
14.23	0.7179	0.7966	1.6392	-0.6706	
14.24	0.9067	-0.9878	1.7105	-0.6756	
14.25	1.0805	-0.2507	1.7746	-0.6659	
14.26	1.1944	0.1495	1.5237	-0.6451	
14.27	1.4501	-1.4633	0.848	-0.6809	
14.28	1.6011	0.2326	0.1965	-0.845	
14.29	1.9812	-1.1254	-0.5674	-0.9031	
14.3	1.8155	-1.2335	-1.1211	-1.0073	
14.31	2.2049	-0.1019	-1.409	-1.0776	
14.32	2.1525	-1.9309	-1.6315	-1.291	
14.33	2.3914	-0.5693	-1.4173	-1.4964	
14.34	2.599	-1.1303	-1.2418	-1.8274	
14.35	2.3774	-2.1352	-0.8054	-1.9989	
14.36	2.5129	-0.3686	-0.6229	-2.233	
14.37	2.5435	-2.38	-0.557	-2.1559	
14.38	2.7254	-1.2851	-0.807	-2.4285	
14.39	2.5128	-1.1029	-1.0923	-2.4045	
14.4	2.2411	-2.3605	-1.568	-2.7312	
14.41	2.4852	-0.6129	-2.1515	-2.7966	
14.42	2.4007	-2.1176	-2.77	-2.6342	
14.43	2.1223	-1.6653	-2.781	-2.5772	
14.44	2.3039	-0.7711	-2.6006	-2.2894	
14.45	2.0004	-2.7731	-2.702	-2.2711	
14.46	1.9234	-0.8514	-1.7793	-2.3777	
14.47	1.9353	-1.4778	-1.3898	-2.2027	
14.48	1.5649	-1.974	-0.9051	-1.9929	
14.49	1.5706	-0.3972	-0.5053	-1.8553	
14.5	1.3133	-2.3379	-0.4324	-1.6478	
14.51	1.3219	-0.8473	-0.5495	-1.2962	
14.52	1.145	-0.8186	-0.8166	-1.0517	
14.53	1.0724	-1.9544	-1.1991	-1.0077	
14.54	1.0299	0.0048	-1.3362	-0.7928	
14.55	0.9199	-1.6683	-1.3851	-0.5882	
14.56	0.7975	-0.7893	-1.2169	-0.3969	
14.57	0.7424	-0.0546	-0.8772	-0.2669	
14.58	0.7028	-1.613	-0.199	-0.1424	
14.59	0.6137	0.3761	0.4225	-0.0442	
14.6	0.667	-0.7742	1.0617	0.0056	
14.61	0.6062	-0.6802	1.4335	0.0255	
14.62	0.6473	0.6765	1.485	0.0155	
14.63	0.6368	-1.1971	1.5347	-0.0237	
14.64	0.7462	0.5152	1.1576	-0.0908	
14.65	0.6663	0.1194	0.606	-0.1785	
14.66	0.7754	-0.7233	0.2088	-0.2897	
14.67	0.8739	1.0377	-0.0148	-0.387	
14.68	0.8789	-0.5781	-0.0209	-0.5371	
14.69	0.9488	0.3604	0.2275	-0.6099	
14.7	0.9316	0.7033	0.6583	-0.7725	
14.71	0.9589	-0.7096	1.1268	-0.9081	
14.72	1.1396	1.1055	1.5095	-0.9274	
14.73	1.2287	-0.2194	1.5926	-1.1184	
14.74	1.2942	-0.0175	1.8074	-1.0769	
14.75	1.2863	1.0789	1.5416	-1.1216	
14.76	1.1743	-0.906	0.9485	-1.0976	
14.77	1.2861	0.818	0.3394	-1.1597	
14.78	1.3541	-0.0155	-0.2046	-1.0538	
14.79	1.2406	-0.588	-0.543	-0.986	
14.8	1.1091	0.8869	-0.6573	-0.8327	
14.81	1.2656	-1.0542	-0.6199	-0.5987	
14.82	1.1196	0.0777	-0.2445	-0.4028	
14.83	0.9963	-0.0097	0.1867	-0.2084	
14.84	1.0019	-1.4688	0.6927	0.0205	
14.85	0.7789	0.3954	0.9357	0.2415	
14.86	0.7806	-1.2238	1.0053	0.5437	
14.87	0.6451	-0.9188	0.8959	0.7543	
14.88	0.4525	-0.1974	0.4777	0.9282	
14.89	0.2655	-2.0989	-0.0447	1.2102	
14.9	0.1309	-0.2894	-0.5083	1.3438	
14.91	-0.0279	-1.5313	-0.7495	1.5364	
14.92	-0.1805	-1.6369	-0.8738	1.5752	
14.93	-0.3608	-0.4245	-0.6222	1.651	
14.94	-0.5717	-2.6473	-0.1675	1.8029	
14.95	-0.661	-0.9754	0.4463	1.9062	
14.96	-0.8702	-1.4181	0.9057	1.8935	
14.97	-0.9678	-2.3143	1.4286	2.0221	
14.98	-1.0778	-0.765	1.6167	1.9679	
14.99	-1.2159	-2.5862	1.4984	1.7949	
15.0	-1.2547	-1.8455	1.414	1.6476	
15.01	-1.4862	-1.4053	0.8231	1.4569	
15.02	-1.5762	-2.873	0.4038	1.511	
15.03	-1.7119	-0.9514	0.1058	1.334	
15.04	-1.5734	-2.3884	-0.0157	1.1968	
15.05	-1.603	-2.3123	0.1228	1.0352	
15.06	-1.6916	-0.8958	0.4663	0.9371	
15.07	-1.5238	-2.5375	0.8442	0.7614	
15.08	-1.5285	-1.0023	1.4042	0.7591	
15.09	-1.5387	-1.5262	1.7147	0.628	
15.1	-1.4795	-2.3033	1.8381	0.583	
15.11	-1.3213	-0.5196	1.4999	0.6301	
15.12	-1.0667	-2.4202	1.2119	0.7053	
15.13	-0.9753	-1.1637	0.5802	0.7108	
15.14	-0.8538	-0.7901	-0.0803	0.7858	
15.15	-0.6776	-1.9916	-0.6719	0.8533	
15.16	-0.4749	-0.1436	-1.057	1.1038	
15.17	-0.3525	-1.6514	-1.1496	1.2291	
15.18	-0.1732	-1.0846	-0.8843	1.5671	
15.19	0.0197	-0.0482	-0.6198	1.5022	
15.2	0.1898	-1.6329	-0.311	1.8179	
15.21	0.3801	0.1516	-0.0728	1.9835	
15.22	0.5199	-0.6418	-0.0535	2.3586	
15.23	0.6622	-1.0596	-0.2625	2.1846	
15.24	0.8442	0.5871	-0.6937	2.7201	
15.25	0.9346	-1.0761	-1.219	2.8924	
15.26	1.0696	0.2298	-1.9359	2.7898	
15.27	1.1245	0.1407	-2.4062	2.9085	
15.28	1.2163	-0.8274	-2.8487	2.9013	
15.29	1.3535	0.8792	-3.0942	2.8949	
15.3	1.2751	-0.6606	-2.3442	2.9204	
15.31	1.3723	0.0426	-2.1883	3.0292	
15.32	1.3062	0.6505	-1.6363	2.7355	
15.33	1.4236	-1.0396	-1.2976	2.4662	
15.34	1.4184	0.804	-0.8017	2.584	
15.35	1.4576	-0.2742	-0.7734	2.5061	
15.36	1.2883	-0.4073	-1.053	2.2342	
15.37	1.1271	0.8149	-1.3974	2.0123	
15.38	1.0186	-1.122	-1.7802	1.8961	
15.39	0.9235	0.4303	-1.9608	1.5334	
15.4	0.9226	-0.122	-2.0638	1.3778	
15.41	0.7536	-1.0445	-2.0487	1.2956	
15.42	0.5679	0.6548	-1.5168	0.9993	
15.43	0.511	-1.137	-0.8066	0.9632	
15.44	0.3915	-0.3669	-0.0508	0.8231	
15.45	0.2319	-0.1494	0.6488	0.6876	
15.46	0.1135	-1.562	1.1882	0.6798	
15.47	-0.0002	0.0659	1.3328	0.5959	
15.48	-0.1013	-1.3343	1.2006	0.6575	
15.49	-0.195	-1.3069	1.0537	0.7251	
15.5	-0.3066	-0.368	0.7005	0.7311	
15.51	-0.3526	-2.3337	0.3811	0.8075	
15.52	-0.4355	-0.7169	0.2348	1.0536	
15.53	-0.5026	-1.646	0.3493	1.212	
15.54	-0.5435	-2.1102	0.5928	1.237	
15.55	-0.5212	-0.6186	1.0597	1.4932	
15.56	-0.5795	-2.3465	1.6755	1.4408	
15.57	-0.552	-1.4643	2.2746	1.5087	
15.58	-0.5363	-1.6373	2.3736	1.7977	
15.59	-0.5847	-2.707	2.3651	1.8351	
15.6	-0.5145	-0.9182	2.4611	1.9655	
15.61	-0.4695	-2.4005	1.881	2.041	
15.62	-0.4554	-2.1256	1.2876	1.9184	
15.63	-0.3466	-1.1965	0.7062	1.9856	
15.64	-0.3094	-2.9216	0.3238	1.7941	
15.65	-0.2563	-1.0945	0.1577	1.8953	
15.66	-0.197	-2.4009	0.212	1.6248	
15.67	-0.127	-2.3749	0.4965	1.6303	
15.68	-0.0963	-0.9048	0.8239	1.5072	
15.69	-0.0478	-2.9903	1.2482	1.2947	
15.7	-0.0124	-1.1483	1.36	1.1427	
15.71	0.0097	-1.445	1.4274	0.7573	
15.72	0.02	-2.4974	1.1558	0.5934	
15.73	0.0189	-0.5745	0.5857	0.3462	
15.74	0.003	-2.076	0.0109	0.1225	
15.75	-0.0283	-1.1429	-0.5645	-0.0822	
15.76	-0.0758	-0.7006	-1.0918	-0.2934	
15.77	-0.1434	-2.0237	-1.1865	-0.4433	
15.78	-0.2302	-0.1451	-1.1271	-0.545	
15.79	-0.286	-1.2769	-0.8569	-0.6739	
15.8	-0.3909	-1.2015	-0.3397	-0.7841	
15.81	-0.5787	0.1014	0.1797	-0.8354	
15.82	-0.6051	-1.595	0.5871	-0.9031	
15.83	-0.8855	0.098	0.6791	-0.9296	
15.84	-0.8928	-0.4046	0.6718	-0.8415	
15.85	-1.0336	-1.0209	0.3178	-0.7498	
15.86	-1.2472	0.6366	-0.1213	-0.6801	
15.87	-1.5866	-1.0742	-0.5283	-0.5572	
15.88	-1.5033	0.1115	-0.8702	-0.3991	
15.89	-1.8966	0.3204	-1.0605	-0.2425	
15.9	-1.7597	-0.9643	-0.8871	-0.1322	
15.91	-2.1724	0.8667	-0.4525	0.0119	
15.92	-2.4199	-0.5292	0.0804	0.1498	
15.93	-2.37	-0.1322	0.6545	0.2753	
15.94	-2.3749	0.7123	1.1046	0.3189	
15.95	-2.5186	-1.0587	1.2567	0.3791	
15.96	-2.4161	0.8072	1.2212	0.4552	
15.97	-2.736	-0.1812	0.9175	0.5107	
15.98	-2.7943	-0.6243	0.4399	0.4743	
15.99	-2.8537	0.8116	-0.1	0.4285	
16.0	-2.8011	-1.0053	-0.5486	0.3168	
16.01	-2.8599	0.1824	-0.7123	0.2307	
16.02	-2.7408	-0.0663	-0.8403	0.0778	
16.03	-2.4829	-1.3364	-0.6008	-0.0797	
16.04	-2.6635	0.4667	-0.1777	-0.2649	
16.05	-2.3691	-1.3629	0.1912	-0.4863	
16.06	-2.355	-0.6819	0.5536	-0.5973	
16.07	-2.3833	-0.1442	0.6313	-0.8869	
16.08	-2.0044	-1.9526	0.4562	-0.9618	
16.09	-2.0688	-0.1228	0.0343	-1.3135	
16.1	-1.7271	-1.5332	-0.5168	-1.3279	
16.11	-1.4262	-1.6795	-1.1806	-1.6033	
16.12	-1.4711	-0.3722	-1.6823	-1.5619	
16.13	-1.1875	-2.5073	-2.0725	-1.7405	
16.14	-0.9752	-0.8032	-2.0093	-1.7856	
16.15	-0.7476	-1.5818	-2.1432	-1.8636	
16.16	-0.5947	-2.1712	-1.653	-1.9615	
16.17	-0.4406	-0.716	-1.306	-1.8992	
16.18	-0.2985	-2.3822	-0.8935	-1.8465	
16.19	-0.1456	-1.6527	-0.6112	-1.7209	
16.2	0.0097	-1.2401	-0.6496	-1.6464	
16.21	0.1297	-2.8638	-0.8063	-1.534	
16.22	0.2404	-0.8959	-1.2994	-1.2833	
16.23	0.3188	-2.4878	-1.7238	-1.1551	
16.24	0.4129	-2.048	-2.234	-0.97	
16.25	0.4669	-1.0785	-2.4199	-0.6469	
16.26	0.5064	-2.8148	-2.4008	-0.5396	
16.27	0.5198	-1.2357	-1.8068	-0.3508	
16.28	0.5002	-1.8424	-1.1716	-0.2151	
16.29	0.5061	-2.3805	-0.5836	-0.0944	
16.3	0.4253	-0.8058	0.0928	0.0068	
16.31	0.393	-2.5602	0.5344	0.085	
16.32	0.3159	-1.3162	0.8655	0.1159	
16.33	0.2579	-1.1211	0.8214	0.123	
16.34	0.166	-2.5098	0.604	0.1251	
16.35	0.0723	-0.3785	0.3311	0.0592	
16.36	-0.0276	-1.8104	0.0452	-0.0154	
16.37	-0.1475	-1.2874	-0.0575	-0.13	
16.38	-0.2349	-0.3245	0.0705	-0.2538	
16.39	-0.3704	-2.019	0.4592	-0.3628	
16.4	-0.5137	-0.0012	1.0989	-0.5724	
16.41	-0.5591	-0.8787	1.7694	-0.6764	
16.42	-0.7058	-1.1307	2.4682	-0.961	
16.43	-0.7182	0.4609	2.4519	-1.0728	
16.44	-0.8103	-1.4224	2.8683	-1.2294	
16.45	-0.8812	0.181	2.4816	-1.4017	
16.46	-0.9443	-0.0524	2.3999	-1.5202	
16.47	-1.0536	-0.8885	1.9885	-1.5439	
16.48	-1.1393	0.9659	1.4018	-1.5482	
16.49	-1.1673	-0.6778	0.9141	-1.5361	
16.5	-1.1665	0.1474	0.8236	-1.6558	
16.51	-1.0991	0.6765	0.8722	-1.6491	
16.52	-1.0997	-0.8119	1.2033	-1.3576	
16.53	-0.9483	1.0738	1.6603	-1.4297	
16.54	-1.007	-0.2636	1.904	-1.1734	
16.55	-0.976	-0.1382	2.0598	-1.0932	
16.56	-0.8853	1.0436	1.9755	-0.7728	
16.57	-0.7668	-0.83	1.796	-0.6205	
16.58	-0.7666	0.7739	1.1553	-0.4882	
16.59	-0.6512	0.082	0.5088	-0.2383	
16.6	-0.6084	-0.6589	-0.1372	-0.0541	
16.61	-0.5522	1.0172	-0.698	0.1234	
16.62	-0.4456	-0.9196	-1.0714	0.298	
16.63	-0.3571	0.1035	-1.0048	0.4956	
16.64	-0.2866	0.1692	-0.9284	0.5989	
16.65	-0.269	-1.3009	-0.5635	0.6377	
16.66	-0.2473	0.4969	-0.1404	0.6974	
16.67	-0.216	-1.0422	0.1178	0.7937	
16.68	-0.1755	-0.7627	0.2083	0.757	
16.69	-0.189	0.0296	0.0184	0.8089	
16.7	-0.2045	-1.7369	-0.342	0.7432	
16.71	-0.2551	-0.1567	-0.8717	0.6038	
16.72	-0.2751	-1.1141	-1.5077	0.5438	
16.73	-0.361	-1.6375	-1.6462	0.3849	
16.74	-0.4261	-0.2464	-2.1725	0.2232	
16.75	-0.5439	-2.0111	-1.993	0.0433	
16.76	-0.5931	-0.9725	-1.4523	-0.1332	
16.77	-0.7603	-1.1921	-0.9587	-0.2776	
16.78	-0.9006	-2.183	-0.4395	-0.4328	
16.79	-1.0769	-0.5292	0.0677	-0.5965	
16.8	-1.1144	-2.2885	0.3743	-0.6837	
16.81	-1.3632	-1.7225	0.3543	-0.8649	
16.82	-1.3029	-0.9502	0.1584	-0.8508	
16.83	-1.4992	-2.8865	-0.2519	-0.9598	
16.84	-1.747	-0.8753	-0.6101	-0.9108	
16.85	-2.0395	-2.2175	-0.9528	-0.9595	
16.86	-2.0527	-1.8805	-1.0828	-0.8694	
16.87	-2.0479	-0.7076	-1.0397	-0.933	
16.88	-2.3602	-2.4985	-0.7154	-0.7278	
16.89	-2.3834	-0.9198	-0.2423	-0.6682	
16.9	-2.2889	-1.3171	0.2742	-0.4959	
16.91	-2.4188	-1.9931	0.709	-0.3734	
16.92	-2.3393	-0.4108	0.8875	-0.1896	
16.93	-2.3602	-2.004	0.863	-0.0045	
16.94	-2.5674	-1.1154	0.6073	0.1599	
16.95	-2.7448	-0.6018	0.1403	0.3293	
16.96	-2.6086	-1.8352	-0.443	0.4897	
16.97	-2.4695	-0.0166	-0.8898	0.6536	
16.98	-2.5141	-1.4333	-1.1711	0.7783	
16.99	-2.1988	-0.9957	-1.3922	0.7615	
17.0	-2.1051	0.182	-1.0894	0.8952	
17.01	-1.8728	-1.4284	-0.7486	1.0042	
17.02	-1.8783	0.2761	-0.3582	0.9321	
17.03	-1.6758	-0.385	0.0243	0.9257	
17.04	-1.5118	-0.7384	0.2142	0.8276	
17.05	-1.2749	0.8649	0.1841	0.6669	
17.06	-1.0813	-0.9173	-0.116	0.5541	
17.07	-0.8353	0.422	-0.5519	0.3776	
17.08	-0.6865	0.4866	-1.2095	0.2322	
17.09	-0.522	-0.6272	-1.511	0.0222	
17.1	-0.2827	1.2068	-2.0361	-0.1608	
17.11	-0.0785	-0.2654	-2.1009	-0.3884	
17.12	0.1022	0.3287	-1.762	-0.5735	
17.13	0.3128	1.1649	-1.1074	-0.8236	
17.14	0.4477	-0.5973	-0.5825	-0.8512	
17.15	0.584	1.3185	-0.0851	-1.0579	
17.16	0.8172	0.2045	0.3185	-1.2908	
17.17	0.8222	-0.0077	0.5555	-1.4294	
17.18	0.898	1.2754	0.4501	-1.2848	
17.19	0.9881	-0.5812	0.1881	-1.5501	
17.2	1.0343	0.8405	-0.1697	-1.4762	
17.21	1.0855	0.451	-0.489	-1.5196	
17.22	1.2759	-0.4767	-0.5555	-1.2666	
17.23	1.3455	1.0967	-0.5633	-1.2522	
17.24	1.2836	-0.6331	-0.1545	-1.1057	
17.25	1.1012	0.1489	0.3746	-1.063	
17.26	1.0539	0.5078	1.0185	-0.8333	
17.27	1.0749	-1.2038	1.6148	-0.6233	
17.28	1.0849	0.7313	2.1457	-0.5439	
17.29	0.9768	-0.7369	2.4696	-0.3544	
17.3	0.8837	-0.6627	2.4586	-0.246	
17.31	0.7494	0.3451	2.3609	-0.0967	
17.32	0.7061	-1.7648	1.6045	0.0178	
17.33	0.6106	-0.0732	1.2872	0.1095	
17.34	0.5381	-0.8452	1.0084	0.178	
17.35	0.4412	-1.6951	0.9771	0.2028	
17.36	0.3312	0.0146	0.9744	0.2017	
